,Destination,Destination_Code,Origin,Origin_Code,1990,1995,2000,2005,2010,2015,2020,1990.1,1995.1,2000.1,2005.1,2010.1,2015.1,2020.1,1990.2,1995.2,2000.2,2005.2,2010.2,2015.2,2020.2
0,EUROPE,908,SubSaharanAfrica,947,1716687,2029777,2387564,3133783,3770159,4262297,5130000,911167,1059023,1229332,1611289,1939374,2125638,2637290,805520,970754,1158232,1522494,1830785,2136659,2492710
1,EUROPE,908,NorthernAfricaandWesternAsia,1833,8299646,8776633,9095782,9986206,10612198,11498132,13875822,4517822,4823252,5083735,5521755,5897513,6277193,7570945,3781824,3953381,4012047,4464451,4714685,5220939,6304877
2,EUROPE,908,CentralandSouthernAsia,921,6590622,7291254,7869128,8874601,9751847,10402360,11542097,3307318,3649289,3931220,4516817,5039929,5368105,5947948,3283304,3641965,3937908,4357784,4711918,5034255,5594149
3,EUROPE,908,EasternandSouthEasternAsia,1832,1529595,1749597,1986278,2451843,2901481,3171374,3680331,689552,780957,877375,1063811,1243535,1309798,1504986,840043,968640,1108903,1388032,1657946,1861576,2175345
4,EUROPE,908,LatinAmericaandtheCaribbean,1830,1104536,1340812,1699981,3453004,4581301,4487571,5395924,479444,568545,713263,1511392,1982282,1869111,2242356,625092,772267,986718,1941612,2599019,2618460,3153568
5,EUROPE,908,OceaniaexcludingAustraliaandNewZealand,1835,4290,6464,9236,10595,11312,13644,14313,2518,3362,4528,5241,5540,6471,6849,1772,3102,4708,5354,5772,7173,7464
6,EUROPE,908,AustraliaandNewZealand,927,187115,216505,250612,274148,311830,334598,382723,87643,101176,116612,130335,156838,165472,189857,99472,115329,134000,143813,154992,169126,192866
7,EUROPE,908,EuropeandNorthernAmerica,1829,29136831,30731851,32326906,34240566,37605309,39390649,45346729,13651009,14329776,14983302,15873185,17310812,18142379,21259042,15485822,16402075,17343604,18367381,20294497,21248270,24087687
8,EUROPE,908,Developedregions,901,29428587,31061370,32700393,34638449,38048407,39867195,45897927,13784751,14478452,15149479,16050774,17516099,18358028,21508409,15643836,16582918,17550914,18587675,20532308,21509167,24389518
9,EUROPE,908,Lessdevelopedregions,902,19140735,21081523,22925094,27786297,31497030,33693430,39470012,9861722,10836928,11789888,14183051,16059724,16906139,19850864,9279013,10244595,11135206,13603246,15437306,16787291,19619148
10,EUROPE,908,Lessdevelopedregions,902,934,17772590,19481893,21064593,25340525,28616564,30222775,35063075,9109551,9965872,10784636,12853140,14488679,15046441,17431315,8663039,9516021,10279957,12487385,14127885,15176334
11,EUROPE,908,Lessdevelopedregions,902,948,18801878,20627435,22353010,26968003,30449986,32526319,38100932,9690292,10608512,11503278,13780606,15554543,16369024,19220374,9111586,10018923,10849732,13187397,14895443,16157295
12,EUROPE,908,Leastdevelopedcountries,941,1368145,1599630,1860501,2445772,2880466,3470655,4406937,752171,871056,1005252,1329911,1571045,1859698,2419549,615974,728574,855249,1115861,1309421,1610957,1987388
13,EUROPE,908,LandlockedDevelopingCountriesLLDC,1636,8064618,8564855,8851588,9608464,10401484,10827606,11977744,3932115,4252167,4467578,4833420,5195336,5391653,5975508,4132503,4312688,4384010,4775044,5206148,5435953,6002236
14,EUROPE,908,SmallislanddevelopingStatesSIDS,1637,771979,847867,963811,1178793,1343040,1472855,1651010,358552,383654,425249,515395,574357,615643,693215,413427,464213,538562,663398,768683,857212,957795
15,EUROPE,908,Highincomecountries,1503,14121836,15184197,16672459,19126353,22669082,24227497,28629152,6756195,7234916,7887980,9103260,10722788,11471481,13839259,7365641,7949281,8784479,10023093,11946294,12756016,14789893
16,EUROPE,908,Middleincomecountries,1517,33197699,35549368,37383312,41249398,44487704,46096682,51983186,16234008,17321397,18189498,20011928,21561399,22031222,24851140,16963691,18227971,19193814,21237470,22926305,24065460,27132046
17,EUROPE,908,Uppermiddleincomecountries,1502,20935850,22461500,23474747,24892830,26403877,26735133,30361486,9937454,10643216,11121797,11711535,12323894,12320976,14003828,10998396,11818284,12352950,13181295,14079983,14414157,16357658
18,EUROPE,908,Lowermiddleincomecountries,1501,12261849,13087868,13908565,16356568,18083827,19361549,21621700,6296554,6678181,7067701,8300393,9237505,9710246,10847312,5965295,6409687,6840864,8056175,8846322,9651303,10774388
19,EUROPE,908,Lowincomecountries,1500,1246003,1400090,1554885,2036165,2375394,3219234,4736532,653865,754764,855646,1113140,1285828,1754080,2660815,592138,645326,699239,923025,1089566,1465154,2075717
20,EUROPE,908,AFRICA,903,4682594,5179831,5797189,7620545,8748280,9536606,11024274,2639640,2864774,3159752,4102727,4765683,5017295,5847594,2042954,2315057,2637437,3517818,3982597,4519311,5176680
21,EUROPE,908,EasternAfrica,910,618535,710634,816479,1039158,1268637,1545069,1853035,303645,342849,388592,488109,585884,701890,859314,314890,367785,427887,551049,682753,843179,993721
22,EUROPE,908,MiddleAfrica,911,397414,451295,516229,647780,705957,785758,900913,200598,226782,257033,313562,334804,360382,417943,196816,224513,259196,334218,371153,425376,482970
23,EUROPE,908,NorthernAfrica,912,2965907,3150054,3409625,4486762,4978121,5274309,5894274,1728473,1805751,1930420,2491438,2826309,2891657,3210304,1237434,1344303,1479205,1995324,2151812,2382652,2683970
24,EUROPE,908,SouthernAfrica,913,105654,150987,200623,242458,317737,308386,372799,49333,70938,94549,115356,157326,142756,183775,56321,80049,106074,127102,160411,165630,189024
25,EUROPE,908,WesternAfrica,914,595084,716861,854233,1204387,1477828,1623084,2003253,357591,418454,489158,694262,861360,920610,1176258,237493,298407,365075,510125,616468,702474,826995
26,EUROPE,908,ASIA,935,13453956,14667430,15541563,16825888,18287405,19797557,23203976,6786219,7447747,7961910,8610945,9354668,10063439,11813575,6667737,7219683,7579653,8214943,8932737,9734118,11390401
27,EUROPE,908,CentralAsia,5500,5085034,5537750,5847995,6256026,6543542,6667066,7032154,2461103,2678846,2826908,3047151,3207758,3251477,3393946,2623931,2858904,3021087,3208875,3335784,3415589,3638208
28,EUROPE,908,EasternAsia,906,553148,691007,832832,1095493,1346097,1488382,1749293,266405,329793,394987,515131,625407,662464,779540,286743,361214,437845,580362,720690,825918,969753
29,EUROPE,908,SouthEasternAsia,920,976447,1058590,1153446,1356350,1555384,1682992,1931038,423147,451164,482388,548680,618128,647334,725446,553300,607426,671058,807670,937256,1035658,1205592
30,EUROPE,908,SouthernAsia,5501,1505588,1753504,2021133,2618575,3208305,3735294,4509943,846215,970443,1104312,1469666,1832171,2116628,2554002,659373,783061,916821,1148909,1376134,1618666,1955941
31,EUROPE,908,WesternAsia,922,5333739,5626579,5686157,5499444,5634077,6223823,7981548,2789349,3017501,3153315,3030317,3071204,3385536,4360641,2544390,2609078,2532842,2469127,2562873,2838287,3620907
32,EUROPE,908,EUROPE,908,28367362,29988843,31590963,33415975,36683624,38418244,44246425,13280363,13971604,14628297,15475158,16879784,17680150,20736008,15086999,16017239,16962666,17940817,19803840,20738094,23510417
33,EUROPE,908,EasternEurope,923,16039774,15964884,16098760,17871182,19806219,20903246,23888697,7275726,7137524,7072625,7890440,8764451,9208793,10688958,8764048,8827360,9026135,9980742,11041768,11694453,13199739
34,EUROPE,908,NorthernEurope,924,2520915,2548518,2692350,3053276,3379650,3577359,3974193,1159383,1163767,1230468,1423049,1573392,1678553,1891485,1361532,1384751,1461882,1630227,1806258,1898806,2082708
35,EUROPE,908,SouthernEurope,925,6466119,7904907,8849398,7914949,8218433,8481556,10320837,3372434,4062835,4513755,4031435,4124702,4250231,5290418,3093685,3842072,4335643,3883514,4093731,4231325,5030419
36,EUROPE,908,WesternEurope,926,3340554,3570534,3950455,4576568,5279322,5456083,6062698,1472820,1607478,1811449,2130234,2417239,2542573,2865147,1867734,1963056,2139006,2446334,2862083,2913510,3197551
37,EUROPE,908,LATINAMERICAANDTHECARIBBEAN,904,1104536,1340812,1699981,3453004,4581301,4487571,5395924,479444,568545,713263,1511392,1982282,1869111,2242356,625092,772267,986718,1941612,2599019,2618460,3153568
38,EUROPE,908,Caribbean,915,297313,356491,441759,590659,731903,813625,918445,133752,152702,181452,240535,294752,322297,363923,163561,203789,260307,350124,437151,491328,554522
39,EUROPE,908,CentralAmerica,916,63442,78809,102356,154019,223182,264754,397416,26226,31898,41178,62651,86716,96642,140596,37216,46911,61178,91368,136466,168112,256820
40,EUROPE,908,SouthAmerica,931,743781,905512,1155866,2708326,3626216,3409192,4080063,319466,383945,490633,1208206,1600814,1450172,1737837,424315,521567,665233,1500120,2025402,1959020,2342226
41,EUROPE,908,NORTHERNAMERICA,905,769469,743008,735943,824591,921685,972405,1100304,370646,358172,355005,398027,431028,462229,523034,398823,384836,380938,426564,490657,510176,577270
42,EUROPE,908,OCEANIA,909,191405,222969,259848,284743,323142,348242,397036,90161,104538,121140,135576,162378,171943,196706,101244,118431,138708,149167,160764,176299,200330
43,EUROPE,908,Melanesia,928,1638,3782,6089,7869,8503,10604,11153,910,1918,3016,3902,4159,5008,5313,728,1864,3073,3967,4344,5596,5840
44,EUROPE,908,Micronesia,954,356,447,789,627,608,683,705,179,215,384,326,351,363,367,177,232,405,301,257,320,338
45,EUROPE,908,Polynesia,957,2296,2235,2358,2099,2201,2357,2455,1429,1229,1128,1013,1030,1100,1169,867,1006,1230,1086,1171,1257,1286
46,EUROPE,908,Burundi,108,4116,5912,7850,15355,20009,21756,25523,2151,2912,3760,7448,9289,9827,11556,1965,3000,4090,7907,10720,11929,13967
47,EUROPE,908,Comoros,174,18927,19570,20211,30641,34852,38605,42420,9286,9434,9579,15215,16125,17280,19045,9641,10136,10632,15426,18727,21325,23375
48,EUROPE,908,Djibouti,262,3321,3588,3901,7054,7718,9176,10400,1762,1865,1999,3422,3844,4464,5031,1559,1723,1902,3632,3874,4712,5369
49,EUROPE,908,Eritrea,232,8532,18007,27906,45062,63485,150772,237489,4544,8592,12865,22384,32862,80005,134259,3988,9415,15041,22678,30623,70767,103230
50,EUROPE,908,Ethiopia,231,66841,66369,65108,85220,111385,125423,155303,32577,32658,32308,40898,52159,58603,74761,34264,33711,32800,44322,59226,66820,80542
51,EUROPE,908,Kenya,404,119390,129902,142673,150193,180367,170303,187678,61029,64981,69939,71024,86915,75727,81631,58361,64921,72734,79169,93452,94576,106047
52,EUROPE,908,Madagascar,450,42183,44647,47720,114322,122473,135638,150073,17379,17823,18494,47941,46155,48939,54150,24804,26824,29226,66381,76318,86699,95923
53,EUROPE,908,Malawi,454,10931,11760,12884,14661,15652,18665,21171,5662,5969,6412,7090,7705,8918,10041,5269,5791,6472,7571,7947,9747,11130
54,EUROPE,908,Mauritius,480,76307,80268,84956,89483,94914,106063,116981,33749,34945,36536,39367,41120,44817,49473,42558,45323,48420,50116,53794,61246,67508
55,EUROPE,908,Mayotte,175,0,0,0,0,7,0,0,0,0,0,0,5,0,0,0,0,0,0,2,0,0
56,EUROPE,908,Mozambique,508,77880,78760,84324,84441,72979,83229,94933,37244,37274,39691,39794,34496,37436,43947,40636,41486,44633,44647,38483,45793,50986
57,EUROPE,908,Reunion,638,11,15,21,16,14,14,15,7,11,15,11,11,12,14,4,4,6,5,3,2,1
58,EUROPE,908,Rwanda,646,8076,9897,12179,23533,27085,31062,34195,4316,4985,5940,11194,12381,14017,15365,3760,4912,6239,12339,14704,17045,18830
59,EUROPE,908,Seychelles,690,3894,4210,4643,4979,5356,5964,6562,1573,1550,1562,1726,1852,2028,2223,2321,2660,3081,3253,3504,3936,4339
60,EUROPE,908,Somalia,706,44672,82064,120733,153114,231492,315659,390926,23998,42262,61123,75886,107301,146350,184403,20674,39802,59610,77228,124191,169309,206523
61,EUROPE,908,SouthSudan,728,1,1,2,2,26,134,385,0,0,1,2,11,76,213,1,1,1,0,15,58,172
62,EUROPE,908,Uganda,800,54922,57760,61572,63228,68607,82056,94974,28815,29692,31000,30826,33892,39410,45210,26107,28068,30572,32402,34715,42646,49764
63,EUROPE,908,UnitedRepublicofTanzania,834,34268,36574,39381,40429,44194,51841,58944,17968,18856,19950,20009,22219,25403,28603,16300,17718,19431,20420,21975,26438,30341
64,EUROPE,908,Zambia,894,19235,21870,25125,28653,31092,36373,41342,9672,10662,11911,13269,14575,16503,18584,9563,11208,13214,15384,16517,19870,22758
65,EUROPE,908,Zimbabwe,716,25028,39460,55290,88772,136930,162336,183721,11913,18378,25507,40603,62967,72075,80805,13115,21082,29783,48169,73963,90261,102916
66,EUROPE,908,Angola,24,163553,181366,206376,219454,189955,217255,249417,78764,87512,100055,106392,91556,99843,117601,84789,93854,106321,113062,98399,117412,131816
67,EUROPE,908,Cameroon,120,46635,56361,66489,109119,138951,156209,187582,22740,27741,32971,51507,62321,67658,82919,23895,28620,33518,57612,76630,88551,104663
68,EUROPE,908,CentralAfricanRepublic,140,9094,9596,10275,16015,17511,19432,21568,4622,4786,5050,7899,8476,9164,10228,4472,4810,5225,8116,9035,10268,11340
69,EUROPE,908,Chad,148,3487,3791,4225,8151,9269,10276,12017,2070,2247,2507,4585,5304,5773,6902,1417,1544,1718,3566,3965,4503,5115
70,EUROPE,908,Congo,178,61374,65579,70229,84777,93834,101737,112409,33594,34973,36605,42423,47471,49997,55363,27780,30606,33624,42354,46363,51740,57046
71,EUROPE,908,DemocraticRepublicoftheCongo,180,90298,106671,121588,155240,195364,217133,244691,47755,56501,62909,76836,93276,100990,113821,42543,50170,58679,78404,102088,116143,130870
72,EUROPE,908,EquatorialGuinea,226,8433,9532,13813,18552,22670,20699,24298,4064,4354,6086,7231,8644,7913,9074,4369,5178,7727,11321,14026,12786,15224
73,EUROPE,908,Gabon,266,8659,9182,10080,19417,21344,23661,26537,4229,4418,4806,8939,10068,10832,12154,4430,4764,5274,10478,11276,12829,14383
74,EUROPE,908,SaoTomeandPrincipe,678,5881,9217,13154,17055,17059,19356,22394,2760,4250,6044,7750,7688,8212,9881,3121,4967,7110,9305,9371,11144,12513
75,EUROPE,908,Algeria,12,857978,897438,941981,1478555,1510231,1658519,1827915,489587,509111,532018,773618,838545,895623,987230,368391,388327,409963,704937,671686,762896,840685
76,EUROPE,908,Egypt,818,135397,153928,173987,219423,262679,278963,328972,87606,97304,107797,142470,175348,182261,213665,47791,56624,66190,76953,87331,96702,115307
77,EUROPE,908,Libya,434,19446,20662,23354,43994,63449,68514,87130,11211,11853,13479,23988,33775,36232,47926,8235,8809,9875,20006,29674,32282,39204
78,EUROPE,908,Morocco,504,1535101,1644971,1821214,2193301,2551181,2627061,2910179,880691,925354,1011582,1232999,1428427,1407257,1535919,654410,719617,809632,960302,1122754,1219804,1374260
79,EUROPE,908,Sudan,729,8118,14394,21709,30204,34745,47119,75518,5583,9116,13349,18896,21589,27396,42461,2535,5278,8360,11308,13156,19723,33057
80,EUROPE,908,Tunisia,788,409534,418418,427231,521160,555767,592913,663232,253530,252844,252122,299404,328592,342268,382431,156004,165574,175109,221756,227175,250645,280801
81,EUROPE,908,WesternSahara,732,333,243,149,125,69,1220,1328,265,169,73,63,33,620,672,68,74,76,62,36,600,656
82,EUROPE,908,Botswana,72,2613,2730,2939,3327,3481,4088,4523,1394,1425,1500,1631,1733,1976,2161,1219,1305,1439,1696,1748,2112,2362
83,EUROPE,908,Eswatini,748,328,787,1269,1790,2093,2418,2693,169,373,588,841,1022,1155,1288,159,414,681,949,1071,1263,1405
84,EUROPE,908,Lesotho,426,245,411,599,875,933,1120,1251,116,180,254,368,397,484,536,129,231,345,507,536,636,715
85,EUROPE,908,Namibia,516,872,1491,2284,3007,3375,3972,4697,427,724,1099,1388,1594,1816,2130,445,767,1185,1619,1781,2156,2567
86,EUROPE,908,SouthAfrica,710,101596,145568,193532,233459,307855,296788,359635,47227,68236,91108,111128,152580,137325,177660,54369,77332,102424,122331,155275,159463,181975
87,EUROPE,908,Benin,204,14672,15767,16863,23524,26395,29231,34167,8433,8910,9388,13450,14717,15929,19064,6239,6857,7475,10074,11678,13302,15103
88,EUROPE,908,BurkinaFaso,854,6318,9762,13270,19749,24405,26622,31744,3598,5888,8223,12194,15257,16299,19902,2720,3874,5047,7555,9148,10323,11842
89,EUROPE,908,CaboVerde,132,65791,74092,84913,96369,101151,111501,131247,30123,34475,40139,44829,45749,48599,58489,35668,39617,44774,51540,55402,62902,72758
90,EUROPE,908,CotedIvoire,384,46145,56333,66667,110923,130510,143855,169915,22631,27696,32845,55336,64803,69180,86147,23514,28637,33822,55587,65707,74675,83768
91,EUROPE,908,Gambia,270,11139,14744,19748,30562,40656,53078,84563,7833,10076,13345,21141,29228,38469,66291,3306,4668,6403,9421,11428,14609,18272
92,EUROPE,908,Ghana,288,98718,118907,139974,176268,218965,243554,284085,56539,64560,72982,95211,122914,132354,156532,42179,54347,66992,81057,96051,111200,127553
93,EUROPE,908,Guinea,324,13422,16065,19939,45322,62987,73395,101497,7927,9717,12190,27735,37883,41387,62604,5495,6348,7749,17587,25104,32008,38893
94,EUROPE,908,GuineaBissau,624,16069,24090,33034,34982,37622,41045,51566,9523,14422,19982,21612,23019,23890,31458,6546,9668,13052,13370,14603,17155,20108
95,EUROPE,908,Liberia,430,6711,8638,10981,13090,13485,13790,15218,4538,5984,7756,8591,8649,8589,9527,2173,2654,3225,4499,4836,5201,5691
96,EUROPE,908,Mali,466,51219,53644,56371,73273,100607,112307,133821,33320,34669,36288,48849,68825,74942,91957,17899,18975,20083,24424,31782,37365,41864
97,EUROPE,908,Mauritania,478,13215,14319,15912,23199,30675,30784,33696,9318,10113,11301,16812,22298,21101,22634,3897,4206,4611,6387,8377,9683,11062
98,EUROPE,908,Niger,562,3370,3753,4459,7631,9211,10574,12816,2041,2294,2807,4511,5461,6190,7824,1329,1459,1652,3120,3750,4384,4992
99,EUROPE,908,Nigeria,566,88671,124198,164121,264976,333414,359514,473250,50909,67744,87020,141660,172922,186969,259690,37762,56454,77101,123316,160492,172545,213560
100,EUROPE,908,SaintHelena,654,508,1912,3351,2866,3018,3612,4094,271,777,1293,1133,1232,1413,1581,237,1135,2058,1733,1786,2199,2513
101,EUROPE,908,Senegal,686,127725,135042,144335,205214,262521,278429,333550,92457,94638,98448,137275,182365,185415,223815,35268,40404,45887,67939,80156,93014,109735
102,EUROPE,908,SierraLeone,694,12165,19884,28030,35009,34511,38791,44909,6926,11288,15902,19952,18773,20169,23737,5239,8596,12128,15057,15738,18622,21172
103,EUROPE,908,Togo,768,19226,25711,32265,41430,47695,53002,63115,11204,15203,19249,23971,27265,29715,35006,8022,10508,13016,17459,20430,23287,28109
104,EUROPE,908,Kazakhstan,398,2824054,3176920,3447899,3614148,3694954,3765974,4073340,1363719,1504611,1606297,1690040,1731603,1754789,1874462,1460335,1672309,1841602,1924108,1963351,2011185,2198878
105,EUROPE,908,Kyrgyzstan,417,480853,515547,534507,617957,687930,702143,728308,233448,249472,257837,299120,333990,338967,345849,247405,266075,276670,318837,353940,363176,382459
106,EUROPE,908,Tajikistan,762,469388,457196,431276,479918,519720,529442,538748,228330,240321,245059,275957,301792,306395,312611,241058,216875,186217,203961,217928,223047,226137
107,EUROPE,908,Turkmenistan,795,248513,231664,211983,216940,218854,222684,225294,122295,113809,103679,104709,104339,105600,106650,126218,117855,108304,112231,114515,117084,118644
108,EUROPE,908,Uzbekistan,860,1062226,1156423,1222330,1327063,1422084,1446823,1466464,513311,570633,614036,677325,736034,745726,754374,548915,585790,608294,649738,686050,701097,712090
109,EUROPE,908,China,156,261274,374239,488547,723189,950635,1052522,1239701,131350,187672,244537,354113,455275,479386,565835,129924,186567,244010,369076,495360,573136,673866
110,EUROPE,908,China,156,344,76599,77883,80515,92444,94620,112577,127078,39629,39858,40712,47122,49101,56878,63643,36970,38025,39803,45322,45519,55699
111,EUROPE,908,China,156,446,984,1966,3022,2661,1789,2012,2301,451,886,1361,1210,805,851,1012,533,1080,1661,1451,984,1161
112,EUROPE,908,China,156,158,0,0,0,0,0,0,0,0,0,0,0,0,0,0,0,0,0,0,0,0
113,EUROPE,908,DemPeoplesRepublicofKorea,408,15556,15367,15138,24318,25335,25105,27172,7649,7782,7912,12721,14144,14094,14950,7907,7585,7226,11597,11191,11011,12222
114,EUROPE,908,Japan,392,104641,113014,122875,123735,131268,141948,168475,46099,47500,49565,47254,48449,50177,59510,58542,65514,73310,76481,82819,91771,108965
115,EUROPE,908,Mongolia,496,24240,26710,28650,32180,35157,37600,45290,11642,12386,12861,13843,14631,15421,19228,12598,14324,15789,18337,20526,22179,26062
116,EUROPE,908,RepublicofKorea,410,69854,81828,94085,96966,107293,116618,139276,29585,33709,38039,38868,43002,45657,55362,40269,48119,56046,58098,64291,70961,83914
117,EUROPE,908,BruneiDarussalam,96,757,2037,3396,4533,4716,5587,6230,425,1015,1640,2138,2250,2602,2863,332,1022,1756,2395,2466,2985,3367
118,EUROPE,908,Cambodia,116,75272,77898,80560,67804,70710,77822,86201,38511,39192,39900,32732,34062,36372,39954,36761,38706,40660,35072,36648,41450,46247
119,EUROPE,908,Indonesia,360,208724,201009,199803,195154,187785,176431,180972,99650,93478,90059,85450,80982,74136,74719,109074,107531,109744,109704,106803,102295,106253
120,EUROPE,908,LaoPeoplesDemocraticRepublic,418,55168,56530,58165,47658,47227,51857,57697,28307,28509,28855,23527,22797,24305,26649,26861,28021,29310,24131,24430,27552,31048
121,EUROPE,908,Malaysia,458,53437,58010,64537,75583,82697,95727,109336,24791,26391,28898,33797,37405,41784,47128,28646,31619,35639,41786,45292,53943,62208
122,EUROPE,908,Myanmar,104,12279,12137,12280,15568,21150,25727,28886,5952,5958,6103,8003,11224,13153,14586,6327,6179,6177,7565,9926,12574,14300
123,EUROPE,908,Philippines,608,174506,203068,237013,345594,456001,500844,571640,38829,54389,70327,113639,155695,169560,189747,135677,148679,166686,231955,300306,331284,381893
124,EUROPE,908,Singapore,702,40205,44289,49637,49822,53876,63243,73142,19028,20694,22861,22712,24796,28381,32399,21177,23595,26776,27110,29080,34862,40743
125,EUROPE,908,Thailand,764,68281,94147,120181,175916,222845,256519,312192,17923,21768,25635,36980,47680,52969,61112,50358,72379,94546,138936,175165,203550,251080
126,EUROPE,908,TimorLeste,626,996,2745,4577,4184,3914,4593,5134,568,1574,2625,2369,2260,2591,2906,428,1171,1952,1815,1654,2002,2228
127,EUROPE,908,VietNam,704,286822,306720,323297,374534,404463,424642,499608,149163,158196,165485,187333,198977,201481,233383,137659,148524,157812,187201,205486,223161,266225
128,EUROPE,908,Afghanistan,4,82736,111671,141085,204941,230999,362487,631082,49802,66829,84228,123128,139389,224194,391098,32934,44842,56857,81813,91610,138293,239984
129,EUROPE,908,Bangladesh,50,130797,163225,198131,267510,351588,380533,456516,74349,91646,110159,158678,211942,232216,275588,56448,71579,87972,108832,139646,148317,180928
130,EUROPE,908,Bhutan,64,529,603,681,904,1503,2245,2306,334,386,435,581,877,1228,1252,195,217,246,323,626,1017,1054
131,EUROPE,908,India,356,533424,591106,659083,862021,1096272,1264413,1459401,272972,302604,337130,456612,594824,675691,779987,260452,288502,321953,405409,501448,588722,679414
132,EUROPE,908,IranIslamicRepublicof,364,258799,282859,304480,341733,368402,410552,514629,157832,166796,174156,194935,209475,229692,289380,100967,116063,130324,146798,158927,180860,225249
133,EUROPE,908,Maldives,462,224,306,386,459,529,555,643,124,174,218,259,284,311,355,100,132,168,200,245,244,288
134,EUROPE,908,Nepal,524,4319,7788,11449,36953,45537,58172,81440,2612,4981,7466,21537,27019,33352,46834,1707,2807,3983,15416,18518,24820,34606
135,EUROPE,908,Pakistan,586,323236,386867,457941,607396,770458,869565,952993,184998,218121,255342,354396,463452,514652,553939,138238,168746,202599,253000,307006,354913,399054
136,EUROPE,908,SriLanka,144,171524,209079,247897,296658,343017,386772,410933,103192,118906,135178,159540,184909,205292,215569,68332,90173,112719,137118,158108,181480,195364
137,EUROPE,908,Armenia,51,610471,602220,575985,615746,642599,654643,680263,299770,320249,331119,347926,356613,360617,373232,310701,281971,244866,267820,285986,294026,307031
138,EUROPE,908,Azerbaijan,31,1046377,1026080,975178,939518,886581,902085,918016,511245,543832,560310,530493,491507,498108,506513,535132,482248,414868,409025,395074,403977,411503
139,EUROPE,908,Bahrain,48,993,2879,4862,5566,5903,7198,7955,612,1530,2489,2878,3061,3660,4008,381,1349,2373,2688,2842,3538,3947
140,EUROPE,908,Cyprus,196,125778,113430,102910,100870,107164,106263,97583,65725,57848,50491,49283,53313,48554,45014,60053,55582,52419,51587,53851,57709,52569
141,EUROPE,908,Georgia,268,794255,809102,803254,738357,663287,671572,690768,388655,415140,430610,387810,339276,338513,350149,405600,393962,372644,350547,324011,333059,340619
142,EUROPE,908,Iraq,368,87217,153118,219412,305004,395767,449396,649015,53513,94643,136136,183705,236174,262883,381747,33704,58475,83276,121299,159593,186513,267268
143,EUROPE,908,Israel,376,59461,58428,57826,69123,75649,80776,96626,33101,32585,32322,39161,43253,45601,54683,26360,25843,25504,29962,32396,35175,41943
144,EUROPE,908,Jordan,400,34460,32543,31162,33783,36228,38141,48138,26376,24257,22571,23862,25488,26114,31688,8084,8286,8591,9921,10740,12027,16450
145,EUROPE,908,Kuwait,414,4175,7810,12175,15609,17046,20146,25736,2493,4489,6933,9078,10038,11706,14952,1682,3321,5242,6531,7008,8440,10784
146,EUROPE,908,Lebanon,422,149947,155705,160511,176895,193562,204665,248537,92878,93658,93972,104641,115457,120354,145122,57069,62047,66539,72254,78105,84311,103415
147,EUROPE,908,Oman,512,655,1608,2647,3254,3467,4433,5118,381,944,1545,1817,1952,2509,2857,274,664,1102,1437,1515,1924,2261
148,EUROPE,908,Qatar,634,548,1041,1651,2765,3662,4697,5479,296,555,879,1541,1969,2453,2974,252,486,772,1224,1693,2244,2505
149,EUROPE,908,SaudiArabia,682,9904,12701,15875,30371,34576,42469,55943,5502,7024,8741,17300,19711,23914,31471,4402,5677,7134,13071,14865,18555,24472
150,EUROPE,908,StateofPalestine,275,6380,6401,6364,9245,11465,19511,27884,4326,4571,4779,6638,8256,12389,17271,2054,1830,1585,2607,3209,7122,10613
151,EUROPE,908,SyrianArabRepublic,760,73660,87198,100848,124739,139091,509600,1311997,47039,54555,62429,76809,85711,312727,787284,26621,32643,38419,47930,53380,196873,524713
152,EUROPE,908,Turkey,792,2321451,2540146,2590650,2297639,2383597,2465350,3052762,1252412,1351972,1393415,1229548,1259430,1291064,1577583,1069039,1188174,1197235,1068091,1124167,1174286,1475179
153,EUROPE,908,UnitedArabEmirates,784,2165,4803,7788,11597,13249,17158,25203,1277,2735,4384,6451,7419,9455,13948,888,2068,3404,5146,5830,7703,11255
154,EUROPE,908,Yemen,887,5842,11366,17059,19363,21184,25720,34525,3748,6914,10190,11376,12576,14915,20145,2094,4452,6869,7987,8608,10805,14380
155,EUROPE,908,Belarus,112,1544226,1539316,1504214,1390222,1262983,1260651,1279399,712175,689262,652259,593506,526840,523516,532567,832051,850054,851955,796716,736143,737135,746832
156,EUROPE,908,Bulgaria,100,109550,137245,165901,353742,517517,581460,903609,56216,66164,76497,166827,241583,266762,431072,53334,71081,89404,186915,275934,314698,472537
157,EUROPE,908,Czechia,203,435306,493595,599515,632220,660645,700694,867636,208106,226997,263285,277170,277693,295572,359760,227200,266598,336230,355050,382952,405122,507876
158,EUROPE,908,Hungary,348,170456,195175,225603,289460,346643,443823,567859,88714,99461,115309,142127,167588,216949,282456,81742,95714,110294,147333,179055,226874,285403
159,EUROPE,908,Poland,616,869476,944299,1191188,2075018,2925208,3359213,4101713,384955,403652,483821,933391,1373382,1559772,1971999,484521,540647,707367,1141627,1551826,1799441,2129714
160,EUROPE,908,RepublicofMoldova,498,553934,549412,537121,645722,752138,836264,1061386,257007,265071,269010,309604,348439,386713,508739,296927,284341,268111,336118,403699,449551,552647
161,EUROPE,908,Romania,642,524708,643704,764954,1720983,2956129,2994900,3553478,242846,305224,369426,808471,1393622,1373440,1678922,281862,338480,395528,912512,1562507,1621460,1874556
162,EUROPE,908,RussianFederation,643,7262029,6721387,6274632,5966064,5776506,5749736,6175627,3131906,2828659,2565929,2459616,2385936,2372834,2506468,4130123,3892728,3708703,3506448,3390570,3376902,3669159
163,EUROPE,908,Slovakia,703,119464,176019,233836,253395,240172,324904,395071,59061,87314,116324,119465,109455,146462,183951,60403,88705,117512,133930,130717,178442,211120
164,EUROPE,908,Ukraine,804,4450625,4564732,4601796,4544356,4368278,4651601,4982919,2134740,2165720,2160765,2080263,1939913,2066773,2233024,2315885,2399012,2441031,2464093,2428365,2584828,2749895
165,EUROPE,908,ChannelIslands,830,18625,15545,12725,14744,15573,16343,17010,8720,7448,6281,7142,7702,8249,8782,9905,8097,6444,7602,7871,8094,8228
166,EUROPE,908,Denmark,208,119143,128584,139505,147947,157683,162892,176667,52846,57725,63702,70115,75683,77853,85208,66297,70859,75803,77832,82000,85039,91459
167,EUROPE,908,Estonia,233,92057,107702,120529,130387,133956,168453,180126,43992,50135,54911,58512,59496,74619,79259,48065,57567,65618,71875,74460,93834,100867
168,EUROPE,908,FaroeIslands,234,7240,9706,12123,12254,12070,13098,12634,2776,3892,5029,5023,4963,5489,5275,4464,5814,7094,7231,7107,7609,7359
169,EUROPE,908,Finland,246,198461,237500,264831,253298,247090,235261,252442,80113,94803,104520,98887,95100,87663,96954,118348,142697,160311,154411,151990,147598,155488
170,EUROPE,908,Iceland,352,11567,14983,19190,21637,25312,29228,32780,5648,7233,9211,10525,12465,14340,15880,5919,7750,9979,11112,12847,14888,16900
171,EUROPE,908,Ireland,372,652060,602849,564430,523274,471947,469576,470968,298970,272031,249188,232814,211644,211953,218233,353090,330818,315242,290460,260303,257623,252735
172,EUROPE,908,IsleofMan,833,10004,8266,6667,7723,8151,9767,11030,4715,3986,3314,3771,4065,4729,5291,5289,4280,3353,3952,4086,5038,5739
173,EUROPE,908,Latvia,428,156919,172155,184388,222064,233173,325955,338955,74533,80795,85677,101044,104066,147596,155675,82386,91360,98711,121020,129107,178359,183280
174,EUROPE,908,Lithuania,440,269095,276955,288285,353881,458529,495252,602883,120043,121331,124544,153538,199142,218600,265044,149052,155624,163741,200343,259387,276652,337839
175,EUROPE,908,Norway,578,76958,90499,102893,114624,121213,124783,138924,32089,37428,42400,49214,52674,53882,61177,44869,53071,60493,65410,68539,70901,77747
176,EUROPE,908,Sweden,752,129013,146918,175942,188349,210660,215296,246351,53732,62391,76716,83570,94053,98362,112592,75281,84527,99226,104779,116607,116934,133759
177,EUROPE,908,UnitedKingdom,826,779773,736856,800842,1063094,1284293,1311455,1493423,381206,364569,404975,548894,652339,675218,782115,398567,372287,395867,514200,631954,636237,711308
178,EUROPE,908,Albania,8,170977,470652,772463,894792,1023965,1026613,1125469,104094,264823,425552,477090,531312,518998,581802,66883,205829,346911,417702,492653,507615,543667
179,EUROPE,908,Andorra,20,3404,3959,5544,5690,7042,7674,9880,1572,1844,2631,2719,3387,3631,4632,1832,2115,2913,2971,3655,4043,5248
180,EUROPE,908,BosniaandHerzegovina,70,751548,1235393,1337484,1320755,1373458,1390129,1501957,372617,600381,652651,636258,660643,662640,729648,378931,635012,684833,684497,712815,727489,772309
181,EUROPE,908,Croatia,191,349479,623918,761900,682686,659487,653009,889300,174999,306521,362619,320546,303252,299183,420783,174480,317397,399281,362140,356235,353826,468517
182,EUROPE,908,Gibraltar,292,11310,9395,7651,8816,9358,11182,12609,5337,4532,3796,4310,4657,5393,6024,5973,4863,3855,4506,4701,5789,6585
183,EUROPE,908,Greece,300,484693,503795,522373,420659,346110,387044,655034,264946,269769,274372,225139,186308,205896,357895,219747,234026,248001,195520,159802,181148,297139
184,EUROPE,908,HolySee,336,10,26,41,110,175,310,174,5,17,28,54,76,115,71,5,9,13,56,99,195,103
185,EUROPE,908,Italy,380,1598890,1611290,1631862,1410117,1390617,1515302,2113186,882408,884559,890527,782085,760776,837865,1190352,716482,726731,741335,628032,629841,677437,922834
186,EUROPE,908,Malta,470,33708,33492,33842,32188,34753,33188,36646,16114,15793,15706,14840,16364,16400,18092,17594,17699,18136,17348,18389,16788,18554
187,EUROPE,908,Montenegro,499,75846,140983,177888,142998,145064,129844,128479,38052,68643,82520,67781,65891,59230,59325,37794,72340,95368,75217,79173,70614,69154
188,EUROPE,908,NorthMacedonia,807,322536,330810,318360,236885,296057,331478,396787,161440,165961,162102,122604,150043,165446,202104,161096,164849,156258,114281,146014,166032,194683
189,EUROPE,908,Portugal,620,1089715,1184057,1297016,1100126,1336076,1382204,1451252,566013,612156,668185,573667,689981,715690,758236,523702,571901,628831,526459,646095,666514,693016
190,EUROPE,908,SanMarino,674,1376,2420,3459,2880,2215,3631,2348,536,1101,1663,1276,850,1255,971,840,1319,1796,1604,1365,2376,1377
191,EUROPE,908,Serbia,688,688901,852865,1065503,882206,826414,712500,882593,366312,449432,558698,451798,409986,350119,438008,322589,403433,506805,430408,416428,362381,444585
192,EUROPE,908,Slovenia,705,69900,84650,92541,94365,98522,109207,127317,29087,35457,39128,40374,42470,47867,57539,40813,49193,53413,53991,56052,61340,69778
193,EUROPE,908,Spain,724,813826,817202,821471,679676,669120,788241,987806,388902,381846,373577,310894,298706,360503,464936,424924,435356,447894,368782,370414,427738,522870
194,EUROPE,908,Austria,40,334710,332410,332569,358209,389507,394083,481901,161405,159333,158149,167114,175192,180897,228434,173305,173077,174420,191095,214315,213186,253467
195,EUROPE,908,Belgium,56,277088,288326,310864,348323,390039,416833,475992,119466,124466,134943,158258,171511,194927,226561,157622,163860,175921,190065,218528,221906,249431
196,EUROPE,908,France,250,688603,756345,878231,985609,1139131,1206977,1377796,300153,338136,401203,452723,522305,555006,643525,388450,418209,477028,532886,616826,651971,734271
197,EUROPE,908,Germany,276,1468166,1588714,1769341,2012001,2293767,2314296,2446317,623787,698589,801105,927853,1038616,1076100,1155328,844379,890125,968236,1084148,1255151,1238196,1290989
198,EUROPE,908,Liechtenstein,438,3234,2840,2502,2790,3460,3411,3582,1322,1189,1084,1217,1480,1479,1568,1912,1651,1418,1573,1980,1932,2014
199,EUROPE,908,Luxembourg,442,33050,34723,36523,49382,58291,65457,76500,17099,17745,18441,24662,27059,30799,37881,15951,16978,18082,24720,31232,34658,38619
200,EUROPE,908,Monaco,492,4033,4368,4690,18587,26253,28615,31765,2049,2182,2300,9267,12682,13479,14987,1984,2186,2390,9320,13571,15136,16778
201,EUROPE,908,Netherlands,528,310778,331738,359401,411673,468684,499027,588096,152966,165365,180064,208433,233949,250959,293996,157812,166373,179337,203240,234735,248068,294100
202,EUROPE,908,Switzerland,756,220892,231070,256334,389994,510190,527384,580749,94573,100473,114160,180707,234445,238927,262867,126319,130597,142174,209287,275745,288457,317882
203,EUROPE,908,Anguilla,660,434,729,1024,935,727,996,922,228,372,511,450,372,530,455,206,357,513,485,355,466,467
204,EUROPE,908,AntiguaandBarbuda,28,618,2257,3932,3791,3981,5472,5261,359,1065,1780,1703,1825,2344,2311,259,1192,2152,2088,2156,3128,2950
205,EUROPE,908,Aruba,533,727,1153,1613,2205,3233,5068,6531,399,578,772,1082,1588,2504,3242,328,575,841,1123,1645,2564,3289
206,EUROPE,908,Bahamas,44,504,1290,2198,2184,2324,2892,3058,280,634,1049,1035,1115,1334,1429,224,656,1149,1149,1209,1558,1629
207,EUROPE,908,Barbados,52,22022,21497,21389,19196,20273,24267,27298,10912,10579,10418,9301,10030,11632,12972,11110,10918,10971,9895,10243,12635,14326
208,EUROPE,908,Bonaire,16,535,82,85,88,87,87,127,217,36,36,37,36,36,53,94,46,49,51,51,51,74
209,EUROPE,908,BritishVirginIslands,92,80,233,391,355,403,447,489,46,110,172,165,193,200,211,34,123,219,190,210,247,278
210,EUROPE,908,CaymanIslands,136,170,617,1083,927,979,1180,1328,94,273,459,403,435,509,561,76,344,624,524,544,671,767
211,EUROPE,908,Cuba,192,35454,51275,78071,122568,169165,201540,245224,16037,21286,31517,49671,68928,82542,101521,19417,29989,46554,72897,100237,118998,143703
212,EUROPE,908,CuraÃao,531,0,0,0,0,0,281,1259,0,0,0,0,0,148,625,0,0,0,0,0,133,634
213,EUROPE,908,Dominica,212,2830,5761,8937,15258,14288,16471,18344,1296,2522,3828,5830,5599,6242,6921,1534,3239,5109,9428,8689,10229,11423
214,EUROPE,908,DominicanRepublic,214,37008,53028,77972,136217,214872,240708,283003,10600,14617,20802,43587,77090,87160,104434,26408,38411,57170,92630,137782,153548,178569
215,EUROPE,908,Grenada,308,1464,5581,10709,9510,10010,11970,13613,871,2705,5068,4426,4741,5487,6171,593,2876,5641,5084,5269,6483,7442
216,EUROPE,908,Guadeloupe,312,28,24,20,10,0,0,0,17,14,10,5,0,0,0,11,10,10,5,0,0,0
217,EUROPE,908,Haiti,332,30031,31372,33307,73290,77804,85922,94993,13671,14005,14677,32914,32960,35201,39104,16360,17367,18630,40376,44844,50721,55889
218,EUROPE,908,Jamaica,388,141726,142655,146304,147082,153547,145176,136521,68246,67160,67148,65941,64343,57378,51336,73480,75495,79156,81141,89204,87798,85185
219,EUROPE,908,Martinique,474,8,4,0,0,0,0,0,4,2,0,0,0,0,0,4,2,0,0,0,0,0
220,EUROPE,908,Montserrat,500,1297,5078,8945,7685,8148,9727,10965,725,2233,3771,3323,3611,4148,4623,572,2845,5174,4362,4537,5579,6342
221,EUROPE,908,PuertoRico,630,316,327,347,82,52,53,57,161,166,174,41,24,25,28,155,161,173,41,28,28,29
222,EUROPE,908,SaintBarthelemy,652,0,0,0,0,0,0,0,0,0,0,0,0,0,0,0,0,0,0,0,0,0
223,EUROPE,908,SaintKittsandNevis,659,958,3636,6378,5819,6019,7194,8094,563,1755,2974,2676,2844,3285,3656,395,1881,3404,3143,3175,3909,4438
224,EUROPE,908,SaintLucia,662,1420,4826,8382,12574,13217,15379,17210,792,2234,3738,5371,5397,6063,6742,628,2592,4644,7203,7820,9316,10468
225,EUROPE,908,SaintMartinFrenchpart,663,0,0,0,0,0,0,0,0,0,0,0,0,0,0,0,0,0,0,0,0,0
226,EUROPE,908,SaintVincentandtheGrenadines,670,1221,4151,7149,6916,7260,8651,9734,706,2056,3432,3334,3547,4097,4564,515,2095,3717,3582,3713,4554,5170
227,EUROPE,908,SintMaartenDutchpart,534,0,0,0,0,0,32,135,0,0,0,0,0,18,69,0,0,0,0,0,14,66
228,EUROPE,908,TrinidadandTobago,780,18854,20732,23215,23693,25251,29761,33849,7672,8213,8974,9104,9942,11246,12693,11182,12519,14241,14589,15309,18515,21156
229,EUROPE,908,TurksandCaicosIslands,796,25,80,137,114,126,149,159,15,40,66,57,65,75,77,10,40,71,57,61,74,82
230,EUROPE,908,UnitedStatesVirginIslands,850,36,100,168,161,137,162,181,22,47,75,80,67,76,84,14,53,93,81,70,86,97
231,EUROPE,908,Belize,84,1257,1277,1376,1365,1489,1744,1920,465,440,450,460,512,563,612,792,837,926,905,977,1181,1308
232,EUROPE,908,CostaRica,188,3027,3959,5219,7820,10154,11054,14093,1375,1710,2191,3372,4495,4895,6309,1652,2249,3028,4448,5659,6159,7784
233,EUROPE,908,ElSalvador,222,6300,9629,13408,20247,27024,30550,39768,2759,3769,4930,7875,10190,11358,15167,3541,5860,8478,12372,16834,19192,24601
234,EUROPE,908,Guatemala,320,10782,11966,13543,13404,18048,19996,24648,5717,6119,6657,5989,7880,8458,10336,5065,5847,6886,7415,10168,11538,14312
235,EUROPE,908,Honduras,340,3086,4110,5776,12606,33081,48481,108478,1144,1439,1968,4433,10520,13352,29762,1942,2671,3808,8173,22561,35129,78716
236,EUROPE,908,Mexico,484,32399,39729,52200,83900,105778,116869,146083,11826,14966,20478,34524,43247,46884,58958,20573,24763,31722,49376,62531,69985,87125
237,EUROPE,908,Nicaragua,558,3420,4232,5584,7889,18867,27019,51163,1472,1763,2304,3167,6247,7475,14890,1948,2469,3280,4722,12620,19544,36273
238,EUROPE,908,Panama,591,3171,3907,5250,6788,8741,9041,11263,1468,1692,2200,2831,3625,3657,4562,1703,2215,3050,3957,5116,5384,6701
239,EUROPE,908,Argentina,32,103854,111649,140063,342488,420846,387145,436507,44710,49881,65552,170961,210700,190475,213925,59144,61768,74511,171527,210146,196670,222582
240,EUROPE,908,BoliviaPlurinationalStateof,68,9915,13196,17387,117610,251175,188865,202620,4853,6142,7858,51759,105964,74525,79880,5062,7054,9529,65851,145211,114340,122740
241,EUROPE,908,Brazil,76,133363,171336,219028,410819,587292,587657,735664,47395,62091,81190,159248,227752,216855,280856,85968,109245,137838,251571,359540,370802,454808
242,EUROPE,908,Chile,152,84097,91081,102523,137893,162352,154832,174361,40748,43787,49011,67186,78625,73426,82503,43349,47294,53512,70707,83727,81406,91858
243,EUROPE,908,Colombia,170,69128,93468,126568,394416,527521,512649,639821,26788,36116,48728,166589,225321,209838,261437,42340,57352,77840,227827,302200,302811,378384
244,EUROPE,908,Ecuador,218,13517,35777,63005,537463,618261,538709,559502,5659,14268,25244,252351,289321,243484,251154,7858,21509,37761,285112,328940,295225,308348
245,EUROPE,908,FalklandIslandsMalvinas,238,159,628,1110,948,1002,1198,1347,88,268,451,395,429,492,547,71,360,659,553,573,706,800
246,EUROPE,908,FrenchGuiana,254,7,6,4,2,0,0,0,5,4,2,1,0,0,0,2,2,2,1,0,0,0
247,EUROPE,908,Guyana,328,22309,22520,23292,27060,28385,32916,36738,9838,9645,9660,11327,11727,13124,14521,12471,12875,13632,15733,16658,19792,22217
248,EUROPE,908,Paraguay,600,3535,4582,6115,24086,90673,70202,91656,1564,1857,2370,9059,30845,20855,28700,1971,2725,3745,15027,59828,49347,62956
249,EUROPE,908,Peru,604,58787,88671,128048,232596,371722,362409,420096,22425,33416,48539,94840,159411,148659,171141,36362,55255,79509,137756,212311,213750,248955
250,EUROPE,908,Suriname,740,156939,167958,184834,212112,211058,208394,216663,75685,79369,85681,97434,94039,91296,94740,81254,88589,99153,114678,117019,117098,121923
251,EUROPE,908,Uruguay,858,19244,23123,32319,82001,105369,94025,104225,9272,11086,15656,41309,52926,46603,51309,9972,12037,16663,40692,52443,47422,52916
252,EUROPE,908,VenezuelaBolivarianRepublicof,862,68927,81517,111570,188832,250560,270191,460863,30436,36015,50691,85747,113754,120540,207124,38491,45502,60879,103085,136806,149651,253739
253,EUROPE,908,Bermuda,60,61553,32029,3057,3565,3810,4540,5108,29728,15497,1489,1722,1872,2176,2429,31825,16532,1568,1843,1938,2364,2679
254,EUROPE,908,Canada,124,152316,160341,172010,197197,220811,242609,278343,70919,74412,79471,90663,101470,108948,126076,81397,85929,92539,106534,119341,133661,152267
255,EUROPE,908,Greenland,304,8997,10912,12876,14263,15018,16308,17415,3587,4379,5199,5873,6292,6941,7418,5410,6533,7677,8390,8726,9367,9997
256,EUROPE,908,SaintPierreandMiquelon,666,11,26,41,21,1,1,0,6,23,40,20,0,1,0,5,3,1,1,1,0,0
257,EUROPE,908,UnitedStatesofAmerica,840,546592,539700,547959,609545,682045,708947,799438,266406,263861,268806,299749,321394,344163,387111,280186,275839,279153,309796,360651,364784,412327
258,EUROPE,908,Australia,36,137808,157942,181519,202559,234628,244604,280025,64132,73059,83325,94861,117923,121203,139460,73676,84883,98194,107698,116705,123401,140565
259,EUROPE,908,NewZealand,554,49307,58563,69093,71589,77202,89994,102698,23511,28117,33287,35474,38915,44269,50397,25796,30446,35806,36115,38287,45725,52301
260,EUROPE,908,Fiji,242,820,2231,3743,4885,5269,6260,7061,462,1141,1871,2459,2691,3141,3512,358,1090,1872,2426,2578,3119,3549
261,EUROPE,908,NewCaledonia,540,20,82,147,127,226,260,300,13,43,74,64,110,124,138,7,39,73,63,116,136,162
262,EUROPE,908,PapuaNewGuinea,598,579,1051,1573,1637,1675,2523,2125,342,559,809,820,829,1135,1022,237,492,764,817,846,1388,1103
263,EUROPE,908,SolomonIslands,90,63,201,347,345,372,454,491,37,97,161,162,177,208,224,26,104,186,183,195,246,267
264,EUROPE,908,Vanuatu,548,156,217,279,875,961,1107,1176,56,78,101,397,352,400,417,100,139,178,478,609,707,759
265,EUROPE,908,Guam,316,3,3,4,2,0,0,0,3,3,3,1,0,0,0,0,0,1,1,0,0,0
266,EUROPE,908,Kiribati,296,51,118,190,190,199,244,253,25,53,83,80,82,97,98,26,65,107,110,117,147,155
267,EUROPE,908,MarshallIslands,584,3,2,0,1,11,9,5,3,2,0,1,6,6,4,0,0,0,0,5,3,1
268,EUROPE,908,MicronesiaFedStatesof,583,17,25,284,138,114,126,161,8,12,150,73,63,57,70,9,13,134,65,51,69,91
269,EUROPE,908,Nauru,520,2,6,13,23,23,55,34,1,3,7,10,11,24,12,1,3,6,13,12,31,22
270,EUROPE,908,NorthernMarianaIslands,580,268,277,277,164,49,50,48,133,136,134,78,20,21,21,135,141,143,86,29,29,27
271,EUROPE,908,Palau,585,12,16,21,109,212,199,204,6,6,7,83,169,158,162,6,10,14,26,43,41,42
272,EUROPE,908,AmericanSamoa,16,963,1021,1044,560,44,44,41,472,495,501,270,22,22,22,491,526,543,290,22,22,19
273,EUROPE,908,CookIslands,184,9,9,9,9,3,3,3,4,4,3,1,0,0,0,5,5,6,8,3,3,3
274,EUROPE,908,FrenchPolynesia,258,36,76,117,100,201,265,277,20,37,52,46,95,125,131,16,39,65,54,106,140,146
275,EUROPE,908,Niue,570,0,0,0,0,0,0,0,0,0,0,0,0,0,0,0,0,0,0,0,0,0
276,EUROPE,908,Samoa,882,114,267,429,612,903,936,980,54,129,207,298,429,440,478,60,138,222,314,474,496,502
277,EUROPE,908,Tokelau,772,3,2,2,2,1,0,0,1,0,0,0,0,0,0,2,2,2,2,1,0,0
278,EUROPE,908,Tonga,776,213,294,369,309,381,461,509,98,135,167,163,193,235,259,115,159,202,146,188,226,250
279,EUROPE,908,Tuvalu,798,74,115,362,493,663,644,641,37,56,189,230,288,278,277,37,59,173,263,375,366,364
280,EUROPE,908,WallisandFutunaIslands,876,884,451,26,14,5,4,4,743,373,9,5,3,0,2,141,78,17,9,2,4,2
281,AFRICA,903,SubSaharanAfrica,947,12871121,13459101,11962238,12346885,13687201,16787448,19378341,6825515,7076891,6315136,6670808,7302717,8834217,10150697,6045606,6382210,5647102,5676077,6384484,7953231,9227644
282,AFRICA,903,NorthernAfricaandWesternAsia,1833,939669,1168522,1329992,1684772,1557970,2240066,2497202,493432,634543,745553,959888,889860,1246149,1369420,446237,533979,584439,724884,668110,993917,1127782
283,AFRICA,903,CentralandSouthernAsia,921,48769,56328,70882,90761,136216,159557,147995,28571,34411,44182,55815,83206,101477,98501,20198,21917,26700,34946,53010,58080,49494
284,AFRICA,903,EasternandSouthEasternAsia,1832,64036,63884,71783,78155,86847,91679,101658,38652,39126,42643,49536,56115,60100,67470,25384,24758,29140,28619,30732,31579,34188
285,AFRICA,903,LatinAmericaandtheCaribbean,1830,10188,9417,9501,10748,19077,29928,32524,4558,4438,4565,5287,9260,15144,17141,5630,4979,4936,5461,9817,14784,15383
286,AFRICA,903,OceaniaexcludingAustraliaandNewZealand,1835,178,109,76,94,735,1978,2068,80,55,46,54,367,1084,1148,98,54,30,40,368,894,920
287,AFRICA,903,AustraliaandNewZealand,927,8912,6965,6381,7924,11288,10543,12415,3972,3279,3117,3795,5277,5346,6524,4940,3686,3264,4129,6011,5197,5891
288,AFRICA,903,EuropeandNorthernAmerica,1829,680256,586122,573820,662187,650710,628931,702018,327835,295269,297891,343989,337852,330371,375583,352421,290853,275929,318198,312858,298560,326435
289,AFRICA,903,Developedregions,901,696330,597864,583091,673429,666414,644194,720067,335555,301040,302520,349597,345423,338192,385163,360775,296824,280571,323832,320991,306002,334904
290,AFRICA,903,Lessdevelopedregions,902,13926799,14752584,13441582,14208097,15483630,19305936,22154154,7387060,7786972,7150613,7739575,8339231,10255696,11701321,6539739,6965612,6290969,6468522,7144399,9050240,10452833
291,AFRICA,903,Lessdevelopedregions,902,934,2153279,2415638,2749969,3299555,3963521,4899633,5357102,1136285,1292396,1487545,1811350,2157190,2665452,2921739,1016994,1123242,1262424,1488205,1806331,2234181
292,AFRICA,903,Lessdevelopedregions,902,948,13903305,14727161,13408901,14173343,15448838,19271250,22117420,7373155,7772474,7133918,7720093,8317907,10233536,11677555,6530150,6954687,6274983,6453250,7130931,9037714
293,AFRICA,903,Leastdevelopedcountries,941,11773520,12336946,10691613,10908542,11520109,14406303,16797052,6250775,6494576,5663068,5928225,6182041,7590244,8779582,5522745,5842370,5028545,4980317,5338068,6816059,8017470
294,AFRICA,903,LandlockedDevelopingCountriesLLDC,1636,5789394,6909666,5133693,5361664,5963708,8085621,10005973,3105597,3637980,2763477,2966773,3200177,4295934,5246662,2683797,3271686,2370216,2394891,2763531,3789687,4759311
295,AFRICA,903,SmallislanddevelopingStatesSIDS,1637,98421,117956,143545,171358,198500,223797,257984,50464,60338,74413,86727,98234,110888,128762,47957,57618,69132,84631,100266,112909,129222
296,AFRICA,903,Highincomecountries,1503,704277,632331,644200,744240,751829,741633,826988,350561,329304,344268,398167,402643,402641,457206,353716,303027,299932,346073,349186,338992,369782
297,AFRICA,903,Middleincomecountries,1517,3603629,3742040,4266229,4861426,5582171,6385904,6901516,1926018,1999169,2270986,2622816,3002774,3428932,3719159,1677611,1742871,1995243,2238610,2579397,2956972,3182357
298,AFRICA,903,Uppermiddleincomecountries,1502,319979,357608,429925,486435,565473,592323,649240,169627,195104,237891,276727,318035,344801,381317,150352,162504,192034,209708,247438,247522,267923
299,AFRICA,903,Lowermiddleincomecountries,1501,3283650,3384432,3836304,4374991,5016698,5793581,6252276,1756391,1804065,2033095,2346089,2684739,3084131,3337842,1527259,1580367,1803209,2028902,2331959,2709450,2914434
300,AFRICA,903,Lowincomecountries,1500,10143177,10803622,8940988,9137069,9637542,12629038,14942739,5351507,5665100,4743382,4992604,5185372,6660651,7803517,4791670,5138522,4197606,4144465,4452170,5968387,7139222
301,AFRICA,903,AFRICA,903,13431488,14179992,12753079,13411177,14571247,18200172,20917565,7119363,7453071,6728790,7217870,7746843,9538053,10908187,6312125,6726921,6024289,6193307,6824404,8662119,10009378
302,AFRICA,903,EasternAfrica,910,6723776,6491047,4636115,4247782,4924826,6615807,8244689,3514368,3372270,2441564,2346081,2648014,3461377,4272054,3209408,3118777,2194551,1901701,2276812,3154430,3972635
303,AFRICA,903,MiddleAfrica,911,1492810,1361695,1864597,1995943,2188150,2862569,3300476,743952,684966,937040,1029100,1100936,1462300,1691175,748858,676729,927557,966843,1087214,1400269,1609301
304,AFRICA,903,NorthernAfrica,912,560367,720891,790841,1064292,884046,1412724,1539224,293848,376180,413654,547062,444126,703836,757490,266519,344711,377187,517230,439920,708888,781734
305,AFRICA,903,SouthernAfrica,913,336406,286806,306041,375970,527151,414354,436677,235230,181158,168349,200833,278324,202098,214974,101176,105648,137692,175137,248827,212256,221703
306,AFRICA,903,WesternAfrica,914,4318129,5319553,5155485,5727190,6047074,6894718,7396499,2331965,2838497,2768183,3094794,3275443,3708442,3972494,1986164,2481056,2387302,2632396,2771631,3186276,3424005
307,AFRICA,903,ASIA,935,492107,567843,681816,789396,896987,1078578,1207631,266807,331900,418724,518177,585055,703890,777901,225300,235943,263092,271219,311932,374688,429730
308,AFRICA,903,CentralAsia,5500,1180,1540,1955,2215,3917,4322,6700,709,1059,1454,1720,2740,3021,4384,471,481,501,495,1177,1301,2316
309,AFRICA,903,EasternAsia,906,34268,32985,38080,41034,44318,46494,50202,19525,18550,19671,23008,26308,28444,31158,14743,14435,18409,18026,18010,18050,19044
310,AFRICA,903,SouthEasternAsia,920,29768,30899,33703,37121,42529,45185,51456,19127,20576,22972,26528,29807,31656,36312,10641,10323,10731,10593,12722,13529,15144
311,AFRICA,903,SouthernAsia,5501,47589,54788,68927,88546,132299,155235,141295,27862,33352,42728,54095,80466,98456,94117,19727,21436,26199,34451,51833,56779,47178
312,AFRICA,903,WesternAsia,922,379302,447631,539151,620480,673924,827342,957978,199584,258363,331899,412826,445734,542313,611930,179718,189268,207252,207654,228190,285029,346048
313,AFRICA,903,EUROPE,908,622122,539020,533653,617032,604211,581876,648455,298151,270729,276736,319348,312133,303662,344926,323971,268291,256917,297684,292078,278214,303529
314,AFRICA,903,EasternEurope,923,61370,43765,30104,34811,43781,48816,57245,24253,18452,14479,17663,21372,24453,29967,37117,25313,15625,17148,22409,24363,27278
315,AFRICA,903,NorthernEurope,924,180004,161027,182876,221287,169752,119871,132141,80747,78293,92430,109887,84237,60059,67461,99257,82734,90446,111400,85515,59812,64680
316,AFRICA,903,SouthernEurope,925,85428,73689,72550,87104,95553,99855,112620,43752,39431,39986,47295,51128,53449,62886,41676,34258,32564,39809,44425,46406,49734
317,AFRICA,903,WesternEurope,926,295320,260539,248123,273830,295125,313334,346449,149399,134553,129841,144503,155396,165701,184612,145921,125986,118282,129327,139729,147633,161837
318,AFRICA,903,LATINAMERICAANDTHECARIBBEAN,904,10188,9417,9501,10748,19077,29928,32524,4558,4438,4565,5287,9260,15144,17141,5630,4979,4936,5461,9817,14784,15383
319,AFRICA,903,Caribbean,915,2889,2860,2917,3032,7558,13089,13714,1313,1308,1307,1476,3705,6745,7160,1576,1552,1610,1556,3853,6344,6554
320,AFRICA,903,CentralAmerica,916,1033,949,965,1129,1340,1880,2089,433,445,501,632,734,1065,1208,600,504,464,497,606,815,881
321,AFRICA,903,SouthAmerica,931,6266,5608,5619,6587,10179,14959,16721,2812,2685,2757,3179,4821,7334,8773,3454,2923,2862,3408,5358,7625,7948
322,AFRICA,903,NORTHERNAMERICA,905,58134,47102,40167,45155,46499,47055,53563,29684,24540,21155,24641,25719,26709,30657,28450,22562,19012,20514,20780,20346,22906
323,AFRICA,903,OCEANIA,909,9090,7074,6457,8018,12023,12521,14483,4052,3334,3163,3849,5644,6430,7672,5038,3740,3294,4169,6379,6091,6811
324,AFRICA,903,Melanesia,928,106,65,45,57,82,136,146,41,29,25,29,41,75,90,65,36,20,28,41,61,56
325,AFRICA,903,Micronesia,954,51,31,22,26,37,85,82,29,19,14,17,24,55,60,22,12,8,9,13,30,22
326,AFRICA,903,Polynesia,957,21,13,9,11,616,1757,1840,10,7,7,8,302,954,998,11,6,2,3,314,803,842
327,AFRICA,903,Burundi,108,332476,533243,748463,599739,255955,427385,513643,171493,273835,383547,376805,130401,212501,257419,160983,259408,364916,222934,125554,214884,256224
328,AFRICA,903,Comoros,174,21133,31691,50251,65393,74098,83010,108259,12765,18421,27360,34572,37981,41831,53886,8368,13270,22891,30821,36117,41179,54373
329,AFRICA,903,Djibouti,262,1841,3011,4576,3867,4616,5380,5345,1058,1866,2923,2410,2716,3102,3071,783,1145,1653,1457,1900,2278,2274
330,AFRICA,903,Eritrea,232,136373,324448,445073,210507,202758,389397,456445,70888,170578,221031,106191,103460,199036,227768,65485,153870,224042,104316,99298,190361,228677
331,AFRICA,903,Ethiopia,231,1449227,560192,159662,145824,179032,204136,215523,723035,271883,81413,75799,93077,109824,116043,726192,288309,78249,70025,85955,94312,99480
332,AFRICA,903,Kenya,404,87373,89671,100813,106135,121588,127963,126637,40324,41022,46560,48090,55829,59080,59976,47049,48649,54253,58045,65759,68883,66661
333,AFRICA,903,Madagascar,450,15895,20963,27232,31603,34692,36347,39224,7563,9963,12806,15104,16742,17549,18943,8332,11000,14426,16499,17950,18798,20281
334,AFRICA,903,Malawi,454,131850,138253,172405,206061,243225,276715,287480,78437,82491,103328,121616,142573,162338,174161,53413,55762,69077,84445,100652,114377,113319
335,AFRICA,903,Mauritius,480,6540,6941,8539,10843,12723,14964,16571,3990,3911,4463,5587,6290,7367,8765,2550,3030,4076,5256,6433,7597,7806
336,AFRICA,903,Mayotte,175,1800,3893,6162,6410,6294,6507,6740,967,1924,2948,3107,3085,3173,3287,833,1969,3214,3303,3209,3334,3453
337,AFRICA,903,Mozambique,508,2142332,731382,557172,575295,721351,509720,540892,1163477,446522,349902,368838,476683,308820,339976,978855,284860,207270,206457,244668,200900,200916
338,AFRICA,903,Reunion,638,2100,1509,1079,1083,1126,1196,1246,1125,783,510,489,468,467,513,975,726,569,594,658,729,733
339,AFRICA,903,Rwanda,646,539287,2048983,303332,261552,301598,465535,450526,272340,1015773,150690,129424,146824,229804,222183,266947,1033210,152642,132128,154774,235731,228343
340,AFRICA,903,Seychelles,690,6641,9164,10767,14664,16637,17394,18286,3413,4713,5349,6658,7489,7855,8385,3228,4451,5418,8006,9148,9539,9901
341,AFRICA,903,Somalia,706,738124,777139,745346,701944,999585,1265451,1176861,388869,405038,380413,378944,540183,672827,625634,349255,372101,364933,323000,459402,592624,551227
342,AFRICA,903,SouthSudan,728,509162,430928,333894,219134,384493,1026464,2536886,262998,228988,184532,118378,197518,522749,1247380,246164,201940,149362,100756,186975,503715,1289506
343,AFRICA,903,Uganda,800,238388,282531,430932,457743,561816,592982,555911,120566,138139,211742,230127,275563,292408,275652,117822,144392,219190,227616,286253,300574,280259
344,AFRICA,903,UnitedRepublicofTanzania,834,141874,162486,142436,150722,160579,166530,168046,75830,85541,71810,76182,79766,82649,84646,66044,76945,70626,74540,80813,83881,83400
345,AFRICA,903,Zambia,894,58056,108474,121397,131150,121401,108950,107870,29170,52030,58635,63288,58236,52728,53186,28886,56444,62762,67862,63165,56222,54684
346,AFRICA,903,Zimbabwe,716,163304,226145,266584,348113,521259,889781,912298,86060,118849,141602,184472,273130,475269,491180,77244,107296,124982,163641,248129,414512,421118
347,AFRICA,903,Angola,24,651580,494842,690240,478263,441097,375334,385631,322041,251233,349774,237345,220540,193262,200346,329539,243609,340466,240918,220557,182072,185285
348,AFRICA,903,Cameroon,120,65623,73629,83332,85714,101060,124260,160605,35381,39301,44307,44736,52807,67642,87013,30242,34328,39025,40978,48253,56618,73592
349,AFRICA,903,CentralAfricanRepublic,140,37225,39497,44940,115014,227949,665482,793681,19562,20196,22349,53429,111510,338208,398493,17663,19301,22591,61585,116439,327274,395188
350,AFRICA,903,Chad,148,320620,207471,191836,195982,185595,172154,200633,161424,105227,98901,105315,101768,92933,106673,159196,102244,92935,90667,83827,79221,93960
351,AFRICA,903,Congo,178,34554,49526,63940,85554,80934,98357,106110,17685,25543,33141,42706,41590,49489,55069,16869,23983,30799,42848,39344,48868,51041
352,AFRICA,903,DemocraticRepublicoftheCongo,180,340767,442632,724702,948230,1061400,1296862,1511735,166777,216667,355961,501677,527140,648510,764589,173990,225965,368741,446553,534260,648352,747146
353,AFRICA,903,EquatorialGuinea,226,27732,36868,46102,53170,61609,96124,104343,13639,18111,22806,26549,31415,54995,59620,14093,18757,23296,26621,30194,41129,44723
354,AFRICA,903,Gabon,266,6625,7186,7514,21212,14696,18259,20597,3467,3787,3964,11179,7558,9242,10440,3158,3399,3550,10033,7138,9017,10157
355,AFRICA,903,SaoTomeandPrincipe,678,8084,10044,11991,12804,13810,15737,17141,3976,4901,5837,6164,6608,8019,8932,4108,5143,6154,6640,7202,7718,8209
356,AFRICA,903,Algeria,12,31807,31839,29016,31410,29231,42693,45551,15514,15596,14262,15720,14774,22517,24234,16293,16243,14754,15690,14457,20176,21317
357,AFRICA,903,Egypt,818,33380,37406,42266,45776,45785,48621,56615,17544,20481,23952,27009,27578,29597,34400,15836,16925,18314,18767,18207,19024,22215
358,AFRICA,903,Libya,434,16291,16757,18379,18627,25039,26744,30647,9059,9255,10095,10294,13616,14722,16759,7232,7502,8284,8333,11423,12022,13888
359,AFRICA,903,Morocco,504,14297,15222,15369,16018,15918,18716,20334,6610,7066,7123,7930,7881,9550,10385,7687,8156,8246,8088,8037,9166,9949
360,AFRICA,903,Sudan,729,292614,448409,514947,815872,592095,1084073,1184472,150686,229868,264646,411130,287106,525857,564988,141928,218541,250301,404742,304989,558216,619484
361,AFRICA,903,Tunisia,788,4073,4355,4953,5426,5852,7212,8001,2045,2221,2577,3038,3272,4081,4545,2028,2134,2376,2388,2580,3131,3456
362,AFRICA,903,WesternSahara,732,167905,166903,165911,131163,170126,184665,193604,92390,91693,90999,71941,89899,97512,102179,75515,75210,74912,59222,80227,87153,91425
363,AFRICA,903,Botswana,72,23203,20038,22882,28588,39272,49021,56567,17716,13966,14192,17456,23615,29472,36416,5487,6072,8690,11132,15657,19549,20151
364,AFRICA,903,Eswatini,748,34614,29199,32371,42484,66228,42943,46394,25315,19307,18319,23548,36486,21041,22647,9299,9892,14052,18936,29742,21902,23747
365,AFRICA,903,Lesotho,426,190957,136062,119801,158010,241995,190083,200642,145727,93856,66877,85006,129462,85451,88883,45230,42206,52924,73004,112533,104632,111759
366,AFRICA,903,Namibia,516,14768,26097,46306,61178,94400,43919,40229,8722,13934,23351,30143,46398,21981,20083,6046,12163,22955,31035,48002,21938,20146
367,AFRICA,903,SouthAfrica,710,72864,75410,84681,85710,85256,88388,92845,37750,40095,45610,44680,42363,44153,46945,35114,35315,39071,41030,42893,44235,45900
368,AFRICA,903,Benin,204,219473,259640,310747,479503,513034,602793,644527,118731,139713,165155,266560,282425,323504,344429,100742,119927,145592,212943,230609,279289,300098
369,AFRICA,903,BurkinaFaso,854,1014919,1205685,1265788,1331699,1409036,1489878,1565368,569656,675383,707546,744945,786118,831515,873328,445263,530302,558242,586754,622918,658363,692040
370,AFRICA,903,CaboVerde,132,11070,11838,12211,14621,16304,17546,18189,5933,6177,6270,7258,8025,8589,9188,5137,5661,5941,7363,8279,8957,9001
371,AFRICA,903,CotedIvoire,384,316953,387032,463417,602671,781340,871419,924157,161186,197152,232795,296548,384664,431203,457808,155767,189880,230622,306123,396676,440216,466349
372,AFRICA,903,Gambia,270,23613,19823,19491,18826,18874,19900,20103,12222,10174,9807,9867,9712,10133,10229,11391,9649,9684,8959,9162,9767,9874
373,AFRICA,903,Ghana,288,243344,250733,267625,375923,399075,456386,481917,113472,116169,125459,190760,198534,222235,234919,129872,134564,142166,185163,200541,234151,246998
374,AFRICA,903,Guinea,324,338046,345926,350536,346493,373173,393506,412945,192972,196116,196402,194588,208713,218523,231673,145074,149810,154134,151905,164460,174983,181272
375,AFRICA,903,GuineaBissau,624,39300,43011,44560,47309,52881,55872,58889,17885,19688,22461,23357,25506,26842,28281,21415,23323,22099,23952,27375,29030,30608
376,AFRICA,903,Liberia,430,498523,507597,196620,282904,127014,100445,106430,250569,249058,95789,136748,62597,50752,54005,247954,258539,100831,146156,64417,49693,52425
377,AFRICA,903,Mali,466,596072,766443,715644,820858,892722,1114066,1167331,327160,416883,393547,455469,493746,620239,648869,268912,349560,322097,365389,398976,493827,518462
378,AFRICA,903,Mauritania,478,120979,137029,91271,79292,82646,82631,95223,65646,74913,54157,46587,48903,49450,56564,55333,62116,37114,32705,33743,33181,38659
379,AFRICA,903,Niger,562,146295,173132,200494,295936,325967,363291,385666,92678,108983,124006,178969,195917,214799,227812,53617,64149,76488,116967,130050,148492,157854
380,AFRICA,903,Nigeria,566,293246,289062,287194,341932,388595,575972,698218,162566,162275,162333,191029,220127,305405,365616,130680,126787,124861,150903,168468,270567,332602
381,AFRICA,903,SaintHelena,654,220,137,95,124,180,232,269,37,32,33,40,59,76,110,183,105,62,84,121,156,159
382,AFRICA,903,Senegal,686,239474,216065,237221,240429,247531,260336,283537,136392,121664,134789,136791,143159,152651,166177,103082,94401,102432,103638,104372,107685,117360
383,AFRICA,903,SierraLeone,694,42134,422929,458437,85892,51902,51781,55464,20892,210650,226341,41190,25915,27189,29247,21242,212279,232096,44702,25987,24592,26217
384,AFRICA,903,Togo,768,174468,283471,234134,362778,366800,438664,478266,83968,133467,111293,174088,181323,215337,234239,90500,150004,122841,188690,185477,223327,244027
385,AFRICA,903,Kazakhstan,398,545,635,746,837,2403,2767,3213,191,355,534,629,1543,1781,2047,354,280,212,208,860,986,1166
386,AFRICA,903,Kyrgyzstan,417,48,45,46,75,88,77,103,37,34,35,51,57,46,68,11,11,11,24,31,31,35
387,AFRICA,903,Tajikistan,762,180,381,594,664,727,761,852,152,288,435,514,563,594,666,28,93,159,150,164,167,186
388,AFRICA,903,Turkmenistan,795,79,142,210,235,257,268,298,72,110,152,181,199,210,235,7,32,58,54,58,58,63
389,AFRICA,903,Uzbekistan,860,328,337,359,404,442,449,2234,257,272,298,345,378,390,1368,71,65,61,59,64,59,866
390,AFRICA,903,China,156,21617,24303,31977,33841,33474,32989,34769,13005,13936,16326,19023,20688,21344,22699,8612,10367,15651,14818,12786,11645,12070
391,AFRICA,903,China,156,344,1877,1120,704,913,1318,1697,1965,900,562,369,459,636,816,1067,977,558,335,454,682,881
392,AFRICA,903,China,156,446,0,0,0,0,0,0,0,0,0,0,0,0,0,0,0,0,0,0,0,0
393,AFRICA,903,China,156,158,0,0,0,0,0,0,0,0,0,0,0,0,0,0,0,0,0,0,0,0
394,AFRICA,903,DemPeoplesRepublicofKorea,408,511,441,491,495,1981,3581,3902,300,292,350,332,987,1871,2032,211,149,141,163,994,1710,1870
395,AFRICA,903,Japan,392,7162,4777,2890,3318,4416,4720,5634,3748,2492,1512,1813,2294,2475,3056,3414,2285,1378,1505,2122,2245,2578
396,AFRICA,903,Mongolia,496,1,6,11,13,14,10,14,1,5,9,11,12,9,13,0,1,2,2,2,1,1
397,AFRICA,903,RepublicofKorea,410,3100,2338,2007,2454,3115,3497,3918,1571,1263,1105,1370,1691,1929,2291,1529,1075,902,1084,1424,1568,1627
398,AFRICA,903,BruneiDarussalam,96,88,69,60,72,82,66,92,35,27,22,29,32,31,40,53,42,38,43,50,35,52
399,AFRICA,903,Cambodia,116,0,0,0,0,0,9,7,0,0,0,0,0,5,5,0,0,0,0,0,4,2
400,AFRICA,903,Indonesia,360,8035,10794,14023,15189,16775,17727,19959,5915,8259,10913,12190,13333,14122,15939,2120,2535,3110,2999,3442,3605,4020
401,AFRICA,903,LaoPeoplesDemocraticRepublic,418,33,20,14,17,24,30,34,8,7,8,10,14,18,22,25,13,6,7,10,12,12
402,AFRICA,903,Malaysia,458,12001,10370,9199,10127,11240,11542,13305,7137,6729,6561,7485,8169,8465,9734,4864,3641,2638,2642,3071,3077,3571
403,AFRICA,903,Myanmar,104,220,140,100,130,185,233,269,52,44,43,52,68,83,116,168,96,57,78,117,150,153
404,AFRICA,903,Philippines,608,4536,4796,5422,6161,7057,7630,8617,2386,2211,2260,3065,3564,3945,4513,2150,2585,3162,3096,3493,3685,4104
405,AFRICA,903,Singapore,702,694,778,979,1171,2127,2519,2908,330,428,577,708,1211,1421,1707,364,350,402,463,916,1098,1201
406,AFRICA,903,Thailand,764,3994,3820,3820,4151,4901,5250,6063,3216,2830,2547,2943,3359,3492,4139,778,990,1273,1208,1542,1758,1924
407,AFRICA,903,TimorLeste,626,11,14,17,13,8,8,7,6,8,10,8,5,5,5,5,6,7,5,3,3,2
408,AFRICA,903,VietNam,704,156,98,69,90,130,171,195,42,33,31,38,52,69,92,114,65,38,52,78,102,103
409,AFRICA,903,Afghanistan,4,1037,737,478,540,986,1068,1259,813,550,315,377,717,781,933,224,187,163,163,269,287,326
410,AFRICA,903,Bangladesh,50,3078,2551,2674,6574,21131,33080,25941,2169,1910,2020,3551,12425,21564,19103,909,641,654,3023,8706,11516,6838
411,AFRICA,903,Bhutan,64,0,0,0,0,0,3,1,0,0,0,0,0,2,1,0,0,0,0,0,1,0
412,AFRICA,903,India,356,34437,41736,53762,65770,86085,88636,86577,19398,24494,32076,39519,51584,55149,54682,15039,17242,21686,26251,34501,33487,31895
413,AFRICA,903,IranIslamicRepublicof,364,1242,925,750,887,1105,1266,1466,580,488,453,544,653,744,908,662,437,297,343,452,522,558
414,AFRICA,903,Maldives,462,60,47,46,73,106,115,132,33,29,31,49,70,78,94,27,18,15,24,36,37,38
415,AFRICA,903,Nepal,524,152,110,92,168,258,330,349,76,54,42,117,199,253,274,76,56,50,51,59,77,75
416,AFRICA,903,Pakistan,586,4923,6492,9137,11448,18914,26533,21016,3411,4637,6678,8367,13054,17841,15822,1512,1855,2459,3081,5860,8692,5194
417,AFRICA,903,SriLanka,144,2660,2190,1988,3086,3714,4204,4554,1382,1190,1113,1571,1764,2044,2300,1278,1000,875,1515,1950,2160,2254
418,AFRICA,903,Armenia,51,784,578,390,414,442,428,501,341,281,230,254,266,280,309,443,297,160,160,176,148,192
419,AFRICA,903,Azerbaijan,31,24,23,24,29,31,26,34,22,22,23,28,30,26,34,2,1,1,1,1,0,0
420,AFRICA,903,Bahrain,48,1706,1387,1141,1277,1420,1444,1683,701,668,674,801,927,986,1129,1005,719,467,476,493,458,554
421,AFRICA,903,Cyprus,196,1047,1389,2139,2800,4043,5161,6010,422,686,1123,1414,1965,2502,3281,625,703,1016,1386,2078,2659,2729
422,AFRICA,903,Georgia,268,0,0,0,0,0,0,0,0,0,0,0,0,0,0,0,0,0,0,0,0,0
423,AFRICA,903,Iraq,368,7546,36805,67052,72192,79490,90814,103419,3015,20598,38972,46225,50707,57693,64155,4531,16207,28080,25967,28783,33121,39264
424,AFRICA,903,Israel,376,3626,2790,2572,3246,5497,6599,7837,1882,1508,1419,1756,2875,3440,4406,1744,1282,1153,1490,2622,3159,3431
425,AFRICA,903,Jordan,400,15394,18019,21133,22934,25083,25905,29343,8101,10370,13026,15324,16692,17670,19763,7293,7649,8107,7610,8391,8235,9580
426,AFRICA,903,Kuwait,414,9647,10377,11400,12392,13548,13940,15846,5589,6725,8099,9264,10103,10616,11928,4058,3652,3301,3128,3445,3324,3918
427,AFRICA,903,Lebanon,422,21383,21655,22609,20464,21708,24013,26421,11022,11387,12032,12199,12811,14633,15957,10361,10268,10577,8265,8897,9380,10464
428,AFRICA,903,Oman,512,1715,1657,1658,1864,2041,2069,2385,1062,1111,1204,1421,1550,1609,1830,653,546,454,443,491,460,555
429,AFRICA,903,Qatar,634,1106,1199,1332,1495,1635,1667,1909,615,758,932,1107,1209,1266,1429,491,441,400,388,426,401,480
430,AFRICA,903,SaudiArabia,682,23326,30625,38280,41129,45996,48181,54234,14176,19898,25998,29668,32774,34760,38894,9150,10727,12282,11461,13222,13421,15340
431,AFRICA,903,StateofPalestine,275,242419,267526,309873,375521,399211,412739,473383,124438,152148,190565,249418,264419,281086,318295,117981,115378,119308,126103,134792,131653,155088
432,AFRICA,903,SyrianArabRepublic,760,25911,28033,31118,33703,37138,142886,183773,13927,16105,18969,22176,24288,82531,100892,11984,11928,12149,11527,12850,60355,82881
433,AFRICA,903,Turkey,792,3817,3307,3052,3505,4048,4350,5121,2817,2372,2103,2531,2891,3114,3701,1000,935,949,974,1157,1236,1420
434,AFRICA,903,UnitedArabEmirates,784,2023,2319,2711,3043,5796,6509,7522,1256,1431,1670,2033,3505,3933,4530,767,888,1041,1010,2291,2576,2992
435,AFRICA,903,Yemen,887,17828,19942,22667,24472,26797,40611,38557,10198,12295,14860,17207,18722,26168,21397,7630,7647,7807,7265,8075,14443,17160
436,AFRICA,903,Belarus,112,1061,934,865,993,1132,1186,1376,461,426,423,543,610,662,769,600,508,442,450,522,524,607
437,AFRICA,903,Bulgaria,100,3952,2494,1744,2266,3259,4158,4837,1625,1136,920,1159,1613,2061,2681,2327,1358,824,1107,1646,2097,2156
438,AFRICA,903,Czechia,203,1315,1077,1087,1357,1870,2272,2680,663,550,558,692,934,1156,1493,652,527,529,665,936,1116,1187
439,AFRICA,903,Hungary,348,483,412,356,400,436,431,500,220,179,148,199,217,225,257,263,233,208,201,219,206,243
440,AFRICA,903,Poland,616,3475,3922,5178,6557,9097,11365,13230,1794,1999,2574,3252,4371,5466,7113,1681,1923,2604,3305,4726,5899,6117
441,AFRICA,903,RepublicofMoldova,498,48,45,46,55,59,43,62,42,40,41,49,52,38,56,6,5,5,6,7,5,6
442,AFRICA,903,Romania,642,1689,1405,1336,1621,2090,2463,2860,853,674,589,764,953,1134,1442,836,731,747,857,1137,1329,1418
443,AFRICA,903,RussianFederation,643,46505,30767,16412,17959,21133,21206,25144,17072,11996,7635,9150,10321,10951,12659,29433,18771,8777,8809,10812,10255,12485
444,AFRICA,903,Slovakia,703,272,220,223,288,398,477,568,177,144,149,194,268,333,408,95,76,74,94,130,144,160
445,AFRICA,903,Ukraine,804,2570,2489,2857,3315,4307,5215,5988,1346,1308,1442,1661,2033,2427,3089,1224,1181,1415,1654,2274,2788,2899
446,AFRICA,903,ChannelIslands,830,0,0,0,0,0,0,0,0,0,0,0,0,0,0,0,0,0,0,0,0,0
447,AFRICA,903,Denmark,208,2493,2222,2267,2760,3571,4240,4835,1112,1125,1266,1550,1939,2300,2796,1381,1097,1001,1210,1632,1940,2039
448,AFRICA,903,Estonia,233,82,72,80,103,141,166,197,63,54,58,77,107,131,158,19,18,22,26,34,35,39
449,AFRICA,903,FaroeIslands,234,0,0,0,0,0,0,0,0,0,0,0,0,0,0,0,0,0,0,0,0,0
450,AFRICA,903,Finland,246,1419,1227,1170,1331,1574,1743,1999,465,474,524,643,721,796,967,954,753,646,688,853,947,1032
451,AFRICA,903,Iceland,352,16,13,14,17,24,30,34,11,10,12,14,20,25,29,5,3,2,3,4,5,5
452,AFRICA,903,Ireland,372,6204,5101,5447,7237,10486,13326,15423,2776,2374,2529,3214,4447,5618,7521,3428,2727,2918,4023,6039,7708,7902
453,AFRICA,903,IsleofMan,833,0,0,0,0,0,0,0,0,0,0,0,0,0,0,0,0,0,0,0,0,0
454,AFRICA,903,Latvia,428,199,163,176,232,337,457,523,135,112,120,156,223,299,364,64,51,56,76,114,158,159
455,AFRICA,903,Lithuania,440,192,157,169,222,323,416,482,84,71,77,95,132,169,230,108,86,92,127,191,247,252
456,AFRICA,903,Norway,578,1145,994,1000,1283,1707,2002,2277,576,496,479,628,800,927,1150,569,498,521,655,907,1075,1127
457,AFRICA,903,Sweden,752,2932,2573,2297,1936,1934,2028,2215,1625,1413,1251,1210,1148,1222,1356,1307,1160,1046,726,786,806,859
458,AFRICA,903,UnitedKingdom,826,165322,148505,170256,206166,149655,95463,104156,73900,72164,86114,102300,74700,48572,52890,91422,76341,84142,103866,74955,46891,51266
459,AFRICA,903,Albania,8,504,425,380,440,1540,1820,2125,317,260,223,273,768,898,1064,187,165,157,167,772,922,1061
460,AFRICA,903,Andorra,20,0,0,0,0,835,1033,1208,0,0,0,0,439,544,639,0,0,0,0,396,489,569
461,AFRICA,903,BosniaandHerzegovina,70,236,277,368,435,516,580,655,87,139,214,260,297,333,391,149,138,154,175,219,247,264
462,AFRICA,903,Croatia,191,603,487,504,643,1694,2098,2466,362,293,290,358,983,1206,1497,241,194,214,285,711,892,969
463,AFRICA,903,Gibraltar,292,33,28,30,38,52,61,71,25,21,21,28,39,48,58,8,7,9,10,13,13,13
464,AFRICA,903,Greece,300,8267,6952,6690,8453,10981,13026,15206,3652,3322,3504,4606,5834,7003,8717,4615,3630,3186,3847,5147,6023,6489
465,AFRICA,903,HolySee,336,0,0,0,0,0,0,0,0,0,0,0,0,0,0,0,0,0,0,0,0,0
466,AFRICA,903,Italy,380,37590,29338,24474,28968,36025,42280,48648,20104,15773,13203,16027,19438,22830,27746,17486,13565,11271,12941,16587,19450,20902
467,AFRICA,903,Malta,470,163,133,144,188,273,352,408,52,46,50,60,80,103,154,111,87,94,128,193,249,254
468,AFRICA,903,Montenegro,499,0,0,0,0,0,0,0,0,0,0,0,0,0,0,0,0,0,0,0,0,0
469,AFRICA,903,NorthMacedonia,807,206,161,139,171,209,201,262,135,105,90,115,141,146,188,71,56,49,56,68,55,74
470,AFRICA,903,Portugal,620,29457,28530,32461,38914,32189,24572,26034,14819,15652,18492,20850,17238,13118,13878,14638,12878,13969,18064,14951,11454,12156
471,AFRICA,903,SanMarino,674,0,0,0,0,0,0,0,0,0,0,0,0,0,0,0,0,0,0,0,0,0
472,AFRICA,903,Serbia,688,1964,1550,1600,2143,3119,4025,4670,798,730,848,1085,1510,1941,2543,1166,820,752,1058,1609,2084,2127
473,AFRICA,903,Slovenia,705,15,42,66,52,50,71,69,8,23,37,29,27,41,40,7,19,29,23,23,30,29
474,AFRICA,903,Spain,724,6390,5766,5694,6659,8070,9736,10798,3393,3067,3014,3604,4334,5238,5971,2997,2699,2680,3055,3736,4498,4827
475,AFRICA,903,Austria,40,7204,5253,4094,4775,6209,7352,8561,3287,2568,2203,2609,3333,3979,4959,3917,2685,1891,2166,2876,3373,3602
476,AFRICA,903,Belgium,56,10934,8140,6506,7707,9966,12272,14148,5354,4157,3463,4080,5144,6361,7901,5580,3983,3043,3627,4822,5911,6247
477,AFRICA,903,France,250,143740,152477,168275,182089,208023,233144,253064,75893,81035,89621,97537,111193,124629,135892,67847,71442,78654,84552,96830,108515,117172
478,AFRICA,903,Germany,276,97653,70879,53189,59833,51979,42667,49559,48377,35195,26075,29840,25871,21548,24946,49276,35684,27114,29993,26108,21119,24613
479,AFRICA,903,Liechtenstein,438,0,0,0,0,0,4,2,0,0,0,0,0,1,1,0,0,0,0,0,3,1
480,AFRICA,903,Luxembourg,442,83,80,80,66,67,71,76,36,35,33,26,25,26,31,47,45,47,40,42,45,45
481,AFRICA,903,Monaco,492,249,255,273,309,343,354,404,118,135,161,200,223,240,270,131,120,112,109,120,114,134
482,AFRICA,903,Netherlands,528,23225,15941,12112,15105,13997,12746,14982,10270,7699,6535,8180,7352,6539,7643,12955,8242,5577,6925,6645,6207,7339
483,AFRICA,903,Switzerland,756,12232,7514,3594,3946,4541,4724,5653,6064,3729,1750,2031,2255,2378,2969,6168,3785,1844,1915,2286,2346,2684
484,AFRICA,903,Anguilla,660,0,0,0,0,0,0,0,0,0,0,0,0,0,0,0,0,0,0,0,0,0
485,AFRICA,903,AntiguaandBarbuda,28,707,675,629,502,485,4922,4781,282,271,254,202,196,2737,2660,425,404,375,300,289,2185,2121
486,AFRICA,903,Aruba,533,0,0,0,0,0,0,0,0,0,0,0,0,0,0,0,0,0,0,0,0,0
487,AFRICA,903,Bahamas,44,85,81,78,65,64,71,75,20,20,19,16,16,21,21,65,61,59,49,48,50,54
488,AFRICA,903,Barbados,52,30,18,13,16,23,40,42,19,12,11,13,13,27,30,11,6,2,3,10,13,12
489,AFRICA,903,Bonaire,16,535,0,0,0,0,0,0,0,0,0,0,0,0,0,0,0,0,0,0,0,0
490,AFRICA,903,BritishVirginIslands,92,23,14,10,12,424,521,609,12,8,8,9,185,227,266,11,6,2,3,239,294,343
491,AFRICA,903,CaymanIslands,136,0,0,0,0,0,0,0,0,0,0,0,0,0,0,0,0,0,0,0,0,0
492,AFRICA,903,Cuba,192,1780,1891,2044,2248,4328,4721,4947,890,924,946,1150,2291,2463,2684,890,967,1098,1098,2037,2258,2263
493,AFRICA,903,CuraÃao,531,0,0,0,0,0,0,0,0,0,0,0,0,0,0,0,0,0,0,0,0,0
494,AFRICA,903,Dominica,212,0,0,0,0,0,13,11,0,0,0,0,0,4,4,0,0,0,0,0,9,7
495,AFRICA,903,DominicanRepublic,214,0,0,0,0,0,2,0,0,0,0,0,0,1,0,0,0,0,0,0,1,0
496,AFRICA,903,Grenada,308,0,0,0,0,300,369,431,0,0,0,0,129,159,187,0,0,0,0,171,210,244
497,AFRICA,903,Guadeloupe,312,0,0,0,0,760,935,1096,0,0,0,0,342,421,495,0,0,0,0,418,514,601
498,AFRICA,903,Haiti,332,0,0,0,0,0,25,22,0,0,0,0,0,13,12,0,0,0,0,0,12,10
499,AFRICA,903,Jamaica,388,192,119,82,107,155,199,231,51,39,36,42,57,73,103,141,80,46,65,98,126,128
500,AFRICA,903,Martinique,474,0,0,0,0,0,0,0,0,0,0,0,0,0,0,0,0,0,0,0,0,0
501,AFRICA,903,Montserrat,500,0,0,0,0,0,0,0,0,0,0,0,0,0,0,0,0,0,0,0,0,0
502,AFRICA,903,PuertoRico,630,0,0,0,0,0,0,0,0,0,0,0,0,0,0,0,0,0,0,0,0,0
503,AFRICA,903,SaintBarthelemy,652,0,0,0,0,0,0,0,0,0,0,0,0,0,0,0,0,0,0,0,0,0
504,AFRICA,903,SaintKittsandNevis,659,26,16,11,14,20,25,29,14,9,7,9,13,16,20,12,7,4,5,7,9,9
505,AFRICA,903,SaintLucia,662,0,0,0,0,0,0,0,0,0,0,0,0,0,0,0,0,0,0,0,0,0
506,AFRICA,903,SaintMartinFrenchpart,663,0,0,0,0,0,0,0,0,0,0,0,0,0,0,0,0,0,0,0,0,0
507,AFRICA,903,SaintVincentandtheGrenadines,670,0,0,0,0,0,30,27,0,0,0,0,0,19,18,0,0,0,0,0,11,9
508,AFRICA,903,SintMaartenDutchpart,534,0,0,0,0,0,0,0,0,0,0,0,0,0,0,0,0,0,0,0,0,0
509,AFRICA,903,TrinidadandTobago,780,26,16,11,14,20,25,29,15,9,5,7,10,13,17,11,7,6,7,10,12,12
510,AFRICA,903,TurksandCaicosIslands,796,0,0,0,0,536,659,771,0,0,0,0,236,290,340,0,0,0,0,300,369,431
511,AFRICA,903,UnitedStatesVirginIslands,850,20,30,39,54,443,532,613,10,16,21,28,217,261,303,10,14,18,26,226,271,310
512,AFRICA,903,Belize,84,0,0,0,0,0,2,0,0,0,0,0,0,2,0,0,0,0,0,0,0,0
513,AFRICA,903,CostaRica,188,0,0,0,0,0,118,112,0,0,0,0,0,73,71,0,0,0,0,0,45,41
514,AFRICA,903,ElSalvador,222,618,636,675,759,831,847,968,253,301,363,456,498,530,593,365,335,312,303,333,317,375
515,AFRICA,903,Guatemala,320,97,63,45,58,81,98,114,56,39,29,39,55,68,83,41,24,16,19,26,30,31
516,AFRICA,903,Honduras,340,0,0,0,0,0,298,285,0,0,0,0,0,166,161,0,0,0,0,0,132,124
517,AFRICA,903,Mexico,484,153,148,174,220,295,341,409,75,69,78,98,127,153,201,78,79,96,122,168,188,208
518,AFRICA,903,Nicaragua,558,106,66,46,60,87,117,133,26,20,18,22,30,42,59,80,46,28,38,57,75,74
519,AFRICA,903,Panama,591,59,36,25,32,46,59,68,23,16,13,17,24,31,40,36,20,12,15,22,28,28
520,AFRICA,903,Argentina,32,1084,1087,1322,1654,2242,2850,3334,477,526,666,812,1050,1334,1752,607,561,656,842,1192,1516,1582
521,AFRICA,903,BoliviaPlurinationalStateof,68,158,98,69,90,131,173,198,69,37,13,14,17,23,47,89,61,56,76,114,150,151
522,AFRICA,903,Brazil,76,3307,3221,3219,3555,4349,5029,5662,1334,1469,1555,1717,2033,2331,2856,1973,1752,1664,1838,2316,2698,2806
523,AFRICA,903,Chile,152,719,470,345,427,1837,2280,2663,450,287,192,226,977,1212,1468,269,183,153,201,860,1068,1195
524,AFRICA,903,Colombia,170,183,211,292,379,532,3275,3290,130,118,127,155,199,1747,1800,53,93,165,224,333,1528,1490
525,AFRICA,903,Ecuador,218,9,9,9,11,12,10,11,2,2,2,3,3,5,4,7,7,7,8,9,5,7
526,AFRICA,903,FalklandIslandsMalvinas,238,0,0,0,0,0,0,0,0,0,0,0,0,0,0,0,0,0,0,0,0,0
527,AFRICA,903,FrenchGuiana,254,0,0,0,0,0,0,0,0,0,0,0,0,0,0,0,0,0,0,0,0,0
528,AFRICA,903,Guyana,328,54,34,24,31,45,58,67,16,13,12,14,20,26,35,38,21,12,17,25,32,32
529,AFRICA,903,Paraguay,600,116,72,50,65,94,121,140,44,31,26,32,45,58,76,72,41,24,33,49,63,64
530,AFRICA,903,Peru,604,203,128,90,116,166,213,245,90,63,53,64,89,114,144,113,65,37,52,77,99,101
531,AFRICA,903,Suriname,740,0,0,0,0,0,0,0,0,0,0,0,0,0,0,0,0,0,0,0,0,0
532,AFRICA,903,Uruguay,858,111,69,48,63,498,618,720,73,48,36,46,258,322,381,38,21,12,17,240,296,339
533,AFRICA,903,VenezuelaBolivarianRepublicof,862,322,209,151,196,273,332,391,127,91,75,96,130,162,210,195,118,76,100,143,170,181
534,AFRICA,903,Bermuda,60,61,38,26,33,48,61,70,23,18,16,21,30,38,47,38,20,10,12,18,23,23
535,AFRICA,903,Canada,124,6033,6260,7241,8373,9925,11468,12954,2916,3308,3971,4732,5433,6252,7460,3117,2952,3270,3641,4492,5216,5494
536,AFRICA,903,Greenland,304,0,0,0,0,0,0,0,0,0,0,0,0,0,0,0,0,0,0,0,0,0
537,AFRICA,903,SaintPierreandMiquelon,666,0,0,0,0,0,0,0,0,0,0,0,0,0,0,0,0,0,0,0,0,0
538,AFRICA,903,UnitedStatesofAmerica,840,52040,40804,32900,36749,36526,35526,40539,26745,21214,17168,19888,20256,20419,23150,25295,19590,15732,16861,16270,15107,17389
539,AFRICA,903,Australia,36,7318,5624,4927,6049,8614,7163,8472,3275,2613,2330,2818,3938,3665,4327,4043,3011,2597,3231,4676,3498,4145
540,AFRICA,903,NewZealand,554,1594,1341,1454,1875,2674,3380,3943,697,666,787,977,1339,1681,2197,897,675,667,898,1335,1699,1746
541,AFRICA,903,Fiji,242,47,29,20,25,36,49,54,20,14,12,14,20,28,34,27,15,8,11,16,21,20
542,AFRICA,903,NewCaledonia,540,0,0,0,0,0,0,0,0,0,0,0,0,0,0,0,0,0,0,0,0,0
543,AFRICA,903,PapuaNewGuinea,598,59,36,25,32,46,75,82,21,15,13,15,21,39,48,38,21,12,17,25,36,34
544,AFRICA,903,SolomonIslands,90,0,0,0,0,0,12,10,0,0,0,0,0,8,8,0,0,0,0,0,4,2
545,AFRICA,903,Vanuatu,548,0,0,0,0,0,0,0,0,0,0,0,0,0,0,0,0,0,0,0,0,0
546,AFRICA,903,Guam,316,0,0,0,0,0,0,0,0,0,0,0,0,0,0,0,0,0,0,0,0,0
547,AFRICA,903,Kiribati,296,0,0,0,0,0,3,1,0,0,0,0,0,3,1,0,0,0,0,0,0,0
548,AFRICA,903,MarshallIslands,584,0,0,0,0,0,6,4,0,0,0,0,0,3,3,0,0,0,0,0,3,1
549,AFRICA,903,MicronesiaFedStatesof,583,0,0,0,0,0,3,1,0,0,0,0,0,1,1,0,0,0,0,0,2,0
550,AFRICA,903,Nauru,520,23,14,10,12,17,39,40,9,6,4,5,7,21,24,14,8,6,7,10,18,16
551,AFRICA,903,NorthernMarianaIslands,580,28,17,12,14,20,25,29,20,13,10,12,17,22,26,8,4,2,2,3,3,3
552,AFRICA,903,Palau,585,0,0,0,0,0,9,7,0,0,0,0,0,5,5,0,0,0,0,0,4,2
553,AFRICA,903,AmericanSamoa,16,0,0,0,0,322,395,462,0,0,0,0,151,185,218,0,0,0,0,171,210,244
554,AFRICA,903,CookIslands,184,0,0,0,0,0,0,0,0,0,0,0,0,0,0,0,0,0,0,0,0,0
555,AFRICA,903,FrenchPolynesia,258,0,0,0,0,278,341,398,0,0,0,0,139,170,200,0,0,0,0,139,171,198
556,AFRICA,903,Niue,570,21,13,9,11,16,20,23,10,7,7,8,12,15,18,11,6,2,3,4,5,5
557,AFRICA,903,Samoa,882,0,0,0,0,0,28,25,0,0,0,0,0,17,16,0,0,0,0,0,11,9
558,AFRICA,903,Tokelau,772,0,0,0,0,0,0,0,0,0,0,0,0,0,0,0,0,0,0,0,0,0
559,AFRICA,903,Tonga,776,0,0,0,0,0,972,932,0,0,0,0,0,566,546,0,0,0,0,0,406,386
560,AFRICA,903,Tuvalu,798,0,0,0,0,0,1,0,0,0,0,0,0,1,0,0,0,0,0,0,0,0
561,AFRICA,903,WallisandFutunaIslands,876,0,0,0,0,0,0,0,0,0,0,0,0,0,0,0,0,0,0,0,0,0
562,OCEANIA,909,SubSaharanAfrica,947,114407,132481,178837,260923,357657,430368,504999,57420,66184,89160,130315,178511,216437,252782,56987,66297,89677,130608,179146,213931,252217
563,OCEANIA,909,NorthernAfricaandWesternAsia,1833,214372,230338,247290,293186,343851,379123,441956,113327,121348,129883,154399,182490,199039,232144,101045,108990,117407,138787,161361,180084,209812
564,OCEANIA,909,CentralandSouthernAsia,921,164117,198629,242848,366499,666365,943762,1247120,86115,104398,127873,197166,374016,513047,680389,78002,94231,114975,169333,292349,430715,566731
565,OCEANIA,909,EasternandSouthEasternAsia,1832,752954,887549,1020087,1269193,1643085,1984532,2444109,366692,421316,472199,577795,740528,895454,1099373,386262,466233,547888,691398,902557,1089078,1344736
566,OCEANIA,909,LatinAmericaandtheCaribbean,1830,83101,87912,89230,102885,132154,164648,214569,40786,42709,43009,49425,63800,79593,103380,42315,45203,46221,53460,68354,85055,111189
567,OCEANIA,909,OceaniaexcludingAustraliaandNewZealand,1835,207962,224992,259627,288265,316451,351616,389779,102236,109494,127072,140883,154531,172321,190523,105726,115498,132555,147382,161920,179295,199256
568,OCEANIA,909,AustraliaandNewZealand,927,371121,390143,442081,506154,602053,661634,717927,190407,199224,226155,259386,309704,340388,367593,180714,190919,215926,246768,292349,321246,350334
569,OCEANIA,909,EuropeandNorthernAmerica,1829,2777985,2787025,2773600,2818826,2934737,3002186,3237714,1434523,1429405,1409284,1422047,1473461,1515316,1624370,1343462,1357620,1364316,1396779,1461276,1486870,1613344
570,OCEANIA,909,Developedregions,901,3176769,3211830,3253405,3371053,3590364,3725297,4029027,1637760,1645170,1651213,1699321,1803869,1878331,2019199,1539009,1566660,1602192,1671732,1786495,1846966,2009828
571,OCEANIA,909,Lessdevelopedregions,902,1509250,1727239,2000195,2534878,3405989,4192572,5169146,753746,848908,973422,1232095,1673172,2053264,2531355,755504,878331,1026773,1302783,1732817,2139308,2637791
572,OCEANIA,909,Lessdevelopedregions,902,934,1419475,1619406,1876957,2352041,3131737,3828368,4716181,707305,792831,909123,1136317,1528977,1862735,2291971,712170,826575,967834,1215724,1602760,1965633
573,OCEANIA,909,Lessdevelopedregions,902,948,1330955,1504380,1708800,2127510,2845934,3477500,4240980,662695,740065,835847,1042245,1413876,1724798,2105713,668260,764315,872953,1085265,1432058,1752702
574,OCEANIA,909,Leastdevelopedcountries,941,89775,107833,123238,182837,274252,364204,452965,46441,56077,64299,95778,144195,190529,239384,43334,51756,58939,87059,130057,173675,213581
575,OCEANIA,909,LandlockedDevelopingCountriesLLDC,1636,72697,91278,107280,140441,201789,272264,340559,37661,47506,55959,72498,105314,142706,180270,35036,43772,51321,67943,96475,129558,160289
576,OCEANIA,909,SmallislanddevelopingStatesSIDS,1637,268749,283909,317559,371184,419391,459853,510779,131577,137717,154498,180387,203298,225113,248594,137172,146192,163061,190797,216093,234740,262185
577,OCEANIA,909,Highincomecountries,1503,3287108,3330517,3378769,3541011,3834507,4017525,4372564,1689801,1701107,1710078,1780662,1925165,2024472,2190791,1597307,1629410,1668691,1760349,1909342,1993053,2181773
578,OCEANIA,909,Middleincomecountries,1517,1352291,1549230,1799069,2257198,3018713,3712778,4599668,678175,762674,875495,1094737,1478683,1809583,2240103,674116,786556,923574,1162461,1540030,1903195,2359565
579,OCEANIA,909,Uppermiddleincomecountries,1502,765538,877739,1059127,1324802,1676354,2001083,2448553,387669,435548,517639,638339,799491,951642,1160700,377869,442191,541488,686463,876863,1049441,1287853
580,OCEANIA,909,Lowermiddleincomecountries,1501,586753,671491,739942,932396,1342359,1711695,2151115,290506,327126,357856,456398,679192,857941,1079403,296247,344365,382086,475998,663167,853754,1071712
581,OCEANIA,909,Lowincomecountries,1500,15817,28273,40873,73026,107172,146834,185156,8473,15179,21899,39006,55592,77546,99677,7344,13094,18974,34020,51580,69288,85479
582,OCEANIA,909,AFRICA,903,161958,182018,228860,327671,435368,505762,587673,82458,92215,115414,165908,220233,256106,296252,79500,89803,113446,161763,215135,249656,291421
583,OCEANIA,909,EasternAfrica,910,46234,54727,65517,93201,128812,161591,187674,23489,27570,32871,46707,64248,81035,93311,22745,27157,32646,46494,64564,80556,94363
584,OCEANIA,909,MiddleAfrica,911,808,871,1000,1730,4410,7040,8737,457,470,524,935,2325,3607,4459,351,401,476,795,2085,3433,4278
585,OCEANIA,909,NorthernAfrica,912,47551,49537,50023,66748,77711,75394,82674,25038,26031,26254,35593,41722,39669,43470,22513,23506,23769,31155,35989,35725,39204
586,OCEANIA,909,SouthernAfrica,913,64817,73182,107439,156056,207124,237076,277311,31919,35923,52894,77230,102683,118147,137726,32898,37259,54545,78826,104441,118929,139585
587,OCEANIA,909,WesternAfrica,914,2548,3701,4881,9936,17311,24661,31277,1555,2221,2871,5443,9255,13648,17286,993,1480,2010,4493,8056,11013,13991
588,OCEANIA,909,ASIA,935,1083892,1266979,1460202,1862130,2575590,3232023,4050511,541096,621031,703701,893767,1255312,1567871,1968436,542796,645948,756501,968363,1320278,1664152,2082075
589,OCEANIA,909,CentralAsia,5500,709,868,1050,1800,3040,4510,5389,322,370,499,766,1287,1820,2175,387,498,551,1034,1753,2690,3214
590,OCEANIA,909,EasternAsia,906,236968,304220,388540,538101,731336,917391,1166404,119210,148198,181831,247709,336013,418304,531790,117758,156022,206709,290392,395323,499087,634614
591,OCEANIA,909,SouthEasternAsia,920,515986,583329,631547,731092,911749,1067141,1277705,247482,273118,290368,330086,404515,477150,567583,268504,310211,341179,401006,507234,589991,710122
592,OCEANIA,909,SouthernAsia,5501,163408,197761,241798,364699,663325,939252,1241731,85793,104028,127374,196400,372729,511227,678214,77615,93733,114424,168299,290596,428025,563517
593,OCEANIA,909,WesternAsia,922,166821,180801,197267,226438,266140,303729,359282,88289,95317,103629,118806,140768,159370,188674,78532,85484,93638,107632,125372,144359,170608
594,OCEANIA,909,EUROPE,908,2645368,2652213,2634134,2658354,2749003,2785934,2983395,1363071,1357363,1337062,1340688,1381002,1406694,1499791,1282297,1294850,1297072,1317666,1368001,1379240,1483604
595,OCEANIA,909,EasternEurope,923,162267,175056,173517,175460,174663,177003,194893,84891,88741,84425,82416,79161,79659,86929,77376,86315,89092,93044,95502,97344,107964
596,OCEANIA,909,NorthernEurope,924,1449540,1431322,1450051,1462719,1567222,1624755,1736498,733872,722469,728270,735159,791244,825777,880917,715668,708853,721781,727560,775978,798978,855581
597,OCEANIA,909,SouthernEurope,925,678594,688202,658366,651557,622683,597250,625526,357880,359877,342987,335060,315898,304195,316045,320714,328325,315379,316497,306785,293055,309481
598,OCEANIA,909,WesternEurope,926,354967,357633,352200,368618,384435,386926,426478,186428,186276,181380,188053,194699,197063,215900,168539,171357,170820,180565,189736,189863,210578
599,OCEANIA,909,LATINAMERICAANDTHECARIBBEAN,904,83101,87912,89230,102885,132154,164648,214569,40786,42709,43009,49425,63800,79593,103380,42315,45203,46221,53460,68354,85055,111189
600,OCEANIA,909,Caribbean,915,3921,4854,5875,8152,10162,10930,11687,1975,2485,2961,4093,5110,5600,5904,1946,2369,2914,4059,5052,5330,5783
601,OCEANIA,909,CentralAmerica,916,11005,12746,13770,14529,16550,19290,22048,5383,6196,6686,7084,8129,9469,10718,5622,6550,7084,7445,8421,9821,11330
602,OCEANIA,909,SouthAmerica,931,68175,70312,69585,80204,105442,134428,180834,33428,34028,33362,38248,50561,64524,86758,34747,36284,36223,41956,54881,69904,94076
603,OCEANIA,909,NORTHERNAMERICA,905,132617,134812,139466,160472,185734,216252,254319,71452,72042,72222,81359,92459,108622,124579,61165,62770,67244,79113,93275,107630,129740
604,OCEANIA,909,OCEANIA,909,579083,615135,701708,794419,918504,1013250,1107706,292643,308718,353227,400269,464235,512709,558116,286440,306417,348481,394150,454269,500541,549590
605,OCEANIA,909,Melanesia,928,68885,75378,88990,109243,128993,146335,165289,33799,36203,42858,52611,62008,70449,79274,35086,39175,46132,56632,66985,75886,86015
606,OCEANIA,909,Micronesia,954,17151,19851,22223,24300,24376,24755,26803,8342,9834,10981,12051,12182,12397,13375,8809,10017,11242,12249,12194,12358,13428
607,OCEANIA,909,Polynesia,957,121926,129763,148414,154722,163082,180526,197687,60095,63457,73233,76221,80341,89475,97874,61831,66306,75181,78501,82741,91051,99813
608,OCEANIA,909,Burundi,108,15,7,30,430,1860,2390,2789,9,4,15,232,942,1228,1422,6,3,15,198,918,1162,1367
609,OCEANIA,909,Comoros,174,0,0,0,0,0,0,0,0,0,0,0,0,0,0,0,0,0,0,0,0,0
610,OCEANIA,909,Djibouti,262,34,63,80,120,130,190,214,16,28,40,51,60,99,113,18,35,40,69,70,91,101
611,OCEANIA,909,Eritrea,232,1272,1562,1780,2280,3090,4660,5879,664,815,929,1171,1538,2308,2940,608,747,851,1109,1552,2352,2939
612,OCEANIA,909,Ethiopia,231,1489,2748,4275,6998,10016,14317,17471,856,1462,2197,3588,4965,7025,8544,633,1286,2078,3410,5051,7292,8927
613,OCEANIA,909,Kenya,404,4950,6448,8310,12292,16961,21434,26512,2607,3351,4284,6327,8526,10705,13024,2343,3097,4026,5965,8435,10729,13488
614,OCEANIA,909,Madagascar,450,137,153,180,220,260,290,343,73,79,83,105,117,116,134,64,74,97,115,143,174,209
615,OCEANIA,909,Malawi,454,360,468,540,760,1020,1400,1658,199,246,284,370,512,698,827,161,222,256,390,508,702,831
616,OCEANIA,909,Mauritius,480,20215,19621,18530,20307,26980,28660,31947,9945,9569,8974,9962,13504,14323,15853,10270,10052,9556,10345,13476,14337,16094
617,OCEANIA,909,Mayotte,175,35,44,52,58,41,38,27,19,24,28,30,23,26,18,16,20,24,28,18,12,9
618,OCEANIA,909,Mozambique,508,386,528,630,770,860,1010,1108,212,284,332,405,445,501,542,174,244,298,365,415,509,566
619,OCEANIA,909,Reunion,638,51,52,90,140,210,220,268,26,14,45,54,96,99,125,25,38,45,86,114,121,143
620,OCEANIA,909,Rwanda,646,44,27,50,180,620,980,1173,27,14,25,84,295,480,547,17,13,25,96,325,500,626
621,OCEANIA,909,Seychelles,690,2610,2797,2790,2890,2970,3030,3231,1288,1350,1330,1336,1360,1395,1472,1322,1447,1460,1554,1610,1635,1759
622,OCEANIA,909,Somalia,706,776,2617,5474,6275,7662,9797,11320,441,1362,2775,3084,3712,4794,5486,335,1255,2699,3191,3950,5003,5834
623,OCEANIA,909,SouthSudan,728,0,0,0,0,0,7480,9510,0,0,0,0,0,4171,5106,0,0,0,0,0,3309,4404
624,OCEANIA,909,Uganda,800,925,1218,1420,1880,2860,3800,4480,508,657,767,977,1450,1936,2247,417,561,653,903,1410,1864,2233
625,OCEANIA,909,UnitedRepublicofTanzania,834,1460,1806,1998,2334,3848,4528,5088,810,999,1103,1322,2094,2431,2698,650,807,895,1012,1754,2097,2390
626,OCEANIA,909,Zambia,894,2534,3248,4371,5796,7544,8781,9747,1282,1623,2174,2880,3786,4354,4800,1252,1625,2197,2916,3758,4427,4947
627,OCEANIA,909,Zimbabwe,716,8941,11320,14917,29471,41880,48586,54909,4507,5689,7486,14729,20823,24346,27413,4434,5631,7431,14742,21057,24240,27496
628,OCEANIA,909,Angola,24,310,370,420,450,530,560,602,177,204,229,229,280,293,324,133,166,191,221,250,267,278
629,OCEANIA,909,Cameroon,120,68,55,70,130,270,450,548,46,34,35,81,168,268,331,22,21,35,49,102,182,217
630,OCEANIA,909,CentralAfricanRepublic,140,6,3,10,10,20,30,42,6,3,5,5,10,18,23,0,0,5,5,10,12,19
631,OCEANIA,909,Chad,148,15,12,40,40,60,70,63,9,9,20,20,30,40,34,6,3,20,20,30,30,29
632,OCEANIA,909,Congo,178,134,130,130,710,1030,1610,1884,75,69,71,413,580,809,880,59,61,59,297,450,801,1004
633,OCEANIA,909,DemocraticRepublicoftheCongo,180,255,291,310,360,2470,4270,5535,130,144,154,172,1242,2150,2833,125,147,156,188,1228,2120,2702
634,OCEANIA,909,EquatorialGuinea,226,0,0,0,0,0,0,0,0,0,0,0,0,0,0,0,0,0,0,0,0,0
635,OCEANIA,909,Gabon,266,20,10,20,30,30,50,63,14,7,10,15,15,29,34,6,3,10,15,15,21,29
636,OCEANIA,909,SaoTomeandPrincipe,678,0,0,0,0,0,0,0,0,0,0,0,0,0,0,0,0,0,0,0,0,0
637,OCEANIA,909,Algeria,12,1783,2208,2556,2792,2860,2867,3078,1074,1346,1567,1675,1729,1713,1800,709,862,989,1117,1131,1154,1278
638,OCEANIA,909,Egypt,818,40862,40336,38746,40016,43143,46004,51031,21221,20793,19835,20509,22875,24118,26740,19641,19543,18911,19507,20268,21886,24291
639,OCEANIA,909,Libya,434,1268,1390,1400,1570,2370,2790,3079,689,756,765,842,1315,1500,1649,579,634,635,728,1055,1290,1430
640,OCEANIA,909,Morocco,504,1463,1767,2011,2232,2514,2718,3078,873,1075,1229,1322,1457,1488,1674,590,692,782,910,1057,1230,1404
641,OCEANIA,909,Sudan,729,1218,2734,4090,18831,25440,19730,20992,638,1438,2171,10493,13558,10142,10851,580,1296,1919,8338,11882,9588,10141
642,OCEANIA,909,Tunisia,788,957,1102,1220,1307,1384,1285,1416,543,623,687,752,788,708,756,414,479,533,555,596,577,660
643,OCEANIA,909,WesternSahara,732,0,0,0,0,0,0,0,0,0,0,0,0,0,0,0,0,0,0,0,0,0
644,OCEANIA,909,Botswana,72,153,413,670,970,1120,1320,1539,85,229,355,546,588,668,763,68,184,315,424,532,652,776
645,OCEANIA,909,Eswatini,748,117,178,240,270,340,390,408,48,86,114,134,168,181,197,69,92,126,136,172,209,211
646,OCEANIA,909,Lesotho,426,43,32,70,90,110,150,160,26,24,35,45,57,83,83,17,8,35,45,53,67,77
647,OCEANIA,909,Namibia,516,265,394,450,740,1090,1430,1668,125,198,228,381,548,713,824,140,196,222,359,542,717,844
648,OCEANIA,909,SouthAfrica,710,64239,72165,106009,153986,204464,233786,273536,31635,35386,52162,76124,101322,116502,135859,32604,36779,53847,77862,103142,117284,137677
649,OCEANIA,909,Benin,204,17,13,30,30,80,110,117,14,12,15,15,40,76,84,3,1,15,15,40,34,33
650,OCEANIA,909,BurkinaFaso,854,30,15,10,20,40,60,63,18,9,5,10,20,34,34,12,6,5,10,20,26,29
651,OCEANIA,909,CaboVerde,132,20,10,30,30,30,40,42,14,7,15,15,15,23,23,6,3,15,15,15,17,19
652,OCEANIA,909,CotedIvoire,384,34,43,60,200,480,600,688,20,26,30,110,241,313,355,14,17,30,90,239,287,333
653,OCEANIA,909,Gambia,270,18,9,30,80,100,130,138,11,6,15,40,59,77,90,7,3,15,40,41,53,48
654,OCEANIA,909,Ghana,288,994,1625,2160,2820,4210,5900,7194,665,986,1261,1564,2274,3264,4000,329,639,899,1256,1936,2636,3194
655,OCEANIA,909,Guinea,324,33,17,30,220,660,940,1129,16,9,15,126,325,487,546,17,8,15,94,335,453,583
656,OCEANIA,909,GuineaBissau,624,13,11,20,20,20,20,20,10,10,10,10,10,12,12,3,1,10,10,10,8,8
657,OCEANIA,909,Liberia,430,63,83,110,1700,2930,3520,3973,39,56,74,844,1399,1699,1897,24,27,36,856,1531,1821,2076
658,OCEANIA,909,Mali,466,24,12,20,40,60,80,96,7,4,10,20,30,45,50,17,8,10,20,30,35,46
659,OCEANIA,909,Mauritania,478,16,8,20,20,50,60,63,2,1,10,10,25,34,34,14,7,10,10,25,26,29
660,OCEANIA,909,Niger,562,15,7,20,10,20,30,42,15,7,10,5,10,18,23,0,0,10,5,10,12,19
661,OCEANIA,909,Nigeria,566,959,1431,1800,2580,4640,8360,12354,553,860,1104,1551,2740,5073,7431,406,571,696,1029,1900,3287,4923
662,OCEANIA,909,SaintHelena,654,31,21,21,21,21,21,20,12,7,7,7,7,13,13,19,14,14,14,14,8,7
663,OCEANIA,909,Senegal,686,149,195,240,280,370,430,483,79,108,142,176,233,277,275,70,87,98,104,137,153,208
664,OCEANIA,909,SierraLeone,694,120,195,260,1835,3320,3990,4447,71,108,138,925,1682,2010,2217,49,87,122,910,1638,1980,2230
665,OCEANIA,909,Togo,768,12,6,20,30,280,370,408,9,5,10,15,145,193,202,3,1,10,15,135,177,206
666,OCEANIA,909,Kazakhstan,398,297,353,380,670,1190,1920,2304,132,144,156,252,452,722,839,165,209,224,418,738,1198,1465
667,OCEANIA,909,Kyrgyzstan,417,101,88,100,240,360,490,602,39,25,50,99,148,190,225,62,63,50,141,212,300,377
668,OCEANIA,909,Tajikistan,762,41,26,50,70,100,160,171,19,10,25,35,36,59,71,22,16,25,35,64,101,100
669,OCEANIA,909,Turkmenistan,795,25,18,30,60,90,100,127,9,5,15,30,45,29,35,16,13,15,30,45,71,92
670,OCEANIA,909,Uzbekistan,860,245,383,490,760,1300,1840,2185,123,186,253,350,606,820,1005,122,197,237,410,694,1020,1180
671,OCEANIA,909,China,156,113897,140781,202921,318066,464616,609887,806051,59271,68611,94066,146297,213061,277301,366317,54626,72170,108855,171769,251555,332586,439734
672,OCEANIA,909,China,156,344,62699,80131,86424,87202,92879,102405,118821,31013,39355,42582,42597,45054,49931,57811,31686,40776,43842,44605,47825,52474
673,OCEANIA,909,China,156,446,1699,1947,2050,2100,2560,2780,3294,767,877,927,956,1181,1234,1514,932,1070,1123,1144,1379,1546
674,OCEANIA,909,China,156,158,0,0,0,0,0,0,0,0,0,0,0,0,0,0,0,0,0,0,0,0
675,OCEANIA,909,DemPeoplesRepublicofKorea,408,50,237,380,430,230,220,268,25,126,213,254,113,99,134,25,111,167,176,117,121,134
676,OCEANIA,909,Japan,392,27663,34662,37724,46073,53574,61477,73386,12830,16541,15774,17888,20704,22627,27236,14833,18121,21950,28185,32870,38850,46150
677,OCEANIA,909,Mongolia,496,36,80,120,240,700,1780,3854,22,37,64,104,298,792,1798,14,43,56,136,402,988,2056
678,OCEANIA,909,RepublicofKorea,410,30924,46382,58921,83990,116777,138842,160730,15282,22651,28205,39613,55602,66320,76980,15642,23731,30716,44377,61175,72522,83750
679,OCEANIA,909,BruneiDarussalam,96,1620,1911,2100,2570,3040,2890,3294,849,986,1069,1262,1504,1406,1587,771,925,1031,1308,1536,1484,1707
680,OCEANIA,909,Cambodia,116,25247,27443,30248,33882,38701,41797,47484,12735,13524,14626,16074,18031,19378,21836,12512,13919,15622,17808,20670,22419,25648
681,OCEANIA,909,Indonesia,360,50153,56635,70180,75701,90498,96656,111003,26429,29288,34375,35374,41291,43879,50027,23724,27347,35805,40327,49207,52777,60976
682,OCEANIA,909,LaoPeoplesDemocraticRepublic,418,11687,11912,11129,11322,11878,11620,12537,6004,6060,5513,5525,5662,5474,5833,5683,5852,5616,5797,6216,6146,6704
683,OCEANIA,909,Malaysia,458,81044,92611,96014,115494,145649,160598,198786,39496,44042,45329,53884,68047,76622,95137,41548,48569,50685,61610,77602,83976,103649
684,OCEANIA,909,Myanmar,104,10247,11940,12782,14134,24775,34360,41262,5008,5785,6318,6896,12097,17064,21091,5239,6155,6464,7238,12678,17296,20171
685,OCEANIA,909,Philippines,608,136812,157614,174191,201739,258635,326556,405310,57227,64478,71319,82766,106208,139483,172887,79585,93136,102872,118973,152427,187073,232423
686,OCEANIA,909,Singapore,702,30307,33266,38096,47768,58753,65110,73223,14278,15683,17903,22182,26689,30940,34073,16029,17583,20193,25586,32064,34170,39150
687,OCEANIA,909,Thailand,764,18505,23292,28054,37435,58582,74423,93497,7460,9283,10961,13960,21129,25985,32253,11045,14009,17093,23475,37453,48438,61244
688,OCEANIA,909,TimorLeste,626,9518,4904,0,10709,10580,10000,10555,4868,2503,0,5346,5240,5019,5276,4650,2401,0,5363,5340,4981,5279
689,OCEANIA,909,VietNam,704,140846,161801,168753,180338,210658,243131,280754,73128,81486,82955,86817,98617,111900,127583,67718,80315,85798,93521,112041,131231,153171
690,OCEANIA,909,Afghanistan,4,2885,8382,13294,20668,33154,52090,64706,1558,4800,7677,11592,17995,29816,39144,1327,3582,5617,9076,15159,22274,25562
691,OCEANIA,909,Bangladesh,50,4369,8277,11715,19435,32752,46356,57328,2627,4995,7035,11903,19407,25842,31959,1742,3282,4680,7532,13345,20514,25369
692,OCEANIA,909,Bhutan,64,25,33,70,130,1690,5850,7937,19,25,35,79,845,3017,4037,6,8,35,51,845,2833,3900
693,OCEANIA,909,India,356,81077,92570,112701,191982,387253,520514,703462,41826,47605,58058,103339,220597,281306,377726,39251,44965,54643,88643,166656,239208,325736
694,OCEANIA,909,IranIslamicRepublicof,364,17993,19992,23285,29387,39470,65263,79429,9802,10841,12517,15477,20843,34555,43246,8191,9151,10768,13910,18627,30708,36183
695,OCEANIA,909,Maldives,462,80,113,170,280,430,610,656,39,51,78,108,194,284,306,41,62,92,172,236,326,350
696,OCEANIA,909,Nepal,524,632,1658,2574,4604,28357,51740,83366,436,1136,1740,2873,17696,28944,45894,196,522,834,1731,10661,22796,37472
697,OCEANIA,909,Pakistan,586,7271,10179,13689,20572,34929,67055,90263,4242,5838,7671,11557,20954,40407,54494,3029,4341,6018,9015,13975,26648,35769
698,OCEANIA,909,SriLanka,144,49076,56557,64300,77641,105290,129774,154584,25244,28737,32563,39472,54198,67056,81408,23832,27820,31737,38169,51092,62718,73176
699,OCEANIA,909,Armenia,51,388,710,980,1110,1200,1460,1658,180,340,465,528,552,638,750,208,370,515,582,648,822,908
700,OCEANIA,909,Azerbaijan,31,99,128,190,300,420,650,753,44,54,81,126,176,273,340,55,74,109,174,244,377,413
701,OCEANIA,909,Bahrain,48,493,650,770,1080,1330,1730,2055,248,338,414,603,737,933,1123,245,312,356,477,593,797,932
702,OCEANIA,909,Cyprus,196,24036,23918,22810,22447,21350,20100,20884,12420,12265,11552,11229,10568,9995,10300,11616,11653,11258,11218,10782,10105,10584
703,OCEANIA,909,Georgia,268,17,168,290,400,490,620,720,6,85,150,190,233,296,334,11,83,140,210,257,324,386
704,OCEANIA,909,Iraq,368,6169,18129,31197,42854,57605,76568,96679,3373,10152,17150,22819,29687,39569,50029,2796,7977,14047,20035,27918,36999,46650
705,OCEANIA,909,Israel,376,7756,7358,7380,8949,10700,11240,12666,4205,3959,4049,4949,5974,6356,7112,3551,3399,3331,4000,4726,4884,5554
706,OCEANIA,909,Jordan,400,2175,2918,3480,4160,5250,6530,8012,1184,1606,1949,2354,2990,3660,4470,991,1312,1531,1806,2260,2870,3542
707,OCEANIA,909,Kuwait,414,919,1761,2510,3120,4320,6580,7754,472,937,1352,1709,2494,3928,4630,447,824,1158,1411,1826,2652,3124
708,OCEANIA,909,Lebanon,422,81858,79925,79070,84886,89640,93290,101508,43397,41939,41310,44522,47157,49037,53450,38461,37986,37760,40364,42483,44253,48058
709,OCEANIA,909,Oman,512,45,188,340,840,1250,1560,2260,29,113,196,489,743,836,1294,16,75,144,351,507,724,966
710,OCEANIA,909,Qatar,634,97,183,250,440,660,1100,1507,55,105,145,261,380,606,799,42,78,105,179,280,494,708
711,OCEANIA,909,SaudiArabia,682,637,1185,1780,3559,13885,16431,17417,331,623,921,1922,8671,9071,9532,306,562,859,1637,5214,7360,7885
712,OCEANIA,909,StateofPalestine,275,2753,3005,3060,3260,3070,3190,3424,1618,1732,1743,1840,1741,1814,1933,1135,1273,1317,1420,1329,1376,1491
713,OCEANIA,909,SyrianArabRepublic,760,5351,6538,7320,8259,9330,14170,26291,2743,3296,3666,4084,4592,6922,13133,2608,3242,3654,4175,4738,7248,13158
714,OCEANIA,909,Turkey,792,33246,32718,34060,37454,39810,39710,43655,17541,17046,17518,19298,20708,20737,22938,15705,15672,16542,18156,19102,18973,20717
715,OCEANIA,909,UnitedArabEmirates,784,561,1005,1390,2800,5240,8090,11136,305,538,739,1588,3048,4295,5993,256,467,651,1212,2192,3795,5143
716,OCEANIA,909,Yemen,887,221,314,390,520,590,710,903,138,189,229,295,317,404,514,83,125,161,225,273,306,389
717,OCEANIA,909,Belarus,112,260,829,1360,1600,1840,2180,2433,128,379,614,697,752,900,969,132,450,746,903,1088,1280,1464
718,OCEANIA,909,Bulgaria,100,1755,2465,3020,3440,3600,3930,4361,1087,1423,1672,1754,1698,1844,2014,668,1042,1348,1686,1902,2086,2347
719,OCEANIA,909,Czechia,203,17955,16181,13754,14552,14724,14577,16801,10157,8890,7274,7379,7175,6931,7961,7798,7291,6480,7173,7549,7646,8840
720,OCEANIA,909,Hungary,348,29394,29068,27092,25535,24170,22541,23805,16206,15795,14314,13138,12179,11207,11667,13188,13273,12778,12397,11991,11334,12138
721,OCEANIA,909,Poland,616,75526,75380,68764,65186,60923,56549,60030,38615,37550,32781,30055,27085,24974,26391,36911,37830,35983,35131,33838,31575,33639
722,OCEANIA,909,RepublicofMoldova,498,15,316,570,810,1000,1160,1269,9,153,273,373,441,529,554,6,163,297,437,559,631,715
723,OCEANIA,909,Romania,642,12512,13519,15072,17858,18917,19389,20774,6798,7182,7653,8898,9211,9414,10013,5714,6337,7419,8960,9706,9975,10761
724,OCEANIA,909,RussianFederation,643,9478,15593,19668,22518,25876,31465,37436,3870,6584,8279,9295,10548,12796,15190,5608,9009,11389,13223,15328,18669,22246
725,OCEANIA,909,Slovakia,703,2697,4671,6360,6059,5990,6720,7366,1557,2564,3413,3064,2803,3143,3409,1140,2107,2947,2995,3187,3577,3957
726,OCEANIA,909,Ukraine,804,12675,17034,17857,17902,17623,18492,20618,6464,8221,8152,7763,7269,7921,8761,6211,8813,9705,10139,10354,10571,11857
727,OCEANIA,909,ChannelIslands,830,0,0,0,0,0,0,0,0,0,0,0,0,0,0,0,0,0,0,0,0,0
728,OCEANIA,909,Denmark,208,10520,10968,11315,11904,12066,11695,13135,5952,6101,6082,6288,6281,6055,6706,4568,4867,5233,5616,5785,5640,6429
729,OCEANIA,909,Estonia,233,2731,2556,1970,1660,2240,3440,3887,1251,1161,882,737,1028,1472,1638,1480,1395,1088,923,1212,1968,2249
730,OCEANIA,909,FaroeIslands,234,17,19,30,40,40,30,20,5,8,15,20,20,18,12,12,11,15,20,20,12,8
731,OCEANIA,909,Finland,246,9718,9656,9420,9489,9520,9210,9779,4790,4718,4380,4269,4068,3793,3962,4928,4938,5040,5220,5452,5417,5817
732,OCEANIA,909,Iceland,352,342,480,560,670,700,610,613,179,257,308,352,356,333,320,163,223,252,318,344,277,293
733,OCEANIA,909,Ireland,372,59119,60621,60177,62328,79069,99970,105144,30688,31358,31036,32278,42368,53352,56034,28431,29263,29141,30050,36701,46618,49110
734,OCEANIA,909,IsleofMan,833,731,737,710,760,880,810,1000,383,377,361,395,467,453,523,348,360,349,365,413,357,477
735,OCEANIA,909,Latvia,428,10144,9573,7370,6309,5590,4990,5072,5154,4728,3463,2869,2352,2020,2067,4990,4845,3907,3440,3238,2970,3005
736,OCEANIA,909,Lithuania,440,4818,4843,3850,3300,3090,3370,3822,2592,2519,1898,1516,1314,1392,1561,2226,2324,1952,1784,1776,1978,2261
737,OCEANIA,909,Norway,578,2622,3411,3990,4380,4350,4360,4748,1539,1907,2168,2188,2080,1961,2175,1083,1504,1822,2192,2270,2399,2573
738,OCEANIA,909,Sweden,752,6216,7256,8043,9673,11323,12882,15052,3304,3752,4059,4628,5103,5567,6474,2912,3504,3984,5045,6220,7315,8578
739,OCEANIA,909,UnitedKingdom,826,1342562,1321202,1342616,1352206,1438354,1473388,1574226,678035,665583,673618,679619,725807,749361,799445,664527,655619,668998,672587,712547,724027,774781
740,OCEANIA,909,Albania,8,984,1315,1530,2270,2880,3460,3941,681,803,873,1214,1476,1793,2052,303,512,657,1056,1404,1667,1889
741,OCEANIA,909,Andorra,20,333,181,30,30,20,20,30,163,94,15,15,10,12,17,170,87,15,15,10,8,13
742,OCEANIA,909,BosniaandHerzegovina,70,22312,26278,28650,38394,39730,36750,38485,11394,13418,14675,19453,19885,18404,19186,10918,12860,13975,18941,19845,18346,19299
743,OCEANIA,909,Croatia,191,49238,55933,60428,71468,70392,63615,65511,25896,29318,31636,36913,35807,32241,32839,23342,26615,28792,34555,34585,31374,32672
744,OCEANIA,909,Gibraltar,292,409,447,480,490,480,490,515,198,215,221,243,247,244,266,211,232,259,247,233,246,249
745,OCEANIA,909,Greece,300,148090,142981,130780,128988,122520,115820,119831,76044,72846,66357,64526,60391,57050,58397,72046,70135,64423,64462,62129,58770,61434
746,OCEANIA,909,HolySee,336,0,0,0,0,0,0,0,0,0,0,0,0,0,0,0,0,0,0,0,0,0
747,OCEANIA,909,Italy,380,271883,261671,235899,222470,206961,200965,210495,145676,138685,124822,116132,106799,104907,109099,126207,122986,111077,106338,100162,96058,101396
748,OCEANIA,909,Malta,470,57407,57450,52610,51372,48660,44070,45357,30665,30363,27462,26543,24889,22558,23106,26742,27087,25148,24829,23771,21512,22251
749,OCEANIA,909,Montenegro,499,1297,3419,5330,4020,1880,2030,2196,650,1758,2770,2064,962,1033,1089,647,1661,2560,1956,918,997,1107
750,OCEANIA,909,NorthMacedonia,807,40724,46518,49560,51312,51470,49990,53144,21072,23997,25607,26331,26066,25344,26787,19652,22521,23953,24981,25404,24646,26357
751,OCEANIA,909,Portugal,620,19115,18951,17990,18157,18470,19140,20550,10098,9974,9375,9419,9500,9921,10603,9017,8977,8615,8738,8970,9219,9947
752,OCEANIA,909,SanMarino,674,0,0,0,0,0,0,0,0,0,0,0,0,0,0,0,0,0,0,0,0,0
753,OCEANIA,909,Serbia,688,44312,49660,52060,39289,35725,34923,36878,23142,25817,27056,20170,17959,17436,18240,21170,23843,25004,19119,17766,17487,18638
754,OCEANIA,909,Slovenia,705,7227,8185,8640,8759,8380,8060,8454,3914,4356,4540,4501,4215,4080,4183,3313,3829,4100,4258,4165,3980,4271
755,OCEANIA,909,Spain,724,15263,15213,14379,14538,15115,17917,20139,8287,8233,7578,7536,7692,9172,10181,6976,6980,6801,7002,7423,8745,9958
756,OCEANIA,909,Austria,40,23632,23972,22810,22316,21480,19330,20323,12900,12959,12141,11791,11327,10076,10574,10732,11013,10669,10525,10153,9254,9749
757,OCEANIA,909,Belgium,56,4620,5131,5320,5790,6510,7290,8067,2294,2525,2609,2856,3234,3722,4087,2326,2606,2711,2934,3276,3568,3980
758,OCEANIA,909,France,250,54195,60216,66944,77723,90724,108291,122472,31090,34176,37377,42532,49152,58873,65783,23105,26040,29567,35191,41572,49418,56689
759,OCEANIA,909,Germany,276,132104,132366,127622,133723,138648,132944,150036,65108,64800,62311,64758,66486,63853,71820,66996,67566,65311,68965,72162,69091,78216
760,OCEANIA,909,Liechtenstein,438,16,8,20,20,30,20,20,13,7,10,10,15,12,12,3,1,10,10,15,8,8
761,OCEANIA,909,Luxembourg,442,125,151,150,170,210,250,301,63,73,78,79,104,115,145,62,78,72,91,106,135,156
762,OCEANIA,909,Monaco,492,37,19,30,50,70,80,96,23,12,15,25,35,45,50,14,7,15,25,35,35,46
763,OCEANIA,909,Netherlands,528,128721,123041,114440,112757,109549,101226,105361,68527,64724,58941,57558,55451,51332,53219,60194,58317,55499,55199,54098,49894,52142
764,OCEANIA,909,Switzerland,756,11517,12729,14864,16069,17214,17495,19802,6410,7000,7898,8444,8895,9035,10210,5107,5729,6966,7625,8319,8460,9592
765,OCEANIA,909,Anguilla,660,0,0,0,0,0,0,0,0,0,0,0,0,0,0,0,0,0,0,0,0,0
766,OCEANIA,909,AntiguaandBarbuda,28,21,15,30,30,40,60,63,6,3,15,15,20,34,34,15,12,15,15,20,26,29
767,OCEANIA,909,Aruba,533,26,28,60,50,60,70,75,16,18,30,25,30,40,40,10,10,30,25,30,30,35
768,OCEANIA,909,Bahamas,44,178,230,270,270,280,310,332,92,109,126,121,120,144,155,86,121,144,149,160,166,177
769,OCEANIA,909,Barbados,52,301,345,370,380,430,450,483,169,195,207,209,231,246,271,132,150,163,171,199,204,212
770,OCEANIA,909,Bonaire,16,535,0,0,0,0,0,0,0,0,0,0,0,0,0,0,0,0,0,0,0,0
771,OCEANIA,909,BritishVirginIslands,92,6,3,0,0,0,0,0,3,2,0,0,0,0,0,3,1,0,0,0,0,0
772,OCEANIA,909,CaymanIslands,136,3,1,20,40,80,130,160,0,0,10,20,40,67,68,3,1,10,20,40,63,92
773,OCEANIA,909,Cuba,192,361,438,510,610,750,880,990,197,235,268,325,403,489,548,164,203,242,285,347,391,442
774,OCEANIA,909,CuraÃao,531,35,54,90,100,120,150,160,17,30,45,45,52,65,70,18,24,45,55,68,85,90
775,OCEANIA,909,Dominica,212,6,3,20,20,30,40,42,6,3,10,10,15,23,23,0,0,10,10,15,17,19
776,OCEANIA,909,DominicanRepublic,214,23,42,70,110,140,210,235,9,20,35,51,59,90,85,14,22,35,59,81,120,150
777,OCEANIA,909,Grenada,308,89,92,130,130,130,140,150,46,44,60,67,75,75,81,43,48,70,63,55,65,69
778,OCEANIA,909,Guadeloupe,312,9,4,10,20,20,20,20,3,1,5,10,10,12,12,6,3,5,10,10,8,8
779,OCEANIA,909,Haiti,332,43,53,90,90,100,120,138,22,27,45,45,43,64,74,21,26,45,45,57,56,64
780,OCEANIA,909,Jamaica,388,662,830,930,1000,1090,1290,1409,321,427,486,518,576,696,738,341,403,444,482,514,594,671
781,OCEANIA,909,Martinique,474,20,20,40,30,40,40,42,13,17,20,15,20,23,23,7,3,20,15,20,17,19
782,OCEANIA,909,Montserrat,500,0,0,0,0,0,0,0,0,0,0,0,0,0,0,0,0,0,0,0,0,0
783,OCEANIA,909,PuertoRico,630,1163,1412,1746,3633,5083,5031,5298,579,703,839,1769,2508,2503,2636,584,709,907,1864,2575,2528,2662
784,OCEANIA,909,SaintBarthelemy,652,0,0,0,0,0,0,0,0,0,0,0,0,0,0,0,0,0,0,0,0,0
785,OCEANIA,909,SaintKittsandNevis,659,17,19,19,19,19,19,18,6,9,9,9,9,12,12,11,10,10,10,10,7,6
786,OCEANIA,909,SaintLucia,662,16,13,13,13,13,13,12,12,11,11,11,11,9,9,4,2,2,2,2,4,3
787,OCEANIA,909,SaintMartinFrenchpart,663,0,0,0,0,0,0,0,0,0,0,0,0,0,0,0,0,0,0,0,0,0
788,OCEANIA,909,SaintVincentandtheGrenadines,670,22,47,47,47,47,47,47,12,37,37,37,37,27,28,10,10,10,10,10,20,19
789,OCEANIA,909,SintMaartenDutchpart,534,0,0,0,0,0,0,0,0,0,0,0,0,0,0,0,0,0,0,0,0,0
790,OCEANIA,909,TrinidadandTobago,780,920,1205,1410,1560,1690,1910,2013,446,594,703,791,851,981,997,474,611,707,769,839,929,1016
791,OCEANIA,909,TurksandCaicosIslands,796,0,0,0,0,0,0,0,0,0,0,0,0,0,0,0,0,0,0,0,0,0
792,OCEANIA,909,UnitedStatesVirginIslands,850,0,0,0,0,0,0,0,0,0,0,0,0,0,0,0,0,0,0,0,0,0
793,OCEANIA,909,Belize,84,34,17,50,60,60,80,85,13,7,25,30,30,45,44,21,10,25,30,30,35,41
794,OCEANIA,909,CostaRica,188,236,307,350,380,440,500,580,122,161,189,200,227,254,299,114,146,161,180,213,246,281
795,OCEANIA,909,ElSalvador,222,8774,10028,10670,10749,10960,11350,12310,4331,4898,5193,5242,5349,5565,5984,4443,5130,5477,5507,5611,5785,6326
796,OCEANIA,909,Guatemala,320,217,276,310,350,410,540,613,108,138,154,162,192,258,296,109,138,156,188,218,282,317
797,OCEANIA,909,Honduras,340,124,146,180,230,240,320,343,68,71,94,128,122,153,163,56,75,86,102,118,167,180
798,OCEANIA,909,Mexico,484,777,1049,1270,1820,3400,5390,6881,330,462,583,862,1695,2650,3336,447,587,687,958,1705,2740,3545
799,OCEANIA,909,Nicaragua,558,725,785,800,770,820,860,947,349,380,378,363,384,410,458,376,405,422,407,436,450,489
800,OCEANIA,909,Panama,591,118,138,140,170,220,250,289,62,79,70,97,130,134,138,56,59,70,73,90,116,151
801,OCEANIA,909,Argentina,32,13574,13057,12393,13957,15060,17280,22036,6806,6503,6101,6836,7402,8472,10696,6768,6554,6292,7121,7658,8808,11340
802,OCEANIA,909,BoliviaPlurinationalStateof,68,509,622,700,770,860,1050,1183,245,300,339,363,404,500,558,264,322,361,407,456,550,625
803,OCEANIA,909,Brazil,76,3644,4845,5388,9215,19278,30518,51640,1803,2274,2461,4345,9212,14606,24928,1841,2571,2927,4870,10066,15912,26712
804,OCEANIA,909,Chile,152,29971,28801,26815,28182,30204,32683,38578,14739,14047,12953,13585,14628,15983,18833,15232,14754,13862,14597,15576,16700,19745
805,OCEANIA,909,Colombia,170,2341,3436,4209,6182,13200,21007,31101,1100,1631,2031,2899,6296,9863,14651,1241,1805,2178,3283,6904,11144,16450
806,OCEANIA,909,Ecuador,218,1085,1316,1460,1650,1940,2810,2949,573,665,723,804,954,1397,1468,512,651,737,846,986,1413,1481
807,OCEANIA,909,FalklandIslandsMalvinas,238,78,112,130,120,130,120,117,42,58,66,59,65,60,58,36,54,64,61,65,60,59
808,OCEANIA,909,FrenchGuiana,254,6,3,10,10,10,20,20,0,0,5,5,5,12,12,6,3,5,5,5,8,8
809,OCEANIA,909,Guyana,328,426,492,520,560,600,660,709,202,227,233,267,279,312,346,224,265,287,293,321,348,363
810,OCEANIA,909,Paraguay,600,277,343,360,410,450,500,613,148,168,164,193,206,234,287,129,175,196,217,244,266,326
811,OCEANIA,909,Peru,604,3795,4928,5770,6679,9610,11270,12698,1640,2142,2520,2916,4319,4974,5549,2155,2786,3250,3763,5291,6296,7149
812,OCEANIA,909,Suriname,740,68,76,90,100,120,170,181,31,32,45,51,52,71,71,37,44,45,49,68,99,110
813,OCEANIA,909,Uruguay,858,11795,11366,10570,10789,10630,10580,11449,5821,5550,5161,5199,5108,5129,5506,5974,5816,5409,5590,5522,5451,5943
814,OCEANIA,909,VenezuelaBolivarianRepublicof,862,606,915,1170,1580,3350,5760,7560,278,431,560,726,1631,2911,3795,328,484,610,854,1719,2849,3765
815,OCEANIA,909,Bermuda,60,351,392,410,460,520,580,623,180,196,200,226,262,290,302,171,196,210,234,258,290,321
816,OCEANIA,909,Canada,124,34506,35660,38225,45271,54258,62912,74187,16888,17329,18609,21896,25828,29870,34846,17618,18331,19616,23375,28430,33042,39341
817,OCEANIA,909,Greenland,304,0,0,0,0,0,0,0,0,0,0,0,0,0,0,0,0,0,0,0,0,0
818,OCEANIA,909,SaintPierreandMiquelon,666,0,0,0,0,0,0,0,0,0,0,0,0,0,0,0,0,0,0,0,0,0
819,OCEANIA,909,UnitedStatesofAmerica,840,97760,98760,100831,114741,130956,152760,179509,54384,54517,53413,59237,66369,78462,89431,43376,44243,47418,55504,64587,74298,90078
820,OCEANIA,909,Australia,36,64726,70752,68910,74543,76131,78338,98606,32111,35357,35336,38157,38759,39839,49669,32615,35395,33574,36386,37372,38499,48937
821,OCEANIA,909,NewZealand,554,306395,319391,373171,431611,525922,583296,619321,158296,163867,190819,221229,270945,300549,317924,148099,155524,182352,210382,254977,282747,301397
822,OCEANIA,909,Fiji,242,55619,60470,73702,93120,112166,130088,147865,27189,28798,35258,44546,53467,62396,70683,28430,31672,38444,48574,58699,67692,77182
823,OCEANIA,909,NewCaledonia,540,4070,4432,4679,4972,5066,5106,5305,1886,2049,2144,2361,2509,2492,2599,2184,2383,2535,2611,2557,2614,2706
824,OCEANIA,909,PapuaNewGuinea,598,2354,2760,2283,2123,2040,2087,2289,1146,1353,1143,1065,1029,1049,1147,1208,1407,1140,1058,1011,1038,1142
825,OCEANIA,909,SolomonIslands,90,2149,2341,2381,2653,2998,3418,3768,1097,1184,1185,1294,1468,1697,1840,1052,1157,1196,1359,1530,1721,1928
826,OCEANIA,909,Vanuatu,548,4693,5375,5945,6375,6723,5636,6062,2481,2819,3128,3345,3535,2815,3005,2212,2556,2817,3030,3188,2821,3057
827,OCEANIA,909,Guam,316,1309,1529,1733,1675,1211,1119,1136,649,795,899,827,558,528,523,660,734,834,848,653,591,613
828,OCEANIA,909,Kiribati,296,4002,4128,3801,3789,3280,3780,4741,1912,1980,1815,1833,1603,1854,2326,2090,2148,1986,1956,1677,1926,2415
829,OCEANIA,909,MarshallIslands,584,337,402,498,474,418,422,435,172,214,256,236,207,213,220,165,188,242,238,211,209,215
830,OCEANIA,909,MicronesiaFedStatesof,583,4946,7124,9354,11267,12483,12436,13062,2586,3671,4747,5679,6284,6286,6587,2360,3453,4607,5588,6199,6150,6475
831,OCEANIA,909,Nauru,520,1394,1491,1570,1834,2090,2173,2380,617,689,758,918,1076,1083,1178,777,802,812,916,1014,1090,1202
832,OCEANIA,909,NorthernMarianaIslands,580,2221,2353,2476,2547,2542,2532,2664,1046,1125,1189,1256,1292,1296,1354,1175,1228,1287,1291,1250,1236,1310
833,OCEANIA,909,Palau,585,2942,2824,2791,2714,2352,2293,2385,1360,1360,1317,1302,1162,1137,1187,1582,1464,1474,1412,1190,1156,1198
834,OCEANIA,909,AmericanSamoa,16,1078,1617,2142,2028,1791,1522,1329,577,870,1128,1057,924,785,684,501,747,1014,971,867,737,645
835,OCEANIA,909,CookIslands,184,17467,16990,19458,19561,20544,21544,21095,8370,8142,9485,9546,10063,10689,10451,9097,8848,9973,10015,10481,10855,10644
836,OCEANIA,909,FrenchPolynesia,258,3043,3565,4039,2486,956,1194,1291,1537,1784,2003,1248,519,698,760,1506,1781,2036,1238,437,496,531
837,OCEANIA,909,Niue,570,5837,5517,5659,5239,5330,5326,5162,2822,2620,2740,2560,2597,2605,2537,3015,2897,2919,2679,2733,2721,2625
838,OCEANIA,909,Samoa,882,63276,67513,77193,82454,88028,97024,107370,30936,32709,37937,40438,43159,47774,52874,32340,34804,39256,42016,44869,49250,54496
839,OCEANIA,909,Tokelau,772,1681,1808,2059,2088,2167,2171,2112,835,900,1017,1037,1090,1096,1068,846,908,1042,1051,1077,1075,1044
840,OCEANIA,909,Tonga,776,21688,23660,28263,31040,34474,37979,44401,10941,11777,14017,15398,17179,19157,22297,10747,11883,14246,15642,17295,18822,22104
841,OCEANIA,909,Tuvalu,798,2268,2615,2241,2417,2344,2554,3025,1162,1320,1161,1249,1185,1312,1537,1106,1295,1080,1168,1159,1242,1488
842,OCEANIA,909,WallisandFutunaIslands,876,5588,6478,7360,7409,7448,11212,11902,2915,3335,3745,3688,3625,5359,5666,2673,3143,3615,3721,3823,5853,6236
843,ASIA,935,SubSaharanAfrica,947,224009,250021,274186,362070,579705,712178,764696,129120,145659,161576,215410,331321,401963,451875,94889,104362,112610,146660,248384,310215,312821
844,ASIA,935,NorthernAfricaandWesternAsia,1833,6102236,6866899,7510239,8458387,11120366,15980733,18246980,3281239,3708895,4113833,4696989,6401756,9200451,10505454,2820997,3158004,3396406,3761398,4718610,6780282,7741526
845,ASIA,935,CentralandSouthernAsia,921,23188681,19768822,20296506,20924580,26690713,29934014,32579976,13032087,11302956,11762132,12504391,16956006,19398453,21556834,10156594,8465866,8534374,8420189,9734707,10535561,11023142
846,ASIA,935,EasternandSouthEasternAsia,1832,7744578,9164175,11008128,13458154,16861324,19193898,21626213,4116149,4789763,5624234,6880902,8697672,9959651,11328467,3628429,4374412,5383894,6577252,8163652,9234247,10297746
847,ASIA,935,LatinAmericaandtheCaribbean,1830,118597,291724,407595,394800,426361,376798,414658,58940,140407,191613,186970,203055,192580,208809,59657,151317,215982,207830,223306,184218,205849
848,ASIA,935,OceaniaexcludingAustraliaandNewZealand,1835,2456,1394,2827,2715,1983,1937,1948,1035,605,1277,1275,847,820,824,1421,789,1550,1440,1136,1117,1124
849,ASIA,935,AustraliaandNewZealand,927,41104,46014,55218,67585,86261,90494,99777,21786,24292,28810,36403,47033,48841,54550,19318,21722,26408,31182,39228,41653,45227
850,ASIA,935,EuropeandNorthernAmerica,1829,7872110,7273119,6769718,6790407,6912932,7070539,7707829,3563586,3298423,3070047,3138079,3247418,3308499,3502963,4308524,3974696,3699671,3652328,3665514,3762040,4204866
851,ASIA,935,Developedregions,901,7970869,7380320,6897431,6940990,7108893,7278180,7934514,3618729,3356288,3136256,3218784,3352599,3421786,3620909,4352140,4024032,3761175,3722206,3756294,3856394,4313605
852,ASIA,935,Lessdevelopedregions,902,37322902,36281848,39426986,43517708,55570752,66082411,73507563,20585213,20054712,21817266,24441635,32532509,39089472,43988867,16737689,16227136,17609720,19076073,23038243,26992939,29518696
853,ASIA,935,Lessdevelopedregions,902,934,21819019,23647605,25840119,29333539,37477396,46380815,51786486,11968420,12935678,14150775,16392053,22000550,27525955,30787386,9850599,10711927,11689344,12941486,15476846,18854860
854,ASIA,935,Lessdevelopedregions,902,948,34379996,33073438,35948891,39225575,50605516,60600335,67756230,19029601,18400600,20076591,22375820,30225644,36552423,41418732,15350395,14672838,15872300,16849755,20379872,24047912
855,ASIA,935,Leastdevelopedcountries,941,15503883,12634243,13586867,14184169,18093356,19701596,21721077,8616793,7119034,7666491,8049582,10531959,11563517,13201481,6887090,5515209,5920376,6134587,7561397,8138079,8519596
856,ASIA,935,LandlockedDevelopingCountriesLLDC,1636,10221486,7179783,7716488,7455828,9026423,9469470,9928139,5348210,3734689,4046292,3899762,4695010,4979550,5310856,4873276,3445094,3670196,3556066,4331413,4489920,4617283
857,ASIA,935,SmallislanddevelopingStatesSIDS,1637,83344,160975,261021,229122,195272,217578,225830,41541,80714,130569,119249,102401,114962,111381,41803,80261,130452,109873,92871,102616,114449
858,ASIA,935,Highincomecountries,1503,2603992,2729882,2920769,3076170,3543983,3606259,3944722,1305555,1384238,1467562,1562630,1818377,1857955,1958221,1298437,1345644,1453207,1513540,1725606,1748304,1986501
859,ASIA,935,Middleincomecountries,1517,33699503,35212043,37212909,41615425,51497503,56889637,63034099,17976044,18823499,19998901,22775262,29664132,33381189,37316594,15723459,16388544,17214008,18840163,21833371,23508448,25717505
860,ASIA,935,Uppermiddleincomecountries,1502,12602018,13192920,13783534,15192340,17603523,17986807,19574342,6184566,6442512,6683344,7422395,8691016,8928881,9468105,6417452,6750408,7100190,7769945,8912507,9057926,10106237
861,ASIA,935,Lowermiddleincomecountries,1501,21097485,22019123,23429375,26423085,33893980,38902830,43459757,11791478,12380987,13315557,15352867,20973116,24452308,27848489,9306007,9638136,10113818,11070218,12920864,14450522,15611268
862,ASIA,935,Lowincomecountries,1500,8990265,5720216,6190695,5767057,7638112,12864649,14463195,4922337,3203249,3487038,3322506,4402578,7272093,8334936,4067928,2516967,2703657,2444551,3235534,5592556,6128259
863,ASIA,935,AFRICA,903,1777604,1953253,2164626,2335304,3426719,4166307,4720103,1076718,1212155,1370020,1492362,2246293,2644895,3031554,700886,741098,794606,842942,1180426,1521412,1688549
864,ASIA,935,EasternAfrica,910,194702,217497,237550,321867,524984,651331,696185,115698,129344,141465,193375,298873,365646,411008,79004,88153,96085,128492,226111,285685,285177
865,ASIA,935,MiddleAfrica,911,13459,12686,12786,8863,8219,8630,11235,5023,5955,7667,5191,5700,5874,7420,8436,6731,5119,3672,2519,2756,3815
866,ASIA,935,NorthernAfrica,912,1553595,1703232,1890440,1973234,2847014,3454129,3955407,947598,1066496,1208444,1276952,1914972,2242932,2579679,605997,636736,681996,696282,932042,1211197,1375728
867,ASIA,935,SouthernAfrica,913,10059,12070,14147,16134,19671,19209,20174,4831,5675,6611,7425,8975,8737,9149,5228,6395,7536,8709,10696,10472,11025
868,ASIA,935,WesternAfrica,914,5789,7768,9703,15206,26831,33008,37102,3568,4685,5833,9419,17773,21706,24298,2221,3083,3870,5787,9058,11302,12804
869,ASIA,935,ASIA,935,35481900,34096664,36924433,40867887,51825389,61654516,68497762,19481877,18735118,20291755,22805330,30140462,36315623,40811076,16000023,15361546,16632678,18062557,21684927,25338893,27686686
870,ASIA,935,CentralAsia,5500,602823,582162,566133,601798,610510,625192,646620,280879,279890,271024,294830,311496,322504,337303,321944,302272,295109,306968,299014,302688,309317
871,ASIA,935,EasternAsia,906,3813792,4071240,4342969,5121606,5921089,6377319,6681690,1997140,2101396,2171856,2485429,2791258,3015483,3062411,1816652,1969844,2171113,2636177,3129831,3361836,3619279
872,ASIA,935,SouthEasternAsia,920,3930786,5092935,6665159,8336548,10940235,12816579,14944523,2119009,2688367,3452378,4395473,5906414,6944168,8266056,1811777,2404568,3212781,3941075,5033821,5872411,6678467
873,ASIA,935,SouthernAsia,5501,22585858,19186660,19730373,20322782,26080203,29308822,31933356,12751208,11023066,11491108,12209561,16644510,19075949,21219531,9834650,8163594,8239265,8113221,9435693,10232873,10713825
874,ASIA,935,WesternAsia,922,4548641,5163667,5619799,6485153,8273352,12526604,14291573,2333641,2642399,2905389,3420037,4486784,6957519,7925775,2215000,2521268,2714410,3065116,3786568,5569085,6365798
875,ASIA,935,EUROPE,908,7632934,6995360,6445653,6408006,6444826,6573735,7169630,3436357,3152115,2900674,2927922,2990993,3030864,3210795,4196577,3843245,3544979,3480084,3453833,3542871,3958835
876,ASIA,935,EasternEurope,923,6889952,6159040,5477558,5378616,5321777,5435470,5769376,3068255,2738498,2422935,2423406,2439629,2480100,2583565,3821697,3420542,3054623,2955210,2882148,2955370,3185811
877,ASIA,935,NorthernEurope,924,196078,216542,269583,290721,322330,335402,366682,101028,112085,138789,150885,170270,178110,182753,95050,104457,130794,139836,152060,157292,183929
878,ASIA,935,SouthernEurope,925,181492,210094,236497,250593,272705,269026,355698,88290,101679,113748,118296,126906,139622,174493,93202,108415,122749,132297,145799,129404,181205
879,ASIA,935,WesternEurope,926,365412,409684,462015,488076,528014,533837,677874,178784,199853,225202,235335,254188,233032,269984,186628,209831,236813,252741,273826,300805,407890
880,ASIA,935,LATINAMERICAANDTHECARIBBEAN,904,118597,291724,407595,394800,426361,376798,414658,58940,140407,191613,186970,203055,192580,208809,59657,151317,215982,207830,223306,184218,205849
881,ASIA,935,Caribbean,915,200,274,462,477,546,449,501,101,138,224,223,252,212,235,99,136,238,254,294,237,266
882,ASIA,935,CentralAmerica,916,2348,3219,4319,4662,5010,5262,5863,1146,1540,2033,2196,2387,2492,2758,1202,1679,2286,2466,2623,2770,3105
883,ASIA,935,SouthAmerica,931,116049,288231,402814,389661,420805,371087,408294,57693,138729,189356,184551,200416,189876,205816,58356,149502,213458,205110,220389,181211,202478
884,ASIA,935,NORTHERNAMERICA,905,239176,277759,324065,382401,468106,496804,538199,127229,146308,169373,210157,256425,277635,292168,111947,131451,154692,172244,211681,219169,246031
885,ASIA,935,OCEANIA,909,43560,47408,58045,70300,88244,92431,101725,22821,24897,30087,37678,47880,49661,55374,20739,22511,27958,32622,40364,42770,46351
886,ASIA,935,Melanesia,928,2395,1312,585,902,957,895,842,994,550,262,439,389,354,326,1401,762,323,463,568,541,516
887,ASIA,935,Micronesia,954,61,82,2242,1813,1026,1042,1106,41,55,1015,836,458,466,498,20,27,1227,977,568,576,608
888,ASIA,935,Polynesia,957,0,0,0,0,0,0,0,0,0,0,0,0,0,0,0,0,0,0,0,0,0
889,ASIA,935,Burundi,108,1,2,2,3,3,2,1,1,2,2,3,3,2,1,0,0,0,0,0,0,0
890,ASIA,935,Comoros,174,0,0,0,0,0,0,0,0,0,0,0,0,0,0,0,0,0,0,0,0,0
891,ASIA,935,Djibouti,262,1,2,2,3,3,2,1,0,0,0,0,0,0,0,1,2,2,3,3,2,1
892,ASIA,935,Eritrea,232,8640,12051,13981,14356,26687,28651,35197,5810,7986,9360,9766,18526,19438,24424,2830,4065,4621,4590,8161,9213,10773
893,ASIA,935,Ethiopia,231,123669,120252,131110,157004,202280,244287,276598,74552,71859,77995,94933,124997,151666,174231,49117,48393,53115,62071,77283,92621,102367
894,ASIA,935,Kenya,404,8237,5677,3387,6737,9187,8571,8105,3897,2710,1644,3635,4400,4026,3743,4340,2967,1743,3102,4787,4545,4362
895,ASIA,935,Madagascar,450,2,3,4,6,8,7,6,1,1,2,3,5,5,5,1,2,2,3,3,2,1
896,ASIA,935,Malawi,454,2,3,4,6,8,7,6,1,1,2,3,5,5,5,1,2,2,3,3,2,1
897,ASIA,935,Mauritius,480,2550,1459,367,389,409,380,354,1299,721,144,154,159,144,131,1251,738,223,235,250,236,223
898,ASIA,935,Mayotte,175,0,0,0,0,0,0,0,0,0,0,0,0,0,0,0,0,0,0,0,0,0
899,ASIA,935,Mozambique,508,3,4,5,7,10,9,8,1,1,1,1,2,2,2,2,3,4,6,8,7,6
900,ASIA,935,Reunion,638,0,0,0,0,0,0,0,0,0,0,0,0,0,0,0,0,0,0,0,0,0
901,ASIA,935,Rwanda,646,0,0,1,2,4,4,4,0,0,0,1,2,2,2,0,0,1,1,2,2,2
902,ASIA,935,Seychelles,690,2,5,9,18,34,32,30,1,3,6,9,19,18,18,1,2,3,9,15,14,12
903,ASIA,935,Somalia,706,42507,68165,77733,102133,213716,297468,305072,24840,40027,45371,62987,119256,159271,177585,17667,28138,32362,39146,94460,138197,127487
904,ASIA,935,SouthSudan,728,5780,7115,8732,9401,18097,21094,23124,3796,4713,5793,6231,12373,13850,15180,1984,2402,2939,3170,5724,7244,7944
905,ASIA,935,Uganda,800,2063,1472,881,29858,52010,48462,45327,939,685,433,14680,18044,16217,14652,1124,787,448,15178,33966,32245,30675
906,ASIA,935,UnitedRepublicofTanzania,834,89,180,273,313,373,356,445,66,140,216,237,269,261,337,23,40,57,76,104,95,108
907,ASIA,935,Zambia,894,1080,999,920,1423,1834,1706,1607,461,450,440,650,683,619,568,619,549,480,773,1151,1087,1039
908,ASIA,935,Zimbabwe,716,76,108,139,208,321,293,300,33,45,56,82,130,120,124,43,63,83,126,191,173,176
909,ASIA,935,Angola,24,581,781,2523,2042,74,76,79,322,426,1170,964,34,35,37,259,355,1353,1078,40,41,42
910,ASIA,935,Cameroon,120,14,20,26,39,59,54,1885,8,11,14,21,31,30,1044,6,9,12,18,28,24,841
911,ASIA,935,CentralAfricanRepublic,140,4,6,7,10,15,13,13,2,3,3,4,7,6,7,2,3,4,6,8,7,6
912,ASIA,935,Chad,148,12561,11458,9332,5815,6745,7181,7871,4538,5304,5765,3521,4738,4909,5377,8023,6154,3567,2294,2007,2272,2494
913,ASIA,935,Congo,178,121,162,555,449,521,529,561,66,87,555,449,521,529,561,55,75,0,0,0,0,0
914,ASIA,935,DemocraticRepublicoftheCongo,180,178,259,343,508,805,777,826,87,124,160,232,369,365,394,91,135,183,276,436,412,432
915,ASIA,935,EquatorialGuinea,226,0,0,0,0,0,0,0,0,0,0,0,0,0,0,0,0,0,0,0,0,0
916,ASIA,935,Gabon,266,0,0,0,0,0,0,0,0,0,0,0,0,0,0,0,0,0,0,0,0,0
917,ASIA,935,SaoTomeandPrincipe,678,0,0,0,0,0,0,0,0,0,0,0,0,0,0,0,0,0,0,0,0,0
918,ASIA,935,Algeria,12,20924,27454,31789,38499,46222,47225,46258,9918,12855,14844,17983,21496,21772,21376,11006,14599,16945,20516,24726,25453,24882
919,ASIA,935,Egypt,818,1013469,1132929,1296024,1331757,2043906,2520503,2894342,642745,742287,867295,898738,1420500,1670342,1920927,370724,390642,428729,433019,623406,850161,973415
920,ASIA,935,Libya,434,34364,32059,28639,25607,24296,38208,43462,16710,15663,14197,12735,12027,20921,24166,17654,16396,14442,12872,12269,17287,19296
921,ASIA,935,Morocco,504,163288,173772,175247,170048,172295,178009,174814,80484,84314,84795,82311,84215,86657,85345,82804,89458,90452,87737,88080,91352,89469
922,ASIA,935,Sudan,729,277219,293239,317200,371989,527206,635588,761531,175950,190007,206898,247534,359248,425065,509334,101269,103232,110302,124455,167958,210523,252197
923,ASIA,935,Tunisia,788,44331,43779,41541,35334,33089,34596,35000,21791,21370,20415,17651,17486,18175,18531,22540,22409,21126,17683,15603,16421,16469
924,ASIA,935,WesternSahara,732,0,0,0,0,0,0,0,0,0,0,0,0,0,0,0,0,0,0,0,0,0
925,ASIA,935,Botswana,72,2,3,4,6,8,7,6,1,1,2,3,5,5,5,1,2,2,3,3,2,1
926,ASIA,935,Eswatini,748,18,44,71,74,76,75,103,7,16,25,25,25,24,29,11,28,46,49,51,51,74
927,ASIA,935,Lesotho,426,0,0,0,0,0,0,0,0,0,0,0,0,0,0,0,0,0,0,0,0,0
928,ASIA,935,Namibia,516,1,2,2,3,3,2,1,1,2,2,3,3,2,1,0,0,0,0,0,0,0
929,ASIA,935,SouthAfrica,710,10038,12021,14070,16051,19584,19125,20064,4822,5656,6582,7394,8942,8706,9114,5216,6365,7488,8657,10642,10419,10950
930,ASIA,935,Benin,204,2,3,4,6,8,7,6,2,3,4,6,8,7,6,0,0,0,0,0,0,0
931,ASIA,935,BurkinaFaso,854,0,0,0,0,0,0,0,0,0,0,0,0,0,0,0,0,0,0,0,0,0
932,ASIA,935,CaboVerde,132,12,16,11,8,128,131,139,7,10,11,8,128,131,139,5,6,0,0,0,0,0
933,ASIA,935,CotedIvoire,384,0,0,2,8,15,16,16,0,0,1,5,8,9,9,0,0,1,3,7,7,7
934,ASIA,935,Gambia,270,0,0,0,0,0,0,0,0,0,0,0,0,0,0,0,0,0,0,0,0,0
935,ASIA,935,Ghana,288,705,1349,1874,2005,2199,2282,2713,382,694,937,986,1089,1111,1329,323,655,937,1019,1110,1171,1384
936,ASIA,935,Guinea,324,0,0,0,0,0,0,0,0,0,0,0,0,0,0,0,0,0,0,0,0,0
937,ASIA,935,GuineaBissau,624,0,0,0,0,0,0,0,0,0,0,0,0,0,0,0,0,0,0,0,0,0
938,ASIA,935,Liberia,430,0,0,1,0,1,1,1,0,0,0,0,1,1,1,0,0,1,0,0,0,0
939,ASIA,935,Mali,466,0,0,0,0,0,0,0,0,0,0,0,0,0,0,0,0,0,0,0,0,0
940,ASIA,935,Mauritania,478,244,269,255,263,335,254,270,190,193,165,191,253,194,203,54,76,90,72,82,60,67
941,ASIA,935,Niger,562,39,33,30,30,31,29,26,18,15,15,14,16,16,16,21,18,15,16,15,13,10
942,ASIA,935,Nigeria,566,4768,6054,7457,12812,24035,30213,33834,2956,3742,4657,8164,16222,20191,22537,1812,2312,2800,4648,7813,10022,11297
943,ASIA,935,SaintHelena,654,0,0,0,0,0,0,0,0,0,0,0,0,0,0,0,0,0,0,0,0,0
944,ASIA,935,Senegal,686,18,42,67,71,74,71,94,12,26,41,42,44,43,56,6,16,26,29,30,28,38
945,ASIA,935,SierraLeone,694,1,2,2,3,3,2,1,1,2,2,3,3,2,1,0,0,0,0,0,0,0
946,ASIA,935,Togo,768,0,0,0,0,2,2,2,0,0,0,0,1,1,1,0,0,0,0,1,1,1
947,ASIA,935,Kazakhstan,398,137253,105979,92284,84431,76217,73582,75212,58809,46548,39437,36804,33723,32794,33462,78444,59431,52847,47627,42494,40788,41750
948,ASIA,935,Kyrgyzstan,417,39483,31792,28626,29878,31554,31050,33268,18092,15255,13607,14335,15413,15172,16313,21391,16537,15019,15543,16141,15878,16955
949,ASIA,935,Tajikistan,762,66286,95503,106414,101787,59210,48583,38683,35041,47942,52181,49338,31758,24139,19946,31245,47561,54233,52449,27452,24444,18737
950,ASIA,935,Turkmenistan,795,10713,10851,11147,13097,13152,12652,12925,4722,5175,5642,6918,7035,6744,6974,5991,5676,5505,6179,6117,5908,5951
951,ASIA,935,Uzbekistan,860,349088,338037,327662,372605,430377,459325,486532,164215,164970,160157,187435,223567,243655,260608,184873,173067,167505,185170,206810,215670,225924
952,ASIA,935,China,156,2842685,3088250,3334091,4064844,4629870,5092275,5337025,1505212,1594381,1669520,1948653,2129251,2326213,2346518,1337473,1493869,1664571,2116191,2500619,2766062,2990507
953,ASIA,935,China,156,344,28145,46588,68253,138643,232727,279580,299167,13965,22509,32966,74891,130815,161268,173170,14180,24079,35287,63752,101912,118312
954,ASIA,935,China,156,446,72076,73572,75751,88646,102639,110221,115141,36435,37222,38189,42271,46799,49568,50447,35641,36350,37562,46375,55840,60653
955,ASIA,935,China,156,158,0,0,0,0,0,0,0,0,0,0,0,0,0,0,0,0,0,0,0,0
956,ASIA,935,DemPeoplesRepublicofKorea,408,22346,35990,53663,59609,67783,71587,75291,10600,17358,26108,29771,34423,36828,38762,11746,18632,27555,29838,33360,34759,36529
957,ASIA,935,Japan,392,57655,61187,72495,82998,109700,117147,126908,33357,33573,37399,44302,58148,64446,63396,24298,27614,35096,38696,51552,52701,63512
958,ASIA,935,Mongolia,496,158,814,1726,9305,20482,24667,31393,81,402,865,5517,11970,14130,17623,77,412,861,3788,8512,10537,13770
959,ASIA,935,RepublicofKorea,410,790727,764839,736990,677561,757888,681842,696765,397490,395951,366809,340024,379852,363030,372495,393237,368888,370181,337537,378036,318812,324270
960,ASIA,935,BruneiDarussalam,96,19610,26791,35346,34048,32615,31942,30715,12227,16949,22360,21131,20178,19619,18793,7383,9842,12986,12917,12437,12323,11922
961,ASIA,935,Cambodia,116,118677,165281,189383,404529,660513,750088,790941,60249,84084,94034,191248,312920,355078,368676,58428,81197,95349,213281,347593,395010,422265
962,ASIA,935,Indonesia,360,1299338,1598437,2045912,2398947,3010651,3653892,4166584,787952,936418,1165277,1361674,1711853,2081541,2360932,511386,662019,880635,1037273,1298798,1572351,1805652
963,ASIA,935,LaoPeoplesDemocraticRepublic,418,229221,273539,354819,617879,919288,995366,1035673,109673,132052,168953,280090,414162,447360,444277,119548,141487,185866,337789,505126,548006,591396
964,ASIA,935,Malaysia,458,364407,639646,959121,1100571,1274076,1417183,1438546,178248,292367,420941,495577,581665,642994,605331,186159,347279,538180,604994,692411,774189,833215
965,ASIA,935,Myanmar,104,640337,857612,1161937,1651736,2370976,2639453,3475925,354172,468135,625636,917886,1332243,1492687,2207337,286165,389477,536301,733850,1038733,1146766,1268588
966,ASIA,935,Philippines,608,663616,782137,1001662,1177099,1665007,2086656,2402967,317322,385625,499183,625840,983634,1214209,1383280,346294,396512,502479,551259,681373,872447,1019687
967,ASIA,935,Singapore,702,66254,64938,73272,101781,127570,145633,152685,32729,32217,36345,52392,66386,76700,79306,33525,32721,36927,49389,61184,68933,73379
968,ASIA,935,Thailand,764,103335,143011,195758,206926,245079,301375,401074,50156,67318,90760,99686,124756,165096,229155,53179,75693,104998,107240,120323,136279,171919
969,ASIA,935,TimorLeste,626,736,71387,143745,80055,20485,22666,23830,479,35749,71801,42531,11518,12960,13608,257,35638,71944,37524,8967,9706,10222
970,ASIA,935,VietNam,704,425255,470156,504204,562977,613975,772325,1025583,215802,237453,257088,307418,347099,435924,555361,209453,232703,247116,255559,266876,336401,470222
971,ASIA,935,Afghanistan,4,7559067,4175195,4527036,3807777,4903930,4859268,4958017,4062672,2272897,2481700,2103238,2658166,2584209,2694804,3496395,1902298,2045336,1704539,2245764,2275059,2263213
972,ASIA,935,Bangladesh,50,5286511,5177181,5108499,5039464,5709382,6090139,6531704,3066999,3017315,2997517,3008898,3758509,4086814,4480586,2219512,2159866,2110982,2030566,1950873,2003325,2051118
973,ASIA,935,Bhutan,64,27895,117302,119383,118161,86517,39063,37173,13557,59421,60914,60291,44144,19844,18701,14338,57881,58469,57870,42373,19219,18472
974,ASIA,935,India,356,5347170,5434341,5726354,6643181,9336552,10940993,12156218,3148643,3221195,3478170,4242105,6419065,7742558,8714432,2198527,2213146,2248184,2401076,2917487,3198435,3441786
975,ASIA,935,IranIslamicRepublicof,364,111858,140351,136915,106670,106233,129128,174168,59452,73870,67321,53540,53886,68617,89354,52406,66481,69594,53130,52347,60511,84814
976,ASIA,935,Maldives,462,1827,1220,613,1398,2466,2314,2272,1501,961,371,710,1164,1012,990,326,259,242,688,1302,1302,1282
977,ASIA,935,Nepal,524,740561,838765,950128,1213465,1581556,2039872,2242511,384577,442232,506862,634598,800309,1117326,1275005,355984,396533,443266,578867,781247,922546,967506
978,ASIA,935,Pakistan,586,2889008,2723458,2613257,2759944,3525767,4256680,4635071,1705017,1634846,1600676,1740203,2413019,2882819,3211549,1183991,1088612,1012581,1019741,1112748,1373861,1423522
979,ASIA,935,SriLanka,144,621961,578847,548188,632722,827800,951365,1196222,308790,300329,297577,365978,496248,572750,734110,313171,278518,250611,266744,331552,378615,462112
980,ASIA,935,Armenia,51,243438,241157,229724,211166,196136,188814,182970,114712,107238,103300,102856,98664,96884,94042,128726,133919,126424,108310,97472,91930,88928
981,ASIA,935,Azerbaijan,31,577588,673165,639554,497610,253428,201800,209062,251671,292825,278736,217182,116570,95840,99174,325917,380340,360818,280428,136858,105960,109888
982,ASIA,935,Bahrain,48,9278,20243,39582,42172,41525,43909,43939,4374,10290,20324,21892,21868,22903,16063,4904,9953,19258,20280,19657,21006,27876
983,ASIA,935,Cyprus,196,9210,9537,9900,10254,10822,10583,14673,4425,4514,4605,4661,4814,4538,5671,4785,5023,5295,5593,6008,6045,9002
984,ASIA,935,Georgia,268,117706,134515,151889,129613,118389,126898,127227,54194,60919,66097,57293,54432,57906,57756,63512,73596,85792,72320,63957,68992,69471
985,ASIA,935,Iraq,368,489998,459574,391923,777649,1849266,776483,898118,254172,238651,211090,413381,953175,410078,379621,235826,220923,180833,364268,896091,366405,518497
986,ASIA,935,Israel,376,99111,99253,99891,84146,70974,68259,69706,43108,43289,43682,36048,31182,29201,29798,56003,55964,56209,48098,39792,39058,39908
987,ASIA,935,Jordan,400,226702,241248,258549,315952,459723,545732,621837,129525,141412,154553,195116,294285,347530,396731,97177,99836,103996,120836,165438,198202,225106
988,ASIA,935,Kuwait,414,55446,56265,56867,64776,106029,109300,117351,31090,33105,34908,39437,67665,69444,75392,24356,23160,21959,25339,38364,39856,41959
989,ASIA,935,Lebanon,422,83639,87320,92114,113968,165467,201835,238938,53024,55646,58982,75255,112535,136003,160306,30615,31674,33132,38713,52932,65832,78632
990,ASIA,935,Oman,512,10072,10107,10420,11832,12585,13179,13653,4951,4923,5022,5728,6150,6227,6742,5121,5184,5398,6104,6435,6952,6911
991,ASIA,935,Qatar,634,10157,10205,10351,11065,13062,13631,14126,4920,4944,5003,5295,6249,6317,6578,5237,5261,5348,5770,6813,7314,7548
992,ASIA,935,SaudiArabia,682,57423,62064,64509,58539,70388,65568,69680,30398,35305,38601,34251,40015,35779,38476,27025,26759,25908,24288,30373,29789,31204
993,ASIA,935,StateofPalestine,275,1533729,1967906,2415769,2834775,3086612,3289162,3449806,744252,956112,1186909,1391052,1511213,1652366,1740817,789477,1011794,1228860,1443723,1575399,1636796,1708989
994,ASIA,935,SyrianArabRepublic,760,443703,457823,475689,550902,769181,5622002,6768403,250662,259141,270011,331447,479534,3180837,3884144,193041,198682,205678,219455,289647,2441165,2884259
995,ASIA,935,Turkey,792,83372,109926,118794,125381,152373,156620,166275,45138,60737,66437,70444,90136,90920,96239,38234,49189,52357,54937,62237,65700,70036
996,ASIA,935,UnitedArabEmirates,784,71876,81723,85759,89523,107056,113243,118659,40200,48170,51898,49911,57213,59505,62179,31676,33553,33861,39612,49843,53738,56480
997,ASIA,935,Yemen,887,426193,441636,468515,555830,790336,979586,1167150,272825,285178,305231,368788,541084,655241,776046,153368,156458,163284,187042,249252,324345,391104
998,ASIA,935,Belarus,112,195573,160068,134719,133625,131714,133925,136534,89882,72756,60515,61265,61530,63457,64840,105691,87312,74204,72360,70184,70468,71694
999,ASIA,935,Bulgaria,100,483744,476648,470308,485365,500792,496325,684005,234300,228633,223052,224629,225750,178399,213626,249444,248015,247256,260736,275042,317926,470379
1000,ASIA,935,Czechia,203,467,931,1433,1618,1927,1834,2300,216,431,657,713,816,771,931,251,500,776,905,1111,1063,1369
1001,ASIA,935,Hungary,348,15922,16881,17119,15282,14569,14247,14222,7461,7719,7779,6954,6620,6325,6277,8461,9162,9340,8328,7949,7922,7945
1002,ASIA,935,Poland,616,107815,103492,96999,81385,66722,68592,68164,48724,46253,43179,35904,28924,29559,29186,59091,57239,53820,45481,37798,39033,38978
1003,ASIA,935,RepublicofMoldova,498,57455,51552,41709,35597,29845,30387,31573,26661,23440,18418,15585,12879,13224,13269,30794,28112,23291,20012,16966,17163,18304
1004,ASIA,935,Romania,642,136664,146592,149164,137455,128105,130246,135572,61867,64804,65170,59356,54271,54748,55119,74797,81788,83994,78099,73834,75498,80453
1005,ASIA,935,RussianFederation,643,5023667,4457415,3936483,3851008,3805188,3900974,4023747,2209614,1961456,1724543,1729486,1751029,1824336,1884121,2814053,2495959,2211940,2121522,2054159,2076638,2139626
1006,ASIA,935,Slovakia,703,126,256,388,421,503,460,587,57,114,172,185,217,193,230,69,142,216,236,286,267,357
1007,ASIA,935,Ukraine,804,868519,745205,629236,636860,642412,658480,672672,389473,332892,279450,289329,297593,309088,315966,479046,412313,349786,347531,344819,349392,356706
1008,ASIA,935,ChannelIslands,830,0,0,0,0,0,0,0,0,0,0,0,0,0,0,0,0,0,0,0,0,0
1009,ASIA,935,Denmark,208,3223,4742,6673,6844,7170,7249,8711,1645,2320,3139,3149,3219,3193,3677,1578,2422,3534,3695,3951,4056,5034
1010,ASIA,935,Estonia,233,3444,3271,2674,2577,2462,2427,2489,1485,1427,1144,1104,1075,1075,1094,1959,1844,1530,1473,1387,1352,1395
1011,ASIA,935,FaroeIslands,234,0,0,0,0,0,0,0,0,0,0,0,0,0,0,0,0,0,0,0,0,0
1012,ASIA,935,Finland,246,1878,2452,3586,3482,3393,3408,4223,834,1060,1594,1492,1366,1357,1615,1044,1392,1992,1990,2027,2051,2608
1013,ASIA,935,Iceland,352,18,36,113,111,131,126,142,7,15,68,61,68,68,74,11,21,45,50,63,58,68
1014,ASIA,935,Ireland,372,1570,2091,2680,2901,3622,3591,4161,807,1038,1308,1371,1681,1655,1880,763,1053,1372,1530,1941,1936,2281
1015,ASIA,935,IsleofMan,833,0,0,0,0,0,0,0,0,0,0,0,0,0,0,0,0,0,0,0,0,0
1016,ASIA,935,Latvia,428,13801,12151,10726,8476,6307,6364,6314,6221,5393,4769,3758,2773,2803,2783,7580,6758,5957,4718,3534,3561,3531
1017,ASIA,935,Lithuania,440,28272,22616,19104,15242,11435,11452,11605,13142,10292,8589,6898,5212,5261,5335,15130,12324,10515,8344,6223,6191,6270
1018,ASIA,935,Norway,578,6431,10464,15647,17378,19169,19972,21278,3435,5545,8221,9106,9999,10384,7522,2996,4919,7426,8272,9170,9588,13756
1019,ASIA,935,Sweden,752,3763,6175,8599,9018,10069,10178,12334,1828,2944,4073,4158,4650,4636,5273,1935,3231,4526,4860,5419,5542,7061
1020,ASIA,935,UnitedKingdom,826,133678,152544,199781,224692,258572,270635,295425,71624,82051,105884,119788,140227,147678,153500,62054,70493,93897,104904,118345,122957,141925
1021,ASIA,935,Albania,8,1291,2603,3805,3863,3707,3653,4959,676,1326,1925,1930,1820,1753,2195,615,1277,1880,1933,1887,1900,2764
1022,ASIA,935,Andorra,20,0,0,0,0,0,0,0,0,0,0,0,0,0,0,0,0,0,0,0,0,0
1023,ASIA,935,BosniaandHerzegovina,70,7148,7221,2944,2397,2537,2441,3377,3939,3919,1489,1170,1209,1124,1425,3209,3302,1455,1227,1328,1317,1952
1024,ASIA,935,Croatia,191,93,184,276,295,359,319,409,37,74,113,123,147,127,148,56,110,163,172,212,192,261
1025,ASIA,935,Gibraltar,292,1,2,2,3,3,2,1,1,2,2,3,3,2,1,0,0,0,0,0,0,0
1026,ASIA,935,Greece,300,114719,91898,70549,77585,88371,85712,109520,54106,43359,33198,36214,41352,39273,45890,60613,48539,37351,41371,47019,46439,63630
1027,ASIA,935,HolySee,336,0,0,0,0,0,0,0,0,0,0,0,0,0,0,0,0,0,0,0,0,0
1028,ASIA,935,Italy,380,9781,11549,13802,15881,20137,20569,22815,5106,6107,7277,7991,10050,9952,10961,4675,5442,6525,7890,10087,10617,11854
1029,ASIA,935,Malta,470,18,36,55,65,78,73,87,9,16,23,28,36,33,35,9,20,32,37,42,40,52
1030,ASIA,935,Montenegro,499,0,0,0,0,0,0,0,0,0,0,0,0,0,0,0,0,0,0,0,0,0
1031,ASIA,935,NorthMacedonia,807,37872,84485,134503,138788,143247,141830,198111,19315,41115,64713,65197,65597,80763,106434,18557,43370,69790,73591,77650,61067,91677
1032,ASIA,935,Portugal,620,4741,5133,3018,3649,3930,4066,4405,2434,2619,1646,2005,2105,2071,2221,2307,2514,1372,1644,1825,1995,2184
1033,ASIA,935,SanMarino,674,0,0,0,0,0,0,0,0,0,0,0,0,0,0,0,0,0,0,0,0,0
1034,ASIA,935,Serbia,688,665,945,1224,1786,2767,2484,2575,308,419,530,785,1232,1118,1165,357,526,694,1001,1535,1366,1410
1035,ASIA,935,Slovenia,705,39,91,143,151,160,157,212,20,44,67,69,72,69,86,19,47,76,82,88,88,126
1036,ASIA,935,Spain,724,5124,5947,6176,6130,7409,7720,9227,2339,2679,2765,2781,3283,3337,3932,2785,3268,3411,3349,4126,4383,5295
1037,ASIA,935,Austria,40,14070,17485,22115,21680,20934,20788,26434,6830,8481,10857,10474,9863,9575,11409,7240,9004,11258,11206,11071,11213,15025
1038,ASIA,935,Belgium,56,8936,11397,14445,15261,16160,16157,19617,4240,5336,6696,6991,7286,7142,8158,4696,6061,7749,8270,8874,9015,11459
1039,ASIA,935,France,250,42813,51498,60515,75992,98237,105631,117645,21331,25475,30026,37887,50455,53802,59027,21482,26023,30489,38105,47782,51829,58618
1040,ASIA,935,Germany,276,265317,287838,316335,322241,331496,328707,437270,129689,140006,153193,153477,155650,131061,154935,135628,147832,163142,168764,175846,197646,282335
1041,ASIA,935,Liechtenstein,438,0,0,0,0,0,0,0,0,0,0,0,0,0,0,0,0,0,0,0,0,0
1042,ASIA,935,Luxembourg,442,14,30,47,51,55,53,67,7,14,20,20,21,21,25,7,16,27,31,34,32,42
1043,ASIA,935,Monaco,492,0,0,0,0,0,0,0,0,0,0,0,0,0,0,0,0,0,0,0,0,0
1044,ASIA,935,Netherlands,528,21053,26582,32126,35756,42142,43653,53597,10040,13129,16212,18165,21724,22463,26071,11013,13453,15914,17591,20418,21190,27526
1045,ASIA,935,Switzerland,756,13209,14854,16432,17095,18990,18848,23244,6647,7412,8198,8321,9189,8968,10359,6562,7442,8234,8774,9801,9880,12885
1046,ASIA,935,Anguilla,660,0,0,0,0,0,0,0,0,0,0,0,0,0,0,0,0,0,0,0,0,0
1047,ASIA,935,AntiguaandBarbuda,28,0,0,0,0,0,0,0,0,0,0,0,0,0,0,0,0,0,0,0,0,0
1048,ASIA,935,Aruba,533,9,12,67,54,62,63,65,6,8,38,31,34,35,37,3,4,29,23,28,28,28
1049,ASIA,935,Bahamas,44,0,0,0,0,0,0,0,0,0,0,0,0,0,0,0,0,0,0,0,0,0
1050,ASIA,935,Barbados,52,0,0,0,0,0,0,0,0,0,0,0,0,0,0,0,0,0,0,0,0,0
1051,ASIA,935,Bonaire,16,535,0,0,0,0,0,0,0,0,0,0,0,0,0,0,0,0,0,0,0,0
1052,ASIA,935,BritishVirginIslands,92,18,43,70,73,75,74,102,9,20,32,32,32,31,41,9,23,38,41,43,43,61
1053,ASIA,935,CaymanIslands,136,0,0,0,0,0,0,0,0,0,0,0,0,0,0,0,0,0,0,0,0,0
1054,ASIA,935,Cuba,192,104,129,170,186,204,117,128,52,64,83,91,100,63,68,52,65,87,95,104,54,60
1055,ASIA,935,CuraÃao,531,0,0,0,0,0,0,0,0,0,0,0,0,0,0,0,0,0,0,0,0,0
1056,ASIA,935,Dominica,212,0,0,0,0,0,0,0,0,0,0,0,0,0,0,0,0,0,0,0,0,0
1057,ASIA,935,DominicanRepublic,214,3,4,5,7,10,9,8,1,1,1,1,2,2,2,2,3,4,6,8,7,6
1058,ASIA,935,Grenada,308,0,0,0,0,0,0,0,0,0,0,0,0,0,0,0,0,0,0,0,0,0
1059,ASIA,935,Guadeloupe,312,11,27,44,46,47,46,61,6,14,21,21,21,21,25,5,13,23,25,26,25,36
1060,ASIA,935,Haiti,332,1,5,10,21,41,39,37,0,3,5,8,17,16,16,1,2,5,13,24,23,21
1061,ASIA,935,Jamaica,388,4,6,7,10,15,13,13,2,3,3,4,7,6,7,2,3,4,6,8,7,6
1062,ASIA,935,Martinique,474,0,0,0,0,0,0,0,0,0,0,0,0,0,0,0,0,0,0,0,0,0
1063,ASIA,935,Montserrat,500,0,0,0,0,0,0,0,0,0,0,0,0,0,0,0,0,0,0,0,0,0
1064,ASIA,935,PuertoRico,630,9,12,56,46,54,53,54,7,10,27,23,26,25,26,2,2,29,23,28,28,28
1065,ASIA,935,SaintBarthelemy,652,0,0,0,0,0,0,0,0,0,0,0,0,0,0,0,0,0,0,0,0,0
1066,ASIA,935,SaintKittsandNevis,659,0,0,0,0,0,0,0,0,0,0,0,0,0,0,0,0,0,0,0,0,0
1067,ASIA,935,SaintLucia,662,0,0,0,0,0,0,0,0,0,0,0,0,0,0,0,0,0,0,0,0,0
1068,ASIA,935,SaintMartinFrenchpart,663,0,0,0,0,0,0,0,0,0,0,0,0,0,0,0,0,0,0,0,0,0
1069,ASIA,935,SaintVincentandtheGrenadines,670,0,0,0,0,0,0,0,0,0,0,0,0,0,0,0,0,0,0,0,0,0
1070,ASIA,935,SintMaartenDutchpart,534,0,0,0,0,0,0,0,0,0,0,0,0,0,0,0,0,0,0,0,0,0
1071,ASIA,935,TrinidadandTobago,780,4,6,7,10,15,13,13,1,1,1,1,2,2,2,3,5,6,9,13,11,11
1072,ASIA,935,TurksandCaicosIslands,796,0,0,0,0,0,0,0,0,0,0,0,0,0,0,0,0,0,0,0,0,0
1073,ASIA,935,UnitedStatesVirginIslands,850,37,30,26,24,23,22,20,17,14,13,11,11,11,11,20,16,13,13,12,11,9
1074,ASIA,935,Belize,84,0,0,0,0,0,0,0,0,0,0,0,0,0,0,0,0,0,0,0,0,0
1075,ASIA,935,CostaRica,188,35,61,82,79,95,93,113,23,37,56,50,65,65,75,12,24,26,29,30,28,38
1076,ASIA,935,ElSalvador,222,3,4,5,7,10,9,8,2,2,3,4,7,7,7,1,2,2,3,3,2,1
1077,ASIA,935,Guatemala,320,9,12,276,223,34,34,35,4,6,111,92,14,13,15,5,6,165,131,20,21,20
1078,ASIA,935,Honduras,340,1,2,2,3,3,2,1,1,2,2,3,3,2,1,0,0,0,0,0,0,0
1079,ASIA,935,Mexico,484,2292,3129,3940,4330,4838,5097,5680,1110,1486,1851,2033,2274,2382,2636,1182,1643,2089,2297,2564,2715,3044
1080,ASIA,935,Nicaragua,558,3,4,5,7,10,9,8,2,2,3,4,7,7,7,1,2,2,3,3,2,1
1081,ASIA,935,Panama,591,5,7,9,13,20,18,18,4,5,7,10,17,16,17,1,2,2,3,3,2,1
1082,ASIA,935,Argentina,32,28270,32608,35742,38515,41717,42648,42273,13720,15506,16984,18253,19645,19978,19782,14550,17102,18758,20262,22072,22670,22491
1083,ASIA,935,BoliviaPlurinationalStateof,68,111,149,536,436,44,44,44,63,83,276,228,25,25,27,48,66,260,208,19,19,17
1084,ASIA,935,Brazil,76,66873,204637,302021,277703,299709,253727,289424,33765,98908,142056,132011,143621,134574,149707,33108,105729,159965,145692,156088,119153,139717
1085,ASIA,935,Chile,152,2644,2954,3195,3297,3469,3567,3487,1240,1361,1464,1512,1585,1623,1580,1404,1593,1731,1785,1884,1944,1907
1086,ASIA,935,Colombia,170,1368,1823,1987,2427,3028,3073,3019,583,764,827,1005,1266,1275,1251,785,1059,1160,1422,1762,1798,1768
1087,ASIA,935,Ecuador,218,107,144,485,395,460,466,493,59,78,246,204,229,232,247,48,66,239,191,231,234,246
1088,ASIA,935,FalklandIslandsMalvinas,238,0,0,0,0,0,0,0,0,0,0,0,0,0,0,0,0,0,0,0,0,0
1089,ASIA,935,FrenchGuiana,254,0,0,0,0,0,0,0,0,0,0,0,0,0,0,0,0,0,0,0,0,0
1090,ASIA,935,Guyana,328,0,0,0,0,0,0,0,0,0,0,0,0,0,0,0,0,0,0,0,0,0
1091,ASIA,935,Paraguay,600,2,3,4,6,8,7,6,0,0,0,0,0,0,0,2,3,4,6,8,7,6
1092,ASIA,935,Peru,604,11602,40194,52703,60450,65486,60508,62661,5871,19369,24648,28349,30857,28925,30051,5731,20825,28055,32101,34629,31583,32610
1093,ASIA,935,Suriname,740,29,39,133,109,126,127,132,15,20,66,55,60,62,67,14,19,67,54,66,65,65
1094,ASIA,935,Uruguay,858,4333,4969,5330,5746,6232,6424,6252,2057,2320,2482,2671,2888,2961,2882,2276,2649,2848,3075,3344,3463,3370
1095,ASIA,935,VenezuelaBolivarianRepublicof,862,710,711,678,577,526,496,503,320,320,307,263,240,221,222,390,391,371,314,286,275,281
1096,ASIA,935,Bermuda,60,0,0,0,0,0,0,0,0,0,0,0,0,0,0,0,0,0,0,0,0,0
1097,ASIA,935,Canada,124,29875,37547,47062,55705,73655,72978,84134,15331,19436,24702,31040,42027,41464,47104,14544,18111,22360,24665,31628,31514,37030
1098,ASIA,935,Greenland,304,0,0,0,0,0,0,0,0,0,0,0,0,0,0,0,0,0,0,0,0,0
1099,ASIA,935,SaintPierreandMiquelon,666,0,0,0,0,0,0,0,0,0,0,0,0,0,0,0,0,0,0,0,0,0
1100,ASIA,935,UnitedStatesofAmerica,840,209301,240212,277003,326696,394451,423826,454065,111898,126872,144671,179117,214398,236171,245064,97403,113340,132332,147579,180053,187655,209001
1101,ASIA,935,Australia,36,33288,36357,42432,54079,70534,74012,80916,17786,19283,22243,29258,38456,39918,44009,15502,17074,20189,24821,32078,34094,36907
1102,ASIA,935,NewZealand,554,7816,9657,12786,13506,15727,16482,18861,4000,5009,6567,7145,8577,8923,10541,3816,4648,6219,6361,7150,7559,8320
1103,ASIA,935,Fiji,242,2386,1300,212,601,898,835,780,985,538,91,298,362,327,298,1401,762,121,303,536,508,482
1104,ASIA,935,NewCaledonia,540,0,0,0,0,0,0,0,0,0,0,0,0,0,0,0,0,0,0,0,0,0
1105,ASIA,935,PapuaNewGuinea,598,9,12,373,301,59,60,62,9,12,171,141,27,27,28,0,0,202,160,32,33,34
1106,ASIA,935,SolomonIslands,90,0,0,0,0,0,0,0,0,0,0,0,0,0,0,0,0,0,0,0,0,0
1107,ASIA,935,Vanuatu,548,0,0,0,0,0,0,0,0,0,0,0,0,0,0,0,0,0,0,0,0,0
1108,ASIA,935,Guam,316,58,78,1056,854,992,1008,1071,38,51,483,398,442,451,481,20,27,573,456,550,557,590
1109,ASIA,935,Kiribati,296,0,0,0,0,0,0,0,0,0,0,0,0,0,0,0,0,0,0,0,0,0
1110,ASIA,935,MarshallIslands,584,0,0,0,0,0,0,0,0,0,0,0,0,0,0,0,0,0,0,0,0,0
1111,ASIA,935,MicronesiaFedStatesof,583,0,0,0,0,0,0,0,0,0,0,0,0,0,0,0,0,0,0,0,0,0
1112,ASIA,935,Nauru,520,0,0,0,0,0,0,0,0,0,0,0,0,0,0,0,0,0,0,0,0,0
1113,ASIA,935,NorthernMarianaIslands,580,0,0,0,0,0,0,0,0,0,0,0,0,0,0,0,0,0,0,0,0,0
1114,ASIA,935,Palau,585,3,4,1186,959,34,34,35,3,4,532,438,16,15,17,0,0,654,521,18,19,18
1115,ASIA,935,AmericanSamoa,16,0,0,0,0,0,0,0,0,0,0,0,0,0,0,0,0,0,0,0,0,0
1116,ASIA,935,CookIslands,184,0,0,0,0,0,0,0,0,0,0,0,0,0,0,0,0,0,0,0,0,0
1117,ASIA,935,FrenchPolynesia,258,0,0,0,0,0,0,0,0,0,0,0,0,0,0,0,0,0,0,0,0,0
1118,ASIA,935,Niue,570,0,0,0,0,0,0,0,0,0,0,0,0,0,0,0,0,0,0,0,0,0
1119,ASIA,935,Samoa,882,0,0,0,0,0,0,0,0,0,0,0,0,0,0,0,0,0,0,0,0,0
1120,ASIA,935,Tokelau,772,0,0,0,0,0,0,0,0,0,0,0,0,0,0,0,0,0,0,0,0,0
1121,ASIA,935,Tonga,776,0,0,0,0,0,0,0,0,0,0,0,0,0,0,0,0,0,0,0,0,0
1122,ASIA,935,Tuvalu,798,0,0,0,0,0,0,0,0,0,0,0,0,0,0,0,0,0,0,0,0,0
1123,ASIA,935,WallisandFutunaIslands,876,0,0,0,0,0,0,0,0,0,0,0,0,0,0,0,0,0,0,0,0,0
1124,LATINAMERICAANDTHECARIBBEAN,904,SubSaharanAfrica,947,10072,11131,12546,14533,20198,30799,39576,5372,6005,6857,7679,11142,19154,25718,4700,5126,5689,6854,9056,11645,13858
1125,LATINAMERICAANDTHECARIBBEAN,904,NorthernAfricaandWesternAsia,1833,82498,76692,71416,67316,65784,73550,80477,47302,44147,41307,39779,39963,44539,49005,35196,32545,30109,27537,25821,29011,31472
1126,LATINAMERICAANDTHECARIBBEAN,904,CentralandSouthernAsia,921,7825,8921,10326,12146,16168,19851,30246,4592,5274,6174,7513,10291,13080,22078,3233,3647,4152,4633,5877,6771,8168
1127,LATINAMERICAANDTHECARIBBEAN,904,EasternandSouthEasternAsia,1832,182064,181626,184930,192798,211566,257140,300861,97294,96556,97808,102266,113374,143343,172456,84770,85070,87122,90532,98192,113797,128405
1128,LATINAMERICAANDTHECARIBBEAN,904,LatinAmericaandtheCaribbean,1830,3980808,3670383,3777576,4357513,5344184,6166726,11297173,1975515,1814401,1858809,2124686,2598130,3040982,5626827,2005293,1855982,1918767,2232827,2746054,3125744,5670346
1129,LATINAMERICAANDTHECARIBBEAN,904,OceaniaexcludingAustraliaandNewZealand,1835,65,111,153,148,156,172,179,36,57,76,76,86,98,106,29,54,77,72,70,74,73
1130,LATINAMERICAANDTHECARIBBEAN,904,AustraliaandNewZealand,927,2487,2801,3247,3437,4093,4551,5451,1254,1421,1657,1885,2413,2715,3309,1233,1380,1590,1552,1680,1836,2142
1131,LATINAMERICAANDTHECARIBBEAN,904,EuropeandNorthernAmerica,1829,2419971,2289656,2192784,2215736,2346204,2473848,2648939,1226784,1159008,1110105,1125958,1199691,1257645,1366537,1193187,1130648,1082679,1089778,1146513,1216203,1282402
1132,LATINAMERICAANDTHECARIBBEAN,904,Developedregions,901,2528120,2390150,2286385,2297059,2415773,2554631,2739482,1283376,1211150,1158201,1167800,1235568,1299410,1414526,1244744,1179000,1128184,1129259,1180205,1255221,1324956
1133,LATINAMERICAANDTHECARIBBEAN,904,Lessdevelopedregions,902,4157670,3851171,3966593,4566568,5592580,6472006,11663420,2074773,1915719,1964592,2242042,2739522,3222146,5851510,2082897,1935452,2002001,2324526,2853058,3249860,5811910
1134,LATINAMERICAANDTHECARIBBEAN,904,Lessdevelopedregions,902,934,3918912,3584665,3671473,4218434,5184764,5844693,10763261,1922660,1748741,1782265,2031470,2497033,2829290,5292971,1996252,1835924,1889208,2186964,2687731,3015403
1135,LATINAMERICAANDTHECARIBBEAN,904,Lessdevelopedregions,902,948,4105273,3791227,3896468,4483454,5487207,6336453,11497992,2045199,1882437,1926218,2196555,2681214,3142086,5751383,2060074,1908790,1970250,2286899,2805993,3194367
1136,LATINAMERICAANDTHECARIBBEAN,904,Leastdevelopedcountries,941,238758,266506,295120,348134,407816,627313,900159,152113,166978,182327,210572,242489,392856,558539,86645,99528,112793,137562,165327,234457,341620
1137,LATINAMERICAANDTHECARIBBEAN,904,LandlockedDevelopingCountriesLLDC,1636,481632,553998,627327,855360,1083498,1284210,1394221,228133,261380,295006,400848,506919,602112,653671,253499,292618,332321,454512,576579,682098,740550
1138,LATINAMERICAANDTHECARIBBEAN,904,SmallislanddevelopingStatesSIDS,1637,571702,633829,701284,779944,875616,1090305,1439985,306980,337474,370215,410860,458576,602936,804772,264722,296355,331069,369084,417040,487369,635213
1139,LATINAMERICAANDTHECARIBBEAN,904,Highincomecountries,1503,3090783,2923918,2799590,2806069,2940276,3147187,3360068,1575084,1484401,1417286,1421149,1493865,1590658,1724050,1515699,1439517,1382304,1384920,1446411,1556529,1636018
1140,LATINAMERICAANDTHECARIBBEAN,904,Middleincomecountries,1517,3314634,3007796,3113579,3665444,4612680,5207201,10099478,1608910,1453354,1500908,1756290,2215416,2518286,4967502,1705724,1554442,1612671,1909154,2397264,2688915,5131976
1141,LATINAMERICAANDTHECARIBBEAN,904,Uppermiddleincomecountries,1502,2061127,2246662,2453575,2868439,3672884,4125774,8799078,993684,1078149,1172360,1364534,1759602,1989365,4322648,1067443,1168513,1281215,1503905,1913282,2136409,4476430
1142,LATINAMERICAANDTHECARIBBEAN,904,Lowermiddleincomecountries,1501,1253507,761134,660004,797005,939796,1081427,1300400,615226,375205,328548,391756,455814,528921,644854,638281,385929,331456,405249,483982,552506,655546
1143,LATINAMERICAANDTHECARIBBEAN,904,Lowincomecountries,1500,256604,282538,309234,359807,418956,636121,905926,162736,176561,190802,218002,249828,397404,558605,93868,105977,118432,141805,169128,238717,347321
1144,LATINAMERICAANDTHECARIBBEAN,904,AFRICA,903,19192,19478,20285,21850,27847,39533,48791,10213,10364,10829,11549,15400,24019,30958,8979,9114,9456,10301,12447,15514,17833
1145,LATINAMERICAANDTHECARIBBEAN,904,EasternAfrica,910,2286,2615,3006,3167,3628,4029,4229,1302,1389,1516,1425,1520,1667,1806,984,1226,1490,1742,2108,2362,2423
1146,LATINAMERICAANDTHECARIBBEAN,904,MiddleAfrica,911,5541,6225,6927,7324,7728,10862,13934,2817,3328,3858,3965,4063,6077,8334,2724,2897,3069,3359,3665,4785,5600
1147,LATINAMERICAANDTHECARIBBEAN,904,NorthernAfrica,912,9120,8347,7739,7317,7649,8734,9215,4841,4359,3972,3870,4258,4865,5240,4279,3988,3767,3447,3391,3869,3975
1148,LATINAMERICAANDTHECARIBBEAN,904,SouthernAfrica,913,925,999,1118,983,2552,2903,3208,486,532,605,533,1667,1913,2145,439,467,513,450,885,990,1063
1149,LATINAMERICAANDTHECARIBBEAN,904,WesternAfrica,914,1320,1292,1495,3059,6290,13005,18205,767,756,878,1756,3892,9497,13433,553,536,617,1303,2398,3508,4772
1150,LATINAMERICAANDTHECARIBBEAN,904,ASIA,935,263267,258892,258933,264943,285869,341807,402369,144347,141618,141317,145688,159370,196097,238299,118920,117274,117616,119255,126499,145710,164070
1151,LATINAMERICAANDTHECARIBBEAN,904,CentralAsia,5500,9,16,20,46,130,147,150,3,7,9,12,32,36,40,6,9,11,34,98,111,110
1152,LATINAMERICAANDTHECARIBBEAN,904,EasternAsia,906,177318,176130,178443,183522,199238,243598,285746,94683,93560,94275,97168,106558,135793,163792,82635,82570,84168,86354,92680,107805,121954
1153,LATINAMERICAANDTHECARIBBEAN,904,SouthEasternAsia,920,4746,5496,6487,9276,12328,13542,15115,2611,2996,3533,5098,6816,7550,8664,2135,2500,2954,4178,5512,5992,6451
1154,LATINAMERICAANDTHECARIBBEAN,904,SouthernAsia,5501,7816,8905,10306,12100,16038,19704,30096,4589,5267,6165,7501,10259,13044,22038,3227,3638,4141,4599,5779,6660,8058
1155,LATINAMERICAANDTHECARIBBEAN,904,WesternAsia,922,73378,68345,63677,59999,58135,64816,71262,42461,39788,37335,35909,35705,39674,43765,30917,28557,26342,24090,22430,25142,27497
1156,LATINAMERICAANDTHECARIBBEAN,904,EUROPE,908,1817209,1600698,1396387,1248692,1147896,1291715,1355886,930072,817812,712751,639480,590845,663122,704491,887137,782886,683636,609212,557051,628593,651395
1157,LATINAMERICAANDTHECARIBBEAN,904,EasternEurope,923,117526,97959,79727,62376,48637,52879,56427,53142,43172,33852,27118,21862,23967,26273,64384,54787,45875,35258,26775,28912,30154
1158,LATINAMERICAANDTHECARIBBEAN,904,NorthernEurope,924,44542,45784,48727,48691,51906,57581,64623,22445,23421,25383,25876,28011,31036,35704,22097,22363,23344,22815,23895,26545,28919
1159,LATINAMERICAANDTHECARIBBEAN,904,SouthernEurope,925,1416711,1206867,1003433,869921,757367,855748,895094,729488,620574,515639,447760,391244,440448,465663,687223,586293,487794,422161,366123,415300,429431
1160,LATINAMERICAANDTHECARIBBEAN,904,WesternEurope,926,238430,250088,264500,267704,289986,325507,339742,124997,130645,137877,138726,149728,167671,176851,113433,119443,126623,128978,140258,157836,162891
1161,LATINAMERICAANDTHECARIBBEAN,904,LATINAMERICAANDTHECARIBBEAN,904,3980808,3670383,3777576,4357513,5344184,6166726,11297173,1975515,1814401,1858809,2124686,2598130,3040982,5626827,2005293,1855982,1918767,2232827,2746054,3125744,5670346
1162,LATINAMERICAANDTHECARIBBEAN,904,Caribbean,915,523950,579841,639148,703194,781155,993471,1335731,283320,311238,340577,374128,412885,555895,753206,240630,268603,298571,329066,368270,437576,582525
1163,LATINAMERICAANDTHECARIBBEAN,904,CentralAmerica,916,1253201,680929,511753,563563,635043,691735,827876,608633,329978,250645,271615,299880,327439,402979,644568,350951,261108,291948,335163,364296,424897
1164,LATINAMERICAANDTHECARIBBEAN,904,SouthAmerica,931,2203657,2409613,2626675,3090756,3927986,4481520,9133566,1083562,1173185,1267587,1478943,1885365,2157648,4470642,1120095,1236428,1359088,1611813,2042621,2323872,4662924
1165,LATINAMERICAANDTHECARIBBEAN,904,NORTHERNAMERICA,905,602762,688958,796397,967044,1198308,1182133,1293053,296712,341196,397354,486478,608846,594523,662046,306050,347762,399043,480566,589462,587610,631007
1166,LATINAMERICAANDTHECARIBBEAN,904,OCEANIA,909,2552,2912,3400,3585,4249,4723,5630,1290,1478,1733,1961,2499,2813,3415,1262,1434,1667,1624,1750,1910,2215
1167,LATINAMERICAANDTHECARIBBEAN,904,Melanesia,928,22,24,24,22,13,14,12,20,20,19,15,9,10,9,2,4,5,7,4,4,3
1168,LATINAMERICAANDTHECARIBBEAN,904,Micronesia,954,14,13,13,54,117,133,143,3,2,2,29,68,79,88,11,11,11,25,49,54,55
1169,LATINAMERICAANDTHECARIBBEAN,904,Polynesia,957,29,74,116,72,26,25,24,13,35,55,32,9,9,9,16,39,61,40,17,16,15
1170,LATINAMERICAANDTHECARIBBEAN,904,Burundi,108,3,5,5,15,26,28,30,0,0,0,10,22,25,27,3,5,5,5,4,3,3
1171,LATINAMERICAANDTHECARIBBEAN,904,Comoros,174,0,0,0,0,0,0,0,0,0,0,0,0,0,0,0,0,0,0,0,0,0
1172,LATINAMERICAANDTHECARIBBEAN,904,Djibouti,262,0,0,0,0,0,0,0,0,0,0,0,0,0,0,0,0,0,0,0,0,0
1173,LATINAMERICAANDTHECARIBBEAN,904,Eritrea,232,25,25,25,26,27,28,25,13,13,13,14,15,15,14,12,12,12,12,12,13,11
1174,LATINAMERICAANDTHECARIBBEAN,904,Ethiopia,231,145,171,227,245,244,256,254,74,85,116,127,128,134,135,71,86,111,118,116,122,119
1175,LATINAMERICAANDTHECARIBBEAN,904,Kenya,404,97,88,89,133,188,203,215,23,26,35,49,70,73,84,74,62,54,84,118,130,131
1176,LATINAMERICAANDTHECARIBBEAN,904,Madagascar,450,18,20,21,19,51,58,59,1,1,1,3,8,10,11,17,19,20,16,43,48,48
1177,LATINAMERICAANDTHECARIBBEAN,904,Malawi,454,0,3,5,6,16,19,18,0,1,2,1,10,11,11,0,2,3,5,6,8,7
1178,LATINAMERICAANDTHECARIBBEAN,904,Mauritius,480,0,0,0,0,0,0,0,0,0,0,0,0,0,0,0,0,0,0,0,0,0
1179,LATINAMERICAANDTHECARIBBEAN,904,Mayotte,175,0,0,0,0,0,0,0,0,0,0,0,0,0,0,0,0,0,0,0,0,0
1180,LATINAMERICAANDTHECARIBBEAN,904,Mozambique,508,1062,1234,1409,1456,1483,1739,1875,776,806,839,748,645,750,833,286,428,570,708,838,989,1042
1181,LATINAMERICAANDTHECARIBBEAN,904,Reunion,638,862,984,1106,1121,1134,1184,1219,382,419,457,415,371,365,381,480,565,649,706,763,819,838
1182,LATINAMERICAANDTHECARIBBEAN,904,Rwanda,646,3,3,2,3,17,19,19,0,1,1,0,14,16,17,3,2,1,3,3,3,2
1183,LATINAMERICAANDTHECARIBBEAN,904,Seychelles,690,0,0,0,0,30,35,37,0,0,0,0,30,35,37,0,0,0,0,0,0,0
1184,LATINAMERICAANDTHECARIBBEAN,904,Somalia,706,22,19,28,42,43,45,44,9,8,9,10,9,9,9,13,11,19,32,34,36,35
1185,LATINAMERICAANDTHECARIBBEAN,904,SouthSudan,728,0,0,0,0,0,0,0,0,0,0,0,0,0,0,0,0,0,0,0,0,0
1186,LATINAMERICAANDTHECARIBBEAN,904,Uganda,800,11,8,8,14,87,98,103,6,4,5,6,45,51,56,5,4,3,8,42,47,47
1187,LATINAMERICAANDTHECARIBBEAN,904,UnitedRepublicofTanzania,834,9,12,19,21,113,129,137,2,1,2,4,56,66,74,7,11,17,17,57,63,63
1188,LATINAMERICAANDTHECARIBBEAN,904,Zambia,894,3,9,15,15,13,13,13,3,7,10,10,8,8,9,0,2,5,5,5,5,4
1189,LATINAMERICAANDTHECARIBBEAN,904,Zimbabwe,716,26,34,47,51,156,175,181,13,17,26,28,89,99,108,13,17,21,23,67,76,73
1190,LATINAMERICAANDTHECARIBBEAN,904,Angola,24,5344,6036,6726,6777,6751,7895,8534,2699,3219,3739,3618,3453,4013,4444,2645,2817,2987,3159,3298,3882,4090
1191,LATINAMERICAANDTHECARIBBEAN,904,Cameroon,120,32,34,38,139,258,294,312,19,21,24,85,160,185,203,13,13,14,54,98,109,109
1192,LATINAMERICAANDTHECARIBBEAN,904,CentralAfricanRepublic,140,11,11,11,105,203,219,230,4,3,3,65,132,144,154,7,8,8,40,71,75,76
1193,LATINAMERICAANDTHECARIBBEAN,904,Chad,148,9,8,5,5,4,3,3,8,7,5,5,4,3,3,1,1,0,0,0,0,0
1194,LATINAMERICAANDTHECARIBBEAN,904,Congo,178,100,98,99,116,137,152,156,53,51,54,76,102,116,121,47,47,45,40,35,36,35
1195,LATINAMERICAANDTHECARIBBEAN,904,DemocraticRepublicoftheCongo,180,40,35,47,138,227,2128,4517,31,26,33,94,154,1549,3333,9,9,14,44,73,579,1184
1196,LATINAMERICAANDTHECARIBBEAN,904,EquatorialGuinea,226,0,0,0,27,56,65,70,0,0,0,7,14,16,20,0,0,0,20,42,49,50
1197,LATINAMERICAANDTHECARIBBEAN,904,Gabon,266,5,3,1,17,33,37,39,3,1,0,15,31,36,38,2,2,1,2,2,1,1
1198,LATINAMERICAANDTHECARIBBEAN,904,SaoTomeandPrincipe,678,0,0,0,0,59,69,73,0,0,0,0,13,15,18,0,0,0,0,46,54,55
1199,LATINAMERICAANDTHECARIBBEAN,904,Algeria,12,801,829,914,957,1007,1342,1417,431,448,494,502,524,723,780,370,381,420,455,483,619,637
1200,LATINAMERICAANDTHECARIBBEAN,904,Egypt,818,5613,5059,4554,4277,4002,4585,4921,3006,2625,2278,2236,2206,2511,2761,2607,2434,2276,2041,1796,2074,2160
1201,LATINAMERICAANDTHECARIBBEAN,904,Libya,434,262,259,261,239,327,351,358,159,165,173,155,198,210,219,103,94,88,84,129,141,139
1202,LATINAMERICAANDTHECARIBBEAN,904,Morocco,504,2310,2069,1880,1740,2157,2285,2348,1154,1032,938,906,1213,1289,1346,1156,1037,942,834,944,996,1002
1203,LATINAMERICAANDTHECARIBBEAN,904,Sudan,729,19,19,19,17,12,12,11,19,19,19,17,12,12,11,0,0,0,0,0,0,0
1204,LATINAMERICAANDTHECARIBBEAN,904,Tunisia,788,115,112,111,87,144,159,160,72,70,70,54,105,120,123,43,42,41,33,39,39,37
1205,LATINAMERICAANDTHECARIBBEAN,904,WesternSahara,732,0,0,0,0,0,0,0,0,0,0,0,0,0,0,0,0,0,0,0,0,0
1206,LATINAMERICAANDTHECARIBBEAN,904,Botswana,72,0,0,0,7,13,14,13,0,0,0,4,8,9,9,0,0,0,3,5,5,4
1207,LATINAMERICAANDTHECARIBBEAN,904,Eswatini,748,1,1,1,8,13,13,12,0,1,1,5,7,6,6,1,0,0,3,6,7,6
1208,LATINAMERICAANDTHECARIBBEAN,904,Lesotho,426,6,4,1,1,0,0,0,4,2,0,0,0,0,0,2,2,1,1,0,0,0
1209,LATINAMERICAANDTHECARIBBEAN,904,Namibia,516,4,4,4,4,51,59,63,4,4,4,4,41,48,52,0,0,0,0,10,11,11
1210,LATINAMERICAANDTHECARIBBEAN,904,SouthAfrica,710,914,990,1112,963,2475,2817,3120,478,525,600,520,1611,1850,2078,436,465,512,443,864,967,1042
1211,LATINAMERICAANDTHECARIBBEAN,904,Benin,204,1,1,1,16,30,34,34,0,0,0,9,18,21,22,1,1,1,7,12,13,12
1212,LATINAMERICAANDTHECARIBBEAN,904,BurkinaFaso,854,26,25,24,31,37,41,42,4,4,4,8,13,15,15,22,21,20,23,24,26,27
1213,LATINAMERICAANDTHECARIBBEAN,904,CaboVerde,132,54,55,55,690,1323,1553,1684,19,19,19,297,575,671,750,35,36,36,393,748,882,934
1214,LATINAMERICAANDTHECARIBBEAN,904,CotedIvoire,384,146,76,10,185,364,422,455,72,38,7,133,263,306,334,74,38,3,52,101,116,121
1215,LATINAMERICAANDTHECARIBBEAN,904,Gambia,270,11,13,14,17,27,33,34,9,10,11,13,22,28,30,2,3,3,4,5,5,4
1216,LATINAMERICAANDTHECARIBBEAN,904,Ghana,288,86,120,154,188,229,255,2639,57,76,95,126,161,181,1845,29,44,59,62,68,74,794
1217,LATINAMERICAANDTHECARIBBEAN,904,Guinea,324,5,4,2,35,67,79,83,0,0,0,19,38,45,50,5,4,2,16,29,34,33
1218,LATINAMERICAANDTHECARIBBEAN,904,GuineaBissau,624,0,0,0,468,938,1105,1199,0,0,0,311,623,732,805,0,0,0,157,315,373,394
1219,LATINAMERICAANDTHECARIBBEAN,904,Liberia,430,1,1,1,2,37,44,45,0,0,0,1,20,24,25,1,1,1,1,17,20,20
1220,LATINAMERICAANDTHECARIBBEAN,904,Mali,466,0,0,0,1,8,9,8,0,0,0,0,7,7,7,0,0,0,1,1,2,1
1221,LATINAMERICAANDTHECARIBBEAN,904,Mauritania,478,0,0,0,1,1,2,1,0,0,0,0,0,0,0,0,0,0,1,1,2,1
1222,LATINAMERICAANDTHECARIBBEAN,904,Niger,562,10,18,30,29,43,46,50,10,18,30,29,43,46,50,0,0,0,0,0,0,0
1223,LATINAMERICAANDTHECARIBBEAN,904,Nigeria,566,730,738,808,929,2363,3475,4889,456,463,509,576,1608,2422,3509,274,275,299,353,755,1053,1380
1224,LATINAMERICAANDTHECARIBBEAN,904,SaintHelena,654,125,137,248,257,388,420,502,66,71,135,139,212,229,277,59,66,113,118,176,191,225
1225,LATINAMERICAANDTHECARIBBEAN,904,Senegal,686,124,102,146,207,415,5464,6519,74,57,68,93,269,4747,5693,50,45,78,114,146,717,826
1226,LATINAMERICAANDTHECARIBBEAN,904,SierraLeone,694,0,0,0,1,9,10,9,0,0,0,1,9,10,9,0,0,0,0,0,0,0
1227,LATINAMERICAANDTHECARIBBEAN,904,Togo,768,1,2,2,2,11,13,12,0,0,0,1,11,13,12,1,2,2,1,0,0,0
1228,LATINAMERICAANDTHECARIBBEAN,904,Kazakhstan,398,8,9,10,34,62,68,71,3,5,6,9,13,14,16,5,4,4,25,49,54,55
1229,LATINAMERICAANDTHECARIBBEAN,904,Kyrgyzstan,417,0,0,0,2,4,6,5,0,0,0,1,2,3,3,0,0,0,1,2,3,2
1230,LATINAMERICAANDTHECARIBBEAN,904,Tajikistan,762,0,2,3,2,9,10,9,0,1,1,0,8,8,8,0,1,2,2,1,2,1
1231,LATINAMERICAANDTHECARIBBEAN,904,Turkmenistan,795,0,1,1,1,22,25,27,0,0,0,0,6,7,8,0,1,1,1,16,18,19
1232,LATINAMERICAANDTHECARIBBEAN,904,Uzbekistan,860,1,4,6,7,33,38,38,0,1,2,2,3,4,5,1,3,4,5,30,34,33
1233,LATINAMERICAANDTHECARIBBEAN,904,China,156,50049,57421,66610,80522,101066,131093,160260,28282,31884,36451,44078,55978,77660,97247,21767,25537,30159,36444,45088,53433,63013
1234,LATINAMERICAANDTHECARIBBEAN,904,China,156,344,2346,2522,3514,2590,4305,4459,5167,1291,1397,1922,1407,2328,2399,2879,1055,1125,1592,1183,1977,2060
1235,LATINAMERICAANDTHECARIBBEAN,904,China,156,446,2,1,1,2,2,1,1,1,1,1,2,2,1,1,1,0,0,0,0,0
1236,LATINAMERICAANDTHECARIBBEAN,904,China,156,158,0,0,0,0,0,0,0,0,0,0,0,0,0,0,0,0,0,0,0,0
1237,LATINAMERICAANDTHECARIBBEAN,904,DemPeoplesRepublicofKorea,408,814,1656,2569,1556,790,2630,2906,430,871,1351,837,450,1625,1836,384,785,1218,719,340,1005,1070
1238,LATINAMERICAANDTHECARIBBEAN,904,Japan,392,105662,97693,90354,77886,65476,76232,85092,55338,50721,46439,39957,33464,39050,44680,50324,46972,43915,37929,32012,37182,40412
1239,LATINAMERICAANDTHECARIBBEAN,904,Mongolia,496,7,8,12,9,17,17,19,5,5,8,5,11,11,14,2,3,4,4,6,6,5
1240,LATINAMERICAANDTHECARIBBEAN,904,RepublicofKorea,410,18438,16829,15383,20957,27582,29166,32301,9336,8681,8103,10882,14325,15047,17135,9102,8148,7280,10075,13257,14119,15166
1241,LATINAMERICAANDTHECARIBBEAN,904,BruneiDarussalam,96,2,2,2,73,143,168,181,2,2,2,8,11,12,18,0,0,0,65,132,156,163
1242,LATINAMERICAANDTHECARIBBEAN,904,Cambodia,116,166,178,190,178,168,177,184,93,97,103,95,87,93,98,73,81,87,83,81,84,86
1243,LATINAMERICAANDTHECARIBBEAN,904,Indonesia,360,324,357,409,832,1480,1675,1857,170,183,207,415,739,836,958,154,174,202,417,741,839,899
1244,LATINAMERICAANDTHECARIBBEAN,904,LaoPeoplesDemocraticRepublic,418,1462,1486,1511,2194,1089,1143,1248,730,741,755,1101,530,561,612,732,745,756,1093,559,582,636
1245,LATINAMERICAANDTHECARIBBEAN,904,Malaysia,458,164,199,251,238,364,399,451,65,87,122,120,185,205,244,99,112,129,118,179,194,207
1246,LATINAMERICAANDTHECARIBBEAN,904,Myanmar,104,53,60,72,80,120,133,154,45,54,66,75,102,117,138,8,6,6,5,18,16,16
1247,LATINAMERICAANDTHECARIBBEAN,904,Philippines,608,1958,2554,3315,4911,7362,8048,9139,1165,1481,1897,2870,4334,4780,5570,793,1073,1418,2041,3028,3268,3569
1248,LATINAMERICAANDTHECARIBBEAN,904,Singapore,702,65,84,114,107,232,260,280,29,40,59,52,81,89,104,36,44,55,55,151,171,176
1249,LATINAMERICAANDTHECARIBBEAN,904,Thailand,764,302,333,381,413,929,1046,1132,171,179,197,230,524,595,659,131,154,184,183,405,451,473
1250,LATINAMERICAANDTHECARIBBEAN,904,TimorLeste,626,0,0,0,0,50,58,62,0,0,0,0,0,10,1,0,0,0,0,50,48,61
1251,LATINAMERICAANDTHECARIBBEAN,904,VietNam,704,250,243,242,250,391,435,427,141,132,125,132,223,252,262,109,111,117,118,168,183,165
1252,LATINAMERICAANDTHECARIBBEAN,904,Afghanistan,4,92,75,83,130,174,256,316,40,33,39,69,99,142,183,52,42,44,61,75,114,133
1253,LATINAMERICAANDTHECARIBBEAN,904,Bangladesh,50,71,59,52,103,166,184,5528,45,44,46,91,145,162,5505,26,15,6,12,21,22,23
1254,LATINAMERICAANDTHECARIBBEAN,904,Bhutan,64,12,12,14,13,14,12,12,11,11,13,11,12,11,11,1,1,1,2,2,1,1
1255,LATINAMERICAANDTHECARIBBEAN,904,India,356,6121,7094,8254,9783,13182,16504,19415,3466,4028,4726,5957,8386,10972,13302,2655,3066,3528,3826,4796,5532,6113
1256,LATINAMERICAANDTHECARIBBEAN,904,IranIslamicRepublicof,364,896,956,1074,1231,1547,1712,1881,571,635,739,789,961,1062,1199,325,321,335,442,586,650,682
1257,LATINAMERICAANDTHECARIBBEAN,904,Maldives,462,1,1,1,2,12,12,12,0,0,0,0,0,0,0,1,1,1,2,12,12,12
1258,LATINAMERICAANDTHECARIBBEAN,904,Nepal,524,7,6,7,8,65,74,78,6,4,5,4,60,69,74,1,2,2,4,5,5,4
1259,LATINAMERICAANDTHECARIBBEAN,904,Pakistan,586,585,676,800,796,836,905,2809,430,495,582,557,570,598,1736,155,181,218,239,266,307,1073
1260,LATINAMERICAANDTHECARIBBEAN,904,SriLanka,144,31,26,21,34,42,45,45,20,17,15,23,26,28,28,11,9,6,11,16,17,17
1261,LATINAMERICAANDTHECARIBBEAN,904,Armenia,51,1345,1322,1304,1034,783,807,820,657,651,648,530,421,436,451,688,671,656,504,362,371,369
1262,LATINAMERICAANDTHECARIBBEAN,904,Azerbaijan,31,2,3,4,4,5,5,4,1,1,2,1,2,2,2,1,2,2,3,3,3,2
1263,LATINAMERICAANDTHECARIBBEAN,904,Bahrain,48,50,53,54,59,62,65,66,38,40,41,47,54,58,59,12,13,13,12,8,7,7
1264,LATINAMERICAANDTHECARIBBEAN,904,Cyprus,196,128,122,116,91,68,68,64,57,55,53,42,34,33,32,71,67,63,49,34,35,32
1265,LATINAMERICAANDTHECARIBBEAN,904,Georgia,268,22,20,21,73,141,161,175,8,8,8,37,74,86,101,14,12,13,36,67,75,74
1266,LATINAMERICAANDTHECARIBBEAN,904,Iraq,368,212,230,255,498,764,870,967,114,134,159,323,506,564,636,98,96,96,175,258,306,331
1267,LATINAMERICAANDTHECARIBBEAN,904,Israel,376,7516,7153,7033,6637,6720,8187,9287,4402,4178,4104,3944,4088,4983,5764,3114,2975,2929,2693,2632,3204,3523
1268,LATINAMERICAANDTHECARIBBEAN,904,Jordan,400,994,916,887,1303,1741,1961,2061,605,562,546,859,1198,1361,1466,389,354,341,444,543,600,595
1269,LATINAMERICAANDTHECARIBBEAN,904,Kuwait,414,65,66,66,78,92,101,96,38,39,39,40,42,45,42,27,27,27,38,50,56,54
1270,LATINAMERICAANDTHECARIBBEAN,904,Lebanon,422,32132,30089,28132,25493,23339,25567,26697,19093,17903,16773,15447,14425,15784,16651,13039,12186,11359,10046,8914,9783,10046
1271,LATINAMERICAANDTHECARIBBEAN,904,Oman,512,3,3,3,3,24,26,27,2,2,3,3,15,16,17,1,1,0,0,9,10,10
1272,LATINAMERICAANDTHECARIBBEAN,904,Qatar,634,8,8,7,5,5,5,4,6,6,5,2,3,4,3,2,2,2,3,2,1,1
1273,LATINAMERICAANDTHECARIBBEAN,904,SaudiArabia,682,1391,1536,1712,1777,2242,2438,2426,904,1015,1145,1207,1557,1689,1689,487,521,567,570,685,749,737
1274,LATINAMERICAANDTHECARIBBEAN,904,StateofPalestine,275,925,954,987,935,933,1050,1065,528,547,567,546,553,620,641,397,407,420,389,380,430,424
1275,LATINAMERICAANDTHECARIBBEAN,904,SyrianArabRepublic,760,24318,22366,20322,19793,19494,21669,25550,13929,12971,11952,11748,11698,12881,15001,10389,9395,8370,8045,7796,8788,10549
1276,LATINAMERICAANDTHECARIBBEAN,904,Turkey,792,4253,3491,2754,2188,1661,1767,1883,2073,1670,1282,1124,994,1064,1160,2180,1821,1472,1064,667,703,723
1277,LATINAMERICAANDTHECARIBBEAN,904,UnitedArabEmirates,784,0,1,2,1,33,39,40,0,1,2,1,33,39,40,0,0,0,0,0,0,0
1278,LATINAMERICAANDTHECARIBBEAN,904,Yemen,887,14,12,18,27,28,30,30,6,5,6,8,8,9,10,8,7,12,19,20,21,20
1279,LATINAMERICAANDTHECARIBBEAN,904,Belarus,112,674,659,645,483,322,325,328,287,284,282,217,154,156,160,387,375,363,266,168,169,168
1280,LATINAMERICAANDTHECARIBBEAN,904,Bulgaria,100,2506,2361,2273,1796,1486,1588,1711,1339,1210,1107,880,727,785,882,1167,1151,1166,916,759,803,829
1281,LATINAMERICAANDTHECARIBBEAN,904,Czechia,203,6884,6449,6046,4684,3444,3605,3757,3027,2770,2530,2014,1563,1659,1772,3857,3679,3516,2670,1881,1946,1985
1282,LATINAMERICAANDTHECARIBBEAN,904,Hungary,348,10289,8222,6200,5086,4107,4491,4706,4522,3639,2779,2334,1945,2112,2259,5767,4583,3421,2752,2162,2379,2447
1283,LATINAMERICAANDTHECARIBBEAN,904,Poland,616,51554,38847,26799,20582,14748,16349,17364,24251,17586,11275,8949,6775,7583,8221,27303,21261,15524,11633,7973,8766,9143
1284,LATINAMERICAANDTHECARIBBEAN,904,RepublicofMoldova,498,1012,989,967,723,478,480,482,430,424,422,321,223,225,228,582,565,545,402,255,255,254
1285,LATINAMERICAANDTHECARIBBEAN,904,Romania,642,12738,10404,8120,6738,5526,6025,6536,5950,4807,3693,3080,2543,2764,3079,6788,5597,4427,3658,2983,3261,3457
1286,LATINAMERICAANDTHECARIBBEAN,904,RussianFederation,643,25665,21852,18419,14181,11273,11887,12947,10818,8939,7212,5639,4547,4847,5517,14847,12913,11207,8542,6726,7040,7430
1287,LATINAMERICAANDTHECARIBBEAN,904,Slovakia,703,132,115,109,152,448,508,548,55,55,58,66,199,227,257,77,60,51,86,249,281,291
1288,LATINAMERICAANDTHECARIBBEAN,904,Ukraine,804,6072,8061,10149,7951,6805,7621,8048,2463,3458,4494,3618,3186,3609,3898,3609,4603,5655,4333,3619,4012,4150
1289,LATINAMERICAANDTHECARIBBEAN,904,ChannelIslands,830,101,81,100,71,126,126,148,35,29,35,25,42,43,54,66,52,65,46,84,83,94
1290,LATINAMERICAANDTHECARIBBEAN,904,Denmark,208,1885,1937,2061,1914,1892,2090,2427,1021,1091,1196,1139,1155,1287,1514,864,846,865,775,737,803,913
1291,LATINAMERICAANDTHECARIBBEAN,904,Estonia,233,166,165,166,243,319,357,379,57,56,58,78,99,110,126,109,109,108,165,220,247,253
1292,LATINAMERICAANDTHECARIBBEAN,904,FaroeIslands,234,0,0,0,0,0,0,0,0,0,0,0,0,0,0,0,0,0,0,0,0,0
1293,LATINAMERICAANDTHECARIBBEAN,904,Finland,246,657,689,742,893,1101,1243,1384,289,297,313,401,507,578,674,368,392,429,492,594,665,710
1294,LATINAMERICAANDTHECARIBBEAN,904,Iceland,352,30,31,33,271,505,591,649,11,11,13,173,332,389,437,19,20,20,98,173,202,212
1295,LATINAMERICAANDTHECARIBBEAN,904,Ireland,372,979,1160,1436,1391,1452,1596,1884,545,663,838,823,861,958,1143,434,497,598,568,591,638,741
1296,LATINAMERICAANDTHECARIBBEAN,904,IsleofMan,833,0,0,0,1,2,3,2,0,0,0,1,2,3,2,0,0,0,0,0,0,0
1297,LATINAMERICAANDTHECARIBBEAN,904,Latvia,428,416,411,407,418,434,466,474,161,160,161,154,154,161,167,255,251,246,264,280,305,307
1298,LATINAMERICAANDTHECARIBBEAN,904,Lithuania,440,2211,1644,1089,858,1275,1404,1470,797,605,418,340,421,453,489,1414,1039,671,518,854,951,981
1299,LATINAMERICAANDTHECARIBBEAN,904,Norway,578,861,847,871,1107,1469,1663,1868,561,541,542,699,926,1049,1202,300,306,329,408,543,614,666
1300,LATINAMERICAANDTHECARIBBEAN,904,Sweden,752,2712,2887,3168,2817,2708,3232,3720,1405,1445,1546,1497,1575,1900,2231,1307,1442,1622,1320,1133,1332,1489
1301,LATINAMERICAANDTHECARIBBEAN,904,UnitedKingdom,826,34524,35932,38654,38707,40623,44810,50218,17563,18523,20263,20546,21937,24105,27665,16961,17409,18391,18161,18686,20705,22553
1302,LATINAMERICAANDTHECARIBBEAN,904,Albania,8,423,368,415,200,153,163,161,233,202,223,113,87,91,95,190,166,192,87,66,72,66
1303,LATINAMERICAANDTHECARIBBEAN,904,Andorra,20,3,2,1,7,12,13,14,2,1,1,7,12,13,14,1,1,0,0,0,0,0
1304,LATINAMERICAANDTHECARIBBEAN,904,BosniaandHerzegovina,70,27,27,27,65,106,121,123,18,18,18,37,56,62,66,9,9,9,28,50,59,57
1305,LATINAMERICAANDTHECARIBBEAN,904,Croatia,191,2738,2719,2720,2478,2293,2458,2607,1373,1381,1402,1273,1181,1258,1372,1365,1338,1318,1205,1112,1200,1235
1306,LATINAMERICAANDTHECARIBBEAN,904,Gibraltar,292,35,34,35,27,19,18,18,11,11,12,8,5,5,5,24,23,23,19,14,13,13
1307,LATINAMERICAANDTHECARIBBEAN,904,Greece,300,8570,7480,6454,5240,4116,4484,4759,4795,4247,3742,3058,2447,2665,2879,3775,3233,2712,2182,1669,1819,1880
1308,LATINAMERICAANDTHECARIBBEAN,904,HolySee,336,0,0,0,0,0,0,0,0,0,0,0,0,0,0,0,0,0,0,0,0,0
1309,LATINAMERICAANDTHECARIBBEAN,904,Italy,380,514773,437391,360908,306394,259895,295752,298783,266365,226613,187300,158894,135162,153616,156499,248408,210778,173608,147500,124733,142136,142284
1310,LATINAMERICAANDTHECARIBBEAN,904,Malta,470,55,58,62,58,79,87,104,32,31,32,33,64,73,91,23,27,30,25,15,14,13
1311,LATINAMERICAANDTHECARIBBEAN,904,Montenegro,499,241,238,233,245,285,301,284,117,116,113,120,139,146,137,124,122,120,125,146,155,147
1312,LATINAMERICAANDTHECARIBBEAN,904,NorthMacedonia,807,13225,8183,3151,2342,1588,1601,1636,6488,3930,1379,1047,749,759,785,6737,4253,1772,1295,839,842,851
1313,LATINAMERICAANDTHECARIBBEAN,904,Portugal,620,362534,320507,279256,239210,198237,224649,236099,195972,172025,148436,126923,104880,117033,124459,166562,148482,130820,112287,93357,107616,111640
1314,LATINAMERICAANDTHECARIBBEAN,904,SanMarino,674,37,36,35,27,51,57,59,32,31,30,22,14,14,15,5,5,5,5,37,43,44
1315,LATINAMERICAANDTHECARIBBEAN,904,Serbia,688,942,962,987,964,1392,1519,1524,488,498,511,488,628,673,676,454,464,476,476,764,846,848
1316,LATINAMERICAANDTHECARIBBEAN,904,Slovenia,705,1929,1894,1865,1427,1168,1213,1254,912,906,904,702,599,624,656,1017,988,961,725,569,589,598
1317,LATINAMERICAANDTHECARIBBEAN,904,Spain,724,511179,426968,347284,311237,287973,323312,347669,252650,210564,171536,155035,145221,163416,177914,258529,216404,175748,156202,142752,159896,169755
1318,LATINAMERICAANDTHECARIBBEAN,904,Austria,40,12299,10625,9055,7450,6122,6763,7280,6019,5358,4765,3834,3073,3370,3723,6280,5267,4290,3616,3049,3393,3557
1319,LATINAMERICAANDTHECARIBBEAN,904,Belgium,56,6433,6487,6746,6460,6753,7502,8505,3484,3478,3589,3612,3929,4379,5052,2949,3009,3157,2848,2824,3123,3453
1320,LATINAMERICAANDTHECARIBBEAN,904,France,250,113537,131794,150791,158326,169122,185902,194065,59460,67861,76630,79003,83123,90839,95391,54077,63933,74161,79323,85999,95063,98674
1321,LATINAMERICAANDTHECARIBBEAN,904,Germany,276,80796,73932,67940,65947,67949,81194,80610,41414,38173,35489,35009,36734,43655,43972,39382,35759,32451,30938,31215,37539,36638
1322,LATINAMERICAANDTHECARIBBEAN,904,Liechtenstein,438,175,170,166,125,100,101,102,111,108,108,80,71,73,74,64,62,58,45,29,28,28
1323,LATINAMERICAANDTHECARIBBEAN,904,Luxembourg,442,232,230,233,179,185,196,214,64,63,67,55,84,93,107,168,167,166,124,101,103,107
1324,LATINAMERICAANDTHECARIBBEAN,904,Monaco,492,26,24,22,19,138,159,171,2,2,2,3,49,56,64,24,22,20,16,89,103,107
1325,LATINAMERICAANDTHECARIBBEAN,904,Netherlands,528,12123,13463,15252,16419,27064,29708,33166,6907,7679,8694,9427,15018,16649,18785,5216,5784,6558,6992,12046,13059,14381
1326,LATINAMERICAANDTHECARIBBEAN,904,Switzerland,756,12809,13363,14295,12779,12553,13982,15629,7536,7923,8533,7703,7647,8557,9683,5273,5440,5762,5076,4906,5425,5946
1327,LATINAMERICAANDTHECARIBBEAN,904,Anguilla,660,1292,1316,1345,1387,1471,1493,1515,673,685,697,727,766,780,794,619,631,648,660,705,713,721
1328,LATINAMERICAANDTHECARIBBEAN,904,AntiguaandBarbuda,28,6114,6560,7089,7340,7542,7763,7933,2779,2974,3214,3364,3456,3553,3636,3335,3586,3875,3976,4086,4210,4297
1329,LATINAMERICAANDTHECARIBBEAN,904,Aruba,533,1239,1322,1412,1923,4036,4258,4592,580,614,652,876,1697,1786,1947,659,708,760,1047,2339,2472,2645
1330,LATINAMERICAANDTHECARIBBEAN,904,Bahamas,44,1676,1654,1694,1554,1511,1564,1648,845,832,849,780,766,799,853,831,822,845,774,745,765,795
1331,LATINAMERICAANDTHECARIBBEAN,904,Barbados,52,5173,5149,4868,5023,4504,4634,4873,2687,2695,2558,2636,2293,2375,2596,2486,2454,2310,2387,2211,2259,2277
1332,LATINAMERICAANDTHECARIBBEAN,904,Bonaire,16,535,306,401,506,614,2883,3099,3524,162,212,263,318,1252,1345,1559,144,189,243,296,1631,1754
1333,LATINAMERICAANDTHECARIBBEAN,904,BritishVirginIslands,92,2895,2981,3093,3463,3924,3992,4065,1235,1276,1333,1518,1715,1747,1781,1660,1705,1760,1945,2209,2245,2284
1334,LATINAMERICAANDTHECARIBBEAN,904,CaymanIslands,136,87,85,86,93,105,131,131,46,46,48,52,61,76,78,41,39,38,41,44,55,53
1335,LATINAMERICAANDTHECARIBBEAN,904,Cuba,192,58757,61341,66833,66067,71697,70131,110555,30005,31464,34390,34086,37276,36745,60534,28752,29877,32443,31981,34421,33386,50021
1336,LATINAMERICAANDTHECARIBBEAN,904,CuraÃao,531,1673,2416,3318,4150,5113,5341,5687,816,1197,1661,2110,2622,2734,2894,857,1219,1657,2040,2491,2607,2793
1337,LATINAMERICAANDTHECARIBBEAN,904,Dominica,212,16749,18529,20484,20665,20686,20920,20787,7195,8237,9351,9272,9075,9093,8993,9554,10292,11133,11393,11611,11827,11794
1338,LATINAMERICAANDTHECARIBBEAN,904,DominicanRepublic,214,70452,85391,101148,108957,117123,116191,145936,29825,36972,44355,47983,50223,48976,59753,40627,48419,56793,60974,66900,67215,86183
1339,LATINAMERICAANDTHECARIBBEAN,904,Grenada,308,19411,17949,14047,14784,10406,10722,11654,8806,8132,6192,6552,4543,4756,5905,10605,9817,7855,8232,5863,5966,5749
1340,LATINAMERICAANDTHECARIBBEAN,904,Guadeloupe,312,5592,6460,7329,8381,9522,10481,10813,2471,2751,3031,3389,3785,3977,4158,3121,3709,4298,4992,5737,6504,6655
1341,LATINAMERICAANDTHECARIBBEAN,904,Haiti,332,229944,256803,284354,335622,394844,605494,868445,147367,161674,176362,203857,235581,379090,535950,82577,95129,107992,131765,159263,226404,332495
1342,LATINAMERICAANDTHECARIBBEAN,904,Jamaica,388,13122,16278,21040,24721,32263,34751,37747,5430,6699,8669,10270,13495,14492,15966,7692,9579,12371,14451,18768,20259,21781
1343,LATINAMERICAANDTHECARIBBEAN,904,Martinique,474,10720,12193,13692,13895,14107,11994,12228,5449,5886,6340,6395,6451,5200,5282,5271,6307,7352,7500,7656,6794,6946
1344,LATINAMERICAANDTHECARIBBEAN,904,Montserrat,500,2004,2270,2573,2750,2908,3054,3157,950,1092,1255,1355,1438,1516,1572,1054,1178,1318,1395,1470,1538,1585
1345,LATINAMERICAANDTHECARIBBEAN,904,PuertoRico,630,18192,19548,21219,17769,15584,14542,15328,8738,9228,9883,8675,8129,7715,8218,9454,10320,11336,9094,7455,6827,7110
1346,LATINAMERICAANDTHECARIBBEAN,904,SaintBarthelemy,652,0,0,0,0,0,0,0,0,0,0,0,0,0,0,0,0,0,0,0,0,0
1347,LATINAMERICAANDTHECARIBBEAN,904,SaintKittsandNevis,659,8706,9673,10654,11730,11426,11774,12114,4166,4621,5083,5573,5336,5506,5679,4540,5052,5571,6157,6090,6268,6435
1348,LATINAMERICAANDTHECARIBBEAN,904,SaintLucia,662,11891,13020,14080,13606,12946,13113,13471,5457,5925,6341,6175,5873,5834,6077,6434,7095,7739,7431,7073,7279,7394
1349,LATINAMERICAANDTHECARIBBEAN,904,SaintMartinFrenchpart,663,0,0,0,0,0,0,0,0,0,0,0,0,0,0,0,0,0,0,0,0,0
1350,LATINAMERICAANDTHECARIBBEAN,904,SaintVincentandtheGrenadines,670,18586,18371,17105,17410,14626,15400,16603,8470,8408,7837,7961,6638,7066,8199,10116,9963,9268,9449,7988,8334,8404
1351,LATINAMERICAANDTHECARIBBEAN,904,SintMaartenDutchpart,534,594,806,1080,1141,1698,1793,1945,289,394,540,574,825,874,953,305,412,540,567,873,919,992
1352,LATINAMERICAANDTHECARIBBEAN,904,TrinidadandTobago,780,14506,15196,16056,15813,15701,16103,16286,6898,7103,7388,7280,7230,7413,7428,7608,8093,8668,8533,8471,8690,8858
1353,LATINAMERICAANDTHECARIBBEAN,904,TurksandCaicosIslands,796,2087,1293,497,982,1466,1585,1695,897,564,230,414,597,639,685,1190,729,267,568,869,946,1010
1354,LATINAMERICAANDTHECARIBBEAN,904,UnitedStatesVirginIslands,850,2182,2836,3546,3354,3063,3148,2999,1084,1557,2055,1936,1762,1808,1716,1098,1279,1491,1418,1301,1340,1283
1355,LATINAMERICAANDTHECARIBBEAN,904,Belize,84,3918,3989,4233,4505,5143,5144,5635,1795,1790,1872,2107,2528,2573,2845,2123,2199,2361,2398,2615,2571,2790
1356,LATINAMERICAANDTHECARIBBEAN,904,CostaRica,188,21208,20341,23406,25119,26846,30608,34188,9548,9127,10719,11931,13120,15103,17144,11660,11214,12687,13188,13726,15505,17044
1357,LATINAMERICAANDTHECARIBBEAN,904,ElSalvador,222,733576,230238,47368,49203,62182,69997,83569,351004,106082,21183,20662,25348,29205,35730,382572,124156,26185,28541,36834,40792,47839
1358,LATINAMERICAANDTHECARIBBEAN,904,Guatemala,320,102786,80518,61792,64930,73545,88762,97570,51768,41587,33389,32708,34962,42448,47147,51018,38931,28403,32222,38583,46314,50423
1359,LATINAMERICAANDTHECARIBBEAN,904,Honduras,340,42043,40515,41649,46978,56540,65560,94543,18449,17903,18565,21213,25775,29821,42961,23594,22612,23084,25765,30765,35739,51582
1360,LATINAMERICAANDTHECARIBBEAN,904,Mexico,484,43110,47163,52433,55290,62554,72149,86799,19860,22374,25404,27811,32409,37869,45573,23250,24789,27029,27479,30145,34280,41226
1361,LATINAMERICAANDTHECARIBBEAN,904,Nicaragua,558,262376,227794,259709,301669,327401,337326,400268,133866,115718,128723,147175,155152,158974,198069,128510,112076,130986,154494,172249,178352,202199
1362,LATINAMERICAANDTHECARIBBEAN,904,Panama,591,44184,30371,21163,15869,20832,22189,25304,22343,15397,10790,8008,10586,11446,13510,21841,14974,10373,7861,10246,10743,11794
1363,LATINAMERICAANDTHECARIBBEAN,904,Argentina,32,180150,201184,223927,240015,257500,275296,331629,89536,101035,113449,122306,132171,142889,171485,90614,100149,110478,117709,125329,132407,160144
1364,LATINAMERICAANDTHECARIBBEAN,904,BoliviaPlurinationalStateof,68,181152,224671,268983,354574,442095,542979,638440,94152,115771,137864,178449,220123,271151,313659,87000,108900,131119,176125,221972,271828,324781
1365,LATINAMERICAANDTHECARIBBEAN,904,Brazil,76,194655,186962,179653,193794,208899,236791,265651,100754,94622,87700,94486,102221,117360,132167,93901,92340,91953,99308,106678,119431,133484
1366,LATINAMERICAANDTHECARIBBEAN,904,Chile,152,297969,283564,271294,259330,253090,291395,306240,157174,145822,135547,127385,122303,140754,150292,140795,137742,135747,131945,130787,150641,155948
1367,LATINAMERICAANDTHECARIBBEAN,904,Colombia,170,642457,701109,760123,860205,1290719,1389675,1454013,300558,331697,362856,407007,622934,671330,703374,341899,369412,397267,453198,667785,718345,750639
1368,LATINAMERICAANDTHECARIBBEAN,904,Ecuador,218,48291,55695,63952,70484,83380,95867,123527,24348,27528,31119,34369,41175,47499,61234,23943,28167,32833,36115,42205,48368,62293
1369,LATINAMERICAANDTHECARIBBEAN,904,FalklandIslandsMalvinas,238,18,20,22,27,42,52,54,9,10,11,13,21,26,31,9,10,11,14,21,26,23
1370,LATINAMERICAANDTHECARIBBEAN,904,FrenchGuiana,254,2779,3164,3576,3726,3860,4219,4276,1221,1363,1517,1573,1621,1701,1748,1558,1801,2059,2153,2239,2518,2528
1371,LATINAMERICAANDTHECARIBBEAN,904,Guyana,328,26399,31514,38353,45598,57239,61244,64810,12639,15008,18099,21752,27825,29774,32391,13760,16506,20254,23846,29414,31470,32419
1372,LATINAMERICAANDTHECARIBBEAN,904,Paraguay,600,283053,316927,350890,493747,636180,735736,750040,125484,139652,153659,219000,284127,328135,337005,157569,177275,197231,274747,352053,407601,413035
1373,LATINAMERICAANDTHECARIBBEAN,904,Peru,604,83613,143233,204352,296680,396767,459723,556177,46967,70948,96312,139050,186058,217315,271776,36646,72285,108040,157630,210709,242408,284401
1374,LATINAMERICAANDTHECARIBBEAN,904,Suriname,740,17448,18524,19611,25688,31973,30084,33607,9227,9455,9688,12348,15053,14250,15925,8221,9069,9923,13340,16920,15834,17682
1375,LATINAMERICAANDTHECARIBBEAN,904,Uruguay,858,176204,165688,155461,156126,157333,183014,187104,87730,82583,77573,77056,76855,88972,91934,88474,83105,77888,79070,80478,94042,95170
1376,LATINAMERICAANDTHECARIBBEAN,904,VenezuelaBolivarianRepublicof,862,69469,77358,86478,90762,108909,175445,4417998,33763,37691,42193,44149,52878,86492,2187621,35706,39667,44285,46613,56031,88953,2230377
1377,LATINAMERICAANDTHECARIBBEAN,904,Bermuda,60,70,72,83,112,139,143,145,45,46,54,66,80,86,89,25,26,29,46,59,57,56
1378,LATINAMERICAANDTHECARIBBEAN,904,Canada,124,24182,28557,34089,33820,38011,40607,46593,11844,14371,17517,17644,20512,21843,25911,12338,14186,16572,16176,17499,18764,20682
1379,LATINAMERICAANDTHECARIBBEAN,904,Greenland,304,507,449,512,355,373,403,451,184,173,213,165,192,213,240,323,276,299,190,181,190,211
1380,LATINAMERICAANDTHECARIBBEAN,904,SaintPierreandMiquelon,666,50,59,71,85,104,111,122,27,33,40,48,57,62,70,23,26,31,37,47,49,52
1381,LATINAMERICAANDTHECARIBBEAN,904,UnitedStatesofAmerica,840,577953,659821,761642,932672,1159681,1140869,1245742,284612,326573,379530,468555,588005,572319,635736,293341,333248,382112,464117,571676,568550,610006
1382,LATINAMERICAANDTHECARIBBEAN,904,Australia,36,2179,2416,2763,2917,3281,3635,4393,1103,1222,1397,1610,1927,2153,2647,1076,1194,1366,1307,1354,1482,1746
1383,LATINAMERICAANDTHECARIBBEAN,904,NewZealand,554,308,385,484,520,812,916,1058,151,199,260,275,486,562,662,157,186,224,245,326,354,396
1384,LATINAMERICAANDTHECARIBBEAN,904,Fiji,242,2,3,4,5,3,2,2,0,0,0,0,0,0,0,2,3,4,5,3,2,2
1385,LATINAMERICAANDTHECARIBBEAN,904,NewCaledonia,540,0,1,1,1,0,0,0,0,1,1,1,0,0,0,0,0,0,0,0,0,0
1386,LATINAMERICAANDTHECARIBBEAN,904,PapuaNewGuinea,598,0,1,1,1,1,2,1,0,0,0,0,1,2,1,0,1,1,1,0,0,0
1387,LATINAMERICAANDTHECARIBBEAN,904,SolomonIslands,90,0,0,0,1,1,2,1,0,0,0,0,0,0,0,0,0,0,1,1,2,1
1388,LATINAMERICAANDTHECARIBBEAN,904,Vanuatu,548,20,19,18,14,8,8,8,20,19,18,14,8,8,8,0,0,0,0,0,0,0
1389,LATINAMERICAANDTHECARIBBEAN,904,Guam,316,5,4,4,4,6,5,6,3,2,2,2,2,2,3,2,2,2,2,4,3,3
1390,LATINAMERICAANDTHECARIBBEAN,904,Kiribati,296,0,0,0,42,86,100,108,0,0,0,27,54,63,70,0,0,0,15,32,37,38
1391,LATINAMERICAANDTHECARIBBEAN,904,MarshallIslands,584,0,0,0,0,0,0,0,0,0,0,0,0,0,0,0,0,0,0,0,0,0
1392,LATINAMERICAANDTHECARIBBEAN,904,MicronesiaFedStatesof,583,9,9,9,8,4,4,4,0,0,0,0,0,0,0,9,9,9,8,4,4,4
1393,LATINAMERICAANDTHECARIBBEAN,904,Nauru,520,0,0,0,0,0,0,0,0,0,0,0,0,0,0,0,0,0,0,0,0,0
1394,LATINAMERICAANDTHECARIBBEAN,904,NorthernMarianaIslands,580,0,0,0,0,0,0,0,0,0,0,0,0,0,0,0,0,0,0,0,0,0
1395,LATINAMERICAANDTHECARIBBEAN,904,Palau,585,0,0,0,0,21,24,25,0,0,0,0,12,14,15,0,0,0,0,9,10,10
1396,LATINAMERICAANDTHECARIBBEAN,904,AmericanSamoa,16,0,0,0,0,0,0,0,0,0,0,0,0,0,0,0,0,0,0,0,0,0
1397,LATINAMERICAANDTHECARIBBEAN,904,CookIslands,184,9,10,11,10,9,8,8,3,3,3,3,2,2,2,6,7,8,7,7,6,6
1398,LATINAMERICAANDTHECARIBBEAN,904,FrenchPolynesia,258,0,0,0,0,0,0,0,0,0,0,0,0,0,0,0,0,0,0,0,0,0
1399,LATINAMERICAANDTHECARIBBEAN,904,Niue,570,0,41,81,41,1,2,1,0,21,41,20,0,0,0,0,20,40,21,1,2,1
1400,LATINAMERICAANDTHECARIBBEAN,904,Samoa,882,0,0,0,0,0,0,0,0,0,0,0,0,0,0,0,0,0,0,0,0,0
1401,LATINAMERICAANDTHECARIBBEAN,904,Tokelau,772,0,0,0,0,0,0,0,0,0,0,0,0,0,0,0,0,0,0,0,0,0
1402,LATINAMERICAANDTHECARIBBEAN,904,Tonga,776,0,1,1,1,0,0,0,0,0,0,0,0,0,0,0,1,1,1,0,0,0
1403,LATINAMERICAANDTHECARIBBEAN,904,Tuvalu,798,8,8,8,7,4,4,4,4,4,4,3,2,2,2,4,4,4,4,2,2,2
1404,LATINAMERICAANDTHECARIBBEAN,904,WallisandFutunaIslands,876,12,14,15,13,12,11,11,6,7,7,6,5,5,5,6,7,8,7,7,6,6
1405,NORTHERNAMERICA,905,SubSaharanAfrica,947,398511,606462,822643,1156791,1527804,1974121,2466926,208250,324044,444514,591557,768055,980939,1214440,190261,282418,378129,565234,759749,993182,1252486
1406,NORTHERNAMERICA,905,NorthernAfricaandWesternAsia,1833,726797,950353,1182335,1377924,1613542,2434443,2421383,376891,497076,622096,724431,837881,1209932,1214082,349906,453277,560239,653493,775661,1224511,1207301
1407,NORTHERNAMERICA,905,CentralandSouthernAsia,921,1104006,1746029,2408004,3079103,3821079,5021586,5682115,595989,946135,1307791,1614182,1980719,2576944,2905827,508017,799894,1100213,1464921,1840360,2444642,2776288
1408,NORTHERNAMERICA,905,EasternandSouthEasternAsia,1832,4501192,5814092,7169648,8106840,9272903,10506967,10247568,2106412,2734041,3386173,3812741,4279740,4782087,4629160,2394780,3080051,3783475,4294099,4993163,5724880,5618408
1409,NORTHERNAMERICA,905,LatinAmericaandtheCaribbean,1830,9976169,14269456,18644817,21019256,24134573,24980329,25535633,4985446,7155663,9371280,10617607,12001091,12384729,12498762,4990723,7113793,9273537,10401649,12133482,12595600,13036871
1410,NORTHERNAMERICA,905,OceaniaexcludingAustraliaandNewZealand,1835,57566,79991,103257,105321,111266,125873,156994,27718,38785,50320,51363,53495,60021,74353,29848,41206,52937,53958,57771,65852,82641
1411,NORTHERNAMERICA,905,AustraliaandNewZealand,927,78291,95806,114121,125032,133740,154382,186631,30289,37317,44776,50122,52674,59934,72009,48002,58489,69345,74910,81066,94448,114622
1412,NORTHERNAMERICA,905,EuropeandNorthernAmerica,1829,7645260,7914391,8240875,8121368,8231212,8026249,7958392,3500797,3636877,3805475,3779540,3768018,3675496,3641890,4144463,4277514,4435400,4341828,4463194,4350753,4316502
1413,NORTHERNAMERICA,905,Developedregions,901,8025571,8352157,8737591,8630856,8757310,8543515,8494353,3678813,3842822,4040365,4019232,4010233,3907936,3878951,4346758,4509335,4697226,4611624,4747077,4635579,4615402
1414,NORTHERNAMERICA,905,Lessdevelopedregions,902,16462221,23124423,29948109,34460779,40088809,44680435,46161289,8152979,11527116,14992060,17222311,19731440,21822146,22371572,8309242,11597307,14956049,17238468,20357369,22858289,23789717
1415,NORTHERNAMERICA,905,Lessdevelopedregions,902,934,15612930,21952243,28442959,32580334,37767109,41767826,42834882,7728287,10928878,14214290,16279899,18587952,20403467,20766778,7884643,11023365,14228669,16300435,19179157,21364359
1416,NORTHERNAMERICA,905,Lessdevelopedregions,902,948,15130960,21357492,27727140,31898564,37100992,40883531,42797880,7502728,10662374,13902823,15969463,18291674,20006459,20772517,7628232,10695118,13824317,15929101,18809318,20877072
1417,NORTHERNAMERICA,905,Leastdevelopedcountries,941,849291,1172180,1505150,1880445,2321700,2912609,3326407,424692,598238,777770,942412,1143488,1418679,1604794,424599,573942,727380,938033,1178212,1493930,1721613
1418,NORTHERNAMERICA,905,LandlockedDevelopingCountriesLLDC,1636,456188,575197,698103,866305,1064003,1397118,1631132,226923,288882,353175,435876,524527,677685,780467,229265,286315,344928,430429,539476,719433,850665
1419,NORTHERNAMERICA,905,SmallislanddevelopingStatesSIDS,1637,3658308,4527825,5406602,5770915,6369336,7002774,7473820,1716159,2085207,2453563,2627924,2848533,3233980,3431126,1942149,2442618,2953039,3142991,3520803,3768794,4042694
1420,NORTHERNAMERICA,905,Highincomecountries,1503,10200981,10877122,11608698,11588371,11909519,11616618,11674525,4713502,5005987,5323767,5346596,5421512,5363296,5386933,5487479,5871135,6284931,6241775,6488007,6253322,6287592
1421,NORTHERNAMERICA,905,Middleincomecountries,1517,13791243,19869281,26104856,30263788,35383128,39689762,40777887,6866585,9990852,13209976,15271708,17554844,19433755,19801334,6924658,9878429,12894880,14992080,17828284,20256007,20976553
1422,NORTHERNAMERICA,905,Uppermiddleincomecountries,1502,9567206,13922842,18384910,20970395,24253304,26135020,25815819,4827336,7075418,9388496,10743538,12194546,12949596,12665386,4739870,6847424,8996414,10226857,12058758,13185424,13150433
1423,NORTHERNAMERICA,905,Lowermiddleincomecountries,1501,4224037,5946439,7719946,9293393,11129824,13554742,14962068,2039249,2915434,3821480,4528170,5360298,6484159,7135948,2184788,3031005,3898466,4765223,5769526,7070583,7826120
1424,NORTHERNAMERICA,905,Lowincomecountries,1500,490582,724744,966220,1232499,1541440,1904071,2186124,249475,370652,495991,620013,759810,926970,1054670,241107,354092,470229,612486,781630,977101,1131454
1425,NORTHERNAMERICA,905,AFRICA,903,548628,826822,1115964,1524859,1984391,2663579,3268757,287454,440899,600523,787971,1004403,1328799,1615287,261174,385923,515441,736888,979988,1334780,1653470
1426,NORTHERNAMERICA,905,EasternAfrica,910,199210,258254,321325,487572,673305,846463,1041477,98484,128824,161296,245299,334273,410331,498947,100726,129430,160029,242273,339032,436132,542530
1427,NORTHERNAMERICA,905,MiddleAfrica,911,12211,24830,37821,64916,93079,142131,185367,5880,12203,18725,33429,47794,72521,94235,6331,12627,19096,31487,45285,69610,91132
1428,NORTHERNAMERICA,905,NorthernAfrica,912,150117,220360,293321,368068,456587,689458,801831,79204,116855,156009,196414,236348,347860,400847,70913,103505,137312,171654,220239,341598,400984
1429,NORTHERNAMERICA,905,SouthernAfrica,913,58891,80412,102944,113013,125578,148023,168266,28434,39003,50109,55410,61258,71955,81117,30457,41409,52835,57603,64320,76068,87149
1430,NORTHERNAMERICA,905,WesternAfrica,914,128199,242966,360553,491290,635842,837504,1071816,75452,144014,214384,257419,324730,426132,540141,52747,98952,146169,233871,311112,411372,531675
1431,NORTHERNAMERICA,905,ASIA,935,6181878,8290114,10466666,12195799,14250937,17273538,17549235,3000088,4060397,5160051,5954940,6861992,8221103,8348222,3181790,4229717,5306615,6240859,7388945,9052435,9201013
1432,NORTHERNAMERICA,905,CentralAsia,5500,30137,37523,45192,57014,71156,126795,144491,14731,18497,22422,28292,34754,61589,69531,15406,19026,22770,28722,36402,65206,74960
1433,NORTHERNAMERICA,905,EasternAsia,906,2233530,2891093,3571824,4040218,4621216,5344541,4886669,1091510,1417131,1755918,1982190,2233509,2560216,2329473,1142020,1473962,1815906,2058028,2387707,2784325,2557196
1434,NORTHERNAMERICA,905,SouthEasternAsia,920,2267662,2922999,3597824,4066622,4651687,5162426,5360899,1014902,1316910,1630255,1830551,2046231,2221871,2299687,1252760,1606089,1967569,2236071,2605456,2940555,3061212
1435,NORTHERNAMERICA,905,SouthernAsia,5501,1073869,1708506,2362812,3022089,3749923,4894791,5537624,581258,927638,1285369,1585890,1945965,2515355,2836296,492611,780868,1077443,1436199,1803958,2379436,2701328
1436,NORTHERNAMERICA,905,WesternAsia,922,576680,729993,889014,1009856,1156955,1744985,1619552,297687,380221,466087,528017,601533,862072,813235,278993,349772,422927,481839,555422,882913,806317
1437,NORTHERNAMERICA,905,EUROPE,908,6645283,6859869,7126994,6988925,7081741,6926249,6869872,3130884,3246551,3392133,3358596,3353696,3284835,3252887,3514399,3613318,3734861,3630329,3728045,3641414,3616985
1438,NORTHERNAMERICA,905,EasternEurope,923,1508784,1727884,1960993,2032341,2183065,2205201,2227714,722463,830851,947087,982634,1019931,1047894,1052437,786321,897033,1013906,1049707,1163134,1157307,1175277
1439,NORTHERNAMERICA,905,NorthernEurope,924,1836172,1799054,1778953,1703400,1687920,1600179,1610643,861708,845590,838614,809761,796173,755674,762271,974464,953464,940339,893639,891747,844505,848372
1440,NORTHERNAMERICA,905,SouthernEurope,925,1794482,1806197,1831101,1761094,1761384,1741818,1707336,833939,843836,861839,839511,834838,816647,800074,960543,962361,969262,921583,926546,925171,907262
1441,NORTHERNAMERICA,905,WesternEurope,926,1505845,1526734,1555947,1492090,1449372,1379051,1324179,712774,726274,744593,726690,702754,664620,638105,793071,800460,811354,765400,746618,714431,686074
1442,NORTHERNAMERICA,905,LATINAMERICAANDTHECARIBBEAN,904,9976169,14269456,18644817,21019256,24134573,24980329,25535633,4985446,7155663,9371280,10617607,12001091,12384729,12498762,4990723,7113793,9273537,10401649,12133482,12595600,13036871
1443,NORTHERNAMERICA,905,Caribbean,915,3311502,4091533,4876326,5201157,5742178,6303743,6798694,1553063,1879413,2202625,2358910,2558230,2912168,3122539,1758439,2212120,2673701,2842247,3183948,3391575,3676155
1444,NORTHERNAMERICA,905,CentralAmerica,916,5492007,8511812,11595540,13240748,15323326,15308301,14943682,2897400,4516425,6176435,7080165,8091652,8002375,7754276,2594607,3995387,5419105,6160583,7231674,7305926,7189406
1445,NORTHERNAMERICA,905,SouthAmerica,931,1172660,1666111,2172951,2577351,3069069,3368285,3793257,534983,759825,992220,1178532,1351209,1470186,1621947,637677,906286,1180731,1398819,1717860,1898099,2171310
1446,NORTHERNAMERICA,905,NORTHERNAMERICA,905,999977,1054522,1113881,1132443,1149471,1100000,1088520,369913,390326,413342,420944,414322,390661,389003,630064,664196,700539,711499,735149,709339,699517
1447,NORTHERNAMERICA,905,OCEANIA,909,135857,175797,217378,230353,245006,280255,343625,58007,76102,95096,101485,106169,119955,146362,77850,99695,122282,128868,138837,160300,197263
1448,NORTHERNAMERICA,905,Melanesia,928,31451,42739,54638,58927,65730,71785,78579,15050,20501,26274,28273,31127,33627,36514,16401,22238,28364,30654,34603,38158,42065
1449,NORTHERNAMERICA,905,Micronesia,954,3827,8730,13745,13112,12866,15252,22159,1873,4331,6854,6575,6365,7509,10791,1954,4399,6891,6537,6501,7743,11368
1450,NORTHERNAMERICA,905,Polynesia,957,22288,28522,34874,33282,32670,38836,56256,10795,13953,17192,16515,16003,18885,27048,11493,14569,17682,16767,16667,19951,29208
1451,NORTHERNAMERICA,905,Burundi,108,489,1389,2323,4374,6225,8418,9119,238,671,1121,2147,3079,4143,4488,251,718,1202,2227,3146,4275,4631
1452,NORTHERNAMERICA,905,Comoros,174,19,29,40,109,175,134,144,9,14,19,52,84,65,71,10,15,21,57,91,69,73
1453,NORTHERNAMERICA,905,Djibouti,262,111,300,496,943,1330,2221,2405,54,145,239,410,558,994,1078,57,155,257,533,772,1227,1327
1454,NORTHERNAMERICA,905,Eritrea,232,15761,19164,22741,27080,32319,51249,67787,7699,9429,11255,13536,16055,25601,33476,8062,9735,11486,13544,16264,25648,34311
1455,NORTHERNAMERICA,905,Ethiopia,231,48570,66688,85504,128747,177333,254077,280980,25200,35067,45336,68666,93717,124720,136548,23370,31621,40168,60081,83616,129357,144432
1456,NORTHERNAMERICA,905,Kenya,404,30285,45861,62162,86541,114341,152173,186201,15164,23260,31746,44444,58239,77606,94301,15121,22601,30416,42097,56102,74567,91900
1457,NORTHERNAMERICA,905,Madagascar,450,1180,1538,1932,2635,3335,3528,3821,574,744,932,1247,1566,1600,1733,606,794,1000,1388,1769,1928,2088
1458,NORTHERNAMERICA,905,Malawi,454,293,338,391,529,610,665,719,143,164,189,306,386,352,381,150,174,202,223,224,313,338
1459,NORTHERNAMERICA,905,Mauritius,480,5095,5784,6611,9627,13160,15802,17120,2481,2801,3189,4709,6494,7908,8568,2614,2983,3422,4918,6666,7894,8552
1460,NORTHERNAMERICA,905,Mayotte,175,0,0,0,0,0,0,0,0,0,0,0,0,0,0,0,0,0,0,0,0,0
1461,NORTHERNAMERICA,905,Mozambique,508,691,777,881,982,1125,1242,1344,336,376,425,484,565,591,640,355,401,456,498,560,651,704
1462,NORTHERNAMERICA,905,Reunion,638,63,63,64,196,265,293,316,31,30,30,99,137,144,156,32,33,34,97,128,149,160
1463,NORTHERNAMERICA,905,Rwanda,646,307,1453,2634,3830,4920,6067,6572,149,701,1270,1753,2197,2836,3073,158,752,1364,2077,2723,3231,3499
1464,NORTHERNAMERICA,905,Seychelles,690,22486,11622,1035,936,905,1028,1112,10946,5655,500,442,419,452,489,11540,5967,535,494,486,576,623
1465,NORTHERNAMERICA,905,Somalia,706,21954,38952,56814,97445,142830,120070,149998,10694,19121,27999,47959,69344,57734,71669,11260,19831,28815,49486,73486,62336,78329
1466,NORTHERNAMERICA,905,SouthSudan,728,0,0,0,0,0,5506,5965,0,0,0,0,0,2976,3225,0,0,0,0,0,2530,2740
1467,NORTHERNAMERICA,905,Uganda,800,15282,18980,22963,33879,46388,58831,80645,7031,8701,10517,15265,20446,25929,34918,8251,10279,12446,18614,25942,32902,45727
1468,NORTHERNAMERICA,905,UnitedRepublicofTanzania,834,25343,28093,31353,41099,53065,70718,95203,12496,13905,15572,20890,27105,34512,46117,12847,14188,15781,20209,25960,36206,49086
1469,NORTHERNAMERICA,905,Zambia,894,4293,6295,8373,14462,20882,28548,40121,2010,2964,3959,6879,8864,11953,16474,2283,3331,4414,7583,12018,16595,23647
1470,NORTHERNAMERICA,905,Zimbabwe,716,6988,10928,15008,34158,54097,65893,91905,3229,5076,6998,16011,25018,30215,41542,3759,5852,8010,18147,29079,35678,50363
1471,NORTHERNAMERICA,905,Angola,24,3518,5186,6921,9780,12976,17168,23803,1462,2169,2909,4911,6499,8480,11634,2056,3017,4012,4869,6477,8688,12169
1472,NORTHERNAMERICA,905,Cameroon,120,3463,8837,14341,26091,38300,67707,90083,1864,4767,7748,14269,20843,36087,47869,1599,4070,6593,11822,17457,31620,42214
1473,NORTHERNAMERICA,905,CentralAfricanRepublic,140,14,92,173,256,235,1048,1134,6,44,83,113,100,536,581,8,48,90,143,135,512,553
1474,NORTHERNAMERICA,905,Chad,148,106,356,614,668,750,1585,1716,52,172,296,372,464,835,905,54,184,318,296,286,750,811
1475,NORTHERNAMERICA,905,Congo,178,87,182,282,1004,1655,2444,2647,42,88,136,558,941,1346,1459,45,94,146,446,714,1098,1188
1476,NORTHERNAMERICA,905,DemocraticRepublicoftheCongo,180,4975,9936,15049,26396,38278,51052,64765,2430,4847,7341,12859,18518,24705,31209,2545,5089,7708,13537,19760,26347,33556
1477,NORTHERNAMERICA,905,EquatorialGuinea,226,10,12,15,40,55,59,63,5,6,7,24,36,35,39,5,6,8,16,19,24,24
1478,NORTHERNAMERICA,905,Gabon,266,38,229,426,681,830,1068,1156,19,110,205,323,393,497,539,19,119,221,358,437,571,617
1479,NORTHERNAMERICA,905,SaoTomeandPrincipe,678,0,0,0,0,0,0,0,0,0,0,0,0,0,0,0,0,0,0,0,0,0
1480,NORTHERNAMERICA,905,Algeria,12,8372,19873,31729,47434,65713,83856,98118,4778,10854,17118,26304,36785,43247,50231,3594,9019,14611,21130,28928,40609,47887
1481,NORTHERNAMERICA,905,Egypt,818,93194,122346,152719,166692,187128,252393,274580,50666,67162,84360,93436,99178,132794,143393,42528,55184,68359,73256,87950,119599,131187
1482,NORTHERNAMERICA,905,Libya,434,4608,6271,7981,10211,11918,15937,20842,2253,3083,3938,5228,6155,8052,10407,2355,3188,4043,4983,5763,7885,10435
1483,NORTHERNAMERICA,905,Morocco,504,31657,46123,61289,87317,116637,142981,151469,14787,21534,28641,42322,57085,69011,72759,16870,24589,32648,44995,59552,73970,78710
1484,NORTHERNAMERICA,905,Sudan,729,5747,16580,27695,40719,55695,56080,62363,3250,9378,15674,20547,25954,25516,28039,2497,7202,12021,20172,29741,30564,34324
1485,NORTHERNAMERICA,905,Tunisia,788,6539,9167,11908,15695,19496,138211,194459,3470,4844,6278,8577,11191,69240,96018,3069,4323,5630,7118,8305,68971,98441
1486,NORTHERNAMERICA,905,WesternSahara,732,0,0,0,0,0,0,0,0,0,0,0,0,0,0,0,0,0,0,0,0,0
1487,NORTHERNAMERICA,905,Botswana,72,77,131,188,383,355,844,913,37,63,91,175,161,347,376,40,68,97,208,194,497,537
1488,NORTHERNAMERICA,905,Eswatini,748,101,131,164,235,280,397,429,50,64,80,90,94,159,172,51,67,84,145,186,238,257
1489,NORTHERNAMERICA,905,Lesotho,426,77,84,94,95,90,104,111,37,40,45,43,39,60,65,40,44,49,52,51,44,46
1490,NORTHERNAMERICA,905,Namibia,516,167,232,302,666,680,1028,1112,81,112,145,276,270,482,522,86,120,157,390,410,546,590
1491,NORTHERNAMERICA,905,SouthAfrica,710,58469,79834,102196,111634,124173,145650,165701,28229,38724,49748,54826,60694,70907,79982,30240,41110,52448,56808,63479,74743,85719
1492,NORTHERNAMERICA,905,Benin,204,149,272,401,1086,1605,2748,2976,72,131,193,640,986,1600,1733,77,141,208,446,619,1148,1243
1493,NORTHERNAMERICA,905,BurkinaFaso,854,38,178,322,793,1010,1967,2130,19,86,155,428,561,978,1060,19,92,167,365,449,989,1070
1494,NORTHERNAMERICA,905,CaboVerde,132,14416,20943,27603,30266,33927,40658,36257,6585,9689,12874,14208,15682,18677,16443,7831,11254,14729,16058,18245,21981,19814
1495,NORTHERNAMERICA,905,CotedIvoire,384,3058,6014,9078,17975,27086,40068,54067,1720,3668,5683,9147,13718,19900,26566,1338,2346,3395,8828,13368,20168,27501
1496,NORTHERNAMERICA,905,Gambia,270,1499,3795,6144,11724,17783,23822,34372,733,1881,3059,5899,8844,11765,16774,766,1914,3085,5825,8939,12057,17598
1497,NORTHERNAMERICA,905,Ghana,288,27310,55317,84100,108527,137324,183876,225776,16260,33310,50846,66458,79751,107021,130807,11050,22007,33254,42069,57573,76855,94969
1498,NORTHERNAMERICA,905,Guinea,324,1257,3850,6512,12607,18979,25491,35136,615,1901,3225,6361,9514,12600,17189,642,1949,3287,6246,9465,12891,17947
1499,NORTHERNAMERICA,905,GuineaBissau,624,24,37,50,67,85,109,116,11,18,24,38,52,70,76,13,19,26,29,33,39,40
1500,NORTHERNAMERICA,905,Liberia,430,11580,25976,40699,57096,75672,87941,107897,5493,12492,19676,27816,36387,41881,50780,6087,13484,21023,29280,39285,46060,57117
1501,NORTHERNAMERICA,905,Mali,466,111,465,831,1188,1435,2082,2255,54,224,401,599,742,1083,1174,57,241,430,589,693,999,1081
1502,NORTHERNAMERICA,905,Mauritania,478,24,85,149,332,485,899,973,11,41,72,198,305,576,624,13,44,77,134,180,323,349
1503,NORTHERNAMERICA,905,Niger,562,48,124,203,450,625,1023,1107,24,60,98,245,353,546,591,24,64,105,205,272,477,516
1504,NORTHERNAMERICA,905,Nigeria,566,58379,103052,148750,194163,243867,328992,447910,37917,67070,96937,97589,121469,162647,218904,20462,35982,51813,96574,122398,166345,229006
1505,NORTHERNAMERICA,905,SaintHelena,654,0,0,0,0,0,0,0,0,0,0,0,0,0,0,0,0,0,0,0,0,0
1506,NORTHERNAMERICA,905,Senegal,686,2753,7615,12599,24307,36584,49777,69582,1803,5045,8370,12295,18365,24990,34426,950,2570,4229,12012,18219,24787,35156
1507,NORTHERNAMERICA,905,SierraLeone,694,7433,14817,22369,29146,36985,44722,47656,4077,8193,12413,14613,16585,19895,20932,3356,6624,9956,14533,20400,24827,26724
1508,NORTHERNAMERICA,905,Togo,768,120,426,743,1563,2390,3329,3606,58,205,358,885,1416,1903,2062,62,221,385,678,974,1426,1544
1509,NORTHERNAMERICA,905,Kazakhstan,398,9477,11261,13165,17529,22701,41265,49759,4627,5531,6499,8587,10961,19938,23882,4850,5730,6666,8942,11740,21327,25877
1510,NORTHERNAMERICA,905,Kyrgyzstan,417,2089,2550,3036,4700,6608,9075,12091,1021,1257,1505,2319,3214,4376,5808,1068,1293,1531,2381,3394,4699,6283
1511,NORTHERNAMERICA,905,Tajikistan,762,1804,2318,2846,3794,4881,6104,8388,883,1147,1418,1899,2417,3001,4091,921,1171,1428,1895,2464,3103,4297
1512,NORTHERNAMERICA,905,Turkmenistan,795,675,847,1027,1606,2260,2802,3883,331,419,511,787,991,1236,1694,344,428,516,819,1269,1566,2189
1513,NORTHERNAMERICA,905,Uzbekistan,860,16092,20547,25118,29385,34706,67549,70370,7869,10143,12489,14700,17171,33038,34056,8223,10404,12629,14685,17535,34511,36314
1514,NORTHERNAMERICA,905,China,156,942103,1345327,1760773,2116749,2534987,3322051,2883364,460445,658719,863844,1034880,1220458,1587275,1369896,481658,686608,896929,1081869,1314529,1734776,1513468
1515,NORTHERNAMERICA,905,China,156,344,377459,408993,446503,430684,436221,456571,455590,184098,199854,218677,210695,211202,219703,217536,193361,209139,227826,219989,225019,236868
1516,NORTHERNAMERICA,905,China,156,446,11699,12611,13693,14782,16609,18282,24455,5708,6169,6716,7273,8106,8709,11623,5991,6442,6977,7509,8503,9573
1517,NORTHERNAMERICA,905,China,156,158,0,0,0,0,0,0,0,0,0,0,0,0,0,0,0,0,0,0,0,0
1518,NORTHERNAMERICA,905,DemPeoplesRepublicofKorea,408,106,106,109,355,340,775,838,52,51,52,164,157,413,448,54,55,57,191,183,362,390
1519,NORTHERNAMERICA,905,Japan,392,302020,341960,382595,384456,392358,362884,349330,147727,168628,190114,189570,189541,172506,165052,154293,173332,192481,194886,202817,190378,184278
1520,NORTHERNAMERICA,905,Mongolia,496,24,76,129,607,1035,1411,1528,11,37,63,277,471,636,690,13,39,66,330,564,775,838
1521,NORTHERNAMERICA,905,RepublicofKorea,410,600119,782020,968022,1092585,1239666,1182567,1171564,293469,383673,476452,539331,603574,570974,564228,306650,398347,491570,553254,636092,611593,607336
1522,NORTHERNAMERICA,905,BruneiDarussalam,96,4246,4242,4338,4018,3945,4457,4828,2067,2056,2093,2018,2073,2330,2524,2179,2186,2245,2000,1872,2127,2304
1523,NORTHERNAMERICA,905,Cambodia,116,136066,147413,159240,168043,182967,204679,180002,63161,68981,75131,79529,85285,94792,82435,72905,78432,84109,88514,97682,109887,97567
1524,NORTHERNAMERICA,905,Indonesia,360,55685,70001,84750,95464,108774,118714,120994,28142,35661,43445,49121,55344,57717,58195,27543,34340,41305,46343,53430,60997,62799
1525,NORTHERNAMERICA,905,LaoPeoplesDemocraticRepublic,418,185437,204299,223649,217932,219356,228163,188862,92590,102846,113480,111206,110635,114513,93799,92847,101453,110169,106726,108721,113650,95063
1526,NORTHERNAMERICA,905,Malaysia,458,49300,60372,72013,77292,85035,95589,99613,25615,31549,37797,40438,43891,46095,47583,23685,28823,34216,36854,41144,49494,52030
1527,NORTHERNAMERICA,905,Myanmar,104,22172,29556,37139,54942,75068,142588,165255,10879,14632,18505,27532,37179,70324,80631,11293,14924,18634,27410,37889,72264,84624
1528,NORTHERNAMERICA,905,Philippines,608,1031071,1331794,1641062,1949024,2298633,2568498,2696634,409705,533750,662623,780857,896279,1001092,1048970,621366,798044,978439,1168167,1402354,1567406,1647664
1529,NORTHERNAMERICA,905,Singapore,702,18919,24745,30832,35034,39863,47874,46226,8155,10732,13448,15248,17021,20083,19242,10764,14013,17384,19786,22842,27791,26984
1530,NORTHERNAMERICA,905,Thailand,764,112507,147275,182834,206837,236921,283077,273027,42145,54407,67101,76214,85005,99941,96138,70362,92868,115733,130623,151916,183136,176889
1531,NORTHERNAMERICA,905,TimorLeste,626,0,0,0,0,0,0,0,0,0,0,0,0,0,0,0,0,0,0,0,0,0
1532,NORTHERNAMERICA,905,VietNam,704,652259,903302,1161967,1258036,1401125,1468787,1585458,332443,462296,596632,648388,713519,714984,770170,319816,441006,565335,609648,687606,753803,815288
1533,NORTHERNAMERICA,905,Afghanistan,4,33765,50989,68701,82683,100275,125747,198458,18347,27445,36821,44573,51188,63771,100157,15418,23544,31880,38110,49087,61976,98301
1534,NORTHERNAMERICA,905,Bangladesh,50,25617,72235,120023,159388,204852,280990,324746,16265,45858,76222,80076,102455,139074,159189,9352,26377,43801,79312,102397,141916,165557
1535,NORTHERNAMERICA,905,Bhutan,64,0,17,35,1111,2210,4218,4569,0,8,17,552,1101,2116,2293,0,9,18,559,1109,2102,2276
1536,NORTHERNAMERICA,905,India,356,617202,986592,1367897,1815796,2302619,3054597,3444419,320141,513757,714106,956326,1206253,1590897,1791912,297061,472835,653791,859470,1096366,1463700,1652507
1537,NORTHERNAMERICA,905,IranIslamicRepublicof,364,240408,301656,364701,409594,468934,547696,553540,133914,167133,201427,227798,244426,282340,284777,106494,134523,163274,181796,224508,265356,268763
1538,NORTHERNAMERICA,905,Maldives,462,0,0,0,0,0,0,0,0,0,0,0,0,0,0,0,0,0,0,0,0,0
1539,NORTHERNAMERICA,905,Nepal,524,2382,7701,13146,34431,56924,119978,191957,1585,5111,8725,17309,28330,59210,93615,797,2590,4421,17122,28594,60768,98342
1540,NORTHERNAMERICA,905,Pakistan,586,116063,212485,311610,377674,439680,577472,626248,71216,129498,189445,189448,225417,287546,309531,44847,82987,122165,188226,214263,289926,316717
1541,NORTHERNAMERICA,905,SriLanka,144,38432,76831,116699,141412,174429,184093,193687,19790,38828,58606,69808,86795,90401,94822,18642,38003,58093,71604,87634,93692,98865
1542,NORTHERNAMERICA,905,Armenia,51,43252,55872,68765,71178,75883,98368,91978,21153,27600,34225,35548,37332,48288,44653,22099,28272,34540,35630,38551,50080,47325
1543,NORTHERNAMERICA,905,Azerbaijan,31,10067,12815,15639,17719,20398,25782,36053,4922,6324,7774,8869,10107,12481,17337,5145,6491,7865,8850,10291,13301,18716
1544,NORTHERNAMERICA,905,Bahrain,48,297,802,1327,1681,1995,2375,2572,145,387,640,870,1080,1282,1389,152,415,687,811,915,1093,1183
1545,NORTHERNAMERICA,905,Cyprus,196,14171,14879,15686,17511,20024,24410,33996,7680,8106,8587,9755,11115,13487,18716,6491,6773,7099,7756,8909,10923,15280
1546,NORTHERNAMERICA,905,Georgia,268,7438,9475,11568,17080,23232,29680,42187,3637,4678,5752,8549,11492,14529,20454,3801,4797,5816,8531,11740,15151,21733
1547,NORTHERNAMERICA,905,Iraq,368,51791,84748,118575,142402,172037,281482,329778,28941,47190,65958,79763,95370,139435,161822,22850,37558,52617,62639,76667,142047,167956
1548,NORTHERNAMERICA,905,Israel,376,102155,115383,129158,144908,164428,156265,162569,51567,58694,66165,75017,84595,80318,83450,50588,56689,62993,69891,79833,75947,79119
1549,NORTHERNAMERICA,905,Jordan,400,33896,43382,53088,62656,74074,88563,105518,21395,27368,33493,39758,44517,52730,62836,12501,16014,19595,22898,29557,35833,42682
1550,NORTHERNAMERICA,905,Kuwait,414,11331,20730,30397,33030,36781,44967,45488,5537,10191,14993,16572,18502,22539,22670,5794,10539,15404,16458,18279,22428,22818
1551,NORTHERNAMERICA,905,Lebanon,422,138763,156844,176455,187150,205988,207813,214713,72264,81924,92403,100326,111617,111859,115413,66499,74920,84052,86824,94371,95954,99300
1552,NORTHERNAMERICA,905,Oman,512,14,281,555,1031,1385,1530,1656,6,135,268,544,755,770,834,8,146,287,487,630,760,822
1553,NORTHERNAMERICA,905,Qatar,634,259,666,1089,1361,1650,2474,2680,126,322,525,709,903,1256,1362,133,344,564,652,747,1218,1318
1554,NORTHERNAMERICA,905,SaudiArabia,682,14364,22800,31458,43369,48251,107819,99568,6373,10339,14425,21117,23254,49099,45121,7991,12461,17033,22252,24997,58720,54447
1555,NORTHERNAMERICA,905,StateofPalestine,275,26467,28797,31278,34366,38617,48336,67229,12934,14169,15495,17383,19578,24290,33297,13533,14628,15783,16983,19039,24046,33932
1556,NORTHERNAMERICA,905,SyrianArabRepublic,760,47342,59320,71773,75965,83088,137516,141200,26282,33106,40209,38060,41538,68136,69521,21060,26214,31564,37905,41550,69380,71679
1557,NORTHERNAMERICA,905,Turkey,792,66805,82143,98024,111138,127441,405737,141712,29694,36859,44338,51250,58590,180511,64405,37111,45284,53686,59888,68851,225226,77307
1558,NORTHERNAMERICA,905,UnitedArabEmirates,784,2874,8077,13432,18654,24235,33285,40654,1633,4540,7533,9578,12666,17173,20765,1241,3537,5899,9076,11569,16112,19889
1559,NORTHERNAMERICA,905,Yemen,887,5394,12979,20747,28657,37448,48583,60001,3398,8289,13304,14349,18522,23889,29190,1996,4690,7443,14308,18926,24694,30811
1560,NORTHERNAMERICA,905,Belarus,112,25806,34687,43843,54237,66711,71615,63556,12614,17112,21773,26974,32720,34978,30713,13192,17575,22070,27263,33991,36637,32843
1561,NORTHERNAMERICA,905,Bulgaria,100,11453,28217,45436,61212,79829,92164,84551,5783,14391,23256,31550,40809,46869,42581,5670,13826,22180,29662,39020,45295,41970
1562,NORTHERNAMERICA,905,Czechia,203,102819,102053,101498,97627,96828,96794,132934,50256,50201,50302,48622,47732,47197,64311,52563,51852,51196,49005,49096,49597,68623
1563,NORTHERNAMERICA,905,Hungary,348,165039,154383,144589,130767,121274,115354,103328,79436,74603,70254,63985,59044,55705,49579,85603,79780,74335,66782,62230,59649,53749
1564,NORTHERNAMERICA,905,Poland,616,565580,609834,658698,635929,639640,564970,564595,264578,285319,308610,296820,292607,256763,256085,301002,324515,350088,339109,347033,308207,308510
1565,NORTHERNAMERICA,905,RepublicofMoldova,498,13216,17716,22360,32589,43889,61425,64671,6460,8740,11103,16321,21811,30137,31474,6756,8976,11257,16268,22078,31288,33197
1566,NORTHERNAMERICA,905,Romania,642,123542,161108,200179,221251,252594,267691,267873,58476,76796,95941,106355,120168,126309,125440,65066,84312,104238,114896,132426,141382,142433
1567,NORTHERNAMERICA,905,RussianFederation,643,285987,340945,399150,431218,478704,464731,481796,139668,167065,196285,211841,210496,223504,231066,146319,173880,202865,219377,268208,241227,250730
1568,NORTHERNAMERICA,905,Slovakia,703,10286,10329,10617,11513,13145,14316,15511,5008,5005,5122,5545,6338,6745,7309,5278,5324,5495,5968,6807,7571,8202
1569,NORTHERNAMERICA,905,Ukraine,804,205056,268612,334623,355998,390451,456141,448899,100184,131619,164441,174621,188206,219687,213879,104872,136993,170182,181377,202245,236454,235020
1570,NORTHERNAMERICA,905,ChannelIslands,830,0,0,0,0,0,0,0,0,0,0,0,0,0,0,0,0,0,0,0,0,0
1571,NORTHERNAMERICA,905,Denmark,208,64250,59254,55940,53093,51149,48666,51250,28932,26299,24960,24086,23201,21202,22199,35318,32955,30980,29007,27948,27464,29051
1572,NORTHERNAMERICA,905,Estonia,233,15380,15820,16402,15131,14515,14266,19553,7446,7688,8004,7316,6847,6706,9162,7934,8132,8398,7815,7668,7560,10391
1573,NORTHERNAMERICA,905,FaroeIslands,234,261,278,257,190,254,279,273,208,213,192,157,206,229,224,53,65,65,33,48,50,49
1574,NORTHERNAMERICA,905,Finland,246,38477,37131,36112,32069,29205,31358,42062,15342,14797,14437,15587,13799,14607,19626,23135,22334,21675,16482,15406,16751,22436
1575,NORTHERNAMERICA,905,Iceland,352,5624,5890,6263,5963,5782,6421,9033,2757,2908,3152,3035,2919,3193,4433,2867,2982,3111,2928,2863,3228,4600
1576,NORTHERNAMERICA,905,Ireland,372,197169,191719,186487,172811,162890,148580,136737,79337,77869,76663,71906,67009,61248,56796,117832,113850,109824,100905,95881,87332,79941
1577,NORTHERNAMERICA,905,IsleofMan,833,0,0,0,0,0,0,0,0,0,0,0,0,0,0,0,0,0,0,0,0,0
1578,NORTHERNAMERICA,905,Latvia,428,33591,34505,35574,33483,32327,31006,28672,13713,14192,14771,13892,13101,12436,11539,19878,20313,20803,19591,19226,18570,17133
1579,NORTHERNAMERICA,905,Lithuania,440,36385,36174,36067,38868,43094,44398,37795,15910,15944,16052,17345,18905,19029,15993,20475,20230,20015,21523,24189,25369,21802
1580,NORTHERNAMERICA,905,Norway,578,50272,44826,39433,35291,32063,32798,22297,21572,19353,17222,15493,13856,14065,9563,28700,25473,22211,19798,18207,18733,12734
1581,NORTHERNAMERICA,905,Sweden,752,61306,59846,58561,56160,55210,58792,47909,25511,25095,24858,23872,22966,24293,19612,35795,34751,33703,32288,32244,34499,28297
1582,NORTHERNAMERICA,905,UnitedKingdom,826,1333457,1313611,1307857,1260341,1261431,1183615,1215062,650980,641232,638303,617072,613364,578666,593124,682477,672379,669554,643269,648067,604949,621938
1583,NORTHERNAMERICA,905,Albania,8,6025,25703,45849,64467,85695,107135,113796,3413,14552,25977,36749,45449,52687,55418,2612,11151,19872,27718,40246,54448,58378
1584,NORTHERNAMERICA,905,Andorra,20,0,0,0,0,0,0,0,0,0,0,0,0,0,0,0,0,0,0,0,0,0
1585,NORTHERNAMERICA,905,BosniaandHerzegovina,70,80489,103330,127218,138990,156578,163409,143042,39312,50845,62963,69522,77922,80587,70016,41177,52485,64255,69468,78656,82822,73026
1586,NORTHERNAMERICA,905,Croatia,191,23393,51972,81203,81514,86182,84743,79233,11442,25360,39623,39989,42101,41735,38894,11951,26612,41580,41525,44081,43008,40339
1587,NORTHERNAMERICA,905,Gibraltar,292,201,224,253,269,285,163,175,98,108,122,151,179,74,80,103,116,131,118,106,89,95
1588,NORTHERNAMERICA,905,Greece,300,257786,251095,245839,226694,217359,214033,184157,129870,127036,124993,116652,111987,109286,93263,127916,124059,120846,110042,105372,104747,90894
1589,NORTHERNAMERICA,905,HolySee,336,0,0,0,0,0,0,0,0,0,0,0,0,0,0,0,0,0,0,0,0,0
1590,NORTHERNAMERICA,905,Italy,380,918065,856489,800553,714656,645598,587793,564904,419729,392134,367732,332117,297977,271412,262345,498336,464355,432821,382539,347621,316381,302559
1591,NORTHERNAMERICA,905,Malta,470,19387,18670,18156,16374,15451,15784,20191,9618,9275,9038,8315,7963,8030,10206,9769,9395,9118,8059,7488,7754,9985
1592,NORTHERNAMERICA,905,Montenegro,499,0,0,0,750,1525,1853,2006,0,0,0,367,749,919,996,0,0,0,383,776,934,1010
1593,NORTHERNAMERICA,905,NorthMacedonia,807,17507,21835,26419,29324,33580,38254,43956,8547,10726,13046,14613,16646,18820,21441,8960,11109,13373,14711,16934,19434,22515
1594,NORTHERNAMERICA,905,Portugal,620,366307,363687,364052,342953,338495,317024,343079,174842,174043,175590,166495,163672,152448,164701,191465,189644,188462,176458,174823,164576,178378
1595,NORTHERNAMERICA,905,SanMarino,674,0,0,0,0,0,0,0,0,0,0,0,0,0,0,0,0,0,0,0,0,0
1596,NORTHERNAMERICA,905,Serbia,688,5763,8130,10545,34233,66584,71440,75722,2819,4022,5253,16881,32519,35054,36932,2944,4108,5292,17352,34065,36386,38790
1597,NORTHERNAMERICA,905,Slovenia,705,12337,13749,15404,14645,14668,17830,22891,6015,6710,7529,7127,7053,8492,10883,6322,7039,7875,7518,7615,9338,12008
1598,NORTHERNAMERICA,905,Spain,724,87222,91313,95610,96225,99384,122357,114184,28234,29025,29973,30533,30621,37103,34899,58988,62288,65637,65692,68763,85254,79285
1599,NORTHERNAMERICA,905,Austria,40,113299,100300,87448,78919,73149,66918,56241,43878,39263,34819,31666,28983,25970,22224,69421,61037,52629,47253,44166,40948,34017
1600,NORTHERNAMERICA,905,Belgium,56,55959,55253,54983,54160,54604,55739,51134,21644,21414,21434,26853,26948,27425,24995,34315,33839,33549,27307,27656,28314,26139
1601,NORTHERNAMERICA,905,France,250,172949,200967,230635,245477,251581,279321,276866,84554,98710,113772,123511,127060,140572,139491,88395,102257,116863,121966,124521,138749,137375
1602,NORTHERNAMERICA,905,Germany,276,885412,891625,900820,849188,812799,730470,691476,432708,436581,442323,418694,396310,353109,333486,452704,455044,458497,430494,416489,377361,357990
1603,NORTHERNAMERICA,905,Liechtenstein,438,0,0,0,0,0,0,0,0,0,0,0,0,0,0,0,0,0,0,0,0,0
1604,NORTHERNAMERICA,905,Luxembourg,442,2604,2661,2729,2958,3240,3339,4599,1273,1310,1352,1472,1596,1668,2271,1331,1351,1377,1486,1644,1671,2328
1605,NORTHERNAMERICA,905,Monaco,492,130,118,109,138,150,109,116,63,57,52,85,105,95,102,67,61,57,53,45,14,14
1606,NORTHERNAMERICA,905,Netherlands,528,220571,216091,214300,198844,192952,180733,175201,104684,102656,102014,96128,94083,87688,85025,115887,113435,112286,102716,98869,93045,90176
1607,NORTHERNAMERICA,905,Switzerland,756,54921,59719,64923,62406,60897,62422,68546,23970,26283,28827,28281,27669,28093,30511,30951,33436,36096,34125,33228,34329,38035
1608,NORTHERNAMERICA,905,Anguilla,660,106,121,139,103,75,64,68,52,59,68,43,21,40,44,54,62,71,60,54,24,24
1609,NORTHERNAMERICA,905,AntiguaandBarbuda,28,13922,17458,21102,24735,29299,33972,48523,6230,7881,9593,11296,13171,15124,21307,7692,9577,11509,13439,16128,18848,27216
1610,NORTHERNAMERICA,905,Aruba,533,3886,4190,4510,5250,6133,7162,10193,1605,1748,1903,2216,2531,2892,4060,2281,2442,2607,3034,3602,4270,6133
1611,NORTHERNAMERICA,905,Bahamas,44,22694,26339,30061,30642,31811,38128,48680,9369,11003,12694,13091,13371,15817,19871,13325,15336,17367,17551,18440,22311,28809
1612,NORTHERNAMERICA,905,Barbados,52,57240,62603,68358,68360,70963,72488,66915,26313,28942,31798,31792,32451,32872,30037,30927,33661,36560,36568,38512,39616,36878
1613,NORTHERNAMERICA,905,Bonaire,16,535,57,54,53,52,4095,4069,4407,28,26,26,24,1862,1849,2004,29,28,27,28,2233,2220
1614,NORTHERNAMERICA,905,BritishVirginIslands,92,72,94,119,105,95,84,90,35,46,58,52,48,40,44,37,48,61,53,47,44,46
1615,NORTHERNAMERICA,905,CaymanIslands,136,96,91,89,230,240,268,289,47,44,42,115,122,144,156,49,47,47,115,118,124,133
1616,NORTHERNAMERICA,905,Cuba,192,738719,819094,900161,968630,1068595,1228438,1395456,351852,391673,432386,468142,509058,580088,657351,386867,427421,467775,500488,559537,648350,738105
1617,NORTHERNAMERICA,905,CuraÃao,531,396,379,371,368,40015,467,505,192,183,179,172,18255,194,211,204,196,192,196,21760,273,294
1618,NORTHERNAMERICA,905,Dominica,212,20978,19917,18834,28094,38579,35141,39007,10079,9637,9195,13660,16596,15080,16515,10899,10280,9639,14434,21983,20061,22492
1619,NORTHERNAMERICA,905,DominicanRepublic,214,350535,528550,710256,768779,852272,1097482,1179385,155733,232249,310843,338954,369371,472251,500132,194802,296301,399413,429825,482901,625231,679253
1620,NORTHERNAMERICA,905,Grenada,308,22273,30453,38905,40222,43084,45854,36356,9876,13645,17563,17813,18417,19548,15228,12397,16808,21342,22409,24667,26306,21128
1621,NORTHERNAMERICA,905,Guadeloupe,312,125,233,347,454,430,511,552,61,113,168,237,235,243,263,64,120,179,217,195,268,289
1622,NORTHERNAMERICA,905,Haiti,332,264692,373121,484457,558871,650401,775442,806036,131627,186139,242340,278830,319143,378965,389740,133065,186982,242117,280041,331258,396477,416296
1623,NORTHERNAMERICA,905,Jamaica,388,432744,558474,689502,732250,802720,850167,943010,193895,250073,309146,326052,348569,367702,406872,238849,308401,380356,406198,454151,482465,536138
1624,NORTHERNAMERICA,905,Martinique,474,288,284,287,415,490,641,693,141,138,138,227,285,293,318,147,146,149,188,205,348,375
1625,NORTHERNAMERICA,905,Montserrat,500,3877,4238,4614,5375,6322,7355,10460,1688,1868,2057,2412,2795,3199,4485,2189,2370,2557,2963,3527,4156,5975
1626,NORTHERNAMERICA,905,PuertoRico,630,1180565,1384320,1576690,1618485,1711045,1696138,1829792,565094,627486,677248,700294,726985,831343,894774,615471,756834,899442,918191,984060,864795,935018
1627,NORTHERNAMERICA,905,SaintBarthelemy,652,0,0,0,0,0,0,0,0,0,0,0,0,0,0,0,0,0,0,0,0,0
1628,NORTHERNAMERICA,905,SaintKittsandNevis,659,8911,11318,13805,15735,18311,21199,30030,3953,5072,6236,7012,7918,9295,12992,4958,6246,7569,8723,10393,11904,17038
1629,NORTHERNAMERICA,905,SaintLucia,662,8672,12813,17081,20704,24142,29434,40534,3789,5652,7581,8936,10091,12295,16804,4883,7161,9500,11768,14051,17139,23730
1630,NORTHERNAMERICA,905,SaintMartinFrenchpart,663,0,0,0,0,0,0,0,0,0,0,0,0,0,0,0,0,0,0,0,0,0
1631,NORTHERNAMERICA,905,SaintVincentandtheGrenadines,670,17181,23100,29242,31238,33502,38164,29114,8701,11744,14909,15297,15728,17853,12959,8480,11356,14333,15941,17774,20311,16155
1632,NORTHERNAMERICA,905,SintMaartenDutchpart,534,113,108,106,105,1605,104,111,55,52,51,49,738,40,43,58,56,55,56,867,64,68
1633,NORTHERNAMERICA,905,TrinidadandTobago,780,163130,213987,267096,281816,307840,320821,278329,72539,93848,116337,122120,130399,134919,116240,90591,120139,150759,159696,177441,185902,162089
1634,NORTHERNAMERICA,905,TurksandCaicosIslands,796,196,160,106,94,69,61,64,92,75,49,54,51,32,34,104,85,57,40,18,29,30
1635,NORTHERNAMERICA,905,UnitedStatesVirginIslands,850,34,34,35,45,45,89,95,17,17,17,20,19,50,55,17,17,18,25,26,39,40
1636,NORTHERNAMERICA,905,Belize,84,30892,36667,42552,45953,50679,56129,45116,12811,15403,18074,19659,21287,23432,18596,18081,21264,24478,26294,29392,32697,26520
1637,NORTHERNAMERICA,905,CostaRica,188,44777,60312,76170,84220,94782,95864,101155,17984,24591,31391,35030,38726,38726,40231,26793,35721,44779,49190,56056,57138,60924
1638,NORTHERNAMERICA,905,ElSalvador,222,492578,682568,876916,1037828,1236078,1400142,1462435,250124,347952,448512,534137,628809,706796,736687,242454,334616,428404,503691,607269,693346,725748
1639,NORTHERNAMERICA,905,Guatemala,320,234298,369056,506830,657750,832780,1008685,1245451,118161,186917,257514,336261,420518,506609,618765,116137,182139,249316,321489,412262,502076,626686
1640,NORTHERNAMERICA,905,Honduras,340,111125,201802,294496,389065,497639,615194,781427,47139,86898,127758,169965,213552,262173,328025,63986,114904,166738,219100,284087,353021,453402
1641,NORTHERNAMERICA,905,Mexico,484,4316624,6858058,9452861,10672250,12238357,11723388,10939885,2324910,3707517,5124596,5811807,6588645,6268181,5837169,1991714,3150541,4328265,4860443,5649712,5455207,5102716
1642,NORTHERNAMERICA,905,Nicaragua,558,174858,204830,235373,245137,263026,290246,265635,83789,98518,113666,118951,125743,138197,125005,91069,106312,121707,126186,137283,152049,140630
1643,NORTHERNAMERICA,905,Panama,591,86855,98519,110342,108545,109985,118653,102578,42482,48629,54924,54355,54372,58261,49798,44373,49890,55418,54190,55613,60392,52780
1644,NORTHERNAMERICA,905,Argentina,32,103223,122383,142095,168662,201274,218624,240369,48331,56816,65635,78372,92210,99678,108251,54892,65567,76460,90290,109064,118946,132118
1645,NORTHERNAMERICA,905,BoliviaPlurinationalStateof,68,32848,44804,57027,70286,85656,90897,84759,16064,22133,28369,35076,42149,44633,41164,16784,22671,28658,35210,43507,46264,43595
1646,NORTHERNAMERICA,905,Brazil,76,89517,159490,231149,299489,375877,390509,549087,36343,63653,91806,119915,147403,151312,211408,53174,95837,139343,179574,228474,239197,337679
1647,NORTHERNAMERICA,905,Chile,152,77626,92337,107825,112616,120890,133258,118471,34080,40678,47704,50142,53149,58197,51528,43546,51659,60121,62474,67741,75061,66943
1648,NORTHERNAMERICA,905,Colombia,170,293671,415920,540761,620295,719020,769009,893029,129480,185800,243681,281663,321837,340165,393929,164191,230120,297080,338632,397183,428844,499100
1649,NORTHERNAMERICA,905,Ecuador,218,150999,233289,317469,376596,448844,492912,441409,75005,117124,160400,191069,224641,245536,217399,75994,116165,157069,185527,224203,247376,224010
1650,NORTHERNAMERICA,905,FalklandIslandsMalvinas,238,0,0,0,0,0,0,0,0,0,0,0,0,0,0,0,0,0,0,0,0,0
1651,NORTHERNAMERICA,905,FrenchGuiana,254,48,48,50,62,70,278,299,24,23,24,33,40,134,144,24,25,26,29,30,144,155
1652,NORTHERNAMERICA,905,Guyana,328,184130,240732,299968,319306,352964,386380,336089,87896,114947,143415,151694,164294,179149,153939,96234,125785,156553,167612,188670,207231,182150
1653,NORTHERNAMERICA,905,Paraguay,600,10759,13918,17256,27384,38406,39025,54029,4234,5318,6491,10148,13782,13823,18740,6525,8600,10765,17236,24624,25202,35289
1654,NORTHERNAMERICA,905,Peru,604,155209,228320,303181,372481,455344,516076,467758,72443,105495,139537,171924,183195,205966,186446,82766,122825,163644,200557,272149,310110,281312
1655,NORTHERNAMERICA,905,Suriname,740,3373,4938,6551,10773,15438,15837,22626,1652,2441,3258,5399,6913,7105,9980,1721,2497,3293,5374,8525,8732,12646
1656,NORTHERNAMERICA,905,Uruguay,858,25799,28778,31913,44261,58376,58564,57310,11546,12981,14510,20160,23274,23260,22789,14253,15797,17403,24101,35102,35304,34521
1657,NORTHERNAMERICA,905,VenezuelaBolivarianRepublicof,862,45458,81154,117706,155140,196910,256916,528022,17885,32416,47390,62937,78322,101228,206230,27573,48738,70316,92203,118588,155688,321792
1658,NORTHERNAMERICA,905,Bermuda,60,9646,10056,10503,10737,10796,10901,15161,4715,4948,5203,5356,5344,5417,7445,4931,5108,5300,5381,5452,5484,7716
1659,NORTHERNAMERICA,905,Canada,124,747342,795940,844014,844790,871397,832978,796118,246932,264955,283231,286607,287708,270786,257641,500410,530985,560783,558183,583689,562192,538477
1660,NORTHERNAMERICA,905,Greenland,304,0,0,0,0,0,0,0,0,0,0,0,0,0,0,0,0,0,0,0,0,0
1661,NORTHERNAMERICA,905,SaintPierreandMiquelon,666,422,392,372,320,285,288,311,205,190,180,151,132,159,172,217,202,192,169,153,129,139
1662,NORTHERNAMERICA,905,UnitedStatesofAmerica,840,242567,248134,258992,276596,266993,255833,276930,118061,120233,124728,128830,121138,114299,123745,124506,127901,134264,147766,145855,141534,153185
1663,NORTHERNAMERICA,905,Australia,36,55694,68221,81285,88622,93761,110406,126353,20829,25730,30922,34350,35441,41347,46997,34865,42491,50363,54272,58320,69059,79356
1664,NORTHERNAMERICA,905,NewZealand,554,22597,27585,32836,36410,39979,43976,60278,9460,11587,13854,15772,17233,18587,25012,13137,15998,18982,20638,22746,25389,35266
1665,NORTHERNAMERICA,905,Fiji,242,31287,42455,54227,58409,65235,71334,78094,14970,20364,26076,28030,30899,33419,36289,16317,22091,28151,30379,34336,37915,41805
1666,NORTHERNAMERICA,905,NewCaledonia,540,58,85,114,119,85,218,234,28,41,55,60,45,109,118,30,44,59,59,40,109,116
1667,NORTHERNAMERICA,905,PapuaNewGuinea,598,106,199,297,399,410,233,251,52,96,143,183,183,99,107,54,103,154,216,227,134,144
1668,NORTHERNAMERICA,905,SolomonIslands,90,0,0,0,0,0,0,0,0,0,0,0,0,0,0,0,0,0,0,0,0,0
1669,NORTHERNAMERICA,905,Vanuatu,548,0,0,0,0,0,0,0,0,0,0,0,0,0,0,0,0,0,0,0,0,0
1670,NORTHERNAMERICA,905,Guam,316,0,0,0,0,0,0,0,0,0,0,0,0,0,0,0,0,0,0,0,0,0
1671,NORTHERNAMERICA,905,Kiribati,296,0,0,0,0,0,0,0,0,0,0,0,0,0,0,0,0,0,0,0,0,0
1672,NORTHERNAMERICA,905,MarshallIslands,584,1086,3750,6478,6179,6063,7188,10442,532,1864,3233,3100,3001,3541,5088,554,1886,3245,3079,3062,3647,5354
1673,NORTHERNAMERICA,905,MicronesiaFedStatesof,583,2741,4980,7267,6933,6803,8064,11717,1341,2467,3621,3475,3364,3968,5703,1400,2513,3646,3458,3439,4096,6014
1674,NORTHERNAMERICA,905,Nauru,520,0,0,0,0,0,0,0,0,0,0,0,0,0,0,0,0,0,0,0,0,0
1675,NORTHERNAMERICA,905,NorthernMarianaIslands,580,0,0,0,0,0,0,0,0,0,0,0,0,0,0,0,0,0,0,0,0,0
1676,NORTHERNAMERICA,905,Palau,585,0,0,0,0,0,0,0,0,0,0,0,0,0,0,0,0,0,0,0,0,0
1677,NORTHERNAMERICA,905,AmericanSamoa,16,0,0,0,0,0,0,0,0,0,0,0,0,0,0,0,0,0,0,0,0,0
1678,NORTHERNAMERICA,905,CookIslands,184,0,0,0,0,0,0,0,0,0,0,0,0,0,0,0,0,0,0,0,0,0
1679,NORTHERNAMERICA,905,FrenchPolynesia,258,53,97,144,131,115,178,191,26,47,70,76,80,89,96,27,50,74,55,35,89,95
1680,NORTHERNAMERICA,905,Niue,570,0,0,0,0,0,0,0,0,0,0,0,0,0,0,0,0,0,0,0,0,0
1681,NORTHERNAMERICA,905,Samoa,882,11471,14172,16919,16164,15889,18867,27357,5612,7003,8427,8103,7865,9278,13303,5859,7169,8492,8061,8024,9589,14054
1682,NORTHERNAMERICA,905,Tokelau,772,0,0,0,0,0,0,0,0,0,0,0,0,0,0,0,0,0,0,0,0,0
1683,NORTHERNAMERICA,905,Tonga,776,10764,14253,17811,16987,16666,19791,28708,5157,6903,8695,8336,8058,9518,13649,5607,7350,9116,8651,8608,10273,15059
1684,NORTHERNAMERICA,905,Tuvalu,798,0,0,0,0,0,0,0,0,0,0,0,0,0,0,0,0,0,0,0,0,0
1685,NORTHERNAMERICA,905,WallisandFutunaIslands,876,0,0,0,0,0,0,0,0,0,0,0,0,0,0,0,0,0,0,0,0,0
