,Destination,Destination_Code,Origin,Origin_Code,1990,1995,2000,2005,2010,2015,2020,1990.1,1995.1,2000.1,2005.1,2010.1,2015.1,2020.1,1990.2,1995.2,2000.2,2005.2,2010.2,2015.2,2020.2
0,SubSaharanAfrica,947,EUROPE,908,426230,398770,441396,516257,482707,452197,497863,200930,201121,230054,264319,246813,232091,262645,225300,197649,211342,251938,235894,220106,235218
1,NorthernAfricaandWesternAsia,1833,EUROPE,908,2259563,2166088,2103623,2070752,2114469,2139019,2600363,1046833,1001890,970363,949202,964478,921751,1044484,1212730,1164198,1133260,1121550,1149991,1217268,1555879
2,CentralandSouthernAsia,921,EUROPE,908,5473732,4863593,4283297,4269185,4276506,4375287,4507238,2431660,2160066,1895601,1941864,1995565,2077489,2133961,3042072,2703527,2387696,2327321,2280941,2297798,2373277
3,EasternandSouthEasternAsia,1832,EUROPE,908,95531,105929,150990,168844,175355,189108,212621,55085,59767,81392,91885,96270,103195,114631,40446,46162,69598,76959,79085,85913,97990
4,LatinAmericaandtheCaribbean,1830,EUROPE,908,1817209,1600698,1396387,1248692,1147896,1291715,1355886,930072,817812,712751,639480,590845,663122,704491,887137,782886,683636,609212,557051,628593,651395
5,OceaniaexcludingAustraliaandNewZealand,1835,EUROPE,908,42359,47299,51151,58170,63093,71230,74042,25264,27785,29759,33121,35421,39875,41334,17095,19514,21392,25049,27672,31355,32708
6,AustraliaandNewZealand,927,EUROPE,908,2603009,2604914,2582983,2600184,2685910,2714704,2909353,1337807,1329578,1307303,1307567,1345581,1366819,1458457,1265202,1275336,1275680,1292617,1340329,1347885,1450896
7,EuropeandNorthernAmerica,1829,EUROPE,908,35012645,36848712,38717957,40404900,43765365,45344493,51116297,16411247,17218155,18020430,18833754,20233480,20964985,23988895,18601398,19630557,20697527,21571146,23531885,24379508,27127402
8,Developedregions,901,EUROPE,908,37640490,39485417,41342533,43054652,46503827,48116266,54093598,17761707,18562992,19346949,20163900,21602695,22357270,25477680,19878783,20922425,21995584,22890752,24901132,25758996,28615918
9,Lessdevelopedregions,902,EUROPE,908,10089788,9150586,8385251,8282332,8207474,8461487,9180065,4677191,4253182,3900704,3897292,3905758,4012057,4271218,5412597,4897404,4484547,4385040,4301716,4449430,4908847
10,Leastdevelopedcountries,941,EUROPE,908,81070,94766,105423,114728,119871,124344,126494,44379,51790,57648,62088,64815,66886,57305,36691,42976,47775,52640,55056,57458,69189
11,LandlockedDevelopingCountriesLLDC,1636,EUROPE,908,6199168,5397176,4699742,4599270,4544987,4631683,4769118,2732088,2376705,2060578,2070217,2099402,2177397,2248409,3467080,3020471,2639164,2529053,2445585,2454286,2520709
12,SmallislanddevelopingStatesSIDS,1637,EUROPE,908,203598,223072,242505,242728,252344,269953,276585,110055,119308,128865,126687,129312,137693,141836,93543,103764,113640,116041,123032,132260,134749
13,Highincomecountries,1503,EUROPE,908,26203905,28144425,30444071,32997057,37089395,38458306,44341619,12570227,13435266,14465467,15700508,17488932,18127366,21207526,13633678,14709159,15978604,17296549,19600463,20330940,23134093
14,Middleincomecountries,1517,EUROPE,908,20991096,19992803,18792072,17842762,17115535,17606310,18406391,9617921,9146671,8548465,8125955,7781160,8003631,8296654,11373175,10846132,10243607,9716807,9334375,9602679,10109737
15,Uppermiddleincomecountries,1502,EUROPE,908,12605008,12741817,12518007,12147021,11758830,12309888,13039726,6000220,6061087,5921259,5720568,5499368,5734835,6006787,6604788,6680730,6596748,6426453,6259462,6575053,7032939
16,Lowermiddleincomecountries,1501,EUROPE,908,8386088,7250986,6274065,5695741,5356705,5296422,5366665,3617701,3085584,2627206,2405387,2281792,2268796,2289867,4768387,4165402,3646859,3290354,3074913,3027626,3076798
17,Lowincomecountries,1500,EUROPE,908,415675,346361,303210,291643,288735,286096,289706,187238,154735,136743,130378,129440,127403,129456,228437,191626,166467,161265,159295,158693,160250
18,AFRICA,903,EUROPE,908,622122,539020,533653,617032,604211,581876,648455,298151,270729,276736,319348,312133,303662,344926,323971,268291,256917,297684,292078,278214,303529
19,EasternAfrica,910,EUROPE,908,77968,91511,115836,126163,128168,133530,142162,43484,50989,64106,69697,70566,72895,77457,34484,40522,51730,56466,57602,60635,64705
20,Burundi,108,EUROPE,908,963,931,712,698,745,907,1076,472,454,347,336,355,433,517,491,477,365,362,390,474,559
21,Comoros,174,EUROPE,908,543,538,532,509,486,482,479,310,306,301,289,278,277,276,233,232,231,220,208,205,203
22,Djibouti,262,EUROPE,908,0,0,0,0,0,0,0,0,0,0,0,0,0,0,0,0,0,0,0,0,0
23,Eritrea,232,EUROPE,908,142,197,254,327,407,492,428,66,89,113,158,208,250,222,76,108,141,169,199,242,206
24,Ethiopia,231,EUROPE,908,0,0,0,0,0,0,0,0,0,0,0,0,0,0,0,0,0,0,0,0,0
25,Kenya,404,EUROPE,908,0,0,0,0,0,0,0,0,0,0,0,0,0,0,0,0,0,0,0,0,0
26,Madagascar,450,EUROPE,908,6672,5908,6567,7269,8066,8950,9922,3725,3321,3705,4115,4583,5102,5658,2947,2587,2862,3154,3483,3848,4264
27,Malawi,454,EUROPE,908,769,1639,1578,1504,1478,1272,1081,399,853,819,778,763,650,558,370,786,759,726,715,622,523
28,Mauritius,480,EUROPE,908,1798,1386,1756,1949,2255,2590,2604,865,723,856,1023,1285,1533,1548,933,663,900,926,970,1057,1056
29,Mayotte,175,EUROPE,908,1359,2791,5080,7789,9498,10624,14560,859,1712,2948,4023,4504,4916,6738,500,1079,2132,3766,4994,5708,7822
30,Mozambique,508,EUROPE,908,1667,2294,2669,3665,4178,4331,4549,1135,1565,1793,2354,2679,2778,2935,532,729,876,1311,1499,1553,1614
31,Reunion,638,EUROPE,908,37516,50738,66309,75927,81294,84056,87069,20563,27680,35879,41517,44766,46102,47756,16953,23058,30430,34410,36528,37954,39313
32,Rwanda,646,EUROPE,908,0,0,0,0,0,0,0,0,0,0,0,0,0,0,0,0,0,0,0,0,0
33,Seychelles,690,EUROPE,908,638,548,462,630,800,894,902,280,276,271,325,378,450,461,358,272,191,305,422,444,441
34,Somalia,706,EUROPE,908,0,0,0,0,0,0,0,0,0,0,0,0,0,0,0,0,0,0,0,0,0
35,SouthSudan,728,EUROPE,908,0,0,0,0,0,0,0,0,0,0,0,0,0,0,0,0,0,0,0,0,0
36,Uganda,800,EUROPE,908,2755,2604,2718,2625,2638,2648,2462,1642,1518,1573,1504,1503,1500,1393,1113,1086,1145,1121,1135,1148,1069
37,UnitedRepublicofTanzania,834,EUROPE,908,1647,2092,2204,2452,2514,2603,2316,945,1200,1266,1422,1460,1254,1110,702,892,938,1030,1054,1349,1206
38,Zambia,894,EUROPE,908,2363,1713,1248,1425,1635,1438,2009,1304,948,692,792,860,754,1082,1059,765,556,633,775,684,927
39,Zimbabwe,716,EUROPE,908,19136,18132,23747,19394,12174,12243,12705,10919,10344,13543,11061,6944,6896,7203,8217,7788,10204,8333,5230,5347,5502
40,MiddleAfrica,911,EUROPE,908,45733,48495,52117,43259,50639,59074,62806,24687,26040,27814,23106,27029,32020,33966,21046,22455,24303,20153,23610,27054,28840
41,Angola,24,EUROPE,908,5298,6156,7014,6772,6384,5867,5292,3379,3833,4287,3386,3191,2936,2616,1919,2323,2727,3386,3193,2931,2676
42,Cameroon,120,EUROPE,908,11808,10986,10163,6059,4822,6022,7005,6377,5919,5460,3274,2706,3019,3518,5431,5067,4703,2785,2116,3003,3487
43,CentralAfricanRepublic,140,EUROPE,908,10923,13663,15219,11882,11670,10048,10624,5604,7040,7861,6143,6036,5164,5408,5319,6623,7358,5739,5634,4884,5216
44,Chad,148,EUROPE,908,886,963,1039,720,853,1048,1216,478,519,560,326,382,482,553,408,444,479,394,471,566,663
45,Congo,178,EUROPE,908,9984,7670,7411,4712,11223,14916,14814,5133,3814,3507,2815,6061,7763,7673,4851,3856,3904,1897,5162,7153,7141
46,DemocraticRepublicoftheCongo,180,EUROPE,908,0,0,0,0,0,0,0,0,0,0,0,0,0,0,0,0,0,0,0,0,0
47,EquatorialGuinea,226,EUROPE,908,1478,1958,2437,3555,4672,5840,7018,700,921,1142,1710,2279,2886,3470,778,1037,1295,1845,2393,2954,3548
48,Gabon,266,EUROPE,908,5150,6887,8616,9388,10881,15215,16733,2905,3881,4884,5364,6305,9709,10673,2245,3006,3732,4024,4576,5506,6060
49,SaoTomeandPrincipe,678,EUROPE,908,206,212,218,171,134,118,104,111,113,113,88,69,61,55,95,99,105,83,65,57,49
50,NorthernAfrica,912,EUROPE,908,195892,140250,92257,100775,121504,129679,150592,97221,69608,46682,55029,65320,71571,82281,98671,70642,45575,45746,56184,58108,68311
51,Algeria,12,EUROPE,908,20120,11899,3676,2905,3189,3465,3596,10146,5843,1539,1217,1256,1365,1415,9974,6056,2137,1688,1933,2100,2181
52,Egypt,818,EUROPE,908,38870,30618,24797,29522,31765,21817,34065,19028,14737,11623,14810,15334,12093,16914,19842,15881,13174,14712,16431,9724,17151
53,Libya,434,EUROPE,908,108442,71115,34978,38561,42327,47375,50718,53206,35274,18770,23878,26349,29320,31836,55236,35841,16208,14683,15978,18055,18882
54,Morocco,504,EUROPE,908,21925,20116,21188,22468,34495,44486,48901,11596,10493,10883,11375,17378,22319,25162,10329,9623,10305,11093,17117,22167,23739
55,Sudan,729,EUROPE,908,0,0,0,0,0,0,0,0,0,0,0,0,0,0,0,0,0,0,0,0,0
56,Tunisia,788,EUROPE,908,6395,6347,7447,7117,9495,12268,13033,3182,3190,3787,3651,4888,6338,6812,3213,3157,3660,3466,4607,5930,6221
57,WesternSahara,732,EUROPE,908,140,155,171,202,233,268,279,63,71,80,98,115,136,142,77,84,91,104,118,132,137
58,SouthernAfrica,913,EUROPE,908,271865,228301,245022,311920,271293,223700,254975,117018,108320,123430,153183,132325,108693,131599,154847,119981,121592,158737,138968,115007,123376
59,Botswana,72,EUROPE,908,4639,3333,2378,3715,4402,4779,5095,2640,1679,897,1965,2587,2813,3008,1999,1654,1481,1750,1815,1966,2087
60,Eswatini,748,EUROPE,908,0,0,0,0,0,0,0,0,0,0,0,0,0,0,0,0,0,0,0,0,0
61,Lesotho,426,EUROPE,908,0,0,0,0,0,0,0,0,0,0,0,0,0,0,0,0,0,0,0,0,0
62,Namibia,516,EUROPE,908,23840,22790,21184,16740,16119,15766,16851,10693,10308,9620,7552,7295,7163,7681,13147,12482,11564,9188,8824,8603,9170
63,SouthAfrica,710,EUROPE,908,243386,202178,221460,291465,250772,203155,233029,103685,96333,112913,143666,122443,98717,120910,139701,105845,108547,147799,128329,104438,112119
64,WesternAfrica,914,EUROPE,908,30664,30463,28421,34915,32607,35893,37920,15741,15772,14704,18333,16893,18483,19623,14923,14691,13717,16582,15714,17410,18297
65,Benin,204,EUROPE,908,370,510,650,909,1161,1304,1402,190,265,340,458,574,659,711,180,245,310,451,587,645,691
66,BurkinaFaso,854,EUROPE,908,0,0,0,0,0,0,0,0,0,0,0,0,0,0,0,0,0,0,0,0,0
67,CaboVerde,132,EUROPE,908,1686,1750,1809,2262,2711,2813,2958,852,909,965,1139,1314,1359,1439,834,841,844,1123,1397,1454,1519
68,CotedIvoire,384,EUROPE,908,0,0,0,0,0,0,0,0,0,0,0,0,0,0,0,0,0,0,0,0,0
69,Gambia,270,EUROPE,908,0,0,0,0,0,0,0,0,0,0,0,0,0,0,0,0,0,0,0,0,0
70,Ghana,288,EUROPE,908,1528,1524,1703,2394,1871,2298,2629,768,839,865,1286,967,1188,1368,760,685,838,1108,904,1110,1261
71,Guinea,324,EUROPE,908,3658,3119,2559,2108,2069,1894,1776,2067,1945,1584,1505,1389,1169,1118,1591,1174,975,603,680,725,658
72,GuineaBissau,624,EUROPE,908,599,769,938,910,880,933,680,336,438,540,497,452,475,354,263,331,398,413,428,458,326
73,Liberia,430,EUROPE,908,4474,4368,4293,1946,897,1025,783,2380,2280,2185,1267,411,466,369,2094,2088,2108,679,486,559,414
74,Mali,466,EUROPE,908,3073,2919,2439,9991,7323,9009,10564,1625,1523,1261,5018,3865,4753,5586,1448,1396,1178,4973,3458,4256,4978
75,Mauritania,478,EUROPE,908,239,253,258,262,181,258,276,124,143,158,163,119,171,186,115,110,100,99,62,87,90
76,Niger,562,EUROPE,908,0,0,0,0,0,0,0,0,0,0,0,0,0,0,0,0,0,0,0,0,0
77,Nigeria,566,EUROPE,908,0,0,0,0,0,0,0,0,0,0,0,0,0,0,0,0,0,0,0,0,0
78,SaintHelena,654,EUROPE,908,127,83,77,111,163,247,287,80,51,45,59,92,168,203,47,32,32,52,71,79,84
79,Senegal,686,EUROPE,908,12174,12731,11507,12380,13848,14785,15261,5866,6095,5625,6055,6870,7332,7551,6308,6636,5882,6325,6978,7453,7710
80,SierraLeone,694,EUROPE,908,821,799,778,417,330,270,241,444,422,401,243,199,167,154,377,377,377,174,131,103,87
81,Togo,768,EUROPE,908,1915,1638,1410,1225,1173,1057,1063,1009,862,735,643,641,576,584,906,776,675,582,532,481,479
82,ASIA,935,EUROPE,908,7632934,6995360,6445653,6408006,6444826,6573735,7169630,3436357,3152115,2900674,2927922,2990993,3030864,3210795,4196577,3843245,3544979,3480084,3453833,3542871,3958835
83,CentralAsia,5500,EUROPE,908,5438801,4822254,4235587,4209202,4203107,4300606,4434490,2414178,2138737,1870578,1910206,1957104,2038523,2106872,3024623,2683517,2365009,2298996,2246003,2262083,2327618
84,Kazakhstan,398,EUROPE,908,2920931,2633288,2345641,2478933,2612222,2778416,2924163,1330029,1196998,1063967,1158414,1252861,1356238,1427431,1590902,1436290,1281674,1320519,1359361,1422178,1496732
85,Kyrgyzstan,417,EUROPE,908,506496,412538,307294,246901,182680,160885,156680,210768,170667,125523,100108,72729,63494,61839,295728,241871,181771,146793,109951,97391,94841
86,Tajikistan,762,EUROPE,908,371715,300098,255768,242232,241661,237609,238446,162846,129024,110507,102828,103154,100466,100941,208869,171074,145261,139404,138507,137143,137505
87,Turkmenistan,795,EUROPE,908,135826,113005,90801,89501,86616,86262,85623,56693,54185,42176,42010,38929,39320,39703,79133,58820,48625,47491,47687,46942,45920
88,Uzbekistan,860,EUROPE,908,1503833,1363325,1236083,1151635,1079928,1037434,1029578,653842,587863,528405,506846,489431,479005,476958,849991,775462,707678,644789,590497,558429,552620
89,EasternAsia,906,EUROPE,908,51817,64669,79133,90804,100300,107266,126271,29148,34951,41699,47659,52841,55268,63948,22669,29718,37434,43145,47459,51998,62323
90,China,156,EUROPE,908,1472,2616,3822,5524,6977,8606,9358,905,1575,2274,3518,4688,5913,6431,567,1041,1548,2006,2289,2693,2927
91,DemPeoplesRepublicofKorea,408,EUROPE,908,231,263,293,351,408,449,455,133,148,161,195,229,253,258,98,115,132,156,179,196,197
92,Japan,392,EUROPE,908,24836,31791,41593,49568,52552,57069,67948,12653,15259,19216,22579,23634,25466,30328,12183,16532,22377,26989,28918,31603,37620
93,Mongolia,496,EUROPE,908,2943,3239,3588,3032,2838,3508,3743,1373,1604,1859,1465,1401,1247,1318,1570,1635,1729,1567,1437,2261,2425
94,RepublicofKorea,410,EUROPE,908,1748,3849,7179,7482,10747,10143,16049,1031,1908,3514,4198,6339,5838,8681,717,1941,3665,3284,4408,4305,7368
95,SouthEasternAsia,920,EUROPE,908,43714,41260,71857,78040,75055,81842,86350,25937,24816,39693,44226,43429,47927,50683,17777,16444,32164,33814,31626,33915,35667
96,BruneiDarussalam,96,EUROPE,908,2243,2229,2215,2264,2313,2362,2571,1279,1278,1279,1313,1347,1381,1504,964,951,936,951,966,981,1067
97,Cambodia,116,EUROPE,908,224,589,949,740,532,480,504,143,375,604,477,351,320,342,81,214,345,263,181,160,162
98,Indonesia,360,EUROPE,908,21811,14431,7051,20156,34555,38254,40217,11948,8076,4204,11602,18818,21209,22264,9863,6355,2847,8554,15737,17045,17953
99,LaoPeoplesDemocraticRepublic,418,EUROPE,908,0,0,0,0,0,0,0,0,0,0,0,0,0,0,0,0,0,0,0,0,0
100,Malaysia,458,EUROPE,908,3433,3930,5547,7431,8842,10782,11425,2154,2471,3479,4793,5840,7169,7712,1279,1459,2068,2638,3002,3613,3713
101,Myanmar,104,EUROPE,908,0,0,0,0,0,0,0,0,0,0,0,0,0,0,0,0,0,0,0,0,0
102,Philippines,608,EUROPE,908,8821,11861,43998,35601,17663,17941,19064,5069,6721,21786,17916,9394,9558,10191,3752,5140,22212,17685,8269,8383,8873
103,Singapore,702,EUROPE,908,0,0,0,0,0,0,0,0,0,0,0,0,0,0,0,0,0,0,0,0,0
104,Thailand,764,EUROPE,908,6647,6656,8049,8573,9719,10423,10905,5067,5084,6110,6253,6892,7385,7726,1580,1572,1939,2320,2827,3038,3179
105,TimorLeste,626,EUROPE,908,258,281,308,327,334,276,271,123,133,145,157,162,156,154,135,148,163,170,172,120,117
106,VietNam,704,EUROPE,908,277,1283,3740,2948,1097,1324,1393,154,678,2086,1715,625,749,790,123,605,1654,1233,472,575,603
107,SouthernAsia,5501,EUROPE,908,34931,41339,47710,59983,73399,74681,72748,17482,21329,25023,31658,38461,38966,27089,17449,20010,22687,28325,34938,35715,45659
108,Afghanistan,4,EUROPE,908,0,0,0,0,0,0,0,0,0,0,0,0,0,0,0,0,0,0,0,0,0
109,Bangladesh,50,EUROPE,908,13330,23078,32825,39006,45128,47781,46852,7199,12463,17727,21064,24370,25802,14472,6131,10615,15098,17942,20758,21979,32380
110,Bhutan,64,EUROPE,908,98,116,132,166,200,211,208,59,71,80,99,118,125,130,39,45,52,67,82,86,78
111,India,356,EUROPE,908,20474,16146,11815,15978,19164,17855,16696,9643,7483,5321,7995,9276,8470,7770,10831,8663,6494,7983,9888,9385,8926
112,IranIslamicRepublicof,364,EUROPE,908,0,0,0,0,0,0,0,0,0,0,0,0,0,0,0,0,0,0,0,0,0
113,Maldives,462,EUROPE,908,869,889,860,779,794,809,870,477,442,469,451,542,631,687,392,447,391,328,252,178,183
114,Nepal,524,EUROPE,908,0,0,0,0,0,0,0,0,0,0,0,0,0,0,0,0,0,0,0,0,0
115,Pakistan,586,EUROPE,908,0,0,0,0,0,0,0,0,0,0,0,0,0,0,0,0,0,0,0,0,0
116,SriLanka,144,EUROPE,908,160,1110,2078,4054,8113,8025,8122,104,870,1426,2049,4155,3938,4030,56,240,652,2005,3958,4087,4092
117,WesternAsia,922,EUROPE,908,2063671,2025838,2011366,1969977,1992965,2009340,2449771,949612,932282,923681,894173,899158,850180,962203,1114059,1093556,1087685,1075804,1093807,1159160,1487568
118,Armenia,51,EUROPE,908,79836,46718,26953,17837,14848,23596,23484,26746,14876,7685,5502,4928,7718,7821,53090,31842,19268,12335,9920,15878,15663
119,Azerbaijan,31,EUROPE,908,45139,39618,39928,37890,34690,33090,31576,12135,12403,12110,10678,10680,10680,10220,33004,27215,27818,27212,24010,22410,21356
120,Bahrain,48,EUROPE,908,1845,1767,1698,2464,3778,4094,5303,1035,1024,1007,1526,2385,2643,3485,810,743,691,938,1393,1451,1818
121,Cyprus,196,EUROPE,908,25549,36136,46703,70231,107771,98598,101740,11873,16011,20147,29696,46517,42984,44777,13676,20125,26556,40535,61254,55614,56963
122,Georgia,268,EUROPE,908,236988,121857,51101,47534,49011,51448,53286,100861,51600,21397,19901,20530,21555,22408,136127,70257,29704,27633,28481,29893,30878
123,Iraq,368,EUROPE,908,210,248,235,273,280,273,274,142,148,117,174,184,195,191,68,100,118,99,96,78,83
124,Israel,376,EUROPE,908,776504,786051,751581,664667,585815,604168,586668,356596,354069,336353,295570,257623,264039,256406,419908,431982,415228,369097,328192,340129,330262
125,Jordan,400,EUROPE,908,4376,5671,6946,5224,10765,4446,5712,1709,2299,2903,3025,5820,1859,2389,2667,3372,4043,2199,4945,2587,3323
126,Kuwait,414,EUROPE,908,11445,8142,8006,8511,11154,15184,16471,4496,3784,4592,5041,6801,8389,9101,6949,4358,3414,3470,4353,6795,7370
127,Lebanon,422,EUROPE,908,838,1385,1928,1486,1055,894,773,353,535,716,587,464,428,381,485,850,1212,899,591,466,392
128,Oman,512,EUROPE,908,5071,6631,6328,5627,5838,13275,16966,3340,4337,4364,3843,4021,9766,12485,1731,2294,1964,1784,1817,3509,4481
129,Qatar,634,EUROPE,908,3395,3321,2754,3341,6642,5352,8403,2095,2175,1937,2334,5167,4242,6555,1300,1146,817,1007,1475,1110,1848
130,SaudiArabia,682,EUROPE,908,0,0,0,0,0,0,0,0,0,0,0,0,0,0,0,0,0,0,0,0,0
131,StateofPalestine,275,EUROPE,908,0,0,0,0,0,0,0,0,0,0,0,0,0,0,0,0,0,0,0,0,0
132,SyrianArabRepublic,760,EUROPE,908,0,0,0,0,0,0,0,0,0,0,0,0,0,0,0,0,0,0,0,0,0
133,Turkey,792,EUROPE,908,858492,952984,1049686,1084762,1118932,1108607,1548628,420447,459860,499361,503508,506062,445732,553345,438045,493124,550325,581254,612870,662875,995283
134,UnitedArabEmirates,784,EUROPE,908,13983,15309,17519,20130,42386,46315,50487,7784,9161,10992,12788,27976,29950,32639,6199,6148,6527,7342,14410,16365,17848
135,Yemen,887,EUROPE,908,0,0,0,0,0,0,0,0,0,0,0,0,0,0,0,0,0,0,0,0,0
136,EUROPE,908,EUROPE,908,28367362,29988843,31590963,33415975,36683624,38418244,44246425,13280363,13971604,14628297,15475158,16879784,17680150,20736008,15086999,16017239,16962666,17940817,19803840,20738094,23510417
137,EasternEurope,923,EUROPE,908,13783392,13007262,12195441,11453663,10848021,11293059,12157908,6242358,5863501,5464526,5114415,4819168,5058114,5562518,7541034,7143761,6730915,6339248,6028853,6234945,6595390
138,Belarus,112,EUROPE,908,1098018,1042610,987190,972555,957901,951433,937588,496270,470883,445500,438915,432322,429363,423093,601748,571727,541690,533640,525579,522070,514495
139,Bulgaria,100,EUROPE,908,13729,22075,30398,41457,51910,73986,123386,4599,7718,10836,14841,18969,29233,55773,9130,14357,19562,26616,32941,44753,67613
140,Czechia,203,EUROPE,908,103090,154642,206184,265434,300059,314751,407228,52664,81107,109545,147240,176315,179499,235201,50426,73535,96639,118194,123744,135252,172027
141,Hungary,348,EUROPE,908,317426,286101,254755,312664,373413,368054,466641,141072,128477,115879,144931,175755,174896,238498,176354,157624,138876,167733,197658,193158,228143
142,Poland,616,EUROPE,908,1036540,886657,758473,664649,591702,563574,752737,438954,367703,307773,268531,235096,230322,352425,597586,518954,450700,396118,356606,333252,400312
143,RepublicofMoldova,498,EUROPE,908,494612,333821,225295,155567,116305,93693,91982,212555,138526,90080,60469,45755,37156,36543,282057,195295,135215,95098,70550,56537,55439
144,Romania,642,EUROPE,908,124189,113906,103166,114300,141369,251751,625780,50805,47204,43423,50663,65343,128663,337399,73384,66702,59743,63637,76026,123088,288381
145,RussianFederation,643,EUROPE,908,4890900,5166529,5254829,4907396,4458985,4779007,4776413,2400023,2512588,2535023,2324711,2068121,2219977,2218753,2490877,2653941,2719806,2582685,2390864,2559030,2557660
146,Slovakia,703,EUROPE,908,40141,65495,108803,121326,136773,165743,182652,17520,28244,46866,53126,61337,81664,91597,22621,37251,61937,68200,75436,84079,91055
147,Ukraine,804,EUROPE,908,5664747,4935426,4266348,3898315,3719604,3731067,3793501,2427896,2081051,1759601,1610988,1540155,1547341,1573236,3236851,2854375,2506747,2287327,2179449,2183726,2220265
148,NorthernEurope,924,EUROPE,908,3629383,3540898,3564201,4329929,5057585,5907202,6791001,1659739,1592698,1585699,1986219,2363571,2781609,3266148,1969644,1948200,1978502,2343710,2694014,3125593,3524853
149,ChannelIslands,830,EUROPE,908,60399,59282,62987,68807,74628,79174,80882,28410,27885,29616,32597,35572,37839,38658,31989,31397,33371,36210,39056,41335,42224
150,Denmark,208,EUROPE,908,125506,149140,172849,205058,226135,279024,338207,57078,69094,81103,98368,110135,138338,171347,68428,80046,91746,106690,116000,140686,166860
151,Estonia,233,EUROPE,908,362802,300763,238728,222198,205294,181448,181508,161507,128551,95592,88580,81249,73064,76830,201295,172212,143136,133618,124045,108384,104678
152,FaroeIslands,234,EUROPE,908,3840,2524,3123,3923,4252,4428,5404,2218,1402,1703,2155,2335,2375,3004,1622,1122,1420,1768,1917,2053,2400
153,Finland,246,EUROPE,908,39414,43660,48207,75543,92636,127226,152693,20474,23382,26432,40692,49307,66721,81675,18940,20278,21775,34851,43329,60505,71018
154,Iceland,352,EUROPE,908,6981,9039,11074,18795,26049,28959,50900,3082,4104,5118,9529,13702,14735,29232,3899,4935,5956,9266,12347,14224,21668
155,Ireland,372,EUROPE,908,202751,180172,256638,443091,556578,581162,664966,99778,85762,126415,234252,277036,292062,336137,102973,94410,130223,208839,279542,289100,328829
156,IsleofMan,833,EUROPE,908,32320,34370,36421,38387,39890,35263,35934,15225,16377,17528,18848,19848,17393,17726,17095,17993,18893,19539,20042,17870,18208
157,Latvia,428,EUROPE,908,639931,523749,407526,355582,294621,249459,220860,287238,226647,166039,143873,114931,95874,86613,352693,297102,241487,211709,179690,153585,134247
158,Lithuania,440,EUROPE,908,305699,241493,189157,181235,148663,125785,134078,142621,112372,87826,83778,63407,52369,67340,163078,129121,101331,97457,85256,73416,66738
159,Norway,578,EUROPE,908,91341,107287,135522,158555,256704,390570,426082,44115,50957,64920,76180,137755,216781,232565,47226,56330,70602,82375,118949,173789,193517
160,Sweden,752,EUROPE,908,416737,494540,530373,562602,622058,645954,756236,192246,226112,240612,257034,289746,301516,363749,224491,268428,289761,305568,332312,344438,392487
161,UnitedKingdom,826,EUROPE,908,1341662,1394879,1471596,1996153,2510077,3178750,3743251,605747,620053,642795,900333,1168548,1472542,1761272,735915,774826,828801,1095820,1341529,1706208,1981979
162,SouthernEurope,925,EUROPE,908,2257843,3546099,4497622,6354161,8629868,8433266,8793412,991706,1632543,2111285,2933803,3964824,3762029,3947596,1266137,1913556,2386337,3420358,4665044,4671237,4845816
163,Albania,8,EUROPE,908,52052,56263,60475,51048,41621,41026,38486,23138,25199,27261,25144,20500,20207,18984,28914,31064,33214,25904,21121,20819,19502
164,Andorra,20,EUROPE,908,37327,38690,40054,46678,47204,37715,40662,19966,20483,20995,24647,24926,19462,21130,17361,18207,19059,22031,22278,18253,19532
165,BosniaandHerzegovina,70,EUROPE,908,54542,68250,81959,46518,37841,37621,35154,25914,32578,39240,22132,18069,17965,16482,28628,35672,42719,24386,19772,19656,18672
166,Croatia,191,EUROPE,908,368750,560876,477666,511918,546150,548619,516312,171406,262470,224329,239505,254681,253955,239444,197344,298406,253337,272413,291469,294664,276868
167,Gibraltar,292,EUROPE,908,5417,5551,5684,6472,7259,7745,7836,2252,2374,2496,2995,3493,3779,3821,3165,3177,3188,3477,3766,3966,4015
168,Greece,300,EUROPE,908,269230,499368,737707,799481,892472,841101,860065,137768,257303,376675,388251,413251,371409,411196,131462,242065,361032,411230,479221,469692,448869
169,HolySee,336,EUROPE,908,0,0,0,0,0,0,0,0,0,0,0,0,0,0,0,0,0,0,0,0,0
170,Italy,380,EUROPE,908,608214,767115,925998,2028555,3168648,3132024,3271244,202644,294354,386068,829447,1296558,1244724,1291667,405570,472761,539930,1199108,1872090,1887300,1979577
171,Malta,470,EUROPE,908,7225,8491,11449,13934,16225,27592,60261,3190,3807,5299,6606,8461,14722,34422,4035,4684,6150,7328,7764,12870,25839
172,Montenegro,499,EUROPE,908,0,0,0,0,77561,70136,69418,0,0,0,0,31355,27573,27381,0,0,0,0,46206,42563,42037
173,NorthMacedonia,807,EUROPE,908,80231,92827,103902,105281,106703,107316,107783,33445,38663,43315,43888,43474,44348,44545,46786,54164,60587,61393,63229,62968,63238
174,Portugal,620,EUROPE,908,109322,147404,191512,244263,256487,290756,333651,53724,73409,96359,123284,130005,139995,166014,55598,73995,95153,120979,126482,150761,167637
175,SanMarino,674,EUROPE,908,3117,3460,3792,3972,4558,4793,5101,1637,1845,2062,2191,2621,2705,2831,1480,1615,1730,1781,1937,2088,2270
176,Serbia,688,EUROPE,908,98369,654316,897125,836421,817553,799118,814529,46209,304450,405516,373359,360190,350829,358111,52160,349866,491609,463062,457363,448289,456418
177,Slovenia,705,EUROPE,908,172857,169121,205620,207420,241267,231990,269429,86971,87568,109210,111603,138751,131521,158070,85886,81553,96410,95817,102516,100469,111359
178,Spain,724,EUROPE,908,391190,474367,754679,1452200,2368319,2255714,2363481,183442,228040,372460,740751,1218489,1118835,1153498,207748,246327,382219,711449,1149830,1136879,1209983
179,WesternEurope,926,EUROPE,908,8696744,9894584,11333699,11278222,12148150,12784717,16504104,4386560,4882862,5466787,5440721,5732221,6078398,7959746,4310184,5011722,5866912,5837501,6415929,6706319,8544358
180,Austria,40,EUROPE,908,590105,665748,741373,833716,936325,1054854,1237150,262470,302159,341854,384474,431120,482408,579474,327635,363589,399519,449242,505205,572446,657676
181,Belgium,56,EUROPE,908,531732,567731,584168,629431,758155,869143,945360,273543,294978,300158,319822,359333,416934,457644,258189,272753,284010,309609,398822,452209,487716
182,France,250,EUROPE,908,2647713,2733265,2818897,2261722,2497355,2530703,2585673,1250273,1266411,1282564,1048644,1117647,1174433,1198176,1397440,1466854,1536333,1213078,1379708,1356270,1387497
183,Germany,276,EUROPE,908,3558624,4449727,5545490,5681061,5821046,5953522,9093582,1934048,2278026,2695590,2752434,2792487,2838042,4419387,1624576,2171701,2849900,2928627,3028559,3115480,4674195
184,Liechtenstein,438,EUROPE,908,9973,12121,14046,17236,20659,21901,23858,5475,6476,7290,8655,10105,10765,11783,4498,5645,6756,8581,10554,11136,12075
185,Luxembourg,442,EUROPE,908,106888,119378,133085,144879,158120,241251,238539,52869,59212,66330,72189,78796,122079,122269,54019,60166,66755,72690,79324,119172,116270
186,Monaco,492,EUROPE,908,11565,11581,11614,11149,10842,13452,13768,5422,5475,5539,5329,5191,6501,6654,6143,6106,6075,5820,5651,6951,7114
187,Netherlands,528,EUROPE,908,323318,359185,407604,452996,523929,534600,678807,150451,164229,183193,203237,238979,248524,323578,172867,194956,224411,249759,284950,286076,355229
188,Switzerland,756,EUROPE,908,916826,975848,1077422,1246032,1421719,1565291,1687367,452009,505896,584269,645937,698563,778712,840781,464817,469952,493153,600095,723156,786579,846586
189,LATINAMERICAANDTHECARIBBEAN,904,EUROPE,908,1817209,1600698,1396387,1248692,1147896,1291715,1355886,930072,817812,712751,639480,590845,663122,704491,887137,782886,683636,609212,557051,628593,651395
190,Caribbean,915,EUROPE,908,144291,158593,174206,165537,167866,175986,178358,76257,82768,90042,83356,82179,85003,86639,68034,75825,84164,82181,85687,90983,91719
191,Anguilla,660,EUROPE,908,197,254,311,358,390,418,435,70,87,104,121,133,143,148,127,167,207,237,257,275,287
192,AntiguaandBarbuda,28,EUROPE,908,771,887,1001,1075,1146,1218,1263,370,430,491,525,561,595,621,401,457,510,550,585,623,642
193,Aruba,533,EUROPE,908,2273,3068,3862,4230,4516,4749,5310,1164,1579,1993,2184,2332,2451,2688,1109,1489,1869,2046,2184,2298,2622
194,Bahamas,44,EUROPE,908,2593,2644,2708,3014,3305,3581,3801,1402,1468,1556,1713,1862,2006,2147,1191,1176,1152,1301,1443,1575,1654
195,Barbados,52,EUROPE,908,2988,3262,3535,2955,2389,2509,2537,1347,1500,1652,1343,1040,1092,1105,1641,1762,1883,1612,1349,1417,1432
196,BritishVirginIslands,92,EUROPE,908,481,566,650,745,787,899,1018,270,312,355,407,431,490,555,211,254,295,338,356,409,463
197,CaymanIslands,136,EUROPE,908,1272,1865,2927,2677,2670,2894,3218,729,1076,1695,1524,1486,1619,1809,543,789,1232,1153,1184,1275,1409
198,Cuba,192,EUROPE,908,19706,14939,10584,6679,4172,2598,1673,9186,6633,4276,2710,1702,1072,708,10520,8306,6308,3969,2470,1526,965
199,CuraÃao,531,EUROPE,908,0,0,0,0,9861,10705,11955,0,0,0,0,4968,5407,6170,0,0,0,0,4893,5298,5785
200,Dominica,212,EUROPE,908,274,361,430,530,647,753,765,143,188,226,279,344,400,409,131,173,204,251,303,353,356
201,DominicanRepublic,214,EUROPE,908,29096,32326,35537,26565,17572,20615,21496,18701,20494,22280,16679,11066,13530,14106,10395,11832,13257,9886,6506,7085,7390
202,Grenada,308,EUROPE,908,0,0,0,0,0,0,0,0,0,0,0,0,0,0,0,0,0,0,0,0,0
203,Guadeloupe,312,EUROPE,908,32988,42051,51109,53885,56658,54280,53742,16515,20777,25038,25442,25847,23388,22879,16473,21274,26071,28443,30811,30892,30863
204,Haiti,332,EUROPE,908,4412,4189,3976,3773,3959,4154,4340,2877,2734,2598,2468,2591,2719,2848,1535,1455,1378,1305,1368,1435,1492
205,Jamaica,388,EUROPE,908,5469,5286,5103,4973,4843,4739,4832,2617,2539,2461,2415,2370,2319,2366,2852,2747,2642,2558,2473,2420,2466
206,Martinique,474,EUROPE,908,29857,35881,41894,43852,45804,53182,52757,15113,17618,20121,20502,20882,23391,23205,14744,18263,21773,23350,24922,29791,29552
207,Montserrat,500,EUROPE,908,156,129,94,97,100,104,104,81,65,49,50,51,53,54,75,64,45,47,49,51,50
208,PuertoRico,630,EUROPE,908,8027,7091,6182,5140,3459,2908,3070,3802,3365,2936,2441,1623,1359,1432,4225,3726,3246,2699,1836,1549,1638
209,SaintBarthelemy,652,EUROPE,908,0,0,0,0,0,0,0,0,0,0,0,0,0,0,0,0,0,0,0,0,0
210,SaintKittsandNevis,659,EUROPE,908,0,0,0,0,0,0,0,0,0,0,0,0,0,0,0,0,0,0,0,0,0
211,SaintLucia,662,EUROPE,908,509,677,944,1015,1013,966,916,247,328,463,496,500,479,462,262,349,481,519,513,487,454
212,SaintMartinFrenchpart,663,EUROPE,908,0,0,0,0,0,0,0,0,0,0,0,0,0,0,0,0,0,0,0,0,0
213,SaintVincentandtheGrenadines,670,EUROPE,908,682,719,748,770,798,805,829,352,372,383,398,417,427,452,330,347,365,372,381,378,377
214,SintMaartenDutchpart,534,EUROPE,908,0,0,0,419,836,872,917,0,0,0,207,411,429,454,0,0,0,212,425,443,463
215,TrinidadandTobago,780,EUROPE,908,2294,2082,2225,2387,2531,2621,2909,1143,1036,1154,1236,1335,1403,1758,1151,1046,1071,1151,1196,1218,1151
216,TurksandCaicosIslands,796,EUROPE,908,246,316,386,398,410,416,471,128,167,211,216,227,231,263,118,149,175,182,183,185,208
217,UnitedStatesVirginIslands,850,EUROPE,908,0,0,0,0,0,0,0,0,0,0,0,0,0,0,0,0,0,0,0,0,0
218,CentralAmerica,916,EUROPE,908,69985,69859,76055,72703,85448,92826,104038,38085,37875,41199,39966,47808,53459,60903,31900,31984,34856,32737,37640,39367,43135
219,Belize,84,EUROPE,908,351,344,336,371,405,477,538,224,216,207,228,250,295,336,127,128,129,143,155,182,202
220,CostaRica,188,EUROPE,908,8211,6706,8552,5640,11084,11203,13423,4585,3805,4803,3119,6158,6218,7758,3626,2901,3749,2521,4926,4985,5665
221,ElSalvador,222,EUROPE,908,2422,1898,1371,1449,1515,1579,1596,1445,1123,804,846,880,921,932,977,775,567,603,635,658,664
222,Guatemala,320,EUROPE,908,2439,2226,2006,2387,2764,3034,3404,1029,1091,1149,1464,1782,1976,2216,1410,1135,857,923,982,1058,1188
223,Honduras,340,EUROPE,908,1156,1160,1161,1139,1111,1556,1581,754,741,730,719,708,1000,1020,402,419,431,420,403,556,561
224,Mexico,484,EUROPE,908,47789,50256,54922,51929,54944,59225,64934,25557,26573,28873,27467,29281,32908,36442,22232,23683,26049,24462,25663,26317,28492
225,Nicaragua,558,EUROPE,908,2301,1831,1780,1786,1903,2044,2119,1222,965,982,1017,1095,1184,1239,1079,866,798,769,808,860,880
226,Panama,591,EUROPE,908,5316,5438,5927,8002,11722,13708,16443,3269,3361,3651,5106,7654,8957,10960,2047,2077,2276,2896,4068,4751,5483
227,SouthAmerica,931,EUROPE,908,1602933,1372246,1146126,1010452,894582,1022903,1073490,815730,697169,581510,516158,460858,524660,556949,787203,675077,564616,494294,433724,498243,516541
228,Argentina,32,EUROPE,908,688755,554863,420984,341859,262577,300582,303484,323147,257987,192860,154040,115213,131706,134047,365608,296876,228124,187819,147364,168876,169437
229,BoliviaPlurinationalStateof,68,EUROPE,908,6753,7185,7538,12874,18172,21193,23528,3539,3785,3994,6820,9635,11219,12467,3214,3400,3544,6054,8537,9974,11061
230,Brazil,76,EUROPE,908,498198,440102,381995,322743,261423,308148,334809,263673,232621,201570,171977,140728,164215,182347,234525,207481,180425,150766,120695,143933,152462
231,Chile,152,EUROPE,908,21658,21241,20807,28220,35624,53966,43287,11425,11008,10716,14737,18754,29411,22869,10233,10233,10091,13483,16870,24555,20418
232,Colombia,170,EUROPE,908,15447,15035,14619,13368,17346,22724,29432,8709,8446,8182,7495,9930,13282,17380,6738,6589,6437,5873,7416,9442,12052
233,Ecuador,218,EUROPE,908,9137,10654,12163,14555,23173,29303,30636,4919,5668,6423,7826,12193,15339,17702,4218,4986,5740,6729,10980,13964,12934
234,FalklandIslandsMalvinas,238,EUROPE,908,664,640,704,650,798,872,1089,382,373,418,374,450,486,605,282,267,286,276,348,386,484
235,FrenchGuiana,254,EUROPE,908,15544,18324,21103,21080,21055,21283,23917,9181,10308,11436,11315,11195,11224,12614,6363,8016,9667,9765,9860,10059,11303
236,Guyana,328,EUROPE,908,131,211,290,390,305,322,337,71,115,158,214,174,184,193,60,96,132,176,131,138,144
237,Paraguay,600,EUROPE,908,5248,5501,5741,5467,5206,5078,5492,2975,3162,3324,3167,3012,2936,3185,2273,2339,2417,2300,2194,2142,2307
238,Peru,604,EUROPE,908,12671,12688,14852,17443,21744,28030,51767,6716,6639,7755,9200,11721,15649,29098,5955,6049,7097,8243,10023,12381,22669
239,Suriname,740,EUROPE,908,1312,1621,2002,2450,2890,3138,3476,708,878,1084,1335,1576,1713,1910,604,743,918,1115,1314,1425,1566
240,Uruguay,858,EUROPE,908,60325,52048,43239,31873,27315,28204,33656,27208,24302,21052,15366,13054,13473,16502,33117,27746,22187,16507,14261,14731,17154
241,VenezuelaBolivarianRepublicof,862,EUROPE,908,267090,232133,200089,197480,196954,200060,188580,153077,131877,112538,112292,113223,113823,106030,114013,100256,87551,85188,83731,86237,82550
242,NORTHERNAMERICA,905,EUROPE,908,6645283,6859869,7126994,6988925,7081741,6926249,6869872,3130884,3246551,3392133,3358596,3353696,3284835,3252887,3514399,3613318,3734861,3630329,3728045,3641414,3616985
243,Bermuda,60,EUROPE,908,7039,7325,6484,6455,6408,6668,6552,3312,3418,3223,3264,3249,3481,3411,3727,3907,3261,3191,3159,3187,3141
244,Canada,124,EUROPE,908,2284038,2227374,2223667,2125593,2110935,2066940,2239570,1111931,1079365,1072711,1029858,1027403,1003983,1087859,1172107,1148009,1150956,1095735,1083532,1062957,1151711
245,Greenland,304,EUROPE,908,9177,6986,6400,6281,5661,5375,5276,6429,4797,4499,4310,3907,3637,3517,2748,2189,1901,1971,1754,1738,1759
246,SaintPierreandMiquelon,666,EUROPE,908,668,845,970,841,745,723,703,388,475,534,461,410,400,388,280,370,436,380,335,323,315
247,UnitedStatesofAmerica,840,EUROPE,908,4344361,4617339,4889473,4849755,4957992,4846543,4617771,2008824,2158496,2311166,2320703,2318727,2273334,2157712,2335537,2458843,2578307,2529052,2639265,2573209,2460059
248,OCEANIA,909,EUROPE,908,2645368,2652213,2634134,2658354,2749003,2785934,2983395,1363071,1357363,1337062,1340688,1381002,1406694,1499791,1282297,1294850,1297072,1317666,1368001,1379240,1483604
249,Australia,36,EUROPE,908,2330834,2339931,2315700,2305054,2366360,2375840,2516289,1199047,1195385,1177381,1164314,1190734,1202944,1268360,1131787,1144546,1138319,1140740,1175626,1172896,1247929
250,NewZealand,554,EUROPE,908,272175,264983,267283,295130,319550,338864,393064,138760,134193,129922,143253,154847,163875,190097,133415,130790,137361,151877,164703,174989,202967
251,Melanesia,928,EUROPE,908,23303,26283,28637,34073,39253,46991,49774,13375,14866,16087,18910,21547,25786,27227,9928,11417,12550,15163,17706,21205,22547
252,Fiji,242,EUROPE,908,759,646,528,308,331,341,348,432,365,293,163,177,184,189,327,281,235,145,154,157,159
253,NewCaledonia,540,EUROPE,908,19676,22803,25932,31266,36601,44271,47031,11379,13041,14704,17398,20091,24279,25697,8297,9762,11228,13868,16510,19992,21334
254,PapuaNewGuinea,598,EUROPE,908,2300,2355,1761,1961,1662,1684,1687,1216,1192,864,1073,947,972,982,1084,1163,897,888,715,712,705
255,SolomonIslands,90,EUROPE,908,85,85,81,59,42,39,38,60,60,57,39,24,23,23,25,25,24,20,18,16,15
256,Vanuatu,548,EUROPE,908,483,394,335,479,617,656,670,288,208,169,237,308,328,336,195,186,166,242,309,328,334
257,Micronesia,954,EUROPE,908,23,18,13,11,9,8,7,19,14,9,7,4,4,4,4,4,4,4,5,4,3
258,Guam,316,EUROPE,908,0,0,0,0,0,0,0,0,0,0,0,0,0,0,0,0,0,0,0,0,0
259,Kiribati,296,EUROPE,908,23,18,13,11,9,8,7,19,14,9,7,4,4,4,4,4,4,4,5,4,3
260,MarshallIslands,584,EUROPE,908,0,0,0,0,0,0,0,0,0,0,0,0,0,0,0,0,0,0,0,0,0
261,MicronesiaFedStatesof,583,EUROPE,908,0,0,0,0,0,0,0,0,0,0,0,0,0,0,0,0,0,0,0,0,0
262,Nauru,520,EUROPE,908,0,0,0,0,0,0,0,0,0,0,0,0,0,0,0,0,0,0,0,0,0
263,NorthernMarianaIslands,580,EUROPE,908,0,0,0,0,0,0,0,0,0,0,0,0,0,0,0,0,0,0,0,0,0
264,Palau,585,EUROPE,908,0,0,0,0,0,0,0,0,0,0,0,0,0,0,0,0,0,0,0,0,0
265,Polynesia,957,EUROPE,908,19033,20998,22501,24086,23831,24231,24261,11870,12905,13663,14204,13870,14085,14103,7163,8093,8838,9882,9961,10146,10158
266,AmericanSamoa,16,EUROPE,908,0,0,0,0,0,0,0,0,0,0,0,0,0,0,0,0,0,0,0,0,0
267,CookIslands,184,EUROPE,908,59,62,64,84,103,107,116,47,49,51,63,74,77,84,12,13,13,21,29,30,32
268,FrenchPolynesia,258,EUROPE,908,18557,20379,21789,23260,22848,23179,23196,11594,12557,13271,13752,13339,13520,13531,6963,7822,8518,9508,9509,9659,9665
269,Niue,570,EUROPE,908,0,0,0,0,0,0,0,0,0,0,0,0,0,0,0,0,0,0,0,0,0
270,Samoa,882,EUROPE,908,90,96,103,96,85,68,60,59,63,66,63,55,45,42,31,33,37,33,30,23,18
271,Tokelau,772,EUROPE,908,0,0,0,0,0,0,0,0,0,0,0,0,0,0,0,0,0,0,0,0,0
272,Tonga,776,EUROPE,908,0,0,0,0,0,0,0,0,0,0,0,0,0,0,0,0,0,0,0,0,0
273,Tuvalu,798,EUROPE,908,0,0,0,0,0,0,0,0,0,0,0,0,0,0,0,0,0,0,0,0,0
274,WallisandFutunaIslands,876,EUROPE,908,327,461,545,646,795,877,889,170,236,275,326,402,443,446,157,225,270,320,393,434,443
275,SubSaharanAfrica,947,AFRICA,903,11741856,12813616,11605959,12526389,13544082,17119491,18993545,6264339,6748713,6122865,6727922,7183150,8945726,9899540,5477517,6064903,5483094,5798467,6360932,8173765,9094005
276,NorthernAfricaandWesternAsia,1833,AFRICA,903,3434951,3293685,3289880,3165115,4373963,5170960,6567141,1916024,1903658,1964800,1954461,2777870,3207154,4009959,1518927,1390027,1325080,1210654,1596093,1963806,2557182
277,CentralandSouthernAsia,921,AFRICA,903,15361,10718,6100,39182,64628,60267,56405,7385,5168,2959,19568,23984,21667,19680,7976,5550,3141,19614,40644,38600,36725
278,EasternandSouthEasternAsia,1832,AFRICA,903,16924,15226,15766,15795,15293,15761,20577,8333,7687,8186,8281,8132,8401,10562,8591,7539,7580,7514,7161,7360,10015
279,LatinAmericaandtheCaribbean,1830,AFRICA,903,19192,19478,20285,21850,27847,39533,48791,10213,10364,10829,11549,15400,24019,30958,8979,9114,9456,10301,12447,15514,17833
280,OceaniaexcludingAustraliaandNewZealand,1835,AFRICA,903,2216,2528,2817,2993,3077,2506,2600,1300,1465,1616,1722,1779,1376,1423,916,1063,1201,1271,1298,1130,1177
281,AustraliaandNewZealand,927,AFRICA,903,159742,179490,226043,324678,432291,503256,585073,81158,90750,113798,164186,218454,254730,294829,78584,88740,112245,160492,213837,248526,290244
282,EuropeandNorthernAmerica,1829,AFRICA,903,5231222,6006653,6913153,9145404,10732671,12200185,14293031,2927094,3305673,3760275,4890698,5770086,6346094,7462881,2304128,2700980,3152878,4254706,4962585,5854091,6830150
283,Developedregions,901,AFRICA,903,5392123,6189244,7143697,9475935,11171167,12709831,14885507,3008842,3397910,3876153,5057550,5991331,6603677,7761017,2383281,2791334,3267544,4418385,5179836,6106154,7124490
284,Lessdevelopedregions,902,AFRICA,903,15229341,16152150,14936306,15765471,18022685,22402128,25681656,8207004,8675568,8109175,8720837,10007524,12205490,13968815,7022337,7476582,6827131,7044634,8015161,10196638,11712841
285,Leastdevelopedcountries,941,AFRICA,903,8786997,8998169,7181326,6834763,6977694,9571067,11850593,4443937,4541074,3634410,3511206,3472495,4785322,5896474,4343060,4457095,3546916,3323557,3505199,4785745,5954119
286,LandlockedDevelopingCountriesLLDC,1636,AFRICA,903,4776285,3479895,3394828,3696636,4055698,5951257,7199642,2448499,1781319,1724411,1846709,2020643,2966546,3540248,2327786,1698576,1670417,1849927,2035055,2984711,3659394
287,SmallislanddevelopingStatesSIDS,1637,AFRICA,903,69809,86595,83724,104239,136938,145398,168400,38457,47454,46743,60192,81458,87921,105537,31352,39141,36981,44047,55480,57477,62863
288,Highincomecountries,1503,AFRICA,903,6747963,7625829,8703335,11358311,14003323,16228156,18928986,3812531,4270745,4847455,6255579,7868762,8899275,10406754,2935432,3355084,3855880,5102732,6134561,7328881,8522232
289,Middleincomecountries,1517,AFRICA,903,6442942,7547948,7893888,8542201,9230759,10567413,11198245,3646914,4183924,4377960,4869308,5169371,5759902,6159750,2796028,3364024,3515928,3672893,4061388,4807511,5038495
290,Uppermiddleincomecountries,1502,AFRICA,903,1366488,1469536,1655720,1727970,2389052,2781112,2895521,915715,951763,1053636,1083476,1486241,1625413,1737907,450773,517773,602084,644494,902811,1155699,1157614
291,Lowermiddleincomecountries,1501,AFRICA,903,5076454,6078412,6238168,6814231,6841707,7786301,8302724,2731199,3232161,3324324,3785832,3683130,4134489,4421843,2345255,2846251,2913844,3028399,3158577,3651812,3880881
292,Lowincomecountries,1500,AFRICA,903,7408983,7127106,5415746,5254581,5862555,8209844,10306328,3744344,3597421,2726420,2611161,2914224,4099803,5100559,3664639,3529685,2689326,2643420,2948331,4110041,5205769
293,AFRICA,903,AFRICA,903,13431488,14179992,12753079,13411177,14571247,18200172,20917565,7119363,7453071,6728790,7217870,7746843,9538053,10908187,6312125,6726921,6024289,6193307,6824404,8662119,10009378
294,EasternAfrica,910,AFRICA,903,5493292,4482416,4354686,4235761,4173175,6012262,7031623,2822715,2295780,2216187,2250879,2101769,3020144,3497555,2670577,2186636,2138499,1984882,2071406,2992118,3534068
295,Burundi,108,AFRICA,903,272528,213186,111209,175242,226957,270062,311754,133575,103853,54083,85938,111473,132768,153332,138953,109333,57126,89304,115484,137294,158422
296,Comoros,174,AFRICA,903,12017,11897,11778,11274,10769,10722,10667,5633,5546,5459,5273,5083,5099,5077,6384,6351,6319,6001,5686,5623,5590
297,Djibouti,262,AFRICA,903,114621,93568,94253,86381,95947,99828,107554,60029,49033,49446,47983,50148,52543,56438,54592,44535,44807,38398,45799,47285,51116
298,Eritrea,232,AFRICA,903,10577,10726,10873,13706,13367,12982,11323,5569,5711,5853,7482,7380,7275,6429,5008,5015,5020,6224,5987,5707,4894
299,Ethiopia,231,AFRICA,903,1125889,765301,549791,469286,543451,1088413,1059670,591777,399323,283399,244048,286008,561579,525419,534112,365978,266392,225238,257443,526834,534251
300,Kenya,404,AFRICA,903,196730,511762,636140,712418,895728,1047402,980955,104529,263790,316754,368611,443663,522071,494079,92201,247972,319386,343807,452065,525331,486876
301,Madagascar,450,AFRICA,903,8179,7242,8050,8910,9876,10953,12153,4565,4070,4540,5042,5605,6238,6917,3614,3172,3510,3868,4271,4715,5236
302,Malawi,454,AFRICA,903,1094691,184685,177801,169610,170909,157004,157089,532898,86677,83182,79094,79823,73179,76009,561793,98008,94619,90516,91086,83825,81080
303,Mauritius,480,AFRICA,903,283,473,928,1728,2628,3023,3052,106,271,547,882,1307,1578,1596,177,202,381,846,1321,1445,1456
304,Mayotte,175,AFRICA,903,11374,22215,39872,54300,61750,69075,94669,6631,12246,20303,26795,29280,31959,43799,4743,9969,19569,27505,32470,37116,50870
305,Mozambique,508,AFRICA,903,110658,152208,177044,243094,277302,295496,313605,59359,81962,92676,116879,132865,141608,151924,51299,70246,84368,126215,144437,153888,161681
306,Reunion,638,AFRICA,903,6588,14244,22557,26800,29540,30544,31637,3538,7032,10789,12815,14097,14501,15022,3050,7212,11768,13985,15443,16043,16615
307,Rwanda,646,AFRICA,903,139805,201277,337752,405872,410794,505797,505069,70919,102784,170544,203679,206433,251270,254804,68886,98493,167208,202193,204361,254527,250265
308,Seychelles,690,AFRICA,903,441,1114,1792,1899,2010,2247,2280,201,499,799,1035,1269,1465,1492,240,615,993,864,741,782,788
309,Somalia,706,AFRICA,903,460000,18044,555,1166,26220,13675,21800,234861,9490,293,618,13375,6840,11575,225139,8554,262,548,12845,6835,10225
310,SouthSudan,728,AFRICA,903,0,0,0,0,226923,840201,878235,0,0,0,0,117063,428589,440991,0,0,0,0,109860,411612,437244
311,Uganda,800,AFRICA,903,518842,583141,572734,582142,481611,839413,1709307,269626,295783,284008,285572,235304,409064,821347,249216,287358,288726,296570,246307,430349,887960
312,UnitedRepublicofTanzania,834,AFRICA,903,561589,1090113,931093,750218,290527,330630,378188,276567,538364,471745,475423,143968,162933,188435,285022,551749,459348,274795,146559,167697,189753
313,Zambia,894,AFRICA,903,262670,225901,332264,221199,122398,108830,155914,134135,115229,168900,112262,61051,54077,79831,128535,110672,163364,108937,61347,54753,76083
314,Zimbabwe,716,AFRICA,903,585810,375319,338200,300516,274468,275965,286702,328197,214117,192867,171448,156574,155508,163039,257613,161202,145333,129068,117894,120457,123663
315,MiddleAfrica,911,AFRICA,903,1235281,2414771,1484711,1696870,1873615,2593326,2957755,624778,1223004,761605,866412,958137,1337720,1523487,610503,1191767,723106,830458,915478,1255606,1434268
316,Angola,24,AFRICA,903,22461,26970,31471,43106,55191,115965,149245,11792,13605,15419,20520,25923,55246,85999,10669,13365,16052,22586,29268,60719,63246
317,Cameroon,120,AFRICA,903,200667,186692,172716,234599,275705,483991,555310,107753,100006,92259,129086,151988,240186,274168,92914,86686,80457,105513,123717,243805,281142
318,CentralAfricanRepublic,140,AFRICA,903,45869,61378,71554,55850,54852,47251,52245,24325,32171,37205,29080,28578,24453,26766,21544,29207,34349,26770,26274,22798,25479
319,Chad,148,AFRICA,903,68225,82939,97650,342327,405422,451690,529746,36831,44715,52598,155295,181615,207073,239687,31394,38224,45052,187032,223807,244617,290059
320,Congo,178,AFRICA,903,110639,176921,290592,306075,397828,363994,361617,54345,88198,145465,165760,215889,199480,197277,56294,88723,145127,140315,181939,164514,164340
321,DemocraticRepublicoftheCongo,180,AFRICA,903,663006,1715920,617393,493958,429634,775534,919308,319221,851423,302807,239767,205554,383997,449748,343785,864497,314586,254191,224080,391537,469560
322,EquatorialGuinea,226,AFRICA,903,736,976,1213,1770,2324,2906,3488,443,584,725,1073,1421,1791,2153,293,392,488,697,903,1115,1335
323,Gabon,266,AFRICA,903,118401,158341,198063,215996,250153,349775,384816,67263,89901,113060,124218,145906,224380,246696,51138,68440,85003,91778,104247,125395,138120
324,SaoTomeandPrincipe,678,AFRICA,903,5277,4634,4059,3189,2506,2220,1980,2805,2401,2067,1613,1263,1114,993,2472,2233,1992,1576,1243,1106,987
325,NorthernAfrica,912,AFRICA,903,1689632,1366376,1147120,884788,1027165,1080681,1924020,855024,704358,605925,489948,563693,592327,1008647,834608,662018,541195,394840,463472,488354,915373
326,Algeria,12,AFRICA,903,179940,180667,181403,143410,157580,171282,178160,99109,99408,99710,78827,83539,90727,94270,80831,81259,81693,64583,74041,80555,83890
327,Egypt,818,AFRICA,903,26876,28177,31713,55254,80436,78564,148212,15174,15716,17504,32907,46365,46309,77033,11702,12461,14209,22347,34071,32255,71179
328,Libya,434,AFRICA,903,72966,99149,126988,139977,154449,174660,187576,40841,61047,83162,100277,110987,124984,135410,32125,38102,43826,39700,43462,49676,52166
329,Morocco,504,AFRICA,903,17305,15879,16726,17741,19279,24859,27304,9153,8286,8593,8991,9719,12481,14067,8152,7593,8133,8750,9560,12378,13237
330,Sudan,729,AFRICA,903,1365675,1015528,766353,504864,587876,596330,1345683,677248,506190,384625,256637,298610,299395,668139,688427,509338,381728,248227,289266,296935,677544
331,Tunisia,788,AFRICA,903,24430,24266,20951,20010,23466,30287,32169,12157,12202,10650,10274,12085,15636,16801,12273,12064,10301,9736,11381,14651,15368
332,WesternSahara,732,AFRICA,903,2440,2710,2986,3532,4079,4699,4916,1342,1509,1681,2035,2388,2795,2927,1098,1201,1305,1497,1691,1904,1989
333,SouthernAfrica,913,AFRICA,903,922363,834340,870591,1116543,1718813,2013377,2047496,625141,537714,537149,673370,1025715,1126280,1183008,297222,296626,333442,443173,693098,887097,864488
334,Botswana,72,AFRICA,903,16971,27315,40531,64392,72885,79168,84693,10222,16014,23491,38092,41730,45306,48521,6749,11301,17040,26300,31155,33862,36172
335,Eswatini,748,AFRICA,903,67523,28017,26554,25286,24732,24459,25151,36078,15136,14461,13054,11949,11864,12228,31445,12881,12093,12232,12783,12595,12923
336,Lesotho,426,AFRICA,903,3596,3261,3070,3129,3189,4546,5985,1726,1624,1595,1627,1659,2414,3128,1870,1637,1475,1502,1530,2132,2857
337,Namibia,516,AFRICA,903,80766,77221,100187,79371,76850,75241,81250,44378,42660,55753,43953,42599,41782,45139,36388,34561,44434,35418,34251,33459,36111
338,SouthAfrica,710,AFRICA,903,753507,698526,700249,944365,1541157,1829963,1850417,532737,462280,441849,576644,927778,1024914,1073992,220770,236246,258400,367721,613379,805049,776425
339,WesternAfrica,914,AFRICA,903,4090920,5082089,4895971,5477215,5778479,6500526,6956671,2191705,2692215,2607924,2937261,3097529,3461582,3695490,1899215,2389874,2288047,2539954,2680950,3038944,3261181
340,Benin,204,AFRICA,903,68668,94576,120489,221929,275345,325992,350896,36101,50290,64484,104607,126516,151300,163235,32567,44286,56005,117322,148829,174692,187661
341,BurkinaFaso,854,AFRICA,903,326879,435776,485979,557720,629595,658342,675820,156563,209111,233388,265972,298697,312335,320443,170316,226665,252591,291748,330898,346007,355377
342,CaboVerde,132,AFRICA,903,5048,6639,8223,8819,9406,9768,10341,2472,3366,4262,4570,4873,5045,5341,2576,3273,3961,4249,4533,4723,5000
343,CotedIvoire,384,AFRICA,903,1794958,2038795,2103321,2201917,2300514,2401128,2490044,999832,1130396,1165869,1220525,1274771,1330546,1379789,795126,908399,937452,981392,1025743,1070582,1110255
344,Gambia,270,AFRICA,903,114683,146646,177198,176680,180447,186955,209397,64140,79439,93922,93088,94878,98145,110004,50543,67207,83276,83592,85569,88810,99393
345,Ghana,288,AFRICA,903,150306,238381,175385,271632,283217,347600,399272,76168,119848,89519,142381,155175,190447,219177,74138,118533,85866,129251,128042,157153,180095
346,Guinea,324,AFRICA,903,394159,763606,545824,187647,123873,101265,97260,195484,379417,270012,88645,58363,58974,56850,198675,384189,275812,99002,65510,42291,40410
347,GuineaBissau,624,AFRICA,903,13890,25809,17628,18385,19183,20341,15827,6954,12744,8713,9123,9399,9872,7838,6936,13065,8915,9262,9784,10469,7989
348,Liberia,430,AFRICA,903,61915,177339,122906,72532,89890,101462,78626,36022,94841,66996,41180,50755,56941,44198,25893,82498,55910,31352,39135,44521,34428
349,Mali,466,AFRICA,903,139312,154164,135290,207378,288867,356232,426240,70681,79262,70704,106570,146848,180960,217091,68631,74902,64586,100808,142019,175272,209149
350,Mauritania,478,AFRICA,903,108628,86354,53733,54425,64370,159153,174179,56217,45404,29141,30462,36311,89816,98538,52411,40950,24592,23963,28059,69337,75641
351,Niger,562,AFRICA,903,105305,136035,112419,114496,116311,241320,333463,49942,64591,53121,54033,54808,114983,156472,55363,71444,59298,60463,61503,126337,176991
352,Nigeria,566,AFRICA,903,299556,361537,437977,870507,889165,1076442,1177115,168057,201537,242576,506857,517661,590587,641991,131499,160000,195401,363650,371504,485855,535124
353,SaintHelena,654,AFRICA,903,32,21,20,29,44,66,76,19,12,11,14,22,42,52,13,9,9,15,22,24,24
354,Senegal,686,AFRICA,903,218960,234403,184095,187194,198714,204754,211114,114813,122456,100094,101217,108288,111710,114983,104147,111947,84001,85977,90426,93044,96131
355,SierraLeone,694,AFRICA,903,216929,93401,92925,143178,76152,55663,50612,120021,53129,51486,74685,41565,31135,28665,96908,40272,41439,68493,34587,24528,21947
356,Togo,768,AFRICA,903,71692,88607,122559,182747,233386,254043,256389,38219,46372,63626,93332,118599,128744,130823,33473,42235,58933,89415,114787,125299,125566
357,ASIA,935,AFRICA,903,1777604,1953253,2164626,2335304,3426719,4166307,4720103,1076718,1212155,1370020,1492362,2246293,2644895,3031554,700886,741098,794606,842942,1180426,1521412,1688549
358,CentralAsia,5500,AFRICA,903,273,221,191,182,179,174,169,123,100,90,83,83,81,82,150,121,101,99,96,93,87
359,Kazakhstan,398,AFRICA,903,0,0,0,0,0,0,0,0,0,0,0,0,0,0,0,0,0,0,0,0,0
360,Kyrgyzstan,417,AFRICA,903,0,0,0,0,0,0,0,0,0,0,0,0,0,0,0,0,0,0,0,0,0
361,Tajikistan,762,AFRICA,903,273,221,191,182,179,174,169,123,100,90,83,83,81,82,150,121,101,99,96,93,87
362,Turkmenistan,795,AFRICA,903,0,0,0,0,0,0,0,0,0,0,0,0,0,0,0,0,0,0,0,0,0
363,Uzbekistan,860,AFRICA,903,0,0,0,0,0,0,0,0,0,0,0,0,0,0,0,0,0,0,0,0,0
364,EasternAsia,906,AFRICA,903,1159,3441,5291,7326,8948,8654,11379,590,1686,2550,3540,4378,4165,5601,569,1755,2741,3786,4570,4489,5778
365,China,156,AFRICA,903,0,0,0,0,0,0,0,0,0,0,0,0,0,0,0,0,0,0,0,0,0
366,DemPeoplesRepublicofKorea,408,AFRICA,903,0,0,0,0,0,0,0,0,0,0,0,0,0,0,0,0,0,0,0,0,0
367,Japan,392,AFRICA,903,1159,3101,4501,5853,6205,6390,7403,590,1487,2080,2666,2791,2853,3307,569,1614,2421,3187,3414,3537,4096
368,Mongolia,496,AFRICA,903,0,0,0,0,0,0,0,0,0,0,0,0,0,0,0,0,0,0,0,0,0
369,RepublicofKorea,410,AFRICA,903,0,340,790,1473,2743,2264,3976,0,199,470,874,1587,1312,2294,0,141,320,599,1156,952,1682
370,SouthEasternAsia,920,AFRICA,903,15765,11785,10475,8469,6345,7107,9198,7743,6001,5636,4741,3754,4236,4961,8022,5784,4839,3728,2591,2871,4237
371,BruneiDarussalam,96,AFRICA,903,0,0,0,0,0,0,0,0,0,0,0,0,0,0,0,0,0,0,0,0,0
372,Cambodia,116,AFRICA,903,0,0,0,0,0,0,0,0,0,0,0,0,0,0,0,0,0,0,0,0,0
373,Indonesia,360,AFRICA,903,13860,9170,4480,3161,2045,2263,2378,6657,4529,2401,1812,1192,1340,1407,7203,4641,2079,1349,853,923,971
374,LaoPeoplesDemocraticRepublic,418,AFRICA,903,0,0,0,0,0,0,0,0,0,0,0,0,0,0,0,0,0,0,0,0,0
375,Malaysia,458,AFRICA,903,51,121,233,588,1026,1510,3294,32,72,136,355,576,873,1402,19,49,97,233,450,637,1892
376,Myanmar,104,AFRICA,903,0,0,0,0,0,0,0,0,0,0,0,0,0,0,0,0,0,0,0,0,0
377,Philippines,608,AFRICA,903,1852,2485,5736,4634,3111,3161,3347,1053,1395,3087,2529,1902,1933,2059,799,1090,2649,2105,1209,1228,1288
378,Singapore,702,AFRICA,903,0,0,0,0,0,0,0,0,0,0,0,0,0,0,0,0,0,0,0,0,0
379,Thailand,764,AFRICA,903,2,9,26,86,163,173,179,1,5,12,45,84,90,93,1,4,14,41,79,83,86
380,TimorLeste,626,AFRICA,903,0,0,0,0,0,0,0,0,0,0,0,0,0,0,0,0,0,0,0,0,0
381,VietNam,704,AFRICA,903,0,0,0,0,0,0,0,0,0,0,0,0,0,0,0,0,0,0,0,0,0
382,SouthernAsia,5501,AFRICA,903,15088,10497,5909,39000,64449,60093,56236,7262,5068,2869,19485,23901,21586,19598,7826,5429,3040,19515,40548,38507,36638
383,Afghanistan,4,AFRICA,903,0,0,0,0,0,0,0,0,0,0,0,0,0,0,0,0,0,0,0,0,0
384,Bangladesh,50,AFRICA,903,0,0,0,0,0,0,0,0,0,0,0,0,0,0,0,0,0,0,0,0,0
385,Bhutan,64,AFRICA,903,0,0,0,0,0,0,0,0,0,0,0,0,0,0,0,0,0,0,0,0,0
386,India,356,AFRICA,903,15069,10419,5767,38752,63966,59601,55742,7251,5012,2775,19358,23645,21324,19330,7818,5407,2992,19394,40321,38277,36412
387,IranIslamicRepublicof,364,AFRICA,903,0,0,0,0,0,0,0,0,0,0,0,0,0,0,0,0,0,0,0,0,0
388,Maldives,462,AFRICA,903,15,24,33,27,32,37,38,8,12,18,16,25,33,35,7,12,15,11,7,4,3
389,Nepal,524,AFRICA,903,0,0,0,0,0,0,0,0,0,0,0,0,0,0,0,0,0,0,0,0,0
390,Pakistan,586,AFRICA,903,0,0,0,0,0,0,0,0,0,0,0,0,0,0,0,0,0,0,0,0,0
391,SriLanka,144,AFRICA,903,4,54,109,221,451,455,456,3,44,76,111,231,229,233,1,10,33,110,220,226,223
392,WesternAsia,922,AFRICA,903,1745319,1927309,2142760,2280327,3346798,4090279,4643121,1061000,1199300,1358875,1464513,2214177,2614827,3001312,684319,728009,783885,815814,1132621,1475452,1641809
393,Armenia,51,AFRICA,903,0,0,0,0,0,0,0,0,0,0,0,0,0,0,0,0,0,0,0,0,0
394,Azerbaijan,31,AFRICA,903,0,0,0,0,0,0,0,0,0,0,0,0,0,0,0,0,0,0,0,0,0
395,Bahrain,48,AFRICA,903,28609,31109,33705,53092,84209,91291,118276,17911,19916,21833,34566,54986,60827,80095,10698,11193,11872,18526,29223,30464,38181
396,Cyprus,196,AFRICA,903,3250,4605,5942,8931,13684,12542,14739,1728,2357,2986,4427,6894,6402,7645,1522,2248,2956,4504,6790,6140,7094
397,Georgia,268,AFRICA,903,0,0,18,17,17,17,16,0,0,7,7,7,7,7,0,0,11,10,10,10,9
398,Iraq,368,AFRICA,903,15768,18880,17892,20813,21261,20768,20956,12741,14222,12391,16191,16806,17115,17000,3027,4658,5501,4622,4455,3653,3956
399,Israel,376,AFRICA,903,306940,334045,342447,345071,351879,362904,352403,149324,159930,163450,164472,167120,171425,166471,157616,174115,178997,180599,184759,191479,185932
400,Jordan,400,AFRICA,903,175085,234353,293610,102674,123123,99436,129510,123810,165469,207486,77655,99821,64310,83571,51275,68884,86124,25019,23302,35126,45939
401,Kuwait,414,AFRICA,903,177443,140756,158746,170704,225563,457057,495955,87419,78197,100059,106951,141509,263834,286225,90024,62559,58687,63753,84054,193223,209730
402,Lebanon,422,AFRICA,903,79614,106158,132715,114253,96922,83419,73251,56381,73214,90043,79334,69335,39957,35784,23233,32944,42672,34919,27587,43462,37467
403,Oman,512,AFRICA,903,23721,36169,38453,35065,37339,84915,108545,13117,21166,24900,22424,24140,59417,75961,10604,15003,13553,12641,13199,25498,32584
404,Qatar,634,AFRICA,903,18064,17469,14280,66320,172171,195947,224991,8571,9831,9664,48224,135671,157210,178340,9493,7638,4616,18096,36500,38737,46651
405,SaudiArabia,682,AFRICA,903,597326,612177,628991,776989,1007410,1287217,1607897,397331,408280,420385,534158,708745,892109,1104181,199995,203897,208606,242831,298665,395108,503716
406,StateofPalestine,275,AFRICA,903,18770,18345,17915,17869,21138,22021,22389,8381,8138,7898,7902,11221,12136,12532,10389,10207,10017,9967,9917,9885,9857
407,SyrianArabRepublic,760,AFRICA,903,200,393,534,1680,3638,1243,1288,102,199,270,859,1856,652,660,98,194,264,821,1782,591,628
408,Turkey,792,AFRICA,903,3973,5196,6607,6909,8452,11808,13915,2397,3204,4123,4249,5087,6936,7799,1576,1992,2484,2660,3365,4872,6116
409,UnitedArabEmirates,784,AFRICA,903,216754,274120,347371,434011,944152,1031691,1124740,136468,181113,235101,288634,642292,688837,750695,80286,93007,112270,145377,301860,342854,374045
410,Yemen,887,AFRICA,903,79802,93534,103534,125929,235840,328003,334250,45319,54064,58279,74460,128687,173653,194346,34483,39470,45255,51469,107153,154350,139904
411,EUROPE,908,AFRICA,903,4682594,5179831,5797189,7620545,8748280,9536606,11024274,2639640,2864774,3159752,4102727,4765683,5017295,5847594,2042954,2315057,2637437,3517818,3982597,4519311,5176680
412,EasternEurope,923,AFRICA,903,22975,23051,22826,25516,27974,33057,47212,13112,14384,15498,18103,20526,23773,33757,9863,8667,7328,7413,7448,9284,13455
413,Belarus,112,AFRICA,903,38,59,80,77,73,78,74,35,52,70,67,63,68,67,3,7,10,10,10,10,7
414,Bulgaria,100,AFRICA,903,302,547,771,1092,1376,1711,2582,235,371,500,672,841,1042,1631,67,176,271,420,535,669,951
415,Czechia,203,AFRICA,903,472,713,944,2701,4193,5343,7226,368,552,738,2198,3465,4363,5728,104,161,206,503,728,980,1498
416,Hungary,348,AFRICA,903,1539,2663,3770,4642,5527,6728,9933,1182,1922,2664,3300,3957,4515,6686,357,741,1106,1342,1570,2213,3247
417,Poland,616,AFRICA,903,3173,2703,2320,3030,3866,3655,4859,2269,1932,1640,2252,2930,2809,3840,904,771,680,778,936,846,1019
418,RepublicofMoldova,498,AFRICA,903,0,0,0,0,0,0,0,0,0,0,0,0,0,0,0,0,0,0,0,0,0
419,Romania,642,AFRICA,903,18,29,41,46,90,2059,8836,10,20,28,36,62,1303,5896,8,9,13,10,28,756,2940
420,RussianFederation,643,AFRICA,903,15266,13998,12259,11372,10289,10488,10406,7491,7849,7923,7700,7317,7443,7443,7775,6149,4336,3672,2972,3045,2963
421,Slovakia,703,AFRICA,903,67,308,653,740,828,1258,1531,53,248,510,575,647,981,1195,14,60,143,165,181,277,336
422,Ukraine,804,AFRICA,903,2100,2031,1988,1816,1732,1737,1765,1469,1438,1425,1303,1244,1249,1271,631,593,563,513,488,488,494
423,NorthernEurope,924,AFRICA,903,546557,730256,928815,1188599,1504143,1742998,2030894,284624,372957,467934,591844,748865,843933,993472,261933,357299,460881,596755,755278,899065,1037422
424,ChannelIslands,830,AFRICA,903,0,0,0,0,0,0,0,0,0,0,0,0,0,0,0,0,0,0,0,0,0
425,Denmark,208,AFRICA,903,10167,19963,29726,33210,35064,43543,49901,6186,11234,16272,17817,18537,23092,26394,3981,8729,13454,15393,16527,20451,23507
426,Estonia,233,AFRICA,903,0,0,0,0,174,395,1220,0,0,0,0,134,320,947,0,0,0,0,40,75,273
427,FaroeIslands,234,AFRICA,903,13,7,7,25,68,100,123,12,5,6,14,37,56,72,1,2,1,11,31,44,51
428,Finland,246,AFRICA,903,2045,5011,7955,15201,20432,28565,37924,1608,3461,5310,9609,12696,17109,22644,437,1550,2645,5592,7736,11456,15280
429,Iceland,352,AFRICA,903,226,354,460,631,779,973,1504,111,188,259,331,401,504,818,115,166,201,300,378,469,686
430,Ireland,372,AFRICA,903,3240,11949,27235,39809,45832,46815,53580,1682,5925,13917,20635,21525,21677,24989,1558,6024,13318,19174,24307,25138,28591
431,IsleofMan,833,AFRICA,903,303,345,387,485,577,807,821,145,164,184,220,252,398,405,158,181,203,265,325,409,416
432,Latvia,428,AFRICA,903,41,50,71,94,132,138,220,29,38,56,80,110,110,177,12,12,15,14,22,28,43
433,Lithuania,440,AFRICA,903,8,9,6,47,84,171,271,7,8,6,41,71,119,195,1,1,0,6,13,52,76
434,Norway,578,AFRICA,903,11530,16112,22815,36053,53296,83534,100834,7819,10131,13324,19997,28647,45322,54412,3711,5981,9491,16056,24649,38212,46422
435,Sweden,752,AFRICA,903,43300,51391,55138,68406,102686,163256,225476,24248,28602,30514,37298,54713,85749,119695,19052,22789,24624,31108,47973,77507,105781
436,UnitedKingdom,826,AFRICA,903,475684,625065,785015,994638,1245019,1374701,1559020,242777,313201,388086,485802,611742,649477,742724,232907,311864,396929,508836,633277,725224,816296
437,SouthernEurope,925,AFRICA,903,894648,1077432,1370522,1986283,2510638,2473218,2870736,537421,619322,768894,1184711,1507979,1413850,1655033,357227,458110,601628,801572,1002659,1059368,1215703
438,Albania,8,AFRICA,903,0,0,0,0,0,0,0,0,0,0,0,0,0,0,0,0,0,0,0,0,0
439,Andorra,20,AFRICA,903,296,383,471,549,556,470,505,159,202,247,290,293,252,274,137,181,224,259,263,218,231
440,BosniaandHerzegovina,70,AFRICA,903,0,0,0,0,0,0,0,0,0,0,0,0,0,0,0,0,0,0,0,0,0
441,Croatia,191,AFRICA,903,0,0,0,413,822,826,762,0,0,0,207,414,415,385,0,0,0,206,408,411,377
442,Gibraltar,292,AFRICA,903,2021,1564,1107,1020,933,996,1006,1538,1135,732,656,581,625,633,483,429,375,364,352,371,373
443,Greece,300,AFRICA,903,27396,39240,51733,53817,57896,54326,64663,18377,22366,26417,28874,32416,29290,35633,9019,16874,25316,24943,25480,25036,29030
444,HolySee,336,AFRICA,903,0,0,0,0,0,0,0,0,0,0,0,0,0,0,0,0,0,0,0,0,0
445,Italy,380,AFRICA,903,424074,518457,612818,839615,1051872,1075996,1272639,293846,324005,354169,494221,628059,637776,778923,130228,194452,258649,345394,423813,438220,493716
446,Malta,470,AFRICA,903,1150,1353,1709,2025,7822,7642,16629,632,749,1009,1234,4181,4206,9762,518,604,700,791,3641,3436,6867
447,Montenegro,499,AFRICA,903,0,0,0,0,0,0,0,0,0,0,0,0,0,0,0,0,0,0,0,0,0
448,NorthMacedonia,807,AFRICA,903,1969,1843,1717,1765,1813,1964,1971,821,769,716,737,757,817,821,1148,1074,1001,1028,1056,1147,1150
449,Portugal,620,AFRICA,903,267582,301248,347174,362137,316997,359361,412551,128907,145593,168776,176026,154466,165627,197018,138675,155655,178398,186111,162531,193734,215533
450,SanMarino,674,AFRICA,903,0,0,0,0,0,0,0,0,0,0,0,0,0,0,0,0,0,0,0,0,0
451,Serbia,688,AFRICA,903,82,572,817,869,855,832,832,50,327,454,482,472,462,468,32,245,363,387,383,370,364
452,Slovenia,705,AFRICA,903,60,120,269,285,458,709,931,32,69,157,170,297,478,645,28,51,112,115,161,231,286
453,Spain,724,AFRICA,903,170018,212652,352707,723788,1070614,970096,1098247,93059,124107,216217,481814,686043,573902,630471,76959,88545,136490,241974,384571,396194,467776
454,WesternEurope,926,AFRICA,903,3218414,3349092,3475026,4420147,4705525,5287333,6075432,1804483,1858111,1907426,2308069,2488313,2735739,3165332,1413931,1490981,1567600,2112078,2217212,2551594,2910100
455,Austria,40,AFRICA,903,25836,29161,32461,35974,40409,48180,58010,16058,18300,20541,22456,24872,29409,34965,9778,10861,11920,13518,15537,18771,23045
456,Belgium,56,AFRICA,903,433988,398654,351026,328616,381699,464964,521090,233360,213469,185183,169721,195726,237205,263108,200628,185185,165843,158895,185973,227759,257982
457,France,250,AFRICA,903,2318464,2393517,2468541,3340082,3517553,3908150,4318840,1284302,1307948,1331584,1704694,1841020,1993927,2207797,1034162,1085569,1136957,1635388,1676533,1914223,2111043
458,Germany,276,AFRICA,903,211583,241744,271891,310785,341465,378234,609062,141581,156684,171791,187648,199992,219438,361362,70002,85060,100100,123137,141473,158796,247700
459,Liechtenstein,438,AFRICA,903,0,0,1,23,130,180,182,0,0,1,13,76,102,90,0,0,0,10,54,78,92
460,Luxembourg,442,AFRICA,903,1811,1960,2139,1851,1595,2427,23936,928,948,976,908,850,1311,12548,883,1012,1163,943,745,1116,11388
461,Monaco,492,AFRICA,903,0,0,0,0,0,0,0,0,0,0,0,0,0,0,0,0,0,0,0,0,0
462,Netherlands,528,AFRICA,903,167087,210531,261236,303296,304354,330670,364954,96398,120263,147972,168880,164722,175719,191569,70689,90268,113264,134416,139632,154951,173385
463,Switzerland,756,AFRICA,903,59645,73525,87731,99520,118320,154528,179358,31856,40499,49378,53749,61055,78628,93893,27789,33026,38353,45771,57265,75900,85465
464,LATINAMERICAANDTHECARIBBEAN,904,AFRICA,903,19192,19478,20285,21850,27847,39533,48791,10213,10364,10829,11549,15400,24019,30958,8979,9114,9456,10301,12447,15514,17833
465,Caribbean,915,AFRICA,903,1943,2240,2607,2634,2847,2946,2976,1013,1141,1318,1256,1310,1341,1420,930,1099,1289,1378,1537,1605,1556
466,Anguilla,660,AFRICA,903,0,0,0,0,0,0,0,0,0,0,0,0,0,0,0,0,0,0,0,0,0
467,AntiguaandBarbuda,28,AFRICA,903,77,128,177,192,203,216,217,37,60,82,88,93,100,105,40,68,95,104,110,116,112
468,Aruba,533,AFRICA,903,0,0,0,0,0,0,0,0,0,0,0,0,0,0,0,0,0,0,0,0,0
469,Bahamas,44,AFRICA,903,89,172,258,324,385,417,430,51,105,166,189,211,227,241,38,67,92,135,174,190,189
470,Barbados,52,AFRICA,903,0,0,0,0,0,0,0,0,0,0,0,0,0,0,0,0,0,0,0,0,0
471,BritishVirginIslands,92,AFRICA,903,0,0,0,0,0,0,0,0,0,0,0,0,0,0,0,0,0,0,0,0,0
472,CaymanIslands,136,AFRICA,903,42,90,162,149,151,154,167,25,52,92,86,85,89,100,17,38,70,63,66,65,67
473,Cuba,192,AFRICA,903,321,243,160,119,85,57,38,187,137,85,59,36,22,14,134,106,75,60,49,35,24
474,CuraÃao,531,AFRICA,903,0,0,0,0,0,0,0,0,0,0,0,0,0,0,0,0,0,0,0,0,0
475,Dominica,212,AFRICA,903,18,24,29,35,43,50,50,7,9,11,14,17,20,21,11,15,18,21,26,30,29
476,DominicanRepublic,214,AFRICA,903,417,468,511,418,326,332,341,243,268,290,240,187,197,204,174,200,221,178,139,135,137
477,Grenada,308,AFRICA,903,0,0,0,0,0,0,0,0,0,0,0,0,0,0,0,0,0,0,0,0,0
478,Guadeloupe,312,AFRICA,903,318,393,468,501,533,511,505,153,185,218,194,170,152,148,165,208,250,307,363,359,357
479,Haiti,332,AFRICA,903,0,0,0,0,0,0,0,0,0,0,0,0,0,0,0,0,0,0,0,0,0
480,Jamaica,388,AFRICA,903,0,0,0,0,0,0,0,0,0,0,0,0,0,0,0,0,0,0,0,0,0
481,Martinique,474,AFRICA,903,298,377,457,478,499,578,573,99,125,151,150,148,159,158,199,252,306,328,351,419,415
482,Montserrat,500,AFRICA,903,0,0,0,0,0,0,0,0,0,0,0,0,0,0,0,0,0,0,0,0,0
483,PuertoRico,630,AFRICA,903,69,72,77,60,36,35,14,33,35,37,29,17,16,7,36,37,40,31,19,19,7
484,SaintBarthelemy,652,AFRICA,903,0,0,0,0,0,0,0,0,0,0,0,0,0,0,0,0,0,0,0,0,0
485,SaintKittsandNevis,659,AFRICA,903,0,0,0,0,0,0,0,0,0,0,0,0,0,0,0,0,0,0,0,0,0
486,SaintLucia,662,AFRICA,903,23,27,41,72,101,94,84,11,13,21,30,37,36,34,12,14,20,42,64,58,50
487,SaintMartinFrenchpart,663,AFRICA,903,0,0,0,0,0,0,0,0,0,0,0,0,0,0,0,0,0,0,0,0,0
488,SaintVincentandtheGrenadines,670,AFRICA,903,0,0,0,0,0,0,0,0,0,0,0,0,0,0,0,0,0,0,0,0,0
489,SintMaartenDutchpart,534,AFRICA,903,0,0,0,0,0,0,0,0,0,0,0,0,0,0,0,0,0,0,0,0,0
490,TrinidadandTobago,780,AFRICA,903,271,246,267,286,485,502,557,167,152,165,177,309,323,388,104,94,102,109,176,179,169
491,TurksandCaicosIslands,796,AFRICA,903,0,0,0,0,0,0,0,0,0,0,0,0,0,0,0,0,0,0,0,0,0
492,UnitedStatesVirginIslands,850,AFRICA,903,0,0,0,0,0,0,0,0,0,0,0,0,0,0,0,0,0,0,0,0,0
493,CentralAmerica,916,AFRICA,903,1423,1281,1425,1707,2120,2208,2402,726,683,786,972,1266,1340,1494,697,598,639,735,854,868,908
494,Belize,84,AFRICA,903,30,31,32,35,38,44,49,25,25,26,29,32,37,43,5,6,6,6,6,7,6
495,CostaRica,188,AFRICA,903,205,136,131,117,199,171,194,99,64,67,51,92,86,103,106,72,64,66,107,85,91
496,ElSalvador,222,AFRICA,903,0,0,0,0,0,0,0,0,0,0,0,0,0,0,0,0,0,0,0,0,0
497,Guatemala,320,AFRICA,903,22,21,20,24,28,31,32,4,3,3,2,1,1,1,18,18,17,22,27,30,31
498,Honduras,340,AFRICA,903,0,0,0,0,0,0,0,0,0,0,0,0,0,0,0,0,0,0,0,0,0
499,Mexico,484,AFRICA,903,873,814,798,926,1158,1198,1298,438,438,459,582,771,805,886,435,376,339,344,387,393,412
500,Nicaragua,558,AFRICA,903,218,175,297,433,459,491,505,118,93,146,201,217,232,242,100,82,151,232,242,259,263
501,Panama,591,AFRICA,903,75,104,147,172,238,273,324,42,60,85,107,153,179,219,33,44,62,65,85,94,105
502,SouthAmerica,931,AFRICA,903,15826,15957,16253,17509,22880,34379,43413,8474,8540,8725,9321,12824,21338,28044,7352,7417,7528,8188,10056,13041,15369
503,Argentina,32,AFRICA,903,2140,2091,2042,1538,975,977,975,1021,1007,1001,760,501,503,506,1119,1084,1041,778,474,474,469
504,BoliviaPlurinationalStateof,68,AFRICA,903,128,136,122,244,342,426,419,60,60,59,125,190,226,237,68,76,63,119,152,200,182
505,Brazil,76,AFRICA,903,10047,10570,11092,12709,18272,29268,38077,5449,5733,6017,6760,10270,18508,25032,4598,4837,5075,5949,8002,10760,13045
506,Chile,152,AFRICA,903,0,0,0,0,0,0,0,0,0,0,0,0,0,0,0,0,0,0,0,0,0
507,Colombia,170,AFRICA,903,0,0,0,0,0,0,0,0,0,0,0,0,0,0,0,0,0,0,0,0,0
508,Ecuador,218,AFRICA,903,171,194,214,260,407,484,513,119,133,149,176,284,327,366,52,61,65,84,123,157,147
509,FalklandIslandsMalvinas,238,AFRICA,903,31,32,133,153,295,323,402,18,19,79,88,167,181,227,13,13,54,65,128,142,175
510,FrenchGuiana,254,AFRICA,903,460,475,489,462,434,712,799,238,236,233,218,203,372,418,222,239,256,244,231,340,381
511,Guyana,328,AFRICA,903,0,0,0,0,0,0,0,0,0,0,0,0,0,0,0,0,0,0,0,0,0
512,Paraguay,600,AFRICA,903,0,0,0,0,0,0,0,0,0,0,0,0,0,0,0,0,0,0,0,0,0
513,Peru,604,AFRICA,903,123,128,154,182,199,210,380,81,81,94,112,125,134,246,42,47,60,70,74,76,134
514,Suriname,740,AFRICA,903,0,0,0,0,0,0,0,0,0,0,0,0,0,0,0,0,0,0,0,0,0
515,Uruguay,858,AFRICA,903,0,0,0,0,0,0,0,0,0,0,0,0,0,0,0,0,0,0,0,0,0
516,VenezuelaBolivarianRepublicof,862,AFRICA,903,2726,2331,2007,1961,1956,1979,1848,1488,1271,1093,1082,1084,1087,1012,1238,1060,914,879,872,892,836
517,NORTHERNAMERICA,905,AFRICA,903,548628,826822,1115964,1524859,1984391,2663579,3268757,287454,440899,600523,787971,1004403,1328799,1615287,261174,385923,515441,736888,979988,1334780,1653470
518,Bermuda,60,AFRICA,903,75,141,174,222,274,291,341,48,92,113,137,155,160,202,27,49,61,85,119,131,139
519,Canada,124,AFRICA,903,207100,251416,301715,393052,491995,633492,686338,100821,121719,145544,196725,251970,320368,347133,106279,129697,156171,196327,240025,313124,339205
520,Greenland,304,AFRICA,903,0,0,0,0,0,0,0,0,0,0,0,0,0,0,0,0,0,0,0,0,0
521,SaintPierreandMiquelon,666,AFRICA,903,0,0,0,0,0,0,0,0,0,0,0,0,0,0,0,0,0,0,0,0,0
522,UnitedStatesofAmerica,840,AFRICA,903,341453,575265,814075,1131585,1492122,2029796,2582078,186585,319088,454866,591109,752278,1008271,1267952,154868,256177,359209,540476,739844,1021525,1314126
523,OCEANIA,909,AFRICA,903,161958,182018,228860,327671,435368,505762,587673,82458,92215,115414,165908,220233,256106,296252,79500,89803,113446,161763,215135,249656,291421
524,Australia,36,AFRICA,903,152217,165922,192331,270384,368811,431601,494227,77586,84115,97408,137830,187695,220077,250892,74631,81807,94923,132554,181116,211524,243335
525,NewZealand,554,AFRICA,903,7525,13568,33712,54294,63480,71655,90846,3572,6635,16390,26356,30759,34653,43937,3953,6933,17322,27938,32721,37002,46909
526,Melanesia,928,AFRICA,903,1576,1820,2055,2192,2319,1787,1892,895,1023,1147,1229,1301,918,973,681,797,908,963,1018,869,919
527,Fiji,242,AFRICA,903,0,0,0,0,0,0,0,0,0,0,0,0,0,0,0,0,0,0,0,0,0
528,NewCaledonia,540,AFRICA,903,1538,1782,2027,2158,2291,1759,1865,873,1000,1128,1204,1282,897,951,665,782,899,954,1009,862,914
529,PapuaNewGuinea,598,AFRICA,903,38,38,28,34,28,28,27,22,23,19,25,19,21,22,16,15,9,9,9,7,5
530,SolomonIslands,90,AFRICA,903,0,0,0,0,0,0,0,0,0,0,0,0,0,0,0,0,0,0,0,0,0
531,Vanuatu,548,AFRICA,903,0,0,0,0,0,0,0,0,0,0,0,0,0,0,0,0,0,0,0,0,0
532,Micronesia,954,AFRICA,903,0,0,0,0,0,0,0,0,0,0,0,0,0,0,0,0,0,0,0,0,0
533,Guam,316,AFRICA,903,0,0,0,0,0,0,0,0,0,0,0,0,0,0,0,0,0,0,0,0,0
534,Kiribati,296,AFRICA,903,0,0,0,0,0,0,0,0,0,0,0,0,0,0,0,0,0,0,0,0,0
535,MarshallIslands,584,AFRICA,903,0,0,0,0,0,0,0,0,0,0,0,0,0,0,0,0,0,0,0,0,0
536,MicronesiaFedStatesof,583,AFRICA,903,0,0,0,0,0,0,0,0,0,0,0,0,0,0,0,0,0,0,0,0,0
537,Nauru,520,AFRICA,903,0,0,0,0,0,0,0,0,0,0,0,0,0,0,0,0,0,0,0,0,0
538,NorthernMarianaIslands,580,AFRICA,903,0,0,0,0,0,0,0,0,0,0,0,0,0,0,0,0,0,0,0,0,0
539,Palau,585,AFRICA,903,0,0,0,0,0,0,0,0,0,0,0,0,0,0,0,0,0,0,0,0,0
540,Polynesia,957,AFRICA,903,640,708,762,801,758,719,708,405,442,469,493,478,458,450,235,266,293,308,280,261,258
541,AmericanSamoa,16,AFRICA,903,0,0,0,0,0,0,0,0,0,0,0,0,0,0,0,0,0,0,0,0,0
542,CookIslands,184,AFRICA,903,0,0,0,0,0,0,0,0,0,0,0,0,0,0,0,0,0,0,0,0,0
543,FrenchPolynesia,258,AFRICA,903,605,664,710,743,717,681,681,386,418,441,463,455,432,432,219,246,269,280,262,249,249
544,Niue,570,AFRICA,903,0,0,0,0,0,0,0,0,0,0,0,0,0,0,0,0,0,0,0,0,0
545,Samoa,882,AFRICA,903,0,0,0,0,0,0,0,0,0,0,0,0,0,0,0,0,0,0,0,0,0
546,Tokelau,772,AFRICA,903,0,0,0,0,0,0,0,0,0,0,0,0,0,0,0,0,0,0,0,0,0
547,Tonga,776,AFRICA,903,0,0,0,0,0,0,0,0,0,0,0,0,0,0,0,0,0,0,0,0,0
548,Tuvalu,798,AFRICA,903,0,0,0,0,0,0,0,0,0,0,0,0,0,0,0,0,0,0,0,0,0
549,WallisandFutunaIslands,876,AFRICA,903,35,44,52,58,41,38,27,19,24,28,30,23,26,18,16,20,24,28,18,12,9
550,SubSaharanAfrica,947,OCEANIA,909,6952,5552,5494,6919,10828,11412,13122,2887,2484,2587,3140,4880,5683,6784,4065,3068,2907,3779,5948,5729,6338
551,NorthernAfricaandWesternAsia,1833,OCEANIA,909,8201,8325,8379,9482,11386,10754,12330,4059,4032,3999,4599,5535,5159,5666,4142,4293,4380,4883,5851,5595,6664
552,CentralandSouthernAsia,921,OCEANIA,909,5785,3589,1406,3971,6111,5767,5456,2476,1597,714,2227,3014,2809,2632,3309,1992,692,1744,3097,2958,2824
553,EasternandSouthEasternAsia,1832,OCEANIA,909,31712,37016,49223,57946,71942,77019,85300,17451,20118,25950,31561,40095,42440,47964,14261,16898,23273,26385,31847,34579,37336
554,LatinAmericaandtheCaribbean,1830,OCEANIA,909,2552,2912,3400,3585,4249,4723,5630,1290,1478,1733,1961,2499,2813,3415,1262,1434,1667,1624,1750,1910,2215
555,OceaniaexcludingAustraliaandNewZealand,1835,OCEANIA,909,80225,87885,90745,90917,86298,88743,91155,42431,46722,47914,48171,45804,46798,48014,37794,41163,42831,42746,40494,41945,43141
556,AustraliaandNewZealand,927,OCEANIA,909,498858,527250,610963,703502,832206,924507,1016551,250212,261996,305313,352098,418431,465911,510102,248646,265254,305650,351404,413775,458596,506449
557,EuropeandNorthernAmerica,1829,OCEANIA,909,327262,398766,477226,515096,568148,628497,740661,148168,180640,216236,237061,268547,291898,343068,179094,218126,260990,278035,299601,336599,397593
558,Developedregions,901,OCEANIA,909,831371,934229,1100642,1230865,1413360,1565999,1772336,401056,446578,527302,594746,692827,763606,859918,430315,487651,573340,636119,720533,802393,912418
559,Lessdevelopedregions,902,OCEANIA,909,130176,137066,146194,160553,177808,185423,197869,67918,72489,77144,86072,95978,99905,107727,62258,64577,69050,74481,81830,85518,90142
560,Leastdevelopedcountries,941,OCEANIA,909,6621,6717,6722,6664,7414,8640,8973,3336,3407,3394,3428,3884,4692,4883,3285,3310,3328,3236,3530,3948,4090
561,LandlockedDevelopingCountriesLLDC,1636,OCEANIA,909,542,593,679,954,1992,2323,2611,270,300,346,501,1061,1233,1399,272,293,333,453,931,1090,1212
562,SmallislanddevelopingStatesSIDS,1637,OCEANIA,909,83948,92507,96709,99537,98165,102476,105179,44485,49249,51131,52750,52072,54139,55516,39463,43258,45578,46787,46093,48337,49663
563,Highincomecountries,1503,OCEANIA,909,871441,981681,1156594,1293419,1481900,1638467,1850956,422197,471465,556456,627921,730131,801908,902493,449244,510216,600138,665498,751769,836559,948463
564,Middleincomecountries,1517,OCEANIA,909,85705,84963,85282,92740,103169,105359,111255,44419,45112,45352,50200,55669,57754,61103,41286,39851,39930,42540,47500,47605,50152
565,Uppermiddleincomecountries,1502,OCEANIA,909,53986,54584,57881,63528,72309,74667,79980,27385,27999,29699,33049,37823,39846,42839,26601,26585,28182,30479,34486,34821,37141
566,Lowermiddleincomecountries,1501,OCEANIA,909,31719,30379,27401,29212,30860,30692,31275,17034,17113,15653,17151,17846,17908,18264,14685,13266,11748,12061,13014,12784,13011
567,Lowincomecountries,1500,OCEANIA,909,271,260,260,280,907,2140,2200,136,133,132,142,447,1160,1199,135,127,128,138,460,980,1001
568,AFRICA,903,OCEANIA,909,9090,7074,6457,8018,12023,12521,14483,4052,3334,3163,3849,5644,6430,7672,5038,3740,3294,4169,6379,6091,6811
569,EasternAfrica,910,OCEANIA,909,148,140,134,196,310,283,373,69,70,72,99,159,146,197,79,70,62,97,151,137,176
570,Burundi,108,OCEANIA,909,0,0,0,0,0,0,0,0,0,0,0,0,0,0,0,0,0,0,0,0,0
571,Comoros,174,OCEANIA,909,0,0,0,0,0,0,0,0,0,0,0,0,0,0,0,0,0,0,0,0,0
572,Djibouti,262,OCEANIA,909,0,0,0,0,0,0,0,0,0,0,0,0,0,0,0,0,0,0,0,0,0
573,Eritrea,232,OCEANIA,909,0,0,0,0,0,0,0,0,0,0,0,0,0,0,0,0,0,0,0,0,0
574,Ethiopia,231,OCEANIA,909,0,0,0,0,0,0,0,0,0,0,0,0,0,0,0,0,0,0,0,0,0
575,Kenya,404,OCEANIA,909,0,0,0,0,0,0,0,0,0,0,0,0,0,0,0,0,0,0,0,0,0
576,Madagascar,450,OCEANIA,909,0,0,0,0,0,0,0,0,0,0,0,0,0,0,0,0,0,0,0,0,0
577,Malawi,454,OCEANIA,909,0,0,0,0,0,0,0,0,0,0,0,0,0,0,0,0,0,0,0,0,0
578,Mauritius,480,OCEANIA,909,0,0,0,0,0,0,0,0,0,0,0,0,0,0,0,0,0,0,0,0,0
579,Mayotte,175,OCEANIA,909,0,0,0,0,0,0,0,0,0,0,0,0,0,0,0,0,0,0,0,0,0
580,Mozambique,508,OCEANIA,909,0,0,0,0,0,0,0,0,0,0,0,0,0,0,0,0,0,0,0,0,0
581,Reunion,638,OCEANIA,909,0,0,0,0,0,0,0,0,0,0,0,0,0,0,0,0,0,0,0,0,0
582,Rwanda,646,OCEANIA,909,0,0,0,0,0,0,0,0,0,0,0,0,0,0,0,0,0,0,0,0,0
583,Seychelles,690,OCEANIA,909,67,59,51,48,46,51,50,30,31,32,27,23,27,27,37,28,19,21,23,24,23
584,Somalia,706,OCEANIA,909,0,0,0,0,0,0,0,0,0,0,0,0,0,0,0,0,0,0,0,0,0
585,SouthSudan,728,OCEANIA,909,0,0,0,0,0,0,0,0,0,0,0,0,0,0,0,0,0,0,0,0,0
586,Uganda,800,OCEANIA,909,0,0,0,0,0,0,0,0,0,0,0,0,0,0,0,0,0,0,0,0,0
587,UnitedRepublicofTanzania,834,OCEANIA,909,0,0,0,0,0,0,0,0,0,0,0,0,0,0,0,0,0,0,0,0,0
588,Zambia,894,OCEANIA,909,81,81,83,148,264,232,323,39,39,40,72,136,119,170,42,42,43,76,128,113,153
589,Zimbabwe,716,OCEANIA,909,0,0,0,0,0,0,0,0,0,0,0,0,0,0,0,0,0,0,0,0,0
590,MiddleAfrica,911,OCEANIA,909,9,13,16,13,13,10,10,9,9,8,6,6,5,6,0,4,8,7,7,5,4
591,Angola,24,OCEANIA,909,0,0,0,0,0,0,0,0,0,0,0,0,0,0,0,0,0,0,0,0,0
592,Cameroon,120,OCEANIA,909,0,0,0,0,0,0,0,0,0,0,0,0,0,0,0,0,0,0,0,0,0
593,CentralAfricanRepublic,140,OCEANIA,909,9,13,16,13,13,10,10,9,9,8,6,6,5,6,0,4,8,7,7,5,4
594,Chad,148,OCEANIA,909,0,0,0,0,0,0,0,0,0,0,0,0,0,0,0,0,0,0,0,0,0
595,Congo,178,OCEANIA,909,0,0,0,0,0,0,0,0,0,0,0,0,0,0,0,0,0,0,0,0,0
596,DemocraticRepublicoftheCongo,180,OCEANIA,909,0,0,0,0,0,0,0,0,0,0,0,0,0,0,0,0,0,0,0,0,0
597,EquatorialGuinea,226,OCEANIA,909,0,0,0,0,0,0,0,0,0,0,0,0,0,0,0,0,0,0,0,0,0
598,Gabon,266,OCEANIA,909,0,0,0,0,0,0,0,0,0,0,0,0,0,0,0,0,0,0,0,0,0
599,SaoTomeandPrincipe,678,OCEANIA,909,0,0,0,0,0,0,0,0,0,0,0,0,0,0,0,0,0,0,0,0,0
600,NorthernAfrica,912,OCEANIA,909,2138,1522,963,1099,1195,1109,1361,1165,850,576,709,764,747,888,973,672,387,390,431,362,473
601,Algeria,12,OCEANIA,909,0,0,0,0,0,0,0,0,0,0,0,0,0,0,0,0,0,0,0,0,0
602,Egypt,818,OCEANIA,909,639,506,412,491,528,363,564,356,281,227,284,296,226,324,283,225,185,207,232,137,240
603,Libya,434,OCEANIA,909,1499,1016,551,608,667,746,797,809,569,349,425,468,521,564,690,447,202,183,199,225,233
604,Morocco,504,OCEANIA,909,0,0,0,0,0,0,0,0,0,0,0,0,0,0,0,0,0,0,0,0,0
605,Sudan,729,OCEANIA,909,0,0,0,0,0,0,0,0,0,0,0,0,0,0,0,0,0,0,0,0,0
606,Tunisia,788,OCEANIA,909,0,0,0,0,0,0,0,0,0,0,0,0,0,0,0,0,0,0,0,0,0
607,WesternSahara,732,OCEANIA,909,0,0,0,0,0,0,0,0,0,0,0,0,0,0,0,0,0,0,0,0,0
608,SouthernAfrica,913,OCEANIA,909,6778,5382,5325,6683,9878,9267,10823,2804,2399,2501,3025,4414,4524,5534,3974,2983,2824,3658,5464,4743,5289
609,Botswana,72,OCEANIA,909,120,111,114,225,338,367,391,61,55,56,109,163,177,190,59,56,58,116,175,190,201
610,Eswatini,748,OCEANIA,909,12,8,21,43,65,80,77,12,7,13,26,38,49,48,0,1,8,17,27,31,29
611,Lesotho,426,OCEANIA,909,0,0,0,0,0,0,0,0,0,0,0,0,0,0,0,0,0,0,0,0,0
612,Namibia,516,OCEANIA,909,867,828,772,609,586,572,610,347,335,314,245,237,232,249,520,493,458,364,349,340,361
613,SouthAfrica,710,OCEANIA,909,5779,4435,4418,5806,8889,8248,9745,2384,2002,2118,2645,3976,4066,5047,3395,2433,2300,3161,4913,4182,4698
614,WesternAfrica,914,OCEANIA,909,17,17,19,27,627,1852,1916,5,6,6,10,301,1008,1047,12,11,13,17,326,844,869
615,Benin,204,OCEANIA,909,0,0,0,0,0,0,0,0,0,0,0,0,0,0,0,0,0,0,0,0,0
616,BurkinaFaso,854,OCEANIA,909,0,0,0,0,0,0,0,0,0,0,0,0,0,0,0,0,0,0,0,0,0
617,CaboVerde,132,OCEANIA,909,0,0,0,0,0,0,0,0,0,0,0,0,0,0,0,0,0,0,0,0,0
618,CotedIvoire,384,OCEANIA,909,0,0,0,0,0,0,0,0,0,0,0,0,0,0,0,0,0,0,0,0,0
619,Gambia,270,OCEANIA,909,0,0,0,0,0,0,0,0,0,0,0,0,0,0,0,0,0,0,0,0,0
620,Ghana,288,OCEANIA,909,17,17,19,27,27,33,37,5,6,6,10,11,14,17,12,11,13,17,16,19,20
621,Guinea,324,OCEANIA,909,0,0,0,0,0,1083,1019,0,0,0,0,0,639,612,0,0,0,0,0,444,407
622,GuineaBissau,624,OCEANIA,909,0,0,0,0,0,0,0,0,0,0,0,0,0,0,0,0,0,0,0,0,0
623,Liberia,430,OCEANIA,909,0,0,0,0,0,0,0,0,0,0,0,0,0,0,0,0,0,0,0,0,0
624,Mali,466,OCEANIA,909,0,0,0,0,600,736,860,0,0,0,0,290,355,418,0,0,0,0,310,381,442
625,Mauritania,478,OCEANIA,909,0,0,0,0,0,0,0,0,0,0,0,0,0,0,0,0,0,0,0,0,0
626,Niger,562,OCEANIA,909,0,0,0,0,0,0,0,0,0,0,0,0,0,0,0,0,0,0,0,0,0
627,Nigeria,566,OCEANIA,909,0,0,0,0,0,0,0,0,0,0,0,0,0,0,0,0,0,0,0,0,0
628,SaintHelena,654,OCEANIA,909,0,0,0,0,0,0,0,0,0,0,0,0,0,0,0,0,0,0,0,0,0
629,Senegal,686,OCEANIA,909,0,0,0,0,0,0,0,0,0,0,0,0,0,0,0,0,0,0,0,0,0
630,SierraLeone,694,OCEANIA,909,0,0,0,0,0,0,0,0,0,0,0,0,0,0,0,0,0,0,0,0,0
631,Togo,768,OCEANIA,909,0,0,0,0,0,0,0,0,0,0,0,0,0,0,0,0,0,0,0,0,0
632,ASIA,935,OCEANIA,909,43560,47408,58045,70300,88244,92431,101725,22821,24897,30087,37678,47880,49661,55374,20739,22511,27958,32622,40364,42770,46351
633,CentralAsia,5500,OCEANIA,909,166,135,117,112,111,109,107,74,63,56,53,53,52,52,92,72,61,59,58,57,55
634,Kazakhstan,398,OCEANIA,909,0,0,0,0,0,0,0,0,0,0,0,0,0,0,0,0,0,0,0,0,0
635,Kyrgyzstan,417,OCEANIA,909,0,0,0,0,0,0,0,0,0,0,0,0,0,0,0,0,0,0,0,0,0
636,Tajikistan,762,OCEANIA,909,166,135,117,112,111,109,107,74,63,56,53,53,52,52,92,72,61,59,58,57,55
637,Turkmenistan,795,OCEANIA,909,0,0,0,0,0,0,0,0,0,0,0,0,0,0,0,0,0,0,0,0,0
638,Uzbekistan,860,OCEANIA,909,0,0,0,0,0,0,0,0,0,0,0,0,0,0,0,0,0,0,0,0,0
639,EasternAsia,906,OCEANIA,909,13913,19111,26005,28549,33300,33770,40224,7813,10334,13660,15673,19085,18695,23086,6100,8777,12345,12876,14215,15075,17138
640,China,156,OCEANIA,909,611,1114,1655,2392,3021,3726,4052,363,652,961,1493,1995,2519,2739,248,462,694,899,1026,1207,1313
641,DemPeoplesRepublicofKorea,408,OCEANIA,909,96,112,127,155,183,202,204,53,61,68,83,98,109,111,43,51,59,72,85,93,93
642,Japan,392,OCEANIA,909,5251,8213,12453,12267,13006,12995,15124,2676,3942,5753,5587,5849,5797,6748,2575,4271,6700,6680,7157,7198,8376
643,Mongolia,496,OCEANIA,909,3,3,4,91,189,233,248,2,3,3,59,124,131,140,1,0,1,32,65,102,108
644,RepublicofKorea,410,OCEANIA,909,354,1189,2404,3423,5797,5267,8765,200,656,1353,2633,4890,4034,7167,154,533,1051,790,907,1233,1598
645,SouthEasternAsia,920,OCEANIA,909,17799,17905,23218,29397,38642,43249,45076,9638,9784,12290,15888,21010,23745,24878,8161,8121,10928,13509,17632,19504,20198
646,BruneiDarussalam,96,OCEANIA,909,381,528,674,689,704,719,779,208,291,373,383,393,403,438,173,237,301,306,311,316,341
647,Cambodia,116,OCEANIA,909,54,142,229,179,129,116,123,34,89,144,114,85,77,83,20,53,85,65,44,39,40
648,Indonesia,360,OCEANIA,909,5963,3945,1928,5679,9796,10844,11400,3492,2353,1215,3486,5744,6456,6779,2471,1592,713,2193,4052,4388,4621
649,LaoPeoplesDemocraticRepublic,418,OCEANIA,909,18,18,17,16,110,205,218,10,10,9,9,76,144,155,8,8,8,7,34,61,63
650,Malaysia,458,OCEANIA,909,2597,2971,4193,5619,6687,8154,8639,1235,1418,1992,2812,3453,4280,4657,1362,1553,2201,2807,3234,3874,3982
651,Myanmar,104,OCEANIA,909,0,0,0,0,0,0,0,0,0,0,0,0,0,0,0,0,0,0,0,0,0
652,Philippines,608,OCEANIA,909,1130,1520,5116,4137,5395,5478,5824,716,954,2629,2158,2929,2978,3176,414,566,2487,1979,2466,2500,2648
653,Singapore,702,OCEANIA,909,4044,4966,6371,8980,12092,13871,14094,2239,2722,3428,4753,6338,7265,7374,1805,2244,2943,4227,5754,6606,6720
654,Thailand,764,OCEANIA,909,3032,3185,3998,3365,2975,3191,3339,1420,1647,2178,1815,1615,1728,1806,1612,1538,1820,1550,1360,1463,1533
655,TimorLeste,626,OCEANIA,909,564,602,647,697,722,634,623,276,285,297,336,360,395,390,288,317,350,361,362,239,233
656,VietNam,704,OCEANIA,909,16,28,45,36,32,37,37,8,15,25,22,17,19,20,8,13,20,14,15,18,17
657,SouthernAsia,5501,OCEANIA,909,5619,3454,1289,3859,6000,5658,5349,2402,1534,658,2174,2961,2757,2580,3217,1920,631,1685,3039,2901,2769
658,Afghanistan,4,OCEANIA,909,0,0,0,0,0,0,0,0,0,0,0,0,0,0,0,0,0,0,0,0,0
659,Bangladesh,50,OCEANIA,909,0,0,0,0,0,0,0,0,0,0,0,0,0,0,0,0,0,0,0,0,0
660,Bhutan,64,OCEANIA,909,23,28,32,40,48,51,51,17,20,23,29,35,37,39,6,8,9,11,13,14,12
661,India,356,OCEANIA,909,5501,3262,1022,3443,5295,4932,4612,2329,1409,489,1953,2581,2356,2162,3172,1853,533,1490,2714,2576,2450
662,IranIslamicRepublicof,364,OCEANIA,909,0,0,0,0,0,0,0,0,0,0,0,0,0,0,0,0,0,0,0,0,0
663,Maldives,462,OCEANIA,909,43,51,58,69,82,95,101,23,25,31,40,62,84,92,20,26,27,29,20,11,9
664,Nepal,524,OCEANIA,909,0,0,0,0,0,0,0,0,0,0,0,0,0,0,0,0,0,0,0,0,0
665,Pakistan,586,OCEANIA,909,0,0,0,0,0,0,0,0,0,0,0,0,0,0,0,0,0,0,0,0,0
666,SriLanka,144,OCEANIA,909,52,113,177,307,575,580,585,33,80,115,152,283,280,287,19,33,62,155,292,300,298
667,WesternAsia,922,OCEANIA,909,6063,6803,7416,8383,10191,9645,10969,2894,3182,3423,3890,4771,4412,4778,3169,3621,3993,4493,5420,5233,6191
668,Armenia,51,OCEANIA,909,0,0,0,0,0,0,0,0,0,0,0,0,0,0,0,0,0,0,0,0,0
669,Azerbaijan,31,OCEANIA,909,0,0,0,0,0,0,0,0,0,0,0,0,0,0,0,0,0,0,0,0,0
670,Bahrain,48,OCEANIA,909,0,0,0,0,0,0,0,0,0,0,0,0,0,0,0,0,0,0,0,0,0
671,Cyprus,196,OCEANIA,909,765,1083,1399,2104,3227,2961,3053,387,526,665,985,1537,1428,1483,378,557,734,1119,1690,1533,1570
672,Georgia,268,OCEANIA,909,0,0,0,0,0,0,0,0,0,0,0,0,0,0,0,0,0,0,0,0,0
673,Iraq,368,OCEANIA,909,0,0,0,0,0,0,0,0,0,0,0,0,0,0,0,0,0,0,0,0,0
674,Israel,376,OCEANIA,909,2102,2435,2631,2882,3167,3266,3170,970,1124,1229,1373,1530,1569,1523,1132,1311,1402,1509,1637,1697,1647
675,Jordan,400,OCEANIA,909,216,299,380,287,591,243,313,102,145,187,181,352,119,155,114,154,193,106,239,124,158
676,Kuwait,414,OCEANIA,909,0,0,0,0,0,0,0,0,0,0,0,0,0,0,0,0,0,0,0,0,0
677,Lebanon,422,OCEANIA,909,0,0,0,0,0,0,0,0,0,0,0,0,0,0,0,0,0,0,0,0,0
678,Oman,512,OCEANIA,909,0,0,0,0,0,0,0,0,0,0,0,0,0,0,0,0,0,0,0,0,0
679,Qatar,634,OCEANIA,909,0,0,0,0,0,0,0,0,0,0,0,0,0,0,0,0,0,0,0,0,0
680,SaudiArabia,682,OCEANIA,909,0,0,0,0,0,0,0,0,0,0,0,0,0,0,0,0,0,0,0,0,0
681,StateofPalestine,275,OCEANIA,909,0,0,0,0,0,0,0,0,0,0,0,0,0,0,0,0,0,0,0,0,0
682,SyrianArabRepublic,760,OCEANIA,909,0,0,0,0,0,0,0,0,0,0,0,0,0,0,0,0,0,0,0,0,0
683,Turkey,792,OCEANIA,909,2980,2986,3006,3110,3206,3175,4433,1435,1387,1342,1351,1352,1296,1617,1545,1599,1664,1759,1854,1879,2816
684,UnitedArabEmirates,784,OCEANIA,909,0,0,0,0,0,0,0,0,0,0,0,0,0,0,0,0,0,0,0,0,0
685,Yemen,887,OCEANIA,909,0,0,0,0,0,0,0,0,0,0,0,0,0,0,0,0,0,0,0,0,0
686,EUROPE,908,OCEANIA,909,191405,222969,259848,284743,323142,348242,397036,90161,104538,121140,135576,162378,171943,196706,101244,118431,138708,149167,160764,176299,200330
687,EasternEurope,923,OCEANIA,909,4120,4186,4215,4366,4482,4897,6478,2090,2146,2189,2308,2405,2697,3716,2030,2040,2026,2058,2077,2200,2762
688,Belarus,112,OCEANIA,909,21,25,28,27,26,28,26,12,12,12,11,10,12,12,9,13,16,16,16,16,14
689,Bulgaria,100,OCEANIA,909,25,64,97,148,186,276,383,17,38,57,83,103,155,215,8,26,40,65,83,121,168
690,Czechia,203,OCEANIA,909,73,111,146,351,520,749,971,44,65,87,218,334,499,677,29,46,59,133,186,250,294
691,Hungary,348,OCEANIA,909,832,799,764,939,1119,1099,1505,419,398,377,470,566,571,822,413,401,387,469,553,528,683
692,Poland,616,OCEANIA,909,934,797,683,853,1052,1000,1334,500,421,356,475,605,584,837,434,376,327,378,447,416,497
693,RepublicofMoldova,498,OCEANIA,909,0,0,0,0,0,0,0,0,0,0,0,0,0,0,0,0,0,0,0,0,0
694,Romania,642,OCEANIA,909,17,50,85,62,48,92,473,10,31,52,39,31,49,257,7,19,33,23,17,43,216
695,RussianFederation,643,OCEANIA,909,2199,2245,2214,1763,1281,1304,1294,1079,1131,1143,892,620,629,629,1120,1114,1071,871,661,675,665
696,Slovakia,703,OCEANIA,909,19,95,198,223,250,349,492,9,50,105,120,136,198,267,10,45,93,103,114,151,225
697,Ukraine,804,OCEANIA,909,0,0,0,0,0,0,0,0,0,0,0,0,0,0,0,0,0,0,0,0,0
698,NorthernEurope,924,OCEANIA,909,119809,148016,179736,187867,209954,229633,256296,55318,68647,83551,89368,108257,115607,127142,64491,79369,96185,98499,101697,114026,129154
699,ChannelIslands,830,OCEANIA,909,0,0,0,0,0,0,0,0,0,0,0,0,0,0,0,0,0,0,0,0,0
700,Denmark,208,OCEANIA,909,1333,1788,2237,2815,3242,3777,4771,631,918,1200,1514,1754,2042,2603,702,870,1037,1301,1488,1735,2168
701,Estonia,233,OCEANIA,909,0,0,0,0,77,119,251,0,0,0,0,56,93,172,0,0,0,0,21,26,79
702,FaroeIslands,234,OCEANIA,909,0,0,0,0,0,0,0,0,0,0,0,0,0,0,0,0,0,0,0,0,0
703,Finland,246,OCEANIA,909,495,566,634,923,1116,1266,1523,251,310,369,563,693,805,983,244,256,265,360,423,461,540
704,Iceland,352,OCEANIA,909,146,125,100,122,138,175,252,47,43,38,51,62,86,137,99,82,62,71,76,89,115
705,Ireland,372,OCEANIA,909,734,2592,5873,7961,8737,8924,10219,360,1235,2891,4095,4135,4166,4807,374,1357,2982,3866,4602,4758,5412
706,IsleofMan,833,OCEANIA,909,171,195,218,334,447,273,275,85,97,109,158,206,138,141,86,98,109,176,241,135,134
707,Latvia,428,OCEANIA,909,51,78,105,143,180,88,124,30,47,64,92,116,62,87,21,31,41,51,64,26,37
708,Lithuania,440,OCEANIA,909,22,25,19,33,44,50,68,13,14,11,25,35,36,54,9,11,8,8,9,14,14
709,Norway,578,OCEANIA,909,1075,1200,1317,1592,2378,2933,3175,477,537,660,867,1377,1770,1922,598,663,657,725,1001,1163,1253
710,Sweden,752,OCEANIA,909,2333,2768,2981,3566,4237,4914,6380,1423,1678,1796,2224,2705,3159,4066,910,1090,1185,1342,1532,1755,2314
711,UnitedKingdom,826,OCEANIA,909,113449,138679,166252,170378,189358,207114,229258,52001,63768,76413,79779,97118,103250,112170,61448,74911,89839,90599,92240,103864,117088
712,SouthernEurope,925,OCEANIA,909,36833,37308,39230,47963,58289,60322,70790,17617,17334,17524,21753,26746,27492,34190,19216,19974,21706,26210,31543,32830,36600
713,Albania,8,OCEANIA,909,0,0,0,0,0,0,0,0,0,0,0,0,0,0,0,0,0,0,0,0,0
714,Andorra,20,OCEANIA,909,36,39,41,59,70,65,69,19,20,21,31,37,65,69,17,19,20,28,33,0,0
715,BosniaandHerzegovina,70,OCEANIA,909,0,0,0,0,0,0,0,0,0,0,0,0,0,0,0,0,0,0,0,0,0
716,Croatia,191,OCEANIA,909,776,836,808,1254,1700,1711,1606,293,332,344,575,807,809,761,483,504,464,679,893,902,845
717,Gibraltar,292,OCEANIA,909,0,0,0,0,0,0,0,0,0,0,0,0,0,0,0,0,0,0,0,0,0
718,Greece,300,OCEANIA,909,21193,20906,20967,21447,22714,21396,21859,11588,10608,9616,9811,10344,9281,10295,9605,10298,11351,11636,12370,12115,11564
719,HolySee,336,OCEANIA,909,0,0,0,0,0,0,0,0,0,0,0,0,0,0,0,0,0,0,0,0,0
720,Italy,380,OCEANIA,909,8196,6998,5796,13382,21320,20944,21031,2602,2261,1920,5609,9379,9108,9271,5594,4737,3876,7773,11941,11836,11760
721,Malta,470,OCEANIA,909,3444,4033,4141,4033,3496,6065,13218,1621,1930,1891,1802,1613,3089,7258,1823,2103,2250,2231,1883,2976,5960
722,Montenegro,499,OCEANIA,909,0,0,0,0,122,137,136,0,0,0,0,39,45,46,0,0,0,0,83,92,90
723,NorthMacedonia,807,OCEANIA,909,0,0,0,0,0,0,0,0,0,0,0,0,0,0,0,0,0,0,0,0,0
724,Portugal,620,OCEANIA,909,361,780,1232,1270,1100,1246,1425,164,354,559,580,507,539,640,197,426,673,690,593,707,785
725,SanMarino,674,OCEANIA,909,0,0,0,0,0,0,0,0,0,0,0,0,0,0,0,0,0,0,0,0,0
726,Serbia,688,OCEANIA,909,84,543,740,731,716,699,709,47,300,401,392,384,375,382,37,243,339,339,332,324,327
727,Slovenia,705,OCEANIA,909,226,220,303,335,420,395,402,103,105,150,162,220,219,222,123,115,153,173,200,176,180
728,Spain,724,OCEANIA,909,2517,2953,5202,5452,6631,7664,10335,1180,1424,2622,2791,3416,3962,5246,1337,1529,2580,2661,3215,3702,5089
729,WesternEurope,926,OCEANIA,909,30643,33459,36667,44547,50417,53390,63472,15136,16411,17876,22147,24970,26147,31658,15507,17048,18791,22400,25447,27243,31814
730,Austria,40,OCEANIA,909,1688,1904,2118,2340,2598,2775,3179,848,970,1095,1187,1284,1366,1622,840,934,1023,1153,1314,1409,1557
731,Belgium,56,OCEANIA,909,1014,1272,1497,1691,2023,2157,2296,551,670,776,842,1008,1070,1173,463,602,721,849,1015,1087,1123
732,France,250,OCEANIA,909,5683,5869,6051,7843,10669,11820,12976,2582,2611,2641,3647,4671,4995,5504,3101,3258,3410,4196,5998,6825,7472
733,Germany,276,OCEANIA,909,7121,8014,8906,11625,13800,14162,19005,3550,3845,4140,5961,7434,7591,10350,3571,4169,4766,5664,6366,6571,8655
734,Liechtenstein,438,OCEANIA,909,0,0,0,0,10,16,15,0,0,0,0,5,9,6,0,0,0,0,5,7,9
735,Luxembourg,442,OCEANIA,909,97,91,87,75,65,98,396,50,48,45,42,37,57,199,47,43,42,33,28,41,197
736,Monaco,492,OCEANIA,909,0,0,0,0,0,0,0,0,0,0,0,0,0,0,0,0,0,0,0,0,0
737,Netherlands,528,OCEANIA,909,10699,11353,12413,13951,13865,14209,16745,5415,5646,6060,6818,6779,6965,8318,5284,5707,6353,7133,7086,7244,8427
738,Switzerland,756,OCEANIA,909,4341,4956,5595,7022,7387,8153,8860,2140,2621,3119,3650,3752,4094,4486,2201,2335,2476,3372,3635,4059,4374
739,LATINAMERICAANDTHECARIBBEAN,904,OCEANIA,909,2552,2912,3400,3585,4249,4723,5630,1290,1478,1733,1961,2499,2813,3415,1262,1434,1667,1624,1750,1910,2215
740,Caribbean,915,OCEANIA,909,226,306,407,428,468,497,526,125,167,224,229,242,262,285,101,139,183,199,226,235,241
741,Anguilla,660,OCEANIA,909,0,0,0,0,0,0,0,0,0,0,0,0,0,0,0,0,0,0,0,0,0
742,AntiguaandBarbuda,28,OCEANIA,909,10,14,16,18,18,19,17,4,6,8,9,9,10,10,6,8,8,9,9,9,7
743,Aruba,533,OCEANIA,909,0,0,0,0,0,0,0,0,0,0,0,0,0,0,0,0,0,0,0,0,0
744,Bahamas,44,OCEANIA,909,41,62,84,92,99,107,112,20,30,42,44,45,49,53,21,32,42,48,54,58,59
745,Barbados,52,OCEANIA,909,24,26,29,25,23,24,23,12,13,15,13,11,12,12,12,13,14,12,12,12,11
746,BritishVirginIslands,92,OCEANIA,909,12,14,16,19,21,24,27,3,3,3,4,4,5,6,9,11,13,15,17,19,21
747,CaymanIslands,136,OCEANIA,909,40,78,135,172,226,244,271,26,49,84,103,132,144,163,14,29,51,69,94,100,108
748,Cuba,192,OCEANIA,909,0,0,0,0,0,0,0,0,0,0,0,0,0,0,0,0,0,0,0,0,0
749,CuraÃao,531,OCEANIA,909,0,0,0,0,0,0,0,0,0,0,0,0,0,0,0,0,0,0,0,0,0
750,Dominica,212,OCEANIA,909,3,4,5,5,6,7,6,1,1,1,1,2,2,2,2,3,4,4,4,5,4
751,DominicanRepublic,214,OCEANIA,909,88,99,108,83,60,59,60,56,62,66,50,33,35,35,32,37,42,33,27,24,25
752,Grenada,308,OCEANIA,909,0,0,0,0,0,0,0,0,0,0,0,0,0,0,0,0,0,0,0,0,0
753,Guadeloupe,312,OCEANIA,909,0,0,0,0,0,0,0,0,0,0,0,0,0,0,0,0,0,0,0,0,0
754,Haiti,332,OCEANIA,909,0,0,0,0,0,0,0,0,0,0,0,0,0,0,0,0,0,0,0,0,0
755,Jamaica,388,OCEANIA,909,0,0,0,0,0,0,0,0,0,0,0,0,0,0,0,0,0,0,0,0,0
756,Martinique,474,OCEANIA,909,0,0,0,0,0,0,0,0,0,0,0,0,0,0,0,0,0,0,0,0,0
757,Montserrat,500,OCEANIA,909,0,0,0,0,0,0,0,0,0,0,0,0,0,0,0,0,0,0,0,0,0
758,PuertoRico,630,OCEANIA,909,0,0,0,0,0,0,0,0,0,0,0,0,0,0,0,0,0,0,0,0,0
759,SaintBarthelemy,652,OCEANIA,909,0,0,0,0,0,0,0,0,0,0,0,0,0,0,0,0,0,0,0,0,0
760,SaintKittsandNevis,659,OCEANIA,909,0,0,0,0,0,0,0,0,0,0,0,0,0,0,0,0,0,0,0,0,0
761,SaintLucia,662,OCEANIA,909,8,9,14,14,15,13,10,3,3,5,5,6,5,4,5,6,9,9,9,8,6
762,SaintMartinFrenchpart,663,OCEANIA,909,0,0,0,0,0,0,0,0,0,0,0,0,0,0,0,0,0,0,0,0,0
763,SaintVincentandtheGrenadines,670,OCEANIA,909,0,0,0,0,0,0,0,0,0,0,0,0,0,0,0,0,0,0,0,0,0
764,SintMaartenDutchpart,534,OCEANIA,909,0,0,0,0,0,0,0,0,0,0,0,0,0,0,0,0,0,0,0,0,0
765,TrinidadandTobago,780,OCEANIA,909,0,0,0,0,0,0,0,0,0,0,0,0,0,0,0,0,0,0,0,0,0
766,TurksandCaicosIslands,796,OCEANIA,909,0,0,0,0,0,0,0,0,0,0,0,0,0,0,0,0,0,0,0,0,0
767,UnitedStatesVirginIslands,850,OCEANIA,909,0,0,0,0,0,0,0,0,0,0,0,0,0,0,0,0,0,0,0,0,0
768,CentralAmerica,916,OCEANIA,909,456,568,733,791,1001,1075,1214,181,249,338,410,560,609,706,275,319,395,381,441,466,508
769,Belize,84,OCEANIA,909,0,0,0,0,0,0,0,0,0,0,0,0,0,0,0,0,0,0,0,0,0
770,CostaRica,188,OCEANIA,909,93,66,69,50,93,90,106,38,28,30,20,39,40,49,55,38,39,30,54,50,57
771,ElSalvador,222,OCEANIA,909,33,27,21,24,26,27,27,13,10,8,9,10,10,10,20,17,13,15,16,17,17
772,Guatemala,320,OCEANIA,909,47,46,44,53,61,67,74,19,22,24,31,37,41,47,28,24,20,22,24,26,27
773,Honduras,340,OCEANIA,909,0,0,0,0,0,0,0,0,0,0,0,0,0,0,0,0,0,0,0,0,0
774,Mexico,484,OCEANIA,909,151,326,518,499,539,562,613,35,129,230,240,279,289,320,116,197,288,259,260,273,293
775,Nicaragua,558,OCEANIA,909,0,0,0,0,0,0,0,0,0,0,0,0,0,0,0,0,0,0,0,0,0
776,Panama,591,OCEANIA,909,132,103,81,165,282,329,394,76,60,46,110,195,229,280,56,43,35,55,87,100,114
777,SouthAmerica,931,OCEANIA,909,1870,2038,2260,2366,2780,3151,3890,984,1062,1171,1322,1697,1942,2424,886,976,1089,1044,1083,1209,1466
778,Argentina,32,OCEANIA,909,685,659,633,475,302,303,304,307,317,328,248,164,164,166,378,342,305,227,138,139,138
779,BoliviaPlurinationalStateof,68,OCEANIA,909,110,196,275,266,254,300,326,46,94,138,138,140,164,181,64,102,137,128,114,136,145
780,Brazil,76,OCEANIA,909,297,372,447,561,964,1133,1226,212,216,221,360,725,852,933,85,156,226,201,239,281,293
781,Chile,152,OCEANIA,909,0,0,0,0,0,0,0,0,0,0,0,0,0,0,0,0,0,0,0,0,0
782,Colombia,170,OCEANIA,909,0,0,0,0,0,0,0,0,0,0,0,0,0,0,0,0,0,0,0,0,0
783,Ecuador,218,OCEANIA,909,163,183,202,242,385,485,505,85,95,106,129,202,254,292,78,88,96,113,183,231,213
784,FalklandIslandsMalvinas,238,OCEANIA,909,44,58,62,87,62,68,82,25,35,37,51,34,37,48,19,23,25,36,28,31,34
785,FrenchGuiana,254,OCEANIA,909,0,0,0,0,0,0,0,0,0,0,0,0,0,0,0,0,0,0,0,0,0
786,Guyana,328,OCEANIA,909,0,0,0,0,0,0,0,0,0,0,0,0,0,0,0,0,0,0,0,0,0
787,Paraguay,600,OCEANIA,909,0,0,0,0,0,0,0,0,0,0,0,0,0,0,0,0,0,0,0,0,0
788,Peru,604,OCEANIA,909,424,426,499,587,655,696,1294,233,231,268,320,350,387,726,191,195,231,267,305,309,568
789,Suriname,740,OCEANIA,909,0,0,0,0,0,0,0,0,0,0,0,0,0,0,0,0,0,0,0,0,0
790,Uruguay,858,OCEANIA,909,0,0,0,0,0,0,0,0,0,0,0,0,0,0,0,0,0,0,0,0,0
791,VenezuelaBolivarianRepublicof,862,OCEANIA,909,147,144,142,148,158,166,153,76,74,73,76,82,84,78,71,70,69,72,76,82,75
792,NORTHERNAMERICA,905,OCEANIA,909,135857,175797,217378,230353,245006,280255,343625,58007,76102,95096,101485,106169,119955,146362,77850,99695,122282,128868,138837,160300,197263
793,Bermuda,60,OCEANIA,909,37,44,43,70,102,133,176,19,23,22,35,51,67,90,18,21,21,35,51,66,86
794,Canada,124,OCEANIA,909,36300,43330,51389,54750,54135,56239,60924,17672,20978,24790,26914,26981,27805,30127,18628,22352,26599,27836,27154,28434,30797
795,Greenland,304,OCEANIA,909,0,0,0,0,0,0,0,0,0,0,0,0,0,0,0,0,0,0,0,0,0
796,SaintPierreandMiquelon,666,OCEANIA,909,0,0,0,0,0,0,0,0,0,0,0,0,0,0,0,0,0,0,0,0,0
797,UnitedStatesofAmerica,840,OCEANIA,909,99520,132423,165946,175533,190769,223883,282525,40316,55101,70284,74536,79137,92083,116145,59204,77322,95662,100997,111632,131800,166380
798,OCEANIA,909,OCEANIA,909,579083,615135,701708,794419,918504,1013250,1107706,292643,308718,353227,400269,464235,512709,558116,286440,306417,348481,394150,454269,500541,549590
799,Australia,36,OCEANIA,909,354687,377462,443570,515976,627040,704980,757201,181110,190883,223948,261074,319015,359749,384677,173577,186579,219622,254902,308025,345231,372524
800,NewZealand,554,OCEANIA,909,144171,149788,167393,187526,205166,219527,259350,69102,71113,81365,91024,99416,106162,125425,75069,78675,86028,96502,105750,113365,133925
801,Melanesia,928,OCEANIA,909,38846,40962,38158,36507,33285,36364,37505,21266,22710,21235,20698,19084,20394,20974,17580,18252,16923,15809,14201,15970,16531
802,Fiji,242,OCEANIA,909,5943,5825,5724,5631,6046,6227,6373,3134,3063,3006,2973,3233,3363,3445,2809,2762,2718,2658,2813,2864,2928
803,NewCaledonia,540,OCEANIA,909,11761,13634,15501,14228,12949,15689,16651,6184,7074,7954,7305,6651,7666,8106,5577,6560,7547,6923,6298,8023,8545
804,PapuaNewGuinea,598,OCEANIA,909,17100,17517,13113,13247,11236,11392,11429,9885,10530,8339,8663,7581,7745,7802,7215,6987,4774,4584,3655,3647,3627
805,SolomonIslands,90,OCEANIA,909,2960,2929,2794,2070,1480,1383,1345,1497,1483,1417,1091,832,782,764,1463,1446,1377,979,648,601,581
806,Vanuatu,548,OCEANIA,909,1082,1057,1026,1331,1574,1673,1707,566,560,519,666,787,838,857,516,497,507,665,787,835,850
807,Micronesia,954,OCEANIA,909,15470,17915,20463,22513,21910,21881,22996,7720,9084,10295,11323,11063,11116,11676,7750,8831,10168,11190,10847,10765,11320
808,Guam,316,OCEANIA,909,6301,8513,10722,12567,14411,14538,15370,3127,4227,5326,6381,7439,7500,7933,3174,4286,5396,6186,6972,7038,7437
809,Kiribati,296,OCEANIA,909,1625,1688,1753,2054,2358,2396,2570,791,836,882,1055,1228,1250,1339,834,852,871,999,1130,1146,1231
810,MarshallIslands,584,OCEANIA,909,229,291,364,466,598,635,638,155,197,234,286,358,381,383,74,94,130,180,240,254,255
811,MicronesiaFedStatesof,583,OCEANIA,909,699,637,595,565,553,547,549,399,402,330,305,297,294,300,300,235,265,260,256,253,249
812,Nauru,520,OCEANIA,909,1994,1842,1693,1594,278,438,502,1038,960,882,833,154,250,301,956,882,811,761,124,188,201
813,NorthernMarianaIslands,580,OCEANIA,909,4211,4245,4540,4248,2737,2451,2468,1981,2120,2257,1968,1138,1012,1022,2230,2125,2283,2280,1599,1439,1446
814,Palau,585,OCEANIA,909,411,699,796,1019,975,876,899,229,342,384,495,449,429,398,182,357,412,524,526,447,501
815,Polynesia,957,OCEANIA,909,25909,29008,32124,31897,31103,30498,30654,13445,14928,16384,16150,15657,15288,15364,12464,14080,15740,15747,15446,15210,15290
816,AmericanSamoa,16,OCEANIA,909,16295,17743,19192,18700,18213,18177,18248,8496,9165,9833,9532,9232,9153,9189,7799,8578,9359,9168,8981,9024,9059
817,CookIslands,184,OCEANIA,909,2435,2527,2621,2794,2968,3321,3645,1331,1381,1431,1430,1435,1612,1765,1104,1146,1190,1364,1533,1709,1880
818,FrenchPolynesia,258,OCEANIA,909,2151,2359,2526,2729,2715,2691,2692,1043,1114,1164,1316,1393,1381,1382,1108,1245,1362,1413,1322,1310,1310
819,Niue,570,OCEANIA,909,393,400,404,426,517,519,521,208,215,221,233,281,281,281,185,185,183,193,236,238,240
820,Samoa,882,OCEANIA,909,2633,3805,4962,4665,4079,3392,3191,1359,1955,2523,2347,2027,1678,1589,1274,1850,2439,2318,2052,1714,1602
821,Tokelau,772,OCEANIA,909,245,243,238,236,395,440,448,136,134,125,116,180,205,203,109,109,113,120,215,235,245
822,Tonga,776,OCEANIA,909,539,609,681,795,850,729,687,253,296,340,401,432,373,352,286,313,341,394,418,356,335
823,Tuvalu,798,OCEANIA,909,205,159,125,116,116,121,124,97,76,55,50,49,51,50,108,83,70,66,67,70,74
824,WallisandFutunaIslands,876,OCEANIA,909,1013,1163,1375,1436,1250,1108,1098,522,592,692,725,628,554,553,491,571,683,711,622,554,545
825,SubSaharanAfrica,947,ASIA,935,86266,91221,111194,130458,189145,235633,234293,47673,51899,62389,74753,109846,140566,144824,38593,39322,48805,55705,79299,95067,89469
826,NorthernAfricaandWesternAsia,1833,ASIA,935,10460973,11877220,13342843,16417905,24109594,32612758,38312471,6417367,7325556,8308592,10599471,16316090,21820920,25612649,4043606,4551664,5034251,5818434,7793504,10791838,12699822
827,CentralandSouthernAsia,921,ASIA,935,19697225,15676606,15269431,13740524,14321010,13691148,13715893,10322308,8125139,7923209,7012758,7300828,6942826,7098870,9374917,7551467,7346222,6727766,7020182,6748322,6617023
828,EasternandSouthEasternAsia,1832,ASIA,935,5729543,7019460,8882781,11368396,14102627,16193555,17442736,2961336,3564424,4416289,5636525,6998753,8115201,8732634,2768207,3455036,4466492,5731871,7103874,8078354,8710102
829,LatinAmericaandtheCaribbean,1830,ASIA,935,263267,258892,258933,264943,285869,341807,402369,144347,141618,141317,145688,159370,196097,238299,118920,117274,117616,119255,126499,145710,164070
830,OceaniaexcludingAustraliaandNewZealand,1835,ASIA,935,75767,86641,97997,96972,88083,85932,88735,41625,45339,47920,47637,45280,44118,45509,34142,41302,50077,49335,42803,41814,43226
831,AustraliaandNewZealand,927,ASIA,935,1008125,1180338,1362205,1765158,2487507,3146091,3961776,499471,575692,655781,846130,1210032,1523753,1922927,508654,604646,706424,919028,1277475,1622338,2038849
832,EuropeandNorthernAmerica,1829,ASIA,935,19635834,22957544,26008229,29021687,32538342,37071095,40753211,9786307,11508144,13121961,14565885,16216660,18284542,20161797,9849527,11449400,12886268,14455802,16321682,18786553,20591414
833,Developedregions,901,ASIA,935,21564643,25164061,28600308,32333969,36667598,41929231,46785274,10745765,12602674,14363716,16131641,18177710,20616765,23060689,10818878,12561387,14236592,16202328,18489888,21312466,23724585
834,Lessdevelopedregions,902,ASIA,935,35392357,33983861,36733305,40472074,51454579,61448788,68126210,19474669,18735137,20313742,22797206,30179149,36451258,40896820,15917688,15248724,16419563,17674868,21275430,24997530,27229390
835,Leastdevelopedcountries,941,ASIA,935,1410342,1738269,1858180,1812853,1928495,2130169,2611954,650741,776016,845430,849241,918464,1026299,1365197,759601,962253,1012750,963612,1010031,1103870,1246757
836,LandlockedDevelopingCountriesLLDC,1636,ASIA,935,2045970,2400703,2397768,2232370,1929448,2086627,1914619,877678,1010577,1019804,982391,880032,974476,890548,1168292,1390126,1377964,1249979,1049416,1112151,1024071
837,SmallislanddevelopingStatesSIDS,1637,ASIA,935,688903,1092979,1576018,2037027,2642524,2978559,3200838,370473,548481,753587,1005992,1350559,1528190,1688331,318430,544498,822431,1031035,1291965,1450369,1512507
838,Highincomecountries,1503,ASIA,935,23874694,28667067,33823114,40621384,52518689,62993405,72537027,13280632,15752859,18413978,22285130,29859478,35784124,41433862,10594062,12914208,15409136,18336254,22659211,27209281,31103165
839,Middleincomecountries,1517,ASIA,935,32664148,30020059,30950682,31226426,33791090,39183636,41307367,16724974,15347987,15973952,16149359,17568650,20671411,21991694,15939174,14672072,14976730,15077067,16222440,18512225,19315673
840,Uppermiddleincomecountries,1502,ASIA,935,16230666,16184490,16982234,19039539,21338130,27514704,29409476,8286991,8298928,8816058,10021372,11330319,14859112,15920941,7943675,7885562,8166176,9018167,10007811,12655592,13488535
841,Lowermiddleincomecountries,1501,ASIA,935,16433482,13835569,13968448,12186887,12452960,11668932,11897891,8437983,7049059,7157894,6127987,6238331,5812299,6070753,7995499,6786510,6810554,6058900,6214629,5856633,5827138
842,Lowincomecountries,1500,ASIA,935,415823,458054,556670,955233,1809546,1197622,1063461,213605,235581,287984,492904,927366,610938,530277,202218,222473,268686,462329,882180,586684,533184
843,AFRICA,903,ASIA,935,492107,567843,681816,789396,896987,1078578,1207631,266807,331900,418724,518177,585055,703890,777901,225300,235943,263092,271219,311932,374688,429730
844,EasternAfrica,910,ASIA,935,20505,27934,39628,47004,56905,74040,82784,11822,15336,20160,25838,33413,42951,47940,8683,12598,19468,21166,23492,31089,34844
845,Burundi,108,ASIA,935,0,0,0,0,0,0,0,0,0,0,0,0,0,0,0,0,0,0,0,0,0
846,Comoros,174,ASIA,935,0,0,0,0,0,0,0,0,0,0,0,0,0,0,0,0,0,0,0,0,0
847,Djibouti,262,ASIA,935,289,236,238,219,242,6157,5322,139,114,115,113,117,2974,2595,150,122,123,106,125,3183,2727
848,Eritrea,232,ASIA,935,47,107,168,185,211,254,220,24,68,112,123,139,168,147,23,39,56,62,72,86,73
849,Ethiopia,231,ASIA,935,68,89,127,94,117,1324,2053,36,53,80,54,61,676,1035,32,36,47,40,56,648,1018
850,Kenya,404,ASIA,935,0,0,0,0,0,0,0,0,0,0,0,0,0,0,0,0,0,0,0,0,0
851,Madagascar,450,ASIA,935,2652,2349,2610,2891,3209,3560,3944,1475,1318,1467,1629,1813,2012,2232,1177,1031,1143,1262,1396,1548,1712
852,Malawi,454,ASIA,935,1362,2683,2583,2462,2419,2083,1770,588,1455,1397,1328,1303,1112,954,774,1228,1186,1134,1116,971,816
853,Mauritius,480,ASIA,935,1092,5020,11753,14734,18539,21335,21588,622,1910,3688,6449,9966,11954,12085,470,3110,8065,8285,8573,9381,9503
854,Mayotte,175,ASIA,935,0,0,0,0,0,0,0,0,0,0,0,0,0,0,0,0,0,0,0,0,0
855,Mozambique,508,ASIA,935,1416,1949,2269,3119,3554,3683,3867,937,1292,1479,1934,2198,2280,2408,479,657,790,1185,1356,1403,1459
856,Reunion,638,ASIA,935,0,0,0,0,0,0,0,0,0,0,0,0,0,0,0,0,0,0,0,0,0
857,Rwanda,646,ASIA,935,0,0,0,0,0,0,0,0,0,0,0,0,0,0,0,0,0,0,0,0,0
858,Seychelles,690,ASIA,935,1781,2767,3757,5955,8158,9132,9319,1289,1879,2469,4178,5885,6725,6862,492,888,1288,1777,2273,2407,2457
859,Somalia,706,ASIA,935,0,0,0,0,0,5883,13285,0,0,0,0,0,2991,7083,0,0,0,0,0,2892,6202
860,SouthSudan,728,ASIA,935,0,0,0,0,1364,1414,1449,0,0,0,0,747,852,873,0,0,0,0,617,562,576
861,Uganda,800,ASIA,935,1893,1790,5173,5002,5091,5484,5164,1318,1229,3277,3141,3172,3353,3137,575,561,1896,1861,1919,2131,2027
862,UnitedRepublicofTanzania,834,ASIA,935,5375,6825,7187,7815,8264,8678,7730,3068,3893,4103,4476,4743,4982,4420,2307,2932,3084,3339,3521,3696,3310
863,Zambia,894,ASIA,935,4530,4119,3763,4528,5737,5053,7073,2326,2125,1973,2413,3269,2872,4109,2204,1994,1790,2115,2468,2181,2964
864,Zimbabwe,716,ASIA,935,0,0,0,0,0,0,0,0,0,0,0,0,0,0,0,0,0,0,0,0,0
865,MiddleAfrica,911,ASIA,935,1666,2112,2753,2525,3732,5098,5363,1176,1479,1926,1803,2696,3789,3992,490,633,827,722,1036,1309,1371
866,Angola,24,ASIA,935,0,0,0,0,0,0,0,0,0,0,0,0,0,0,0,0,0,0,0,0,0
867,Cameroon,120,ASIA,935,0,0,0,0,0,0,0,0,0,0,0,0,0,0,0,0,0,0,0,0,0
868,CentralAfricanRepublic,140,ASIA,935,11,16,21,18,18,14,12,4,5,7,5,5,5,5,7,11,14,13,13,9,7
869,Chad,148,ASIA,935,0,0,0,0,0,0,0,0,0,0,0,0,0,0,0,0,0,0,0,0,0
870,Congo,178,ASIA,935,641,741,1039,661,1573,2091,2075,480,546,758,525,1203,1578,1565,161,195,281,136,370,513,510
871,DemocraticRepublicoftheCongo,180,ASIA,935,0,0,0,0,0,0,0,0,0,0,0,0,0,0,0,0,0,0,0,0,0
872,EquatorialGuinea,226,ASIA,935,0,0,0,0,0,0,0,0,0,0,0,0,0,0,0,0,0,0,0,0,0
873,Gabon,266,ASIA,935,1014,1355,1693,1846,2141,2993,3276,692,928,1161,1273,1488,2206,2422,322,427,532,573,653,787,854
874,SaoTomeandPrincipe,678,ASIA,935,0,0,0,0,0,0,0,0,0,0,0,0,0,0,0,0,0,0,0,0,0
875,NorthernAfrica,912,ASIA,935,405841,476622,570622,658938,707842,842945,973338,219134,280001,356335,443424,475209,563324,633077,186707,196621,214287,215514,232633,279621,340261
876,Algeria,12,ASIA,935,54054,54836,55613,43965,48305,55811,59329,29492,30271,31050,24547,26049,30034,31886,24562,24565,24563,19418,22256,25777,27443
877,Egypt,818,ASIA,935,90086,92143,111515,170859,173785,241988,328252,48496,49883,60237,100668,99722,142823,178462,41590,42260,51278,70191,74063,99165,149790
878,Libya,434,ASIA,935,253307,321418,394839,435154,477554,534712,572831,136792,195598,260592,313619,345250,385136,416040,116515,125820,134247,121535,132304,149576,156791
879,Morocco,504,ASIA,935,3493,3206,3378,3585,3895,5628,6980,1849,1673,1736,1818,1966,2829,3603,1644,1533,1642,1767,1929,2799,3377
880,Sudan,729,ASIA,935,3937,4015,4097,4287,2611,2388,3300,2025,2070,2115,2210,1348,1234,1681,1912,1945,1982,2077,1263,1154,1619
881,Tunisia,788,ASIA,935,964,1004,1180,1088,1692,2418,2646,480,506,605,562,874,1268,1405,484,498,575,526,818,1150,1241
882,WesternSahara,732,ASIA,935,0,0,0,0,0,0,0,0,0,0,0,0,0,0,0,0,0,0,0,0,0
883,SouthernAfrica,913,ASIA,935,50312,47307,55294,70353,106637,128580,115225,26572,27006,32698,40326,61058,77768,75438,23740,20301,22596,30027,45579,50812,39787
884,Botswana,72,ASIA,935,3384,4085,5216,8058,10229,11110,11879,2218,2667,3397,5260,6767,7349,7869,1166,1418,1819,2798,3462,3761,4010
885,Eswatini,748,ASIA,935,0,0,0,0,0,0,0,0,0,0,0,0,0,0,0,0,0,0,0,0,0
886,Lesotho,426,ASIA,935,778,672,544,554,564,804,1059,436,376,305,310,315,457,594,342,296,239,244,249,347,465
887,Namibia,516,ASIA,935,7415,7083,6601,5210,5011,4896,5224,4972,4770,4440,3499,3373,3305,3540,2443,2313,2161,1711,1638,1591,1684
888,SouthAfrica,710,ASIA,935,38735,35467,42933,56531,90833,111770,97063,18946,19193,24556,31257,50603,66657,63435,19789,16274,18377,25274,40230,45113,33628
889,WesternAfrica,914,ASIA,935,13783,13868,13519,10576,21871,27915,30921,8103,8078,7605,6786,12679,16058,17454,5680,5790,5914,3790,9192,11857,13467
890,Benin,204,ASIA,935,0,0,0,0,0,0,0,0,0,0,0,0,0,0,0,0,0,0,0,0,0
891,BurkinaFaso,854,ASIA,935,0,0,0,0,0,0,0,0,0,0,0,0,0,0,0,0,0,0,0,0,0
892,CaboVerde,132,ASIA,935,43,58,72,53,31,32,30,20,28,37,27,16,16,16,23,30,35,26,15,16,14
893,CotedIvoire,384,ASIA,935,0,0,0,0,0,0,0,0,0,0,0,0,0,0,0,0,0,0,0,0,0
894,Gambia,270,ASIA,935,0,0,0,0,0,0,0,0,0,0,0,0,0,0,0,0,0,0,0,0,0
895,Ghana,288,ASIA,935,1273,1269,1418,1995,1937,2378,2719,747,795,839,1228,1215,1494,1721,526,474,579,767,722,884,998
896,Guinea,324,ASIA,935,1011,1164,930,738,748,2316,2179,570,713,585,481,453,1499,1423,441,451,345,257,295,817,756
897,GuineaBissau,624,ASIA,935,0,0,0,0,0,0,0,0,0,0,0,0,0,0,0,0,0,0,0,0,0
898,Liberia,430,ASIA,935,5004,4889,4798,2398,1583,1816,1402,3212,2930,2653,1740,1226,1403,1091,1792,1959,2145,658,357,413,311
899,Mali,466,ASIA,935,301,190,76,309,12365,15207,17831,242,145,46,186,6488,7973,9369,59,45,30,123,5877,7234,8462
900,Mauritania,478,ASIA,935,1012,1077,1109,1124,827,1344,1715,384,474,555,582,461,746,969,628,603,554,542,366,598,746
901,Niger,562,ASIA,935,0,0,0,0,0,0,0,0,0,0,0,0,0,0,0,0,0,0,0,0,0
902,Nigeria,566,ASIA,935,0,0,0,0,0,0,0,0,0,0,0,0,0,0,0,0,0,0,0,0,0
903,SaintHelena,654,ASIA,935,0,0,0,0,0,0,0,0,0,0,0,0,0,0,0,0,0,0,0,0,0
904,Senegal,686,ASIA,935,2088,2182,2045,2159,2377,2536,2703,1143,1189,1103,1182,1331,1420,1510,945,993,942,977,1046,1116,1193
905,SierraLeone,694,ASIA,935,2804,2761,2758,1448,1544,1769,1821,1586,1580,1534,1075,1115,1085,928,1218,1181,1224,373,429,684,893
906,Togo,768,ASIA,935,247,278,313,352,459,517,521,199,224,253,285,374,422,427,48,54,60,67,85,95,94
907,ASIA,935,ASIA,935,35481900,34096664,36924433,40867887,51825389,61654516,68497762,19481877,18735118,20291755,22805330,30140462,36315623,40811076,16000023,15361546,16632678,18062557,21684927,25338893,27686686
908,CentralAsia,5500,ASIA,935,671574,674021,666561,715799,727872,746945,771425,315652,325810,321704,353817,368827,384547,398652,355922,348211,344857,361982,359045,362398,372773
909,Kazakhstan,398,ASIA,935,271329,303125,334927,406588,478253,508681,535367,136338,152218,168097,209611,251125,271059,285286,134991,150907,166830,196977,227128,237622,250081
910,Kyrgyzstan,417,ASIA,935,102224,94493,73847,55604,44387,39096,38049,43767,41456,33580,24927,19691,17220,16766,58457,53037,40267,30677,24696,21876,21283
911,Tajikistan,762,ASIA,935,55551,46987,42719,37277,37199,36564,36671,24401,22282,20659,18123,18174,17730,17788,31150,24705,22060,19154,19025,18834,18883
912,Turkmenistan,795,ASIA,935,168870,158835,126050,120394,107860,106030,105201,76529,76849,59460,57605,50046,50027,50439,92341,81986,66590,62789,57814,56003,54762
913,Uzbekistan,860,ASIA,935,73600,70581,89018,95936,60173,56574,56137,34617,33005,39908,43551,29791,28511,28373,38983,37576,49110,52385,30382,28063,27764
914,EasternAsia,906,ASIA,935,3472803,3843056,4338120,5261415,6143459,6872184,7701062,1765123,1921500,2104733,2487270,2854530,3225584,3578752,1707680,1921556,2233387,2774145,3288929,3646600,4122310
915,China,156,ASIA,935,345729,380819,411607,539539,673763,760829,803387,175783,191892,206118,303339,401325,467278,493434,169946,188927,205489,236200,272438,293551,309953
916,DemPeoplesRepublicofKorea,408,ASIA,935,29298,29051,28796,33027,37247,41013,41926,15108,14797,14484,16405,18319,20294,20750,14190,14254,14312,16622,18928,20719,21176
917,Japan,392,ASIA,935,920684,1026179,1229874,1547124,1641749,1712045,2070287,459987,518838,585974,719626,751018,808470,975965,460697,507341,643900,827498,890731,903575,1094322
918,Mongolia,496,ASIA,935,2817,3105,3436,7159,11712,14509,15605,1543,1776,2032,5370,9517,11034,11869,1274,1329,1404,1789,2195,3475,3736
919,RepublicofKorea,410,ASIA,935,26823,95019,193703,411234,808134,1268673,1553382,14948,55071,115384,234183,442393,686991,842900,11875,39948,78319,177051,365741,581682,710482
920,SouthEasternAsia,920,ASIA,935,2256740,3176404,4544661,6106981,7959168,9321371,9741674,1196213,1642924,2311556,3149255,4144223,4889617,5153882,1060527,1533480,2233105,2957726,3814945,4431754,4587792
921,BruneiDarussalam,96,ASIA,935,69663,80984,92300,94357,96415,98473,107301,39849,45682,51514,52912,54310,55708,60706,29814,35302,40786,41445,42105,42765,46595
922,Cambodia,116,ASIA,935,32293,85457,138630,108213,77795,70191,75283,15795,41654,67517,54226,40934,37612,40324,16498,43803,71113,53987,36861,32579,34959
923,Indonesia,360,ASIA,935,324286,285449,246621,221753,211110,233715,245719,159398,143738,128078,125412,120361,135431,142190,164888,141711,118543,96341,90749,98284,103529
924,LaoPeoplesDemocraticRepublic,418,ASIA,935,22056,20893,17743,16439,29165,41894,44829,11332,10700,9172,8649,17776,26904,28793,10724,10193,8571,7790,11389,14990,16036
925,Malaysia,458,ASIA,935,603223,836800,1327260,1750097,2226068,3040711,3224155,353364,477968,745676,1035076,1354920,1842187,1991321,249859,358832,581584,715021,871148,1198524,1232834
926,Myanmar,104,ASIA,935,120047,99848,85376,72323,66565,63860,66596,65315,53949,45265,38636,36098,34887,36382,54732,45899,40111,33687,30467,28973,30214
927,Philippines,608,ASIA,935,97644,131389,133668,108176,85401,86644,92181,51259,67737,68000,55873,44645,45359,48384,46385,63652,65668,52303,40756,41285,43797
928,Singapore,702,ASIA,935,437510,784124,1206640,1505961,1889185,2167234,2202358,206764,354518,528970,657986,822531,942458,956271,230746,429606,677670,847975,1066654,1224776,1246087
929,Thailand,764,ASIA,935,516433,796264,1240368,2178482,3216328,3450840,3612201,275224,417038,635678,1090593,1617674,1729630,1808180,241209,379226,604690,1087889,1598654,1721210,1804021
930,TimorLeste,626,ASIA,935,6769,7366,8024,8537,8727,6298,6195,3381,3619,3873,4245,4448,3797,3740,3388,3747,4151,4292,4279,2501,2455
931,VietNam,704,ASIA,935,26816,47830,48031,42643,52409,61511,64856,14532,26321,27813,25647,30526,35644,37591,12284,21509,20218,16996,21883,25867,27265
932,SouthernAsia,5501,ASIA,935,19025651,15002585,14602870,13024725,13593138,12944203,12944468,10006656,7799329,7601505,6658941,6932001,6558279,6700218,9018995,7203256,7001365,6365784,6661137,6385924,6244250
933,Afghanistan,4,ASIA,935,50671,55794,60918,67045,73174,284151,107141,28599,31491,34383,37842,41300,144617,51809,22072,24303,26535,29203,31874,139534,55332
934,Bangladesh,50,ASIA,935,699107,741929,784768,804051,998071,1029426,1684126,361714,384682,407654,425185,522515,539279,964457,337393,357247,377114,378866,475556,490147,719669
935,Bhutan,64,ASIA,935,21781,25590,29401,36849,44296,46754,49077,17877,21002,24131,30158,36184,39858,41821,3904,4588,5270,6691,8112,6896,7256
936,India,356,ASIA,935,7309485,6878380,6348893,5695189,5195591,4858215,4549214,3825697,3575951,3276252,2807141,2542473,2332088,2144728,3483788,3302429,3072641,2888048,2653118,2526127,2404486
937,IranIslamicRepublicof,364,ASIA,935,4282607,2928766,2458733,2529688,2704744,2716186,2785736,2364134,1607429,1354215,1387535,1483180,1482388,1513231,1918473,1321337,1104518,1142153,1221564,1233798,1272505
938,Maldives,462,ASIA,935,7472,16796,24976,41790,50381,58979,64331,4109,8391,13751,25127,39061,52998,57790,3363,8405,11225,16663,11320,5981,6541
939,Nepal,524,ASIA,935,411030,651911,680689,645878,559202,496702,475347,120316,200582,223753,219487,178864,149157,140078,290714,451329,456936,426391,380338,347545,335269
940,Pakistan,586,ASIA,935,6203799,3665602,4178579,3171399,3940511,3425927,3201265,3261858,1949109,2248056,1708541,2073708,1802997,1771086,2941941,1716493,1930523,1462858,1866803,1622930,1430179
941,SriLanka,144,ASIA,935,39699,37817,35913,32836,27168,27863,28231,22352,20692,19310,17925,14716,14897,15218,17347,17125,16603,14911,12452,12966,13013
942,WesternAsia,922,ASIA,935,10055132,11400598,12772221,15758967,23401752,31769813,37339133,6198233,7045555,7952257,10156047,15840881,21257596,24979572,3856899,4355043,4819964,5602920,7560871,10512217,12359561
943,Armenia,51,ASIA,935,484826,608068,593698,421842,169480,147699,147049,203056,253331,246539,173286,69836,61582,62070,281770,354737,347159,248556,99644,86117,84979
944,Azerbaijan,31,ASIA,935,311939,301347,285122,261840,239721,228661,218258,144041,135525,127794,123401,117575,114663,109584,167898,165822,157328,138439,122146,113998,108674
945,Bahrain,48,ASIA,935,139794,168018,196735,335785,548938,595123,771066,101980,120395,138544,245234,406295,446416,584669,37814,47623,58191,90551,142643,148707,186397
946,Cyprus,196,ASIA,935,12540,17743,22924,36952,56637,55117,62984,5615,7543,9473,16241,24134,23148,28219,6925,10200,13451,20711,32503,31969,34765
947,Georgia,268,ASIA,935,52196,27733,21917,20812,21012,22054,22799,23289,13261,10688,10152,10251,10763,11171,28907,14472,11229,10660,10761,11291,11628
948,Iraq,368,ASIA,935,47720,156823,170118,87869,72466,312453,318418,31717,90770,102003,53298,44286,176883,169885,16003,66053,68115,34571,28180,135570,148533
949,Israel,376,ASIA,935,309609,321194,314792,292465,273686,282260,274076,150743,153668,149786,138444,128468,131759,127952,158866,167526,165006,154021,145218,150501,146124
950,Jordan,400,ASIA,935,962564,1291627,1620726,2085470,2641297,3043625,3297160,458967,614247,769145,1034950,1303883,1518473,1657519,503597,677380,851581,1050520,1337414,1525152,1639641
951,Kuwait,414,ASIA,935,856408,742486,916965,1085984,1528123,2274635,2468288,548100,493046,632332,768356,1101565,1555651,1687841,308308,249440,284633,317628,426558,718984,780447
952,Lebanon,422,ASIA,935,438891,496168,553439,622809,692585,1829719,1636770,209232,234771,260316,301115,341881,880212,802590,229659,261397,293123,321694,350704,949507,834180
953,Oman,512,ASIA,935,270560,478284,551585,597530,739923,1682704,2151011,223103,380445,441510,484252,610281,1432256,1830940,47457,97839,110075,113278,129642,250448,320071
954,Qatar,634,ASIA,935,282997,332161,331814,553936,1225395,1451418,1955219,211936,252348,255557,432937,1026792,1228240,1629713,71061,79813,76257,120999,198603,223178,325506
955,SaudiArabia,682,ASIA,935,4233353,4338596,4457754,5506635,7139654,9121112,11393450,2815946,2893540,2981324,3785643,5025550,6317311,7818926,1417407,1445056,1476430,1720992,2114104,2803801,3574524
956,StateofPalestine,275,ASIA,935,238579,233144,227714,227144,217263,217991,219689,108928,105813,102697,102735,94275,94825,96765,129651,127331,125017,124409,122988,123166,122924
957,SyrianArabRepublic,760,ASIA,935,248532,292592,387200,781395,1609032,770127,800503,127144,147404,197463,399219,819801,391875,396643,121388,145188,189737,382176,789231,378252,403860
958,Turkey,792,ASIA,935,100787,96184,101447,104984,114833,3057872,4324072,54479,51511,53893,54751,59222,1848135,2487371,46308,44673,47554,50233,55611,1209737,1836701
959,UnitedArabEmirates,784,ASIA,935,1053388,1487619,2007668,2722814,6094614,6659720,7260475,774140,1091716,1467491,2025183,4647743,5016348,5467538,279248,395903,540177,697631,1446871,1643372,1792937
960,Yemen,887,ASIA,935,10449,10811,10603,12701,17093,17523,17846,5817,6221,5702,6850,9043,9056,10176,4632,4590,4901,5851,8050,8467,7670
961,EUROPE,908,ASIA,935,13453956,14667430,15541563,16825888,18287405,19797557,23203976,6786219,7447747,7961910,8610945,9354668,10063439,11813575,6667737,7219683,7579653,8214943,8932737,9734118,11390401
962,EasternEurope,923,ASIA,935,7636513,7785440,7705038,7801479,7788892,7978239,8037103,3718442,3911646,3990397,4020077,3995145,4084167,4113983,3918071,3873794,3714641,3781402,3793747,3894072,3923120
963,Belarus,112,ASIA,935,150390,142903,135449,133506,131601,130545,128604,75403,71993,68588,67583,66603,66104,65133,74987,70910,66861,65923,64998,64441,63471
964,Bulgaria,100,ASIA,935,4715,6973,9213,15240,19378,43907,52008,2987,4256,5521,9535,12287,27578,30651,1728,2717,3692,5705,7091,16329,21357
965,Czechia,203,ASIA,935,5753,8612,11499,49981,83571,82597,107044,3710,5647,7587,29499,49371,46606,60384,2043,2965,3912,20482,34200,35991,46660
966,Hungary,348,ASIA,935,12804,17853,22882,30403,34876,67479,58229,6931,9665,12395,16883,19464,42332,32767,5873,8188,10487,13520,15412,25147,25462
967,Poland,616,ASIA,935,16442,14043,12021,15444,19696,18434,24698,9656,8171,6911,8779,10989,10518,15141,6786,5872,5110,6665,8707,7916,9557
968,RepublicofMoldova,498,ASIA,935,32416,21878,14767,10199,8288,7569,7427,16317,10729,7044,4764,3961,3698,3637,16099,11149,7723,5435,4327,3871,3790
969,Romania,642,ASIA,935,5635,11031,16760,17125,16481,18417,39473,3885,7531,11385,11710,11797,13335,26832,1750,3500,5375,5415,4684,5082,12641
970,RussianFederation,643,ASIA,935,6596510,6726266,6611928,6732426,6714167,6842254,6838481,3236985,3393559,3428327,3465079,3432503,3481249,3479362,3359525,3332707,3183601,3267347,3281664,3361005,3359119
971,Slovakia,703,ASIA,935,565,2293,4428,5787,5258,6743,8151,387,1447,2654,3677,3158,4226,5050,178,846,1774,2110,2100,2517,3101
972,Ukraine,804,ASIA,935,811283,833588,866091,791368,755576,760294,772988,362181,398648,439985,402568,385012,388521,395026,449102,434940,426106,388800,370564,371773,377962
973,NorthernEurope,924,ASIA,935,1610470,1941469,2295200,2879637,3432605,4155350,4664186,818047,974132,1140032,1433912,1734969,2085525,2324336,792423,967337,1155168,1445725,1697636,2069825,2339850
974,ChannelIslands,830,ASIA,935,0,0,0,0,0,0,0,0,0,0,0,0,0,0,0,0,0,0,0,0,0
975,Denmark,208,ASIA,935,75712,104295,132860,160540,177600,208886,256188,40383,53220,66080,77640,84236,99979,122639,35329,51075,66780,82900,93364,108907,133549
976,Estonia,233,ASIA,935,18433,14228,10020,10492,11327,11592,14144,9779,7313,4850,5095,5591,5838,7465,8654,6915,5170,5397,5736,5754,6679
977,FaroeIslands,234,ASIA,935,98,103,113,188,262,398,528,39,37,39,58,78,104,136,59,66,74,130,184,294,392
978,Finland,246,ASIA,935,6393,11964,17514,37030,49770,85256,110942,3741,6744,9751,19515,25603,44547,57938,2652,5220,7763,17515,24167,40709,53004
979,Iceland,352,ASIA,935,818,1544,2250,3465,4605,5336,7911,305,539,771,1243,1690,1959,3157,513,1005,1479,2222,2915,3377,4754
980,Ireland,372,ASIA,935,4194,15890,36322,59123,72190,74134,87281,2091,7632,18032,31118,35533,36057,43022,2103,8258,18290,28005,36657,38077,44259
981,IsleofMan,833,ASIA,935,0,0,0,0,0,0,0,0,0,0,0,0,0,0,0,0,0,0,0,0,0
982,Latvia,428,ASIA,935,5707,13716,21745,19994,17765,15029,17261,3368,7213,11066,10175,8888,7557,9566,2339,6503,10679,9819,8877,7472,7695
983,Lithuania,440,ASIA,935,28801,16767,13126,12753,10665,9207,9854,15258,9181,7181,6902,5382,4596,5076,13543,7586,5945,5851,5283,4611,4778
984,Norway,578,ASIA,935,54562,69818,86836,120503,161148,210398,257867,30052,36048,42904,57678,74885,97303,119936,24510,33770,43932,62825,86263,113095,137931
985,Sweden,752,ASIA,935,198797,235917,252367,317029,426662,606887,814690,100538,118425,125943,155166,211028,307983,421807,98259,117492,126424,161863,215634,298904,392883
986,UnitedKingdom,826,ASIA,935,1216955,1457227,1722047,2138520,2500611,2928227,3087520,612493,727780,853415,1069322,1282055,1479602,1533594,604462,729447,868632,1069198,1218556,1448625,1553926
987,SouthernEurope,925,ASIA,935,490981,590532,719751,1144789,1563275,1620565,1974188,245180,293650,355791,616760,864612,862533,1047969,245801,296882,363960,528029,698663,758032,926219
988,Albania,8,ASIA,935,2489,2690,2892,2441,1990,1961,1838,1633,1771,1909,1674,1365,1345,1262,856,919,983,767,625,616,576
989,Andorra,20,ASIA,935,146,222,297,392,443,425,457,78,117,156,207,234,231,251,68,105,141,185,209,194,206
990,BosniaandHerzegovina,70,ASIA,935,0,0,0,0,0,0,0,0,0,0,0,0,0,0,0,0,0,0,0,0,0
991,Croatia,191,ASIA,935,0,0,0,699,1386,1392,1279,0,0,0,405,804,807,742,0,0,0,294,582,585,537
992,Gibraltar,292,ASIA,935,0,0,0,0,0,0,0,0,0,0,0,0,0,0,0,0,0,0,0,0,0
993,Greece,300,ASIA,935,235789,245518,259281,273160,302774,283449,350321,129017,129128,129254,142792,166043,143950,166815,106772,116390,130027,130368,136731,139499,183506
994,HolySee,336,ASIA,935,0,0,0,0,0,0,0,0,0,0,0,0,0,0,0,0,0,0,0,0,0
995,Italy,380,ASIA,935,198065,274184,350280,612228,838200,901016,1071568,86980,127838,168695,324081,457187,493085,597781,111085,146346,181585,288147,381013,407931,473787
996,Malta,470,ASIA,935,892,1059,1330,1599,2115,4652,10083,467,557,720,859,1049,2330,5457,425,502,610,740,1066,2322,4626
997,Montenegro,499,ASIA,935,0,0,0,0,79,87,86,0,0,0,0,4,4,5,0,0,0,0,75,83,81
998,NorthMacedonia,807,ASIA,935,11417,13247,18717,19250,19770,19922,20011,4760,5556,7802,8026,9250,8700,8740,6657,7691,10915,11224,10520,11222,11271
999,Portugal,620,ASIA,935,4970,10726,16949,24495,28001,31731,45815,2658,5719,9028,13492,15743,17129,26337,2312,5007,7921,11003,12258,14602,19478
1000,SanMarino,674,ASIA,935,0,0,0,0,0,0,0,0,0,0,0,0,0,0,0,0,0,0,0,0,0
1001,Serbia,688,ASIA,935,472,3066,4184,4138,4056,3955,3993,271,1697,2273,2229,2177,2126,2165,201,1369,1911,1909,1879,1829,1828
1002,Slovenia,705,ASIA,935,141,289,570,860,1816,2327,3662,75,174,360,491,954,1194,1892,66,115,210,369,862,1133,1770
1003,Spain,724,ASIA,935,36600,39531,65251,205527,362645,369648,465075,19241,21093,35594,122504,209802,191632,236522,17359,18438,29657,83023,152843,178016,228553
1004,WesternEurope,926,ASIA,935,3715992,4349989,4821574,4999983,5502633,6043403,8528499,2004550,2268319,2475690,2540196,2759942,3031214,4327287,1711442,2081670,2345884,2459787,2742691,3012189,4201212
1005,Austria,40,ASIA,935,156600,176624,196715,228670,266182,344873,400875,80820,92542,104262,119450,137674,187958,215639,75780,84082,92453,109220,128508,156915,185236
1006,Belgium,56,ASIA,935,242146,220038,190248,184323,214380,265069,336490,120278,109181,91240,89023,106029,135348,174988,121868,110857,99008,95300,108351,129721,161502
1007,France,250,ASIA,935,750915,775195,799453,813498,942662,1048919,1191122,384778,390851,396921,403460,452722,487925,556804,366137,384344,402532,410038,489940,560994,634318
1008,Germany,276,ASIA,935,1995690,2536261,2905185,2959698,3225094,3456259,5479507,1128340,1348837,1511680,1524565,1649122,1771123,2833012,867350,1187424,1393505,1435133,1575972,1685136,2646495
1009,Liechtenstein,438,ASIA,935,848,1038,1214,1014,924,1012,1079,452,536,605,493,432,469,482,396,502,609,521,492,543,597
1010,Luxembourg,442,ASIA,935,2590,2423,2298,2005,1752,2665,19854,1146,1063,992,938,898,1388,9679,1444,1360,1306,1067,854,1277,10175
1011,Monaco,492,ASIA,935,0,0,0,0,0,0,0,0,0,0,0,0,0,0,0,0,0,0,0,0,0
1012,Netherlands,528,ASIA,935,423364,474643,542123,598765,608382,638076,768113,214935,240384,273408,296532,298501,310516,377717,208429,234259,268715,302233,309881,327560,390396
1013,Switzerland,756,ASIA,935,143839,163767,184338,212010,243257,286530,331459,73801,84925,96582,105735,114564,136487,158966,70038,78842,87756,106275,128693,150043,172493
1014,LATINAMERICAANDTHECARIBBEAN,904,ASIA,935,263267,258892,258933,264943,285869,341807,402369,144347,141618,141317,145688,159370,196097,238299,118920,117274,117616,119255,126499,145710,164070
1015,Caribbean,915,ASIA,935,14968,17283,19826,19476,21269,24174,25433,8576,9701,10983,10880,12001,13983,14922,6392,7582,8843,8596,9268,10191,10511
1016,Anguilla,660,ASIA,935,0,0,0,0,0,0,0,0,0,0,0,0,0,0,0,0,0,0,0,0,0
1017,AntiguaandBarbuda,28,ASIA,935,286,364,437,470,500,532,549,136,175,212,227,243,258,270,150,189,225,243,257,274,279
1018,Aruba,533,ASIA,935,618,1082,1544,1967,2353,2471,2760,454,664,874,1064,1236,1296,1421,164,418,670,903,1117,1175,1339
1019,Bahamas,44,ASIA,935,389,470,555,1212,1864,2020,2155,223,249,283,622,958,1032,1106,166,221,272,590,906,988,1049
1020,Barbados,52,ASIA,935,441,481,522,510,482,506,509,222,246,271,259,238,251,254,219,235,251,251,244,255,255
1021,BritishVirginIslands,92,ASIA,935,32,38,43,50,56,64,72,20,23,26,30,34,40,46,12,15,17,20,22,24,26
1022,CaymanIslands,136,ASIA,935,143,283,490,1417,2478,2691,2995,96,184,313,859,1479,1612,1800,47,99,177,558,999,1079,1195
1023,Cuba,192,ASIA,935,781,593,416,265,160,90,51,576,431,294,184,107,59,33,205,162,122,81,53,31,18
1024,CuraÃao,531,ASIA,935,0,0,0,0,1666,1801,2095,0,0,0,0,932,1013,1201,0,0,0,0,734,788,894
1025,Dominica,212,ASIA,935,42,56,67,81,100,116,112,28,38,45,57,69,79,79,14,18,22,24,31,37,33
1026,DominicanRepublic,214,ASIA,935,7511,8348,9174,6101,3022,5442,5665,4414,4821,5226,3491,1747,3448,3588,3097,3527,3948,2610,1275,1994,2077
1027,Grenada,308,ASIA,935,0,0,0,0,0,0,0,0,0,0,0,0,0,0,0,0,0,0,0,0,0
1028,Guadeloupe,312,ASIA,935,318,426,531,628,723,691,682,153,201,247,289,330,298,292,165,225,284,339,393,393,390
1029,Haiti,332,ASIA,935,569,539,511,485,508,532,556,320,304,288,274,287,301,318,249,235,223,211,221,231,238
1030,Jamaica,388,ASIA,935,711,962,1213,1183,1152,1127,1148,398,576,754,738,722,706,720,313,386,459,445,430,421,428
1031,Martinique,474,ASIA,935,136,205,276,288,301,349,345,66,102,139,142,146,165,163,70,103,137,146,155,184,182
1032,Montserrat,500,ASIA,935,0,0,0,0,0,0,0,0,0,0,0,0,0,0,0,0,0,0,0,0,0
1033,PuertoRico,630,ASIA,935,1442,1988,2552,2422,1998,1730,1438,684,951,1216,1153,935,811,674,758,1037,1336,1269,1063,919,764
1034,SaintBarthelemy,652,ASIA,935,0,0,0,0,0,0,0,0,0,0,0,0,0,0,0,0,0,0,0,0,0
1035,SaintKittsandNevis,659,ASIA,935,0,0,0,0,0,0,0,0,0,0,0,0,0,0,0,0,0,0,0,0,0
1036,SaintLucia,662,ASIA,935,125,157,230,365,477,452,430,69,86,125,219,297,284,272,56,71,105,146,180,168,158
1037,SaintMartinFrenchpart,663,ASIA,935,0,0,0,0,0,0,0,0,0,0,0,0,0,0,0,0,0,0,0,0,0
1038,SaintVincentandtheGrenadines,670,ASIA,935,0,0,0,0,0,0,0,0,0,0,0,0,0,0,0,0,0,0,0,0,0
1039,SintMaartenDutchpart,534,ASIA,935,0,0,0,676,1333,1389,1463,0,0,0,554,1084,1115,1180,0,0,0,122,249,274,283
1040,TrinidadandTobago,780,ASIA,935,1424,1291,1265,1356,2096,2171,2408,717,650,670,718,1157,1215,1505,707,641,595,638,939,956,903
1041,TurksandCaicosIslands,796,ASIA,935,0,0,0,0,0,0,0,0,0,0,0,0,0,0,0,0,0,0,0,0,0
1042,UnitedStatesVirginIslands,850,ASIA,935,0,0,0,0,0,0,0,0,0,0,0,0,0,0,0,0,0,0,0,0,0
1043,CentralAmerica,916,ASIA,935,29212,33622,40907,43622,55863,64562,74274,16890,18942,22579,24468,31912,38440,44984,12322,14680,18328,19154,23951,26122,29290
1044,Belize,84,ASIA,935,880,1165,1447,1768,2346,2765,3131,529,667,805,980,1300,1526,1732,351,498,642,788,1046,1239,1399
1045,CostaRica,188,ASIA,935,2718,2582,3736,2489,4873,4897,5857,1526,1459,2083,1357,2681,2698,3365,1192,1123,1653,1132,2192,2199,2492
1046,ElSalvador,222,ASIA,935,853,678,499,538,568,592,596,496,393,291,315,335,350,353,357,285,208,223,233,242,243
1047,Guatemala,320,ASIA,935,962,1455,1941,2313,2678,2940,3293,414,735,1057,1318,1581,1756,1976,548,720,884,995,1097,1184,1317
1048,Honduras,340,ASIA,935,816,839,856,840,821,1149,1167,509,512,514,506,501,704,717,307,327,342,334,320,445,450
1049,Mexico,484,ASIA,935,9293,12257,15773,16669,19493,22903,25088,5251,6589,8247,9020,10844,14278,15763,4042,5668,7526,7649,8649,8625,9325
1050,Nicaragua,558,ASIA,935,194,157,241,338,357,381,388,131,104,150,196,210,228,238,63,53,91,142,147,153,150
1051,Panama,591,ASIA,935,13496,14489,16414,18667,24727,28935,34754,8034,8483,9432,10776,14460,16900,20840,5462,6006,6982,7891,10267,12035,13914
1052,SouthAmerica,931,ASIA,935,219087,207987,198200,201845,208737,253071,302662,118881,112975,107755,110340,115457,143674,178393,100206,95012,90445,91505,93280,109397,124269
1053,Argentina,32,ASIA,935,35763,32631,29502,29700,28034,31651,31942,17745,16489,15244,15312,14445,16300,16551,18018,16142,14258,14388,13589,15351,15391
1054,BoliviaPlurinationalStateof,68,ASIA,935,3353,3312,3214,3332,3422,4018,4409,1884,1848,1792,1869,1939,2263,2503,1469,1464,1422,1463,1483,1755,1906
1055,Brazil,76,ASIA,935,121713,112989,104260,101575,99294,118035,139580,65490,60689,55886,54505,53272,62905,78609,56223,52300,48374,47070,46022,55130,60971
1056,Chile,152,ASIA,935,1124,1691,2258,3733,5208,7889,15921,653,927,1232,2065,2899,4541,9028,471,764,1026,1668,2309,3348,6893
1057,Colombia,170,ASIA,935,1748,1938,2127,2208,2251,2274,2273,1009,1108,1206,1244,1292,1329,1341,739,830,921,964,959,945,932
1058,Ecuador,218,ASIA,935,2088,2547,2998,3595,5707,7242,7749,1246,1518,1790,2170,3399,4264,4908,842,1029,1208,1425,2308,2978,2841
1059,FalklandIslandsMalvinas,238,ASIA,935,0,0,0,0,0,0,0,0,0,0,0,0,0,0,0,0,0,0,0,0,0
1060,FrenchGuiana,254,ASIA,935,1881,2111,2340,2084,1828,2316,2602,1004,1081,1158,1023,889,1087,1221,877,1030,1182,1061,939,1229,1381
1061,Guyana,328,ASIA,935,263,422,580,780,610,645,676,154,249,343,465,375,397,416,109,173,237,315,235,248,260
1062,Paraguay,600,ASIA,935,9763,7893,5999,5713,5442,5310,5751,5133,4172,3176,3025,2876,2804,3047,4630,3721,2823,2688,2566,2506,2704
1063,Peru,604,ASIA,935,6015,6036,7064,8302,12494,26711,46686,3303,3274,3828,4537,7483,19926,34290,2712,2762,3236,3765,5011,6785,12396
1064,Suriname,740,ASIA,935,2055,2538,3135,3836,4526,4915,5446,1109,1374,1697,2090,2468,2683,2993,946,1164,1438,1746,2058,2232,2453
1065,Uruguay,858,ASIA,935,0,0,0,0,0,0,0,0,0,0,0,0,0,0,0,0,0,0,0,0,0
1066,VenezuelaBolivarianRepublicof,862,ASIA,935,33321,33879,34723,36987,39921,42065,39627,20151,20246,20403,22035,24120,25175,23486,13170,13633,14320,14952,15801,16890,16141
1067,NORTHERNAMERICA,905,ASIA,935,6181878,8290114,10466666,12195799,14250937,17273538,17549235,3000088,4060397,5160051,5954940,6861992,8221103,8348222,3181790,4229717,5306615,6240859,7388945,9052435,9201013
1068,Bermuda,60,ASIA,935,509,781,1076,1380,1731,1995,2530,315,411,507,694,933,1119,1326,194,370,569,686,798,876,1204
1069,Canada,124,ASIA,935,1127346,1571422,2052864,2523879,2991075,3543422,3839512,548822,760440,990318,1203440,1424733,1670607,1810197,578524,810982,1062546,1320439,1566342,1872815,2029315
1070,Greenland,304,ASIA,935,4,17,42,76,183,298,290,1,3,16,25,68,113,107,3,14,26,51,115,185,183
1071,SaintPierreandMiquelon,666,ASIA,935,0,0,0,0,0,0,0,0,0,0,0,0,0,0,0,0,0,0,0,0,0
1072,UnitedStatesofAmerica,840,ASIA,935,5054019,6717894,8412684,9670464,11257948,13727823,13706903,2450950,3299543,4169210,4750781,5436258,6549264,6536592,2603069,3418351,4243474,4919683,5821690,7178559,7170311
1073,OCEANIA,909,ASIA,935,1083892,1266979,1460202,1862130,2575590,3232023,4050511,541096,621031,703701,893767,1255312,1567871,1968436,542796,645948,756501,968363,1320278,1664152,2082075
1074,Australia,36,ASIA,935,949416,1074818,1208080,1528347,2203220,2818870,3452790,470757,525697,580854,731177,1072293,1365510,1676774,478659,549121,627226,797170,1130927,1453360,1776016
1075,NewZealand,554,ASIA,935,58709,105520,154125,236811,284287,327221,508986,28714,49995,74927,114953,137739,158243,246153,29995,55525,79198,121858,146548,168978,262833
1076,Melanesia,928,ASIA,935,19231,18832,17709,21294,24844,24471,24806,10620,10611,9618,11199,13457,13027,13242,8611,8221,8091,10095,11387,11444,11564
1077,Fiji,242,ASIA,935,4953,4925,4868,4890,5250,5407,5532,2414,2450,2458,2581,2806,2918,2986,2539,2475,2410,2309,2444,2489,2546
1078,NewCaledonia,540,ASIA,935,2392,2771,3152,3362,3574,2749,2911,1260,1435,1619,1736,1859,1274,1347,1132,1336,1533,1626,1715,1475,1564
1079,PapuaNewGuinea,598,ASIA,935,11141,10396,8981,12412,15425,15761,15825,6383,6167,5008,6460,8455,8520,8600,4758,4229,3973,5952,6970,7241,7225
1080,SolomonIslands,90,ASIA,935,745,740,708,630,595,554,538,563,559,533,422,337,315,309,182,181,175,208,258,239,229
1081,Vanuatu,548,ASIA,935,0,0,0,0,0,0,0,0,0,0,0,0,0,0,0,0,0,0,0,0,0
1082,Micronesia,954,ASIA,935,54838,65671,77720,72588,59722,58076,60573,30047,33521,36851,34679,29801,29148,30334,24791,32150,40869,37909,29921,28928,30239
1083,Guam,316,ASIA,935,32635,37005,41372,38828,36281,36606,38726,17394,19020,20644,19686,18728,18884,19974,15241,17985,20728,19142,17553,17722,18752
1084,Kiribati,296,ASIA,935,0,0,0,0,0,0,0,0,0,0,0,0,0,0,0,0,0,0,0,0,0
1085,MarshallIslands,584,ASIA,935,160,298,464,629,805,859,859,73,163,280,376,492,522,524,87,135,184,253,313,337,335
1086,MicronesiaFedStatesof,583,ASIA,935,309,278,260,249,243,241,240,176,178,148,140,139,138,140,133,100,112,109,104,103,100
1087,Nauru,520,ASIA,935,604,558,513,481,408,666,784,361,334,308,286,283,465,564,243,224,205,195,125,201,220
1088,NorthernMarianaIslands,580,ASIA,935,19161,24198,30709,28429,17980,16104,16247,10733,11764,12769,11829,7679,6836,6894,8428,12434,17940,16600,10301,9268,9353
1089,Palau,585,ASIA,935,1969,3334,4402,3972,4005,3600,3717,1310,2062,2702,2362,2480,2303,2238,659,1272,1700,1610,1525,1297,1479
1090,Polynesia,957,ASIA,935,1698,2138,2568,3090,3517,3385,3356,958,1207,1451,1759,2022,1943,1933,740,931,1117,1331,1495,1442,1423
1091,AmericanSamoa,16,ASIA,935,681,1014,1345,1786,2225,2219,2222,395,589,783,1044,1304,1296,1301,286,425,562,742,921,923,921
1092,CookIslands,184,ASIA,935,0,0,0,0,0,0,0,0,0,0,0,0,0,0,0,0,0,0,0,0,0
1093,FrenchPolynesia,258,ASIA,935,617,676,725,757,732,693,693,318,340,357,376,375,356,356,299,336,368,381,357,337,337
1094,Niue,570,ASIA,935,0,0,0,0,0,0,0,0,0,0,0,0,0,0,0,0,0,0,0,0,0
1095,Samoa,882,ASIA,935,119,129,140,130,115,93,85,94,102,111,103,90,74,70,25,27,29,27,25,19,15
1096,Tokelau,772,ASIA,935,0,0,0,0,0,0,0,0,0,0,0,0,0,0,0,0,0,0,0,0,0
1097,Tonga,776,ASIA,935,281,319,358,417,445,380,356,151,176,200,236,253,217,206,130,143,158,181,192,163,150
1098,Tuvalu,798,ASIA,935,0,0,0,0,0,0,0,0,0,0,0,0,0,0,0,0,0,0,0,0,0
1099,WallisandFutunaIslands,876,ASIA,935,0,0,0,0,0,0,0,0,0,0,0,0,0,0,0,0,0,0,0,0,0
1100,SubSaharanAfrica,947,LATINAMERICAANDTHECARIBBEAN,904,8497,7946,8183,9240,17434,28430,30679,3786,3729,3879,4420,8324,14227,16055,4711,4217,4304,4820,9110,14203,14624
1101,NorthernAfricaandWesternAsia,1833,LATINAMERICAANDTHECARIBBEAN,904,44460,51498,55913,61466,67937,69539,68381,20886,23870,25922,28604,31559,32151,31559,23574,27628,29991,32862,36378,37388,36822
1102,CentralandSouthernAsia,921,LATINAMERICAANDTHECARIBBEAN,904,589,5420,10255,12207,14144,14978,14684,316,2926,5538,6589,7633,8084,4545,273,2494,4717,5618,6511,6894,10139
1103,EasternandSouthEasternAsia,1832,LATINAMERICAANDTHECARIBBEAN,904,75239,236277,342745,322635,345923,293779,333438,38510,114320,160839,152644,164799,153262,173791,36729,121957,181906,169991,181124,140517,159647
1104,LatinAmericaandtheCaribbean,1830,LATINAMERICAANDTHECARIBBEAN,904,3980808,3670383,3777576,4357513,5344184,6166726,11297173,1975515,1814401,1858809,2124686,2598130,3040982,5626827,2005293,1855982,1918767,2232827,2746054,3125744,5670346
1105,OceaniaexcludingAustraliaandNewZealand,1835,LATINAMERICAANDTHECARIBBEAN,904,1117,1327,1606,3473,4933,4861,5094,555,670,785,1698,2437,2407,2527,562,657,821,1775,2496,2454,2567
1106,AustraliaandNewZealand,927,LATINAMERICAANDTHECARIBBEAN,904,81984,86585,87624,99412,127221,159787,209475,40231,42039,42224,47727,61363,77186,100853,41753,44546,45400,51685,65858,82601,108622
1107,EuropeandNorthernAmerica,1829,LATINAMERICAANDTHECARIBBEAN,904,11080705,15610268,20344798,24472260,28715874,29467900,30931557,5464890,7724208,10084543,12128999,13983373,14253840,14741118,5615815,7886060,10260255,12343261,14732501,15214060,16190439
1108,Developedregions,901,LATINAMERICAANDTHECARIBBEAN,904,11232859,15916691,20737821,24845504,29133420,29853910,31401278,5540869,7871766,10267854,12301455,14175312,14441473,14969322,5691990,8044925,10469967,12544049,14958108,15412437,16431956
1109,Lessdevelopedregions,902,LATINAMERICAANDTHECARIBBEAN,904,4040540,3753013,3890879,4492702,5504230,6352090,11489203,2003820,1854397,1914685,2193912,2682306,3140666,5727953,2036720,1898616,1976194,2298790,2821924,3211424,5761250
1110,Leastdevelopedcountries,941,LATINAMERICAANDTHECARIBBEAN,904,12490,16888,20994,22756,30609,40287,40931,6562,8971,11161,12149,16213,21677,18616,5928,7917,9833,10607,14396,18610,22315
1111,LandlockedDevelopingCountriesLLDC,1636,LATINAMERICAANDTHECARIBBEAN,904,229130,230812,231275,232501,238161,250864,280364,118778,119620,119309,120372,123438,129948,145434,110352,111192,111966,112129,114723,120916,134930
1112,SmallislanddevelopingStatesSIDS,1637,LATINAMERICAANDTHECARIBBEAN,904,558153,628371,700455,765577,838899,1016688,1157533,302862,337265,372337,405773,441192,564047,632585,255291,291106,328118,359804,397707,452641,524948
1113,Highincomecountries,1503,LATINAMERICAANDTHECARIBBEAN,904,11606947,16374656,21281197,25524614,29967194,30931523,33714977,5718485,8085288,10517916,12612814,14555467,14946710,16109495,5888462,8289368,10763281,12911800,15411727,15984813,17605482
1114,Middleincomecountries,1517,LATINAMERICAANDTHECARIBBEAN,904,3574943,3199409,3247925,3700019,4536897,5124242,9015116,1779280,1593283,1616519,1828890,2239906,2564410,4511918,1795663,1606126,1631406,1871129,2296991,2559832,4503198
1115,Uppermiddleincomecountries,1502,LATINAMERICAANDTHECARIBBEAN,904,3179940,2930933,3083977,3519406,4344135,4903830,8774782,1581406,1458878,1534500,1737650,2141844,2451956,4392545,1598534,1472055,1549477,1781756,2202291,2451874,4382237
1116,Lowermiddleincomecountries,1501,LATINAMERICAANDTHECARIBBEAN,904,395003,268476,163948,180613,192762,220412,240334,197874,134405,82019,91240,98062,112454,119373,197129,134071,81929,89373,94700,107958,120961
1117,Lowincomecountries,1500,LATINAMERICAANDTHECARIBBEAN,904,11565,11845,11916,12110,18475,27722,28692,6107,6237,6200,6334,9594,14770,15263,5458,5608,5716,5776,8881,12952,13429
1118,AFRICA,903,LATINAMERICAANDTHECARIBBEAN,904,10188,9417,9501,10748,19077,29928,32524,4558,4438,4565,5287,9260,15144,17141,5630,4979,4936,5461,9817,14784,15383
1119,EasternAfrica,910,LATINAMERICAANDTHECARIBBEAN,904,164,162,50,52,55,59,57,124,122,34,33,31,34,34,40,40,16,19,24,25,23
1120,Burundi,108,LATINAMERICAANDTHECARIBBEAN,904,0,0,0,0,0,0,0,0,0,0,0,0,0,0,0,0,0,0,0,0,0
1121,Comoros,174,LATINAMERICAANDTHECARIBBEAN,904,0,0,0,0,0,0,0,0,0,0,0,0,0,0,0,0,0,0,0,0,0
1122,Djibouti,262,LATINAMERICAANDTHECARIBBEAN,904,0,0,0,0,0,0,0,0,0,0,0,0,0,0,0,0,0,0,0,0,0
1123,Eritrea,232,LATINAMERICAANDTHECARIBBEAN,904,0,0,0,0,0,0,0,0,0,0,0,0,0,0,0,0,0,0,0,0,0
1124,Ethiopia,231,LATINAMERICAANDTHECARIBBEAN,904,0,0,0,0,0,0,0,0,0,0,0,0,0,0,0,0,0,0,0,0,0
1125,Kenya,404,LATINAMERICAANDTHECARIBBEAN,904,0,0,0,0,0,0,0,0,0,0,0,0,0,0,0,0,0,0,0,0,0
1126,Madagascar,450,LATINAMERICAANDTHECARIBBEAN,904,0,0,0,0,0,0,0,0,0,0,0,0,0,0,0,0,0,0,0,0,0
1127,Malawi,454,LATINAMERICAANDTHECARIBBEAN,904,0,0,0,0,0,0,0,0,0,0,0,0,0,0,0,0,0,0,0,0,0
1128,Mauritius,480,LATINAMERICAANDTHECARIBBEAN,904,0,0,0,0,0,0,0,0,0,0,0,0,0,0,0,0,0,0,0,0,0
1129,Mayotte,175,LATINAMERICAANDTHECARIBBEAN,904,0,0,0,0,0,0,0,0,0,0,0,0,0,0,0,0,0,0,0,0,0
1130,Mozambique,508,LATINAMERICAANDTHECARIBBEAN,904,0,0,0,0,0,0,0,0,0,0,0,0,0,0,0,0,0,0,0,0,0
1131,Reunion,638,LATINAMERICAANDTHECARIBBEAN,904,0,0,0,0,0,0,0,0,0,0,0,0,0,0,0,0,0,0,0,0,0
1132,Rwanda,646,LATINAMERICAANDTHECARIBBEAN,904,0,0,0,0,0,0,0,0,0,0,0,0,0,0,0,0,0,0,0,0,0
1133,Seychelles,690,LATINAMERICAANDTHECARIBBEAN,904,20,26,33,36,39,43,42,9,14,19,18,16,19,19,11,12,14,18,23,24,23
1134,Somalia,706,LATINAMERICAANDTHECARIBBEAN,904,0,0,0,0,0,0,0,0,0,0,0,0,0,0,0,0,0,0,0,0,0
1135,SouthSudan,728,LATINAMERICAANDTHECARIBBEAN,904,0,0,0,0,0,0,0,0,0,0,0,0,0,0,0,0,0,0,0,0,0
1136,Uganda,800,LATINAMERICAANDTHECARIBBEAN,904,144,136,17,16,16,16,15,115,108,15,15,15,15,15,29,28,2,1,1,1,0
1137,UnitedRepublicofTanzania,834,LATINAMERICAANDTHECARIBBEAN,904,0,0,0,0,0,0,0,0,0,0,0,0,0,0,0,0,0,0,0,0,0
1138,Zambia,894,LATINAMERICAANDTHECARIBBEAN,904,0,0,0,0,0,0,0,0,0,0,0,0,0,0,0,0,0,0,0,0,0
1139,Zimbabwe,716,LATINAMERICAANDTHECARIBBEAN,904,0,0,0,0,0,0,0,0,0,0,0,0,0,0,0,0,0,0,0,0,0
1140,MiddleAfrica,911,LATINAMERICAANDTHECARIBBEAN,904,164,190,266,169,403,536,531,49,51,65,71,137,167,164,115,139,201,98,266,369,367
1141,Angola,24,LATINAMERICAANDTHECARIBBEAN,904,0,0,0,0,0,0,0,0,0,0,0,0,0,0,0,0,0,0,0,0,0
1142,Cameroon,120,LATINAMERICAANDTHECARIBBEAN,904,0,0,0,0,0,0,0,0,0,0,0,0,0,0,0,0,0,0,0,0,0
1143,CentralAfricanRepublic,140,LATINAMERICAANDTHECARIBBEAN,904,0,0,0,0,0,0,0,0,0,0,0,0,0,0,0,0,0,0,0,0,0
1144,Chad,148,LATINAMERICAANDTHECARIBBEAN,904,0,0,0,0,0,0,0,0,0,0,0,0,0,0,0,0,0,0,0,0,0
1145,Congo,178,LATINAMERICAANDTHECARIBBEAN,904,164,190,266,169,403,536,531,49,51,65,71,137,167,164,115,139,201,98,266,369,367
1146,DemocraticRepublicoftheCongo,180,LATINAMERICAANDTHECARIBBEAN,904,0,0,0,0,0,0,0,0,0,0,0,0,0,0,0,0,0,0,0,0,0
1147,EquatorialGuinea,226,LATINAMERICAANDTHECARIBBEAN,904,0,0,0,0,0,0,0,0,0,0,0,0,0,0,0,0,0,0,0,0,0
1148,Gabon,266,LATINAMERICAANDTHECARIBBEAN,904,0,0,0,0,0,0,0,0,0,0,0,0,0,0,0,0,0,0,0,0,0
1149,SaoTomeandPrincipe,678,LATINAMERICAANDTHECARIBBEAN,904,0,0,0,0,0,0,0,0,0,0,0,0,0,0,0,0,0,0,0,0,0
1150,NorthernAfrica,912,LATINAMERICAANDTHECARIBBEAN,904,1691,1471,1318,1508,1643,1498,1845,772,709,686,867,936,917,1086,919,762,632,641,707,581,759
1151,Algeria,12,LATINAMERICAANDTHECARIBBEAN,904,0,0,0,0,0,0,0,0,0,0,0,0,0,0,0,0,0,0,0,0,0
1152,Egypt,818,LATINAMERICAANDTHECARIBBEAN,904,843,700,610,726,784,537,821,427,346,291,369,386,305,425,416,354,319,357,398,232,396
1153,Libya,434,LATINAMERICAANDTHECARIBBEAN,904,848,771,708,782,859,961,1024,345,363,395,498,550,612,661,503,408,313,284,309,349,363
1154,Morocco,504,LATINAMERICAANDTHECARIBBEAN,904,0,0,0,0,0,0,0,0,0,0,0,0,0,0,0,0,0,0,0,0,0
1155,Sudan,729,LATINAMERICAANDTHECARIBBEAN,904,0,0,0,0,0,0,0,0,0,0,0,0,0,0,0,0,0,0,0,0,0
1156,Tunisia,788,LATINAMERICAANDTHECARIBBEAN,904,0,0,0,0,0,0,0,0,0,0,0,0,0,0,0,0,0,0,0,0,0
1157,WesternSahara,732,LATINAMERICAANDTHECARIBBEAN,904,0,0,0,0,0,0,0,0,0,0,0,0,0,0,0,0,0,0,0,0,0
1158,SouthernAfrica,913,LATINAMERICAANDTHECARIBBEAN,904,6935,6213,6552,7352,9765,12016,13774,2981,2816,3083,3404,4421,5450,7034,3954,3397,3469,3948,5344,6566,6740
1159,Botswana,72,LATINAMERICAANDTHECARIBBEAN,904,0,0,0,0,0,0,0,0,0,0,0,0,0,0,0,0,0,0,0,0,0
1160,Eswatini,748,LATINAMERICAANDTHECARIBBEAN,904,0,0,0,0,0,0,0,0,0,0,0,0,0,0,0,0,0,0,0,0,0
1161,Lesotho,426,LATINAMERICAANDTHECARIBBEAN,904,0,0,0,0,0,0,0,0,0,0,0,0,0,0,0,0,0,0,0,0,0
1162,Namibia,516,LATINAMERICAANDTHECARIBBEAN,904,2684,2563,2389,1886,1815,1773,1890,1085,1046,980,768,744,730,781,1599,1517,1409,1118,1071,1043,1109
1163,SouthAfrica,710,LATINAMERICAANDTHECARIBBEAN,904,4251,3650,4163,5466,7950,10243,11884,1896,1770,2103,2636,3677,4720,6253,2355,1880,2060,2830,4273,5523,5631
1164,WesternAfrica,914,LATINAMERICAANDTHECARIBBEAN,904,1234,1381,1315,1667,7211,15819,16317,632,740,697,912,3735,8576,8823,602,641,618,755,3476,7243,7494
1165,Benin,204,LATINAMERICAANDTHECARIBBEAN,904,0,0,0,0,0,0,0,0,0,0,0,0,0,0,0,0,0,0,0,0,0
1166,BurkinaFaso,854,LATINAMERICAANDTHECARIBBEAN,904,0,0,0,0,0,0,0,0,0,0,0,0,0,0,0,0,0,0,0,0,0
1167,CaboVerde,132,LATINAMERICAANDTHECARIBBEAN,904,179,243,304,372,435,452,470,86,122,157,185,211,219,230,93,121,147,187,224,233,240
1168,CotedIvoire,384,LATINAMERICAANDTHECARIBBEAN,904,0,0,0,0,0,0,0,0,0,0,0,0,0,0,0,0,0,0,0,0,0
1169,Gambia,270,LATINAMERICAANDTHECARIBBEAN,904,0,0,0,0,0,0,0,0,0,0,0,0,0,0,0,0,0,0,0,0,0
1170,Ghana,288,LATINAMERICAANDTHECARIBBEAN,904,7,7,8,11,11,13,13,3,4,4,6,6,7,8,4,3,4,5,5,6,5
1171,Guinea,324,LATINAMERICAANDTHECARIBBEAN,904,309,355,274,514,1972,9527,9120,182,226,172,325,1188,5513,5308,127,129,102,189,784,4014,3812
1172,GuineaBissau,624,LATINAMERICAANDTHECARIBBEAN,904,0,0,0,0,0,0,0,0,0,0,0,0,0,0,0,0,0,0,0,0,0
1173,Liberia,430,LATINAMERICAANDTHECARIBBEAN,904,0,0,0,0,0,0,0,0,0,0,0,0,0,0,0,0,0,0,0,0,0
1174,Mali,466,LATINAMERICAANDTHECARIBBEAN,904,0,0,0,0,4027,4952,5800,0,0,0,0,1928,2371,2787,0,0,0,0,2099,2581,3013
1175,Mauritania,478,LATINAMERICAANDTHECARIBBEAN,904,203,216,223,226,157,225,244,103,120,135,139,101,144,158,100,96,88,87,56,81,86
1176,Niger,562,LATINAMERICAANDTHECARIBBEAN,904,0,0,0,0,0,0,0,0,0,0,0,0,0,0,0,0,0,0,0,0,0
1177,Nigeria,566,LATINAMERICAANDTHECARIBBEAN,904,0,0,0,0,0,0,0,0,0,0,0,0,0,0,0,0,0,0,0,0,0
1178,SaintHelena,654,LATINAMERICAANDTHECARIBBEAN,904,0,0,0,0,0,0,0,0,0,0,0,0,0,0,0,0,0,0,0,0,0
1179,Senegal,686,LATINAMERICAANDTHECARIBBEAN,904,536,560,506,544,609,650,670,258,268,229,257,301,322,332,278,292,277,287,308,328,338
1180,SierraLeone,694,LATINAMERICAANDTHECARIBBEAN,904,0,0,0,0,0,0,0,0,0,0,0,0,0,0,0,0,0,0,0,0,0
1181,Togo,768,LATINAMERICAANDTHECARIBBEAN,904,0,0,0,0,0,0,0,0,0,0,0,0,0,0,0,0,0,0,0,0,0
1182,ASIA,935,LATINAMERICAANDTHECARIBBEAN,904,118597,291724,407595,394800,426361,376798,414658,58940,140407,191613,186970,203055,192580,208809,59657,151317,215982,207830,223306,184218,205849
1183,CentralAsia,5500,LATINAMERICAANDTHECARIBBEAN,904,37,30,26,24,23,22,20,17,14,13,11,11,11,11,20,16,13,13,12,11,9
1184,Kazakhstan,398,LATINAMERICAANDTHECARIBBEAN,904,0,0,0,0,0,0,0,0,0,0,0,0,0,0,0,0,0,0,0,0,0
1185,Kyrgyzstan,417,LATINAMERICAANDTHECARIBBEAN,904,0,0,0,0,0,0,0,0,0,0,0,0,0,0,0,0,0,0,0,0,0
1186,Tajikistan,762,LATINAMERICAANDTHECARIBBEAN,904,37,30,26,24,23,22,20,17,14,13,11,11,11,11,20,16,13,13,12,11,9
1187,Turkmenistan,795,LATINAMERICAANDTHECARIBBEAN,904,0,0,0,0,0,0,0,0,0,0,0,0,0,0,0,0,0,0,0,0,0
1188,Uzbekistan,860,LATINAMERICAANDTHECARIBBEAN,904,0,0,0,0,0,0,0,0,0,0,0,0,0,0,0,0,0,0,0,0,0
1189,EasternAsia,906,LATINAMERICAANDTHECARIBBEAN,904,74357,235157,335310,316553,344048,292094,331677,38058,113741,157074,149526,163834,152352,172825,36299,121416,178236,167027,180214,139742,158852
1190,China,156,LATINAMERICAANDTHECARIBBEAN,904,3614,13966,27776,40154,50723,62568,68057,2018,7558,14950,23529,31758,40244,43775,1596,6408,12826,16625,18965,22324,24282
1191,DemPeoplesRepublicofKorea,408,LATINAMERICAANDTHECARIBBEAN,904,566,1347,2128,2564,2999,3302,3374,288,660,1033,1266,1499,1660,1699,278,687,1095,1298,1500,1642,1675
1192,Japan,392,LATINAMERICAANDTHECARIBBEAN,904,70170,219838,305399,273832,290325,226223,260246,35748,105519,141087,124729,130576,110447,127351,34422,114319,164312,149103,159749,115776,132895
1193,Mongolia,496,LATINAMERICAANDTHECARIBBEAN,904,7,6,7,3,1,1,0,4,4,4,2,1,1,0,3,2,3,1,0,0,0
1194,RepublicofKorea,410,LATINAMERICAANDTHECARIBBEAN,904,0,0,0,0,0,0,0,0,0,0,0,0,0,0,0,0,0,0,0,0,0
1195,SouthEasternAsia,920,LATINAMERICAANDTHECARIBBEAN,904,882,1120,7435,6082,1875,1685,1761,452,579,3765,3118,965,910,966,430,541,3670,2964,910,775,795
1196,BruneiDarussalam,96,LATINAMERICAANDTHECARIBBEAN,904,0,0,0,0,0,0,0,0,0,0,0,0,0,0,0,0,0,0,0,0,0
1197,Cambodia,116,LATINAMERICAANDTHECARIBBEAN,904,0,0,0,0,0,0,0,0,0,0,0,0,0,0,0,0,0,0,0,0,0
1198,Indonesia,360,LATINAMERICAANDTHECARIBBEAN,904,0,0,0,0,0,0,0,0,0,0,0,0,0,0,0,0,0,0,0,0,0
1199,LaoPeoplesDemocraticRepublic,418,LATINAMERICAANDTHECARIBBEAN,904,0,0,0,0,0,0,0,0,0,0,0,0,0,0,0,0,0,0,0,0,0
1200,Malaysia,458,LATINAMERICAANDTHECARIBBEAN,904,0,0,0,0,0,0,0,0,0,0,0,0,0,0,0,0,0,0,0,0,0
1201,Myanmar,104,LATINAMERICAANDTHECARIBBEAN,904,0,0,0,0,0,0,0,0,0,0,0,0,0,0,0,0,0,0,0,0,0
1202,Philippines,608,LATINAMERICAANDTHECARIBBEAN,904,645,863,7153,5783,1568,1590,1670,352,468,3642,2992,843,855,911,293,395,3511,2791,725,735,759
1203,Singapore,702,LATINAMERICAANDTHECARIBBEAN,904,0,0,0,0,0,0,0,0,0,0,0,0,0,0,0,0,0,0,0,0,0
1204,Thailand,764,LATINAMERICAANDTHECARIBBEAN,904,0,0,0,0,0,0,0,0,0,0,0,0,0,0,0,0,0,0,0,0,0
1205,TimorLeste,626,LATINAMERICAANDTHECARIBBEAN,904,237,257,282,299,307,95,91,100,111,123,126,122,55,55,137,146,159,173,185,40,36
1206,VietNam,704,LATINAMERICAANDTHECARIBBEAN,904,0,0,0,0,0,0,0,0,0,0,0,0,0,0,0,0,0,0,0,0,0
1207,SouthernAsia,5501,LATINAMERICAANDTHECARIBBEAN,904,552,5390,10229,12183,14121,14956,14664,299,2912,5525,6578,7622,8073,4534,253,2478,4704,5605,6499,6883,10130
1208,Afghanistan,4,LATINAMERICAANDTHECARIBBEAN,904,0,0,0,0,0,0,0,0,0,0,0,0,0,0,0,0,0,0,0,0,0
1209,Bangladesh,50,LATINAMERICAANDTHECARIBBEAN,904,552,5387,10221,12165,14083,14919,14628,299,2909,5520,6570,7605,8057,4518,253,2478,4701,5595,6478,6862,10110
1210,Bhutan,64,LATINAMERICAANDTHECARIBBEAN,904,0,0,0,0,0,0,0,0,0,0,0,0,0,0,0,0,0,0,0,0,0
1211,India,356,LATINAMERICAANDTHECARIBBEAN,904,0,0,0,0,0,0,0,0,0,0,0,0,0,0,0,0,0,0,0,0,0
1212,IranIslamicRepublicof,364,LATINAMERICAANDTHECARIBBEAN,904,0,0,0,0,0,0,0,0,0,0,0,0,0,0,0,0,0,0,0,0,0
1213,Maldives,462,LATINAMERICAANDTHECARIBBEAN,904,0,0,0,0,0,0,0,0,0,0,0,0,0,0,0,0,0,0,0,0,0
1214,Nepal,524,LATINAMERICAANDTHECARIBBEAN,904,0,0,0,0,0,0,0,0,0,0,0,0,0,0,0,0,0,0,0,0,0
1215,Pakistan,586,LATINAMERICAANDTHECARIBBEAN,904,0,0,0,0,0,0,0,0,0,0,0,0,0,0,0,0,0,0,0,0,0
1216,SriLanka,144,LATINAMERICAANDTHECARIBBEAN,904,0,3,8,18,38,37,36,0,3,5,8,17,16,16,0,0,3,10,21,21,20
1217,WesternAsia,922,LATINAMERICAANDTHECARIBBEAN,904,42769,50027,54595,59958,66294,68041,66536,20114,23161,25236,27737,30623,31234,30473,22655,26866,29359,32221,35671,36807,36063
1218,Armenia,51,LATINAMERICAANDTHECARIBBEAN,904,0,0,0,0,0,0,0,0,0,0,0,0,0,0,0,0,0,0,0,0,0
1219,Azerbaijan,31,LATINAMERICAANDTHECARIBBEAN,904,0,0,0,0,0,0,0,0,0,0,0,0,0,0,0,0,0,0,0,0,0
1220,Bahrain,48,LATINAMERICAANDTHECARIBBEAN,904,0,0,0,0,0,0,0,0,0,0,0,0,0,0,0,0,0,0,0,0,0
1221,Cyprus,196,LATINAMERICAANDTHECARIBBEAN,904,163,236,296,444,657,589,584,70,92,115,173,260,246,247,93,144,181,271,397,343,337
1222,Georgia,268,LATINAMERICAANDTHECARIBBEAN,904,0,0,51,47,47,47,44,0,0,17,17,17,17,17,0,0,34,30,30,30,27
1223,Iraq,368,LATINAMERICAANDTHECARIBBEAN,904,0,0,0,0,0,0,0,0,0,0,0,0,0,0,0,0,0,0,0,0,0
1224,Israel,376,LATINAMERICAANDTHECARIBBEAN,904,42186,48984,53039,58267,64204,66215,64290,19864,22708,24563,27007,29720,30477,29597,22322,26276,28476,31260,34484,35738,34693
1225,Jordan,400,LATINAMERICAANDTHECARIBBEAN,904,161,180,197,149,306,127,159,55,75,93,91,176,60,74,106,105,104,58,130,67,85
1226,Kuwait,414,LATINAMERICAANDTHECARIBBEAN,904,0,0,0,0,0,0,0,0,0,0,0,0,0,0,0,0,0,0,0,0,0
1227,Lebanon,422,LATINAMERICAANDTHECARIBBEAN,904,0,0,0,0,0,0,0,0,0,0,0,0,0,0,0,0,0,0,0,0,0
1228,Oman,512,LATINAMERICAANDTHECARIBBEAN,904,0,0,0,0,0,0,0,0,0,0,0,0,0,0,0,0,0,0,0,0,0
1229,Qatar,634,LATINAMERICAANDTHECARIBBEAN,904,0,0,0,0,0,0,0,0,0,0,0,0,0,0,0,0,0,0,0,0,0
1230,SaudiArabia,682,LATINAMERICAANDTHECARIBBEAN,904,0,0,0,0,0,0,0,0,0,0,0,0,0,0,0,0,0,0,0,0,0
1231,StateofPalestine,275,LATINAMERICAANDTHECARIBBEAN,904,0,0,0,0,0,0,0,0,0,0,0,0,0,0,0,0,0,0,0,0,0
1232,SyrianArabRepublic,760,LATINAMERICAANDTHECARIBBEAN,904,0,0,0,0,0,0,0,0,0,0,0,0,0,0,0,0,0,0,0,0,0
1233,Turkey,792,LATINAMERICAANDTHECARIBBEAN,904,259,627,1012,1051,1080,1063,1459,125,286,448,449,450,434,538,134,341,564,602,630,629,921
1234,UnitedArabEmirates,784,LATINAMERICAANDTHECARIBBEAN,904,0,0,0,0,0,0,0,0,0,0,0,0,0,0,0,0,0,0,0,0,0
1235,Yemen,887,LATINAMERICAANDTHECARIBBEAN,904,0,0,0,0,0,0,0,0,0,0,0,0,0,0,0,0,0,0,0,0,0
1236,EUROPE,908,LATINAMERICAANDTHECARIBBEAN,904,1104536,1340812,1699981,3453004,4581301,4487571,5395924,479444,568545,713263,1511392,1982282,1869111,2242356,625092,772267,986718,1941612,2599019,2618460,3153568
1237,EasternEurope,923,LATINAMERICAANDTHECARIBBEAN,904,11129,11743,12162,12498,12679,15579,23807,5719,6379,6926,7222,7431,9125,13291,5410,5364,5236,5276,5248,6454,10516
1238,Belarus,112,LATINAMERICAANDTHECARIBBEAN,904,188,234,278,268,257,268,258,100,106,112,108,104,106,104,88,128,166,160,153,162,154
1239,Bulgaria,100,LATINAMERICAANDTHECARIBBEAN,904,149,303,441,639,808,909,1238,102,183,258,360,454,483,667,47,120,183,279,354,426,571
1240,Czechia,203,LATINAMERICAANDTHECARIBBEAN,904,367,557,741,1376,1878,2795,5003,243,371,498,861,1163,1719,2976,124,186,243,515,715,1076,2027
1241,Hungary,348,LATINAMERICAANDTHECARIBBEAN,904,916,1530,2130,2624,3132,4150,5448,464,773,1082,1356,1647,2271,2829,452,757,1048,1268,1485,1879,2619
1242,Poland,616,LATINAMERICAANDTHECARIBBEAN,904,1476,1256,1079,1361,1700,1604,2124,863,734,617,835,1074,1034,1438,613,522,462,526,626,570,686
1243,RepublicofMoldova,498,LATINAMERICAANDTHECARIBBEAN,904,0,0,0,0,0,0,0,0,0,0,0,0,0,0,0,0,0,0,0,0,0
1244,Romania,642,LATINAMERICAANDTHECARIBBEAN,904,20,23,29,29,67,645,4340,7,11,13,15,29,325,1952,13,12,16,14,38,320,2388
1245,RussianFederation,643,LATINAMERICAANDTHECARIBBEAN,904,7952,7654,7093,5780,4366,4452,4419,3903,4089,4130,3440,2680,2722,2721,4049,3565,2963,2340,1686,1730,1698
1246,Slovakia,703,LATINAMERICAANDTHECARIBBEAN,904,61,186,371,421,471,756,977,37,112,216,247,280,465,604,24,74,155,174,191,291,373
1247,Ukraine,804,LATINAMERICAANDTHECARIBBEAN,904,0,0,0,0,0,0,0,0,0,0,0,0,0,0,0,0,0,0,0,0,0
1248,NorthernEurope,924,LATINAMERICAANDTHECARIBBEAN,904,290476,349688,410637,457405,493859,541580,589887,139919,163479,187224,207391,221520,234806,252972,150557,186209,223413,250014,272339,306774,336915
1249,ChannelIslands,830,LATINAMERICAANDTHECARIBBEAN,904,0,0,0,0,0,0,0,0,0,0,0,0,0,0,0,0,0,0,0,0,0
1250,Denmark,208,LATINAMERICAANDTHECARIBBEAN,904,5204,7313,9407,11909,13757,16071,20435,2456,3405,4356,5363,6092,7104,9116,2748,3908,5051,6546,7665,8967,11319
1251,Estonia,233,LATINAMERICAANDTHECARIBBEAN,904,0,0,0,0,204,327,737,0,0,0,0,117,204,476,0,0,0,0,87,123,261
1252,FaroeIslands,234,LATINAMERICAANDTHECARIBBEAN,904,28,45,50,63,59,56,86,16,27,28,38,33,24,34,12,18,22,25,26,32,52
1253,Finland,246,LATINAMERICAANDTHECARIBBEAN,904,969,1367,1745,3394,4497,5967,7978,505,724,937,1769,2305,3043,4090,464,643,808,1625,2192,2924,3888
1254,Iceland,352,LATINAMERICAANDTHECARIBBEAN,904,155,276,379,602,794,977,1440,71,126,175,255,324,395,610,84,150,204,347,470,582,830
1255,Ireland,372,LATINAMERICAANDTHECARIBBEAN,904,738,2337,5215,9323,11894,12150,13855,339,1033,2388,5200,6631,6710,7690,399,1304,2827,4123,5263,5440,6165
1256,IsleofMan,833,LATINAMERICAANDTHECARIBBEAN,904,0,0,0,0,0,0,0,0,0,0,0,0,0,0,0,0,0,0,0,0,0
1257,Latvia,428,LATINAMERICAANDTHECARIBBEAN,904,68,113,165,190,227,150,215,30,61,92,122,156,93,138,38,52,73,68,71,57,77
1258,Lithuania,440,LATINAMERICAANDTHECARIBBEAN,904,180,202,156,170,163,217,274,89,98,76,82,72,107,156,91,104,80,88,91,110,118
1259,Norway,578,LATINAMERICAANDTHECARIBBEAN,904,10146,11851,14136,17506,22563,27771,31040,5393,6163,7130,8464,10433,12638,13813,4753,5688,7006,9042,12130,15133,17227
1260,Sweden,752,LATINAMERICAANDTHECARIBBEAN,904,45932,54508,58472,64985,72827,76708,88690,23254,27389,29183,32197,35706,37090,43162,22678,27119,29289,32788,37121,39618,45528
1261,UnitedKingdom,826,LATINAMERICAANDTHECARIBBEAN,904,227056,271676,320912,349263,366874,401186,425137,107766,124453,142859,153901,159651,167398,173687,119290,147223,178053,195362,207223,233788,251450
1262,SouthernEurope,925,LATINAMERICAANDTHECARIBBEAN,904,365575,484471,718500,2214175,3208746,2997487,3688480,136874,184362,284542,973727,1403077,1255255,1543175,228701,300109,433958,1240448,1805669,1742232,2145305
1263,Albania,8,LATINAMERICAANDTHECARIBBEAN,904,0,0,0,0,0,0,0,0,0,0,0,0,0,0,0,0,0,0,0,0,0
1264,Andorra,20,LATINAMERICAANDTHECARIBBEAN,904,232,259,286,747,1171,998,1071,124,136,150,394,618,519,564,108,123,136,353,553,479,507
1265,BosniaandHerzegovina,70,LATINAMERICAANDTHECARIBBEAN,904,0,0,0,0,0,0,0,0,0,0,0,0,0,0,0,0,0,0,0,0,0
1266,Croatia,191,LATINAMERICAANDTHECARIBBEAN,904,440,466,441,608,772,776,717,148,159,153,225,299,300,278,292,307,288,383,473,476,439
1267,Gibraltar,292,LATINAMERICAANDTHECARIBBEAN,904,0,0,0,0,0,0,0,0,0,0,0,0,0,0,0,0,0,0,0,0,0
1268,Greece,300,LATINAMERICAANDTHECARIBBEAN,904,6497,6528,6671,7083,7741,7267,7384,3094,2650,2176,2282,2464,2121,2502,3403,3878,4495,4801,5277,5146,4882
1269,HolySee,336,LATINAMERICAANDTHECARIBBEAN,904,0,0,0,0,0,0,0,0,0,0,0,0,0,0,0,0,0,0,0,0,0
1270,Italy,380,LATINAMERICAANDTHECARIBBEAN,904,115725,154742,193745,404598,624150,599145,669633,30286,41708,53134,143023,236223,220149,252829,85439,113034,140611,261575,387927,378996,416804
1271,Malta,470,LATINAMERICAANDTHECARIBBEAN,904,51,62,75,94,119,202,431,20,24,30,37,57,104,239,31,38,45,57,62,98,192
1272,Montenegro,499,LATINAMERICAANDTHECARIBBEAN,904,0,0,0,0,0,0,0,0,0,0,0,0,0,0,0,0,0,0,0,0,0
1273,NorthMacedonia,807,LATINAMERICAANDTHECARIBBEAN,904,0,0,0,0,0,0,0,0,0,0,0,0,0,0,0,0,0,0,0,0,0
1274,Portugal,620,LATINAMERICAANDTHECARIBBEAN,904,39573,56076,74872,119667,144603,163927,188115,17847,26427,36193,54158,63275,66990,80283,21726,29649,38679,65509,81328,96937,107832
1275,SanMarino,674,LATINAMERICAANDTHECARIBBEAN,904,86,94,104,97,93,114,120,37,41,44,42,39,45,45,49,53,60,55,54,69,75
1276,Serbia,688,LATINAMERICAANDTHECARIBBEAN,904,24,186,271,288,284,275,270,11,79,109,114,111,109,110,13,107,162,174,173,166,160
1277,Slovenia,705,LATINAMERICAANDTHECARIBBEAN,904,122,188,256,490,937,1088,1347,69,96,132,232,390,462,568,53,92,124,258,547,626,779
1278,Spain,724,LATINAMERICAANDTHECARIBBEAN,904,202825,265870,441779,1680503,2428876,2223695,2819392,85238,113042,192421,773220,1099601,964456,1205757,117587,152828,249358,907283,1329275,1259239,1613635
1279,WesternEurope,926,LATINAMERICAANDTHECARIBBEAN,904,437356,494910,558682,768926,866017,932925,1093750,196932,214325,234571,323052,350254,369925,432918,240424,280585,324111,445874,515763,563000,660832
1280,Austria,40,LATINAMERICAANDTHECARIBBEAN,904,11510,12993,14457,16016,17783,20110,24691,4386,5080,5771,6166,6600,7502,9694,7124,7913,8686,9850,11183,12608,14997
1281,Belgium,56,LATINAMERICAANDTHECARIBBEAN,904,27703,28966,29398,31751,41077,53461,65244,12969,13148,13027,12828,16922,21875,26897,14734,15818,16371,18923,24155,31586,38347
1282,France,250,LATINAMERICAANDTHECARIBBEAN,904,117647,121463,125255,243815,266838,295726,325015,51699,52228,52752,108066,106778,113489,125177,65948,69235,72503,135749,160060,182237,199838
1283,Germany,276,LATINAMERICAANDTHECARIBBEAN,904,48804,66327,83840,138947,183776,188620,253125,22505,24832,27161,52078,72955,74214,97069,26299,41495,56679,86869,110821,114406,156056
1284,Liechtenstein,438,LATINAMERICAANDTHECARIBBEAN,904,36,51,68,169,352,428,474,11,16,22,54,117,137,137,25,35,46,115,235,291,337
1285,Luxembourg,442,LATINAMERICAANDTHECARIBBEAN,904,726,683,656,565,490,741,7895,254,241,228,222,216,332,3162,472,442,428,343,274,409,4733
1286,Monaco,492,LATINAMERICAANDTHECARIBBEAN,904,0,0,0,0,0,0,0,0,0,0,0,0,0,0,0,0,0,0,0,0,0
1287,Netherlands,528,LATINAMERICAANDTHECARIBBEAN,904,180420,199584,225562,243558,250833,254728,279072,85853,92489,102075,107795,109153,109402,120217,94567,107095,123487,135763,141680,145326,158855
1288,Switzerland,756,LATINAMERICAANDTHECARIBBEAN,904,50510,64843,79446,94105,104868,119111,138234,19255,26291,33535,35843,37513,42974,50565,31255,38552,45911,58262,67355,76137,87669
1289,LATINAMERICAANDTHECARIBBEAN,904,LATINAMERICAANDTHECARIBBEAN,904,3980808,3670383,3777576,4357513,5344184,6166726,11297173,1975515,1814401,1858809,2124686,2598130,3040982,5626827,2005293,1855982,1918767,2232827,2746054,3125744,5670346
1290,Caribbean,915,LATINAMERICAANDTHECARIBBEAN,904,519266,583063,647814,703367,771209,940613,1050647,282073,313549,345290,373914,406395,525103,579635,237193,269514,302524,329453,364814,415510,471012
1291,Anguilla,660,LATINAMERICAANDTHECARIBBEAN,904,1462,1883,2304,2653,2888,3093,3220,884,1123,1362,1573,1718,1843,1921,578,760,942,1080,1170,1250,1299
1292,AntiguaandBarbuda,28,LATINAMERICAANDTHECARIBBEAN,904,8525,13567,18591,19946,21283,22629,23670,4094,6103,8107,8687,9262,9840,10303,4431,7464,10484,11259,12021,12789,13367
1293,Aruba,533,LATINAMERICAANDTHECARIBBEAN,904,7783,14299,20810,23309,25360,26664,43017,2955,5855,8762,9683,10724,11250,18981,4828,8444,12048,13626,14636,15414,24036
1294,Bahamas,44,LATINAMERICAANDTHECARIBBEAN,904,17196,21975,26772,32270,37752,40903,43851,9169,11758,14375,16764,19155,20606,22082,8027,10217,12397,15506,18597,20297,21769
1295,Barbados,52,LATINAMERICAANDTHECARIBBEAN,904,13219,14429,15639,15274,14862,15607,15762,5051,5658,6266,6269,6250,6564,6636,8168,8771,9373,9005,8612,9043,9126
1296,BritishVirginIslands,92,LATINAMERICAANDTHECARIBBEAN,904,6197,7288,8373,9592,11969,13687,15523,3196,3669,4143,4746,5909,6709,7614,3001,3619,4230,4846,6060,6978,7909
1297,CaymanIslands,136,LATINAMERICAANDTHECARIBBEAN,904,5696,7916,12135,12724,14461,15769,17573,2633,3738,5770,6155,7102,7734,8662,3063,4178,6365,6569,7359,8035,8911
1298,Cuba,192,LATINAMERICAANDTHECARIBBEAN,904,7263,5508,3713,2489,1696,1176,843,3978,2909,1871,1185,763,510,352,3285,2599,1842,1304,933,666,491
1299,CuraÃao,531,LATINAMERICAANDTHECARIBBEAN,904,0,0,0,0,22235,24121,41994,0,0,0,0,7822,8527,16962,0,0,0,0,14413,15594,25032
1300,Dominica,212,LATINAMERICAANDTHECARIBBEAN,904,1425,1872,2233,2739,5051,4762,4868,720,945,1140,1395,2555,2416,2470,705,927,1093,1344,2496,2346,2398
1301,DominicanRepublic,214,LATINAMERICAANDTHECARIBBEAN,904,240113,266701,293268,316865,340706,499069,551470,150790,165080,179362,193953,208683,323368,351197,89323,101621,113906,122912,132023,175701,200273
1302,Grenada,308,LATINAMERICAANDTHECARIBBEAN,904,2708,3425,4150,4342,4546,4596,4680,1338,1652,1966,2066,2166,2190,2047,1370,1773,2184,2276,2380,2406,2633
1303,Guadeloupe,312,LATINAMERICAANDTHECARIBBEAN,904,27930,26677,25418,28104,30787,29493,29195,13784,12713,11643,12610,13577,12263,11989,14146,13964,13775,15494,17210,17230,17206
1304,Haiti,332,LATINAMERICAANDTHECARIBBEAN,904,10509,9977,9471,8992,9438,9903,10363,5505,5229,4967,4717,4953,5200,5443,5004,4748,4504,4275,4485,4703,4920
1305,Jamaica,388,LATINAMERICAANDTHECARIBBEAN,904,6231,7068,7894,7694,7487,7325,7446,2968,3386,3801,3727,3655,3577,3647,3263,3682,4093,3967,3832,3748,3799
1306,Martinique,474,LATINAMERICAANDTHECARIBBEAN,904,6742,8536,10334,10814,11297,13114,13006,2776,3559,4341,4388,4434,4914,4876,3966,4977,5993,6426,6863,8200,8130
1307,Montserrat,500,LATINAMERICAANDTHECARIBBEAN,904,1267,1014,766,788,811,852,878,652,523,395,405,416,437,447,615,491,371,383,395,415,431
1308,PuertoRico,630,LATINAMERICAANDTHECARIBBEAN,904,75663,88676,101927,105859,96503,89131,73810,34788,41534,48371,50129,45236,41582,34302,40875,47142,53556,55730,51267,47549,39508
1309,SaintBarthelemy,652,LATINAMERICAANDTHECARIBBEAN,904,0,0,0,0,0,0,0,0,0,0,0,0,0,0,0,0,0,0,0,0,0
1310,SaintKittsandNevis,659,LATINAMERICAANDTHECARIBBEAN,904,1521,2014,2784,3165,3431,3521,3632,752,1009,1417,1614,1753,1807,1872,769,1005,1367,1551,1678,1714,1760
1311,SaintLucia,662,LATINAMERICAANDTHECARIBBEAN,904,2566,3410,4745,5415,5657,5410,5180,1183,1579,2216,2501,2599,2484,2387,1383,1831,2529,2914,3058,2926,2793
1312,SaintMartinFrenchpart,663,LATINAMERICAANDTHECARIBBEAN,904,0,0,0,0,0,0,0,0,0,0,0,0,0,0,0,0,0,0,0,0,0
1313,SaintVincentandtheGrenadines,670,LATINAMERICAANDTHECARIBBEAN,904,2602,2704,2816,2899,2981,3027,3081,1227,1275,1332,1397,1465,1492,1542,1375,1429,1484,1502,1516,1535,1539
1314,SintMaartenDutchpart,534,LATINAMERICAANDTHECARIBBEAN,904,0,0,0,10722,21457,22355,23602,0,0,0,4891,9783,10176,10749,0,0,0,5831,11674,12179,12853
1315,TrinidadandTobago,780,LATINAMERICAANDTHECARIBBEAN,904,39263,35646,29596,31769,28515,29756,57212,17938,16238,13124,14046,12860,13753,26215,21325,19408,16472,17723,15655,16003,30997
1316,TurksandCaicosIslands,796,LATINAMERICAANDTHECARIBBEAN,904,3619,4736,6278,6720,11361,15957,18083,1874,2440,3202,3401,5685,7986,9054,1745,2296,3076,3319,5676,7971,9029
1317,UnitedStatesVirginIslands,850,LATINAMERICAANDTHECARIBBEAN,904,29766,33742,37797,38223,38675,38693,38688,13818,15574,17357,17612,17870,17875,17885,15948,18168,20440,20611,20805,20818,20803
1318,CentralAmerica,916,LATINAMERICAANDTHECARIBBEAN,904,1277036,715741,568796,644805,780384,859613,1194276,621542,347538,278346,310893,371078,407403,584948,655494,368203,290450,333912,409306,452210,609328
1319,Belize,84,LATINAMERICAANDTHECARIBBEAN,904,25610,28354,31105,34674,38249,45105,51185,13708,14687,15667,17360,19143,22439,25465,11902,13667,15438,17314,19106,22666,25720
1320,CostaRica,188,LATINAMERICAANDTHECARIBBEAN,904,188664,186300,277092,302783,362052,367287,467472,94694,94687,138270,148136,172311,173643,233659,93970,91613,138822,154647,189741,193644,233813
1321,ElSalvador,222,LATINAMERICAANDTHECARIBBEAN,904,35267,30063,24843,28770,32682,34078,34642,15857,13594,11331,13250,15167,15838,16108,19410,16469,13512,15520,17515,18240,18534
1322,Guatemala,320,LATINAMERICAANDTHECARIBBEAN,904,254336,146214,38086,45332,52566,57644,65049,108958,62499,16043,19486,22930,25825,28858,145378,83715,22043,25846,29636,31819,36191
1323,Honduras,340,LATINAMERICAANDTHECARIBBEAN,904,265351,143161,20983,20558,20121,28254,28887,134527,72442,10358,10268,10184,14340,14668,130824,70719,10625,10290,9937,13914,14219
1324,Mexico,484,LATINAMERICAANDTHECARIBBEAN,904,434318,115473,98457,112102,138722,170752,272836,217613,57606,49240,54511,66187,80497,126844,216705,57867,49217,57591,72535,90255,145992
1325,Nicaragua,558,LATINAMERICAANDTHECARIBBEAN,904,33493,20299,23559,27358,29285,31571,33113,16737,10106,11814,13762,14822,16064,16808,16756,10193,11745,13596,14463,15507,16305
1326,Panama,591,LATINAMERICAANDTHECARIBBEAN,904,39997,45877,54671,73228,106707,124922,241092,19448,21917,25623,34120,50334,58757,122538,20549,23960,29048,39108,56373,66165,118554
1327,SouthAmerica,931,LATINAMERICAANDTHECARIBBEAN,904,2184506,2371579,2560966,3009341,3792591,4366500,9052250,1071900,1153314,1235173,1439879,1820657,2108476,4462244,1112606,1218265,1325793,1569462,1971934,2258024,4590006
1328,Argentina,32,LATINAMERICAANDTHECARIBBEAN,904,827225,911628,996044,1233589,1470808,1702952,1894713,403007,434669,466356,573311,680209,787263,887174,424218,476959,529688,660278,790599,915689,1007539
1329,BoliviaPlurinationalStateof,68,LATINAMERICAANDTHECARIBBEAN,904,57519,66521,74975,83611,92278,107454,124518,29072,33857,38341,43235,48159,56064,64972,28447,32664,36634,40376,44119,51390,59546
1330,Brazil,76,LATINAMERICAANDTHECARIBBEAN,904,127292,135944,144582,164290,182083,214621,523386,68920,73783,78645,88501,97171,113631,270124,58372,62161,65937,75789,84912,100990,253262
1331,Chile,152,LATINAMERICAANDTHECARIBBEAN,904,60881,92442,123934,198465,272913,484543,1526171,29832,43093,56663,90006,123334,233770,767500,31049,49349,67271,108459,149579,250773,758671
1332,Colombia,170,LATINAMERICAANDTHECARIBBEAN,904,61984,64933,67874,67164,83348,103221,1838774,30191,31915,33636,33592,42345,53291,915460,31793,33018,34238,33572,41003,49930,923314
1333,Ecuador,218,LATINAMERICAANDTHECARIBBEAN,904,57476,75892,94298,121470,266268,249547,640387,27360,36945,46529,60080,135207,127059,322434,30116,38947,47769,61390,131061,122488,317953
1334,FalklandIslandsMalvinas,238,LATINAMERICAANDTHECARIBBEAN,904,70,78,104,186,205,224,276,36,46,63,108,115,124,155,34,32,41,78,90,100,121
1335,FrenchGuiana,254,LATINAMERICAANDTHECARIBBEAN,904,42473,45606,48736,58918,69096,75737,85121,22685,23391,24100,28245,32391,36668,41211,19788,22215,24636,30673,36705,39069,43910
1336,Guyana,328,LATINAMERICAANDTHECARIBBEAN,904,2903,4392,5876,7690,5914,6255,28648,1545,2325,3109,4096,3279,3472,13109,1358,2067,2767,3594,2635,2783,15539
1337,Paraguay,600,LATINAMERICAANDTHECARIBBEAN,904,171423,164119,156250,148847,141816,138419,150011,89570,85637,80936,77109,73324,71486,77649,81853,78482,75314,71738,68492,66933,72362
1338,Peru,604,LATINAMERICAANDTHECARIBBEAN,904,29635,29668,34681,40763,53550,75113,1072890,13948,13786,16144,19165,26901,40703,545595,15687,15882,18537,21598,26649,34410,527295
1339,Suriname,740,LATINAMERICAANDTHECARIBBEAN,904,7214,8911,11006,13469,15890,17255,19123,3893,4824,5959,7337,8666,9421,10513,3321,4087,5047,6132,7224,7834,8610
1340,Uruguay,858,LATINAMERICAANDTHECARIBBEAN,904,29589,33162,37178,42599,42172,43551,66194,15686,15909,16009,18362,17992,18572,30030,13903,17253,21169,24237,24180,24979,36164
1341,VenezuelaBolivarianRepublicof,862,LATINAMERICAANDTHECARIBBEAN,904,708822,738283,765428,828280,1096250,1147608,1082038,336155,353134,368683,396732,531564,556952,516318,372667,385149,396745,431548,564686,590656,565720
1342,NORTHERNAMERICA,905,LATINAMERICAANDTHECARIBBEAN,904,9976169,14269456,18644817,21019256,24134573,24980329,25535633,4985446,7155663,9371280,10617607,12001091,12384729,12498762,4990723,7113793,9273537,10401649,12133482,12595600,13036871
1343,Bermuda,60,LATINAMERICAANDTHECARIBBEAN,904,1607,1798,2429,2197,1923,2009,2233,893,963,1228,1039,923,912,1032,714,835,1201,1158,1000,1097,1201
1344,Canada,124,LATINAMERICAANDTHECARIBBEAN,904,431927,518216,616828,698330,837135,870486,943145,210277,250907,297563,326428,382403,394737,427719,221650,267309,319265,371902,454732,475749,515426
1345,Greenland,304,LATINAMERICAANDTHECARIBBEAN,904,0,0,0,0,0,0,0,0,0,0,0,0,0,0,0,0,0,0,0,0,0
1346,SaintPierreandMiquelon,666,LATINAMERICAANDTHECARIBBEAN,904,0,0,0,0,0,0,0,0,0,0,0,0,0,0,0,0,0,0,0,0,0
1347,UnitedStatesofAmerica,840,LATINAMERICAANDTHECARIBBEAN,904,9542635,13749442,18025560,20318729,23295515,24107834,24590255,4774276,6903793,9072489,10290140,11617765,11989080,12070011,4768359,6845649,8953071,10028589,11677750,12118754,12520244
1348,OCEANIA,909,LATINAMERICAANDTHECARIBBEAN,904,83101,87912,89230,102885,132154,164648,214569,40786,42709,43009,49425,63800,79593,103380,42315,45203,46221,53460,68354,85055,111189
1349,Australia,36,LATINAMERICAANDTHECARIBBEAN,904,79786,83875,85669,95169,120449,150589,189995,39167,40763,41272,45666,58081,72737,91428,40619,43112,44397,49503,62368,77852,98567
1350,NewZealand,554,LATINAMERICAANDTHECARIBBEAN,904,2198,2710,1955,4243,6772,9198,19480,1064,1276,952,2061,3282,4449,9425,1134,1434,1003,2182,3490,4749,10055
1351,Melanesia,928,LATINAMERICAANDTHECARIBBEAN,904,0,0,0,0,0,0,0,0,0,0,0,0,0,0,0,0,0,0,0,0,0
1352,Fiji,242,LATINAMERICAANDTHECARIBBEAN,904,0,0,0,0,0,0,0,0,0,0,0,0,0,0,0,0,0,0,0,0,0
1353,NewCaledonia,540,LATINAMERICAANDTHECARIBBEAN,904,0,0,0,0,0,0,0,0,0,0,0,0,0,0,0,0,0,0,0,0,0
1354,PapuaNewGuinea,598,LATINAMERICAANDTHECARIBBEAN,904,0,0,0,0,0,0,0,0,0,0,0,0,0,0,0,0,0,0,0,0,0
1355,SolomonIslands,90,LATINAMERICAANDTHECARIBBEAN,904,0,0,0,0,0,0,0,0,0,0,0,0,0,0,0,0,0,0,0,0,0
1356,Vanuatu,548,LATINAMERICAANDTHECARIBBEAN,904,0,0,0,0,0,0,0,0,0,0,0,0,0,0,0,0,0,0,0,0,0
1357,Micronesia,954,LATINAMERICAANDTHECARIBBEAN,904,1117,1327,1606,3473,4933,4861,5094,555,670,785,1698,2437,2407,2527,562,657,821,1775,2496,2454,2567
1358,Guam,316,LATINAMERICAANDTHECARIBBEAN,904,194,194,193,2054,3915,3950,4176,111,102,92,1056,2021,2038,2155,83,92,101,998,1894,1912,2021
1359,Kiribati,296,LATINAMERICAANDTHECARIBBEAN,904,0,0,0,0,0,0,0,0,0,0,0,0,0,0,0,0,0,0,0,0,0
1360,MarshallIslands,584,LATINAMERICAANDTHECARIBBEAN,904,0,0,0,0,0,0,0,0,0,0,0,0,0,0,0,0,0,0,0,0,0
1361,MicronesiaFedStatesof,583,LATINAMERICAANDTHECARIBBEAN,904,0,0,0,0,0,0,0,0,0,0,0,0,0,0,0,0,0,0,0,0,0
1362,Nauru,520,LATINAMERICAANDTHECARIBBEAN,904,0,0,0,0,0,0,0,0,0,0,0,0,0,0,0,0,0,0,0,0,0
1363,NorthernMarianaIslands,580,LATINAMERICAANDTHECARIBBEAN,904,923,1133,1413,1419,1018,911,918,444,568,693,642,416,369,372,479,565,720,777,602,542,546
1364,Palau,585,LATINAMERICAANDTHECARIBBEAN,904,0,0,0,0,0,0,0,0,0,0,0,0,0,0,0,0,0,0,0,0,0
1365,Polynesia,957,LATINAMERICAANDTHECARIBBEAN,904,0,0,0,0,0,0,0,0,0,0,0,0,0,0,0,0,0,0,0,0,0
1366,AmericanSamoa,16,LATINAMERICAANDTHECARIBBEAN,904,0,0,0,0,0,0,0,0,0,0,0,0,0,0,0,0,0,0,0,0,0
1367,CookIslands,184,LATINAMERICAANDTHECARIBBEAN,904,0,0,0,0,0,0,0,0,0,0,0,0,0,0,0,0,0,0,0,0,0
1368,FrenchPolynesia,258,LATINAMERICAANDTHECARIBBEAN,904,0,0,0,0,0,0,0,0,0,0,0,0,0,0,0,0,0,0,0,0,0
1369,Niue,570,LATINAMERICAANDTHECARIBBEAN,904,0,0,0,0,0,0,0,0,0,0,0,0,0,0,0,0,0,0,0,0,0
1370,Samoa,882,LATINAMERICAANDTHECARIBBEAN,904,0,0,0,0,0,0,0,0,0,0,0,0,0,0,0,0,0,0,0,0,0
1371,Tokelau,772,LATINAMERICAANDTHECARIBBEAN,904,0,0,0,0,0,0,0,0,0,0,0,0,0,0,0,0,0,0,0,0,0
1372,Tonga,776,LATINAMERICAANDTHECARIBBEAN,904,0,0,0,0,0,0,0,0,0,0,0,0,0,0,0,0,0,0,0,0,0
1373,Tuvalu,798,LATINAMERICAANDTHECARIBBEAN,904,0,0,0,0,0,0,0,0,0,0,0,0,0,0,0,0,0,0,0,0,0
1374,WallisandFutunaIslands,876,LATINAMERICAANDTHECARIBBEAN,904,0,0,0,0,0,0,0,0,0,0,0,0,0,0,0,0,0,0,0,0,0
1375,SubSaharanAfrica,947,NORTHERNAMERICA,905,25116,22629,23334,26611,26102,26635,29574,11987,11252,11640,13263,13312,13872,15872,13129,11377,11694,13348,12790,12763,13702
1376,NorthernAfricaandWesternAsia,1833,NORTHERNAMERICA,905,118347,121517,123294,134756,159595,160609,172539,62045,63012,64017,70777,85273,85045,91728,56302,58505,59277,63979,74322,75564,80811
1377,CentralandSouthernAsia,921,NORTHERNAMERICA,905,41312,39495,37715,65004,87507,87188,83746,21437,20805,20147,36612,46067,45626,33134,19875,18690,17568,28392,41440,41562,50612
1378,EasternandSouthEasternAsia,1832,NORTHERNAMERICA,905,112535,141220,179889,201185,241401,269427,305903,61444,75779,94724,114146,137492,159801,182091,51091,65441,85165,87039,103909,109626,123812
1379,LatinAmericaandtheCaribbean,1830,NORTHERNAMERICA,905,602762,688958,796397,967044,1198308,1182133,1293053,296712,341196,397354,486478,608846,594523,662046,306050,347762,399043,480566,589462,587610,631007
1380,OceaniaexcludingAustraliaandNewZealand,1835,NORTHERNAMERICA,905,36368,32723,28579,27687,26210,26182,27270,22121,19548,16660,15451,13935,13928,14487,14247,13175,11919,12236,12275,12254,12783
1381,AustraliaandNewZealand,927,NORTHERNAMERICA,905,96249,102089,110887,132785,159524,190070,227049,49331,52494,55562,65908,78524,94694,110092,46918,49595,55325,66877,81000,95376,116957
1382,EuropeandNorthernAmerica,1829,NORTHERNAMERICA,905,1769446,1797530,1849824,1957034,2071156,2072405,2188824,740559,748498,768347,818971,845350,852890,912037,1028887,1049032,1081477,1138063,1225806,1219515,1276787
1383,Developedregions,901,NORTHERNAMERICA,905,1908980,1950736,2015659,2147035,2291342,2324284,2485082,811941,825528,849294,910941,951157,975153,1053000,1097039,1125208,1166365,1236094,1340185,1349131,1432082
1384,Lessdevelopedregions,902,NORTHERNAMERICA,905,893155,995425,1134260,1365071,1678461,1690365,1842876,453695,507056,579157,710665,877642,885226,968487,439460,488369,555103,654406,800819,805139,874389
1385,Leastdevelopedcountries,941,NORTHERNAMERICA,905,40192,42475,44812,49245,54676,57307,56762,21515,22833,24091,26893,29778,31118,20472,18677,19642,20721,22352,24898,26189,36290
1386,LandlockedDevelopingCountriesLLDC,1636,NORTHERNAMERICA,905,11782,12496,13950,15215,16148,17283,19110,6125,6848,7891,8392,8970,9437,10465,5657,5648,6059,6823,7178,7846,8645
1387,SmallislanddevelopingStatesSIDS,1637,NORTHERNAMERICA,905,331961,337195,344436,349892,330536,305238,305653,165877,167094,168827,171075,161020,148558,149431,166084,170101,175609,178817,169516,156680,156222
1388,Highincomecountries,1503,NORTHERNAMERICA,905,2289490,2355943,2452752,2607445,2760852,2804783,2992298,1004009,1028359,1067776,1148021,1197091,1234618,1330302,1285481,1327584,1384976,1459424,1563761,1570165,1661996
1389,Middleincomecountries,1517,NORTHERNAMERICA,905,501565,578704,684860,893780,1198462,1199222,1324959,256003,298283,354330,467629,626036,620066,685404,245562,280421,330530,426151,572426,579156,639555
1390,Uppermiddleincomecountries,1502,NORTHERNAMERICA,905,391109,467524,564501,750024,1019674,1016530,1138072,197310,238444,290880,389185,532179,524318,598095,193799,229080,273621,360839,487495,492212,539977
1391,Lowermiddleincomecountries,1501,NORTHERNAMERICA,905,110456,111180,120359,143756,178788,182692,186887,58693,59839,63450,78444,93857,95748,87309,51763,51341,56909,65312,84931,86944,99578
1392,Lowincomecountries,1500,NORTHERNAMERICA,905,9894,10139,10766,9131,8596,8758,8811,5133,5364,5695,5212,4880,4932,5020,4761,4775,5071,3919,3716,3826,3791
1393,AFRICA,903,NORTHERNAMERICA,905,58134,47102,40167,45155,46499,47055,53563,29684,24540,21155,24641,25719,26709,30657,28450,22562,19012,20514,20780,20346,22906
1394,EasternAfrica,910,NORTHERNAMERICA,905,2334,2517,3144,3475,3835,3780,3935,1250,1361,1701,1882,2071,1969,2061,1084,1156,1443,1593,1764,1811,1874
1395,Burundi,108,NORTHERNAMERICA,905,0,0,0,0,0,0,0,0,0,0,0,0,0,0,0,0,0,0,0,0,0
1396,Comoros,174,NORTHERNAMERICA,905,0,0,0,0,0,0,0,0,0,0,0,0,0,0,0,0,0,0,0,0,0
1397,Djibouti,262,NORTHERNAMERICA,905,0,0,0,0,0,0,0,0,0,0,0,0,0,0,0,0,0,0,0,0,0
1398,Eritrea,232,NORTHERNAMERICA,905,0,0,0,0,0,0,0,0,0,0,0,0,0,0,0,0,0,0,0,0,0
1399,Ethiopia,231,NORTHERNAMERICA,905,0,0,0,0,0,0,0,0,0,0,0,0,0,0,0,0,0,0,0,0,0
1400,Kenya,404,NORTHERNAMERICA,905,0,0,0,0,0,0,0,0,0,0,0,0,0,0,0,0,0,0,0,0,0
1401,Madagascar,450,NORTHERNAMERICA,905,0,0,0,0,0,0,0,0,0,0,0,0,0,0,0,0,0,0,0,0,0
1402,Malawi,454,NORTHERNAMERICA,905,0,0,0,0,0,0,0,0,0,0,0,0,0,0,0,0,0,0,0,0,0
1403,Mauritius,480,NORTHERNAMERICA,905,73,57,75,72,75,85,83,29,27,35,35,37,44,44,44,30,40,37,38,41,39
1404,Mayotte,175,NORTHERNAMERICA,905,0,0,0,0,0,0,0,0,0,0,0,0,0,0,0,0,0,0,0,0,0
1405,Mozambique,508,NORTHERNAMERICA,905,0,0,0,0,0,0,0,0,0,0,0,0,0,0,0,0,0,0,0,0,0
1406,Reunion,638,NORTHERNAMERICA,905,0,0,0,0,0,0,0,0,0,0,0,0,0,0,0,0,0,0,0,0,0
1407,Rwanda,646,NORTHERNAMERICA,905,0,0,0,0,0,0,0,0,0,0,0,0,0,0,0,0,0,0,0,0,0
1408,Seychelles,690,NORTHERNAMERICA,905,0,0,0,0,0,0,0,0,0,0,0,0,0,0,0,0,0,0,0,0,0
1409,Somalia,706,NORTHERNAMERICA,905,0,0,0,0,0,0,0,0,0,0,0,0,0,0,0,0,0,0,0,0,0
1410,SouthSudan,728,NORTHERNAMERICA,905,0,0,0,0,0,0,0,0,0,0,0,0,0,0,0,0,0,0,0,0,0
1411,Uganda,800,NORTHERNAMERICA,905,583,551,1121,1085,1095,1098,1027,304,279,589,562,563,559,517,279,272,532,523,532,539,510
1412,UnitedRepublicofTanzania,834,NORTHERNAMERICA,905,992,1261,1329,1479,1516,1585,1410,571,726,761,854,875,842,746,421,535,568,625,641,743,664
1413,Zambia,894,NORTHERNAMERICA,905,686,648,619,839,1149,1012,1415,346,329,316,431,596,524,754,340,319,303,408,553,488,661
1414,Zimbabwe,716,NORTHERNAMERICA,905,0,0,0,0,0,0,0,0,0,0,0,0,0,0,0,0,0,0,0,0,0
1415,MiddleAfrica,911,NORTHERNAMERICA,905,805,1246,1629,2398,2325,2665,2938,591,892,1145,1478,1467,1610,1762,214,354,484,920,858,1055,1176
1416,Angola,24,NORTHERNAMERICA,905,0,0,0,0,0,0,0,0,0,0,0,0,0,0,0,0,0,0,0,0,0
1417,Cameroon,120,NORTHERNAMERICA,905,0,0,0,1002,798,997,1159,0,0,0,509,423,466,544,0,0,0,493,375,531,615
1418,CentralAfricanRepublic,140,NORTHERNAMERICA,905,495,840,1112,869,853,734,774,421,671,863,674,661,569,599,74,169,249,195,192,165,175
1419,Chad,148,NORTHERNAMERICA,905,0,0,0,0,0,0,0,0,0,0,0,0,0,0,0,0,0,0,0,0,0
1420,Congo,178,NORTHERNAMERICA,905,51,59,83,53,125,166,164,30,33,46,35,77,99,98,21,26,37,18,48,67,66
1421,DemocraticRepublicoftheCongo,180,NORTHERNAMERICA,905,0,0,0,0,0,0,0,0,0,0,0,0,0,0,0,0,0,0,0,0,0
1422,EquatorialGuinea,226,NORTHERNAMERICA,905,0,0,0,0,0,0,0,0,0,0,0,0,0,0,0,0,0,0,0,0,0
1423,Gabon,266,NORTHERNAMERICA,905,259,347,434,474,549,768,841,140,188,236,260,306,476,521,119,159,198,214,243,292,320
1424,SaoTomeandPrincipe,678,NORTHERNAMERICA,905,0,0,0,0,0,0,0,0,0,0,0,0,0,0,0,0,0,0,0,0,0
1425,NorthernAfrica,912,NORTHERNAMERICA,905,33018,24473,16833,18544,20397,20420,23989,17697,13288,9515,11378,12407,12837,14785,15321,11185,7318,7166,7990,7583,9204
1426,Algeria,12,NORTHERNAMERICA,905,4509,2802,1094,865,950,1032,1072,2471,1504,536,424,445,483,502,2038,1298,558,441,505,549,570
1427,Egypt,818,NORTHERNAMERICA,905,7010,5718,4880,5809,6249,4294,6711,3734,3012,2530,3184,3319,2559,3644,3276,2706,2350,2625,2930,1735,3067
1428,Libya,434,NORTHERNAMERICA,905,20013,14572,9372,10330,11336,12692,13591,10714,8055,5682,6988,7699,8580,9286,9299,6517,3690,3342,3637,4112,4305
1429,Morocco,504,NORTHERNAMERICA,905,1250,1147,1208,1281,1392,1795,1971,661,599,621,649,702,901,1016,589,548,587,632,690,894,955
1430,Sudan,729,NORTHERNAMERICA,905,0,0,0,0,0,0,0,0,0,0,0,0,0,0,0,0,0,0,0,0,0
1431,Tunisia,788,NORTHERNAMERICA,905,236,234,279,259,470,607,644,117,118,146,133,242,314,337,119,116,133,126,228,293,307
1432,WesternSahara,732,NORTHERNAMERICA,905,0,0,0,0,0,0,0,0,0,0,0,0,0,0,0,0,0,0,0,0,0
1433,SouthernAfrica,913,NORTHERNAMERICA,905,15132,11820,11536,14797,14926,14834,17196,6809,5510,5407,6635,7046,7396,9027,8323,6310,6129,8162,7880,7438,8169
1434,Botswana,72,NORTHERNAMERICA,905,715,417,161,717,954,1035,1105,383,218,74,303,421,457,492,332,199,87,414,533,578,613
1435,Eswatini,748,NORTHERNAMERICA,905,285,116,158,205,247,275,276,129,60,80,93,102,109,110,156,56,78,112,145,166,166
1436,Lesotho,426,NORTHERNAMERICA,905,95,91,85,86,87,124,163,49,47,44,45,46,67,87,46,44,41,41,41,57,76
1437,Namibia,516,NORTHERNAMERICA,905,1832,1751,1627,1286,1238,1211,1294,770,743,693,544,526,517,555,1062,1008,934,742,712,694,739
1438,SouthAfrica,710,NORTHERNAMERICA,905,12205,9445,9505,12503,12400,12189,14358,5478,4442,4516,5650,5951,6246,7783,6727,5003,4989,6853,6449,5943,6575
1439,WesternAfrica,914,NORTHERNAMERICA,905,6845,7046,7025,5941,5016,5356,5505,3337,3489,3387,3268,2728,2897,3022,3508,3557,3638,2673,2288,2459,2483
1440,Benin,204,NORTHERNAMERICA,905,0,0,0,0,0,0,0,0,0,0,0,0,0,0,0,0,0,0,0,0,0
1441,BurkinaFaso,854,NORTHERNAMERICA,905,0,0,0,0,0,0,0,0,0,0,0,0,0,0,0,0,0,0,0,0,0
1442,CaboVerde,132,NORTHERNAMERICA,905,188,232,275,307,338,351,370,97,123,148,158,168,174,184,91,109,127,149,170,177,186
1443,CotedIvoire,384,NORTHERNAMERICA,905,0,0,0,0,0,0,0,0,0,0,0,0,0,0,0,0,0,0,0,0,0
1444,Gambia,270,NORTHERNAMERICA,905,0,0,0,0,0,0,0,0,0,0,0,0,0,0,0,0,0,0,0,0,0
1445,Ghana,288,NORTHERNAMERICA,905,584,582,651,916,738,908,1039,262,291,296,446,345,426,488,322,291,355,470,393,482,551
1446,Guinea,324,NORTHERNAMERICA,905,849,978,928,717,588,347,330,434,553,517,444,362,212,204,415,425,411,273,226,135,126
1447,GuineaBissau,624,NORTHERNAMERICA,905,237,305,371,359,347,368,267,96,127,158,152,147,154,116,141,178,213,207,200,214,151
1448,Liberia,430,NORTHERNAMERICA,905,3206,3132,3075,1343,500,573,441,1548,1477,1405,841,260,296,233,1658,1655,1670,502,240,277,208
1449,Mali,466,NORTHERNAMERICA,905,233,242,223,911,1156,1421,1666,127,132,122,486,727,893,1049,106,110,101,425,429,528,617
1450,Mauritania,478,NORTHERNAMERICA,905,145,154,158,160,111,158,169,73,85,95,98,72,102,111,72,69,63,62,39,56,58
1451,Niger,562,NORTHERNAMERICA,905,0,0,0,0,0,0,0,0,0,0,0,0,0,0,0,0,0,0,0,0,0
1452,Nigeria,566,NORTHERNAMERICA,905,0,0,0,0,0,0,0,0,0,0,0,0,0,0,0,0,0,0,0,0,0
1453,SaintHelena,654,NORTHERNAMERICA,905,0,0,0,0,0,0,0,0,0,0,0,0,0,0,0,0,0,0,0,0,0
1454,Senegal,686,NORTHERNAMERICA,905,662,692,626,672,752,802,826,322,335,291,322,375,400,411,340,357,335,350,377,402,415
1455,SierraLeone,694,NORTHERNAMERICA,905,544,530,516,351,262,198,168,271,257,243,206,158,122,107,273,273,273,145,104,76,61
1456,Togo,768,NORTHERNAMERICA,905,197,199,202,205,224,230,229,107,109,112,115,114,118,119,90,90,90,90,110,112,110
1457,ASIA,935,NORTHERNAMERICA,905,239176,277759,324065,382401,468106,496804,538199,127229,146308,169373,210157,256425,277635,292168,111947,131451,154692,172244,211681,219169,246031
1458,CentralAsia,5500,NORTHERNAMERICA,905,494,400,345,331,329,323,320,219,206,183,176,176,173,173,275,194,162,155,153,150,147
1459,Kazakhstan,398,NORTHERNAMERICA,905,0,0,0,0,0,0,0,0,0,0,0,0,0,0,0,0,0,0,0,0,0
1460,Kyrgyzstan,417,NORTHERNAMERICA,905,0,0,0,0,0,0,0,0,0,0,0,0,0,0,0,0,0,0,0,0,0
1461,Tajikistan,762,NORTHERNAMERICA,905,494,400,345,331,329,323,320,219,206,183,176,176,173,173,275,194,162,155,153,150,147
1462,Turkmenistan,795,NORTHERNAMERICA,905,0,0,0,0,0,0,0,0,0,0,0,0,0,0,0,0,0,0,0,0,0
1463,Uzbekistan,860,NORTHERNAMERICA,905,0,0,0,0,0,0,0,0,0,0,0,0,0,0,0,0,0,0,0,0,0
1464,EasternAsia,906,NORTHERNAMERICA,905,77856,101038,125708,143583,161141,183412,215678,41629,52385,65015,82170,94181,113170,133145,36227,48653,60693,61413,66960,70242,82533
1465,China,156,NORTHERNAMERICA,905,5238,8329,11205,16199,20462,25239,27453,3065,4824,6456,10044,13441,16974,18466,2173,3505,4749,6155,7021,8265,8987
1466,DemPeoplesRepublicofKorea,408,NORTHERNAMERICA,905,821,840,858,1047,1235,1359,1386,442,447,452,558,665,736,752,379,393,406,489,570,623,634
1467,Japan,392,NORTHERNAMERICA,905,43285,51117,54948,57216,60662,61809,69209,22051,24536,25385,26062,27283,27569,30871,21234,26581,29563,31154,33379,34240,38338
1468,Mongolia,496,NORTHERNAMERICA,905,273,300,333,521,771,953,1020,149,172,197,306,472,482,519,124,128,136,215,299,471,501
1469,RepublicofKorea,410,NORTHERNAMERICA,905,12226,17910,29295,40433,50678,66119,87485,6993,9814,16270,29551,37239,52385,67329,5233,8096,13025,10882,13439,13734,20156
1470,SouthEasternAsia,920,NORTHERNAMERICA,905,34679,40182,54181,57602,80260,86015,90225,19815,23394,29709,31976,43311,46631,48946,14864,16788,24472,25626,36949,39384,41279
1471,BruneiDarussalam,96,NORTHERNAMERICA,905,113,129,144,147,150,153,165,80,91,102,104,106,108,118,33,38,42,43,44,45,47
1472,Cambodia,116,NORTHERNAMERICA,905,111,292,471,367,263,237,251,62,162,262,208,154,141,151,49,130,209,159,109,96,100
1473,Indonesia,360,NORTHERNAMERICA,905,9031,5975,2919,7637,12847,14221,14950,4431,3011,1591,4437,7221,8129,8535,4600,2964,1328,3200,5626,6092,6415
1474,LaoPeoplesDemocraticRepublic,418,NORTHERNAMERICA,905,0,0,0,0,0,0,0,0,0,0,0,0,0,0,0,0,0,0,0,0,0
1475,Malaysia,458,NORTHERNAMERICA,905,0,0,0,0,0,0,0,0,0,0,0,0,0,0,0,0,0,0,0,0,0
1476,Myanmar,104,NORTHERNAMERICA,905,0,0,0,0,0,0,0,0,0,0,0,0,0,0,0,0,0,0,0,0,0
1477,Philippines,608,NORTHERNAMERICA,905,18374,24727,37849,30634,40495,41129,43779,11011,14622,19928,16357,20995,21354,22778,7363,10105,17921,14277,19500,19775,21001
1478,Singapore,702,NORTHERNAMERICA,905,4140,4765,5854,11679,18158,20830,21166,2276,2607,3153,6103,9407,10783,10945,1864,2158,2701,5576,8751,10047,10221
1479,Thailand,764,NORTHERNAMERICA,905,2557,3568,5318,4712,4445,4768,4990,1757,2488,3707,3286,3128,3351,3506,800,1080,1611,1426,1317,1417,1484
1480,TimorLeste,626,NORTHERNAMERICA,905,64,64,66,70,72,59,57,26,27,28,26,21,36,36,38,37,38,44,51,23,21
1481,VietNam,704,NORTHERNAMERICA,905,289,662,1560,2356,3830,4618,4867,172,386,938,1455,2279,2729,2877,117,276,622,901,1551,1889,1990
1482,SouthernAsia,5501,NORTHERNAMERICA,905,40818,39095,37370,64673,87178,86865,83426,21218,20599,19964,36436,45891,45453,32961,19600,18496,17406,28237,41287,41412,50465
1483,Afghanistan,4,NORTHERNAMERICA,905,0,0,0,0,0,0,0,0,0,0,0,0,0,0,0,0,0,0,0,0,0
1484,Bangladesh,50,NORTHERNAMERICA,905,28559,30085,31610,37560,43455,46008,45115,15422,16246,17070,20283,23466,24845,13935,13137,13839,14540,17277,19989,21163,31180
1485,Bhutan,64,NORTHERNAMERICA,905,80,94,108,136,164,173,178,41,49,56,70,84,89,94,39,45,52,66,80,84,84
1486,India,356,NORTHERNAMERICA,905,12123,8732,5339,26455,42596,39691,37122,5722,4181,2639,15809,21814,19963,18355,6401,4551,2700,10646,20782,19728,18767
1487,IranIslamicRepublicof,364,NORTHERNAMERICA,905,0,0,0,0,0,0,0,0,0,0,0,0,0,0,0,0,0,0,0,0,0
1488,Maldives,462,NORTHERNAMERICA,905,36,66,94,98,118,138,147,20,31,48,57,90,122,133,16,35,46,41,28,16,14
1489,Nepal,524,NORTHERNAMERICA,905,0,0,0,0,0,0,0,0,0,0,0,0,0,0,0,0,0,0,0,0,0
1490,Pakistan,586,NORTHERNAMERICA,905,0,0,0,0,0,0,0,0,0,0,0,0,0,0,0,0,0,0,0,0,0
1491,SriLanka,144,NORTHERNAMERICA,905,20,118,219,424,845,855,864,13,92,151,217,437,434,444,7,26,68,207,408,421,420
1492,WesternAsia,922,NORTHERNAMERICA,905,85329,97044,106461,116212,139198,140189,148550,44348,49724,54502,59399,72866,72208,76943,40981,47320,51959,56813,66332,67981,71607
1493,Armenia,51,NORTHERNAMERICA,905,0,0,0,0,0,0,0,0,0,0,0,0,0,0,0,0,0,0,0,0,0
1494,Azerbaijan,31,NORTHERNAMERICA,905,0,0,0,0,0,0,0,0,0,0,0,0,0,0,0,0,0,0,0,0,0
1495,Bahrain,48,NORTHERNAMERICA,905,453,498,545,771,1169,1267,1641,324,351,377,524,788,870,1144,129,147,168,247,381,397,497
1496,Cyprus,196,NORTHERNAMERICA,905,1165,1648,2130,3203,4913,4512,4655,578,784,990,1464,2285,2126,2210,587,864,1140,1739,2628,2386,2445
1497,Georgia,268,NORTHERNAMERICA,905,0,0,107,101,102,107,109,0,0,65,62,63,67,69,0,0,42,39,39,40,40
1498,Iraq,368,NORTHERNAMERICA,905,0,0,0,0,0,0,0,0,0,0,0,0,0,0,0,0,0,0,0,0,0
1499,Israel,376,NORTHERNAMERICA,905,52309,61699,67634,75641,84565,87214,84690,25607,29727,32525,36347,40530,41577,40376,26702,31972,35109,39294,44035,45637,44314
1500,Jordan,400,NORTHERNAMERICA,905,1932,2752,3572,2682,5536,2285,2959,856,1419,1990,1823,3602,1271,1645,1076,1333,1582,859,1934,1014,1314
1501,Kuwait,414,NORTHERNAMERICA,905,2808,2250,2567,2773,3676,4763,5167,1700,1434,1734,1829,2395,2876,3120,1108,816,833,944,1281,1887,2047
1502,Lebanon,422,NORTHERNAMERICA,905,773,1108,1442,1108,788,666,579,335,540,745,595,450,319,283,438,568,697,513,338,347,296
1503,Oman,512,NORTHERNAMERICA,905,0,0,0,0,0,0,0,0,0,0,0,0,0,0,0,0,0,0,0,0,0
1504,Qatar,634,NORTHERNAMERICA,905,809,879,819,1149,2412,2280,4317,591,657,626,854,1933,1857,3461,218,222,193,295,479,423,856
1505,SaudiArabia,682,NORTHERNAMERICA,905,0,0,0,0,0,0,0,0,0,0,0,0,0,0,0,0,0,0,0,0,0
1506,StateofPalestine,275,NORTHERNAMERICA,905,8436,8244,8052,8032,8012,7992,8179,4043,3930,3816,3817,3818,3799,4048,4393,4314,4236,4215,4194,4193,4131
1507,SyrianArabRepublic,760,NORTHERNAMERICA,905,0,0,0,0,0,0,0,0,0,0,0,0,0,0,0,0,0,0,0,0,0
1508,Turkey,792,NORTHERNAMERICA,905,13213,13570,13978,14458,14911,14774,20634,7871,7733,7612,7729,7819,7581,9836,5342,5837,6366,6729,7092,7193,10798
1509,UnitedArabEmirates,784,NORTHERNAMERICA,905,3431,4396,5615,6294,13114,14329,15620,2443,3149,4022,4355,9183,9865,10751,988,1247,1593,1939,3931,4464,4869
1510,Yemen,887,NORTHERNAMERICA,905,0,0,0,0,0,0,0,0,0,0,0,0,0,0,0,0,0,0,0,0,0
1511,EUROPE,908,NORTHERNAMERICA,905,769469,743008,735943,824591,921685,972405,1100304,370646,358172,355005,398027,431028,462229,523034,398823,384836,380938,426564,490657,510176,577270
1512,EasternEurope,923,NORTHERNAMERICA,905,26932,27843,29251,36708,44749,48302,65959,12446,13163,14123,18659,23433,25692,36289,14486,14680,15128,18049,21316,22610,29670
1513,Belarus,112,NORTHERNAMERICA,905,127,189,250,240,230,242,236,67,82,98,93,89,95,94,60,107,152,147,141,147,142
1514,Bulgaria,100,NORTHERNAMERICA,905,157,418,678,997,1295,2616,4209,88,224,359,522,680,1327,2284,69,194,319,475,615,1289,1925
1515,Czechia,203,NORTHERNAMERICA,905,639,957,1275,2697,3863,5981,9133,376,574,772,1703,2515,3720,5270,263,383,503,994,1348,2261,3863
1516,Hungary,348,NORTHERNAMERICA,905,3182,4792,6400,7856,9380,9502,12278,1413,2322,3230,4027,4869,4904,6569,1769,2470,3170,3829,4511,4598,5709
1517,Poland,616,NORTHERNAMERICA,905,14985,12816,10963,13883,17240,16419,21926,6644,5573,4673,6556,8595,8343,12225,8341,7243,6290,7327,8645,8076,9701
1518,RepublicofMoldova,498,NORTHERNAMERICA,905,0,0,0,0,0,0,0,0,0,0,0,0,0,0,0,0,0,0,0,0,0
1519,Romania,642,NORTHERNAMERICA,905,733,1137,1563,2060,2836,2994,6995,345,515,693,979,1385,1580,3732,388,622,870,1081,1451,1414,3263
1520,RussianFederation,643,NORTHERNAMERICA,905,3471,3447,3300,4217,5049,5146,5139,1703,1785,1803,2314,2778,2821,2818,1768,1662,1497,1903,2271,2325,2321
1521,Slovakia,703,NORTHERNAMERICA,905,330,887,1690,1897,2127,2664,3261,113,402,800,915,1042,1415,1785,217,485,890,982,1085,1249,1476
1522,Ukraine,804,NORTHERNAMERICA,905,3308,3200,3132,2861,2729,2738,2782,1697,1686,1695,1550,1480,1487,1512,1611,1514,1437,1311,1249,1251,1270
1523,NorthernEurope,924,NORTHERNAMERICA,905,338437,319562,310927,338326,378830,404292,415365,163748,152561,146530,158021,167179,189294,187727,174689,167001,164397,180305,211651,214998,227638
1524,ChannelIslands,830,NORTHERNAMERICA,905,0,0,0,0,0,0,0,0,0,0,0,0,0,0,0,0,0,0,0,0,0
1525,Denmark,208,NORTHERNAMERICA,905,17267,20609,23947,26851,28498,31200,35330,7677,9323,10966,12395,13252,14568,16371,9590,11286,12981,14456,15246,16632,18959
1526,Estonia,233,NORTHERNAMERICA,905,120,186,251,496,738,764,1390,61,94,127,292,455,495,859,59,92,124,204,283,269,531
1527,FaroeIslands,234,NORTHERNAMERICA,905,161,120,133,173,196,204,234,73,53,64,75,80,79,86,88,67,69,98,116,125,148
1528,Finland,246,NORTHERNAMERICA,905,3505,3471,3435,4584,5352,5912,7100,1613,1748,1883,2551,2970,3345,4055,1892,1723,1552,2033,2382,2567,3045
1529,Iceland,352,NORTHERNAMERICA,905,1258,1400,1629,1877,2147,2364,3054,632,727,846,1004,1142,1244,1586,626,673,783,873,1005,1120,1468
1530,Ireland,372,NORTHERNAMERICA,905,16304,13952,19269,29739,35311,36071,41355,7843,6497,9316,14610,15580,15666,18111,8461,7455,9953,15129,19731,20405,23244
1531,IsleofMan,833,NORTHERNAMERICA,905,346,329,311,390,463,384,388,154,142,130,153,173,177,181,192,187,181,237,290,207,207
1532,Latvia,428,NORTHERNAMERICA,905,209,387,566,722,861,547,720,105,210,315,403,474,310,433,104,177,251,319,387,237,287
1533,Lithuania,440,NORTHERNAMERICA,905,1236,1384,1083,985,755,583,626,515,580,453,457,372,274,319,721,804,630,528,383,309,307
1534,Norway,578,NORTHERNAMERICA,905,18076,17683,17382,16911,19012,20835,22300,8379,8177,8171,8002,9122,10148,10824,9697,9506,9211,8909,9890,10687,11476
1535,Sweden,752,NORTHERNAMERICA,905,13116,15565,16693,17865,19444,22114,26727,6945,8186,8727,9469,10199,11457,13828,6171,7379,7966,8396,9245,10657,12899
1536,UnitedKingdom,826,NORTHERNAMERICA,905,266839,244476,226228,237733,266053,283314,276141,129751,116824,105532,108610,113360,131531,121074,137088,127652,120696,129123,152693,151783,155067
1537,SouthernEurope,925,NORTHERNAMERICA,905,165434,139303,121511,154072,185813,187739,216325,72344,61730,54814,70474,84713,84295,100149,93090,77573,66697,83598,101100,103444,116176
1538,Albania,8,NORTHERNAMERICA,905,4162,4499,4835,4081,3328,3279,3074,2692,2918,3145,2764,2254,2221,2086,1470,1581,1690,1317,1074,1058,988
1539,Andorra,20,NORTHERNAMERICA,905,100,95,89,101,100,105,112,53,50,47,53,53,59,65,47,45,42,48,47,46,47
1540,BosniaandHerzegovina,70,NORTHERNAMERICA,905,0,0,0,0,0,0,0,0,0,0,0,0,0,0,0,0,0,0,0,0,0
1541,Croatia,191,NORTHERNAMERICA,905,1660,1536,1248,1927,2604,2620,2462,562,556,503,865,1225,1228,1156,1098,980,745,1062,1379,1392,1306
1542,Gibraltar,292,NORTHERNAMERICA,905,0,0,0,0,0,0,0,0,0,0,0,0,0,0,0,0,0,0,0,0,0
1543,Greece,300,NORTHERNAMERICA,905,58034,46290,35306,35719,37552,35385,36164,30194,22949,15656,15667,16213,14478,16198,27840,23341,19650,20052,21339,20907,19966
1544,HolySee,336,NORTHERNAMERICA,905,0,0,0,0,0,0,0,0,0,0,0,0,0,0,0,0,0,0,0,0,0
1545,Italy,380,NORTHERNAMERICA,905,73943,53446,33030,56392,82823,75422,79213,26055,19383,12699,23904,36262,32850,34850,47888,34063,20331,32488,46561,42572,44363
1546,Malta,470,NORTHERNAMERICA,905,2217,2596,2654,2606,2546,4107,8949,1045,1244,1279,1274,1294,2197,5124,1172,1352,1375,1332,1252,1910,3825
1547,Montenegro,499,NORTHERNAMERICA,905,0,0,0,0,368,386,385,0,0,0,0,73,79,82,0,0,0,0,295,307,303
1548,NorthMacedonia,807,NORTHERNAMERICA,905,0,0,0,0,0,0,0,0,0,0,0,0,0,0,0,0,0,0,0,0,0
1549,Portugal,620,NORTHERNAMERICA,905,9729,11893,14541,14773,12554,14232,16324,4656,5709,7017,7122,6061,6494,7723,5073,6184,7524,7651,6493,7738,8601
1550,SanMarino,674,NORTHERNAMERICA,905,0,0,0,0,0,0,0,0,0,0,0,0,0,0,0,0,0,0,0,0,0
1551,Serbia,688,NORTHERNAMERICA,905,158,1022,1623,1987,1943,1898,1931,83,525,824,1008,984,959,978,75,497,799,979,959,939,953
1552,Slovenia,705,NORTHERNAMERICA,905,1008,810,1013,1034,1058,1092,1256,385,323,402,466,521,583,690,623,487,611,568,537,509,566
1553,Spain,724,NORTHERNAMERICA,905,14423,17116,27172,35452,40937,49213,66455,6619,8073,13242,17351,19773,23147,31197,7804,9043,13930,18101,21164,26066,35258
1554,WesternEurope,926,NORTHERNAMERICA,905,238666,256300,274254,295485,312293,332072,402655,122108,130718,139538,150873,155703,162948,198869,116558,125582,134716,144612,156590,169124,203786
1555,Austria,40,NORTHERNAMERICA,905,7500,8463,9423,10448,11604,12331,14278,3705,4251,4795,5191,5641,5894,7001,3795,4212,4628,5257,5963,6437,7277
1556,Belgium,56,NORTHERNAMERICA,905,17760,18836,19366,19008,19985,20931,21490,8613,9243,9640,9253,9619,10199,10605,9147,9593,9726,9755,10366,10732,10885
1557,France,250,NORTHERNAMERICA,905,56845,58684,60521,70640,74909,83020,91250,25742,26034,26327,32348,31689,33804,37279,31103,32650,34194,38292,43220,49216,53971
1558,Germany,276,NORTHERNAMERICA,905,109076,115281,121485,124850,126665,130001,174488,60551,63441,66330,69106,70676,72199,96035,48525,51840,55155,55744,55989,57802,78453
1559,Liechtenstein,438,NORTHERNAMERICA,905,20,40,60,91,137,144,163,9,19,29,47,71,73,78,11,21,31,44,66,71,85
1560,Luxembourg,442,NORTHERNAMERICA,905,1327,1283,1173,1016,873,1331,3765,674,653,598,548,504,778,1941,653,630,575,468,369,553,1824
1561,Monaco,492,NORTHERNAMERICA,905,0,0,0,0,0,0,0,0,0,0,0,0,0,0,0,0,0,0,0,0,0
1562,Netherlands,528,NORTHERNAMERICA,905,20153,23834,28341,31287,33404,37102,46253,10254,11907,13938,15201,16256,17621,21825,9899,11927,14403,16086,17148,19481,24428
1563,Switzerland,756,NORTHERNAMERICA,905,25985,29879,33885,38145,44716,47212,50968,12560,15170,17881,19179,21247,22380,24105,13425,14709,16004,18966,23469,24832,26863
1564,LATINAMERICAANDTHECARIBBEAN,904,NORTHERNAMERICA,905,602762,688958,796397,967044,1198308,1182133,1293053,296712,341196,397354,486478,608846,594523,662046,306050,347762,399043,480566,589462,587610,631007
1565,Caribbean,915,NORTHERNAMERICA,905,281819,289565,300243,299067,273350,244398,242478,136772,139835,144395,143977,131376,116970,116502,145047,149730,155848,155090,141974,127428,125976
1566,Anguilla,660,NORTHERNAMERICA,905,243,313,383,440,478,511,531,75,92,109,126,137,147,152,168,221,274,314,341,364,379
1567,AntiguaandBarbuda,28,NORTHERNAMERICA,905,1535,2030,2524,2707,2890,3074,3213,738,997,1258,1347,1438,1529,1603,797,1033,1266,1360,1452,1545,1610
1568,Aruba,533,NORTHERNAMERICA,905,425,553,681,638,583,612,683,204,282,360,326,287,301,328,221,271,321,312,296,311,355
1569,Bahamas,44,NORTHERNAMERICA,905,5011,5357,5664,8011,10401,11270,12078,2198,2525,2784,3972,5172,5563,5966,2813,2832,2880,4039,5229,5707,6112
1570,Barbados,52,NORTHERNAMERICA,905,1780,1942,2106,1888,1668,1751,1766,779,868,957,857,756,794,803,1001,1074,1149,1031,912,957,963
1571,BritishVirginIslands,92,NORTHERNAMERICA,905,794,934,1073,1229,1747,1998,2266,370,423,476,545,798,905,1027,424,511,597,684,949,1093,1239
1572,CaymanIslands,136,NORTHERNAMERICA,905,2051,2367,3248,3468,4004,4363,4868,1042,1205,1676,1750,1989,2165,2424,1009,1162,1572,1718,2015,2198,2444
1573,Cuba,192,NORTHERNAMERICA,905,1516,1149,853,538,396,287,201,742,537,361,241,192,143,98,774,612,492,297,204,144,103
1574,CuraÃao,531,NORTHERNAMERICA,905,0,0,0,0,389,420,487,0,0,0,0,212,231,274,0,0,0,0,177,189,213
1575,Dominica,212,NORTHERNAMERICA,905,293,387,461,568,692,807,823,171,226,271,333,409,477,489,122,161,190,235,283,330,334
1576,DominicanRepublic,214,NORTHERNAMERICA,905,12724,14134,15543,20656,25803,15304,15974,6805,7400,7995,10765,13553,8106,8448,5919,6734,7548,9891,12250,7198,7526
1577,Grenada,308,NORTHERNAMERICA,905,85,145,205,215,225,227,225,42,89,136,143,150,152,143,43,56,69,72,75,75,82
1578,Guadeloupe,312,NORTHERNAMERICA,905,394,526,658,808,956,916,904,190,248,306,372,436,396,386,204,278,352,436,520,520,518
1579,Haiti,332,NORTHERNAMERICA,905,2235,2122,2015,1913,2007,2107,2203,1164,1106,1051,998,1047,1100,1151,1071,1016,964,915,960,1007,1052
1580,Jamaica,388,NORTHERNAMERICA,905,5715,6892,8082,7871,7671,7506,7687,2819,3467,4119,4041,3962,3877,3962,2896,3425,3963,3830,3709,3629,3725
1581,Martinique,474,NORTHERNAMERICA,905,0,0,0,0,0,0,0,0,0,0,0,0,0,0,0,0,0,0,0,0,0
1582,Montserrat,500,NORTHERNAMERICA,905,229,182,137,143,150,156,156,118,94,71,74,77,81,83,111,88,66,69,73,75,73
1583,PuertoRico,630,NORTHERNAMERICA,905,227714,230670,234183,224151,185935,165266,159566,109788,110336,111130,106189,87151,77090,74123,117926,120334,123053,117962,98784,88176,85443
1584,SaintBarthelemy,652,NORTHERNAMERICA,905,0,0,0,0,0,0,0,0,0,0,0,0,0,0,0,0,0,0,0,0,0
1585,SaintKittsandNevis,659,NORTHERNAMERICA,905,0,0,0,0,0,0,0,0,0,0,0,0,0,0,0,0,0,0,0,0,0
1586,SaintLucia,662,NORTHERNAMERICA,905,386,518,713,993,1188,1136,1096,196,265,368,510,617,584,563,190,253,345,483,571,552,533
1587,SaintMartinFrenchpart,663,NORTHERNAMERICA,905,0,0,0,0,0,0,0,0,0,0,0,0,0,0,0,0,0,0,0,0,0
1588,SaintVincentandtheGrenadines,670,NORTHERNAMERICA,905,434,451,472,486,503,514,519,219,229,243,252,264,277,286,215,222,229,234,239,237,233
1589,SintMaartenDutchpart,534,NORTHERNAMERICA,905,0,0,0,168,337,350,368,0,0,0,77,153,158,168,0,0,0,91,184,192,200
1590,TrinidadandTobago,780,NORTHERNAMERICA,905,3393,3079,4448,4773,7313,7575,8411,1666,1509,2289,2451,3762,3956,4984,1727,1570,2159,2322,3551,3619,3427
1591,TurksandCaicosIslands,796,NORTHERNAMERICA,905,616,849,1082,1122,1163,1387,1567,317,446,573,581,623,745,845,299,403,509,541,540,642,722
1592,UnitedStatesVirginIslands,850,NORTHERNAMERICA,905,14246,14965,15712,16281,16851,16861,16886,7129,7491,7862,8027,8191,8193,8196,7117,7474,7850,8254,8660,8668,8690
1593,CentralAmerica,916,NORTHERNAMERICA,905,238417,312538,403790,568187,806149,798522,878451,117354,155611,203484,288551,412158,402671,448624,121063,156927,200306,279636,393991,395851,429827
1594,Belize,84,NORTHERNAMERICA,905,2443,2423,2401,3290,4159,4904,5561,1272,1262,1251,1707,2161,2534,2874,1171,1161,1150,1583,1998,2370,2687
1595,CostaRica,188,NORTHERNAMERICA,905,9409,8066,10756,7054,13904,14101,16921,5329,4664,6190,4020,7942,8018,9986,4080,3402,4566,3034,5962,6083,6935
1596,ElSalvador,222,NORTHERNAMERICA,905,8541,6685,4852,5113,5411,5642,5736,4275,3344,2407,2541,2688,2807,2855,4266,3341,2445,2572,2723,2835,2881
1597,Guatemala,320,NORTHERNAMERICA,905,6363,6162,5959,7070,8205,8998,10152,2164,2533,2902,3719,4532,5054,5671,4199,3629,3057,3351,3673,3944,4481
1598,Honduras,340,NORTHERNAMERICA,905,2956,4139,5320,5200,5100,7148,7309,1685,2285,2884,2858,2821,3945,4035,1271,1854,2436,2342,2279,3203,3274
1599,Mexico,484,NORTHERNAMERICA,905,201330,277535,365644,528421,752260,737977,809642,98588,137371,182908,266813,382046,368817,409430,102742,140164,182736,261608,370214,369160,400212
1600,Nicaragua,558,NORTHERNAMERICA,905,3906,3099,3186,3304,3532,3858,4037,1933,1522,1634,1758,1892,2059,2155,1973,1577,1552,1546,1640,1799,1882
1601,Panama,591,NORTHERNAMERICA,905,3469,4429,5672,8735,13578,15894,19093,2108,2630,3308,5135,8076,9437,11618,1361,1799,2364,3600,5502,6457,7475
1602,SouthAmerica,931,NORTHERNAMERICA,905,82526,86855,92364,99790,118809,139213,172124,42586,45750,49475,53950,65312,74882,96920,39940,41105,42889,45840,53497,64331,75204
1603,Argentina,32,NORTHERNAMERICA,905,10824,10666,10508,7754,4993,5680,5734,5401,5416,5432,4066,2700,3073,3121,5423,5250,5076,3688,2293,2607,2613
1604,BoliviaPlurinationalStateof,68,NORTHERNAMERICA,905,4843,5114,5329,5366,5391,6278,6989,2431,2607,2752,2754,2751,3202,3561,2412,2507,2577,2612,2640,3076,3428
1605,Brazil,76,NORTHERNAMERICA,905,12776,14007,15237,20204,24885,22481,24424,7044,7983,8922,11790,14480,10620,11863,5732,6024,6315,8414,10405,11861,12561
1606,Chile,152,NORTHERNAMERICA,905,5650,6770,7884,8953,10019,15178,17015,3058,3766,4366,5012,5656,8856,8429,2592,3004,3518,3941,4363,6322,8586
1607,Colombia,170,NORTHERNAMERICA,905,14160,15004,15848,15821,18010,20313,22525,7150,7626,8104,8144,9503,10981,12349,7010,7378,7744,7677,8507,9332,10176
1608,Ecuador,218,NORTHERNAMERICA,905,9401,10743,12083,14455,23022,29143,30473,4677,5500,6323,7710,12003,15101,17457,4724,5243,5760,6745,11019,14042,13016
1609,FalklandIslandsMalvinas,238,NORTHERNAMERICA,905,15,20,21,30,17,19,23,8,12,13,18,7,8,11,7,8,8,12,10,11,12
1610,FrenchGuiana,254,NORTHERNAMERICA,905,0,0,0,0,0,0,0,0,0,0,0,0,0,0,0,0,0,0,0,0,0
1611,Guyana,328,NORTHERNAMERICA,905,377,606,834,1124,879,930,975,201,324,447,607,494,523,550,176,282,387,517,385,407,425
1612,Paraguay,600,NORTHERNAMERICA,905,3000,3683,4356,4149,3952,3857,4177,1526,2078,2615,2492,2371,2313,2510,1474,1605,1741,1657,1581,1544,1667
1613,Peru,604,NORTHERNAMERICA,905,6908,6915,8081,9493,14802,22020,47006,3653,3617,4246,5016,8852,13555,30768,3255,3298,3835,4477,5950,8465,16238
1614,Suriname,740,NORTHERNAMERICA,905,0,0,0,0,0,0,0,0,0,0,0,0,0,0,0,0,0,0,0,0,0
1615,Uruguay,858,NORTHERNAMERICA,905,1952,1425,1060,980,908,936,1115,1029,709,489,454,417,430,528,923,716,571,526,491,506,587
1616,VenezuelaBolivarianRepublicof,862,NORTHERNAMERICA,905,12620,11902,11123,11461,11931,12378,11668,6408,6112,5766,5887,6078,6220,5773,6212,5790,5357,5574,5853,6158,5895
1617,NORTHERNAMERICA,905,NORTHERNAMERICA,905,999977,1054522,1113881,1132443,1149471,1100000,1088520,369913,390326,413342,420944,414322,390661,389003,630064,664196,700539,711499,735149,709339,699517
1618,Bermuda,60,NORTHERNAMERICA,905,5763,5891,5099,5368,5661,5726,5638,2643,2832,2127,2278,2396,2420,2416,3120,3059,2972,3090,3265,3306,3222
1619,Canada,124,NORTHERNAMERICA,905,241094,246731,258236,275970,266035,254280,275522,117370,119538,124576,128735,120910,113858,123372,123724,127193,133660,147235,145125,140422,152150
1620,Greenland,304,NORTHERNAMERICA,905,41,36,37,50,40,54,52,25,18,22,35,25,34,34,16,18,15,15,15,20,18
1621,SaintPierreandMiquelon,666,NORTHERNAMERICA,905,277,302,306,286,252,244,235,82,111,127,126,109,104,101,195,191,179,160,143,140,134
1622,UnitedStatesofAmerica,840,NORTHERNAMERICA,905,752802,801562,850203,850769,877483,839696,807073,249793,267827,286490,289770,290882,274245,263080,503009,533735,563713,560999,586601,565451,543993
1623,OCEANIA,909,NORTHERNAMERICA,905,132617,134812,139466,160472,185734,216252,254319,71452,72042,72222,81359,92459,108622,124579,61165,62770,67244,79113,93275,107630,129740
1624,Australia,36,NORTHERNAMERICA,905,81378,83542,90340,107212,130380,157820,176086,41907,43346,45574,53495,64403,79098,85446,39471,40196,44766,53717,65977,78722,90640
1625,NewZealand,554,NORTHERNAMERICA,905,14871,18547,20547,25573,29144,32250,50963,7424,9148,9988,12413,14121,15596,24646,7447,9399,10559,13160,15023,16654,26317
1626,Melanesia,928,NORTHERNAMERICA,905,1603,1637,1253,1202,984,995,996,999,1111,948,927,773,787,793,604,526,305,275,211,208,203
1627,Fiji,242,NORTHERNAMERICA,905,0,0,0,0,0,0,0,0,0,0,0,0,0,0,0,0,0,0,0,0,0
1628,NewCaledonia,540,NORTHERNAMERICA,905,0,0,0,0,0,0,0,0,0,0,0,0,0,0,0,0,0,0,0,0,0
1629,PapuaNewGuinea,598,NORTHERNAMERICA,905,1468,1503,1125,1125,953,966,968,921,1034,875,882,755,770,776,547,469,250,243,198,196,192
1630,SolomonIslands,90,NORTHERNAMERICA,905,135,134,128,77,31,29,28,78,77,73,45,18,17,17,57,57,55,32,13,12,11
1631,Vanuatu,548,NORTHERNAMERICA,905,0,0,0,0,0,0,0,0,0,0,0,0,0,0,0,0,0,0,0,0,0
1632,Micronesia,954,NORTHERNAMERICA,905,30418,26576,22653,22324,21661,21723,22822,18764,16021,13237,12348,11326,11364,11920,11654,10555,9416,9976,10335,10359,10902
1633,Guam,316,NORTHERNAMERICA,905,27990,23543,19095,18719,18343,18508,19572,17285,14198,11110,10289,9468,9547,10096,10705,9345,7985,8430,8875,8961,9476
1634,Kiribati,296,NORTHERNAMERICA,905,43,40,38,39,40,40,42,16,20,25,27,29,29,32,27,20,13,12,11,11,10
1635,MarshallIslands,584,NORTHERNAMERICA,905,633,716,856,1053,1346,1430,1441,399,436,515,648,826,876,881,234,280,341,405,520,554,560
1636,MicronesiaFedStatesof,583,NORTHERNAMERICA,905,234,212,197,183,176,172,175,134,135,110,100,96,94,97,100,77,87,83,80,78,78
1637,Nauru,520,NORTHERNAMERICA,905,0,0,0,0,0,0,0,0,0,0,0,0,0,0,0,0,0,0,0,0,0
1638,NorthernMarianaIslands,580,NORTHERNAMERICA,905,1203,1530,1951,1953,1395,1249,1259,734,929,1144,1085,725,646,652,469,601,807,868,670,603,607
1639,Palau,585,NORTHERNAMERICA,905,315,535,516,377,361,324,333,196,303,333,199,182,172,162,119,232,183,178,179,152,171
1640,Polynesia,957,NORTHERNAMERICA,905,4347,4510,4673,4161,3565,3464,3452,2358,2416,2475,2176,1836,1777,1774,1989,2094,2198,1985,1729,1687,1678
1641,AmericanSamoa,16,NORTHERNAMERICA,905,3510,3544,3578,3066,2553,2548,2557,1872,1875,1878,1578,1278,1267,1272,1638,1669,1700,1488,1275,1281,1285
1642,CookIslands,184,NORTHERNAMERICA,905,17,18,18,24,29,30,32,12,13,13,16,18,19,20,5,5,5,8,11,11,12
1643,FrenchPolynesia,258,NORTHERNAMERICA,905,486,533,571,597,576,547,547,289,312,329,346,341,325,325,197,221,242,251,235,222,222
1644,Niue,570,NORTHERNAMERICA,905,11,14,18,19,11,10,9,6,8,11,12,8,8,8,5,6,7,7,3,2,1
1645,Samoa,882,NORTHERNAMERICA,905,282,380,477,448,392,325,304,142,189,234,218,188,155,146,140,191,243,230,204,170,158
1646,Tokelau,772,NORTHERNAMERICA,905,0,0,0,0,0,0,0,0,0,0,0,0,0,0,0,0,0,0,0,0,0
1647,Tonga,776,NORTHERNAMERICA,905,0,0,0,0,0,0,0,0,0,0,0,0,0,0,0,0,0,0,0,0,0
1648,Tuvalu,798,NORTHERNAMERICA,905,41,21,11,7,4,4,3,37,19,10,6,3,3,3,4,2,1,1,1,1,0
1649,WallisandFutunaIslands,876,NORTHERNAMERICA,905,0,0,0,0,0,0,0,0,0,0,0,0,0,0,0,0,0,0,0,0,0
