,Destination,Destination_Code,Origin,Origin_Code,1990,1995,2000,2005,2010,2015,2020,1990.1,1995.1,2000.1,2005.1,2010.1,2015.1,2020.1,1990.2,1995.2,2000.2,2005.2,2010.2,2015.2,2020.2
0,SubSaharanAfrica,947,SubSaharanAfrica,947,11491413,12385544,11091197,11723891,12954574,16017580,17808594,6137524,6531078,5859981,6328179,6902119,8414178,9335728,5353889,5854466,5231216,5395712,6052455,7603402,8472866
1,NorthernAfricaandWesternAsia,1833,SubSaharanAfrica,947,1586768,1308852,1130342,935949,1237662,1411666,2263512,808848,684237,609216,533314,702556,794916,1239795,777920,624615,521126,402635,535106,616750,1023717
2,CentralandSouthernAsia,921,SubSaharanAfrica,947,15147,10515,5889,38940,64296,59931,56069,7288,5068,2846,19438,23788,21464,19472,7859,5447,3043,19502,40508,38467,36597
3,EasternandSouthEasternAsia,1832,SubSaharanAfrica,947,1802,4211,8996,10175,10374,10449,14862,975,2167,4669,5287,5575,5622,7577,827,2044,4327,4888,4799,4827,7285
4,LatinAmericaandtheCaribbean,1830,SubSaharanAfrica,947,10072,11131,12546,14533,20198,30799,39576,5372,6005,6857,7679,11142,19154,25718,4700,5126,5689,6854,9056,11645,13858
5,OceaniaexcludingAustraliaandNewZealand,1835,SubSaharanAfrica,947,73,82,80,92,69,66,54,41,47,47,55,42,47,40,32,35,33,37,27,19,14
6,AustraliaandNewZealand,927,SubSaharanAfrica,947,114334,132399,178757,260831,357588,430302,504945,57379,66137,89113,130260,178469,216390,252742,56955,66262,89644,130571,179119,213912,252203
7,EuropeandNorthernAmerica,1829,SubSaharanAfrica,947,2115198,2636239,3210207,4290574,5297963,6236418,7596926,1119417,1383067,1673846,2202846,2707429,3106577,3851730,995781,1253172,1536361,2087728,2590534,3129841,3745196
8,Developedregions,901,SubSaharanAfrica,947,2230323,2771094,3392362,4555755,5660163,6671363,8107315,1177199,1450382,1764529,2335087,2887972,3325040,4106904,1053124,1320712,1627833,2220668,2772191,3346323,4000411
9,Lessdevelopedregions,902,SubSaharanAfrica,947,13104484,13717879,12245652,12719230,14282561,17525848,20177223,6959645,7227424,6482046,6891971,7643148,9253308,10625898,6144839,6490455,5763606,5827259,6639413,8272540,9551325
10,Leastdevelopedcountries,941,SubSaharanAfrica,947,8498497,8569356,6680097,6064182,6380416,8448441,10640181,4296905,4322415,3377559,3130821,3187367,4243576,5319082,4201592,4246941,3302538,2933361,3193049,4204865,5321099
11,LandlockedDevelopingCountriesLLDC,1636,SubSaharanAfrica,947,4561835,3127085,2971680,3007979,3544893,4928261,6097882,2339670,1602885,1507641,1508288,1780248,2475065,3019519,2222165,1524200,1464039,1499691,1764645,2453196,3078363
12,SmallislanddevelopingStatesSIDS,1637,SubSaharanAfrica,947,40763,54926,49357,51555,55082,57504,55288,20532,27487,24821,26248,28376,29805,29448,20231,27439,24536,25307,26706,27699,25840
13,Highincomecountries,1503,SubSaharanAfrica,947,2374363,2931807,3569702,4766977,5955493,7010597,8494297,1262102,1545450,1870783,2462573,3073069,3537776,4352021,1112261,1386357,1698919,2304404,2882424,3472821,4142276
14,Middleincomecountries,1517,SubSaharanAfrica,947,5809431,6809097,7078232,7928762,8590035,9954801,10519512,3261393,3728010,3868885,4487193,4764644,5412777,5773581,2548038,3081087,3209347,3441569,3825391,4542024,4745931
15,Uppermiddleincomecountries,1502,SubSaharanAfrica,947,1005076,1034589,1149081,1425053,2078039,2498650,2584922,675870,657961,707184,869450,1256380,1454530,1546192,329206,376628,441897,555603,821659,1044120,1038730
16,Lowermiddleincomecountries,1501,SubSaharanAfrica,947,4804355,5774508,5929151,6503709,6511996,7456151,7934590,2585523,3070049,3161701,3617743,3508264,3958247,4227389,2218832,2704459,2767450,2885966,3003732,3497904,3707201
17,Lowincomecountries,1500,SubSaharanAfrica,947,7129692,6707864,4923404,4493312,5300381,7125962,9137863,3601418,3383105,2473582,2235128,2647092,3577965,4544815,3528274,3324759,2449822,2258184,2653289,3547997,4593048
18,EasternAfrica,910,SubSaharanAfrica,947,5314011,4139044,3938090,3747156,3958289,5327613,6323588,2732189,2122317,2004938,1997783,1995102,2684274,3155379,2581822,2016727,1933152,1749373,1963187,2643339,3168209
19,Burundi,108,SubSaharanAfrica,947,272528,213186,111209,175242,226957,270062,311754,133575,103853,54083,85938,111473,132768,153332,138953,109333,57126,89304,115484,137294,158422
20,Comoros,174,SubSaharanAfrica,947,12017,11897,11778,11274,10769,10722,10667,5633,5546,5459,5273,5083,5099,5077,6384,6351,6319,6001,5686,5623,5590
21,Djibouti,262,SubSaharanAfrica,947,114621,93568,94253,86381,95947,99828,107554,60029,49033,49446,47983,50148,52543,56438,54592,44535,44807,38398,45799,47285,51116
22,Eritrea,232,SubSaharanAfrica,947,10446,10571,10693,13536,13195,12774,11142,5500,5626,5751,7378,7268,7139,6309,4946,4945,4942,6158,5927,5635,4833
23,Ethiopia,231,SubSaharanAfrica,947,1072032,732293,531374,395359,506670,1048914,1017711,563469,381109,271791,201302,267202,541588,505810,508563,351184,259583,194057,239468,507326,511901
24,Kenya,404,SubSaharanAfrica,947,195916,470547,579780,635707,868730,1037136,971029,104062,241945,288693,326419,430388,516938,489063,91854,228602,291087,309288,438342,520198,481966
25,Madagascar,450,SubSaharanAfrica,947,8179,7242,8050,8910,9876,10953,12153,4565,4070,4540,5042,5605,6238,6917,3614,3172,3510,3868,4271,4715,5236
26,Malawi,454,SubSaharanAfrica,947,1094691,184685,177801,169610,170909,157004,157089,532898,86677,83182,79094,79823,73179,76009,561793,98008,94619,90516,91086,83825,81080
27,Mauritius,480,SubSaharanAfrica,947,283,473,928,1728,2628,3023,3052,106,271,547,882,1307,1578,1596,177,202,381,846,1321,1445,1456
28,Mayotte,175,SubSaharanAfrica,947,11374,22215,39872,54300,61750,69075,94669,6631,12246,20303,26795,29280,31959,43799,4743,9969,19569,27505,32470,37116,50870
29,Mozambique,508,SubSaharanAfrica,947,110658,152208,177044,243094,277302,295496,313605,59359,81962,92676,116879,132865,141608,151924,51299,70246,84368,126215,144437,153888,161681
30,Reunion,638,SubSaharanAfrica,947,6588,14244,22557,26800,29540,30544,31637,3538,7032,10789,12815,14097,14501,15022,3050,7212,11768,13985,15443,16043,16615
31,Rwanda,646,SubSaharanAfrica,947,139805,201277,337752,405872,410794,505797,505069,70919,102784,170544,203679,206433,251270,254804,68886,98493,167208,202193,204361,254527,250265
32,Seychelles,690,SubSaharanAfrica,947,441,1114,1792,1899,2010,2247,2280,201,499,799,1035,1269,1465,1492,240,615,993,864,741,782,788
33,Somalia,706,SubSaharanAfrica,947,460000,18044,555,1166,26220,13675,21800,234861,9490,293,618,13375,6840,11575,225139,8554,262,548,12845,6835,10225
34,SouthSudan,728,SubSaharanAfrica,947,0,0,0,0,221518,272522,285136,0,0,0,0,114016,148283,151782,0,0,0,0,107502,124239,133354
35,Uganda,800,SubSaharanAfrica,947,394598,314286,231178,244461,336245,772560,1646637,208078,162544,112578,117586,163981,378851,793254,186520,151742,118600,126875,172264,393709,853383
36,UnitedRepublicofTanzania,834,SubSaharanAfrica,947,561589,1090113,931093,750218,290527,330630,378188,276567,538364,471745,475423,143968,162933,188435,285022,551749,459348,274795,146559,167697,189753
37,Zambia,894,SubSaharanAfrica,947,262435,225762,332181,221083,122234,108686,155714,134001,115149,168852,112194,60947,53986,79702,128434,110613,163329,108889,61287,54700,76012
38,Zimbabwe,716,SubSaharanAfrica,947,585810,375319,338200,300516,274468,275965,286702,328197,214117,192867,171448,156574,155508,163039,257613,161202,145333,129068,117894,120457,123663
39,MiddleAfrica,911,SubSaharanAfrica,947,1186276,2351725,1407982,1408031,1553439,2244984,2556505,599698,1189938,721097,732748,812456,1179078,1343032,586578,1161787,686885,675283,740983,1065906,1213473
40,Angola,24,SubSaharanAfrica,947,22461,26970,31471,43106,55191,115965,149245,11792,13605,15419,20520,25923,55246,85999,10669,13365,16052,22586,29268,60719,63246
41,Cameroon,120,SubSaharanAfrica,947,200667,186692,172716,234599,275705,483991,555310,107753,100006,92259,129086,151988,240186,274168,92914,86686,80457,105513,123717,243805,281142
42,CentralAfricanRepublic,140,SubSaharanAfrica,947,23708,34298,41909,32712,32127,27674,31511,12799,17801,21247,16608,16321,13960,15775,10909,16497,20662,16104,15806,13714,15736
43,Chad,148,SubSaharanAfrica,947,57600,62677,67751,93863,111162,129405,155648,31095,33795,36493,42577,49793,60172,71432,26505,28882,31258,51286,61369,69233,84216
44,Congo,178,SubSaharanAfrica,947,110639,176921,290592,306075,397828,363994,361617,54345,88198,145465,165760,215889,199480,197277,56294,88723,145127,140315,181939,164514,164340
45,DemocraticRepublicoftheCongo,180,SubSaharanAfrica,947,647111,1700649,600750,477311,427128,770011,913938,311570,843870,294644,231602,204317,383319,449167,335541,856779,306106,245709,222811,386692,464771
46,EquatorialGuinea,226,SubSaharanAfrica,947,736,976,1213,1770,2324,2906,3488,443,584,725,1073,1421,1791,2153,293,392,488,697,903,1115,1335
47,Gabon,266,SubSaharanAfrica,947,118077,157908,197521,215406,249468,348818,383768,67096,89678,112778,123909,145541,223810,246068,50981,68230,84743,91497,103927,125008,137700
48,SaoTomeandPrincipe,678,SubSaharanAfrica,947,5277,4634,4059,3189,2506,2220,1980,2805,2401,2067,1613,1263,1114,993,2472,2233,1992,1576,1243,1106,987
49,NorthernAfrica,912,SubSaharanAfrica,947,1379708,1073557,871041,622994,732627,769868,1569747,687991,545813,455155,342629,400598,420039,814969,691717,527744,415886,280365,332029,349829,754778
50,Algeria,12,SubSaharanAfrica,947,926,6248,11570,9147,10050,10923,11361,453,3511,6569,5193,5517,5992,6227,473,2737,5001,3954,4533,4931,5134
51,Egypt,818,SubSaharanAfrica,947,7191,11471,16660,23833,26708,35171,80359,4723,6978,9785,14673,15960,21140,41418,2468,4493,6875,9160,10748,14031,38941
52,Libya,434,SubSaharanAfrica,947,21513,56481,92400,101854,112610,127815,137405,13457,37338,62289,74579,82670,93425,101246,8056,19143,30111,27275,29940,34390,36159
53,Morocco,504,SubSaharanAfrica,947,4280,3929,4140,4393,4772,6152,6753,2264,2052,2128,2226,2406,3090,3480,2016,1877,2012,2167,2366,3062,3273
54,Sudan,729,SubSaharanAfrica,947,1341832,991203,741534,478568,571500,581350,1324964,664989,493660,371817,243065,290156,291661,657591,676843,497543,369717,235503,281344,289689,667373
55,Tunisia,788,SubSaharanAfrica,947,1567,1560,1801,1726,2976,3836,4069,781,785,909,886,1534,1975,2121,786,775,892,840,1442,1861,1948
56,WesternSahara,732,SubSaharanAfrica,947,2399,2665,2936,3473,4011,4621,4836,1324,1489,1658,2007,2355,2756,2886,1075,1176,1278,1466,1656,1865,1950
57,SouthernAfrica,913,SubSaharanAfrica,947,915913,829184,865507,1110386,1710312,2002694,2035175,621853,534930,534265,669975,1021124,1120512,1175720,294060,294254,331242,440411,689188,882182,859455
58,Botswana,72,SubSaharanAfrica,947,16971,27315,40531,64392,72885,79168,84693,10222,16014,23491,38092,41730,45306,48521,6749,11301,17040,26300,31155,33862,36172
59,Eswatini,748,SubSaharanAfrica,947,67523,28017,26554,25286,24732,24459,25151,36078,15136,14461,13054,11949,11864,12228,31445,12881,12093,12232,12783,12595,12923
60,Lesotho,426,SubSaharanAfrica,947,3596,3261,3070,3129,3189,4546,5985,1726,1624,1595,1627,1659,2414,3128,1870,1637,1475,1502,1530,2132,2857
61,Namibia,516,SubSaharanAfrica,947,79447,75962,99011,78443,75958,74370,80323,43731,42037,55171,43496,42158,41349,44676,35716,33925,43840,34947,33800,33021,35647
62,SouthAfrica,710,SubSaharanAfrica,947,748376,694629,696341,939136,1533548,1820151,1839023,530096,460119,439547,573706,923628,1019579,1067167,218280,234510,256794,365430,609920,800572,771856
63,WesternAfrica,914,SubSaharanAfrica,947,4075213,5065591,4879618,5458318,5732534,6442289,6893326,2183784,2683893,2599681,2927673,3073437,3430314,3661597,1891429,2381698,2279937,2530645,2659097,3011975,3231729
64,Benin,204,SubSaharanAfrica,947,68668,94576,120489,221929,275345,325992,350896,36101,50290,64484,104607,126516,151300,163235,32567,44286,56005,117322,148829,174692,187661
65,BurkinaFaso,854,SubSaharanAfrica,947,326879,435776,485979,557720,629595,658342,675820,156563,209111,233388,265972,298697,312335,320443,170316,226665,252591,291748,330898,346007,355377
66,CaboVerde,132,SubSaharanAfrica,947,5048,6639,8223,8819,9406,9768,10341,2472,3366,4262,4570,4873,5045,5341,2576,3273,3961,4249,4533,4723,5000
67,CotedIvoire,384,SubSaharanAfrica,947,1789579,2033398,2097698,2196031,2294365,2394709,2483381,996640,1127209,1162550,1217051,1271143,1326758,1375857,792939,906189,935148,978980,1023222,1067951,1107524
68,Gambia,270,SubSaharanAfrica,947,114683,146646,177198,176680,180447,186955,209397,64140,79439,93922,93088,94878,98145,110004,50543,67207,83276,83592,85569,88810,99393
69,Ghana,288,SubSaharanAfrica,947,150260,238335,175334,271561,283153,347523,399189,76138,119816,89485,142333,155133,190396,219119,74122,118519,85849,129228,128020,157127,180070
70,Guinea,324,SubSaharanAfrica,947,394159,763606,545824,187647,123873,93277,89596,195484,379417,270012,88645,58363,54112,52167,198675,384189,275812,99002,65510,39165,37429
71,GuineaBissau,624,SubSaharanAfrica,947,13890,25809,17628,18385,19183,20341,15827,6954,12744,8713,9123,9399,9872,7838,6936,13065,8915,9262,9784,10469,7989
72,Liberia,430,SubSaharanAfrica,947,61915,177339,122906,72532,89890,101462,78626,36022,94841,66996,41180,50755,56941,44198,25893,82498,55910,31352,39135,44521,34428
73,Mali,466,SubSaharanAfrica,947,138932,153657,134736,205108,285890,352572,421954,70436,78990,70441,105527,145231,178972,214754,68496,74667,64295,99581,140659,173600,207200
74,Mauritania,478,SubSaharanAfrica,947,106325,83896,51194,51860,36573,128559,140701,55031,44025,27602,28870,21478,73452,80577,51294,39871,23592,22990,15095,55107,60124
75,Niger,562,SubSaharanAfrica,947,104575,135130,111328,113382,115177,240174,330905,49548,64120,52569,53470,54235,114394,155280,55027,71010,58759,59912,60942,125780,175625
76,Nigeria,566,SubSaharanAfrica,947,299556,361537,437977,870507,889165,1076442,1177115,168057,201537,242576,506857,517661,590587,641991,131499,160000,195401,363650,371504,485855,535124
77,SaintHelena,654,SubSaharanAfrica,947,32,21,20,29,44,66,76,19,12,11,14,22,42,52,13,9,9,15,22,24,24
78,Senegal,686,SubSaharanAfrica,947,212091,227221,177601,180208,190901,196416,202508,111939,119477,97559,98352,104895,108092,111258,100152,107744,80042,81856,86006,88324,91250
79,SierraLeone,694,SubSaharanAfrica,947,216929,93398,92924,143173,76141,55648,50605,120021,53127,51485,74682,41559,31127,28660,96908,40271,41439,68491,34582,24521,21945
80,Togo,768,SubSaharanAfrica,947,71692,88607,122559,182747,233386,254043,256389,38219,46372,63626,93332,118599,128744,130823,33473,42235,58933,89415,114787,125299,125566
81,CentralAsia,5500,SubSaharanAfrica,947,75,61,53,49,47,45,41,35,29,27,23,23,23,23,40,32,26,26,24,22,18
82,Kazakhstan,398,SubSaharanAfrica,947,0,0,0,0,0,0,0,0,0,0,0,0,0,0,0,0,0,0,0,0,0
83,Kyrgyzstan,417,SubSaharanAfrica,947,0,0,0,0,0,0,0,0,0,0,0,0,0,0,0,0,0,0,0,0,0
84,Tajikistan,762,SubSaharanAfrica,947,75,61,53,49,47,45,41,35,29,27,23,23,23,23,40,32,26,26,24,22,18
85,Turkmenistan,795,SubSaharanAfrica,947,0,0,0,0,0,0,0,0,0,0,0,0,0,0,0,0,0,0,0,0,0
86,Uzbekistan,860,SubSaharanAfrica,947,0,0,0,0,0,0,0,0,0,0,0,0,0,0,0,0,0,0,0,0,0
87,EasternAsia,906,SubSaharanAfrica,947,791,2796,4188,5823,7355,6907,9420,403,1377,2040,2855,3661,3385,4726,388,1419,2148,2968,3694,3522,4694
88,China,156,SubSaharanAfrica,947,0,0,0,0,0,0,0,0,0,0,0,0,0,0,0,0,0,0,0,0,0
89,DemPeoplesRepublicofKorea,408,SubSaharanAfrica,947,0,0,0,0,0,0,0,0,0,0,0,0,0,0,0,0,0,0,0,0,0
90,Japan,392,SubSaharanAfrica,947,791,2456,3398,4350,4612,4643,5444,403,1178,1570,1981,2074,2073,2432,388,1278,1828,2369,2538,2570,3012
91,Mongolia,496,SubSaharanAfrica,947,0,0,0,0,0,0,0,0,0,0,0,0,0,0,0,0,0,0,0,0,0
92,RepublicofKorea,410,SubSaharanAfrica,947,0,340,790,1473,2743,2264,3976,0,199,470,874,1587,1312,2294,0,141,320,599,1156,952,1682
93,SouthEasternAsia,920,SubSaharanAfrica,947,1011,1415,4808,4352,3019,3542,5442,572,790,2629,2432,1914,2237,2851,439,625,2179,1920,1105,1305,2591
94,BruneiDarussalam,96,SubSaharanAfrica,947,0,0,0,0,0,0,0,0,0,0,0,0,0,0,0,0,0,0,0,0,0
95,Cambodia,116,SubSaharanAfrica,947,0,0,0,0,0,0,0,0,0,0,0,0,0,0,0,0,0,0,0,0,0
96,Indonesia,360,SubSaharanAfrica,947,0,0,0,0,0,0,0,0,0,0,0,0,0,0,0,0,0,0,0,0,0
97,LaoPeoplesDemocraticRepublic,418,SubSaharanAfrica,947,0,0,0,0,0,0,0,0,0,0,0,0,0,0,0,0,0,0,0,0,0
98,Malaysia,458,SubSaharanAfrica,947,51,121,233,588,1026,1510,3294,32,72,136,355,576,873,1402,19,49,97,233,450,637,1892
99,Myanmar,104,SubSaharanAfrica,947,0,0,0,0,0,0,0,0,0,0,0,0,0,0,0,0,0,0,0,0,0
100,Philippines,608,SubSaharanAfrica,947,958,1285,4550,3678,1831,1860,1970,539,713,2481,2032,1255,1275,1357,419,572,2069,1646,576,585,613
101,Singapore,702,SubSaharanAfrica,947,0,0,0,0,0,0,0,0,0,0,0,0,0,0,0,0,0,0,0,0,0
102,Thailand,764,SubSaharanAfrica,947,2,9,25,86,162,172,178,1,5,12,45,83,89,92,1,4,13,41,79,83,86
103,TimorLeste,626,SubSaharanAfrica,947,0,0,0,0,0,0,0,0,0,0,0,0,0,0,0,0,0,0,0,0,0
104,VietNam,704,SubSaharanAfrica,947,0,0,0,0,0,0,0,0,0,0,0,0,0,0,0,0,0,0,0,0,0
105,SouthernAsia,5501,SubSaharanAfrica,947,15072,10454,5836,38891,64249,59886,56028,7253,5039,2819,19415,23765,21441,19449,7819,5415,3017,19476,40484,38445,36579
106,Afghanistan,4,SubSaharanAfrica,947,0,0,0,0,0,0,0,0,0,0,0,0,0,0,0,0,0,0,0,0,0
107,Bangladesh,50,SubSaharanAfrica,947,0,0,0,0,0,0,0,0,0,0,0,0,0,0,0,0,0,0,0,0,0
108,Bhutan,64,SubSaharanAfrica,947,0,0,0,0,0,0,0,0,0,0,0,0,0,0,0,0,0,0,0,0,0
109,India,356,SubSaharanAfrica,947,15069,10419,5767,38752,63966,59601,55742,7251,5012,2775,19358,23645,21324,19330,7818,5407,2992,19394,40321,38277,36412
110,IranIslamicRepublicof,364,SubSaharanAfrica,947,0,0,0,0,0,0,0,0,0,0,0,0,0,0,0,0,0,0,0,0,0
111,Maldives,462,SubSaharanAfrica,947,0,0,0,0,0,0,0,0,0,0,0,0,0,0,0,0,0,0,0,0,0
112,Nepal,524,SubSaharanAfrica,947,0,0,0,0,0,0,0,0,0,0,0,0,0,0,0,0,0,0,0,0,0
113,Pakistan,586,SubSaharanAfrica,947,0,0,0,0,0,0,0,0,0,0,0,0,0,0,0,0,0,0,0,0,0
114,SriLanka,144,SubSaharanAfrica,947,3,35,69,139,283,285,286,2,27,44,57,120,117,119,1,8,25,82,163,168,167
115,WesternAsia,922,SubSaharanAfrica,947,207060,235295,259301,312955,505035,641798,693765,120857,138424,154061,190685,301958,374877,424826,86203,96871,105240,122270,203077,266921,268939
116,Armenia,51,SubSaharanAfrica,947,0,0,0,0,0,0,0,0,0,0,0,0,0,0,0,0,0,0,0,0,0
117,Azerbaijan,31,SubSaharanAfrica,947,0,0,0,0,0,0,0,0,0,0,0,0,0,0,0,0,0,0,0,0,0
118,Bahrain,48,SubSaharanAfrica,947,2054,2269,2495,3719,5771,6254,8099,1421,1555,1682,2488,3848,4251,5592,633,714,813,1231,1923,2003,2507
119,Cyprus,196,SubSaharanAfrica,947,1740,2468,3183,4781,7319,6702,8717,834,1128,1424,2100,3285,3060,4182,906,1340,1759,2681,4034,3642,4535
120,Georgia,268,SubSaharanAfrica,947,0,0,0,0,0,0,0,0,0,0,0,0,0,0,0,0,0,0,0,0,0
121,Iraq,368,SubSaharanAfrica,947,1077,1559,1477,1719,1757,1715,1727,841,1014,833,1175,1233,1286,1265,236,545,644,544,524,429,462
122,Israel,376,SubSaharanAfrica,947,49114,59868,67270,77860,89394,92195,89527,24650,29591,33200,38400,43985,45134,43830,24464,30277,34070,39460,45409,47061,45697
123,Jordan,400,SubSaharanAfrica,947,602,735,865,651,1339,1086,1391,407,458,510,456,903,622,796,195,277,355,195,436,464,595
124,Kuwait,414,SubSaharanAfrica,947,9505,7615,8687,9385,12443,18960,20564,5757,4855,5869,6190,8108,11367,12329,3748,2760,2818,3195,4335,7593,8235
125,Lebanon,422,SubSaharanAfrica,947,106,129,152,117,84,70,61,82,87,93,72,55,34,31,24,42,59,45,29,36,30
126,Oman,512,SubSaharanAfrica,947,0,0,0,0,0,317,405,0,0,0,0,0,214,273,0,0,0,0,0,103,132
127,Qatar,634,SubSaharanAfrica,947,13059,12034,9219,7366,11498,11380,15576,4919,5777,5804,4835,9155,9228,12444,8140,6257,3415,2531,2343,2152,3132
128,SaudiArabia,682,SubSaharanAfrica,947,61017,62534,64252,79371,102910,131493,164250,40588,41706,42943,54566,72127,91518,113287,20429,20828,21309,24805,30783,39975,50963
129,StateofPalestine,275,SubSaharanAfrica,947,0,0,0,0,0,0,0,0,0,0,0,0,0,0,0,0,0,0,0,0,0
130,SyrianArabRepublic,760,SubSaharanAfrica,947,200,345,443,1458,3100,1040,1079,102,175,224,746,1582,545,552,98,170,219,712,1518,495,527
131,Turkey,792,SubSaharanAfrica,947,448,803,1302,1407,2652,6004,5816,320,577,919,973,1682,3586,3375,128,226,383,434,970,2418,2441
132,UnitedArabEmirates,784,SubSaharanAfrica,947,15563,20065,25730,30394,64719,70716,77086,10719,14002,18020,20712,44852,48153,52478,4844,6063,7710,9682,19867,22563,24608
133,Yemen,887,SubSaharanAfrica,947,52575,64871,74226,94727,202049,293866,299467,30217,37499,42540,57972,111143,155879,174392,22358,27372,31686,36755,90906,137987,125075
134,EasternEurope,923,SubSaharanAfrica,947,11338,11589,11623,13146,14477,16582,23498,6136,6952,7639,9009,10248,11541,16346,5202,4637,3984,4137,4229,5041,7152
135,Belarus,112,SubSaharanAfrica,947,11,18,25,24,23,25,23,11,17,24,23,22,24,23,0,1,1,1,1,1,0
136,Bulgaria,100,SubSaharanAfrica,947,157,248,322,447,551,713,1116,124,176,222,284,350,433,675,33,72,100,163,201,280,441
137,Czechia,203,SubSaharanAfrica,947,243,369,488,1365,2104,2604,3424,182,271,364,1020,1588,1954,2498,61,98,124,345,516,650,926
138,Hungary,348,SubSaharanAfrica,947,549,1373,2183,2688,3196,3730,5150,437,954,1472,1827,2191,2470,3404,112,419,711,861,1005,1260,1746
139,Poland,616,SubSaharanAfrica,947,1312,1115,960,1284,1673,1571,2084,924,788,668,910,1180,1134,1555,388,327,292,374,493,437,529
140,RepublicofMoldova,498,SubSaharanAfrica,947,0,0,0,0,0,0,0,0,0,0,0,0,0,0,0,0,0,0,0,0,0
141,Romania,642,SubSaharanAfrica,947,2,2,2,2,13,612,4346,1,2,2,2,12,337,2934,1,0,0,0,1,275,1412
142,RussianFederation,643,SubSaharanAfrica,947,9030,8319,7336,6988,6527,6655,6587,4431,4644,4687,4718,4651,4733,4733,4599,3675,2649,2270,1876,1922,1854
143,Slovakia,703,SubSaharanAfrica,947,34,145,307,348,390,672,768,26,100,200,225,254,456,524,8,45,107,123,136,216,244
144,Ukraine,804,SubSaharanAfrica,947,0,0,0,0,0,0,0,0,0,0,0,0,0,0,0,0,0,0,0,0,0
145,NorthernEurope,924,SubSaharanAfrica,947,481746,648720,829519,1064189,1367005,1574603,1829908,245833,324027,408433,517324,666443,744802,876151,235913,324693,421086,546865,700562,829801,953757
146,ChannelIslands,830,SubSaharanAfrica,947,0,0,0,0,0,0,0,0,0,0,0,0,0,0,0,0,0,0,0,0,0
147,Denmark,208,SubSaharanAfrica,947,5213,13399,21557,24316,25857,33649,38954,2948,7123,11291,12538,13194,17471,20256,2265,6276,10266,11778,12663,16178,18698
148,Estonia,233,SubSaharanAfrica,947,0,0,0,0,89,246,929,0,0,0,0,63,191,696,0,0,0,0,26,55,233
149,FaroeIslands,234,SubSaharanAfrica,947,4,5,4,18,62,89,106,4,3,3,8,33,48,59,0,2,1,10,29,41,47
150,Finland,246,SubSaharanAfrica,947,999,3535,6052,12265,15985,23085,30641,640,2166,3687,7269,9431,13210,17557,359,1369,2365,4996,6554,9875,13084
151,Iceland,352,SubSaharanAfrica,947,181,263,326,450,558,706,1075,77,122,161,205,251,327,525,104,141,165,245,307,379,550
152,Ireland,372,SubSaharanAfrica,947,2757,10606,24294,36860,43362,44293,50699,1359,5041,11951,18603,19883,20012,23080,1398,5565,12343,18257,23479,24281,27619
153,IsleofMan,833,SubSaharanAfrica,947,303,345,387,485,577,807,821,145,164,184,220,252,398,405,158,181,203,265,325,409,416
154,Latvia,428,SubSaharanAfrica,947,24,26,38,40,53,65,85,17,19,31,36,45,53,68,7,7,7,4,8,12,17
155,Lithuania,440,SubSaharanAfrica,947,5,5,3,16,28,87,145,5,5,3,16,28,60,98,0,0,0,0,0,27,47
156,Norway,578,SubSaharanAfrica,947,7899,11561,17041,28828,44383,70883,85280,5160,6914,9506,15457,23243,37760,45288,2739,4647,7535,13371,21140,33123,39992
157,Sweden,752,SubSaharanAfrica,947,33820,40139,43068,53652,83282,136401,186769,18206,21461,22885,28169,42908,69837,97194,15614,18678,20183,25483,40374,66564,89575
158,UnitedKingdom,826,SubSaharanAfrica,947,430541,568836,716749,907259,1152769,1264292,1434404,217272,281009,348731,434803,557112,585435,670925,213269,287827,368018,472456,595657,678857,763479
159,SouthernEurope,925,SubSaharanAfrica,947,433960,506809,611719,802384,933344,971534,1213104,226420,261771,315610,445203,544777,545653,717809,207540,245038,296109,357181,388567,425881,495295
160,Albania,8,SubSaharanAfrica,947,0,0,0,0,0,0,0,0,0,0,0,0,0,0,0,0,0,0,0,0,0
161,Andorra,20,SubSaharanAfrica,947,0,0,0,0,0,0,0,0,0,0,0,0,0,0,0,0,0,0,0,0,0
162,BosniaandHerzegovina,70,SubSaharanAfrica,947,0,0,0,0,0,0,0,0,0,0,0,0,0,0,0,0,0,0,0,0,0
163,Croatia,191,SubSaharanAfrica,947,0,0,0,139,277,278,256,0,0,0,69,138,138,128,0,0,0,70,139,140,128
164,Gibraltar,292,SubSaharanAfrica,947,0,0,0,0,0,0,0,0,0,0,0,0,0,0,0,0,0,0,0,0,0
165,Greece,300,SubSaharanAfrica,947,10950,13332,15939,18251,21278,19822,30114,6518,7102,7692,9113,10895,9577,15251,4432,6230,8247,9138,10383,10245,14863
166,HolySee,336,SubSaharanAfrica,947,0,0,0,0,0,0,0,0,0,0,0,0,0,0,0,0,0,0,0,0,0
167,Italy,380,SubSaharanAfrica,947,132263,160319,188356,275939,352045,383970,523749,77258,89468,101685,157976,204911,231248,346286,55005,70851,86671,117963,147134,152722,177463
168,Malta,470,SubSaharanAfrica,947,187,224,279,342,5930,4236,9219,114,135,175,208,3040,2345,5439,73,89,104,134,2890,1891,3780
169,Montenegro,499,SubSaharanAfrica,947,0,0,0,0,0,0,0,0,0,0,0,0,0,0,0,0,0,0,0,0,0
170,NorthMacedonia,807,SubSaharanAfrica,947,0,0,0,0,0,0,0,0,0,0,0,0,0,0,0,0,0,0,0,0,0
171,Portugal,620,SubSaharanAfrica,947,267085,300176,345478,359876,314542,356578,409293,128600,144930,167732,174493,152696,163662,194704,138485,155246,177746,185383,161846,192916,214589
172,SanMarino,674,SubSaharanAfrica,947,0,0,0,0,0,0,0,0,0,0,0,0,0,0,0,0,0,0,0,0,0
173,Serbia,688,SubSaharanAfrica,947,15,126,209,267,263,255,253,8,56,93,127,124,121,122,7,70,116,140,139,134,131
174,Slovenia,705,SubSaharanAfrica,947,29,58,123,128,217,434,553,16,33,65,66,132,271,356,13,25,58,62,85,163,197
175,Spain,724,SubSaharanAfrica,947,23431,32574,61335,147442,238792,205961,239667,13906,20047,38168,103151,172841,138291,155523,9525,12527,23167,44291,65951,67670,84144
176,WesternEurope,926,SubSaharanAfrica,947,789643,862659,934703,1254064,1455333,1699578,2063490,432778,466273,497650,639753,717906,823642,1026984,356865,396386,437053,614311,737427,875936,1036506
177,Austria,40,SubSaharanAfrica,947,13225,14933,16618,18408,20900,26923,33361,7909,9024,10138,11067,12369,15813,19419,5316,5909,6480,7341,8531,11110,13942
178,Belgium,56,SubSaharanAfrica,947,92668,90465,84909,123717,164778,211097,244201,50469,48458,43106,61370,79366,102206,117889,42199,42007,41803,62347,85412,108891,126312
179,France,250,SubSaharanAfrica,947,514393,531037,547656,777573,904797,1006559,1116709,268887,273321,277747,380575,432134,466577,519319,245506,257716,269909,396998,472663,539982,597390
180,Germany,276,SubSaharanAfrica,947,90855,114670,138473,158555,174839,207145,366169,63879,75072,86268,91369,95502,112570,214141,26976,39598,52205,67186,79337,94575,152028
181,Liechtenstein,438,SubSaharanAfrica,947,0,0,1,15,83,115,120,0,0,1,7,44,63,59,0,0,0,8,39,52,61
182,Luxembourg,442,SubSaharanAfrica,947,1449,1561,1695,1468,1264,1924,18583,697,723,754,704,661,1021,9578,752,838,941,764,603,903,9005
183,Monaco,492,SubSaharanAfrica,947,0,0,0,0,0,0,0,0,0,0,0,0,0,0,0,0,0,0,0,0,0
184,Netherlands,528,SubSaharanAfrica,947,41192,64202,89412,110310,112313,137251,157159,22866,35476,49168,61322,59840,71902,81063,18326,28726,40244,48988,52473,65349,76096
185,Switzerland,756,SubSaharanAfrica,947,35861,45791,55939,64018,76359,108564,127188,18071,24199,30468,33339,37990,53490,65516,17790,21592,25471,30679,38369,55074,61672
186,Caribbean,915,SubSaharanAfrica,947,1610,1881,2220,2251,2469,2566,2625,845,965,1134,1073,1128,1163,1252,765,916,1086,1178,1341,1403,1373
187,Anguilla,660,SubSaharanAfrica,947,0,0,0,0,0,0,0,0,0,0,0,0,0,0,0,0,0,0,0,0,0
188,AntiguaandBarbuda,28,SubSaharanAfrica,947,65,118,169,183,194,206,208,31,55,78,84,89,95,100,34,63,91,99,105,111,108
189,Aruba,533,SubSaharanAfrica,947,0,0,0,0,0,0,0,0,0,0,0,0,0,0,0,0,0,0,0,0,0
190,Bahamas,44,SubSaharanAfrica,947,80,164,251,306,356,386,399,47,102,163,179,194,209,222,33,62,88,127,162,177,177
191,Barbados,52,SubSaharanAfrica,947,0,0,0,0,0,0,0,0,0,0,0,0,0,0,0,0,0,0,0,0,0
192,BritishVirginIslands,92,SubSaharanAfrica,947,0,0,0,0,0,0,0,0,0,0,0,0,0,0,0,0,0,0,0,0,0
193,CaymanIslands,136,SubSaharanAfrica,947,42,90,162,149,151,154,167,25,52,92,86,85,89,100,17,38,70,63,66,65,67
194,Cuba,192,SubSaharanAfrica,947,218,165,106,84,63,44,30,132,97,59,43,27,17,11,86,68,47,41,36,27,19
195,CuraÃao,531,SubSaharanAfrica,947,0,0,0,0,0,0,0,0,0,0,0,0,0,0,0,0,0,0,0,0,0
196,Dominica,212,SubSaharanAfrica,947,18,24,29,35,43,50,50,7,9,11,14,17,20,21,11,15,18,21,26,30,29
197,DominicanRepublic,214,SubSaharanAfrica,947,396,444,485,389,293,299,307,231,254,275,221,163,172,178,165,190,210,168,130,127,129
198,Grenada,308,SubSaharanAfrica,947,0,0,0,0,0,0,0,0,0,0,0,0,0,0,0,0,0,0,0,0,0
199,Guadeloupe,312,SubSaharanAfrica,947,244,294,344,364,383,367,363,117,138,160,131,101,89,86,127,156,184,233,282,278,277
200,Haiti,332,SubSaharanAfrica,947,0,0,0,0,0,0,0,0,0,0,0,0,0,0,0,0,0,0,0,0,0
201,Jamaica,388,SubSaharanAfrica,947,0,0,0,0,0,0,0,0,0,0,0,0,0,0,0,0,0,0,0,0,0
202,Martinique,474,SubSaharanAfrica,947,253,309,366,383,400,464,460,77,93,110,108,106,113,112,176,216,256,275,294,351,348
203,Montserrat,500,SubSaharanAfrica,947,0,0,0,0,0,0,0,0,0,0,0,0,0,0,0,0,0,0,0,0,0
204,PuertoRico,630,SubSaharanAfrica,947,0,0,0,0,0,0,0,0,0,0,0,0,0,0,0,0,0,0,0,0,0
205,SaintBarthelemy,652,SubSaharanAfrica,947,0,0,0,0,0,0,0,0,0,0,0,0,0,0,0,0,0,0,0,0,0
206,SaintKittsandNevis,659,SubSaharanAfrica,947,0,0,0,0,0,0,0,0,0,0,0,0,0,0,0,0,0,0,0,0,0
207,SaintLucia,662,SubSaharanAfrica,947,23,27,41,72,101,94,84,11,13,21,30,37,36,34,12,14,20,42,64,58,50
208,SaintMartinFrenchpart,663,SubSaharanAfrica,947,0,0,0,0,0,0,0,0,0,0,0,0,0,0,0,0,0,0,0,0,0
209,SaintVincentandtheGrenadines,670,SubSaharanAfrica,947,0,0,0,0,0,0,0,0,0,0,0,0,0,0,0,0,0,0,0,0,0
210,SintMaartenDutchpart,534,SubSaharanAfrica,947,0,0,0,0,0,0,0,0,0,0,0,0,0,0,0,0,0,0,0,0,0
211,TrinidadandTobago,780,SubSaharanAfrica,947,271,246,267,286,485,502,557,167,152,165,177,309,323,388,104,94,102,109,176,179,169
212,TurksandCaicosIslands,796,SubSaharanAfrica,947,0,0,0,0,0,0,0,0,0,0,0,0,0,0,0,0,0,0,0,0,0
213,UnitedStatesVirginIslands,850,SubSaharanAfrica,947,0,0,0,0,0,0,0,0,0,0,0,0,0,0,0,0,0,0,0,0,0
214,CentralAmerica,916,SubSaharanAfrica,947,769,626,673,936,1244,1282,1382,418,341,359,513,713,750,831,351,285,314,423,531,532,551
215,Belize,84,SubSaharanAfrica,947,30,31,32,35,38,44,49,25,25,26,29,32,37,43,5,6,6,6,6,7,6
216,CostaRica,188,SubSaharanAfrica,947,109,85,99,90,150,128,145,51,38,49,38,67,62,74,58,47,50,52,83,66,71
217,ElSalvador,222,SubSaharanAfrica,947,0,0,0,0,0,0,0,0,0,0,0,0,0,0,0,0,0,0,0,0,0
218,Guatemala,320,SubSaharanAfrica,947,0,0,0,0,0,0,0,0,0,0,0,0,0,0,0,0,0,0,0,0,0
219,Honduras,340,SubSaharanAfrica,947,0,0,0,0,0,0,0,0,0,0,0,0,0,0,0,0,0,0,0,0,0
220,Mexico,484,SubSaharanAfrica,947,443,349,276,429,629,649,702,239,189,147,260,401,420,464,204,160,129,169,228,229,238
221,Nicaragua,558,SubSaharanAfrica,947,168,135,229,334,354,378,388,91,72,113,156,169,180,187,77,63,116,178,185,198,201
222,Panama,591,SubSaharanAfrica,947,19,26,37,48,73,83,98,12,17,24,30,44,51,63,7,9,13,18,29,32,35
223,SouthAmerica,931,SubSaharanAfrica,947,7693,8624,9653,11346,16485,26951,35569,4109,4699,5364,6093,9301,17241,23635,3584,3925,4289,5253,7184,9710,11934
224,Argentina,32,SubSaharanAfrica,947,693,677,661,512,319,319,317,273,269,270,211,139,139,139,420,408,391,301,180,180,178
225,BoliviaPlurinationalStateof,68,SubSaharanAfrica,947,77,85,74,195,294,366,362,31,32,32,97,161,192,203,46,53,42,98,133,174,159
226,Brazil,76,SubSaharanAfrica,947,5855,6774,7692,9350,14319,24611,33024,3189,3777,4365,5051,8102,15965,22212,2666,2997,3327,4299,6217,8646,10812
227,Chile,152,SubSaharanAfrica,947,0,0,0,0,0,0,0,0,0,0,0,0,0,0,0,0,0,0,0,0,0
228,Colombia,170,SubSaharanAfrica,947,0,0,0,0,0,0,0,0,0,0,0,0,0,0,0,0,0,0,0,0,0
229,Ecuador,218,SubSaharanAfrica,947,111,126,139,168,264,304,326,78,87,98,115,187,203,229,33,39,41,53,77,101,97
230,FalklandIslandsMalvinas,238,SubSaharanAfrica,947,31,32,133,153,295,323,402,18,19,79,88,167,181,227,13,13,54,65,128,142,175
231,FrenchGuiana,254,SubSaharanAfrica,947,365,381,396,374,351,353,396,188,188,187,176,164,163,183,177,193,209,198,187,190,213
232,Guyana,328,SubSaharanAfrica,947,0,0,0,0,0,0,0,0,0,0,0,0,0,0,0,0,0,0,0,0,0
233,Paraguay,600,SubSaharanAfrica,947,0,0,0,0,0,0,0,0,0,0,0,0,0,0,0,0,0,0,0,0,0
234,Peru,604,SubSaharanAfrica,947,79,81,96,113,125,133,243,48,48,56,65,73,79,144,31,33,40,48,52,54,99
235,Suriname,740,SubSaharanAfrica,947,0,0,0,0,0,0,0,0,0,0,0,0,0,0,0,0,0,0,0,0,0
236,Uruguay,858,SubSaharanAfrica,947,0,0,0,0,0,0,0,0,0,0,0,0,0,0,0,0,0,0,0,0,0
237,VenezuelaBolivarianRepublicof,862,SubSaharanAfrica,947,482,468,462,481,518,542,499,284,279,277,290,308,319,298,198,189,185,191,210,223,201
238,Bermuda,60,SubSaharanAfrica,947,75,141,174,222,274,291,341,48,92,113,137,155,160,202,27,49,61,85,119,131,139
239,Canada,124,SubSaharanAfrica,947,156027,177734,203671,253599,305255,401477,434948,75957,86067,98247,124173,151045,198238,214801,80070,91667,105424,129426,154210,203239,220147
240,Greenland,304,SubSaharanAfrica,947,0,0,0,0,0,0,0,0,0,0,0,0,0,0,0,0,0,0,0,0,0
241,SaintPierreandMiquelon,666,SubSaharanAfrica,947,0,0,0,0,0,0,0,0,0,0,0,0,0,0,0,0,0,0,0,0,0
242,UnitedStatesofAmerica,840,SubSaharanAfrica,947,242409,428587,618798,902970,1222275,1572353,2031637,132245,237885,346154,467247,616855,782541,999437,110164,190702,272644,435723,605420,789812,1032200
243,Australia,36,SubSaharanAfrica,947,107043,119266,146191,207819,295421,359971,415873,53936,59754,73281,104527,148347,182378,209664,53107,59512,72910,103292,147074,177593,206209
244,NewZealand,554,SubSaharanAfrica,947,7291,13133,32566,53012,62167,70331,89072,3443,6383,15832,25733,30122,34012,43078,3848,6750,16734,27279,32045,36319,45994
245,Melanesia,928,SubSaharanAfrica,947,38,38,28,34,28,28,27,22,23,19,25,19,21,22,16,15,9,9,9,7,5
246,Fiji,242,SubSaharanAfrica,947,0,0,0,0,0,0,0,0,0,0,0,0,0,0,0,0,0,0,0,0,0
247,NewCaledonia,540,SubSaharanAfrica,947,0,0,0,0,0,0,0,0,0,0,0,0,0,0,0,0,0,0,0,0,0
248,PapuaNewGuinea,598,SubSaharanAfrica,947,38,38,28,34,28,28,27,22,23,19,25,19,21,22,16,15,9,9,9,7,5
249,SolomonIslands,90,SubSaharanAfrica,947,0,0,0,0,0,0,0,0,0,0,0,0,0,0,0,0,0,0,0,0,0
250,Vanuatu,548,SubSaharanAfrica,947,0,0,0,0,0,0,0,0,0,0,0,0,0,0,0,0,0,0,0,0,0
251,Micronesia,954,SubSaharanAfrica,947,0,0,0,0,0,0,0,0,0,0,0,0,0,0,0,0,0,0,0,0,0
252,Guam,316,SubSaharanAfrica,947,0,0,0,0,0,0,0,0,0,0,0,0,0,0,0,0,0,0,0,0,0
253,Kiribati,296,SubSaharanAfrica,947,0,0,0,0,0,0,0,0,0,0,0,0,0,0,0,0,0,0,0,0,0
254,MarshallIslands,584,SubSaharanAfrica,947,0,0,0,0,0,0,0,0,0,0,0,0,0,0,0,0,0,0,0,0,0
255,MicronesiaFedStatesof,583,SubSaharanAfrica,947,0,0,0,0,0,0,0,0,0,0,0,0,0,0,0,0,0,0,0,0,0
256,Nauru,520,SubSaharanAfrica,947,0,0,0,0,0,0,0,0,0,0,0,0,0,0,0,0,0,0,0,0,0
257,NorthernMarianaIslands,580,SubSaharanAfrica,947,0,0,0,0,0,0,0,0,0,0,0,0,0,0,0,0,0,0,0,0,0
258,Palau,585,SubSaharanAfrica,947,0,0,0,0,0,0,0,0,0,0,0,0,0,0,0,0,0,0,0,0,0
259,Polynesia,957,SubSaharanAfrica,947,35,44,52,58,41,38,27,19,24,28,30,23,26,18,16,20,24,28,18,12,9
260,AmericanSamoa,16,SubSaharanAfrica,947,0,0,0,0,0,0,0,0,0,0,0,0,0,0,0,0,0,0,0,0,0
261,CookIslands,184,SubSaharanAfrica,947,0,0,0,0,0,0,0,0,0,0,0,0,0,0,0,0,0,0,0,0,0
262,FrenchPolynesia,258,SubSaharanAfrica,947,0,0,0,0,0,0,0,0,0,0,0,0,0,0,0,0,0,0,0,0,0
263,Niue,570,SubSaharanAfrica,947,0,0,0,0,0,0,0,0,0,0,0,0,0,0,0,0,0,0,0,0,0
264,Samoa,882,SubSaharanAfrica,947,0,0,0,0,0,0,0,0,0,0,0,0,0,0,0,0,0,0,0,0,0
265,Tokelau,772,SubSaharanAfrica,947,0,0,0,0,0,0,0,0,0,0,0,0,0,0,0,0,0,0,0,0,0
266,Tonga,776,SubSaharanAfrica,947,0,0,0,0,0,0,0,0,0,0,0,0,0,0,0,0,0,0,0,0,0
267,Tuvalu,798,SubSaharanAfrica,947,0,0,0,0,0,0,0,0,0,0,0,0,0,0,0,0,0,0,0,0,0
268,WallisandFutunaIslands,876,SubSaharanAfrica,947,35,44,52,58,41,38,27,19,24,28,30,23,26,18,16,20,24,28,18,12,9
269,SubSaharanAfrica,947,NorthernAfricaandWesternAsia,1833,269548,446209,533205,818996,613560,1145027,1239160,137100,227689,273080,409305,294282,554696,593971,132448,218520,260125,409691,319278,590331,645189
270,NorthernAfricaandWesternAsia,1833,NorthernAfricaandWesternAsia,1833,6256266,7111935,7874636,8929625,11660246,16701758,19145437,3377679,3873928,4359508,5037083,6782578,9691185,11095059,2878587,3238007,3515128,3892542,4877668,7010573,8050378
271,CentralandSouthernAsia,921,NorthernAfricaandWesternAsia,1833,485915,455473,408649,369113,379759,346590,330579,245059,230665,214515,196509,200827,185116,169334,240856,224808,194134,172604,178932,161474,161245
272,EasternandSouthEasternAsia,1832,NorthernAfricaandWesternAsia,1833,30176,21804,23741,25425,24771,27424,29006,14833,11156,12283,13980,13929,15603,16510,15343,10648,11458,11445,10842,11821,12496
273,LatinAmericaandtheCaribbean,1830,NorthernAfricaandWesternAsia,1833,82498,76692,71416,67316,65784,73550,80477,47302,44147,41307,39779,39963,44539,49005,35196,32545,30109,27537,25821,29011,31472
274,OceaniaexcludingAustraliaandNewZealand,1835,NorthernAfricaandWesternAsia,1833,2143,2446,2737,2901,3008,2440,2546,1259,1418,1569,1667,1737,1329,1383,884,1028,1168,1234,1271,1111,1163
275,AustraliaandNewZealand,927,NorthernAfricaandWesternAsia,1833,212229,227892,244553,290285,340843,376683,439410,112068,119930,128314,152732,180753,197710,230761,100161,107962,116239,137553,160090,178973,208649
276,EuropeandNorthernAmerica,1829,NorthernAfricaandWesternAsia,1833,9026443,9726986,10278117,11364130,12225740,13932575,16297205,4894713,5320328,5705831,6246186,6735394,7487125,8785027,4131730,4406658,4572286,5117944,5490346,6445450,7512178
277,Developedregions,901,NorthernAfricaandWesternAsia,1833,9239040,9955523,10523773,11655918,12568176,14311005,16738574,5006968,5440567,5834655,6399603,6916864,7685615,9016663,4232072,4514956,4689118,5256315,5651312,6625390,7721911
278,Lessdevelopedregions,902,NorthernAfricaandWesternAsia,1833,7126178,8113914,8913281,10211873,12745535,18295042,20825246,3823045,4388694,4901752,5697638,7332599,10491688,11924387,3303133,3725220,4011529,4514235,5412936,7803354,8900859
279,Leastdevelopedcountries,941,NorthernAfricaandWesternAsia,1833,308627,460400,542497,814131,652634,1195002,1291059,158300,236252,279046,404308,314946,580016,614327,150327,224148,263451,409823,337688,614986,676732
280,LandlockedDevelopingCountriesLLDC,1636,NorthernAfricaandWesternAsia,1833,1140351,1388635,1425025,1507915,1069714,1553667,1629483,523164,633087,655207,706975,508205,751090,780170,617187,755548,769818,800940,561509,802577,849313
281,SmallislanddevelopingStatesSIDS,1637,NorthernAfricaandWesternAsia,1833,48752,54168,59714,89531,137968,148576,190974,31075,34712,38208,57646,89269,98054,128258,17677,19456,21506,31885,48699,50522,62716
282,Highincomecountries,1503,NorthernAfricaandWesternAsia,1833,9349010,10238592,11089566,12829229,15415403,18229558,21642869,5328534,5802984,6303960,7295119,9005523,10416030,12383639,4020476,4435608,4785606,5534110,6409880,7813528,9259230
283,Middleincomecountries,1517,NorthernAfricaandWesternAsia,1833,6468255,7098179,7447765,7477911,7703092,12488284,13908240,3220350,3652883,3971470,4016919,4144277,6829812,7581163,3247905,3445296,3476295,3460992,3558815,5658472,6327077
284,Uppermiddleincomecountries,1502,NorthernAfricaandWesternAsia,1833,5494345,6083907,6388898,6368045,6570472,11270731,12566666,2739036,3135625,3418801,3421885,3549653,6182262,6886038,2755309,2948282,2970097,2946160,3020819,5088469,5680628
285,Lowermiddleincomecountries,1501,NorthernAfricaandWesternAsia,1833,973910,1014272,1058867,1109866,1132620,1217553,1341574,481314,517258,552669,595034,594624,647550,695125,492596,497014,506198,514832,537996,570003,646449
286,Lowincomecountries,1500,NorthernAfricaandWesternAsia,1833,547392,731939,898830,1559664,2194136,1886829,2011300,280856,373050,460562,784751,1099173,930812,975577,266536,358889,438268,774913,1094963,956017,1035723
287,EasternAfrica,910,NorthernAfricaandWesternAsia,1833,179638,343697,416961,488918,215245,698013,728695,90701,173630,211444,253263,106845,342511,352889,88937,170067,205517,235655,108400,355502,375806
288,Burundi,108,NorthernAfricaandWesternAsia,1833,0,0,0,0,0,0,0,0,0,0,0,0,0,0,0,0,0,0,0,0,0
289,Comoros,174,NorthernAfricaandWesternAsia,1833,0,0,0,0,0,0,0,0,0,0,0,0,0,0,0,0,0,0,0,0,0
290,Djibouti,262,NorthernAfricaandWesternAsia,1833,289,236,238,219,242,6157,5322,139,114,115,113,117,2974,2595,150,122,123,106,125,3183,2727
291,Eritrea,232,NorthernAfricaandWesternAsia,1833,131,155,180,170,172,208,181,69,85,102,104,112,136,120,62,70,78,66,60,72,61
292,Ethiopia,231,NorthernAfricaandWesternAsia,1833,53925,33097,18544,74021,36898,40823,44012,28344,18267,11688,42800,18867,20667,20644,25581,14830,6856,31221,18031,20156,23368
293,Kenya,404,NorthernAfricaandWesternAsia,1833,814,41215,56360,76711,26998,10266,9926,467,21845,28061,42192,13275,5133,5016,347,19370,28299,34519,13723,5133,4910
294,Madagascar,450,NorthernAfricaandWesternAsia,1833,0,0,0,0,0,0,0,0,0,0,0,0,0,0,0,0,0,0,0,0,0
295,Malawi,454,NorthernAfricaandWesternAsia,1833,0,0,0,0,0,0,0,0,0,0,0,0,0,0,0,0,0,0,0,0,0
296,Mauritius,480,NorthernAfricaandWesternAsia,1833,0,0,0,0,0,0,0,0,0,0,0,0,0,0,0,0,0,0,0,0,0
297,Mayotte,175,NorthernAfricaandWesternAsia,1833,0,0,0,0,0,0,0,0,0,0,0,0,0,0,0,0,0,0,0,0,0
298,Mozambique,508,NorthernAfricaandWesternAsia,1833,0,0,0,0,0,0,0,0,0,0,0,0,0,0,0,0,0,0,0,0,0
299,Reunion,638,NorthernAfricaandWesternAsia,1833,0,0,0,0,0,0,0,0,0,0,0,0,0,0,0,0,0,0,0,0,0
300,Rwanda,646,NorthernAfricaandWesternAsia,1833,0,0,0,0,0,0,0,0,0,0,0,0,0,0,0,0,0,0,0,0,0
301,Seychelles,690,NorthernAfricaandWesternAsia,1833,0,0,0,0,0,0,0,0,0,0,0,0,0,0,0,0,0,0,0,0,0
302,Somalia,706,NorthernAfricaandWesternAsia,1833,0,0,0,0,0,5883,13285,0,0,0,0,0,2991,7083,0,0,0,0,0,2892,6202
303,SouthSudan,728,NorthernAfricaandWesternAsia,1833,0,0,0,0,5405,567679,593099,0,0,0,0,3047,280306,289209,0,0,0,0,2358,287373,303890
304,Uganda,800,NorthernAfricaandWesternAsia,1833,124244,268855,341556,337681,145366,66853,62670,61548,133239,171430,167986,71323,30213,28093,62696,135616,170126,169695,74043,36640,34577
305,UnitedRepublicofTanzania,834,NorthernAfricaandWesternAsia,1833,0,0,0,0,0,0,0,0,0,0,0,0,0,0,0,0,0,0,0,0,0
306,Zambia,894,NorthernAfricaandWesternAsia,1833,235,139,83,116,164,144,200,134,80,48,68,104,91,129,101,59,35,48,60,53,71
307,Zimbabwe,716,NorthernAfricaandWesternAsia,1833,0,0,0,0,0,0,0,0,0,0,0,0,0,0,0,0,0,0,0,0,0
308,MiddleAfrica,911,NorthernAfricaandWesternAsia,1833,50161,64528,78645,290659,322734,351848,404972,25848,34046,41766,134920,147415,161105,183083,24313,30482,36879,155739,175319,190743,221889
309,Angola,24,NorthernAfricaandWesternAsia,1833,0,0,0,0,0,0,0,0,0,0,0,0,0,0,0,0,0,0,0,0,0
310,Cameroon,120,NorthernAfricaandWesternAsia,1833,0,0,0,0,0,0,0,0,0,0,0,0,0,0,0,0,0,0,0,0,0
311,CentralAfricanRepublic,140,NorthernAfricaandWesternAsia,1833,22172,27096,29666,23156,22743,19591,20746,11530,14375,15965,12477,12262,10498,10996,10642,12721,13701,10679,10481,9093,9750
312,Chad,148,NorthernAfricaandWesternAsia,1833,10625,20262,29899,248464,294260,322285,374098,5736,10920,16105,112718,131822,146901,168255,4889,9342,13794,135746,162438,175384,205843
313,Congo,178,NorthernAfricaandWesternAsia,1833,358,414,580,369,878,1167,1158,220,247,339,252,560,726,719,138,167,241,117,318,441,439
314,DemocraticRepublicoftheCongo,180,NorthernAfricaandWesternAsia,1833,15895,15271,16643,16647,2506,5523,5370,7651,7553,8163,8165,1237,678,581,8244,7718,8480,8482,1269,4845,4789
315,EquatorialGuinea,226,NorthernAfricaandWesternAsia,1833,0,0,0,0,0,0,0,0,0,0,0,0,0,0,0,0,0,0,0,0,0
316,Gabon,266,NorthernAfricaandWesternAsia,1833,1111,1485,1857,2023,2347,3282,3600,711,951,1194,1308,1534,2302,2532,400,534,663,715,813,980,1068
317,SaoTomeandPrincipe,678,NorthernAfricaandWesternAsia,1833,0,0,0,0,0,0,0,0,0,0,0,0,0,0,0,0,0,0,0,0,0
318,NorthernAfrica,912,NorthernAfricaandWesternAsia,1833,670121,722313,796787,865776,944410,1095039,1258042,356332,406854,472473,550583,595578,691453,775449,313789,315459,324314,315193,348832,403586,482593
319,Algeria,12,NorthernAfricaandWesternAsia,1833,230417,226768,223123,176391,193818,213980,223853,126269,124386,122504,96847,102629,113203,118301,104148,102382,100619,79544,91189,100777,105552
320,Egypt,818,NorthernAfricaandWesternAsia,1833,99457,99059,116525,190323,214640,276541,382331,52127,52202,61429,110873,121642,161746,204857,47330,46857,55096,79450,92998,114795,177474
321,Libya,434,NorthernAfricaandWesternAsia,1833,276018,333250,395976,436402,478924,536256,572782,145065,197886,257162,310730,342116,381582,411427,130953,135364,138814,125672,136808,154674,161355
322,Morocco,504,NorthernAfricaandWesternAsia,1833,16518,15156,15964,16933,18402,24335,27531,8738,7907,8201,8583,9279,12220,14190,7780,7249,7763,8350,9123,12115,13341
323,Sudan,729,NorthernAfricaandWesternAsia,1833,23843,24325,24819,26296,16376,14980,20719,12259,12530,12808,13572,8454,7734,10548,11584,11795,12011,12724,7922,7246,10171
324,Tunisia,788,NorthernAfricaandWesternAsia,1833,23827,23710,20330,19372,22182,28869,30746,11856,11923,10346,9950,11425,14929,16085,11971,11787,9984,9422,10757,13940,14661
325,WesternSahara,732,NorthernAfricaandWesternAsia,1833,41,45,50,59,68,78,80,18,20,23,28,33,39,41,23,25,27,31,35,39,39
326,SouthernAfrica,913,NorthernAfricaandWesternAsia,1833,13529,10842,10966,13677,19284,24488,28309,6668,5741,6117,7368,10147,12850,16418,6861,5101,4849,6309,9137,11638,11891
327,Botswana,72,NorthernAfricaandWesternAsia,1833,0,0,0,0,0,0,0,0,0,0,0,0,0,0,0,0,0,0,0,0,0
328,Eswatini,748,NorthernAfricaandWesternAsia,1833,0,0,0,0,0,0,0,0,0,0,0,0,0,0,0,0,0,0,0,0,0
329,Lesotho,426,NorthernAfricaandWesternAsia,1833,0,0,0,0,0,0,0,0,0,0,0,0,0,0,0,0,0,0,0,0,0
330,Namibia,516,NorthernAfricaandWesternAsia,1833,1766,1683,1577,1243,1193,1163,1234,922,887,826,650,627,615,657,844,796,751,593,566,548,577
331,SouthAfrica,710,NorthernAfricaandWesternAsia,1833,11763,9159,9389,12434,18091,23325,27075,5746,4854,5291,6718,9520,12235,15761,6017,4305,4098,5716,8571,11090,11314
332,WesternAfrica,914,NorthernAfricaandWesternAsia,1833,26220,27142,26633,25742,56297,70678,77184,13883,14272,13753,13754,29875,38230,41581,12337,12870,12880,11988,26422,32448,35603
333,Benin,204,NorthernAfricaandWesternAsia,1833,0,0,0,0,0,0,0,0,0,0,0,0,0,0,0,0,0,0,0,0,0
334,BurkinaFaso,854,NorthernAfricaandWesternAsia,1833,0,0,0,0,0,0,0,0,0,0,0,0,0,0,0,0,0,0,0,0,0
335,CaboVerde,132,NorthernAfricaandWesternAsia,1833,0,0,0,0,0,0,0,0,0,0,0,0,0,0,0,0,0,0,0,0,0
336,CotedIvoire,384,NorthernAfricaandWesternAsia,1833,5379,5397,5623,5886,6149,6419,6663,3192,3187,3319,3474,3628,3788,3932,2187,2210,2304,2412,2521,2631,2731
337,Gambia,270,NorthernAfricaandWesternAsia,1833,0,0,0,0,0,0,0,0,0,0,0,0,0,0,0,0,0,0,0,0,0
338,Ghana,288,NorthernAfricaandWesternAsia,1833,632,630,704,990,963,1181,1347,359,385,404,593,586,720,829,273,245,300,397,377,461,518
339,Guinea,324,NorthernAfricaandWesternAsia,1833,712,820,559,270,135,8248,7898,372,471,325,182,92,5064,4870,340,349,234,88,43,3184,3028
340,GuineaBissau,624,NorthernAfricaandWesternAsia,1833,0,0,0,0,0,0,0,0,0,0,0,0,0,0,0,0,0,0,0,0,0
341,Liberia,430,NorthernAfricaandWesternAsia,1833,4230,4133,4056,1852,871,999,771,2719,2454,2194,1297,623,712,554,1511,1679,1862,555,248,287,217
342,Mali,466,NorthernAfricaandWesternAsia,1833,380,507,554,2270,7699,9468,11098,245,272,263,1043,3995,4911,5772,135,235,291,1227,3704,4557,5326
343,Mauritania,478,NorthernAfricaandWesternAsia,1833,3110,3317,3423,3461,28465,31711,34947,1534,1798,2019,2092,15229,17022,18832,1576,1519,1404,1369,13236,14689,16115
344,Niger,562,NorthernAfricaandWesternAsia,1833,730,905,1091,1114,1134,1146,2558,394,471,552,563,573,589,1192,336,434,539,551,561,557,1366
345,Nigeria,566,NorthernAfricaandWesternAsia,1833,0,0,0,0,0,0,0,0,0,0,0,0,0,0,0,0,0,0,0,0,0
346,SaintHelena,654,NorthernAfricaandWesternAsia,1833,0,0,0,0,0,0,0,0,0,0,0,0,0,0,0,0,0,0,0,0,0
347,Senegal,686,NorthernAfricaandWesternAsia,1833,8957,9364,8539,9145,10190,10874,11309,4017,4168,3638,4047,4724,5038,5235,4940,5196,4901,5098,5466,5836,6074
348,SierraLeone,694,NorthernAfricaandWesternAsia,1833,2090,2069,2084,754,691,632,593,1051,1066,1039,463,425,386,365,1039,1003,1045,291,266,246,228
349,Togo,768,NorthernAfricaandWesternAsia,1833,0,0,0,0,0,0,0,0,0,0,0,0,0,0,0,0,0,0,0,0,0
350,CentralAsia,5500,NorthernAfricaandWesternAsia,1833,158304,152605,146986,153628,158573,162093,167108,78142,77247,74936,80073,83975,87196,90164,80162,75358,72050,73555,74598,74897,76944
351,Kazakhstan,398,NorthernAfricaandWesternAsia,1833,66850,72974,79096,90173,101248,107690,113332,35755,38571,41387,48322,55258,59576,62701,31095,34403,37709,41851,45990,48114,50631
352,Kyrgyzstan,417,NorthernAfricaandWesternAsia,1833,33020,26994,20229,16698,12918,11379,11073,14480,12564,10267,8427,6434,5635,5486,18540,14430,9962,8271,6484,5744,5587
353,Tajikistan,762,NorthernAfricaandWesternAsia,1833,2913,2422,2158,2078,2069,2030,2024,1285,1180,1071,1032,1029,1005,1011,1628,1242,1087,1046,1040,1025,1013
354,Turkmenistan,795,NorthernAfricaandWesternAsia,1833,23047,18826,15261,15136,14687,14767,14654,10408,9432,7416,7435,6929,7171,7227,12639,9394,7845,7701,7758,7596,7427
355,Uzbekistan,860,NorthernAfricaandWesternAsia,1833,32474,31389,30242,29543,27651,26227,26025,16214,15500,14795,14857,14325,13809,13739,16260,15889,15447,14686,13326,12418,12286
356,EasternAsia,906,NorthernAfricaandWesternAsia,1833,477,765,1236,1651,1773,1969,2195,249,381,592,770,821,883,985,228,384,644,881,952,1086,1210
357,China,156,NorthernAfricaandWesternAsia,1833,0,0,0,0,0,0,0,0,0,0,0,0,0,0,0,0,0,0,0,0,0
358,DemPeoplesRepublicofKorea,408,NorthernAfricaandWesternAsia,1833,0,0,0,0,0,0,0,0,0,0,0,0,0,0,0,0,0,0,0,0,0
359,Japan,392,NorthernAfricaandWesternAsia,1833,368,645,1103,1503,1593,1747,1959,187,309,510,685,717,780,875,181,336,593,818,876,967,1084
360,Mongolia,496,NorthernAfricaandWesternAsia,1833,109,120,133,148,180,222,236,62,72,82,85,104,103,110,47,48,51,63,76,119,126
361,RepublicofKorea,410,NorthernAfricaandWesternAsia,1833,0,0,0,0,0,0,0,0,0,0,0,0,0,0,0,0,0,0,0,0,0
362,SouthEasternAsia,920,NorthernAfricaandWesternAsia,1833,29699,21039,22505,23774,22998,25455,26811,14584,10775,11691,13210,13108,14720,15525,15115,10264,10814,10564,9890,10735,11286
363,BruneiDarussalam,96,NorthernAfricaandWesternAsia,1833,0,0,0,0,0,0,0,0,0,0,0,0,0,0,0,0,0,0,0,0,0
364,Cambodia,116,NorthernAfricaandWesternAsia,1833,0,0,0,0,0,0,0,0,0,0,0,0,0,0,0,0,0,0,0,0,0
365,Indonesia,360,NorthernAfricaandWesternAsia,1833,27720,18339,8960,12552,16953,18765,19724,13314,9058,4801,7388,9890,11118,11673,14406,9281,4159,5164,7063,7647,8051
366,LaoPeoplesDemocraticRepublic,418,NorthernAfricaandWesternAsia,1833,0,0,0,0,0,0,0,0,0,0,0,0,0,0,0,0,0,0,0,0,0
367,Malaysia,458,NorthernAfricaandWesternAsia,1833,32,72,138,351,686,1244,1318,18,42,81,212,385,720,778,14,30,57,139,301,524,540
368,Myanmar,104,NorthernAfricaandWesternAsia,1833,0,0,0,0,0,0,0,0,0,0,0,0,0,0,0,0,0,0,0,0,0
369,Philippines,608,NorthernAfricaandWesternAsia,1833,1947,2611,13366,10809,5266,5347,5667,1252,1666,6790,5579,2786,2831,3021,695,945,6576,5230,2480,2516,2646
370,Singapore,702,NorthernAfricaandWesternAsia,1833,0,0,0,0,0,0,0,0,0,0,0,0,0,0,0,0,0,0,0,0,0
371,Thailand,764,NorthernAfricaandWesternAsia,1833,0,17,41,62,93,99,102,0,9,19,31,47,51,53,0,8,22,31,46,48,49
372,TimorLeste,626,NorthernAfricaandWesternAsia,1833,0,0,0,0,0,0,0,0,0,0,0,0,0,0,0,0,0,0,0,0,0
373,VietNam,704,NorthernAfricaandWesternAsia,1833,0,0,0,0,0,0,0,0,0,0,0,0,0,0,0,0,0,0,0,0,0
374,SouthernAsia,5501,NorthernAfricaandWesternAsia,1833,327611,302868,261663,215485,221186,184497,163471,166917,153418,139579,116436,116852,97920,79170,160694,149450,122084,99049,104334,86577,84301
375,Afghanistan,4,NorthernAfricaandWesternAsia,1833,0,0,0,0,0,0,0,0,0,0,0,0,0,0,0,0,0,0,0,0,0
376,Bangladesh,50,NorthernAfricaandWesternAsia,1833,89,10375,20661,24592,28471,30160,29574,49,5603,11157,13280,15375,16287,9136,40,4772,9504,11312,13096,13873,20438
377,Bhutan,64,NorthernAfricaandWesternAsia,1833,0,0,0,0,0,0,0,0,0,0,0,0,0,0,0,0,0,0,0,0,0
378,India,356,NorthernAfricaandWesternAsia,1833,34390,31353,28314,54865,75161,70034,65499,16680,15474,14268,31072,38929,35639,32780,17710,15879,14046,23793,36232,34395,32719
379,IranIslamicRepublicof,364,NorthernAfricaandWesternAsia,1833,292138,259713,210255,132117,109980,76574,60606,149676,131345,112583,70140,58725,42108,33288,142462,128368,97672,61977,51255,34466,27318
380,Maldives,462,NorthernAfricaandWesternAsia,1833,22,31,41,35,41,47,47,12,16,23,21,32,42,44,10,15,18,14,9,5,3
381,Nepal,524,NorthernAfricaandWesternAsia,1833,0,0,0,0,0,0,0,0,0,0,0,0,0,0,0,0,0,0,0,0,0
382,Pakistan,586,NorthernAfricaandWesternAsia,1833,894,466,586,289,287,251,233,459,240,310,151,149,125,123,435,226,276,138,138,126,110
383,SriLanka,144,NorthernAfricaandWesternAsia,1833,78,930,1806,3587,7246,7431,7512,41,740,1238,1772,3642,3719,3799,37,190,568,1815,3604,3712,3713
384,WesternAsia,922,NorthernAfricaandWesternAsia,1833,5586145,6389622,7077849,8063849,10715836,15606719,17887395,3021347,3467074,3887035,4486500,6187000,8999732,10319610,2564798,2922548,3190814,3577349,4528836,6606987,7567785
385,Armenia,51,NorthernAfricaandWesternAsia,1833,472415,594900,579292,412309,161544,136968,136372,198350,248023,240529,169130,66224,56725,57185,274065,346877,338763,243179,95320,80243,79187
386,Azerbaijan,31,NorthernAfricaandWesternAsia,1833,275246,269141,252668,231040,211523,201765,192594,127907,120272,112670,109553,104334,101727,97219,147339,148869,139998,121487,107189,100038,95375
387,Bahrain,48,NorthernAfricaandWesternAsia,1833,43768,48575,53533,83628,132193,143311,185676,28153,31503,34726,54320,85989,95146,125308,15615,17072,18807,29308,46204,48165,60368
388,Cyprus,196,NorthernAfricaandWesternAsia,1833,7837,11088,14324,21539,36806,36922,42481,4574,6280,7985,11880,20690,19814,23012,3263,4808,6339,9659,16116,17108,19469
389,Georgia,268,NorthernAfricaandWesternAsia,1833,12405,10243,18563,17632,17806,18693,19338,5679,4972,9053,8600,8685,9118,9465,6726,5271,9510,9032,9121,9575,9873
390,Iraq,368,NorthernAfricaandWesternAsia,1833,46490,128077,142875,88083,72685,315875,321871,33141,77729,93302,59409,50192,183618,176934,13349,50348,49573,28674,22493,132257,144937
391,Israel,376,NorthernAfricaandWesternAsia,1833,455503,476424,470669,443967,422649,435890,423271,220854,226940,222996,209286,197637,202695,196836,234649,249484,247673,234681,225012,233195,226435
392,Jordan,400,NorthernAfricaandWesternAsia,1833,1114824,1483288,1851799,2137016,2654176,3081503,3346920,576990,768652,960098,1087098,1352126,1561521,1713698,537834,714636,891701,1049918,1302050,1519982,1633222
393,Kuwait,414,NorthernAfricaandWesternAsia,1833,264161,213453,245665,269852,361868,641706,696319,134343,120478,154463,168057,225148,367815,399032,129818,92975,91202,101795,136720,273891,297287
394,Lebanon,422,NorthernAfricaandWesternAsia,1833,508955,583783,658621,714840,772328,1898619,1697352,263448,303401,343354,374097,405465,913215,832183,245507,280382,315267,340743,366863,985404,865169
395,Oman,512,NorthernAfricaandWesternAsia,1833,31480,54875,62854,55544,57210,129784,165890,17642,32342,40406,35072,36329,89552,114486,13838,22533,22448,20472,20881,40232,51404
396,Qatar,634,NorthernAfricaandWesternAsia,1833,99582,111844,107444,134921,271859,295561,339605,64175,75445,75658,95340,213727,236739,268458,35407,36399,31786,39581,58132,58822,71147
397,SaudiArabia,682,NorthernAfricaandWesternAsia,1833,1318517,1340396,1353461,1664713,2156478,2751939,3437522,834620,853235,866215,1100562,1464073,1831948,2264647,483897,487161,487246,564151,692405,919991,1172875
398,StateofPalestine,275,NorthernAfricaandWesternAsia,1833,257349,251489,245629,245013,238401,240012,242078,117309,113951,110595,110637,105496,106961,109297,140040,137538,135034,134376,132905,133051,132781
399,SyrianArabRepublic,760,NorthernAfricaandWesternAsia,1833,248532,292548,387119,780988,1606965,768843,799569,127144,147381,197422,399011,818747,391203,396166,121388,145167,189697,381977,788218,377640,403403
400,Turkey,792,NorthernAfricaandWesternAsia,1833,66118,62911,61034,62571,69882,2905355,4095583,35120,33087,31742,31873,35299,1764284,2371259,30998,29824,29292,30698,34583,1141071,1724324
401,UnitedArabEmirates,784,NorthernAfricaandWesternAsia,1833,325993,417113,532397,656290,1420617,1552335,1692345,211389,280597,364386,439237,970274,1040833,1134307,114604,136516,168011,217053,450343,511502,558038
402,Yemen,887,NorthernAfricaandWesternAsia,1833,36970,39474,39902,43903,50846,51638,52609,20509,22786,21435,23338,26565,26818,30118,16461,16688,18467,20565,24281,24820,22491
403,EasternEurope,923,NorthernAfricaandWesternAsia,1833,2443033,2399642,2284139,2175406,2036653,2116713,2137507,1201592,1274343,1309527,1236440,1147403,1194446,1205928,1241441,1125299,974612,938966,889250,922267,931579
404,Belarus,112,NorthernAfricaandWesternAsia,1833,32508,31003,29492,29066,28634,28427,27995,18822,18017,17210,16956,16699,16588,16342,13686,12986,12282,12110,11935,11839,11653
405,Bulgaria,100,NorthernAfricaandWesternAsia,1833,3379,5055,6717,9862,13121,35508,43987,2146,3208,4266,6379,8656,23013,27198,1233,1847,2451,3483,4465,12495,16789
406,Czechia,203,NorthernAfricaandWesternAsia,1833,1026,1539,2046,5862,9113,11660,16641,749,1135,1519,4195,6539,8236,11685,277,404,527,1667,2574,3424,4956
407,Hungary,348,NorthernAfricaandWesternAsia,1833,5392,6426,7446,9716,11199,31371,19322,3420,4239,5054,6639,7703,22337,13001,1972,2187,2392,3077,3496,9034,6321
408,Poland,616,NorthernAfricaandWesternAsia,1833,7627,6512,5574,7021,9015,8280,11031,5330,4530,3846,4907,6215,5869,8140,2297,1982,1728,2114,2800,2411,2891
409,RepublicofMoldova,498,NorthernAfricaandWesternAsia,1833,8308,5608,3786,2616,2313,2344,2299,5031,3338,2212,1507,1360,1401,1377,3277,2270,1574,1109,953,943,922
410,Romania,642,NorthernAfricaandWesternAsia,1833,4148,8794,13722,14068,12567,14042,27874,2813,6016,9401,9688,9210,10508,19640,1335,2778,4321,4380,3357,3534,8234
411,RussianFederation,643,NorthernAfricaandWesternAsia,1833,2165989,2107259,1972128,1874398,1738111,1771268,1770260,1062878,1113883,1124866,1056707,967297,981815,981282,1103111,993376,847262,817691,770814,789453,788978
412,Slovakia,703,NorthernAfricaandWesternAsia,1833,212,681,1361,1800,1720,2253,3013,159,530,1045,1312,1326,1750,2273,53,151,316,488,394,503,740
413,Ukraine,804,NorthernAfricaandWesternAsia,1833,214444,226765,241867,220997,210860,211560,215085,100244,119447,140108,128150,122398,122929,124990,114200,107318,101759,92847,88462,88631,90095
414,NorthernEurope,924,NorthernAfricaandWesternAsia,1833,369243,460498,550757,696475,803159,1026032,1281913,208418,258552,308203,390357,452651,573720,715583,160825,201946,242554,306118,350508,452312,566330
415,ChannelIslands,830,NorthernAfricaandWesternAsia,1833,0,0,0,0,0,0,0,0,0,0,0,0,0,0,0,0,0,0,0,0,0
416,Denmark,208,NorthernAfricaandWesternAsia,1833,37838,53814,69780,79139,82588,95468,123409,22010,30274,38535,43136,44712,52618,66974,15828,23540,31245,36003,37876,42850,56435
417,Estonia,233,NorthernAfricaandWesternAsia,1833,5122,4363,3604,3762,4171,4338,5455,2965,2489,2015,2084,2356,2502,3253,2157,1874,1589,1678,1815,1836,2202
418,FaroeIslands,234,NorthernAfricaandWesternAsia,1833,9,2,3,7,6,11,17,8,2,3,6,4,8,13,1,0,0,1,2,3,4
419,Finland,246,NorthernAfricaandWesternAsia,1833,2409,5069,7717,13623,18062,36582,43247,2003,3759,5515,9425,12184,23789,27862,406,1310,2202,4198,5878,12793,15385
420,Iceland,352,NorthernAfricaandWesternAsia,1833,116,198,267,378,470,587,1328,79,130,179,242,294,365,855,37,68,88,136,176,222,473
421,Ireland,372,NorthernAfricaandWesternAsia,1833,1076,2996,6568,6665,5663,6176,9394,677,1843,4118,4320,3507,3779,5755,399,1153,2450,2345,2156,2397,3639
422,IsleofMan,833,NorthernAfricaandWesternAsia,1833,0,0,0,0,0,0,0,0,0,0,0,0,0,0,0,0,0,0,0,0,0
423,Latvia,428,NorthernAfricaandWesternAsia,1833,3759,5071,6392,5961,5394,4348,4694,2416,3118,3822,3571,3198,2536,2846,1343,1953,2570,2390,2196,1812,1848
424,Lithuania,440,NorthernAfricaandWesternAsia,1833,5255,3964,3102,3115,2714,2449,2775,3454,2654,2078,2070,1726,1558,1639,1801,1310,1024,1045,988,891,1136
425,Norway,578,NorthernAfricaandWesternAsia,1833,10790,15262,23187,36623,48726,68673,94543,7222,9603,14110,21576,28152,39896,54177,3568,5659,9077,15047,20574,28777,40366
426,Sweden,752,NorthernAfricaandWesternAsia,1833,105678,125414,134507,170609,237779,347597,499226,58864,69437,74075,92911,130153,192622,277225,46814,55977,60432,77698,107626,154975,222001
427,UnitedKingdom,826,NorthernAfricaandWesternAsia,1833,197191,244345,295630,376593,397586,459803,497825,108720,135243,163753,211016,226365,254047,274984,88471,109102,131877,165577,171221,205756,222841
428,SouthernEurope,925,NorthernAfricaandWesternAsia,1833,664303,797778,1020922,1467195,1890875,1812693,2060227,426099,476513,580797,878670,1120439,1012113,1136430,238204,321265,440125,588525,770436,800580,923797
429,Albania,8,NorthernAfricaandWesternAsia,1833,2489,2690,2892,2441,1990,1961,1838,1633,1771,1909,1674,1365,1345,1262,856,919,983,767,625,616,576
430,Andorra,20,NorthernAfricaandWesternAsia,1833,296,383,471,549,556,470,505,159,202,247,290,293,252,274,137,181,224,259,263,218,231
431,BosniaandHerzegovina,70,NorthernAfricaandWesternAsia,1833,0,0,0,0,0,0,0,0,0,0,0,0,0,0,0,0,0,0,0,0,0
432,Croatia,191,NorthernAfricaandWesternAsia,1833,0,0,0,565,1121,1127,1037,0,0,0,368,733,737,682,0,0,0,197,388,390,355
433,Gibraltar,292,NorthernAfricaandWesternAsia,1833,2021,1564,1107,1020,933,996,1006,1538,1135,732,656,581,625,633,483,429,375,364,352,371,373
434,Greece,300,NorthernAfricaandWesternAsia,1833,168775,198774,232036,220740,222292,208129,260715,96554,102917,109231,104659,107808,92104,125068,72221,95857,122805,116081,114484,116025,135647
435,HolySee,336,NorthernAfricaandWesternAsia,1833,0,0,0,0,0,0,0,0,0,0,0,0,0,0,0,0,0,0,0,0,0
436,Italy,380,NorthernAfricaandWesternAsia,1833,321794,386104,450403,607621,760820,758986,823879,235400,251413,267426,359689,455620,439859,471013,86394,134691,182977,247932,305200,319127,352866
437,Malta,470,NorthernAfricaandWesternAsia,1833,1306,1539,1941,2303,2694,5844,12697,752,892,1189,1447,1690,3258,7536,554,647,752,856,1004,2586,5161
438,Montenegro,499,NorthernAfricaandWesternAsia,1833,0,0,0,0,79,87,86,0,0,0,0,4,4,5,0,0,0,0,75,83,81
439,NorthMacedonia,807,NorthernAfricaandWesternAsia,1833,13386,15090,20434,21015,21583,21886,21982,5581,6325,8518,8763,10007,9517,9561,7805,8765,11916,12252,11576,12369,12421
440,Portugal,620,NorthernAfricaandWesternAsia,1833,665,1433,2277,3570,4282,4851,7123,424,911,1435,2476,3111,3455,4842,241,522,842,1094,1171,1396,2281
441,SanMarino,674,NorthernAfricaandWesternAsia,1833,0,0,0,0,0,0,0,0,0,0,0,0,0,0,0,0,0,0,0,0,0
442,Serbia,688,NorthernAfricaandWesternAsia,1833,243,1595,2179,2158,2118,2063,2071,155,980,1314,1293,1263,1235,1255,88,615,865,865,855,828,816
443,Slovenia,705,NorthernAfricaandWesternAsia,1833,64,127,371,413,638,741,1295,34,82,256,294,448,536,898,30,45,115,119,190,205,397
444,Spain,724,NorthernAfricaandWesternAsia,1833,153264,188479,306811,604800,871769,805552,925993,83869,109885,188540,397061,537516,459186,513401,69395,78594,118271,207739,334253,346366,412592
445,WesternEurope,926,NorthernAfricaandWesternAsia,1833,4823067,5118715,5239964,5647130,5881511,6542694,8396175,2681713,2813844,2885208,3016288,3177020,3496914,4513004,2141354,2304871,2354756,2630842,2704491,3045780,3883171
446,Austria,40,NorthernAfricaandWesternAsia,1833,113455,127957,142536,168548,196653,237913,270081,62178,71097,80010,93334,107626,134543,149062,51277,56860,62526,75214,89027,103370,121019
447,Belgium,56,NorthernAfricaandWesternAsia,1833,541561,481668,407217,314490,332115,389758,456291,285038,253240,212091,163465,177656,208984,244054,256523,228428,195126,151025,154459,180774,212237
448,France,250,NorthernAfricaandWesternAsia,1833,2122419,2191123,2259811,2890469,3003229,3334281,3683429,1188393,1210671,1232944,1501042,1614242,1749297,1936120,934026,980452,1026867,1389427,1388987,1584984,1747309
449,Germany,276,NorthernAfricaandWesternAsia,1833,1679816,1889852,1928254,1703939,1753399,1947630,3223533,939170,1036873,1076926,945073,955364,1064680,1775576,740646,852979,851328,758866,798035,882950,1447957
450,Liechtenstein,438,NorthernAfricaandWesternAsia,1833,820,997,1158,878,652,708,706,438,515,577,445,344,374,359,382,482,581,433,308,334,347
451,Luxembourg,442,NorthernAfricaandWesternAsia,1833,633,654,690,614,554,842,11088,372,356,342,325,313,481,6233,261,298,348,289,241,361,4855
452,Monaco,492,NorthernAfricaandWesternAsia,1833,0,0,0,0,0,0,0,0,0,0,0,0,0,0,0,0,0,0,0,0,0
453,Netherlands,528,NorthernAfricaandWesternAsia,1833,276261,329101,393294,448387,453723,470854,568006,155390,184164,218873,244061,244149,250895,302355,120871,144937,174421,204326,209574,219959,265651
454,Switzerland,756,NorthernAfricaandWesternAsia,1833,88102,97363,107004,119805,141186,160708,183041,50734,56928,63445,68543,77326,87660,99245,37368,40435,43559,51262,63860,73048,83796
455,Caribbean,915,NorthernAfricaandWesternAsia,1833,2743,3012,3286,2872,2657,2702,2630,1600,1703,1806,1574,1467,1486,1471,1143,1309,1480,1298,1190,1216,1159
456,Anguilla,660,NorthernAfricaandWesternAsia,1833,0,0,0,0,0,0,0,0,0,0,0,0,0,0,0,0,0,0,0,0,0
457,AntiguaandBarbuda,28,NorthernAfricaandWesternAsia,1833,200,227,253,273,290,309,319,96,109,123,132,141,150,156,104,118,130,141,149,159,163
458,Aruba,533,NorthernAfricaandWesternAsia,1833,115,63,11,11,11,10,11,110,59,8,8,8,7,7,5,4,3,3,3,3,4
459,Bahamas,44,NorthernAfricaandWesternAsia,1833,9,8,7,18,29,31,31,4,3,3,10,17,18,19,5,5,4,8,12,13,12
460,Barbados,52,NorthernAfricaandWesternAsia,1833,0,0,0,0,0,0,0,0,0,0,0,0,0,0,0,0,0,0,0,0,0
461,BritishVirginIslands,92,NorthernAfricaandWesternAsia,1833,12,14,16,19,21,24,27,9,10,12,14,16,19,22,3,4,4,5,5,5,5
462,CaymanIslands,136,NorthernAfricaandWesternAsia,1833,3,7,13,12,12,12,12,1,1,2,2,2,3,2,2,6,11,10,10,9,10
463,Cuba,192,NorthernAfricaandWesternAsia,1833,226,172,119,77,48,27,17,124,91,59,40,26,15,9,102,81,60,37,22,12,8
464,CuraÃao,531,NorthernAfricaandWesternAsia,1833,0,0,0,0,233,252,293,0,0,0,0,153,167,197,0,0,0,0,80,85,96
465,Dominica,212,NorthernAfricaandWesternAsia,1833,18,24,29,35,43,50,48,13,17,20,26,33,38,38,5,7,9,9,10,12,10
466,DominicanRepublic,214,NorthernAfricaandWesternAsia,1833,1311,1460,1602,988,375,381,390,834,916,995,627,256,269,276,477,544,607,361,119,112,114
467,Grenada,308,NorthernAfricaandWesternAsia,1833,0,0,0,0,0,0,0,0,0,0,0,0,0,0,0,0,0,0,0,0,0
468,Guadeloupe,312,NorthernAfricaandWesternAsia,1833,312,418,522,602,680,651,643,150,197,243,277,311,282,277,162,221,279,325,369,369,366
469,Haiti,332,NorthernAfricaandWesternAsia,1833,0,0,0,0,0,0,0,0,0,0,0,0,0,0,0,0,0,0,0,0,0
470,Jamaica,388,NorthernAfricaandWesternAsia,1833,0,0,0,0,0,0,0,0,0,0,0,0,0,0,0,0,0,0,0,0,0
471,Martinique,474,NorthernAfricaandWesternAsia,1833,113,170,228,238,249,288,285,55,79,103,105,107,119,118,58,91,125,133,142,169,167
472,Montserrat,500,NorthernAfricaandWesternAsia,1833,0,0,0,0,0,0,0,0,0,0,0,0,0,0,0,0,0,0,0,0,0
473,PuertoRico,630,NorthernAfricaandWesternAsia,1833,408,428,456,355,214,209,86,194,206,218,171,100,99,43,214,222,238,184,114,110,43
474,SaintBarthelemy,652,NorthernAfricaandWesternAsia,1833,0,0,0,0,0,0,0,0,0,0,0,0,0,0,0,0,0,0,0,0,0
475,SaintKittsandNevis,659,NorthernAfricaandWesternAsia,1833,0,0,0,0,0,0,0,0,0,0,0,0,0,0,0,0,0,0,0,0,0
476,SaintLucia,662,NorthernAfricaandWesternAsia,1833,16,21,30,90,144,137,130,10,15,20,69,111,106,102,6,6,10,21,33,31,28
477,SaintMartinFrenchpart,663,NorthernAfricaandWesternAsia,1833,0,0,0,0,0,0,0,0,0,0,0,0,0,0,0,0,0,0,0,0,0
478,SaintVincentandtheGrenadines,670,NorthernAfricaandWesternAsia,1833,0,0,0,0,0,0,0,0,0,0,0,0,0,0,0,0,0,0,0,0,0
479,SintMaartenDutchpart,534,NorthernAfricaandWesternAsia,1833,0,0,0,154,308,321,338,0,0,0,93,186,194,205,0,0,0,61,122,127,133
480,TrinidadandTobago,780,NorthernAfricaandWesternAsia,1833,0,0,0,0,0,0,0,0,0,0,0,0,0,0,0,0,0,0,0,0,0
481,TurksandCaicosIslands,796,NorthernAfricaandWesternAsia,1833,0,0,0,0,0,0,0,0,0,0,0,0,0,0,0,0,0,0,0,0,0
482,UnitedStatesVirginIslands,850,NorthernAfricaandWesternAsia,1833,0,0,0,0,0,0,0,0,0,0,0,0,0,0,0,0,0,0,0,0,0
483,CentralAmerica,916,NorthernAfricaandWesternAsia,1833,6437,6653,7338,6610,6914,7764,8752,3593,3776,4237,3945,4334,4897,5626,2844,2877,3101,2665,2580,2867,3126
484,Belize,84,NorthernAfricaandWesternAsia,1833,35,37,38,42,46,54,60,26,27,28,30,33,39,44,9,10,10,12,13,15,16
485,CostaRica,188,NorthernAfricaandWesternAsia,1833,369,267,296,212,408,391,461,225,168,192,126,255,253,309,144,99,104,86,153,138,152
486,ElSalvador,222,NorthernAfricaandWesternAsia,1833,252,181,109,98,85,89,89,112,79,46,40,33,35,35,140,102,63,58,52,54,54
487,Guatemala,320,NorthernAfricaandWesternAsia,1833,232,234,231,279,322,354,385,100,114,127,157,186,205,232,132,120,104,122,136,149,153
488,Honduras,340,NorthernAfricaandWesternAsia,1833,215,214,211,208,203,284,287,126,122,118,117,116,164,166,89,92,93,91,87,120,121
489,Mexico,484,NorthernAfricaandWesternAsia,1833,4273,4485,4902,3954,3462,3822,4171,2328,2472,2737,2314,2159,2390,2630,1945,2013,2165,1640,1303,1432,1541
490,Nicaragua,558,NorthernAfricaandWesternAsia,1833,76,62,103,150,158,169,173,43,34,51,67,71,77,82,33,28,52,83,87,92,91
491,Panama,591,NorthernAfricaandWesternAsia,1833,985,1173,1448,1667,2230,2601,3126,633,760,938,1094,1481,1734,2128,352,413,510,573,749,867,998
492,SouthAmerica,931,NorthernAfricaandWesternAsia,1833,73318,67027,60792,57834,56213,63084,69095,42109,38668,35264,34260,34162,38156,41908,31209,28359,25528,23574,22051,24928,27187
493,Argentina,32,NorthernAfricaandWesternAsia,1833,15373,12402,9434,7017,4561,4576,4606,7651,6225,4808,3587,2363,2371,2403,7722,6177,4626,3430,2198,2205,2203
494,BoliviaPlurinationalStateof,68,NorthernAfricaandWesternAsia,1833,272,310,333,337,329,400,411,160,186,209,209,208,245,264,112,124,124,128,121,155,147
495,Brazil,76,NorthernAfricaandWesternAsia,1833,29781,27541,25298,23616,22681,27740,34399,17325,16035,14745,14118,13993,17015,21195,12456,11506,10553,9498,8688,10725,13204
496,Chile,152,NorthernAfricaandWesternAsia,1833,0,0,0,0,0,0,0,0,0,0,0,0,0,0,0,0,0,0,0,0,0
497,Colombia,170,NorthernAfricaandWesternAsia,1833,0,0,0,0,0,0,0,0,0,0,0,0,0,0,0,0,0,0,0,0,0
498,Ecuador,218,NorthernAfricaandWesternAsia,1833,516,581,641,772,1220,1536,1731,332,372,411,495,780,970,1147,184,209,230,277,440,566,584
499,FalklandIslandsMalvinas,238,NorthernAfricaandWesternAsia,1833,0,0,0,0,0,0,0,0,0,0,0,0,0,0,0,0,0,0,0,0,0
500,FrenchGuiana,254,NorthernAfricaandWesternAsia,1833,95,94,93,88,83,359,403,50,48,46,42,39,209,235,45,46,47,46,44,150,168
501,Guyana,328,NorthernAfricaandWesternAsia,1833,0,0,0,0,0,0,0,0,0,0,0,0,0,0,0,0,0,0,0,0,0
502,Paraguay,600,NorthernAfricaandWesternAsia,1833,0,0,0,0,0,0,0,0,0,0,0,0,0,0,0,0,0,0,0,0,0
503,Peru,604,NorthernAfricaandWesternAsia,1833,485,494,585,690,765,807,1483,310,308,362,429,477,513,955,175,186,223,261,288,294,528
504,Suriname,740,NorthernAfricaandWesternAsia,1833,0,0,0,0,0,0,0,0,0,0,0,0,0,0,0,0,0,0,0,0,0
505,Uruguay,858,NorthernAfricaandWesternAsia,1833,0,0,0,0,0,0,0,0,0,0,0,0,0,0,0,0,0,0,0,0,0
506,VenezuelaBolivarianRepublicof,862,NorthernAfricaandWesternAsia,1833,26796,25605,24408,25314,26574,27666,26062,16281,15494,14683,15380,16302,16833,15709,10515,10111,9725,9934,10272,10833,10353
507,Bermuda,60,NorthernAfricaandWesternAsia,1833,41,67,79,53,23,22,15,25,45,56,34,11,12,8,16,22,23,19,12,10,7
508,Canada,124,NorthernAfricaandWesternAsia,1833,170203,227851,290920,374168,463685,595186,644879,82859,110274,140343,192692,247963,311379,337394,87344,117577,150577,181476,215722,283807,307485
509,Greenland,304,NorthernAfricaandWesternAsia,1833,0,0,0,0,0,0,0,0,0,0,0,0,0,0,0,0,0,0,0,0,0
510,SaintPierreandMiquelon,666,NorthernAfricaandWesternAsia,1833,0,0,0,0,0,0,0,0,0,0,0,0,0,0,0,0,0,0,0,0,0
511,UnitedStatesofAmerica,840,NorthernAfricaandWesternAsia,1833,556553,722435,891336,1003703,1149834,1839235,1776489,294007,386757,481697,531705,589907,898541,876680,262546,335678,409639,471998,559927,940694,899809
512,Australia,36,NorthernAfricaandWesternAsia,1833,210977,225567,238440,282644,332470,367710,429764,111381,118584,125340,149022,176694,193369,226093,99596,106983,113100,133622,155776,174341,203671
513,NewZealand,554,NorthernAfricaandWesternAsia,1833,1252,2325,6113,7641,8373,8973,9646,687,1346,2974,3710,4059,4341,4668,565,979,3139,3931,4314,4632,4978
514,Melanesia,928,NorthernAfricaandWesternAsia,1833,1538,1782,2027,2158,2291,1759,1865,873,1000,1128,1204,1282,897,951,665,782,899,954,1009,862,914
515,Fiji,242,NorthernAfricaandWesternAsia,1833,0,0,0,0,0,0,0,0,0,0,0,0,0,0,0,0,0,0,0,0,0
516,NewCaledonia,540,NorthernAfricaandWesternAsia,1833,1538,1782,2027,2158,2291,1759,1865,873,1000,1128,1204,1282,897,951,665,782,899,954,1009,862,914
517,PapuaNewGuinea,598,NorthernAfricaandWesternAsia,1833,0,0,0,0,0,0,0,0,0,0,0,0,0,0,0,0,0,0,0,0,0
518,SolomonIslands,90,NorthernAfricaandWesternAsia,1833,0,0,0,0,0,0,0,0,0,0,0,0,0,0,0,0,0,0,0,0,0
519,Vanuatu,548,NorthernAfricaandWesternAsia,1833,0,0,0,0,0,0,0,0,0,0,0,0,0,0,0,0,0,0,0,0,0
520,Micronesia,954,NorthernAfricaandWesternAsia,1833,0,0,0,0,0,0,0,0,0,0,0,0,0,0,0,0,0,0,0,0,0
521,Guam,316,NorthernAfricaandWesternAsia,1833,0,0,0,0,0,0,0,0,0,0,0,0,0,0,0,0,0,0,0,0,0
522,Kiribati,296,NorthernAfricaandWesternAsia,1833,0,0,0,0,0,0,0,0,0,0,0,0,0,0,0,0,0,0,0,0,0
523,MarshallIslands,584,NorthernAfricaandWesternAsia,1833,0,0,0,0,0,0,0,0,0,0,0,0,0,0,0,0,0,0,0,0,0
524,MicronesiaFedStatesof,583,NorthernAfricaandWesternAsia,1833,0,0,0,0,0,0,0,0,0,0,0,0,0,0,0,0,0,0,0,0,0
525,Nauru,520,NorthernAfricaandWesternAsia,1833,0,0,0,0,0,0,0,0,0,0,0,0,0,0,0,0,0,0,0,0,0
526,NorthernMarianaIslands,580,NorthernAfricaandWesternAsia,1833,0,0,0,0,0,0,0,0,0,0,0,0,0,0,0,0,0,0,0,0,0
527,Palau,585,NorthernAfricaandWesternAsia,1833,0,0,0,0,0,0,0,0,0,0,0,0,0,0,0,0,0,0,0,0,0
528,Polynesia,957,NorthernAfricaandWesternAsia,1833,605,664,710,743,717,681,681,386,418,441,463,455,432,432,219,246,269,280,262,249,249
529,AmericanSamoa,16,NorthernAfricaandWesternAsia,1833,0,0,0,0,0,0,0,0,0,0,0,0,0,0,0,0,0,0,0,0,0
530,CookIslands,184,NorthernAfricaandWesternAsia,1833,0,0,0,0,0,0,0,0,0,0,0,0,0,0,0,0,0,0,0,0,0
531,FrenchPolynesia,258,NorthernAfricaandWesternAsia,1833,605,664,710,743,717,681,681,386,418,441,463,455,432,432,219,246,269,280,262,249,249
532,Niue,570,NorthernAfricaandWesternAsia,1833,0,0,0,0,0,0,0,0,0,0,0,0,0,0,0,0,0,0,0,0,0
533,Samoa,882,NorthernAfricaandWesternAsia,1833,0,0,0,0,0,0,0,0,0,0,0,0,0,0,0,0,0,0,0,0,0
534,Tokelau,772,NorthernAfricaandWesternAsia,1833,0,0,0,0,0,0,0,0,0,0,0,0,0,0,0,0,0,0,0,0,0
535,Tonga,776,NorthernAfricaandWesternAsia,1833,0,0,0,0,0,0,0,0,0,0,0,0,0,0,0,0,0,0,0,0,0
536,Tuvalu,798,NorthernAfricaandWesternAsia,1833,0,0,0,0,0,0,0,0,0,0,0,0,0,0,0,0,0,0,0,0,0
537,WallisandFutunaIslands,876,NorthernAfricaandWesternAsia,1833,0,0,0,0,0,0,0,0,0,0,0,0,0,0,0,0,0,0,0,0,0
538,SubSaharanAfrica,947,CentralandSouthernAsia,921,37926,44360,57476,75963,121267,144452,128690,21805,26558,34986,45139,72177,90094,84521,16121,17802,22490,30824,49090,54358,44169
539,NorthernAfricaandWesternAsia,1833,CentralandSouthernAsia,921,4672214,5225211,5954934,7713984,12620065,16003389,19093586,3294880,3732681,4288544,5732137,9710505,12229844,14555041,1377334,1492530,1666390,1981847,2909560,3773545,4538545
540,CentralandSouthernAsia,921,CentralandSouthernAsia,921,18295243,14198434,13822486,12317671,12690299,12064784,11454177,9607707,7368902,7172434,6264986,6456223,6098738,5824079,8687536,6829532,6650052,6052685,6234076,5966046,5630098
541,EasternandSouthEasternAsia,1832,CentralandSouthernAsia,921,232067,357145,532492,907723,1395298,1880946,2051518,136266,209226,310350,517944,800307,1081254,1191694,95801,147919,222142,389779,594991,799692,859824
542,LatinAmericaandtheCaribbean,1830,CentralandSouthernAsia,921,7825,8921,10326,12146,16168,19851,30246,4592,5274,6174,7513,10291,13080,22078,3233,3647,4152,4633,5877,6771,8168
543,OceaniaexcludingAustraliaandNewZealand,1835,CentralandSouthernAsia,921,5227,5431,5546,5496,5645,5849,6020,2827,3084,3300,3344,3343,3490,3613,2400,2347,2246,2152,2302,2359,2407
544,AustraliaandNewZealand,927,CentralandSouthernAsia,921,158890,193198,237302,361003,660720,937913,1241100,83288,101314,124573,193822,370673,509557,676776,75602,91884,112729,167181,290047,428356,564324
545,EuropeandNorthernAmerica,1829,CentralandSouthernAsia,921,7694628,9037283,10277132,11953704,13572926,15423946,17224212,3903307,4595424,5239011,6130999,7020648,7945049,8853775,3791321,4441859,5038121,5822705,6552278,7478897,8370437
546,Developedregions,901,CentralandSouthernAsia,921,7863247,9257482,10550997,12368383,14290555,16429157,18564576,3991551,4709698,5380476,6349271,7416917,8484627,9574836,3871696,4547784,5170521,6019112,6873638,7944530,8989740
547,Lessdevelopedregions,902,CentralandSouthernAsia,921,23240773,19812501,20346697,20979307,26791833,30051973,32664973,13063121,11332765,11798896,12546613,17027250,19486479,21636741,10177652,8479736,8547801,8432694,9764583,10565494,11028232
548,Leastdevelopedcountries,941,CentralandSouthernAsia,921,551340,803508,849424,843067,783381,942783,748889,207714,293832,324709,339165,321187,402951,287331,343626,509676,524715,503902,462194,539832,461558
549,LandlockedDevelopingCountriesLLDC,1636,CentralandSouthernAsia,921,993177,1233587,1267336,1272893,1194733,1358003,1178114,401644,490278,514508,539223,519036,606441,516118,591533,743309,752828,733670,675697,751562,661996
550,SmallislanddevelopingStatesSIDS,1637,CentralandSouthernAsia,921,167466,239427,319169,540116,824105,917920,1067273,118811,165425,218004,361567,559885,633108,753258,48655,74002,101165,178549,264220,284812,314015
551,Highincomecountries,1503,CentralandSouthernAsia,921,7418571,9216416,11266650,14820935,21669459,27112750,32310426,4825563,5893386,7128516,9523084,14583022,18144593,21557545,2593008,3323030,4138134,5297851,7086437,8968157,10752881
552,Middleincomecountries,1517,CentralandSouthernAsia,921,23572764,19741961,19514946,18408635,19283407,19028296,18755695,12172033,10089977,9988363,9308514,9790242,9652495,9572792,11400731,9651984,9526583,9100121,9493165,9375801,9182903
553,Uppermiddleincomecountries,1502,CentralandSouthernAsia,921,9000907,7964766,7678783,8346879,9118065,9764674,10017995,4672183,4094544,3938213,4307391,4751493,5112579,5260840,4328724,3870222,3740570,4039488,4366572,4652095,4757155
554,Lowermiddleincomecountries,1501,CentralandSouthernAsia,921,14571857,11777195,11836163,10061756,10165342,9263622,8737700,7499850,5995433,6050150,5001123,5038749,4539916,4311952,7072007,5781762,5786013,5060633,5126593,4723706,4425748
555,Lowincomecountries,1500,CentralandSouthernAsia,921,112605,111499,115965,117957,129329,339900,163247,57037,59049,62431,64211,70815,173939,81163,55568,52450,53534,53746,58514,165961,82084
556,EasternAfrica,910,CentralandSouthernAsia,921,17476,21658,27246,37089,48641,52114,52982,10030,13045,16943,22225,28860,31504,32034,7446,8613,10303,14864,19781,20610,20948
557,Burundi,108,CentralandSouthernAsia,921,0,0,0,0,0,0,0,0,0,0,0,0,0,0,0,0,0,0,0,0,0
558,Comoros,174,CentralandSouthernAsia,921,0,0,0,0,0,0,0,0,0,0,0,0,0,0,0,0,0,0,0,0,0
559,Djibouti,262,CentralandSouthernAsia,921,0,0,0,0,0,0,0,0,0,0,0,0,0,0,0,0,0,0,0,0,0
560,Eritrea,232,CentralandSouthernAsia,921,39,54,70,83,99,119,103,22,23,24,31,38,46,41,17,31,46,52,61,73,62
561,Ethiopia,231,CentralandSouthernAsia,921,0,0,0,0,0,0,0,0,0,0,0,0,0,0,0,0,0,0,0,0,0
562,Kenya,404,CentralandSouthernAsia,921,0,0,0,0,0,0,0,0,0,0,0,0,0,0,0,0,0,0,0,0,0
563,Madagascar,450,CentralandSouthernAsia,921,1171,1037,1152,1282,1425,1581,1751,648,580,647,723,808,900,998,523,457,505,559,617,681,753
564,Malawi,454,CentralandSouthernAsia,921,1362,2683,2583,2462,2419,2083,1770,588,1455,1397,1328,1303,1112,954,774,1228,1186,1134,1116,971,816
565,Mauritius,480,CentralandSouthernAsia,921,596,1655,3640,9502,15894,18291,18517,276,1233,2799,5637,8975,10718,10837,320,422,841,3865,6919,7573,7680
566,Mayotte,175,CentralandSouthernAsia,921,0,0,0,0,0,0,0,0,0,0,0,0,0,0,0,0,0,0,0,0,0
567,Mozambique,508,CentralandSouthernAsia,921,1416,1949,2269,3119,3554,3683,3867,937,1292,1479,1934,2198,2280,2408,479,657,790,1185,1356,1403,1459
568,Reunion,638,CentralandSouthernAsia,921,0,0,0,0,0,0,0,0,0,0,0,0,0,0,0,0,0,0,0,0,0
569,Rwanda,646,CentralandSouthernAsia,921,0,0,0,0,0,0,0,0,0,0,0,0,0,0,0,0,0,0,0,0,0
570,Seychelles,690,CentralandSouthernAsia,921,1655,2107,2561,4645,6732,7537,7697,1217,1585,1953,3395,4836,5528,5639,438,522,608,1250,1896,2009,2058
571,Somalia,706,CentralandSouthernAsia,921,0,0,0,0,0,0,0,0,0,0,0,0,0,0,0,0,0,0,0,0,0
572,SouthSudan,728,CentralandSouthernAsia,921,0,0,0,0,1364,1414,1449,0,0,0,0,747,852,873,0,0,0,0,617,562,576
573,Uganda,800,CentralandSouthernAsia,921,1578,1494,4316,4174,4260,4650,4389,1119,1045,2776,2661,2694,2875,2693,459,449,1540,1513,1566,1775,1696
574,UnitedRepublicofTanzania,834,CentralandSouthernAsia,921,5375,6825,7187,7815,8264,8678,7730,3068,3893,4103,4476,4743,4982,4420,2307,2932,3084,3339,3521,3696,3310
575,Zambia,894,CentralandSouthernAsia,921,4284,3854,3468,4007,4630,4078,5709,2155,1939,1765,2040,2518,2211,3171,2129,1915,1703,1967,2112,1867,2538
576,Zimbabwe,716,CentralandSouthernAsia,921,0,0,0,0,0,0,0,0,0,0,0,0,0,0,0,0,0,0,0,0,0
577,MiddleAfrica,911,CentralandSouthernAsia,921,0,0,0,0,0,0,0,0,0,0,0,0,0,0,0,0,0,0,0,0,0
578,Angola,24,CentralandSouthernAsia,921,0,0,0,0,0,0,0,0,0,0,0,0,0,0,0,0,0,0,0,0,0
579,Cameroon,120,CentralandSouthernAsia,921,0,0,0,0,0,0,0,0,0,0,0,0,0,0,0,0,0,0,0,0,0
580,CentralAfricanRepublic,140,CentralandSouthernAsia,921,0,0,0,0,0,0,0,0,0,0,0,0,0,0,0,0,0,0,0,0,0
581,Chad,148,CentralandSouthernAsia,921,0,0,0,0,0,0,0,0,0,0,0,0,0,0,0,0,0,0,0,0,0
582,Congo,178,CentralandSouthernAsia,921,0,0,0,0,0,0,0,0,0,0,0,0,0,0,0,0,0,0,0,0,0
583,DemocraticRepublicoftheCongo,180,CentralandSouthernAsia,921,0,0,0,0,0,0,0,0,0,0,0,0,0,0,0,0,0,0,0,0,0
584,EquatorialGuinea,226,CentralandSouthernAsia,921,0,0,0,0,0,0,0,0,0,0,0,0,0,0,0,0,0,0,0,0,0
585,Gabon,266,CentralandSouthernAsia,921,0,0,0,0,0,0,0,0,0,0,0,0,0,0,0,0,0,0,0,0,0
586,SaoTomeandPrincipe,678,CentralandSouthernAsia,921,0,0,0,0,0,0,0,0,0,0,0,0,0,0,0,0,0,0,0,0,0
587,NorthernAfrica,912,CentralandSouthernAsia,921,10843,11968,13406,14798,14949,15105,19305,6766,7853,9196,10676,11029,11383,13980,4077,4115,4210,4122,3920,3722,5325
588,Algeria,12,CentralandSouthernAsia,921,0,0,0,0,0,0,0,0,0,0,0,0,0,0,0,0,0,0,0,0,0
589,Egypt,818,CentralandSouthernAsia,921,2267,2249,2411,2870,3093,2122,3294,1482,1472,1581,1942,2055,1508,2227,785,777,830,928,1038,614,1067
590,Libya,434,CentralandSouthernAsia,921,6317,7415,8644,9531,10460,11706,14247,4122,5193,6401,7500,8253,9215,10854,2195,2222,2243,2031,2207,2491,3393
591,Morocco,504,CentralandSouthernAsia,921,0,0,0,0,0,0,0,0,0,0,0,0,0,0,0,0,0,0,0,0,0
592,Sudan,729,CentralandSouthernAsia,921,2259,2304,2351,2397,1396,1277,1764,1162,1188,1214,1234,721,660,899,1097,1116,1137,1163,675,617,865
593,Tunisia,788,CentralandSouthernAsia,921,0,0,0,0,0,0,0,0,0,0,0,0,0,0,0,0,0,0,0,0,0
594,WesternSahara,732,CentralandSouthernAsia,921,0,0,0,0,0,0,0,0,0,0,0,0,0,0,0,0,0,0,0,0,0
595,SouthernAfrica,913,CentralandSouthernAsia,921,18755,21037,28528,37056,68615,87207,70151,10747,12492,17033,21602,40588,55229,49015,8008,8545,11495,15454,28027,31978,21136
596,Botswana,72,CentralandSouthernAsia,921,2510,3030,3868,5338,6118,6644,7102,1374,1649,2096,2978,3489,3788,4057,1136,1381,1772,2360,2629,2856,3045
597,Eswatini,748,CentralandSouthernAsia,921,0,0,0,0,0,0,0,0,0,0,0,0,0,0,0,0,0,0,0,0,0
598,Lesotho,426,CentralandSouthernAsia,921,616,532,430,438,446,636,838,344,296,240,244,248,360,468,272,236,190,194,198,276,370
599,Namibia,516,CentralandSouthernAsia,921,1400,1337,1248,984,945,923,983,951,912,849,669,645,633,678,449,425,399,315,300,290,305
600,SouthAfrica,710,CentralandSouthernAsia,921,14229,16138,22982,30296,61106,79004,61228,8078,9635,13848,17711,36206,50448,43812,6151,6503,9134,12585,24900,28556,17416
601,WesternAfrica,914,CentralandSouthernAsia,921,1695,1665,1702,1818,4011,5131,5557,1028,1021,1010,1312,2729,3361,3472,667,644,692,506,1282,1770,2085
602,Benin,204,CentralandSouthernAsia,921,0,0,0,0,0,0,0,0,0,0,0,0,0,0,0,0,0,0,0,0,0
603,BurkinaFaso,854,CentralandSouthernAsia,921,0,0,0,0,0,0,0,0,0,0,0,0,0,0,0,0,0,0,0,0,0
604,CaboVerde,132,CentralandSouthernAsia,921,0,0,0,0,0,0,0,0,0,0,0,0,0,0,0,0,0,0,0,0,0
605,CotedIvoire,384,CentralandSouthernAsia,921,0,0,0,0,0,0,0,0,0,0,0,0,0,0,0,0,0,0,0,0,0
606,Gambia,270,CentralandSouthernAsia,921,0,0,0,0,0,0,0,0,0,0,0,0,0,0,0,0,0,0,0,0,0
607,Ghana,288,CentralandSouthernAsia,921,516,514,575,809,780,958,1096,291,311,327,480,471,579,666,225,203,248,329,309,379,430
608,Guinea,324,CentralandSouthernAsia,921,0,0,0,0,0,104,86,0,0,0,0,0,90,79,0,0,0,0,0,14,7
609,GuineaBissau,624,CentralandSouthernAsia,921,0,0,0,0,0,0,0,0,0,0,0,0,0,0,0,0,0,0,0,0,0
610,Liberia,430,CentralandSouthernAsia,921,774,756,742,546,712,817,631,493,476,459,443,603,691,537,281,280,283,103,109,126,94
611,Mali,466,CentralandSouthernAsia,921,0,0,0,0,1873,2303,2699,0,0,0,0,1155,1420,1667,0,0,0,0,718,883,1032
612,Mauritania,478,CentralandSouthernAsia,921,0,0,0,0,0,0,0,0,0,0,0,0,0,0,0,0,0,0,0,0,0
613,Niger,562,CentralandSouthernAsia,921,0,0,0,0,0,0,0,0,0,0,0,0,0,0,0,0,0,0,0,0,0
614,Nigeria,566,CentralandSouthernAsia,921,0,0,0,0,0,0,0,0,0,0,0,0,0,0,0,0,0,0,0,0,0
615,SaintHelena,654,CentralandSouthernAsia,921,0,0,0,0,0,0,0,0,0,0,0,0,0,0,0,0,0,0,0,0,0
616,Senegal,686,CentralandSouthernAsia,921,0,0,0,0,0,0,0,0,0,0,0,0,0,0,0,0,0,0,0,0,0
617,SierraLeone,694,CentralandSouthernAsia,921,405,395,385,463,646,949,1045,244,234,224,389,500,581,523,161,161,161,74,146,368,522
618,Togo,768,CentralandSouthernAsia,921,0,0,0,0,0,0,0,0,0,0,0,0,0,0,0,0,0,0,0,0,0
619,CentralAsia,5500,CentralandSouthernAsia,921,448172,452366,446650,479315,476533,486689,501215,206634,215364,211321,232389,237606,246573,255138,241538,237002,235329,246926,238927,240116,246077
620,Kazakhstan,398,CentralandSouthernAsia,921,142934,164240,185557,236299,287050,305313,321344,71241,81892,92543,121245,149948,161876,170376,71693,82348,93014,115054,137102,143437,150968
621,Kyrgyzstan,417,CentralandSouthernAsia,921,65803,64484,51074,36267,28757,25329,24658,27821,27538,22114,15267,12008,10492,10217,37982,36946,28960,21000,16749,14837,14441
622,Tajikistan,762,CentralandSouthernAsia,921,52486,44441,40454,35098,35031,34437,34554,23048,21012,19507,17013,17067,16647,16699,29438,23429,20947,18085,17964,17790,17855
623,Turkmenistan,795,CentralandSouthernAsia,921,145823,140009,110789,105258,93173,91263,90547,66121,67417,52044,50170,43117,42856,43212,79702,72592,58745,55088,50056,48407,47335
624,Uzbekistan,860,CentralandSouthernAsia,921,41126,39192,58776,66393,32522,30347,30112,18403,17505,25113,28694,15466,14702,14634,22723,21687,33663,37699,17056,15645,15478
625,EasternAsia,906,CentralandSouthernAsia,921,39030,71387,99728,136385,184163,231903,317882,20988,40336,58954,80515,116221,139855,186117,18042,31051,40774,55870,67942,92048,131765
626,China,156,CentralandSouthernAsia,921,2832,4982,7227,10444,13194,16273,17696,1296,2350,3491,5604,7673,9776,10634,1536,2632,3736,4840,5521,6497,7062
627,DemPeoplesRepublicofKorea,408,CentralandSouthernAsia,921,444,500,553,659,761,838,849,177,206,234,292,347,385,394,267,294,319,367,414,453,455
628,Japan,392,CentralandSouthernAsia,921,9729,27001,36563,53676,56909,67298,99264,4956,12960,16892,24450,25596,30021,44285,4773,14041,19671,29226,31313,37277,54979
629,Mongolia,496,CentralandSouthernAsia,921,564,622,688,455,277,342,363,275,319,368,242,167,169,180,289,303,320,213,110,173,183
630,RepublicofKorea,410,CentralandSouthernAsia,921,1260,11271,24878,38596,77650,111005,162022,1169,9946,21974,33221,64979,82229,113279,91,1325,2904,5375,12671,28776,48743
631,SouthEasternAsia,920,CentralandSouthernAsia,921,193037,285758,432764,771338,1211135,1649043,1733636,115278,168890,251396,437429,684086,941399,1005577,77759,116868,181368,333909,527049,707644,728059
632,BruneiDarussalam,96,CentralandSouthernAsia,921,7973,9477,10979,11224,11469,11714,12758,6086,7191,8296,8497,8698,8899,9696,1887,2286,2683,2727,2771,2815,3062
633,Cambodia,116,CentralandSouthernAsia,921,106,279,450,351,252,228,237,69,180,291,229,167,154,164,37,99,159,122,85,74,73
634,Indonesia,360,CentralandSouthernAsia,921,13304,8801,4300,10922,18246,20199,21235,7154,4839,2524,6239,9847,11103,11655,6150,3962,1776,4683,8399,9096,9580
635,LaoPeoplesDemocraticRepublic,418,CentralandSouthernAsia,921,0,0,0,0,0,0,0,0,0,0,0,0,0,0,0,0,0,0,0,0,0
636,Malaysia,458,CentralandSouthernAsia,921,64103,112761,198542,454186,785356,1172931,1244861,38371,64099,110412,257645,451755,681785,739136,25732,48662,88130,196541,333601,491146,505725
637,Myanmar,104,CentralandSouthernAsia,921,47634,44211,40377,34205,31483,30204,31492,27238,24947,22038,18804,17555,16958,17684,20396,19264,18339,15401,13928,13246,13808
638,Philippines,608,CentralandSouthernAsia,921,3297,4433,9141,7397,13138,13342,14192,2108,2804,4943,4056,7320,7442,7937,1189,1629,4198,3341,5818,5900,6255
639,Singapore,702,CentralandSouthernAsia,921,41060,79425,125480,212272,310893,356656,362442,26008,51318,81095,121034,167593,192114,195024,15052,28107,44385,91238,143300,164542,167418
640,Thailand,764,CentralandSouthernAsia,921,14744,24696,39752,33275,29231,30576,32539,7732,12552,19667,16551,14988,15621,16572,7012,12144,20085,16724,14243,14955,15967
641,TimorLeste,626,CentralandSouthernAsia,921,293,319,348,370,378,375,368,163,173,184,206,218,252,250,130,146,164,164,160,123,118
642,VietNam,704,CentralandSouthernAsia,921,523,1356,3395,7136,10689,12818,13512,349,787,1946,4168,5945,7071,7459,174,569,1449,2968,4744,5747,6053
643,SouthernAsia,5501,CentralandSouthernAsia,921,17847071,13746068,13375836,11838356,12213766,11578095,10952962,9401073,7153538,6961113,6032597,6218617,5852165,5568941,8445998,6592530,6414723,5805759,5995149,5725930,5384021
644,Afghanistan,4,CentralandSouthernAsia,921,50671,55794,60918,67045,73174,284151,107141,28599,31491,34383,37842,41300,144617,51809,22072,24303,26535,29203,31874,139534,55332
645,Bangladesh,50,CentralandSouthernAsia,921,23009,29436,35862,52682,65609,73490,72063,12426,15896,19366,28449,35430,39685,22259,10583,13540,16496,24233,30179,33805,49804
646,Bhutan,64,CentralandSouthernAsia,921,21224,24935,28647,35905,43162,45556,47832,17571,20642,23714,29643,35571,39010,40932,3653,4293,4933,6262,7591,6546,6900
647,India,356,CentralandSouthernAsia,921,7127881,6626549,6112332,5424240,4898351,4564335,4269322,3732178,3447086,3155208,2665096,2391227,2184150,2005254,3395703,3179463,2957124,2759144,2507124,2380185,2264068
648,IranIslamicRepublicof,364,CentralandSouthernAsia,921,3990469,2669053,2248478,2397571,2594764,2639612,2725130,2214458,1476084,1241632,1317395,1424455,1440280,1479943,1776011,1192969,1006846,1080176,1170309,1199332,1245187
649,Maldives,462,CentralandSouthernAsia,921,6942,16296,24533,40969,49219,57473,62698,3817,8140,13507,24628,38537,52449,57191,3125,8156,11026,16341,10682,5024,5507
650,Nepal,524,CentralandSouthernAsia,921,389124,626651,657869,625723,538225,476400,455919,110868,188082,210405,208489,172664,143211,134498,278256,438569,447464,417234,365561,333189,321421
651,Pakistan,586,CentralandSouthernAsia,921,6198218,3661224,4174525,3167789,3936994,3422474,3198044,3258905,1946790,2245904,1706625,2071850,1801169,1769294,2939313,1714434,1928621,1461164,1865144,1621305,1428750
652,SriLanka,144,CentralandSouthernAsia,921,39533,36130,32672,26432,14268,14604,14813,22251,19327,16994,14430,7583,7594,7761,17282,16803,15678,12002,6685,7010,7052
653,WesternAsia,922,CentralandSouthernAsia,921,4661371,5213243,5941528,7699186,12605116,15988284,19074281,3288114,3724828,4279348,5721461,9699476,12218461,14541061,1373257,1488415,1662180,1977725,2905640,3769823,4533220
654,Armenia,51,CentralandSouthernAsia,921,12411,13168,14406,9533,7936,10731,10677,4706,5308,6010,4156,3612,4857,4885,7705,7860,8396,5377,4324,5874,5792
655,Azerbaijan,31,CentralandSouthernAsia,921,36693,32206,32454,30800,28198,26896,25664,16134,15253,15124,13848,13241,12936,12365,20559,16953,17330,16952,14957,13960,13299
656,Bahrain,48,CentralandSouthernAsia,921,108202,130114,152399,261408,428097,464119,601336,82543,97550,112419,199890,331644,363563,475290,25659,32564,39980,61518,96453,100556,126046
657,Cyprus,196,CentralandSouthernAsia,921,3835,5425,7011,13024,16170,14840,17045,1491,1974,2459,5875,5681,5327,7230,2344,3451,4552,7149,10489,9513,9815
658,Georgia,268,CentralandSouthernAsia,921,39370,17153,3269,3100,3126,3277,3376,17424,8130,1599,1518,1532,1608,1668,21946,9023,1670,1582,1594,1669,1708
659,Iraq,368,CentralandSouthernAsia,921,15921,46067,43658,18880,19285,15631,15776,10476,26249,20259,8905,9667,9094,8686,5445,19818,23399,9975,9618,6537,7090
660,Israel,376,CentralandSouthernAsia,921,110905,117945,118379,114962,112940,116479,113100,54095,56618,56629,54897,53707,55090,53499,56810,61327,61750,60065,59233,61389,59601
661,Jordan,400,CentralandSouthernAsia,921,18254,25232,32207,28355,63240,26102,33825,4205,8935,13742,17684,38243,12995,16794,14049,16297,18465,10671,24997,13107,17031
662,Kuwait,414,CentralandSouthernAsia,921,671008,581431,717687,846443,1188078,1786324,1938424,461058,409984,520103,631927,905352,1295818,1405970,209950,171447,197584,214516,282726,490506,532454
663,Lebanon,422,CentralandSouthernAsia,921,8246,11335,14423,12156,10014,8463,7385,1877,3590,5304,5192,5107,4053,3608,6369,7745,9119,6964,4907,4410,3777
664,Oman,512,CentralandSouthernAsia,921,252266,439670,503498,546840,678438,1542882,1972289,215867,365625,420681,464088,586140,1364574,1744403,36399,74045,82817,82752,92298,178308,227886
665,Qatar,634,CentralandSouthernAsia,921,41403,48485,48341,357364,956258,1146588,1608807,36534,41894,41040,293634,818793,984483,1366367,4869,6591,7301,63730,137465,162105,242440
666,SaudiArabia,682,CentralandSouthernAsia,921,2487058,2549593,2643366,3272541,4244943,5425896,6777653,1732867,1777911,1848832,2337471,3096207,3904273,4837752,754191,771682,794534,935070,1148736,1521623,1939901
667,StateofPalestine,275,CentralandSouthernAsia,921,0,0,0,0,0,0,0,0,0,0,0,0,0,0,0,0,0,0,0,0,0
668,SyrianArabRepublic,760,CentralandSouthernAsia,921,0,92,172,629,2605,1487,1143,0,47,87,321,1328,779,585,0,45,85,308,1277,708,558
669,Turkey,792,CentralandSouthernAsia,921,36146,33932,40138,42131,44812,152435,228388,20377,19293,22808,23582,24762,84731,117444,15769,14639,17330,18549,20050,67704,110944
670,UnitedArabEmirates,784,CentralandSouthernAsia,921,819653,1161395,1570120,2141020,4800966,5246127,5719387,628460,886467,1192252,1658473,3804454,4114276,4484511,191193,274928,377868,482547,996512,1131851,1234876
671,Yemen,887,CentralandSouthernAsia,921,0,0,0,0,10,7,6,0,0,0,0,6,4,4,0,0,0,0,4,3,2
672,EasternEurope,923,CentralandSouthernAsia,921,5031888,5222046,5258766,5436435,5539283,5651282,5663304,2436073,2549633,2588328,2677428,2729572,2776314,2782395,2595815,2672413,2670438,2759007,2809711,2874968,2880909
673,Belarus,112,CentralandSouthernAsia,921,117512,111417,105365,103871,102421,101548,100052,56400,53778,51166,50424,49706,49312,48591,61112,57639,54199,53447,52715,52236,51461
674,Bulgaria,100,CentralandSouthernAsia,921,668,1238,1803,4609,5402,7179,6298,446,667,886,2762,3207,4089,2906,222,571,917,1847,2195,3090,3392
675,Czechia,203,CentralandSouthernAsia,921,764,1147,1526,6180,10228,13620,21169,417,641,863,3687,6255,8108,13347,347,506,663,2493,3973,5512,7822
676,Hungary,348,CentralandSouthernAsia,921,4067,3785,3497,6030,6172,17148,11971,2415,2246,2077,3651,3759,11628,7369,1652,1539,1420,2379,2413,5520,4602
677,Poland,616,CentralandSouthernAsia,921,6574,5617,4809,5947,7282,6922,9353,3337,2813,2370,2991,3685,3572,5274,3237,2804,2439,2956,3597,3350,4079
678,RepublicofMoldova,498,CentralandSouthernAsia,921,23760,16035,10822,7473,5892,5156,5061,11138,7295,4770,3216,2569,2270,2233,12622,8740,6052,4257,3323,2886,2828
679,Romania,642,CentralandSouthernAsia,921,858,881,908,946,1180,1867,5139,721,742,765,797,985,1511,3739,137,139,143,149,195,356,1400
680,RussianFederation,643,CentralandSouthernAsia,921,4301556,4494720,4524692,4747541,4872457,4965408,4962713,2110824,2213360,2236496,2344832,2406370,2439698,2438375,2190732,2281360,2288196,2402709,2466087,2525710,2524338
681,Slovakia,703,CentralandSouthernAsia,921,78,494,800,1448,689,913,1144,48,373,555,1164,463,618,776,30,121,245,284,226,295,368
682,Ukraine,804,CentralandSouthernAsia,921,576051,586712,604544,552390,527560,531521,540404,250327,267718,288380,263904,252573,255508,259785,325724,318994,316164,288486,274987,276013,280619
683,NorthernEurope,924,CentralandSouthernAsia,921,955864,1087913,1241249,1565012,1896303,2247701,2398039,491861,556689,630979,809396,1002862,1195648,1261690,464003,531224,610270,755616,893441,1052053,1136349
684,ChannelIslands,830,CentralandSouthernAsia,921,0,0,0,0,0,0,0,0,0,0,0,0,0,0,0,0,0,0,0,0,0
685,Denmark,208,CentralandSouthernAsia,921,23315,30410,37494,45448,51115,63021,75611,13852,17012,20168,24401,27428,33997,40432,9463,13398,17326,21047,23687,29024,35179
686,Estonia,233,CentralandSouthernAsia,921,13224,9730,6234,6511,6848,6675,7827,6776,4765,2755,2907,3118,3132,3962,6448,4965,3479,3604,3730,3543,3865
687,FaroeIslands,234,CentralandSouthernAsia,921,14,24,38,56,58,63,72,6,9,15,20,20,24,32,8,15,23,36,38,39,40
688,Finland,246,CentralandSouthernAsia,921,1541,2855,4164,10257,14125,23075,33353,1036,1821,2607,6384,8707,13883,20259,505,1034,1557,3873,5418,9192,13094
689,Iceland,352,CentralandSouthernAsia,921,275,291,303,472,621,720,1145,106,119,134,216,287,347,595,169,172,169,256,334,373,550
690,Ireland,372,CentralandSouthernAsia,921,1467,5546,12670,24823,32893,33599,38507,753,2727,6424,14163,18224,18429,21238,714,2819,6246,10660,14669,15170,17269
691,IsleofMan,833,CentralandSouthernAsia,921,0,0,0,0,0,0,0,0,0,0,0,0,0,0,0,0,0,0,0,0,0
692,Latvia,428,CentralandSouthernAsia,921,1621,8212,14808,13564,11986,10183,11937,809,3889,6969,6384,5535,4726,6402,812,4323,7839,7180,6451,5457,5535
693,Lithuania,440,CentralandSouthernAsia,921,23233,12455,9754,9416,7804,6639,6768,11623,6326,4947,4729,3626,3027,3359,11610,6129,4807,4687,4178,3612,3409
694,Norway,578,CentralandSouthernAsia,921,25668,30297,35968,47041,58768,74203,87036,15902,17445,19420,25026,31499,39876,47015,9766,12852,16548,22015,27269,34327,40021
695,Sweden,752,CentralandSouthernAsia,921,62113,73709,79055,92822,114633,171708,212924,32341,38111,40622,48103,61513,93868,119606,29772,35598,38433,44719,53120,77840,93318
696,UnitedKingdom,826,CentralandSouthernAsia,921,803393,914384,1040761,1314602,1597452,1857815,1922859,408657,464465,526918,677063,842905,984339,998790,394736,449919,513843,637539,754547,873476,924069
697,SouthernEurope,925,CentralandSouthernAsia,921,135199,177939,228345,437808,638241,681169,851401,82536,107848,137574,289639,431118,443710,534848,52663,70091,90771,148169,207123,237459,316553
698,Albania,8,CentralandSouthernAsia,921,0,0,0,0,0,0,0,0,0,0,0,0,0,0,0,0,0,0,0,0,0
699,Andorra,20,CentralandSouthernAsia,921,0,0,0,0,0,0,0,0,0,0,0,0,0,0,0,0,0,0,0,0,0
700,BosniaandHerzegovina,70,CentralandSouthernAsia,921,0,0,0,0,0,0,0,0,0,0,0,0,0,0,0,0,0,0,0,0,0
701,Croatia,191,CentralandSouthernAsia,921,0,0,0,92,182,182,166,0,0,0,41,81,81,73,0,0,0,51,101,101,93
702,Gibraltar,292,CentralandSouthernAsia,921,0,0,0,0,0,0,0,0,0,0,0,0,0,0,0,0,0,0,0,0,0
703,Greece,300,CentralandSouthernAsia,921,68716,61165,54622,76568,102166,95759,109726,40895,38667,36670,54458,74807,67276,57065,27821,22498,17952,22110,27359,28483,52661
704,HolySee,336,CentralandSouthernAsia,921,0,0,0,0,0,0,0,0,0,0,0,0,0,0,0,0,0,0,0,0,0
705,Italy,380,CentralandSouthernAsia,921,55265,99846,144421,289301,409359,457898,573098,34843,58842,82838,180561,260910,294152,372686,20422,41004,61583,108740,148449,163746,200412
706,Malta,470,CentralandSouthernAsia,921,215,255,320,386,431,719,1554,128,152,196,233,246,430,983,87,103,124,153,185,289,571
707,Montenegro,499,CentralandSouthernAsia,921,0,0,0,0,0,0,0,0,0,0,0,0,0,0,0,0,0,0,0,0,0
708,NorthMacedonia,807,CentralandSouthernAsia,921,0,0,0,0,0,0,0,0,0,0,0,0,0,0,0,0,0,0,0,0,0
709,Portugal,620,CentralandSouthernAsia,921,2361,5098,8046,10986,12110,13724,22325,1398,3015,4757,6680,7505,8239,14008,963,2083,3289,4306,4605,5485,8317
710,SanMarino,674,CentralandSouthernAsia,921,0,0,0,0,0,0,0,0,0,0,0,0,0,0,0,0,0,0,0,0,0
711,Serbia,688,CentralandSouthernAsia,921,66,437,597,591,581,566,569,28,173,229,223,218,213,217,38,264,368,368,363,353,352
712,Slovenia,705,CentralandSouthernAsia,921,29,57,82,133,273,465,868,16,35,44,80,145,282,524,13,22,38,53,128,183,344
713,Spain,724,CentralandSouthernAsia,921,8547,11081,20257,59751,113139,111856,143095,5228,6964,12840,47363,87206,73037,89292,3319,4117,7417,12388,25933,38819,53803
714,WesternEurope,926,CentralandSouthernAsia,921,467671,803356,1140768,1435346,1678020,1822208,2629353,296848,435119,574339,740354,876377,952433,1369015,170823,368237,566429,694992,801643,869775,1260338
715,Austria,40,CentralandSouthernAsia,921,27416,30933,34445,38188,45122,83261,103365,16273,18564,20856,22757,26723,51734,64090,11143,12369,13589,15431,18399,31527,39275
716,Belgium,56,CentralandSouthernAsia,921,13412,14356,14873,28005,43401,65440,87038,8607,8810,8768,16791,24430,38535,51636,4805,5546,6105,11214,18971,26905,35402
717,France,250,CentralandSouthernAsia,921,105380,108788,112190,123477,148861,169119,218463,57721,58756,59791,65237,76836,84052,108529,47659,50032,52399,58240,72025,85067,109934
718,Germany,276,CentralandSouthernAsia,921,245277,546332,847382,1089390,1275886,1307738,1969612,169916,289806,409695,549174,658918,671659,1007488,75361,256526,437687,540216,616968,636079,962124
719,Liechtenstein,438,CentralandSouthernAsia,921,0,0,0,11,60,78,84,0,0,0,7,35,45,49,0,0,0,4,25,33,35
720,Luxembourg,442,CentralandSouthernAsia,921,470,444,427,369,319,484,5581,243,229,219,202,188,289,3021,227,215,208,167,131,195,2560
721,Monaco,492,CentralandSouthernAsia,921,0,0,0,0,0,0,0,0,0,0,0,0,0,0,0,0,0,0,0,0,0
722,Netherlands,528,CentralandSouthernAsia,921,39584,59279,80964,94363,97734,111699,143325,22817,33685,45603,52104,53534,60218,77788,16767,25594,35361,42259,44200,51481,65537
723,Switzerland,756,CentralandSouthernAsia,921,36132,43224,50487,61543,66637,84389,101885,21271,25269,29407,34082,35713,45901,56414,14861,17955,21080,27461,30924,38488,45471
724,Caribbean,915,CentralandSouthernAsia,921,3075,3586,4136,4808,6283,6509,6924,1723,2063,2454,3037,4112,4258,4616,1352,1523,1682,1771,2171,2251,2308
725,Anguilla,660,CentralandSouthernAsia,921,0,0,0,0,0,0,0,0,0,0,0,0,0,0,0,0,0,0,0,0,0
726,AntiguaandBarbuda,28,CentralandSouthernAsia,921,39,53,65,70,74,79,81,18,26,32,34,36,39,41,21,27,33,36,38,40,40
727,Aruba,533,CentralandSouthernAsia,921,39,98,157,238,315,330,368,25,64,103,157,208,217,240,14,34,54,81,107,113,128
728,Bahamas,44,CentralandSouthernAsia,921,199,223,249,420,588,637,680,111,125,142,238,332,358,383,88,98,107,182,256,279,297
729,Barbados,52,CentralandSouthernAsia,921,441,481,522,480,441,463,467,222,246,271,242,215,226,229,219,235,251,238,226,237,238
730,BritishVirginIslands,92,CentralandSouthernAsia,921,20,24,27,31,35,40,45,11,13,14,16,18,21,24,9,11,13,15,17,19,21
731,CaymanIslands,136,CentralandSouthernAsia,921,80,156,269,437,647,701,779,48,93,157,306,483,526,587,32,63,112,131,164,175,192
732,Cuba,192,CentralandSouthernAsia,921,0,0,0,0,0,0,0,0,0,0,0,0,0,0,0,0,0,0,0,0,0
733,CuraÃao,531,CentralandSouthernAsia,921,0,0,0,0,588,637,742,0,0,0,0,362,393,465,0,0,0,0,226,244,277
734,Dominica,212,CentralandSouthernAsia,921,10,13,15,19,24,28,27,6,8,9,12,14,16,16,4,5,6,7,10,12,11
735,DominicanRepublic,214,CentralandSouthernAsia,921,535,596,654,434,217,221,227,377,415,452,306,160,166,171,158,181,202,128,57,55,56
736,Grenada,308,CentralandSouthernAsia,921,0,0,0,0,0,0,0,0,0,0,0,0,0,0,0,0,0,0,0,0,0
737,Guadeloupe,312,CentralandSouthernAsia,921,80,107,133,163,193,184,181,39,51,62,75,88,79,77,41,56,71,88,105,105,104
738,Haiti,332,CentralandSouthernAsia,921,0,0,0,0,0,0,0,0,0,0,0,0,0,0,0,0,0,0,0,0,0
739,Jamaica,388,CentralandSouthernAsia,921,711,962,1213,1183,1152,1127,1148,398,576,754,738,722,706,720,313,386,459,445,430,421,428
740,Martinique,474,CentralandSouthernAsia,921,0,0,0,0,0,0,0,0,0,0,0,0,0,0,0,0,0,0,0,0,0
741,Montserrat,500,CentralandSouthernAsia,921,0,0,0,0,0,0,0,0,0,0,0,0,0,0,0,0,0,0,0,0,0
742,PuertoRico,630,CentralandSouthernAsia,921,96,101,108,84,51,49,21,45,48,51,40,24,23,10,51,53,57,44,27,26,11
743,SaintBarthelemy,652,CentralandSouthernAsia,921,0,0,0,0,0,0,0,0,0,0,0,0,0,0,0,0,0,0,0,0,0
744,SaintKittsandNevis,659,CentralandSouthernAsia,921,0,0,0,0,0,0,0,0,0,0,0,0,0,0,0,0,0,0,0,0,0
745,SaintLucia,662,CentralandSouthernAsia,921,57,75,104,173,231,220,214,34,45,62,103,138,132,125,23,30,42,70,93,88,89
746,SaintMartinFrenchpart,663,CentralandSouthernAsia,921,0,0,0,0,0,0,0,0,0,0,0,0,0,0,0,0,0,0,0,0,0
747,SaintVincentandtheGrenadines,670,CentralandSouthernAsia,921,0,0,0,0,0,0,0,0,0,0,0,0,0,0,0,0,0,0,0,0,0
748,SintMaartenDutchpart,534,CentralandSouthernAsia,921,0,0,0,411,801,834,880,0,0,0,400,776,794,839,0,0,0,11,25,40,41
749,TrinidadandTobago,780,CentralandSouthernAsia,921,768,697,620,665,926,959,1064,389,353,345,370,536,562,689,379,344,275,295,390,397,375
750,TurksandCaicosIslands,796,CentralandSouthernAsia,921,0,0,0,0,0,0,0,0,0,0,0,0,0,0,0,0,0,0,0,0,0
751,UnitedStatesVirginIslands,850,CentralandSouthernAsia,921,0,0,0,0,0,0,0,0,0,0,0,0,0,0,0,0,0,0,0,0,0
752,CentralAmerica,916,CentralandSouthernAsia,921,2341,2898,3694,4449,6198,8089,9373,1434,1768,2247,2738,3882,5281,6206,907,1130,1447,1711,2316,2808,3167
753,Belize,84,CentralandSouthernAsia,921,247,256,265,292,502,592,670,138,142,147,161,277,326,370,109,114,118,131,225,266,300
754,CostaRica,188,CentralandSouthernAsia,921,178,130,147,108,200,190,223,110,86,107,71,140,138,167,68,44,40,37,60,52,56
755,ElSalvador,222,CentralandSouthernAsia,921,49,40,30,33,34,35,35,35,28,21,23,24,25,25,14,12,9,10,10,10,10
756,Guatemala,320,CentralandSouthernAsia,921,29,29,28,34,39,43,44,10,12,14,18,22,23,26,19,17,14,16,17,20,18
757,Honduras,340,CentralandSouthernAsia,921,0,0,0,0,0,0,0,0,0,0,0,0,0,0,0,0,0,0,0,0,0
758,Mexico,484,CentralandSouthernAsia,921,244,574,934,1072,1333,2451,2683,173,372,589,684,857,1778,1957,71,202,345,388,476,673,726
759,Nicaragua,558,CentralandSouthernAsia,921,39,32,52,76,80,85,86,25,20,30,40,43,47,49,14,12,22,36,37,38,37
760,Panama,591,CentralandSouthernAsia,921,1555,1837,2238,2834,4010,4693,5632,943,1108,1339,1741,2519,2944,3612,612,729,899,1093,1491,1749,2020
761,SouthAmerica,931,CentralandSouthernAsia,921,2409,2437,2496,2889,3687,5253,13949,1435,1443,1473,1738,2297,3541,11256,974,994,1023,1151,1390,1712,2693
762,Argentina,32,CentralandSouthernAsia,921,553,541,529,396,250,250,250,262,260,258,196,128,128,130,291,281,271,200,122,122,120
763,BoliviaPlurinationalStateof,68,CentralandSouthernAsia,921,208,217,217,225,226,274,286,139,140,139,147,152,180,195,69,77,78,78,74,94,91
764,Brazil,76,CentralandSouthernAsia,921,824,880,934,1366,1909,2240,9518,518,536,552,818,1144,1338,7832,306,344,382,548,765,902,1686
765,Chile,152,CentralandSouthernAsia,921,0,0,0,0,0,0,0,0,0,0,0,0,0,0,0,0,0,0,0,0,0
766,Colombia,170,CentralandSouthernAsia,921,0,0,0,0,0,0,0,0,0,0,0,0,0,0,0,0,0,0,0,0,0
767,Ecuador,218,CentralandSouthernAsia,921,176,199,220,265,419,561,643,123,140,155,187,295,366,437,53,59,65,78,124,195,206
768,FalklandIslandsMalvinas,238,CentralandSouthernAsia,921,0,0,0,0,0,0,0,0,0,0,0,0,0,0,0,0,0,0,0,0,0
769,FrenchGuiana,254,CentralandSouthernAsia,921,0,0,0,0,0,0,0,0,0,0,0,0,0,0,0,0,0,0,0,0,0
770,Guyana,328,CentralandSouthernAsia,921,0,0,0,0,0,0,0,0,0,0,0,0,0,0,0,0,0,0,0,0,0
771,Paraguay,600,CentralandSouthernAsia,921,0,0,0,0,0,0,0,0,0,0,0,0,0,0,0,0,0,0,0,0,0
772,Peru,604,CentralandSouthernAsia,921,206,209,246,289,526,1566,2914,139,138,162,189,375,1325,2471,67,71,84,100,151,241,443
773,Suriname,740,CentralandSouthernAsia,921,0,0,0,0,0,0,0,0,0,0,0,0,0,0,0,0,0,0,0,0,0
774,Uruguay,858,CentralandSouthernAsia,921,0,0,0,0,0,0,0,0,0,0,0,0,0,0,0,0,0,0,0,0,0
775,VenezuelaBolivarianRepublicof,862,CentralandSouthernAsia,921,442,391,350,348,357,362,338,254,229,207,201,203,204,191,188,162,143,147,154,158,147
776,Bermuda,60,CentralandSouthernAsia,921,169,238,261,354,462,519,601,99,137,146,235,350,410,428,70,101,115,119,112,109,173
777,Canada,124,CentralandSouthernAsia,921,260239,434257,618602,825394,1021775,1302142,1411022,126693,210034,298418,409671,521608,652043,706626,133546,224223,320184,415723,500167,650099,704396
778,Greenland,304,CentralandSouthernAsia,921,0,0,0,0,0,0,0,0,0,0,0,0,0,0,0,0,0,0,0,0,0
779,SaintPierreandMiquelon,666,CentralandSouthernAsia,921,0,0,0,0,0,0,0,0,0,0,0,0,0,0,0,0,0,0,0,0,0
780,UnitedStatesofAmerica,840,CentralandSouthernAsia,921,843598,1311534,1789141,2253355,2798842,3718925,4270492,469197,735964,1009227,1204276,1458761,1924491,2198773,374401,575570,779914,1049079,1340081,1794434,2071719
781,Australia,36,CentralandSouthernAsia,921,146398,174495,205560,303852,585820,846460,1082734,76305,91373,109141,166079,334388,465330,600187,70093,83122,96419,137773,251432,381130,482547
782,NewZealand,554,CentralandSouthernAsia,921,12492,18703,31742,57151,74900,91453,158366,6983,9941,15432,27743,36285,44227,76589,5509,8762,16310,29408,38615,47226,81777
783,Melanesia,928,CentralandSouthernAsia,921,4462,4454,4306,4329,4584,4717,4820,2183,2254,2224,2353,2508,2606,2665,2279,2200,2082,1976,2076,2111,2155
784,Fiji,242,CentralandSouthernAsia,921,4105,4090,4035,4054,4352,4482,4586,1962,2009,2018,2140,2326,2419,2475,2143,2081,2017,1914,2026,2063,2111
785,NewCaledonia,540,CentralandSouthernAsia,921,0,0,0,0,0,0,0,0,0,0,0,0,0,0,0,0,0,0,0,0,0
786,PapuaNewGuinea,598,CentralandSouthernAsia,921,357,364,271,275,232,235,234,221,245,206,213,182,187,190,136,119,65,62,50,48,44
787,SolomonIslands,90,CentralandSouthernAsia,921,0,0,0,0,0,0,0,0,0,0,0,0,0,0,0,0,0,0,0,0,0
788,Vanuatu,548,CentralandSouthernAsia,921,0,0,0,0,0,0,0,0,0,0,0,0,0,0,0,0,0,0,0,0,0
789,Micronesia,954,CentralandSouthernAsia,921,590,781,1022,919,800,906,985,551,724,956,854,690,757,826,39,57,66,65,110,149,159
790,Guam,316,CentralandSouthernAsia,921,0,0,0,0,0,0,0,0,0,0,0,0,0,0,0,0,0,0,0,0,0
791,Kiribati,296,CentralandSouthernAsia,921,0,0,0,0,0,0,0,0,0,0,0,0,0,0,0,0,0,0,0,0,0
792,MarshallIslands,584,CentralandSouthernAsia,921,0,0,0,0,0,0,0,0,0,0,0,0,0,0,0,0,0,0,0,0,0
793,MicronesiaFedStatesof,583,CentralandSouthernAsia,921,0,0,0,0,0,0,0,0,0,0,0,0,0,0,0,0,0,0,0,0,0
794,Nauru,520,CentralandSouthernAsia,921,0,0,0,0,247,411,490,0,0,0,0,184,304,371,0,0,0,0,63,107,119
795,NorthernMarianaIslands,580,CentralandSouthernAsia,921,590,781,1022,919,553,495,495,551,724,956,854,506,453,455,39,57,66,65,47,42,40
796,Palau,585,CentralandSouthernAsia,921,0,0,0,0,0,0,0,0,0,0,0,0,0,0,0,0,0,0,0,0,0
797,Polynesia,957,CentralandSouthernAsia,921,175,196,218,248,261,226,215,93,106,120,137,145,127,122,82,90,98,111,116,99,93
798,AmericanSamoa,16,CentralandSouthernAsia,921,0,0,0,0,0,0,0,0,0,0,0,0,0,0,0,0,0,0,0,0,0
799,CookIslands,184,CentralandSouthernAsia,921,0,0,0,0,0,0,0,0,0,0,0,0,0,0,0,0,0,0,0,0,0
800,FrenchPolynesia,258,CentralandSouthernAsia,921,35,38,41,42,41,38,38,26,28,30,31,31,29,29,9,10,11,11,10,9,9
801,Niue,570,CentralandSouthernAsia,921,0,0,0,0,0,0,0,0,0,0,0,0,0,0,0,0,0,0,0,0,0
802,Samoa,882,CentralandSouthernAsia,921,0,0,0,0,0,0,0,0,0,0,0,0,0,0,0,0,0,0,0,0,0
803,Tokelau,772,CentralandSouthernAsia,921,0,0,0,0,0,0,0,0,0,0,0,0,0,0,0,0,0,0,0,0,0
804,Tonga,776,CentralandSouthernAsia,921,140,158,177,206,220,188,177,67,78,90,106,114,98,93,73,80,87,100,106,90,84
805,Tuvalu,798,CentralandSouthernAsia,921,0,0,0,0,0,0,0,0,0,0,0,0,0,0,0,0,0,0,0,0,0
806,WallisandFutunaIslands,876,CentralandSouthernAsia,921,0,0,0,0,0,0,0,0,0,0,0,0,0,0,0,0,0,0,0,0,0
807,SubSaharanAfrica,947,EasternandSouthEasternAsia,1832,29235,28724,35275,37997,43826,48065,51394,15583,15287,17207,20052,24418,27324,30144,13652,13437,18068,17945,19408,20741,21250
808,NorthernAfricaandWesternAsia,1833,EasternandSouthEasternAsia,1832,1380676,1524907,1672811,2003462,2965584,3666905,4377077,851984,938368,1016124,1251398,1898321,2312129,2732713,528692,586539,656687,752064,1067263,1354776,1644364
809,CentralandSouthernAsia,921,EasternandSouthEasternAsia,1832,916281,1022902,1038507,1053982,1251284,1280110,1931473,469639,525672,536373,551393,643974,659175,1105665,446642,497230,502134,502589,607310,620935,825808
810,EasternandSouthEasternAsia,1832,EasternandSouthEasternAsia,1832,5482422,6651526,8333318,10440868,12687477,14290497,15367927,2817595,3349562,4097173,5107595,6187074,7021123,7527415,2664827,3301964,4236145,5333273,6500403,7269374,7840512
811,LatinAmericaandtheCaribbean,1830,EasternandSouthEasternAsia,1832,182064,181626,184930,192798,211566,257140,300861,97294,96556,97808,102266,113374,143343,172456,84770,85070,87122,90532,98192,113797,128405
812,OceaniaexcludingAustraliaandNewZealand,1835,EasternandSouthEasternAsia,1832,70540,81210,92451,91476,82438,80083,82715,38798,42255,44620,44293,41937,40628,41896,31742,38955,47831,47183,40501,39455,40819
813,AustraliaandNewZealand,927,EasternandSouthEasternAsia,1832,682414,806339,927636,1177717,1560647,1904449,2361394,327894,379061,427579,533502,698591,854826,1057477,354520,427278,500057,644215,862056,1049623,1303917
814,EuropeandNorthernAmerica,1829,EasternandSouthEasternAsia,1832,6030787,7563689,9155926,10558683,12174384,13678341,13927899,2795964,3514998,4263548,4876552,5523275,6091885,6134146,3234823,4048691,4892378,5682131,6651109,7586456,7793753
815,Developedregions,901,EasternandSouthEasternAsia,1832,7624156,9369206,11276873,13229848,15319871,17227537,18260316,3578889,4399937,5260209,6105230,6947288,7725160,8123303,4045267,4969269,6016664,7124618,8372583,9502377,10137013
816,Lessdevelopedregions,902,EasternandSouthEasternAsia,1832,7150263,8491717,10163981,12327135,15657335,17978053,20140424,3835862,4461822,5240223,6381821,8183676,9425273,10678609,3314401,4029895,4923758,5945314,7473659,8552780,9461815
817,Leastdevelopedcountries,941,EasternandSouthEasternAsia,1832,838875,903174,967488,926236,1089758,1115010,1782418,431759,464591,498526,486153,567459,585078,1040931,407116,438583,468962,440083,522299,529932,741487
818,LandlockedDevelopingCountriesLLDC,1636,EasternandSouthEasternAsia,1832,126892,131291,128555,140219,175806,197953,208782,61699,65646,66859,74614,93186,108426,114989,65193,65645,61696,65605,82620,89527,93793
819,SmallislanddevelopingStatesSIDS,1637,EasternandSouthEasternAsia,1832,501731,831053,1231502,1460064,1762307,1999957,2055703,238512,368311,519297,620723,754487,855144,882904,263219,462742,712205,839341,1007820,1144813,1172799
820,Highincomecountries,1503,EasternandSouthEasternAsia,1832,11480713,13906081,16600531,19562554,23481657,26868656,29018421,5676964,6781784,7958174,9259933,11066626,12585000,13547411,5803749,7124297,8642357,10302621,12415031,14283656,15471010
821,Middleincomecountries,1517,EasternandSouthEasternAsia,1832,3256640,3918770,4803627,5953319,7445315,8279668,9322165,1718112,2061041,2523194,3206041,4038858,4536229,5223908,1538528,1857729,2280433,2747278,3406457,3743439,4098257
822,Uppermiddleincomecountries,1502,EasternandSouthEasternAsia,1832,2096826,2570764,3421192,4627532,5960606,6761761,7135414,1115617,1362561,1805496,2506122,3259034,3735154,3965778,981209,1208203,1615696,2121410,2701572,3026607,3169636
823,Lowermiddleincomecountries,1501,EasternandSouthEasternAsia,1832,1159814,1348006,1382435,1325787,1484709,1517907,2186751,602495,698480,717698,699919,779824,801075,1258130,557319,649526,664737,625868,704885,716832,928621
824,Lowincomecountries,1500,EasternandSouthEasternAsia,1832,35117,33858,34217,38881,48255,54775,57379,18638,17798,17829,19975,24510,28025,29281,16479,16060,16388,18906,23745,26750,28098
825,EasternAfrica,910,EasternandSouthEasternAsia,1832,2672,5951,12017,9602,7905,8562,9142,1617,2124,3022,3446,4375,4806,5193,1055,3827,8995,6156,3530,3756,3949
826,Burundi,108,EasternandSouthEasternAsia,1832,0,0,0,0,0,0,0,0,0,0,0,0,0,0,0,0,0,0,0,0,0
827,Comoros,174,EasternandSouthEasternAsia,1832,0,0,0,0,0,0,0,0,0,0,0,0,0,0,0,0,0,0,0,0,0
828,Djibouti,262,EasternandSouthEasternAsia,1832,0,0,0,0,0,0,0,0,0,0,0,0,0,0,0,0,0,0,0,0,0
829,Eritrea,232,EasternandSouthEasternAsia,1832,8,53,98,102,112,135,117,2,45,88,92,101,122,106,6,8,10,10,11,13,11
830,Ethiopia,231,EasternandSouthEasternAsia,1832,0,0,0,0,0,0,0,0,0,0,0,0,0,0,0,0,0,0,0,0,0
831,Kenya,404,EasternandSouthEasternAsia,1832,0,0,0,0,0,0,0,0,0,0,0,0,0,0,0,0,0,0,0,0,0
832,Madagascar,450,EasternandSouthEasternAsia,1832,1481,1312,1458,1609,1784,1979,2193,827,738,820,906,1005,1112,1234,654,574,638,703,779,867,959
833,Malawi,454,EasternandSouthEasternAsia,1832,0,0,0,0,0,0,0,0,0,0,0,0,0,0,0,0,0,0,0,0,0
834,Mauritius,480,EasternandSouthEasternAsia,1832,496,3365,8113,5232,2645,3044,3071,346,677,889,812,991,1236,1248,150,2688,7224,4420,1654,1808,1823
835,Mayotte,175,EasternandSouthEasternAsia,1832,0,0,0,0,0,0,0,0,0,0,0,0,0,0,0,0,0,0,0,0,0
836,Mozambique,508,EasternandSouthEasternAsia,1832,0,0,0,0,0,0,0,0,0,0,0,0,0,0,0,0,0,0,0,0,0
837,Reunion,638,EasternandSouthEasternAsia,1832,0,0,0,0,0,0,0,0,0,0,0,0,0,0,0,0,0,0,0,0,0
838,Rwanda,646,EasternandSouthEasternAsia,1832,0,0,0,0,0,0,0,0,0,0,0,0,0,0,0,0,0,0,0,0,0
839,Seychelles,690,EasternandSouthEasternAsia,1832,126,660,1196,1310,1426,1595,1622,72,294,516,783,1049,1197,1223,54,366,680,527,377,398,399
840,Somalia,706,EasternandSouthEasternAsia,1832,0,0,0,0,0,0,0,0,0,0,0,0,0,0,0,0,0,0,0,0,0
841,SouthSudan,728,EasternandSouthEasternAsia,1832,0,0,0,0,0,0,0,0,0,0,0,0,0,0,0,0,0,0,0,0,0
842,Uganda,800,EasternandSouthEasternAsia,1832,315,296,857,828,831,834,775,199,184,501,480,478,478,444,116,112,356,348,353,356,331
843,UnitedRepublicofTanzania,834,EasternandSouthEasternAsia,1832,0,0,0,0,0,0,0,0,0,0,0,0,0,0,0,0,0,0,0,0,0
844,Zambia,894,EasternandSouthEasternAsia,1832,246,265,295,521,1107,975,1364,171,186,208,373,751,661,938,75,79,87,148,356,314,426
845,Zimbabwe,716,EasternandSouthEasternAsia,1832,0,0,0,0,0,0,0,0,0,0,0,0,0,0,0,0,0,0,0,0,0
846,MiddleAfrica,911,EasternandSouthEasternAsia,1832,510,630,837,705,1174,1592,1641,408,499,668,547,962,1326,1364,102,131,169,158,212,266,277
847,Angola,24,EasternandSouthEasternAsia,1832,0,0,0,0,0,0,0,0,0,0,0,0,0,0,0,0,0,0,0,0,0
848,Cameroon,120,EasternandSouthEasternAsia,1832,0,0,0,0,0,0,0,0,0,0,0,0,0,0,0,0,0,0,0,0,0
849,CentralAfricanRepublic,140,EasternandSouthEasternAsia,1832,0,0,0,0,0,0,0,0,0,0,0,0,0,0,0,0,0,0,0,0,0
850,Chad,148,EasternandSouthEasternAsia,1832,0,0,0,0,0,0,0,0,0,0,0,0,0,0,0,0,0,0,0,0,0
851,Congo,178,EasternandSouthEasternAsia,1832,283,327,459,292,695,924,917,260,299,419,273,643,852,846,23,28,40,19,52,72,71
852,DemocraticRepublicoftheCongo,180,EasternandSouthEasternAsia,1832,0,0,0,0,0,0,0,0,0,0,0,0,0,0,0,0,0,0,0,0,0
853,EquatorialGuinea,226,EasternandSouthEasternAsia,1832,0,0,0,0,0,0,0,0,0,0,0,0,0,0,0,0,0,0,0,0,0
854,Gabon,266,EasternandSouthEasternAsia,1832,227,303,378,413,479,668,724,148,200,249,274,319,474,518,79,103,129,139,160,194,206
855,SaoTomeandPrincipe,678,EasternandSouthEasternAsia,1832,0,0,0,0,0,0,0,0,0,0,0,0,0,0,0,0,0,0,0,0,0
856,NorthernAfrica,912,EasternandSouthEasternAsia,1832,34801,35160,36508,40158,43021,43614,50264,23069,23839,25436,29484,31697,32776,37326,11732,11321,11072,10674,11324,10838,12938
857,Algeria,12,EasternandSouthEasternAsia,1832,2651,2487,2323,1837,2017,2190,2275,1879,1782,1687,1334,1442,1566,1628,772,705,636,503,575,624,647
858,Egypt,818,EasternandSouthEasternAsia,1832,8047,7541,7632,9087,9780,6718,10480,5338,4947,4946,6087,6430,4738,6993,2709,2594,2686,3000,3350,1980,3487
859,Libya,434,EasternandSouthEasternAsia,1832,22425,23421,24807,27344,30009,33595,35973,14989,16228,17902,21087,23198,25898,27923,7436,7193,6905,6257,6811,7697,8050
860,Morocco,504,EasternandSouthEasternAsia,1832,0,0,0,0,0,0,0,0,0,0,0,0,0,0,0,0,0,0,0,0,0
861,Sudan,729,EasternandSouthEasternAsia,1832,1678,1711,1746,1890,1215,1111,1536,863,882,901,976,627,574,782,815,829,845,914,588,537,754
862,Tunisia,788,EasternandSouthEasternAsia,1832,0,0,0,0,0,0,0,0,0,0,0,0,0,0,0,0,0,0,0,0,0
863,WesternSahara,732,EasternandSouthEasternAsia,1832,0,0,0,0,0,0,0,0,0,0,0,0,0,0,0,0,0,0,0,0,0
864,SouthernAfrica,913,EasternandSouthEasternAsia,1832,24478,20584,20884,25777,27239,27568,29086,12445,11557,12432,14751,14914,15457,17293,12033,9027,8452,11026,12325,12111,11793
865,Botswana,72,EasternandSouthEasternAsia,1832,874,1055,1348,2720,4111,4466,4777,844,1018,1301,2282,3278,3561,3812,30,37,47,438,833,905,965
866,Eswatini,748,EasternandSouthEasternAsia,1832,0,0,0,0,0,0,0,0,0,0,0,0,0,0,0,0,0,0,0,0,0
867,Lesotho,426,EasternandSouthEasternAsia,1832,162,140,114,116,118,168,221,92,80,65,66,67,97,126,70,60,49,50,51,71,95
868,Namibia,516,EasternandSouthEasternAsia,1832,5568,5322,4952,3911,3765,3681,3934,3746,3594,3347,2637,2542,2490,2668,1822,1728,1605,1274,1223,1191,1266
869,SouthAfrica,710,EasternandSouthEasternAsia,1832,17874,14067,14470,19030,19245,19253,20154,7763,6865,7719,9766,9027,9309,10687,10111,7202,6751,9264,10218,9944,9467
870,WesternAfrica,914,EasternandSouthEasternAsia,1832,1575,1559,1537,1913,7508,10343,11525,1113,1107,1085,1308,4167,5735,6294,462,452,452,605,3341,4608,5231
871,Benin,204,EasternandSouthEasternAsia,1832,0,0,0,0,0,0,0,0,0,0,0,0,0,0,0,0,0,0,0,0,0
872,BurkinaFaso,854,EasternandSouthEasternAsia,1832,0,0,0,0,0,0,0,0,0,0,0,0,0,0,0,0,0,0,0,0,0
873,CaboVerde,132,EasternandSouthEasternAsia,1832,43,58,72,53,31,32,30,20,28,37,27,16,16,16,23,30,35,26,15,16,14
874,CotedIvoire,384,EasternandSouthEasternAsia,1832,0,0,0,0,0,0,0,0,0,0,0,0,0,0,0,0,0,0,0,0,0
875,Gambia,270,EasternandSouthEasternAsia,1832,0,0,0,0,0,0,0,0,0,0,0,0,0,0,0,0,0,0,0,0,0
876,Ghana,288,EasternandSouthEasternAsia,1832,171,171,190,267,258,316,359,127,131,142,203,200,246,284,44,40,48,64,58,70,75
877,Guinea,324,EasternandSouthEasternAsia,1832,299,344,371,468,613,1952,1859,198,242,260,299,361,1207,1157,101,102,111,169,252,745,702
878,GuineaBissau,624,EasternandSouthEasternAsia,1832,0,0,0,0,0,0,0,0,0,0,0,0,0,0,0,0,0,0,0,0,0
879,Liberia,430,EasternandSouthEasternAsia,1832,0,0,0,0,0,0,0,0,0,0,0,0,0,0,0,0,0,0,0,0,0
880,Mali,466,EasternandSouthEasternAsia,1832,301,190,76,309,5770,7096,8320,242,145,46,186,2955,3630,4267,59,45,30,123,2815,3466,4053
881,Mauritania,478,EasternandSouthEasternAsia,1832,205,218,225,228,159,227,246,36,55,75,82,65,88,98,169,163,150,146,94,139,148
882,Niger,562,EasternandSouthEasternAsia,1832,0,0,0,0,0,0,0,0,0,0,0,0,0,0,0,0,0,0,0,0,0
883,Nigeria,566,EasternandSouthEasternAsia,1832,0,0,0,0,0,0,0,0,0,0,0,0,0,0,0,0,0,0,0,0,0
884,SaintHelena,654,EasternandSouthEasternAsia,1832,0,0,0,0,0,0,0,0,0,0,0,0,0,0,0,0,0,0,0,0,0
885,Senegal,686,EasternandSouthEasternAsia,1832,0,0,0,0,0,0,0,0,0,0,0,0,0,0,0,0,0,0,0,0,0
886,SierraLeone,694,EasternandSouthEasternAsia,1832,309,300,290,236,218,203,190,291,282,272,226,196,126,45,18,18,18,10,22,77,145
887,Togo,768,EasternandSouthEasternAsia,1832,247,278,313,352,459,517,521,199,224,253,285,374,422,427,48,54,60,67,85,95,94
888,CentralAsia,5500,EasternandSouthEasternAsia,1832,65296,69210,73063,82989,92898,98292,103230,30964,33270,35510,41415,47306,50836,53409,34332,35940,37553,41574,45592,47456,49821
889,Kazakhstan,398,EasternandSouthEasternAsia,1832,61545,65911,70274,80116,89955,95678,100691,29342,31755,34167,40044,45919,49607,52209,32203,34156,36107,40072,44036,46071,48482
890,Kyrgyzstan,417,EasternandSouthEasternAsia,1832,3401,3015,2544,2639,2712,2388,2318,1466,1354,1199,1233,1249,1093,1063,1935,1661,1345,1406,1463,1295,1255
891,Tajikistan,762,EasternandSouthEasternAsia,1832,350,284,245,234,231,226,221,156,161,144,138,138,136,137,194,123,101,96,93,90,84
892,Turkmenistan,795,EasternandSouthEasternAsia,1832,0,0,0,0,0,0,0,0,0,0,0,0,0,0,0,0,0,0,0,0,0
893,Uzbekistan,860,EasternandSouthEasternAsia,1832,0,0,0,0,0,0,0,0,0,0,0,0,0,0,0,0,0,0,0,0,0
894,EasternAsia,906,EasternandSouthEasternAsia,1832,3433664,3771549,4238259,5124882,5959116,6640059,7382944,1744073,1881092,2045697,2406670,2738205,3085626,3392525,1689591,1890457,2192562,2718212,3220911,3554433,3990419
895,China,156,EasternandSouthEasternAsia,1832,342897,375837,404380,529095,660569,744556,785691,174487,189542,202627,297735,393652,457502,482800,168410,186295,201753,231360,266917,287054,302891
896,DemPeoplesRepublicofKorea,408,EasternandSouthEasternAsia,1832,28854,28551,28243,32368,36486,40175,41077,14931,14591,14250,16113,17972,19909,20356,13923,13960,13993,16255,18514,20266,20721
897,Japan,392,EasternandSouthEasternAsia,1832,910955,999178,1193311,1493448,1584840,1644747,1971023,455031,505878,569082,695176,725422,778449,931680,455924,493300,624229,798272,859418,866298,1039343
898,Mongolia,496,EasternandSouthEasternAsia,1832,2144,2363,2615,6556,11255,13945,15006,1206,1385,1582,5043,9246,10762,11579,938,978,1033,1513,2009,3183,3427
899,RepublicofKorea,410,EasternandSouthEasternAsia,1832,25563,83748,168825,372638,730484,1157668,1391360,13779,45125,93410,200962,377414,604762,729621,11784,38623,75415,171676,353070,552906,661739
900,SouthEasternAsia,920,EasternandSouthEasternAsia,1832,2048758,2879977,4095059,5315986,6728361,7650438,7984983,1073522,1468470,2051476,2700925,3448869,3935497,4134890,975236,1411507,2043583,2615061,3279492,3714941,3850093
901,BruneiDarussalam,96,EasternandSouthEasternAsia,1832,61690,71507,81321,83133,84946,86759,94543,33763,38491,43218,44415,45612,46809,51010,27927,33016,38103,38718,39334,39950,43533
902,Cambodia,116,EasternandSouthEasternAsia,1832,32187,85178,138180,107862,77543,69963,75046,15726,41474,67226,53997,40767,37458,40160,16461,43704,70954,53865,36776,32505,34886
903,Indonesia,360,EasternandSouthEasternAsia,1832,297122,267479,237841,201440,177956,197014,207138,145587,134370,123154,113597,101816,114550,120269,151535,133109,114687,87843,76140,82464,86869
904,LaoPeoplesDemocraticRepublic,418,EasternandSouthEasternAsia,1832,22056,20893,17743,16439,29165,41894,44829,11332,10700,9172,8649,17776,26904,28793,10724,10193,8571,7790,11389,14990,16036
905,Malaysia,458,EasternandSouthEasternAsia,1832,539088,723967,1128580,1295560,1440026,1866536,1977976,314975,413827,635183,777219,902780,1159682,1251407,224113,310140,493397,518341,537246,706854,726569
906,Myanmar,104,EasternandSouthEasternAsia,1832,72413,55637,44999,38118,35082,33656,35104,38077,29002,23227,19832,18543,17929,18698,34336,26635,21772,18286,16539,15727,16406
907,Philippines,608,EasternandSouthEasternAsia,1832,93294,125545,112347,90926,68277,69256,73699,48413,63949,56873,46735,35186,35744,38128,44881,61596,55474,44191,33091,33512,35571
908,Singapore,702,EasternandSouthEasternAsia,1832,396450,704699,1081160,1293689,1578292,1810578,1839916,180756,303200,447875,536952,654938,750344,761247,215694,401499,633285,756737,923354,1060234,1078669
909,Thailand,764,EasternandSouthEasternAsia,1832,501689,771551,1200576,2145145,3187005,3420166,3579561,267492,404477,615992,1074011,1602640,1713959,1791556,234197,367074,584584,1071134,1584365,1706207,1788005
910,TimorLeste,626,EasternandSouthEasternAsia,1832,6476,7047,7676,8167,8349,5923,5827,3218,3446,3689,4039,4230,3545,3490,3258,3601,3987,4128,4119,2378,2337
911,VietNam,704,EasternandSouthEasternAsia,1832,26293,46474,44636,35507,41720,48693,51344,14183,25534,25867,21479,24581,28573,30132,12110,20940,18769,14028,17139,20120,21212
912,SouthernAsia,5501,EasternandSouthEasternAsia,1832,850985,953692,965444,970993,1158386,1181818,1828243,438675,492402,500863,509978,596668,608339,1052256,412310,461290,464581,461015,561718,573479,775987
913,Afghanistan,4,EasternandSouthEasternAsia,1832,0,0,0,0,0,0,0,0,0,0,0,0,0,0,0,0,0,0,0,0,0
914,Bangladesh,50,EasternandSouthEasternAsia,1832,676009,702118,728245,726777,903991,925776,1582489,349239,363183,377131,383456,471710,483307,933062,326770,338935,351114,343321,432281,442469,649427
915,Bhutan,64,EasternandSouthEasternAsia,1832,557,655,754,944,1134,1198,1245,306,360,417,515,613,848,889,251,295,337,429,521,350,356
916,India,356,EasternandSouthEasternAsia,1832,147214,220478,208247,216084,222079,223846,214393,76839,113391,106776,110973,112317,112299,106694,70375,107087,101471,105111,109762,111547,107699
917,IranIslamicRepublicof,364,EasternandSouthEasternAsia,1832,0,0,0,0,0,0,0,0,0,0,0,0,0,0,0,0,0,0,0,0,0
918,Maldives,462,EasternandSouthEasternAsia,1832,523,493,435,813,1153,1496,1624,288,247,239,494,517,540,590,235,246,196,319,636,956,1034
919,Nepal,524,EasternandSouthEasternAsia,1832,21906,25260,22820,20155,20977,20302,19428,9448,12500,13348,10998,6200,5946,5580,12458,12760,9472,9157,14777,14356,13848
920,Pakistan,586,EasternandSouthEasternAsia,1832,4687,3912,3468,3321,3230,3202,2988,2494,2079,1842,1765,1709,1703,1669,2193,1833,1626,1556,1521,1499,1319
921,SriLanka,144,EasternandSouthEasternAsia,1832,89,776,1475,2899,5822,5998,6076,61,642,1110,1777,3602,3696,3772,28,134,365,1122,2220,2302,2304
922,WesternAsia,922,EasternandSouthEasternAsia,1832,1345875,1489747,1636303,1963304,2922563,3623291,4326813,828915,914529,990688,1221914,1866624,2279353,2695387,516960,575218,645615,741390,1055939,1343938,1631426
923,Armenia,51,EasternandSouthEasternAsia,1832,0,0,0,0,0,0,0,0,0,0,0,0,0,0,0,0,0,0,0,0,0
924,Azerbaijan,31,EasternandSouthEasternAsia,1832,0,0,0,0,0,0,0,0,0,0,0,0,0,0,0,0,0,0,0,0,0
925,Bahrain,48,EasternandSouthEasternAsia,1832,14379,18169,22013,40122,67086,72730,94231,7774,9703,11550,23102,39800,44283,58574,6605,8466,10463,17020,27286,28447,35657
926,Cyprus,196,EasternandSouthEasternAsia,1832,2378,3367,4348,6539,10026,9195,9480,444,518,591,813,1372,1349,1440,1934,2849,3757,5726,8654,7846,8040
927,Georgia,268,EasternandSouthEasternAsia,1832,421,337,103,97,97,101,101,186,159,43,41,41,44,45,235,178,60,56,56,57,56
928,Iraq,368,EasternandSouthEasternAsia,1832,0,0,0,0,0,0,0,0,0,0,0,0,0,0,0,0,0,0,0,0,0
929,Israel,376,EasternandSouthEasternAsia,1832,1027,1002,921,747,582,600,581,468,449,411,333,259,265,258,559,553,510,414,323,335,323
930,Jordan,400,EasternandSouthEasternAsia,1832,3969,16725,29465,22122,45665,34370,44534,1175,1671,2281,7367,12432,7645,9802,2794,15054,27184,14755,33233,26725,34732
931,Kuwait,414,EasternandSouthEasternAsia,1832,89177,80743,103672,131008,191297,284702,308936,34361,35926,51956,69133,104466,144485,156735,54816,44817,51716,61875,86831,140217,152201
932,Lebanon,422,EasternandSouthEasternAsia,1832,1198,7079,12958,9949,7081,5986,5223,206,907,1608,1088,589,2867,2552,992,6172,11350,8861,6492,3119,2671
933,Oman,512,EasternandSouthEasternAsia,1832,10535,19908,23686,30211,41614,94636,120972,2711,3644,5323,7516,11952,37333,47739,7824,16264,18363,22695,29662,57303,73233
934,Qatar,634,EasternandSouthEasternAsia,1832,147017,177267,181090,120605,157951,193836,216222,114879,139063,142719,87352,120788,155000,160784,32138,38204,38371,33253,37163,38836,55438
935,SaudiArabia,682,EasternandSouthEasternAsia,1832,964087,998250,1025666,1266999,1642733,2099001,2621922,605202,628968,643719,827202,1101888,1381681,1707421,358885,369282,381947,439797,540845,717320,914501
936,StateofPalestine,275,EasternandSouthEasternAsia,1832,0,0,0,0,0,0,0,0,0,0,0,0,0,0,0,0,0,0,0,0,0
937,SyrianArabRepublic,760,EasternandSouthEasternAsia,1832,0,0,0,0,0,0,0,0,0,0,0,0,0,0,0,0,0,0,0,0,0
938,Turkey,792,EasternandSouthEasternAsia,1832,2048,3734,5580,5784,5939,5886,8200,1059,1758,2547,2572,2566,2470,3092,989,1976,3033,3212,3373,3416,5108
939,UnitedArabEmirates,784,EasternandSouthEasternAsia,1832,108933,163166,226792,329121,752464,822233,896397,60040,91763,127934,195395,470455,501923,546937,48893,71403,98858,133726,282009,320310,349460
940,Yemen,887,EasternandSouthEasternAsia,1832,706,0,9,0,28,15,14,410,0,6,0,16,8,8,296,0,3,0,12,7,6
941,EasternEurope,923,EasternandSouthEasternAsia,1832,173229,175214,173336,202008,226453,226719,260006,87753,95102,100401,115303,128448,125639,143071,85476,80112,72935,86705,98005,101080,116935
942,Belarus,112,EasternandSouthEasternAsia,1832,397,524,647,622,596,623,608,205,233,258,247,239,248,244,192,291,389,375,357,375,364
943,Bulgaria,100,EasternandSouthEasternAsia,1832,813,979,1142,1414,1680,2218,3189,506,576,647,782,915,1085,1503,307,403,495,632,765,1133,1686
944,Czechia,203,EasternandSouthEasternAsia,1832,4192,6270,8383,39275,66319,60056,73036,2730,4152,5579,22795,38454,32671,38582,1462,2118,2804,16480,27865,27385,34454
945,Hungary,348,EasternandSouthEasternAsia,1832,4335,8932,13526,16611,19836,21958,31719,1841,4148,6456,8066,9768,10412,15679,2494,4784,7070,8545,10068,11546,16040
946,Poland,616,EasternandSouthEasternAsia,1832,4102,3502,2998,4222,5592,5316,7089,2334,1972,1667,2223,2839,2752,4012,1768,1530,1331,1999,2753,2564,3077
947,RepublicofMoldova,498,EasternandSouthEasternAsia,1832,348,235,159,110,83,69,67,148,96,62,41,32,27,27,200,139,97,69,51,42,40
948,Romania,642,EasternandSouthEasternAsia,1832,645,1383,2169,2155,2811,3955,10950,360,791,1245,1259,1652,2282,6415,285,592,924,896,1159,1673,4535
949,RussianFederation,643,EasternandSouthEasternAsia,1832,135201,129966,120031,114871,107361,109411,109327,66343,69521,70201,66522,61502,62446,62415,68858,60445,49830,48349,45859,46965,46912
950,Slovakia,703,EasternandSouthEasternAsia,1832,308,1281,2613,2931,3287,4163,4757,207,692,1364,1551,1762,2383,2672,101,589,1249,1380,1525,1780,2085
951,Ukraine,804,EasternandSouthEasternAsia,1832,22888,22142,21668,19797,18888,18950,19264,13079,12921,12922,11817,11285,11333,11522,9809,9221,8746,7980,7603,7617,7742
952,NorthernEurope,924,EasternandSouthEasternAsia,1832,350174,474594,602490,742560,870281,1050012,1185220,156559,207821,260351,308679,361878,415288,464384,193615,266773,342139,433881,508403,634724,720836
953,ChannelIslands,830,EasternandSouthEasternAsia,1832,0,0,0,0,0,0,0,0,0,0,0,0,0,0,0,0,0,0,0,0,0
954,Denmark,208,EasternandSouthEasternAsia,1832,19513,26635,33755,44847,53104,60291,68115,7759,10045,12358,15382,17439,18985,21371,11754,16590,21397,29465,35665,41306,46744
955,Estonia,233,EasternandSouthEasternAsia,1832,87,135,182,219,393,728,1153,38,59,80,104,188,333,501,49,76,102,115,205,395,652
956,FaroeIslands,234,EasternandSouthEasternAsia,1832,84,79,75,132,204,335,456,33,28,24,38,58,80,104,51,51,51,94,146,255,352
957,Finland,246,EasternandSouthEasternAsia,1832,3489,5516,7536,16086,22030,31079,41625,1670,2459,3252,6046,7977,10774,14904,1819,3057,4284,10040,14053,20305,26721
958,Iceland,352,EasternandSouthEasternAsia,1832,472,1146,1814,2796,3735,4296,5867,154,356,556,911,1259,1424,2000,318,790,1258,1885,2476,2872,3867
959,Ireland,372,EasternandSouthEasternAsia,1832,2134,8691,20025,30584,36104,36881,42261,984,3946,9456,14667,15444,15514,17938,1150,4745,10569,15917,20660,21367,24323
960,IsleofMan,833,EasternandSouthEasternAsia,1832,0,0,0,0,0,0,0,0,0,0,0,0,0,0,0,0,0,0,0,0,0
961,Latvia,428,EasternandSouthEasternAsia,1832,344,457,578,523,464,571,765,155,225,300,264,220,352,427,189,232,278,259,244,219,338
962,Lithuania,440,EasternandSouthEasternAsia,1832,316,352,273,253,203,203,437,183,204,159,128,73,70,175,133,148,114,125,130,133,262
963,Norway,578,EasternandSouthEasternAsia,1832,21735,28810,33455,44064,62567,80173,91842,9587,12217,13192,15616,20638,25093,27868,12148,16593,20263,28448,41929,55080,63974
964,Sweden,752,EasternandSouthEasternAsia,1832,40486,48046,50875,68352,93654,114437,141247,15375,18018,18875,23281,31167,37405,47477,25111,30028,32000,45071,62487,77032,93770
965,UnitedKingdom,826,EasternandSouthEasternAsia,1832,261514,354727,453922,534704,597823,721018,791452,120621,160264,202099,232242,267415,305258,331619,140893,194463,251823,302462,330408,415760,459833
966,SouthernEurope,925,EasternandSouthEasternAsia,1832,152167,185438,229287,423685,611453,628387,720192,47546,66840,90704,187959,276257,274907,313915,104621,118598,138583,235726,335196,353480,406277
967,Albania,8,EasternandSouthEasternAsia,1832,0,0,0,0,0,0,0,0,0,0,0,0,0,0,0,0,0,0,0,0,0
968,Andorra,20,EasternandSouthEasternAsia,1832,146,222,297,392,443,425,457,78,117,156,207,234,231,251,68,105,141,185,209,194,206
969,BosniaandHerzegovina,70,EasternandSouthEasternAsia,1832,0,0,0,0,0,0,0,0,0,0,0,0,0,0,0,0,0,0,0,0,0
970,Croatia,191,EasternandSouthEasternAsia,1832,0,0,0,316,628,631,582,0,0,0,134,266,266,244,0,0,0,182,362,365,338
971,Gibraltar,292,EasternandSouthEasternAsia,1832,0,0,0,0,0,0,0,0,0,0,0,0,0,0,0,0,0,0,0,0,0
972,Greece,300,EasternandSouthEasternAsia,1832,14744,11487,8417,11418,14934,14065,14429,3427,2808,2078,3436,4949,4283,5064,11317,8679,6339,7982,9985,9782,9365
973,HolySee,336,EasternandSouthEasternAsia,1832,0,0,0,0,0,0,0,0,0,0,0,0,0,0,0,0,0,0,0,0,0
974,Italy,380,EasternandSouthEasternAsia,1832,112817,146372,179918,278982,367848,376158,423481,33325,52120,70915,120076,163805,165602,186719,79492,94252,109003,158906,204043,210556,236762
975,Malta,470,EasternandSouthEasternAsia,1832,334,394,499,593,882,1495,3242,105,127,169,205,254,503,1261,229,267,330,388,628,992,1981
976,Montenegro,499,EasternandSouthEasternAsia,1832,0,0,0,0,0,0,0,0,0,0,0,0,0,0,0,0,0,0,0,0,0
977,NorthMacedonia,807,EasternandSouthEasternAsia,1832,0,0,0,0,0,0,0,0,0,0,0,0,0,0,0,0,0,0,0,0,0
978,Portugal,620,EasternandSouthEasternAsia,1832,2441,5267,8322,12200,14064,15939,19625,1143,2456,3880,5869,6897,7400,9801,1298,2811,4442,6331,7167,8539,9824
979,SanMarino,674,EasternandSouthEasternAsia,1832,0,0,0,0,0,0,0,0,0,0,0,0,0,0,0,0,0,0,0,0,0
980,Serbia,688,EasternandSouthEasternAsia,1832,230,1480,2016,1991,1949,1903,1932,130,815,1091,1068,1044,1019,1039,100,665,925,923,905,884,893
981,Slovenia,705,EasternandSouthEasternAsia,1832,79,167,263,471,1146,1396,1877,41,93,152,221,526,583,759,38,74,111,250,620,813,1118
982,Spain,724,EasternandSouthEasternAsia,1832,21376,20049,29555,117322,209559,216375,254567,9297,8304,12263,56743,98282,95020,108777,12079,11745,17292,60579,111277,121355,145790
983,WesternEurope,926,EasternandSouthEasternAsia,1832,854025,914351,981165,1083590,1193294,1266256,1514913,397694,411194,425919,451870,476952,493964,583616,456331,503157,555246,631720,716342,772292,931297
984,Austria,40,EasternandSouthEasternAsia,1832,28340,31962,35577,39500,43916,44956,52078,10518,12157,13799,14748,15828,15277,18033,17822,19805,21778,24752,28088,29679,34045
985,Belgium,56,EasternandSouthEasternAsia,1832,28493,32203,34275,46727,55785,63738,70050,9524,12142,12458,17118,20303,22828,24517,18969,20061,21817,29609,35482,40910,45533
986,France,250,EasternandSouthEasternAsia,1832,327187,337764,348337,362061,403328,447110,491361,154079,156051,158023,161300,170530,181926,200633,173108,181713,190314,200761,232798,265184,290728
987,Germany,276,EasternandSouthEasternAsia,1832,191325,227151,262967,318599,362435,371980,529255,96956,103770,110582,126597,139330,141652,197169,94369,123381,152385,192002,223105,230328,332086
988,Liechtenstein,438,EasternandSouthEasternAsia,1832,28,41,56,133,259,291,351,14,21,28,47,85,89,105,14,20,28,86,174,202,246
989,Luxembourg,442,EasternandSouthEasternAsia,1832,1849,1724,1625,1405,1210,1842,8538,762,703,653,615,586,908,3395,1087,1021,972,790,624,934,5143
990,Monaco,492,EasternandSouthEasternAsia,1832,0,0,0,0,0,0,0,0,0,0,0,0,0,0,0,0,0,0,0,0,0
991,Netherlands,528,EasternandSouthEasternAsia,1832,233414,232592,239689,249001,248966,248942,264577,110260,107322,107736,107925,105700,103220,108080,123154,125270,131953,141076,143266,145722,156497
992,Switzerland,756,EasternandSouthEasternAsia,1832,43389,50914,58639,66164,77395,87397,98703,15581,19028,22640,23520,24590,28064,31684,27808,31886,35999,42644,52805,59333,67019
993,Caribbean,915,EasternandSouthEasternAsia,1832,9483,11044,12791,12179,12707,15343,16230,5421,6111,6907,6452,6604,8417,9003,4062,4933,5884,5727,6103,6926,7227
994,Anguilla,660,EasternandSouthEasternAsia,1832,0,0,0,0,0,0,0,0,0,0,0,0,0,0,0,0,0,0,0,0,0
995,AntiguaandBarbuda,28,EasternandSouthEasternAsia,1832,59,94,127,136,145,154,158,28,45,61,65,70,74,78,31,49,66,71,75,80,80
996,Aruba,533,EasternandSouthEasternAsia,1832,464,921,1376,1718,2027,2131,2381,319,541,763,899,1020,1072,1174,145,380,613,819,1007,1059,1207
997,Bahamas,44,EasternandSouthEasternAsia,1832,190,247,306,792,1276,1383,1475,112,124,141,384,626,674,723,78,123,165,408,650,709,752
998,Barbados,52,EasternandSouthEasternAsia,1832,0,0,0,30,41,43,42,0,0,0,17,23,25,25,0,0,0,13,18,18,17
999,BritishVirginIslands,92,EasternandSouthEasternAsia,1832,0,0,0,0,0,0,0,0,0,0,0,0,0,0,0,0,0,0,0,0,0
1000,CaymanIslands,136,EasternandSouthEasternAsia,1832,60,120,208,968,1819,1978,2204,47,90,154,551,994,1083,1211,13,30,54,417,825,895,993
1001,Cuba,192,EasternandSouthEasternAsia,1832,658,499,351,223,134,76,42,507,380,261,160,90,49,27,151,119,90,63,44,27,15
1002,CuraÃao,531,EasternandSouthEasternAsia,1832,0,0,0,0,845,912,1060,0,0,0,0,417,453,539,0,0,0,0,428,459,521
1003,Dominica,212,EasternandSouthEasternAsia,1832,14,19,23,27,33,38,37,9,13,16,19,22,25,25,5,6,7,8,11,13,12
1004,DominicanRepublic,214,EasternandSouthEasternAsia,1832,5686,6316,6944,4708,2463,4873,5082,3215,3504,3794,2577,1355,3038,3167,2471,2812,3150,2131,1108,1835,1915
1005,Grenada,308,EasternandSouthEasternAsia,1832,0,0,0,0,0,0,0,0,0,0,0,0,0,0,0,0,0,0,0,0,0
1006,Guadeloupe,312,EasternandSouthEasternAsia,1832,0,0,0,0,0,0,0,0,0,0,0,0,0,0,0,0,0,0,0,0,0
1007,Haiti,332,EasternandSouthEasternAsia,1832,569,539,511,485,508,532,556,320,304,288,274,287,301,318,249,235,223,211,221,231,238
1008,Jamaica,388,EasternandSouthEasternAsia,1832,0,0,0,0,0,0,0,0,0,0,0,0,0,0,0,0,0,0,0,0,0
1009,Martinique,474,EasternandSouthEasternAsia,1832,68,103,139,145,151,175,173,33,55,77,79,81,92,91,35,48,62,66,70,83,82
1010,Montserrat,500,EasternandSouthEasternAsia,1832,0,0,0,0,0,0,0,0,0,0,0,0,0,0,0,0,0,0,0,0,0
1011,PuertoRico,630,EasternandSouthEasternAsia,1832,1007,1531,2065,2043,1769,1507,1345,478,732,984,971,828,705,628,529,799,1081,1072,941,802,717
1012,SaintBarthelemy,652,EasternandSouthEasternAsia,1832,0,0,0,0,0,0,0,0,0,0,0,0,0,0,0,0,0,0,0,0,0
1013,SaintKittsandNevis,659,EasternandSouthEasternAsia,1832,0,0,0,0,0,0,0,0,0,0,0,0,0,0,0,0,0,0,0,0,0
1014,SaintLucia,662,EasternandSouthEasternAsia,1832,52,61,96,102,102,95,86,25,26,43,47,48,46,45,27,35,53,55,54,49,41
1015,SaintMartinFrenchpart,663,EasternandSouthEasternAsia,1832,0,0,0,0,0,0,0,0,0,0,0,0,0,0,0,0,0,0,0,0,0
1016,SaintVincentandtheGrenadines,670,EasternandSouthEasternAsia,1832,0,0,0,0,0,0,0,0,0,0,0,0,0,0,0,0,0,0,0,0,0
1017,SintMaartenDutchpart,534,EasternandSouthEasternAsia,1832,0,0,0,111,224,234,245,0,0,0,61,122,127,136,0,0,0,50,102,107,109
1018,TrinidadandTobago,780,EasternandSouthEasternAsia,1832,656,594,645,691,1170,1212,1344,328,297,325,348,621,653,816,328,297,320,343,549,559,528
1019,TurksandCaicosIslands,796,EasternandSouthEasternAsia,1832,0,0,0,0,0,0,0,0,0,0,0,0,0,0,0,0,0,0,0,0,0
1020,UnitedStatesVirginIslands,850,EasternandSouthEasternAsia,1832,0,0,0,0,0,0,0,0,0,0,0,0,0,0,0,0,0,0,0,0,0
1021,CentralAmerica,916,EasternandSouthEasternAsia,1832,21088,24726,30627,33334,43627,49635,57169,12171,13740,16522,18244,24249,28852,33815,8917,10986,14105,15090,19378,20783,23354
1022,Belize,84,EasternandSouthEasternAsia,1832,598,872,1144,1434,1798,2119,2401,365,498,630,789,990,1161,1318,233,374,514,645,808,958,1083
1023,CostaRica,188,EasternandSouthEasternAsia,1832,2267,2236,3325,2196,4314,4359,5222,1239,1231,1802,1173,2311,2331,2918,1028,1005,1523,1023,2003,2028,2304
1024,ElSalvador,222,EasternandSouthEasternAsia,1832,552,457,360,407,449,468,472,349,286,224,252,278,290,293,203,171,136,155,171,178,179
1025,Guatemala,320,EasternandSouthEasternAsia,1832,723,1213,1702,2024,2345,2574,2896,308,612,919,1145,1374,1529,1719,415,601,783,879,971,1045,1177
1026,Honduras,340,EasternandSouthEasternAsia,1832,601,625,645,632,618,865,880,383,390,396,389,385,540,551,218,235,249,243,233,325,329
1027,Mexico,484,EasternandSouthEasternAsia,1832,5206,7663,10459,12140,15227,17179,18830,2949,3994,5233,6344,8198,10495,11598,2257,3669,5226,5796,7029,6684,7232
1028,Nicaragua,558,EasternandSouthEasternAsia,1832,129,103,154,211,224,240,246,90,71,102,134,144,156,162,39,32,52,77,80,84,84
1029,Panama,591,EasternandSouthEasternAsia,1832,11012,11557,12838,14290,18652,21831,26222,6488,6658,7216,8018,10569,12350,15256,4524,4899,5622,6272,8083,9481,10966
1030,SouthAmerica,931,EasternandSouthEasternAsia,1832,151493,145856,141512,147285,155232,192162,227462,79702,76705,74379,77570,82521,106074,129638,71791,69151,67133,69715,72711,86088,97824
1031,Argentina,32,EasternandSouthEasternAsia,1832,21284,21102,20920,23313,23879,27483,27744,10580,10742,10909,12078,12316,14165,14385,10704,10360,10011,11235,11563,13318,13359
1032,BoliviaPlurinationalStateof,68,EasternandSouthEasternAsia,1832,2924,2836,2712,2819,2915,3404,3769,1614,1550,1471,1541,1608,1872,2078,1310,1286,1241,1278,1307,1532,1691
1033,Brazil,76,EasternandSouthEasternAsia,1832,95300,88364,81428,79952,78657,92712,100716,49907,46074,42241,41278,40303,47095,52402,45393,42290,39187,38674,38354,45617,48314
1034,Chile,152,EasternandSouthEasternAsia,1832,1124,1691,2258,3733,5208,7889,15921,653,927,1232,2065,2899,4541,9028,471,764,1026,1668,2309,3348,6893
1035,Colombia,170,EasternandSouthEasternAsia,1832,1748,1938,2127,2208,2251,2274,2273,1009,1108,1206,1244,1292,1329,1341,739,830,921,964,959,945,932
1036,Ecuador,218,EasternandSouthEasternAsia,1832,1456,1835,2212,2650,4211,5325,5562,832,1052,1275,1549,2421,3052,3461,624,783,937,1101,1790,2273,2101
1037,FalklandIslandsMalvinas,238,EasternandSouthEasternAsia,1832,0,0,0,0,0,0,0,0,0,0,0,0,0,0,0,0,0,0,0,0,0
1038,FrenchGuiana,254,EasternandSouthEasternAsia,1832,1881,2111,2340,2084,1828,2316,2602,1004,1081,1158,1023,889,1087,1221,877,1030,1182,1061,939,1229,1381
1039,Guyana,328,EasternandSouthEasternAsia,1832,263,422,580,780,610,645,676,154,249,343,465,375,397,416,109,173,237,315,235,248,260
1040,Paraguay,600,EasternandSouthEasternAsia,1832,9763,7893,5999,5713,5442,5310,5751,5133,4172,3176,3025,2876,2804,3047,4630,3721,2823,2688,2566,2506,2704
1041,Peru,604,EasternandSouthEasternAsia,1832,5368,5380,6291,7392,11277,24415,42426,2887,2861,3342,3966,6683,18143,30966,2481,2519,2949,3426,4594,6272,11460
1042,Suriname,740,EasternandSouthEasternAsia,1832,2055,2538,3135,3836,4526,4915,5446,1109,1374,1697,2090,2468,2683,2993,946,1164,1438,1746,2058,2232,2453
1043,Uruguay,858,EasternandSouthEasternAsia,1832,0,0,0,0,0,0,0,0,0,0,0,0,0,0,0,0,0,0,0,0,0
1044,VenezuelaBolivarianRepublicof,862,EasternandSouthEasternAsia,1832,8327,9746,11510,12805,14428,15474,14576,4820,5515,6329,7246,8391,8906,8300,3507,4231,5181,5559,6037,6568,6276
1045,Bermuda,60,EasternandSouthEasternAsia,1832,299,476,736,973,1246,1454,1914,191,229,305,425,572,697,890,108,247,431,548,674,757,1024
1046,Canada,124,EasternandSouthEasternAsia,1832,747977,982996,1241386,1463770,1692355,1878109,2035001,364134,475784,598854,673629,756087,829315,898509,383843,507212,642532,790141,936268,1048794,1136492
1047,Greenland,304,EasternandSouthEasternAsia,1832,4,17,42,76,183,298,290,1,3,16,25,68,113,107,3,14,26,51,115,185,183
1048,SaintPierreandMiquelon,666,EasternandSouthEasternAsia,1832,0,0,0,0,0,0,0,0,0,0,0,0,0,0,0,0,0,0,0,0,0
1049,UnitedStatesofAmerica,840,EasternandSouthEasternAsia,1832,3752912,4830603,5927484,6642021,7579119,8627106,8210363,1742086,2258025,2786998,3138662,3523013,3951962,3729654,2010826,2572578,3140486,3503359,4056106,4675144,4480709
1050,Australia,36,EasternandSouthEasternAsia,1832,637215,721412,810220,1004416,1358320,1676330,2018646,306721,340101,370500,449379,600559,744510,891722,330494,381311,439720,555037,757761,931820,1126924
1051,NewZealand,554,EasternandSouthEasternAsia,1832,45199,84927,117416,173301,202327,228119,342748,21173,38960,57079,84123,98032,110316,165755,24026,45967,60337,89178,104295,117803,176993
1052,Melanesia,928,EasternandSouthEasternAsia,1832,14769,14378,13403,16965,20260,19754,19986,8437,8357,7394,8846,10949,10421,10577,6332,6021,6009,8119,9311,9333,9409
1053,Fiji,242,EasternandSouthEasternAsia,1832,848,835,833,836,898,925,946,452,441,440,441,480,499,511,396,394,393,395,418,426,435
1054,NewCaledonia,540,EasternandSouthEasternAsia,1832,2392,2771,3152,3362,3574,2749,2911,1260,1435,1619,1736,1859,1274,1347,1132,1336,1533,1626,1715,1475,1564
1055,PapuaNewGuinea,598,EasternandSouthEasternAsia,1832,10784,10032,8710,12137,15193,15526,15591,6162,5922,4802,6247,8273,8333,8410,4622,4110,3908,5890,6920,7193,7181
1056,SolomonIslands,90,EasternandSouthEasternAsia,1832,745,740,708,630,595,554,538,563,559,533,422,337,315,309,182,181,175,208,258,239,229
1057,Vanuatu,548,EasternandSouthEasternAsia,1832,0,0,0,0,0,0,0,0,0,0,0,0,0,0,0,0,0,0,0,0,0
1058,Micronesia,954,EasternandSouthEasternAsia,1832,54248,64890,76698,71669,58922,57170,59588,29496,32797,35895,33825,29111,28391,29508,24752,32093,40803,37844,29811,28779,30080
1059,Guam,316,EasternandSouthEasternAsia,1832,32635,37005,41372,38828,36281,36606,38726,17394,19020,20644,19686,18728,18884,19974,15241,17985,20728,19142,17553,17722,18752
1060,Kiribati,296,EasternandSouthEasternAsia,1832,0,0,0,0,0,0,0,0,0,0,0,0,0,0,0,0,0,0,0,0,0
1061,MarshallIslands,584,EasternandSouthEasternAsia,1832,160,298,464,629,805,859,859,73,163,280,376,492,522,524,87,135,184,253,313,337,335
1062,MicronesiaFedStatesof,583,EasternandSouthEasternAsia,1832,309,278,260,249,243,241,240,176,178,148,140,139,138,140,133,100,112,109,104,103,100
1063,Nauru,520,EasternandSouthEasternAsia,1832,604,558,513,481,161,255,294,361,334,308,286,99,161,193,243,224,205,195,62,94,101
1064,NorthernMarianaIslands,580,EasternandSouthEasternAsia,1832,18571,23417,29687,27510,17427,15609,15752,10182,11040,11813,10975,7173,6383,6439,8389,12377,17874,16535,10254,9226,9313
1065,Palau,585,EasternandSouthEasternAsia,1832,1969,3334,4402,3972,4005,3600,3717,1310,2062,2702,2362,2480,2303,2238,659,1272,1700,1610,1525,1297,1479
1066,Polynesia,957,EasternandSouthEasternAsia,1832,1523,1942,2350,2842,3256,3159,3141,865,1101,1331,1622,1877,1816,1811,658,841,1019,1220,1379,1343,1330
1067,AmericanSamoa,16,EasternandSouthEasternAsia,1832,681,1014,1345,1786,2225,2219,2222,395,589,783,1044,1304,1296,1301,286,425,562,742,921,923,921
1068,CookIslands,184,EasternandSouthEasternAsia,1832,0,0,0,0,0,0,0,0,0,0,0,0,0,0,0,0,0,0,0,0,0
1069,FrenchPolynesia,258,EasternandSouthEasternAsia,1832,582,638,684,715,691,655,655,292,312,327,345,344,327,327,290,326,357,370,347,328,328
1070,Niue,570,EasternandSouthEasternAsia,1832,0,0,0,0,0,0,0,0,0,0,0,0,0,0,0,0,0,0,0,0,0
1071,Samoa,882,EasternandSouthEasternAsia,1832,119,129,140,130,115,93,85,94,102,111,103,90,74,70,25,27,29,27,25,19,15
1072,Tokelau,772,EasternandSouthEasternAsia,1832,0,0,0,0,0,0,0,0,0,0,0,0,0,0,0,0,0,0,0,0,0
1073,Tonga,776,EasternandSouthEasternAsia,1832,141,161,181,211,225,192,179,84,98,110,130,139,119,113,57,63,71,81,86,73,66
1074,Tuvalu,798,EasternandSouthEasternAsia,1832,0,0,0,0,0,0,0,0,0,0,0,0,0,0,0,0,0,0,0,0,0
1075,WallisandFutunaIslands,876,EasternandSouthEasternAsia,1832,0,0,0,0,0,0,0,0,0,0,0,0,0,0,0,0,0,0,0,0,0
1076,SubSaharanAfrica,947,LatinAmericaandtheCaribbean,1830,8497,7946,8183,9240,17434,28430,30679,3786,3729,3879,4420,8324,14227,16055,4711,4217,4304,4820,9110,14203,14624
1077,NorthernAfricaandWesternAsia,1833,LatinAmericaandtheCaribbean,1830,44460,51498,55913,61466,67937,69539,68381,20886,23870,25922,28604,31559,32151,31559,23574,27628,29991,32862,36378,37388,36822
1078,CentralandSouthernAsia,921,LatinAmericaandtheCaribbean,1830,589,5420,10255,12207,14144,14978,14684,316,2926,5538,6589,7633,8084,4545,273,2494,4717,5618,6511,6894,10139
1079,EasternandSouthEasternAsia,1832,LatinAmericaandtheCaribbean,1830,75239,236277,342745,322635,345923,293779,333438,38510,114320,160839,152644,164799,153262,173791,36729,121957,181906,169991,181124,140517,159647
1080,LatinAmericaandtheCaribbean,1830,LatinAmericaandtheCaribbean,1830,3980808,3670383,3777576,4357513,5344184,6166726,11297173,1975515,1814401,1858809,2124686,2598130,3040982,5626827,2005293,1855982,1918767,2232827,2746054,3125744,5670346
1081,OceaniaexcludingAustraliaandNewZealand,1835,LatinAmericaandtheCaribbean,1830,1117,1327,1606,3473,4933,4861,5094,555,670,785,1698,2437,2407,2527,562,657,821,1775,2496,2454,2567
1082,AustraliaandNewZealand,927,LatinAmericaandtheCaribbean,1830,81984,86585,87624,99412,127221,159787,209475,40231,42039,42224,47727,61363,77186,100853,41753,44546,45400,51685,65858,82601,108622
1083,EuropeandNorthernAmerica,1829,LatinAmericaandtheCaribbean,1830,11080705,15610268,20344798,24472260,28715874,29467900,30931557,5464890,7724208,10084543,12128999,13983373,14253840,14741118,5615815,7886060,10260255,12343261,14732501,15214060,16190439
1084,Developedregions,901,LatinAmericaandtheCaribbean,1830,11232859,15916691,20737821,24845504,29133420,29853910,31401278,5540869,7871766,10267854,12301455,14175312,14441473,14969322,5691990,8044925,10469967,12544049,14958108,15412437,16431956
1085,Lessdevelopedregions,902,LatinAmericaandtheCaribbean,1830,4040540,3753013,3890879,4492702,5504230,6352090,11489203,2003820,1854397,1914685,2193912,2682306,3140666,5727953,2036720,1898616,1976194,2298790,2821924,3211424,5761250
1086,Leastdevelopedcountries,941,LatinAmericaandtheCaribbean,1830,12490,16888,20994,22756,30609,40287,40931,6562,8971,11161,12149,16213,21677,18616,5928,7917,9833,10607,14396,18610,22315
1087,LandlockedDevelopingCountriesLLDC,1636,LatinAmericaandtheCaribbean,1830,229130,230812,231275,232501,238161,250864,280364,118778,119620,119309,120372,123438,129948,145434,110352,111192,111966,112129,114723,120916,134930
1088,SmallislanddevelopingStatesSIDS,1637,LatinAmericaandtheCaribbean,1830,558153,628371,700455,765577,838899,1016688,1157533,302862,337265,372337,405773,441192,564047,632585,255291,291106,328118,359804,397707,452641,524948
1089,Highincomecountries,1503,LatinAmericaandtheCaribbean,1830,11606947,16374656,21281197,25524614,29967194,30931523,33714977,5718485,8085288,10517916,12612814,14555467,14946710,16109495,5888462,8289368,10763281,12911800,15411727,15984813,17605482
1090,Middleincomecountries,1517,LatinAmericaandtheCaribbean,1830,3574943,3199409,3247925,3700019,4536897,5124242,9015116,1779280,1593283,1616519,1828890,2239906,2564410,4511918,1795663,1606126,1631406,1871129,2296991,2559832,4503198
1091,Uppermiddleincomecountries,1502,LatinAmericaandtheCaribbean,1830,3179940,2930933,3083977,3519406,4344135,4903830,8774782,1581406,1458878,1534500,1737650,2141844,2451956,4392545,1598534,1472055,1549477,1781756,2202291,2451874,4382237
1092,Lowermiddleincomecountries,1501,LatinAmericaandtheCaribbean,1830,395003,268476,163948,180613,192762,220412,240334,197874,134405,82019,91240,98062,112454,119373,197129,134071,81929,89373,94700,107958,120961
1093,Lowincomecountries,1500,LatinAmericaandtheCaribbean,1830,11565,11845,11916,12110,18475,27722,28692,6107,6237,6200,6334,9594,14770,15263,5458,5608,5716,5776,8881,12952,13429
1094,EasternAfrica,910,LatinAmericaandtheCaribbean,1830,164,162,50,52,55,59,57,124,122,34,33,31,34,34,40,40,16,19,24,25,23
1095,Burundi,108,LatinAmericaandtheCaribbean,1830,0,0,0,0,0,0,0,0,0,0,0,0,0,0,0,0,0,0,0,0,0
1096,Comoros,174,LatinAmericaandtheCaribbean,1830,0,0,0,0,0,0,0,0,0,0,0,0,0,0,0,0,0,0,0,0,0
1097,Djibouti,262,LatinAmericaandtheCaribbean,1830,0,0,0,0,0,0,0,0,0,0,0,0,0,0,0,0,0,0,0,0,0
1098,Eritrea,232,LatinAmericaandtheCaribbean,1830,0,0,0,0,0,0,0,0,0,0,0,0,0,0,0,0,0,0,0,0,0
1099,Ethiopia,231,LatinAmericaandtheCaribbean,1830,0,0,0,0,0,0,0,0,0,0,0,0,0,0,0,0,0,0,0,0,0
1100,Kenya,404,LatinAmericaandtheCaribbean,1830,0,0,0,0,0,0,0,0,0,0,0,0,0,0,0,0,0,0,0,0,0
1101,Madagascar,450,LatinAmericaandtheCaribbean,1830,0,0,0,0,0,0,0,0,0,0,0,0,0,0,0,0,0,0,0,0,0
1102,Malawi,454,LatinAmericaandtheCaribbean,1830,0,0,0,0,0,0,0,0,0,0,0,0,0,0,0,0,0,0,0,0,0
1103,Mauritius,480,LatinAmericaandtheCaribbean,1830,0,0,0,0,0,0,0,0,0,0,0,0,0,0,0,0,0,0,0,0,0
1104,Mayotte,175,LatinAmericaandtheCaribbean,1830,0,0,0,0,0,0,0,0,0,0,0,0,0,0,0,0,0,0,0,0,0
1105,Mozambique,508,LatinAmericaandtheCaribbean,1830,0,0,0,0,0,0,0,0,0,0,0,0,0,0,0,0,0,0,0,0,0
1106,Reunion,638,LatinAmericaandtheCaribbean,1830,0,0,0,0,0,0,0,0,0,0,0,0,0,0,0,0,0,0,0,0,0
1107,Rwanda,646,LatinAmericaandtheCaribbean,1830,0,0,0,0,0,0,0,0,0,0,0,0,0,0,0,0,0,0,0,0,0
1108,Seychelles,690,LatinAmericaandtheCaribbean,1830,20,26,33,36,39,43,42,9,14,19,18,16,19,19,11,12,14,18,23,24,23
1109,Somalia,706,LatinAmericaandtheCaribbean,1830,0,0,0,0,0,0,0,0,0,0,0,0,0,0,0,0,0,0,0,0,0
1110,SouthSudan,728,LatinAmericaandtheCaribbean,1830,0,0,0,0,0,0,0,0,0,0,0,0,0,0,0,0,0,0,0,0,0
1111,Uganda,800,LatinAmericaandtheCaribbean,1830,144,136,17,16,16,16,15,115,108,15,15,15,15,15,29,28,2,1,1,1,0
1112,UnitedRepublicofTanzania,834,LatinAmericaandtheCaribbean,1830,0,0,0,0,0,0,0,0,0,0,0,0,0,0,0,0,0,0,0,0,0
1113,Zambia,894,LatinAmericaandtheCaribbean,1830,0,0,0,0,0,0,0,0,0,0,0,0,0,0,0,0,0,0,0,0,0
1114,Zimbabwe,716,LatinAmericaandtheCaribbean,1830,0,0,0,0,0,0,0,0,0,0,0,0,0,0,0,0,0,0,0,0,0
1115,MiddleAfrica,911,LatinAmericaandtheCaribbean,1830,164,190,266,169,403,536,531,49,51,65,71,137,167,164,115,139,201,98,266,369,367
1116,Angola,24,LatinAmericaandtheCaribbean,1830,0,0,0,0,0,0,0,0,0,0,0,0,0,0,0,0,0,0,0,0,0
1117,Cameroon,120,LatinAmericaandtheCaribbean,1830,0,0,0,0,0,0,0,0,0,0,0,0,0,0,0,0,0,0,0,0,0
1118,CentralAfricanRepublic,140,LatinAmericaandtheCaribbean,1830,0,0,0,0,0,0,0,0,0,0,0,0,0,0,0,0,0,0,0,0,0
1119,Chad,148,LatinAmericaandtheCaribbean,1830,0,0,0,0,0,0,0,0,0,0,0,0,0,0,0,0,0,0,0,0,0
1120,Congo,178,LatinAmericaandtheCaribbean,1830,164,190,266,169,403,536,531,49,51,65,71,137,167,164,115,139,201,98,266,369,367
1121,DemocraticRepublicoftheCongo,180,LatinAmericaandtheCaribbean,1830,0,0,0,0,0,0,0,0,0,0,0,0,0,0,0,0,0,0,0,0,0
1122,EquatorialGuinea,226,LatinAmericaandtheCaribbean,1830,0,0,0,0,0,0,0,0,0,0,0,0,0,0,0,0,0,0,0,0,0
1123,Gabon,266,LatinAmericaandtheCaribbean,1830,0,0,0,0,0,0,0,0,0,0,0,0,0,0,0,0,0,0,0,0,0
1124,SaoTomeandPrincipe,678,LatinAmericaandtheCaribbean,1830,0,0,0,0,0,0,0,0,0,0,0,0,0,0,0,0,0,0,0,0,0
1125,NorthernAfrica,912,LatinAmericaandtheCaribbean,1830,1691,1471,1318,1508,1643,1498,1845,772,709,686,867,936,917,1086,919,762,632,641,707,581,759
1126,Algeria,12,LatinAmericaandtheCaribbean,1830,0,0,0,0,0,0,0,0,0,0,0,0,0,0,0,0,0,0,0,0,0
1127,Egypt,818,LatinAmericaandtheCaribbean,1830,843,700,610,726,784,537,821,427,346,291,369,386,305,425,416,354,319,357,398,232,396
1128,Libya,434,LatinAmericaandtheCaribbean,1830,848,771,708,782,859,961,1024,345,363,395,498,550,612,661,503,408,313,284,309,349,363
1129,Morocco,504,LatinAmericaandtheCaribbean,1830,0,0,0,0,0,0,0,0,0,0,0,0,0,0,0,0,0,0,0,0,0
1130,Sudan,729,LatinAmericaandtheCaribbean,1830,0,0,0,0,0,0,0,0,0,0,0,0,0,0,0,0,0,0,0,0,0
1131,Tunisia,788,LatinAmericaandtheCaribbean,1830,0,0,0,0,0,0,0,0,0,0,0,0,0,0,0,0,0,0,0,0,0
1132,WesternSahara,732,LatinAmericaandtheCaribbean,1830,0,0,0,0,0,0,0,0,0,0,0,0,0,0,0,0,0,0,0,0,0
1133,SouthernAfrica,913,LatinAmericaandtheCaribbean,1830,6935,6213,6552,7352,9765,12016,13774,2981,2816,3083,3404,4421,5450,7034,3954,3397,3469,3948,5344,6566,6740
1134,Botswana,72,LatinAmericaandtheCaribbean,1830,0,0,0,0,0,0,0,0,0,0,0,0,0,0,0,0,0,0,0,0,0
1135,Eswatini,748,LatinAmericaandtheCaribbean,1830,0,0,0,0,0,0,0,0,0,0,0,0,0,0,0,0,0,0,0,0,0
1136,Lesotho,426,LatinAmericaandtheCaribbean,1830,0,0,0,0,0,0,0,0,0,0,0,0,0,0,0,0,0,0,0,0,0
1137,Namibia,516,LatinAmericaandtheCaribbean,1830,2684,2563,2389,1886,1815,1773,1890,1085,1046,980,768,744,730,781,1599,1517,1409,1118,1071,1043,1109
1138,SouthAfrica,710,LatinAmericaandtheCaribbean,1830,4251,3650,4163,5466,7950,10243,11884,1896,1770,2103,2636,3677,4720,6253,2355,1880,2060,2830,4273,5523,5631
1139,WesternAfrica,914,LatinAmericaandtheCaribbean,1830,1234,1381,1315,1667,7211,15819,16317,632,740,697,912,3735,8576,8823,602,641,618,755,3476,7243,7494
1140,Benin,204,LatinAmericaandtheCaribbean,1830,0,0,0,0,0,0,0,0,0,0,0,0,0,0,0,0,0,0,0,0,0
1141,BurkinaFaso,854,LatinAmericaandtheCaribbean,1830,0,0,0,0,0,0,0,0,0,0,0,0,0,0,0,0,0,0,0,0,0
1142,CaboVerde,132,LatinAmericaandtheCaribbean,1830,179,243,304,372,435,452,470,86,122,157,185,211,219,230,93,121,147,187,224,233,240
1143,CotedIvoire,384,LatinAmericaandtheCaribbean,1830,0,0,0,0,0,0,0,0,0,0,0,0,0,0,0,0,0,0,0,0,0
1144,Gambia,270,LatinAmericaandtheCaribbean,1830,0,0,0,0,0,0,0,0,0,0,0,0,0,0,0,0,0,0,0,0,0
1145,Ghana,288,LatinAmericaandtheCaribbean,1830,7,7,8,11,11,13,13,3,4,4,6,6,7,8,4,3,4,5,5,6,5
1146,Guinea,324,LatinAmericaandtheCaribbean,1830,309,355,274,514,1972,9527,9120,182,226,172,325,1188,5513,5308,127,129,102,189,784,4014,3812
1147,GuineaBissau,624,LatinAmericaandtheCaribbean,1830,0,0,0,0,0,0,0,0,0,0,0,0,0,0,0,0,0,0,0,0,0
1148,Liberia,430,LatinAmericaandtheCaribbean,1830,0,0,0,0,0,0,0,0,0,0,0,0,0,0,0,0,0,0,0,0,0
1149,Mali,466,LatinAmericaandtheCaribbean,1830,0,0,0,0,4027,4952,5800,0,0,0,0,1928,2371,2787,0,0,0,0,2099,2581,3013
1150,Mauritania,478,LatinAmericaandtheCaribbean,1830,203,216,223,226,157,225,244,103,120,135,139,101,144,158,100,96,88,87,56,81,86
1151,Niger,562,LatinAmericaandtheCaribbean,1830,0,0,0,0,0,0,0,0,0,0,0,0,0,0,0,0,0,0,0,0,0
1152,Nigeria,566,LatinAmericaandtheCaribbean,1830,0,0,0,0,0,0,0,0,0,0,0,0,0,0,0,0,0,0,0,0,0
1153,SaintHelena,654,LatinAmericaandtheCaribbean,1830,0,0,0,0,0,0,0,0,0,0,0,0,0,0,0,0,0,0,0,0,0
1154,Senegal,686,LatinAmericaandtheCaribbean,1830,536,560,506,544,609,650,670,258,268,229,257,301,322,332,278,292,277,287,308,328,338
1155,SierraLeone,694,LatinAmericaandtheCaribbean,1830,0,0,0,0,0,0,0,0,0,0,0,0,0,0,0,0,0,0,0,0,0
1156,Togo,768,LatinAmericaandtheCaribbean,1830,0,0,0,0,0,0,0,0,0,0,0,0,0,0,0,0,0,0,0,0,0
1157,CentralAsia,5500,LatinAmericaandtheCaribbean,1830,37,30,26,24,23,22,20,17,14,13,11,11,11,11,20,16,13,13,12,11,9
1158,Kazakhstan,398,LatinAmericaandtheCaribbean,1830,0,0,0,0,0,0,0,0,0,0,0,0,0,0,0,0,0,0,0,0,0
1159,Kyrgyzstan,417,LatinAmericaandtheCaribbean,1830,0,0,0,0,0,0,0,0,0,0,0,0,0,0,0,0,0,0,0,0,0
1160,Tajikistan,762,LatinAmericaandtheCaribbean,1830,37,30,26,24,23,22,20,17,14,13,11,11,11,11,20,16,13,13,12,11,9
1161,Turkmenistan,795,LatinAmericaandtheCaribbean,1830,0,0,0,0,0,0,0,0,0,0,0,0,0,0,0,0,0,0,0,0,0
1162,Uzbekistan,860,LatinAmericaandtheCaribbean,1830,0,0,0,0,0,0,0,0,0,0,0,0,0,0,0,0,0,0,0,0,0
1163,EasternAsia,906,LatinAmericaandtheCaribbean,1830,74357,235157,335310,316553,344048,292094,331677,38058,113741,157074,149526,163834,152352,172825,36299,121416,178236,167027,180214,139742,158852
1164,China,156,LatinAmericaandtheCaribbean,1830,3614,13966,27776,40154,50723,62568,68057,2018,7558,14950,23529,31758,40244,43775,1596,6408,12826,16625,18965,22324,24282
1165,DemPeoplesRepublicofKorea,408,LatinAmericaandtheCaribbean,1830,566,1347,2128,2564,2999,3302,3374,288,660,1033,1266,1499,1660,1699,278,687,1095,1298,1500,1642,1675
1166,Japan,392,LatinAmericaandtheCaribbean,1830,70170,219838,305399,273832,290325,226223,260246,35748,105519,141087,124729,130576,110447,127351,34422,114319,164312,149103,159749,115776,132895
1167,Mongolia,496,LatinAmericaandtheCaribbean,1830,7,6,7,3,1,1,0,4,4,4,2,1,1,0,3,2,3,1,0,0,0
1168,RepublicofKorea,410,LatinAmericaandtheCaribbean,1830,0,0,0,0,0,0,0,0,0,0,0,0,0,0,0,0,0,0,0,0,0
1169,SouthEasternAsia,920,LatinAmericaandtheCaribbean,1830,882,1120,7435,6082,1875,1685,1761,452,579,3765,3118,965,910,966,430,541,3670,2964,910,775,795
1170,BruneiDarussalam,96,LatinAmericaandtheCaribbean,1830,0,0,0,0,0,0,0,0,0,0,0,0,0,0,0,0,0,0,0,0,0
1171,Cambodia,116,LatinAmericaandtheCaribbean,1830,0,0,0,0,0,0,0,0,0,0,0,0,0,0,0,0,0,0,0,0,0
1172,Indonesia,360,LatinAmericaandtheCaribbean,1830,0,0,0,0,0,0,0,0,0,0,0,0,0,0,0,0,0,0,0,0,0
1173,LaoPeoplesDemocraticRepublic,418,LatinAmericaandtheCaribbean,1830,0,0,0,0,0,0,0,0,0,0,0,0,0,0,0,0,0,0,0,0,0
1174,Malaysia,458,LatinAmericaandtheCaribbean,1830,0,0,0,0,0,0,0,0,0,0,0,0,0,0,0,0,0,0,0,0,0
1175,Myanmar,104,LatinAmericaandtheCaribbean,1830,0,0,0,0,0,0,0,0,0,0,0,0,0,0,0,0,0,0,0,0,0
1176,Philippines,608,LatinAmericaandtheCaribbean,1830,645,863,7153,5783,1568,1590,1670,352,468,3642,2992,843,855,911,293,395,3511,2791,725,735,759
1177,Singapore,702,LatinAmericaandtheCaribbean,1830,0,0,0,0,0,0,0,0,0,0,0,0,0,0,0,0,0,0,0,0,0
1178,Thailand,764,LatinAmericaandtheCaribbean,1830,0,0,0,0,0,0,0,0,0,0,0,0,0,0,0,0,0,0,0,0,0
1179,TimorLeste,626,LatinAmericaandtheCaribbean,1830,237,257,282,299,307,95,91,100,111,123,126,122,55,55,137,146,159,173,185,40,36
1180,VietNam,704,LatinAmericaandtheCaribbean,1830,0,0,0,0,0,0,0,0,0,0,0,0,0,0,0,0,0,0,0,0,0
1181,SouthernAsia,5501,LatinAmericaandtheCaribbean,1830,552,5390,10229,12183,14121,14956,14664,299,2912,5525,6578,7622,8073,4534,253,2478,4704,5605,6499,6883,10130
1182,Afghanistan,4,LatinAmericaandtheCaribbean,1830,0,0,0,0,0,0,0,0,0,0,0,0,0,0,0,0,0,0,0,0,0
1183,Bangladesh,50,LatinAmericaandtheCaribbean,1830,552,5387,10221,12165,14083,14919,14628,299,2909,5520,6570,7605,8057,4518,253,2478,4701,5595,6478,6862,10110
1184,Bhutan,64,LatinAmericaandtheCaribbean,1830,0,0,0,0,0,0,0,0,0,0,0,0,0,0,0,0,0,0,0,0,0
1185,India,356,LatinAmericaandtheCaribbean,1830,0,0,0,0,0,0,0,0,0,0,0,0,0,0,0,0,0,0,0,0,0
1186,IranIslamicRepublicof,364,LatinAmericaandtheCaribbean,1830,0,0,0,0,0,0,0,0,0,0,0,0,0,0,0,0,0,0,0,0,0
1187,Maldives,462,LatinAmericaandtheCaribbean,1830,0,0,0,0,0,0,0,0,0,0,0,0,0,0,0,0,0,0,0,0,0
1188,Nepal,524,LatinAmericaandtheCaribbean,1830,0,0,0,0,0,0,0,0,0,0,0,0,0,0,0,0,0,0,0,0,0
1189,Pakistan,586,LatinAmericaandtheCaribbean,1830,0,0,0,0,0,0,0,0,0,0,0,0,0,0,0,0,0,0,0,0,0
1190,SriLanka,144,LatinAmericaandtheCaribbean,1830,0,3,8,18,38,37,36,0,3,5,8,17,16,16,0,0,3,10,21,21,20
1191,WesternAsia,922,LatinAmericaandtheCaribbean,1830,42769,50027,54595,59958,66294,68041,66536,20114,23161,25236,27737,30623,31234,30473,22655,26866,29359,32221,35671,36807,36063
1192,Armenia,51,LatinAmericaandtheCaribbean,1830,0,0,0,0,0,0,0,0,0,0,0,0,0,0,0,0,0,0,0,0,0
1193,Azerbaijan,31,LatinAmericaandtheCaribbean,1830,0,0,0,0,0,0,0,0,0,0,0,0,0,0,0,0,0,0,0,0,0
1194,Bahrain,48,LatinAmericaandtheCaribbean,1830,0,0,0,0,0,0,0,0,0,0,0,0,0,0,0,0,0,0,0,0,0
1195,Cyprus,196,LatinAmericaandtheCaribbean,1830,163,236,296,444,657,589,584,70,92,115,173,260,246,247,93,144,181,271,397,343,337
1196,Georgia,268,LatinAmericaandtheCaribbean,1830,0,0,51,47,47,47,44,0,0,17,17,17,17,17,0,0,34,30,30,30,27
1197,Iraq,368,LatinAmericaandtheCaribbean,1830,0,0,0,0,0,0,0,0,0,0,0,0,0,0,0,0,0,0,0,0,0
1198,Israel,376,LatinAmericaandtheCaribbean,1830,42186,48984,53039,58267,64204,66215,64290,19864,22708,24563,27007,29720,30477,29597,22322,26276,28476,31260,34484,35738,34693
1199,Jordan,400,LatinAmericaandtheCaribbean,1830,161,180,197,149,306,127,159,55,75,93,91,176,60,74,106,105,104,58,130,67,85
1200,Kuwait,414,LatinAmericaandtheCaribbean,1830,0,0,0,0,0,0,0,0,0,0,0,0,0,0,0,0,0,0,0,0,0
1201,Lebanon,422,LatinAmericaandtheCaribbean,1830,0,0,0,0,0,0,0,0,0,0,0,0,0,0,0,0,0,0,0,0,0
1202,Oman,512,LatinAmericaandtheCaribbean,1830,0,0,0,0,0,0,0,0,0,0,0,0,0,0,0,0,0,0,0,0,0
1203,Qatar,634,LatinAmericaandtheCaribbean,1830,0,0,0,0,0,0,0,0,0,0,0,0,0,0,0,0,0,0,0,0,0
1204,SaudiArabia,682,LatinAmericaandtheCaribbean,1830,0,0,0,0,0,0,0,0,0,0,0,0,0,0,0,0,0,0,0,0,0
1205,StateofPalestine,275,LatinAmericaandtheCaribbean,1830,0,0,0,0,0,0,0,0,0,0,0,0,0,0,0,0,0,0,0,0,0
1206,SyrianArabRepublic,760,LatinAmericaandtheCaribbean,1830,0,0,0,0,0,0,0,0,0,0,0,0,0,0,0,0,0,0,0,0,0
1207,Turkey,792,LatinAmericaandtheCaribbean,1830,259,627,1012,1051,1080,1063,1459,125,286,448,449,450,434,538,134,341,564,602,630,629,921
1208,UnitedArabEmirates,784,LatinAmericaandtheCaribbean,1830,0,0,0,0,0,0,0,0,0,0,0,0,0,0,0,0,0,0,0,0,0
1209,Yemen,887,LatinAmericaandtheCaribbean,1830,0,0,0,0,0,0,0,0,0,0,0,0,0,0,0,0,0,0,0,0,0
1210,EasternEurope,923,LatinAmericaandtheCaribbean,1830,11129,11743,12162,12498,12679,15579,23807,5719,6379,6926,7222,7431,9125,13291,5410,5364,5236,5276,5248,6454,10516
1211,Belarus,112,LatinAmericaandtheCaribbean,1830,188,234,278,268,257,268,258,100,106,112,108,104,106,104,88,128,166,160,153,162,154
1212,Bulgaria,100,LatinAmericaandtheCaribbean,1830,149,303,441,639,808,909,1238,102,183,258,360,454,483,667,47,120,183,279,354,426,571
1213,Czechia,203,LatinAmericaandtheCaribbean,1830,367,557,741,1376,1878,2795,5003,243,371,498,861,1163,1719,2976,124,186,243,515,715,1076,2027
1214,Hungary,348,LatinAmericaandtheCaribbean,1830,916,1530,2130,2624,3132,4150,5448,464,773,1082,1356,1647,2271,2829,452,757,1048,1268,1485,1879,2619
1215,Poland,616,LatinAmericaandtheCaribbean,1830,1476,1256,1079,1361,1700,1604,2124,863,734,617,835,1074,1034,1438,613,522,462,526,626,570,686
1216,RepublicofMoldova,498,LatinAmericaandtheCaribbean,1830,0,0,0,0,0,0,0,0,0,0,0,0,0,0,0,0,0,0,0,0,0
1217,Romania,642,LatinAmericaandtheCaribbean,1830,20,23,29,29,67,645,4340,7,11,13,15,29,325,1952,13,12,16,14,38,320,2388
1218,RussianFederation,643,LatinAmericaandtheCaribbean,1830,7952,7654,7093,5780,4366,4452,4419,3903,4089,4130,3440,2680,2722,2721,4049,3565,2963,2340,1686,1730,1698
1219,Slovakia,703,LatinAmericaandtheCaribbean,1830,61,186,371,421,471,756,977,37,112,216,247,280,465,604,24,74,155,174,191,291,373
1220,Ukraine,804,LatinAmericaandtheCaribbean,1830,0,0,0,0,0,0,0,0,0,0,0,0,0,0,0,0,0,0,0,0,0
1221,NorthernEurope,924,LatinAmericaandtheCaribbean,1830,290476,349688,410637,457405,493859,541580,589887,139919,163479,187224,207391,221520,234806,252972,150557,186209,223413,250014,272339,306774,336915
1222,ChannelIslands,830,LatinAmericaandtheCaribbean,1830,0,0,0,0,0,0,0,0,0,0,0,0,0,0,0,0,0,0,0,0,0
1223,Denmark,208,LatinAmericaandtheCaribbean,1830,5204,7313,9407,11909,13757,16071,20435,2456,3405,4356,5363,6092,7104,9116,2748,3908,5051,6546,7665,8967,11319
1224,Estonia,233,LatinAmericaandtheCaribbean,1830,0,0,0,0,204,327,737,0,0,0,0,117,204,476,0,0,0,0,87,123,261
1225,FaroeIslands,234,LatinAmericaandtheCaribbean,1830,28,45,50,63,59,56,86,16,27,28,38,33,24,34,12,18,22,25,26,32,52
1226,Finland,246,LatinAmericaandtheCaribbean,1830,969,1367,1745,3394,4497,5967,7978,505,724,937,1769,2305,3043,4090,464,643,808,1625,2192,2924,3888
1227,Iceland,352,LatinAmericaandtheCaribbean,1830,155,276,379,602,794,977,1440,71,126,175,255,324,395,610,84,150,204,347,470,582,830
1228,Ireland,372,LatinAmericaandtheCaribbean,1830,738,2337,5215,9323,11894,12150,13855,339,1033,2388,5200,6631,6710,7690,399,1304,2827,4123,5263,5440,6165
1229,IsleofMan,833,LatinAmericaandtheCaribbean,1830,0,0,0,0,0,0,0,0,0,0,0,0,0,0,0,0,0,0,0,0,0
1230,Latvia,428,LatinAmericaandtheCaribbean,1830,68,113,165,190,227,150,215,30,61,92,122,156,93,138,38,52,73,68,71,57,77
1231,Lithuania,440,LatinAmericaandtheCaribbean,1830,180,202,156,170,163,217,274,89,98,76,82,72,107,156,91,104,80,88,91,110,118
1232,Norway,578,LatinAmericaandtheCaribbean,1830,10146,11851,14136,17506,22563,27771,31040,5393,6163,7130,8464,10433,12638,13813,4753,5688,7006,9042,12130,15133,17227
1233,Sweden,752,LatinAmericaandtheCaribbean,1830,45932,54508,58472,64985,72827,76708,88690,23254,27389,29183,32197,35706,37090,43162,22678,27119,29289,32788,37121,39618,45528
1234,UnitedKingdom,826,LatinAmericaandtheCaribbean,1830,227056,271676,320912,349263,366874,401186,425137,107766,124453,142859,153901,159651,167398,173687,119290,147223,178053,195362,207223,233788,251450
1235,SouthernEurope,925,LatinAmericaandtheCaribbean,1830,365575,484471,718500,2214175,3208746,2997487,3688480,136874,184362,284542,973727,1403077,1255255,1543175,228701,300109,433958,1240448,1805669,1742232,2145305
1236,Albania,8,LatinAmericaandtheCaribbean,1830,0,0,0,0,0,0,0,0,0,0,0,0,0,0,0,0,0,0,0,0,0
1237,Andorra,20,LatinAmericaandtheCaribbean,1830,232,259,286,747,1171,998,1071,124,136,150,394,618,519,564,108,123,136,353,553,479,507
1238,BosniaandHerzegovina,70,LatinAmericaandtheCaribbean,1830,0,0,0,0,0,0,0,0,0,0,0,0,0,0,0,0,0,0,0,0,0
1239,Croatia,191,LatinAmericaandtheCaribbean,1830,440,466,441,608,772,776,717,148,159,153,225,299,300,278,292,307,288,383,473,476,439
1240,Gibraltar,292,LatinAmericaandtheCaribbean,1830,0,0,0,0,0,0,0,0,0,0,0,0,0,0,0,0,0,0,0,0,0
1241,Greece,300,LatinAmericaandtheCaribbean,1830,6497,6528,6671,7083,7741,7267,7384,3094,2650,2176,2282,2464,2121,2502,3403,3878,4495,4801,5277,5146,4882
1242,HolySee,336,LatinAmericaandtheCaribbean,1830,0,0,0,0,0,0,0,0,0,0,0,0,0,0,0,0,0,0,0,0,0
1243,Italy,380,LatinAmericaandtheCaribbean,1830,115725,154742,193745,404598,624150,599145,669633,30286,41708,53134,143023,236223,220149,252829,85439,113034,140611,261575,387927,378996,416804
1244,Malta,470,LatinAmericaandtheCaribbean,1830,51,62,75,94,119,202,431,20,24,30,37,57,104,239,31,38,45,57,62,98,192
1245,Montenegro,499,LatinAmericaandtheCaribbean,1830,0,0,0,0,0,0,0,0,0,0,0,0,0,0,0,0,0,0,0,0,0
1246,NorthMacedonia,807,LatinAmericaandtheCaribbean,1830,0,0,0,0,0,0,0,0,0,0,0,0,0,0,0,0,0,0,0,0,0
1247,Portugal,620,LatinAmericaandtheCaribbean,1830,39573,56076,74872,119667,144603,163927,188115,17847,26427,36193,54158,63275,66990,80283,21726,29649,38679,65509,81328,96937,107832
1248,SanMarino,674,LatinAmericaandtheCaribbean,1830,86,94,104,97,93,114,120,37,41,44,42,39,45,45,49,53,60,55,54,69,75
1249,Serbia,688,LatinAmericaandtheCaribbean,1830,24,186,271,288,284,275,270,11,79,109,114,111,109,110,13,107,162,174,173,166,160
1250,Slovenia,705,LatinAmericaandtheCaribbean,1830,122,188,256,490,937,1088,1347,69,96,132,232,390,462,568,53,92,124,258,547,626,779
1251,Spain,724,LatinAmericaandtheCaribbean,1830,202825,265870,441779,1680503,2428876,2223695,2819392,85238,113042,192421,773220,1099601,964456,1205757,117587,152828,249358,907283,1329275,1259239,1613635
1252,WesternEurope,926,LatinAmericaandtheCaribbean,1830,437356,494910,558682,768926,866017,932925,1093750,196932,214325,234571,323052,350254,369925,432918,240424,280585,324111,445874,515763,563000,660832
1253,Austria,40,LatinAmericaandtheCaribbean,1830,11510,12993,14457,16016,17783,20110,24691,4386,5080,5771,6166,6600,7502,9694,7124,7913,8686,9850,11183,12608,14997
1254,Belgium,56,LatinAmericaandtheCaribbean,1830,27703,28966,29398,31751,41077,53461,65244,12969,13148,13027,12828,16922,21875,26897,14734,15818,16371,18923,24155,31586,38347
1255,France,250,LatinAmericaandtheCaribbean,1830,117647,121463,125255,243815,266838,295726,325015,51699,52228,52752,108066,106778,113489,125177,65948,69235,72503,135749,160060,182237,199838
1256,Germany,276,LatinAmericaandtheCaribbean,1830,48804,66327,83840,138947,183776,188620,253125,22505,24832,27161,52078,72955,74214,97069,26299,41495,56679,86869,110821,114406,156056
1257,Liechtenstein,438,LatinAmericaandtheCaribbean,1830,36,51,68,169,352,428,474,11,16,22,54,117,137,137,25,35,46,115,235,291,337
1258,Luxembourg,442,LatinAmericaandtheCaribbean,1830,726,683,656,565,490,741,7895,254,241,228,222,216,332,3162,472,442,428,343,274,409,4733
1259,Monaco,492,LatinAmericaandtheCaribbean,1830,0,0,0,0,0,0,0,0,0,0,0,0,0,0,0,0,0,0,0,0,0
1260,Netherlands,528,LatinAmericaandtheCaribbean,1830,180420,199584,225562,243558,250833,254728,279072,85853,92489,102075,107795,109153,109402,120217,94567,107095,123487,135763,141680,145326,158855
1261,Switzerland,756,LatinAmericaandtheCaribbean,1830,50510,64843,79446,94105,104868,119111,138234,19255,26291,33535,35843,37513,42974,50565,31255,38552,45911,58262,67355,76137,87669
1262,Caribbean,915,LatinAmericaandtheCaribbean,1830,519266,583063,647814,703367,771209,940613,1050647,282073,313549,345290,373914,406395,525103,579635,237193,269514,302524,329453,364814,415510,471012
1263,Anguilla,660,LatinAmericaandtheCaribbean,1830,1462,1883,2304,2653,2888,3093,3220,884,1123,1362,1573,1718,1843,1921,578,760,942,1080,1170,1250,1299
1264,AntiguaandBarbuda,28,LatinAmericaandtheCaribbean,1830,8525,13567,18591,19946,21283,22629,23670,4094,6103,8107,8687,9262,9840,10303,4431,7464,10484,11259,12021,12789,13367
1265,Aruba,533,LatinAmericaandtheCaribbean,1830,7783,14299,20810,23309,25360,26664,43017,2955,5855,8762,9683,10724,11250,18981,4828,8444,12048,13626,14636,15414,24036
1266,Bahamas,44,LatinAmericaandtheCaribbean,1830,17196,21975,26772,32270,37752,40903,43851,9169,11758,14375,16764,19155,20606,22082,8027,10217,12397,15506,18597,20297,21769
1267,Barbados,52,LatinAmericaandtheCaribbean,1830,13219,14429,15639,15274,14862,15607,15762,5051,5658,6266,6269,6250,6564,6636,8168,8771,9373,9005,8612,9043,9126
1268,BritishVirginIslands,92,LatinAmericaandtheCaribbean,1830,6197,7288,8373,9592,11969,13687,15523,3196,3669,4143,4746,5909,6709,7614,3001,3619,4230,4846,6060,6978,7909
1269,CaymanIslands,136,LatinAmericaandtheCaribbean,1830,5696,7916,12135,12724,14461,15769,17573,2633,3738,5770,6155,7102,7734,8662,3063,4178,6365,6569,7359,8035,8911
1270,Cuba,192,LatinAmericaandtheCaribbean,1830,7263,5508,3713,2489,1696,1176,843,3978,2909,1871,1185,763,510,352,3285,2599,1842,1304,933,666,491
1271,CuraÃao,531,LatinAmericaandtheCaribbean,1830,0,0,0,0,22235,24121,41994,0,0,0,0,7822,8527,16962,0,0,0,0,14413,15594,25032
1272,Dominica,212,LatinAmericaandtheCaribbean,1830,1425,1872,2233,2739,5051,4762,4868,720,945,1140,1395,2555,2416,2470,705,927,1093,1344,2496,2346,2398
1273,DominicanRepublic,214,LatinAmericaandtheCaribbean,1830,240113,266701,293268,316865,340706,499069,551470,150790,165080,179362,193953,208683,323368,351197,89323,101621,113906,122912,132023,175701,200273
1274,Grenada,308,LatinAmericaandtheCaribbean,1830,2708,3425,4150,4342,4546,4596,4680,1338,1652,1966,2066,2166,2190,2047,1370,1773,2184,2276,2380,2406,2633
1275,Guadeloupe,312,LatinAmericaandtheCaribbean,1830,27930,26677,25418,28104,30787,29493,29195,13784,12713,11643,12610,13577,12263,11989,14146,13964,13775,15494,17210,17230,17206
1276,Haiti,332,LatinAmericaandtheCaribbean,1830,10509,9977,9471,8992,9438,9903,10363,5505,5229,4967,4717,4953,5200,5443,5004,4748,4504,4275,4485,4703,4920
1277,Jamaica,388,LatinAmericaandtheCaribbean,1830,6231,7068,7894,7694,7487,7325,7446,2968,3386,3801,3727,3655,3577,3647,3263,3682,4093,3967,3832,3748,3799
1278,Martinique,474,LatinAmericaandtheCaribbean,1830,6742,8536,10334,10814,11297,13114,13006,2776,3559,4341,4388,4434,4914,4876,3966,4977,5993,6426,6863,8200,8130
1279,Montserrat,500,LatinAmericaandtheCaribbean,1830,1267,1014,766,788,811,852,878,652,523,395,405,416,437,447,615,491,371,383,395,415,431
1280,PuertoRico,630,LatinAmericaandtheCaribbean,1830,75663,88676,101927,105859,96503,89131,73810,34788,41534,48371,50129,45236,41582,34302,40875,47142,53556,55730,51267,47549,39508
1281,SaintBarthelemy,652,LatinAmericaandtheCaribbean,1830,0,0,0,0,0,0,0,0,0,0,0,0,0,0,0,0,0,0,0,0,0
1282,SaintKittsandNevis,659,LatinAmericaandtheCaribbean,1830,1521,2014,2784,3165,3431,3521,3632,752,1009,1417,1614,1753,1807,1872,769,1005,1367,1551,1678,1714,1760
1283,SaintLucia,662,LatinAmericaandtheCaribbean,1830,2566,3410,4745,5415,5657,5410,5180,1183,1579,2216,2501,2599,2484,2387,1383,1831,2529,2914,3058,2926,2793
1284,SaintMartinFrenchpart,663,LatinAmericaandtheCaribbean,1830,0,0,0,0,0,0,0,0,0,0,0,0,0,0,0,0,0,0,0,0,0
1285,SaintVincentandtheGrenadines,670,LatinAmericaandtheCaribbean,1830,2602,2704,2816,2899,2981,3027,3081,1227,1275,1332,1397,1465,1492,1542,1375,1429,1484,1502,1516,1535,1539
1286,SintMaartenDutchpart,534,LatinAmericaandtheCaribbean,1830,0,0,0,10722,21457,22355,23602,0,0,0,4891,9783,10176,10749,0,0,0,5831,11674,12179,12853
1287,TrinidadandTobago,780,LatinAmericaandtheCaribbean,1830,39263,35646,29596,31769,28515,29756,57212,17938,16238,13124,14046,12860,13753,26215,21325,19408,16472,17723,15655,16003,30997
1288,TurksandCaicosIslands,796,LatinAmericaandtheCaribbean,1830,3619,4736,6278,6720,11361,15957,18083,1874,2440,3202,3401,5685,7986,9054,1745,2296,3076,3319,5676,7971,9029
1289,UnitedStatesVirginIslands,850,LatinAmericaandtheCaribbean,1830,29766,33742,37797,38223,38675,38693,38688,13818,15574,17357,17612,17870,17875,17885,15948,18168,20440,20611,20805,20818,20803
1290,CentralAmerica,916,LatinAmericaandtheCaribbean,1830,1277036,715741,568796,644805,780384,859613,1194276,621542,347538,278346,310893,371078,407403,584948,655494,368203,290450,333912,409306,452210,609328
1291,Belize,84,LatinAmericaandtheCaribbean,1830,25610,28354,31105,34674,38249,45105,51185,13708,14687,15667,17360,19143,22439,25465,11902,13667,15438,17314,19106,22666,25720
1292,CostaRica,188,LatinAmericaandtheCaribbean,1830,188664,186300,277092,302783,362052,367287,467472,94694,94687,138270,148136,172311,173643,233659,93970,91613,138822,154647,189741,193644,233813
1293,ElSalvador,222,LatinAmericaandtheCaribbean,1830,35267,30063,24843,28770,32682,34078,34642,15857,13594,11331,13250,15167,15838,16108,19410,16469,13512,15520,17515,18240,18534
1294,Guatemala,320,LatinAmericaandtheCaribbean,1830,254336,146214,38086,45332,52566,57644,65049,108958,62499,16043,19486,22930,25825,28858,145378,83715,22043,25846,29636,31819,36191
1295,Honduras,340,LatinAmericaandtheCaribbean,1830,265351,143161,20983,20558,20121,28254,28887,134527,72442,10358,10268,10184,14340,14668,130824,70719,10625,10290,9937,13914,14219
1296,Mexico,484,LatinAmericaandtheCaribbean,1830,434318,115473,98457,112102,138722,170752,272836,217613,57606,49240,54511,66187,80497,126844,216705,57867,49217,57591,72535,90255,145992
1297,Nicaragua,558,LatinAmericaandtheCaribbean,1830,33493,20299,23559,27358,29285,31571,33113,16737,10106,11814,13762,14822,16064,16808,16756,10193,11745,13596,14463,15507,16305
1298,Panama,591,LatinAmericaandtheCaribbean,1830,39997,45877,54671,73228,106707,124922,241092,19448,21917,25623,34120,50334,58757,122538,20549,23960,29048,39108,56373,66165,118554
1299,SouthAmerica,931,LatinAmericaandtheCaribbean,1830,2184506,2371579,2560966,3009341,3792591,4366500,9052250,1071900,1153314,1235173,1439879,1820657,2108476,4462244,1112606,1218265,1325793,1569462,1971934,2258024,4590006
1300,Argentina,32,LatinAmericaandtheCaribbean,1830,827225,911628,996044,1233589,1470808,1702952,1894713,403007,434669,466356,573311,680209,787263,887174,424218,476959,529688,660278,790599,915689,1007539
1301,BoliviaPlurinationalStateof,68,LatinAmericaandtheCaribbean,1830,57519,66521,74975,83611,92278,107454,124518,29072,33857,38341,43235,48159,56064,64972,28447,32664,36634,40376,44119,51390,59546
1302,Brazil,76,LatinAmericaandtheCaribbean,1830,127292,135944,144582,164290,182083,214621,523386,68920,73783,78645,88501,97171,113631,270124,58372,62161,65937,75789,84912,100990,253262
1303,Chile,152,LatinAmericaandtheCaribbean,1830,60881,92442,123934,198465,272913,484543,1526171,29832,43093,56663,90006,123334,233770,767500,31049,49349,67271,108459,149579,250773,758671
1304,Colombia,170,LatinAmericaandtheCaribbean,1830,61984,64933,67874,67164,83348,103221,1838774,30191,31915,33636,33592,42345,53291,915460,31793,33018,34238,33572,41003,49930,923314
1305,Ecuador,218,LatinAmericaandtheCaribbean,1830,57476,75892,94298,121470,266268,249547,640387,27360,36945,46529,60080,135207,127059,322434,30116,38947,47769,61390,131061,122488,317953
1306,FalklandIslandsMalvinas,238,LatinAmericaandtheCaribbean,1830,70,78,104,186,205,224,276,36,46,63,108,115,124,155,34,32,41,78,90,100,121
1307,FrenchGuiana,254,LatinAmericaandtheCaribbean,1830,42473,45606,48736,58918,69096,75737,85121,22685,23391,24100,28245,32391,36668,41211,19788,22215,24636,30673,36705,39069,43910
1308,Guyana,328,LatinAmericaandtheCaribbean,1830,2903,4392,5876,7690,5914,6255,28648,1545,2325,3109,4096,3279,3472,13109,1358,2067,2767,3594,2635,2783,15539
1309,Paraguay,600,LatinAmericaandtheCaribbean,1830,171423,164119,156250,148847,141816,138419,150011,89570,85637,80936,77109,73324,71486,77649,81853,78482,75314,71738,68492,66933,72362
1310,Peru,604,LatinAmericaandtheCaribbean,1830,29635,29668,34681,40763,53550,75113,1072890,13948,13786,16144,19165,26901,40703,545595,15687,15882,18537,21598,26649,34410,527295
1311,Suriname,740,LatinAmericaandtheCaribbean,1830,7214,8911,11006,13469,15890,17255,19123,3893,4824,5959,7337,8666,9421,10513,3321,4087,5047,6132,7224,7834,8610
1312,Uruguay,858,LatinAmericaandtheCaribbean,1830,29589,33162,37178,42599,42172,43551,66194,15686,15909,16009,18362,17992,18572,30030,13903,17253,21169,24237,24180,24979,36164
1313,VenezuelaBolivarianRepublicof,862,LatinAmericaandtheCaribbean,1830,708822,738283,765428,828280,1096250,1147608,1082038,336155,353134,368683,396732,531564,556952,516318,372667,385149,396745,431548,564686,590656,565720
1314,Bermuda,60,LatinAmericaandtheCaribbean,1830,1607,1798,2429,2197,1923,2009,2233,893,963,1228,1039,923,912,1032,714,835,1201,1158,1000,1097,1201
1315,Canada,124,LatinAmericaandtheCaribbean,1830,431927,518216,616828,698330,837135,870486,943145,210277,250907,297563,326428,382403,394737,427719,221650,267309,319265,371902,454732,475749,515426
1316,Greenland,304,LatinAmericaandtheCaribbean,1830,0,0,0,0,0,0,0,0,0,0,0,0,0,0,0,0,0,0,0,0,0
1317,SaintPierreandMiquelon,666,LatinAmericaandtheCaribbean,1830,0,0,0,0,0,0,0,0,0,0,0,0,0,0,0,0,0,0,0,0,0
1318,UnitedStatesofAmerica,840,LatinAmericaandtheCaribbean,1830,9542635,13749442,18025560,20318729,23295515,24107834,24590255,4774276,6903793,9072489,10290140,11617765,11989080,12070011,4768359,6845649,8953071,10028589,11677750,12118754,12520244
1319,Australia,36,LatinAmericaandtheCaribbean,1830,79786,83875,85669,95169,120449,150589,189995,39167,40763,41272,45666,58081,72737,91428,40619,43112,44397,49503,62368,77852,98567
1320,NewZealand,554,LatinAmericaandtheCaribbean,1830,2198,2710,1955,4243,6772,9198,19480,1064,1276,952,2061,3282,4449,9425,1134,1434,1003,2182,3490,4749,10055
1321,Melanesia,928,LatinAmericaandtheCaribbean,1830,0,0,0,0,0,0,0,0,0,0,0,0,0,0,0,0,0,0,0,0,0
1322,Fiji,242,LatinAmericaandtheCaribbean,1830,0,0,0,0,0,0,0,0,0,0,0,0,0,0,0,0,0,0,0,0,0
1323,NewCaledonia,540,LatinAmericaandtheCaribbean,1830,0,0,0,0,0,0,0,0,0,0,0,0,0,0,0,0,0,0,0,0,0
1324,PapuaNewGuinea,598,LatinAmericaandtheCaribbean,1830,0,0,0,0,0,0,0,0,0,0,0,0,0,0,0,0,0,0,0,0,0
1325,SolomonIslands,90,LatinAmericaandtheCaribbean,1830,0,0,0,0,0,0,0,0,0,0,0,0,0,0,0,0,0,0,0,0,0
1326,Vanuatu,548,LatinAmericaandtheCaribbean,1830,0,0,0,0,0,0,0,0,0,0,0,0,0,0,0,0,0,0,0,0,0
1327,Micronesia,954,LatinAmericaandtheCaribbean,1830,1117,1327,1606,3473,4933,4861,5094,555,670,785,1698,2437,2407,2527,562,657,821,1775,2496,2454,2567
1328,Guam,316,LatinAmericaandtheCaribbean,1830,194,194,193,2054,3915,3950,4176,111,102,92,1056,2021,2038,2155,83,92,101,998,1894,1912,2021
1329,Kiribati,296,LatinAmericaandtheCaribbean,1830,0,0,0,0,0,0,0,0,0,0,0,0,0,0,0,0,0,0,0,0,0
1330,MarshallIslands,584,LatinAmericaandtheCaribbean,1830,0,0,0,0,0,0,0,0,0,0,0,0,0,0,0,0,0,0,0,0,0
1331,MicronesiaFedStatesof,583,LatinAmericaandtheCaribbean,1830,0,0,0,0,0,0,0,0,0,0,0,0,0,0,0,0,0,0,0,0,0
1332,Nauru,520,LatinAmericaandtheCaribbean,1830,0,0,0,0,0,0,0,0,0,0,0,0,0,0,0,0,0,0,0,0,0
1333,NorthernMarianaIslands,580,LatinAmericaandtheCaribbean,1830,923,1133,1413,1419,1018,911,918,444,568,693,642,416,369,372,479,565,720,777,602,542,546
1334,Palau,585,LatinAmericaandtheCaribbean,1830,0,0,0,0,0,0,0,0,0,0,0,0,0,0,0,0,0,0,0,0,0
1335,Polynesia,957,LatinAmericaandtheCaribbean,1830,0,0,0,0,0,0,0,0,0,0,0,0,0,0,0,0,0,0,0,0,0
1336,AmericanSamoa,16,LatinAmericaandtheCaribbean,1830,0,0,0,0,0,0,0,0,0,0,0,0,0,0,0,0,0,0,0,0,0
1337,CookIslands,184,LatinAmericaandtheCaribbean,1830,0,0,0,0,0,0,0,0,0,0,0,0,0,0,0,0,0,0,0,0,0
1338,FrenchPolynesia,258,LatinAmericaandtheCaribbean,1830,0,0,0,0,0,0,0,0,0,0,0,0,0,0,0,0,0,0,0,0,0
1339,Niue,570,LatinAmericaandtheCaribbean,1830,0,0,0,0,0,0,0,0,0,0,0,0,0,0,0,0,0,0,0,0,0
1340,Samoa,882,LatinAmericaandtheCaribbean,1830,0,0,0,0,0,0,0,0,0,0,0,0,0,0,0,0,0,0,0,0,0
1341,Tokelau,772,LatinAmericaandtheCaribbean,1830,0,0,0,0,0,0,0,0,0,0,0,0,0,0,0,0,0,0,0,0,0
1342,Tonga,776,LatinAmericaandtheCaribbean,1830,0,0,0,0,0,0,0,0,0,0,0,0,0,0,0,0,0,0,0,0,0
1343,Tuvalu,798,LatinAmericaandtheCaribbean,1830,0,0,0,0,0,0,0,0,0,0,0,0,0,0,0,0,0,0,0,0,0
1344,WallisandFutunaIslands,876,LatinAmericaandtheCaribbean,1830,0,0,0,0,0,0,0,0,0,0,0,0,0,0,0,0,0,0,0,0,0
1345,SubSaharanAfrica,947,OceaniaexcludingAustraliaandNewZealand,1835,178,109,76,94,735,1978,2068,80,55,46,54,367,1084,1148,98,54,30,40,368,894,920
1346,NorthernAfricaandWesternAsia,1833,OceaniaexcludingAustraliaandNewZealand,1835,1,2,2,3,3,2,1,0,0,0,0,0,0,0,1,2,2,3,3,2,1
1347,CentralandSouthernAsia,921,OceaniaexcludingAustraliaandNewZealand,1835,2385,1298,210,598,895,833,779,985,538,91,298,362,327,298,1400,760,119,300,533,506,481
1348,EasternandSouthEasternAsia,1832,OceaniaexcludingAustraliaandNewZealand,1835,70,94,2615,2114,1085,1102,1168,50,67,1186,977,485,493,526,20,27,1429,1137,600,609,642
1349,LatinAmericaandtheCaribbean,1830,OceaniaexcludingAustraliaandNewZealand,1835,65,111,153,148,156,172,179,36,57,76,76,86,98,106,29,54,77,72,70,74,73
1350,OceaniaexcludingAustraliaandNewZealand,1835,OceaniaexcludingAustraliaandNewZealand,1835,55191,61890,68468,68242,65111,67700,69783,28327,31742,34827,34709,33223,34236,35269,26864,30148,33641,33533,31888,33464,34514
1351,AustraliaandNewZealand,927,OceaniaexcludingAustraliaandNewZealand,1835,152771,163102,191159,220023,251340,283916,319996,73909,77752,92245,106174,121308,138085,155254,78862,85350,98914,113849,130032,145831,164742
1352,EuropeandNorthernAmerica,1829,OceaniaexcludingAustraliaandNewZealand,1835,61856,86455,112493,115916,122578,139517,171307,30236,42147,54848,56604,59035,66492,81202,31620,44308,57645,59312,63543,73025,90105
1353,Developedregions,901,OceaniaexcludingAustraliaandNewZealand,1835,214627,249557,303652,335939,373918,423433,491303,104145,119899,147093,162778,180343,204577,236456,110482,129658,156559,173161,193575,218856,254847
1354,Lessdevelopedregions,902,OceaniaexcludingAustraliaandNewZealand,1835,57890,63504,71524,71199,67985,71787,73978,29478,32459,36226,36114,34523,36238,37347,28412,31045,35298,35085,33462,35549,36631
1355,Leastdevelopedcountries,941,OceaniaexcludingAustraliaandNewZealand,1835,4669,4614,4480,4232,4705,5923,6143,2256,2291,2230,2158,2440,3142,3257,2413,2323,2250,2074,2265,2781,2886
1356,LandlockedDevelopingCountriesLLDC,1636,OceaniaexcludingAustraliaandNewZealand,1835,2,46,86,46,603,742,863,2,23,42,21,291,357,419,0,23,44,25,312,385,444
1357,SmallislanddevelopingStatesSIDS,1637,OceaniaexcludingAustraliaandNewZealand,1835,54064,60617,66996,66707,63678,66379,68462,27729,31078,34077,33929,32503,33576,34605,26335,29539,32919,32778,31175,32803,33857
1358,Highincomecountries,1503,OceaniaexcludingAustraliaandNewZealand,1835,239488,278758,337263,370449,406586,458818,528577,116757,134696,163996,180170,196927,222244,255021,122731,144062,173267,190279,209659,236574,273556
1359,Middleincomecountries,1517,OceaniaexcludingAustraliaandNewZealand,1835,31567,32638,36001,34649,32798,32447,32629,16084,16785,18337,17696,16719,16516,16657,15483,15853,17664,16953,16079,15931,15972
1360,Uppermiddleincomecountries,1502,OceaniaexcludingAustraliaandNewZealand,1835,23303,25451,27650,26706,25847,25533,25555,12140,13178,14223,13674,13203,13015,13065,11163,12273,13427,13032,12644,12518,12490
1361,Lowermiddleincomecountries,1501,OceaniaexcludingAustraliaandNewZealand,1835,8264,7187,8351,7943,6951,6914,7074,3944,3607,4114,4022,3516,3501,3592,4320,3580,4237,3921,3435,3413,3482
1362,Lowincomecountries,1500,OceaniaexcludingAustraliaandNewZealand,1835,0,0,0,0,600,1807,1871,0,0,0,0,290,985,1023,0,0,0,0,310,822,848
1363,EasternAfrica,910,OceaniaexcludingAustraliaandNewZealand,1835,0,0,0,0,0,0,0,0,0,0,0,0,0,0,0,0,0,0,0,0,0
1364,Burundi,108,OceaniaexcludingAustraliaandNewZealand,1835,0,0,0,0,0,0,0,0,0,0,0,0,0,0,0,0,0,0,0,0,0
1365,Comoros,174,OceaniaexcludingAustraliaandNewZealand,1835,0,0,0,0,0,0,0,0,0,0,0,0,0,0,0,0,0,0,0,0,0
1366,Djibouti,262,OceaniaexcludingAustraliaandNewZealand,1835,0,0,0,0,0,0,0,0,0,0,0,0,0,0,0,0,0,0,0,0,0
1367,Eritrea,232,OceaniaexcludingAustraliaandNewZealand,1835,0,0,0,0,0,0,0,0,0,0,0,0,0,0,0,0,0,0,0,0,0
1368,Ethiopia,231,OceaniaexcludingAustraliaandNewZealand,1835,0,0,0,0,0,0,0,0,0,0,0,0,0,0,0,0,0,0,0,0,0
1369,Kenya,404,OceaniaexcludingAustraliaandNewZealand,1835,0,0,0,0,0,0,0,0,0,0,0,0,0,0,0,0,0,0,0,0,0
1370,Madagascar,450,OceaniaexcludingAustraliaandNewZealand,1835,0,0,0,0,0,0,0,0,0,0,0,0,0,0,0,0,0,0,0,0,0
1371,Malawi,454,OceaniaexcludingAustraliaandNewZealand,1835,0,0,0,0,0,0,0,0,0,0,0,0,0,0,0,0,0,0,0,0,0
1372,Mauritius,480,OceaniaexcludingAustraliaandNewZealand,1835,0,0,0,0,0,0,0,0,0,0,0,0,0,0,0,0,0,0,0,0,0
1373,Mayotte,175,OceaniaexcludingAustraliaandNewZealand,1835,0,0,0,0,0,0,0,0,0,0,0,0,0,0,0,0,0,0,0,0,0
1374,Mozambique,508,OceaniaexcludingAustraliaandNewZealand,1835,0,0,0,0,0,0,0,0,0,0,0,0,0,0,0,0,0,0,0,0,0
1375,Reunion,638,OceaniaexcludingAustraliaandNewZealand,1835,0,0,0,0,0,0,0,0,0,0,0,0,0,0,0,0,0,0,0,0,0
1376,Rwanda,646,OceaniaexcludingAustraliaandNewZealand,1835,0,0,0,0,0,0,0,0,0,0,0,0,0,0,0,0,0,0,0,0,0
1377,Seychelles,690,OceaniaexcludingAustraliaandNewZealand,1835,0,0,0,0,0,0,0,0,0,0,0,0,0,0,0,0,0,0,0,0,0
1378,Somalia,706,OceaniaexcludingAustraliaandNewZealand,1835,0,0,0,0,0,0,0,0,0,0,0,0,0,0,0,0,0,0,0,0,0
1379,SouthSudan,728,OceaniaexcludingAustraliaandNewZealand,1835,0,0,0,0,0,0,0,0,0,0,0,0,0,0,0,0,0,0,0,0,0
1380,Uganda,800,OceaniaexcludingAustraliaandNewZealand,1835,0,0,0,0,0,0,0,0,0,0,0,0,0,0,0,0,0,0,0,0,0
1381,UnitedRepublicofTanzania,834,OceaniaexcludingAustraliaandNewZealand,1835,0,0,0,0,0,0,0,0,0,0,0,0,0,0,0,0,0,0,0,0,0
1382,Zambia,894,OceaniaexcludingAustraliaandNewZealand,1835,0,0,0,0,0,0,0,0,0,0,0,0,0,0,0,0,0,0,0,0,0
1383,Zimbabwe,716,OceaniaexcludingAustraliaandNewZealand,1835,0,0,0,0,0,0,0,0,0,0,0,0,0,0,0,0,0,0,0,0,0
1384,MiddleAfrica,911,OceaniaexcludingAustraliaandNewZealand,1835,0,0,0,0,0,0,0,0,0,0,0,0,0,0,0,0,0,0,0,0,0
1385,Angola,24,OceaniaexcludingAustraliaandNewZealand,1835,0,0,0,0,0,0,0,0,0,0,0,0,0,0,0,0,0,0,0,0,0
1386,Cameroon,120,OceaniaexcludingAustraliaandNewZealand,1835,0,0,0,0,0,0,0,0,0,0,0,0,0,0,0,0,0,0,0,0,0
1387,CentralAfricanRepublic,140,OceaniaexcludingAustraliaandNewZealand,1835,0,0,0,0,0,0,0,0,0,0,0,0,0,0,0,0,0,0,0,0,0
1388,Chad,148,OceaniaexcludingAustraliaandNewZealand,1835,0,0,0,0,0,0,0,0,0,0,0,0,0,0,0,0,0,0,0,0,0
1389,Congo,178,OceaniaexcludingAustraliaandNewZealand,1835,0,0,0,0,0,0,0,0,0,0,0,0,0,0,0,0,0,0,0,0,0
1390,DemocraticRepublicoftheCongo,180,OceaniaexcludingAustraliaandNewZealand,1835,0,0,0,0,0,0,0,0,0,0,0,0,0,0,0,0,0,0,0,0,0
1391,EquatorialGuinea,226,OceaniaexcludingAustraliaandNewZealand,1835,0,0,0,0,0,0,0,0,0,0,0,0,0,0,0,0,0,0,0,0,0
1392,Gabon,266,OceaniaexcludingAustraliaandNewZealand,1835,0,0,0,0,0,0,0,0,0,0,0,0,0,0,0,0,0,0,0,0,0
1393,SaoTomeandPrincipe,678,OceaniaexcludingAustraliaandNewZealand,1835,0,0,0,0,0,0,0,0,0,0,0,0,0,0,0,0,0,0,0,0,0
1394,NorthernAfrica,912,OceaniaexcludingAustraliaandNewZealand,1835,0,0,0,0,0,0,0,0,0,0,0,0,0,0,0,0,0,0,0,0,0
1395,Algeria,12,OceaniaexcludingAustraliaandNewZealand,1835,0,0,0,0,0,0,0,0,0,0,0,0,0,0,0,0,0,0,0,0,0
1396,Egypt,818,OceaniaexcludingAustraliaandNewZealand,1835,0,0,0,0,0,0,0,0,0,0,0,0,0,0,0,0,0,0,0,0,0
1397,Libya,434,OceaniaexcludingAustraliaandNewZealand,1835,0,0,0,0,0,0,0,0,0,0,0,0,0,0,0,0,0,0,0,0,0
1398,Morocco,504,OceaniaexcludingAustraliaandNewZealand,1835,0,0,0,0,0,0,0,0,0,0,0,0,0,0,0,0,0,0,0,0,0
1399,Sudan,729,OceaniaexcludingAustraliaandNewZealand,1835,0,0,0,0,0,0,0,0,0,0,0,0,0,0,0,0,0,0,0,0,0
1400,Tunisia,788,OceaniaexcludingAustraliaandNewZealand,1835,0,0,0,0,0,0,0,0,0,0,0,0,0,0,0,0,0,0,0,0,0
1401,WesternSahara,732,OceaniaexcludingAustraliaandNewZealand,1835,0,0,0,0,0,0,0,0,0,0,0,0,0,0,0,0,0,0,0,0,0
1402,SouthernAfrica,913,OceaniaexcludingAustraliaandNewZealand,1835,178,109,76,94,135,171,197,80,55,46,54,77,99,125,98,54,30,40,58,72,72
1403,Botswana,72,OceaniaexcludingAustraliaandNewZealand,1835,0,0,0,0,0,0,0,0,0,0,0,0,0,0,0,0,0,0,0,0,0
1404,Eswatini,748,OceaniaexcludingAustraliaandNewZealand,1835,0,0,0,0,0,0,0,0,0,0,0,0,0,0,0,0,0,0,0,0,0
1405,Lesotho,426,OceaniaexcludingAustraliaandNewZealand,1835,0,0,0,0,0,0,0,0,0,0,0,0,0,0,0,0,0,0,0,0,0
1406,Namibia,516,OceaniaexcludingAustraliaandNewZealand,1835,0,0,0,0,0,0,0,0,0,0,0,0,0,0,0,0,0,0,0,0,0
1407,SouthAfrica,710,OceaniaexcludingAustraliaandNewZealand,1835,178,109,76,94,135,171,197,80,55,46,54,77,99,125,98,54,30,40,58,72,72
1408,WesternAfrica,914,OceaniaexcludingAustraliaandNewZealand,1835,0,0,0,0,600,1807,1871,0,0,0,0,290,985,1023,0,0,0,0,310,822,848
1409,Benin,204,OceaniaexcludingAustraliaandNewZealand,1835,0,0,0,0,0,0,0,0,0,0,0,0,0,0,0,0,0,0,0,0,0
1410,BurkinaFaso,854,OceaniaexcludingAustraliaandNewZealand,1835,0,0,0,0,0,0,0,0,0,0,0,0,0,0,0,0,0,0,0,0,0
1411,CaboVerde,132,OceaniaexcludingAustraliaandNewZealand,1835,0,0,0,0,0,0,0,0,0,0,0,0,0,0,0,0,0,0,0,0,0
1412,CotedIvoire,384,OceaniaexcludingAustraliaandNewZealand,1835,0,0,0,0,0,0,0,0,0,0,0,0,0,0,0,0,0,0,0,0,0
1413,Gambia,270,OceaniaexcludingAustraliaandNewZealand,1835,0,0,0,0,0,0,0,0,0,0,0,0,0,0,0,0,0,0,0,0,0
1414,Ghana,288,OceaniaexcludingAustraliaandNewZealand,1835,0,0,0,0,0,0,0,0,0,0,0,0,0,0,0,0,0,0,0,0,0
1415,Guinea,324,OceaniaexcludingAustraliaandNewZealand,1835,0,0,0,0,0,1071,1011,0,0,0,0,0,630,605,0,0,0,0,0,441,406
1416,GuineaBissau,624,OceaniaexcludingAustraliaandNewZealand,1835,0,0,0,0,0,0,0,0,0,0,0,0,0,0,0,0,0,0,0,0,0
1417,Liberia,430,OceaniaexcludingAustraliaandNewZealand,1835,0,0,0,0,0,0,0,0,0,0,0,0,0,0,0,0,0,0,0,0,0
1418,Mali,466,OceaniaexcludingAustraliaandNewZealand,1835,0,0,0,0,600,736,860,0,0,0,0,290,355,418,0,0,0,0,310,381,442
1419,Mauritania,478,OceaniaexcludingAustraliaandNewZealand,1835,0,0,0,0,0,0,0,0,0,0,0,0,0,0,0,0,0,0,0,0,0
1420,Niger,562,OceaniaexcludingAustraliaandNewZealand,1835,0,0,0,0,0,0,0,0,0,0,0,0,0,0,0,0,0,0,0,0,0
1421,Nigeria,566,OceaniaexcludingAustraliaandNewZealand,1835,0,0,0,0,0,0,0,0,0,0,0,0,0,0,0,0,0,0,0,0,0
1422,SaintHelena,654,OceaniaexcludingAustraliaandNewZealand,1835,0,0,0,0,0,0,0,0,0,0,0,0,0,0,0,0,0,0,0,0,0
1423,Senegal,686,OceaniaexcludingAustraliaandNewZealand,1835,0,0,0,0,0,0,0,0,0,0,0,0,0,0,0,0,0,0,0,0,0
1424,SierraLeone,694,OceaniaexcludingAustraliaandNewZealand,1835,0,0,0,0,0,0,0,0,0,0,0,0,0,0,0,0,0,0,0,0,0
1425,Togo,768,OceaniaexcludingAustraliaandNewZealand,1835,0,0,0,0,0,0,0,0,0,0,0,0,0,0,0,0,0,0,0,0,0
1426,CentralAsia,5500,OceaniaexcludingAustraliaandNewZealand,1835,0,0,0,0,0,0,0,0,0,0,0,0,0,0,0,0,0,0,0,0,0
1427,Kazakhstan,398,OceaniaexcludingAustraliaandNewZealand,1835,0,0,0,0,0,0,0,0,0,0,0,0,0,0,0,0,0,0,0,0,0
1428,Kyrgyzstan,417,OceaniaexcludingAustraliaandNewZealand,1835,0,0,0,0,0,0,0,0,0,0,0,0,0,0,0,0,0,0,0,0,0
1429,Tajikistan,762,OceaniaexcludingAustraliaandNewZealand,1835,0,0,0,0,0,0,0,0,0,0,0,0,0,0,0,0,0,0,0,0,0
1430,Turkmenistan,795,OceaniaexcludingAustraliaandNewZealand,1835,0,0,0,0,0,0,0,0,0,0,0,0,0,0,0,0,0,0,0,0,0
1431,Uzbekistan,860,OceaniaexcludingAustraliaandNewZealand,1835,0,0,0,0,0,0,0,0,0,0,0,0,0,0,0,0,0,0,0,0,0
1432,EasternAsia,906,OceaniaexcludingAustraliaandNewZealand,1835,0,0,0,0,0,0,0,0,0,0,0,0,0,0,0,0,0,0,0,0,0
1433,China,156,OceaniaexcludingAustraliaandNewZealand,1835,0,0,0,0,0,0,0,0,0,0,0,0,0,0,0,0,0,0,0,0,0
1434,DemPeoplesRepublicofKorea,408,OceaniaexcludingAustraliaandNewZealand,1835,0,0,0,0,0,0,0,0,0,0,0,0,0,0,0,0,0,0,0,0,0
1435,Japan,392,OceaniaexcludingAustraliaandNewZealand,1835,0,0,0,0,0,0,0,0,0,0,0,0,0,0,0,0,0,0,0,0,0
1436,Mongolia,496,OceaniaexcludingAustraliaandNewZealand,1835,0,0,0,0,0,0,0,0,0,0,0,0,0,0,0,0,0,0,0,0,0
1437,RepublicofKorea,410,OceaniaexcludingAustraliaandNewZealand,1835,0,0,0,0,0,0,0,0,0,0,0,0,0,0,0,0,0,0,0,0,0
1438,SouthEasternAsia,920,OceaniaexcludingAustraliaandNewZealand,1835,70,94,2615,2114,1085,1102,1168,50,67,1186,977,485,493,526,20,27,1429,1137,600,609,642
1439,BruneiDarussalam,96,OceaniaexcludingAustraliaandNewZealand,1835,0,0,0,0,0,0,0,0,0,0,0,0,0,0,0,0,0,0,0,0,0
1440,Cambodia,116,OceaniaexcludingAustraliaandNewZealand,1835,0,0,0,0,0,0,0,0,0,0,0,0,0,0,0,0,0,0,0,0,0
1441,Indonesia,360,OceaniaexcludingAustraliaandNewZealand,1835,0,0,0,0,0,0,0,0,0,0,0,0,0,0,0,0,0,0,0,0,0
1442,LaoPeoplesDemocraticRepublic,418,OceaniaexcludingAustraliaandNewZealand,1835,0,0,0,0,0,0,0,0,0,0,0,0,0,0,0,0,0,0,0,0,0
1443,Malaysia,458,OceaniaexcludingAustraliaandNewZealand,1835,0,0,0,0,0,0,0,0,0,0,0,0,0,0,0,0,0,0,0,0,0
1444,Myanmar,104,OceaniaexcludingAustraliaandNewZealand,1835,0,0,0,0,0,0,0,0,0,0,0,0,0,0,0,0,0,0,0,0,0
1445,Philippines,608,OceaniaexcludingAustraliaandNewZealand,1835,70,94,2615,2114,1085,1102,1168,50,67,1186,977,485,493,526,20,27,1429,1137,600,609,642
1446,Singapore,702,OceaniaexcludingAustraliaandNewZealand,1835,0,0,0,0,0,0,0,0,0,0,0,0,0,0,0,0,0,0,0,0,0
1447,Thailand,764,OceaniaexcludingAustraliaandNewZealand,1835,0,0,0,0,0,0,0,0,0,0,0,0,0,0,0,0,0,0,0,0,0
1448,TimorLeste,626,OceaniaexcludingAustraliaandNewZealand,1835,0,0,0,0,0,0,0,0,0,0,0,0,0,0,0,0,0,0,0,0,0
1449,VietNam,704,OceaniaexcludingAustraliaandNewZealand,1835,0,0,0,0,0,0,0,0,0,0,0,0,0,0,0,0,0,0,0,0,0
1450,SouthernAsia,5501,OceaniaexcludingAustraliaandNewZealand,1835,2385,1298,210,598,895,833,779,985,538,91,298,362,327,298,1400,760,119,300,533,506,481
1451,Afghanistan,4,OceaniaexcludingAustraliaandNewZealand,1835,0,0,0,0,0,0,0,0,0,0,0,0,0,0,0,0,0,0,0,0,0
1452,Bangladesh,50,OceaniaexcludingAustraliaandNewZealand,1835,0,0,0,0,0,0,0,0,0,0,0,0,0,0,0,0,0,0,0,0,0
1453,Bhutan,64,OceaniaexcludingAustraliaandNewZealand,1835,0,0,0,0,0,0,0,0,0,0,0,0,0,0,0,0,0,0,0,0,0
1454,India,356,OceaniaexcludingAustraliaandNewZealand,1835,2385,1298,210,598,895,833,779,985,538,91,298,362,327,298,1400,760,119,300,533,506,481
1455,IranIslamicRepublicof,364,OceaniaexcludingAustraliaandNewZealand,1835,0,0,0,0,0,0,0,0,0,0,0,0,0,0,0,0,0,0,0,0,0
1456,Maldives,462,OceaniaexcludingAustraliaandNewZealand,1835,0,0,0,0,0,0,0,0,0,0,0,0,0,0,0,0,0,0,0,0,0
1457,Nepal,524,OceaniaexcludingAustraliaandNewZealand,1835,0,0,0,0,0,0,0,0,0,0,0,0,0,0,0,0,0,0,0,0,0
1458,Pakistan,586,OceaniaexcludingAustraliaandNewZealand,1835,0,0,0,0,0,0,0,0,0,0,0,0,0,0,0,0,0,0,0,0,0
1459,SriLanka,144,OceaniaexcludingAustraliaandNewZealand,1835,0,0,0,0,0,0,0,0,0,0,0,0,0,0,0,0,0,0,0,0,0
1460,WesternAsia,922,OceaniaexcludingAustraliaandNewZealand,1835,1,2,2,3,3,2,1,0,0,0,0,0,0,0,1,2,2,3,3,2,1
1461,Armenia,51,OceaniaexcludingAustraliaandNewZealand,1835,0,0,0,0,0,0,0,0,0,0,0,0,0,0,0,0,0,0,0,0,0
1462,Azerbaijan,31,OceaniaexcludingAustraliaandNewZealand,1835,0,0,0,0,0,0,0,0,0,0,0,0,0,0,0,0,0,0,0,0,0
1463,Bahrain,48,OceaniaexcludingAustraliaandNewZealand,1835,0,0,0,0,0,0,0,0,0,0,0,0,0,0,0,0,0,0,0,0,0
1464,Cyprus,196,OceaniaexcludingAustraliaandNewZealand,1835,1,2,2,3,3,2,1,0,0,0,0,0,0,0,1,2,2,3,3,2,1
1465,Georgia,268,OceaniaexcludingAustraliaandNewZealand,1835,0,0,0,0,0,0,0,0,0,0,0,0,0,0,0,0,0,0,0,0,0
1466,Iraq,368,OceaniaexcludingAustraliaandNewZealand,1835,0,0,0,0,0,0,0,0,0,0,0,0,0,0,0,0,0,0,0,0,0
1467,Israel,376,OceaniaexcludingAustraliaandNewZealand,1835,0,0,0,0,0,0,0,0,0,0,0,0,0,0,0,0,0,0,0,0,0
1468,Jordan,400,OceaniaexcludingAustraliaandNewZealand,1835,0,0,0,0,0,0,0,0,0,0,0,0,0,0,0,0,0,0,0,0,0
1469,Kuwait,414,OceaniaexcludingAustraliaandNewZealand,1835,0,0,0,0,0,0,0,0,0,0,0,0,0,0,0,0,0,0,0,0,0
1470,Lebanon,422,OceaniaexcludingAustraliaandNewZealand,1835,0,0,0,0,0,0,0,0,0,0,0,0,0,0,0,0,0,0,0,0,0
1471,Oman,512,OceaniaexcludingAustraliaandNewZealand,1835,0,0,0,0,0,0,0,0,0,0,0,0,0,0,0,0,0,0,0,0,0
1472,Qatar,634,OceaniaexcludingAustraliaandNewZealand,1835,0,0,0,0,0,0,0,0,0,0,0,0,0,0,0,0,0,0,0,0,0
1473,SaudiArabia,682,OceaniaexcludingAustraliaandNewZealand,1835,0,0,0,0,0,0,0,0,0,0,0,0,0,0,0,0,0,0,0,0,0
1474,StateofPalestine,275,OceaniaexcludingAustraliaandNewZealand,1835,0,0,0,0,0,0,0,0,0,0,0,0,0,0,0,0,0,0,0,0,0
1475,SyrianArabRepublic,760,OceaniaexcludingAustraliaandNewZealand,1835,0,0,0,0,0,0,0,0,0,0,0,0,0,0,0,0,0,0,0,0,0
1476,Turkey,792,OceaniaexcludingAustraliaandNewZealand,1835,0,0,0,0,0,0,0,0,0,0,0,0,0,0,0,0,0,0,0,0,0
1477,UnitedArabEmirates,784,OceaniaexcludingAustraliaandNewZealand,1835,0,0,0,0,0,0,0,0,0,0,0,0,0,0,0,0,0,0,0,0,0
1478,Yemen,887,OceaniaexcludingAustraliaandNewZealand,1835,0,0,0,0,0,0,0,0,0,0,0,0,0,0,0,0,0,0,0,0,0
1479,EasternEurope,923,OceaniaexcludingAustraliaandNewZealand,1835,1257,1340,1371,1055,709,766,773,621,655,666,493,306,334,342,636,685,705,562,403,432,431
1480,Belarus,112,OceaniaexcludingAustraliaandNewZealand,1835,0,0,0,0,0,0,0,0,0,0,0,0,0,0,0,0,0,0,0,0,0
1481,Bulgaria,100,OceaniaexcludingAustraliaandNewZealand,1835,7,15,19,32,37,34,25,5,10,13,19,22,20,14,2,5,6,13,15,14,11
1482,Czechia,203,OceaniaexcludingAustraliaandNewZealand,1835,8,13,16,14,8,18,23,6,6,8,5,3,11,16,2,7,8,9,5,7,7
1483,Hungary,348,OceaniaexcludingAustraliaandNewZealand,1835,0,1,1,1,1,18,13,0,0,0,0,0,6,5,0,1,1,1,1,12,8
1484,Poland,616,OceaniaexcludingAustraliaandNewZealand,1835,0,0,0,0,0,0,0,0,0,0,0,0,0,0,0,0,0,0,0,0,0
1485,RepublicofMoldova,498,OceaniaexcludingAustraliaandNewZealand,1835,0,0,0,0,0,0,0,0,0,0,0,0,0,0,0,0,0,0,0,0,0
1486,Romania,642,OceaniaexcludingAustraliaandNewZealand,1835,0,0,0,0,0,3,33,0,0,0,0,0,2,19,0,0,0,0,0,1,14
1487,RussianFederation,643,OceaniaexcludingAustraliaandNewZealand,1835,1242,1311,1335,1008,663,675,669,610,639,645,469,281,285,285,632,672,690,539,382,390,384
1488,Slovakia,703,OceaniaexcludingAustraliaandNewZealand,1835,0,0,0,0,0,18,10,0,0,0,0,0,10,3,0,0,0,0,0,8,7
1489,Ukraine,804,OceaniaexcludingAustraliaandNewZealand,1835,0,0,0,0,0,0,0,0,0,0,0,0,0,0,0,0,0,0,0,0,0
1490,NorthernEurope,924,OceaniaexcludingAustraliaandNewZealand,1835,948,3371,5867,7026,7465,8905,9968,561,1718,2900,3526,3818,4458,4936,387,1653,2967,3500,3647,4447,5032
1491,ChannelIslands,830,OceaniaexcludingAustraliaandNewZealand,1835,0,0,0,0,0,0,0,0,0,0,0,0,0,0,0,0,0,0,0,0,0
1492,Denmark,208,OceaniaexcludingAustraliaandNewZealand,1835,43,51,54,65,68,80,93,18,22,21,24,27,37,43,25,29,33,41,41,43,50
1493,Estonia,233,OceaniaexcludingAustraliaandNewZealand,1835,0,0,0,0,3,5,1,0,0,0,0,3,5,1,0,0,0,0,0,0,0
1494,FaroeIslands,234,OceaniaexcludingAustraliaandNewZealand,1835,0,0,0,0,0,0,0,0,0,0,0,0,0,0,0,0,0,0,0,0,0
1495,Finland,246,OceaniaexcludingAustraliaandNewZealand,1835,7,10,10,20,26,33,24,2,5,7,11,15,20,12,5,5,3,9,11,13,12
1496,Iceland,352,OceaniaexcludingAustraliaandNewZealand,1835,0,2,2,4,4,4,2,0,1,1,1,1,1,1,0,1,1,3,3,3,1
1497,Ireland,372,OceaniaexcludingAustraliaandNewZealand,1835,10,30,64,64,52,52,47,4,15,30,29,19,19,16,6,15,34,35,33,33,31
1498,IsleofMan,833,OceaniaexcludingAustraliaandNewZealand,1835,0,0,0,0,0,0,0,0,0,0,0,0,0,0,0,0,0,0,0,0,0
1499,Latvia,428,OceaniaexcludingAustraliaandNewZealand,1835,1,1,1,0,0,0,0,0,0,0,0,0,0,0,1,1,1,0,0,0,0
1500,Lithuania,440,OceaniaexcludingAustraliaandNewZealand,1835,0,0,0,0,0,1,0,0,0,0,0,0,0,0,0,0,0,0,0,1,0
1501,Norway,578,OceaniaexcludingAustraliaandNewZealand,1835,12,17,24,27,81,97,83,8,10,13,14,37,51,39,4,7,11,13,44,46,44
1502,Sweden,752,OceaniaexcludingAustraliaandNewZealand,1835,74,87,105,126,145,162,173,28,30,37,46,56,70,70,46,57,68,80,89,92,103
1503,UnitedKingdom,826,OceaniaexcludingAustraliaandNewZealand,1835,801,3173,5607,6720,7086,8471,9545,501,1635,2791,3401,3660,4255,4754,300,1538,2816,3319,3426,4216,4791
1504,SouthernEurope,925,OceaniaexcludingAustraliaandNewZealand,1835,1063,732,974,964,1217,1717,1215,830,494,474,492,672,798,659,233,238,500,472,545,919,556
1505,Albania,8,OceaniaexcludingAustraliaandNewZealand,1835,0,0,0,0,0,0,0,0,0,0,0,0,0,0,0,0,0,0,0,0,0
1506,Andorra,20,OceaniaexcludingAustraliaandNewZealand,1835,0,0,0,0,0,0,0,0,0,0,0,0,0,0,0,0,0,0,0,0,0
1507,BosniaandHerzegovina,70,OceaniaexcludingAustraliaandNewZealand,1835,0,0,0,0,0,0,0,0,0,0,0,0,0,0,0,0,0,0,0,0,0
1508,Croatia,191,OceaniaexcludingAustraliaandNewZealand,1835,0,0,0,0,0,0,0,0,0,0,0,0,0,0,0,0,0,0,0,0,0
1509,Gibraltar,292,OceaniaexcludingAustraliaandNewZealand,1835,0,0,0,0,0,0,0,0,0,0,0,0,0,0,0,0,0,0,0,0,0
1510,Greece,300,OceaniaexcludingAustraliaandNewZealand,1835,983,584,199,478,777,725,730,798,439,85,269,471,430,455,185,145,114,209,306,295,275
1511,HolySee,336,OceaniaexcludingAustraliaandNewZealand,1835,0,0,0,0,0,0,0,0,0,0,0,0,0,0,0,0,0,0,0,0,0
1512,Italy,380,OceaniaexcludingAustraliaandNewZealand,1835,49,97,142,180,220,772,200,17,29,41,57,80,263,69,32,68,101,123,140,509,131
1513,Malta,470,OceaniaexcludingAustraliaandNewZealand,1835,0,0,0,0,0,0,0,0,0,0,0,0,0,0,0,0,0,0,0,0,0
1514,Montenegro,499,OceaniaexcludingAustraliaandNewZealand,1835,0,0,0,0,0,0,0,0,0,0,0,0,0,0,0,0,0,0,0,0,0
1515,NorthMacedonia,807,OceaniaexcludingAustraliaandNewZealand,1835,0,0,0,0,0,0,0,0,0,0,0,0,0,0,0,0,0,0,0,0,0
1516,Portugal,620,OceaniaexcludingAustraliaandNewZealand,1835,0,0,0,0,0,0,0,0,0,0,0,0,0,0,0,0,0,0,0,0,0
1517,SanMarino,674,OceaniaexcludingAustraliaandNewZealand,1835,0,0,0,0,0,0,0,0,0,0,0,0,0,0,0,0,0,0,0,0,0
1518,Serbia,688,OceaniaexcludingAustraliaandNewZealand,1835,0,0,0,0,0,0,0,0,0,0,0,0,0,0,0,0,0,0,0,0,0
1519,Slovenia,705,OceaniaexcludingAustraliaandNewZealand,1835,0,0,0,0,4,5,2,0,0,0,0,2,1,1,0,0,0,0,2,4,1
1520,Spain,724,OceaniaexcludingAustraliaandNewZealand,1835,31,51,633,306,216,215,283,15,26,348,166,119,104,134,16,25,285,140,97,111,149
1521,WesternEurope,926,OceaniaexcludingAustraliaandNewZealand,1835,1022,1021,1024,1550,1921,2256,2357,506,495,488,730,744,881,912,516,526,536,820,1177,1375,1445
1522,Austria,40,OceaniaexcludingAustraliaandNewZealand,1835,73,82,89,90,98,137,139,31,33,38,40,36,62,63,42,49,51,50,62,75,76
1523,Belgium,56,OceaniaexcludingAustraliaandNewZealand,1835,114,114,114,117,244,284,281,69,69,69,69,95,112,106,45,45,45,48,149,172,175
1524,France,250,OceaniaexcludingAustraliaandNewZealand,1835,531,550,566,871,992,1095,1189,226,228,231,384,325,339,372,305,322,335,487,667,756,817
1525,Germany,276,OceaniaexcludingAustraliaandNewZealand,1835,0,0,0,0,0,0,0,0,0,0,0,0,0,0,0,0,0,0,0,0,0
1526,Liechtenstein,438,OceaniaexcludingAustraliaandNewZealand,1835,0,0,0,0,0,0,0,0,0,0,0,0,0,0,0,0,0,0,0,0,0
1527,Luxembourg,442,OceaniaexcludingAustraliaandNewZealand,1835,0,0,0,0,0,0,12,0,0,0,0,0,0,5,0,0,0,0,0,0,7
1528,Monaco,492,OceaniaexcludingAustraliaandNewZealand,1835,0,0,0,0,0,0,0,0,0,0,0,0,0,0,0,0,0,0,0,0,0
1529,Netherlands,528,OceaniaexcludingAustraliaandNewZealand,1835,13,17,26,220,283,288,312,11,14,17,94,127,139,148,2,3,9,126,156,149,164
1530,Switzerland,756,OceaniaexcludingAustraliaandNewZealand,1835,291,258,229,252,304,452,424,169,151,133,143,161,229,218,122,107,96,109,143,223,206
1531,Caribbean,915,OceaniaexcludingAustraliaandNewZealand,1835,21,24,26,23,21,19,19,9,10,10,9,7,7,7,12,14,16,14,14,12,12
1532,Anguilla,660,OceaniaexcludingAustraliaandNewZealand,1835,0,0,0,0,0,0,0,0,0,0,0,0,0,0,0,0,0,0,0,0,0
1533,AntiguaandBarbuda,28,OceaniaexcludingAustraliaandNewZealand,1835,0,0,0,0,0,0,0,0,0,0,0,0,0,0,0,0,0,0,0,0,0
1534,Aruba,533,OceaniaexcludingAustraliaandNewZealand,1835,0,0,0,0,0,0,0,0,0,0,0,0,0,0,0,0,0,0,0,0,0
1535,Bahamas,44,OceaniaexcludingAustraliaandNewZealand,1835,0,0,0,0,0,0,0,0,0,0,0,0,0,0,0,0,0,0,0,0,0
1536,Barbados,52,OceaniaexcludingAustraliaandNewZealand,1835,0,0,0,0,0,0,0,0,0,0,0,0,0,0,0,0,0,0,0,0,0
1537,BritishVirginIslands,92,OceaniaexcludingAustraliaandNewZealand,1835,0,0,0,0,0,0,0,0,0,0,0,0,0,0,0,0,0,0,0,0,0
1538,CaymanIslands,136,OceaniaexcludingAustraliaandNewZealand,1835,0,0,0,0,0,0,0,0,0,0,0,0,0,0,0,0,0,0,0,0,0
1539,Cuba,192,OceaniaexcludingAustraliaandNewZealand,1835,0,0,0,0,0,0,0,0,0,0,0,0,0,0,0,0,0,0,0,0,0
1540,CuraÃao,531,OceaniaexcludingAustraliaandNewZealand,1835,0,0,0,0,0,0,0,0,0,0,0,0,0,0,0,0,0,0,0,0,0
1541,Dominica,212,OceaniaexcludingAustraliaandNewZealand,1835,0,0,0,0,0,0,0,0,0,0,0,0,0,0,0,0,0,0,0,0,0
1542,DominicanRepublic,214,OceaniaexcludingAustraliaandNewZealand,1835,21,24,26,23,21,19,19,9,10,10,9,7,7,7,12,14,16,14,14,12,12
1543,Grenada,308,OceaniaexcludingAustraliaandNewZealand,1835,0,0,0,0,0,0,0,0,0,0,0,0,0,0,0,0,0,0,0,0,0
1544,Guadeloupe,312,OceaniaexcludingAustraliaandNewZealand,1835,0,0,0,0,0,0,0,0,0,0,0,0,0,0,0,0,0,0,0,0,0
1545,Haiti,332,OceaniaexcludingAustraliaandNewZealand,1835,0,0,0,0,0,0,0,0,0,0,0,0,0,0,0,0,0,0,0,0,0
1546,Jamaica,388,OceaniaexcludingAustraliaandNewZealand,1835,0,0,0,0,0,0,0,0,0,0,0,0,0,0,0,0,0,0,0,0,0
1547,Martinique,474,OceaniaexcludingAustraliaandNewZealand,1835,0,0,0,0,0,0,0,0,0,0,0,0,0,0,0,0,0,0,0,0,0
1548,Montserrat,500,OceaniaexcludingAustraliaandNewZealand,1835,0,0,0,0,0,0,0,0,0,0,0,0,0,0,0,0,0,0,0,0,0
1549,PuertoRico,630,OceaniaexcludingAustraliaandNewZealand,1835,0,0,0,0,0,0,0,0,0,0,0,0,0,0,0,0,0,0,0,0,0
1550,SaintBarthelemy,652,OceaniaexcludingAustraliaandNewZealand,1835,0,0,0,0,0,0,0,0,0,0,0,0,0,0,0,0,0,0,0,0,0
1551,SaintKittsandNevis,659,OceaniaexcludingAustraliaandNewZealand,1835,0,0,0,0,0,0,0,0,0,0,0,0,0,0,0,0,0,0,0,0,0
1552,SaintLucia,662,OceaniaexcludingAustraliaandNewZealand,1835,0,0,0,0,0,0,0,0,0,0,0,0,0,0,0,0,0,0,0,0,0
1553,SaintMartinFrenchpart,663,OceaniaexcludingAustraliaandNewZealand,1835,0,0,0,0,0,0,0,0,0,0,0,0,0,0,0,0,0,0,0,0,0
1554,SaintVincentandtheGrenadines,670,OceaniaexcludingAustraliaandNewZealand,1835,0,0,0,0,0,0,0,0,0,0,0,0,0,0,0,0,0,0,0,0,0
1555,SintMaartenDutchpart,534,OceaniaexcludingAustraliaandNewZealand,1835,0,0,0,0,0,0,0,0,0,0,0,0,0,0,0,0,0,0,0,0,0
1556,TrinidadandTobago,780,OceaniaexcludingAustraliaandNewZealand,1835,0,0,0,0,0,0,0,0,0,0,0,0,0,0,0,0,0,0,0,0,0
1557,TurksandCaicosIslands,796,OceaniaexcludingAustraliaandNewZealand,1835,0,0,0,0,0,0,0,0,0,0,0,0,0,0,0,0,0,0,0,0,0
1558,UnitedStatesVirginIslands,850,OceaniaexcludingAustraliaandNewZealand,1835,0,0,0,0,0,0,0,0,0,0,0,0,0,0,0,0,0,0,0,0,0
1559,CentralAmerica,916,OceaniaexcludingAustraliaandNewZealand,1835,6,5,5,6,8,6,7,3,2,2,2,2,2,3,3,3,3,4,6,4,4
1560,Belize,84,OceaniaexcludingAustraliaandNewZealand,1835,0,0,0,0,0,0,0,0,0,0,0,0,0,0,0,0,0,0,0,0,0
1561,CostaRica,188,OceaniaexcludingAustraliaandNewZealand,1835,6,5,5,6,8,6,7,3,2,2,2,2,2,3,3,3,3,4,6,4,4
1562,ElSalvador,222,OceaniaexcludingAustraliaandNewZealand,1835,0,0,0,0,0,0,0,0,0,0,0,0,0,0,0,0,0,0,0,0,0
1563,Guatemala,320,OceaniaexcludingAustraliaandNewZealand,1835,0,0,0,0,0,0,0,0,0,0,0,0,0,0,0,0,0,0,0,0,0
1564,Honduras,340,OceaniaexcludingAustraliaandNewZealand,1835,0,0,0,0,0,0,0,0,0,0,0,0,0,0,0,0,0,0,0,0,0
1565,Mexico,484,OceaniaexcludingAustraliaandNewZealand,1835,0,0,0,0,0,0,0,0,0,0,0,0,0,0,0,0,0,0,0,0,0
1566,Nicaragua,558,OceaniaexcludingAustraliaandNewZealand,1835,0,0,0,0,0,0,0,0,0,0,0,0,0,0,0,0,0,0,0,0,0
1567,Panama,591,OceaniaexcludingAustraliaandNewZealand,1835,0,0,0,0,0,0,0,0,0,0,0,0,0,0,0,0,0,0,0,0,0
1568,SouthAmerica,931,OceaniaexcludingAustraliaandNewZealand,1835,38,82,122,119,127,147,153,24,45,64,65,77,89,96,14,37,58,54,50,58,57
1569,Argentina,32,OceaniaexcludingAustraliaandNewZealand,1835,36,36,36,31,17,17,17,22,22,22,17,10,10,10,14,14,14,14,7,7,7
1570,BoliviaPlurinationalStateof,68,OceaniaexcludingAustraliaandNewZealand,1835,2,46,86,46,3,6,3,2,23,42,21,1,2,1,0,23,44,25,2,4,2
1571,Brazil,76,OceaniaexcludingAustraliaandNewZealand,1835,0,0,0,42,107,124,133,0,0,0,27,66,77,85,0,0,0,15,41,47,48
1572,Chile,152,OceaniaexcludingAustraliaandNewZealand,1835,0,0,0,0,0,0,0,0,0,0,0,0,0,0,0,0,0,0,0,0,0
1573,Colombia,170,OceaniaexcludingAustraliaandNewZealand,1835,0,0,0,0,0,0,0,0,0,0,0,0,0,0,0,0,0,0,0,0,0
1574,Ecuador,218,OceaniaexcludingAustraliaandNewZealand,1835,0,0,0,0,0,0,0,0,0,0,0,0,0,0,0,0,0,0,0,0,0
1575,FalklandIslandsMalvinas,238,OceaniaexcludingAustraliaandNewZealand,1835,0,0,0,0,0,0,0,0,0,0,0,0,0,0,0,0,0,0,0,0,0
1576,FrenchGuiana,254,OceaniaexcludingAustraliaandNewZealand,1835,0,0,0,0,0,0,0,0,0,0,0,0,0,0,0,0,0,0,0,0,0
1577,Guyana,328,OceaniaexcludingAustraliaandNewZealand,1835,0,0,0,0,0,0,0,0,0,0,0,0,0,0,0,0,0,0,0,0,0
1578,Paraguay,600,OceaniaexcludingAustraliaandNewZealand,1835,0,0,0,0,0,0,0,0,0,0,0,0,0,0,0,0,0,0,0,0,0
1579,Peru,604,OceaniaexcludingAustraliaandNewZealand,1835,0,0,0,0,0,0,0,0,0,0,0,0,0,0,0,0,0,0,0,0,0
1580,Suriname,740,OceaniaexcludingAustraliaandNewZealand,1835,0,0,0,0,0,0,0,0,0,0,0,0,0,0,0,0,0,0,0,0,0
1581,Uruguay,858,OceaniaexcludingAustraliaandNewZealand,1835,0,0,0,0,0,0,0,0,0,0,0,0,0,0,0,0,0,0,0,0,0
1582,VenezuelaBolivarianRepublicof,862,OceaniaexcludingAustraliaandNewZealand,1835,0,0,0,0,0,0,0,0,0,0,0,0,0,0,0,0,0,0,0,0,0
1583,Bermuda,60,OceaniaexcludingAustraliaandNewZealand,1835,0,0,0,0,0,0,0,0,0,0,0,0,0,0,0,0,0,0,0,0,0
1584,Canada,124,OceaniaexcludingAustraliaandNewZealand,1835,15728,19273,23276,23530,25100,25440,27555,7658,9330,11228,11203,11838,11711,12688,8070,9943,12048,12327,13262,13729,14867
1585,Greenland,304,OceaniaexcludingAustraliaandNewZealand,1835,0,0,0,0,0,0,0,0,0,0,0,0,0,0,0,0,0,0,0,0,0
1586,SaintPierreandMiquelon,666,OceaniaexcludingAustraliaandNewZealand,1835,0,0,0,0,0,0,0,0,0,0,0,0,0,0,0,0,0,0,0,0,0
1587,UnitedStatesofAmerica,840,OceaniaexcludingAustraliaandNewZealand,1835,41838,60718,79981,81791,86166,100433,129439,20060,29455,39092,40160,41657,48310,61665,21778,31263,40889,41631,44509,52123,67774
1588,Australia,36,OceaniaexcludingAustraliaandNewZealand,1835,56378,66541,78510,92498,109260,129550,145935,27142,31574,37488,44273,52462,63434,71074,29236,34967,41022,48225,56798,66116,74861
1589,NewZealand,554,OceaniaexcludingAustraliaandNewZealand,1835,96393,96561,112649,127525,142080,154366,174061,46767,46178,54757,61901,68846,74651,84180,49626,50383,57892,65624,73234,79715,89881
1590,Melanesia,928,OceaniaexcludingAustraliaandNewZealand,1835,18452,20171,21652,19844,18284,21220,22223,9644,10492,11185,10318,9590,10753,11235,8808,9679,10467,9526,8694,10467,10988
1591,Fiji,242,OceaniaexcludingAustraliaandNewZealand,1835,3426,3375,3365,3377,3626,3734,3813,1827,1784,1777,1783,1939,2017,2067,1599,1591,1588,1594,1687,1717,1746
1592,NewCaledonia,540,OceaniaexcludingAustraliaandNewZealand,1835,11437,13259,15074,13774,12466,15320,16263,6032,6901,7760,7097,6428,7519,7952,5405,6358,7314,6677,6038,7801,8311
1593,PapuaNewGuinea,598,OceaniaexcludingAustraliaandNewZealand,1835,644,657,490,504,426,431,427,349,362,290,313,270,279,283,295,295,200,191,156,152,144
1594,SolomonIslands,90,OceaniaexcludingAustraliaandNewZealand,1835,2459,2433,2320,1658,1103,1031,1003,1218,1207,1153,860,620,583,570,1241,1226,1167,798,483,448,433
1595,Vanuatu,548,OceaniaexcludingAustraliaandNewZealand,1835,486,447,403,531,663,704,717,218,238,205,265,333,355,363,268,209,198,266,330,349,354
1596,Micronesia,954,OceaniaexcludingAustraliaandNewZealand,1835,15130,17587,20144,22200,21749,21704,22808,7513,8890,10112,11140,10967,11008,11557,7617,8697,10032,11060,10782,10696,11251
1597,Guam,316,OceaniaexcludingAustraliaandNewZealand,1835,6301,8513,10722,12567,14411,14538,15370,3127,4227,5326,6381,7439,7500,7933,3174,4286,5396,6186,6972,7038,7437
1598,Kiribati,296,OceaniaexcludingAustraliaandNewZealand,1835,1519,1575,1632,1927,2223,2260,2428,723,770,817,983,1148,1168,1251,796,805,815,944,1075,1092,1177
1599,MarshallIslands,584,OceaniaexcludingAustraliaandNewZealand,1835,229,291,364,466,598,635,638,155,197,234,286,358,381,383,74,94,130,180,240,254,255
1600,MicronesiaFedStatesof,583,OceaniaexcludingAustraliaandNewZealand,1835,699,637,595,565,553,547,549,399,402,330,305,297,294,300,300,235,265,260,256,253,249
1601,Nauru,520,OceaniaexcludingAustraliaandNewZealand,1835,1760,1627,1495,1408,252,397,456,899,832,764,722,138,224,270,861,795,731,686,114,173,186
1602,NorthernMarianaIslands,580,OceaniaexcludingAustraliaandNewZealand,1835,4211,4245,4540,4248,2737,2451,2468,1981,2120,2257,1968,1138,1012,1022,2230,2125,2283,2280,1599,1439,1446
1603,Palau,585,OceaniaexcludingAustraliaandNewZealand,1835,411,699,796,1019,975,876,899,229,342,384,495,449,429,398,182,357,412,524,526,447,501
1604,Polynesia,957,OceaniaexcludingAustraliaandNewZealand,1835,21609,24132,26672,26198,25078,24776,24752,11170,12360,13530,13251,12666,12475,12477,10439,11772,13142,12947,12412,12301,12275
1605,AmericanSamoa,16,OceaniaexcludingAustraliaandNewZealand,1835,16058,17510,18963,18222,17487,17453,17523,8372,9044,9715,9288,8863,8787,8822,7686,8466,9248,8934,8624,8666,8701
1606,CookIslands,184,OceaniaexcludingAustraliaandNewZealand,1835,165,173,178,235,292,639,699,88,93,96,101,107,307,335,77,80,82,134,185,332,364
1607,FrenchPolynesia,258,OceaniaexcludingAustraliaandNewZealand,1835,1989,2182,2336,2531,2524,2510,2511,959,1024,1070,1217,1295,1288,1289,1030,1158,1266,1314,1229,1222,1222
1608,Niue,570,OceaniaexcludingAustraliaandNewZealand,1835,149,195,236,247,173,169,165,87,110,130,136,96,96,96,62,85,106,111,77,73,69
1609,Samoa,882,OceaniaexcludingAustraliaandNewZealand,1835,1356,2007,2655,2494,2182,1815,1703,707,1043,1364,1269,1097,906,862,649,964,1291,1225,1085,909,841
1610,Tokelau,772,OceaniaexcludingAustraliaandNewZealand,1835,135,134,123,122,204,232,242,85,82,68,64,99,113,118,50,52,55,58,105,119,124
1611,Tonga,776,OceaniaexcludingAustraliaandNewZealand,1835,539,609,681,795,850,729,687,253,296,340,401,432,373,352,286,313,341,394,418,356,335
1612,Tuvalu,798,OceaniaexcludingAustraliaandNewZealand,1835,205,159,125,116,116,121,124,97,76,55,50,49,51,50,108,83,70,66,67,70,74
1613,WallisandFutunaIslands,876,OceaniaexcludingAustraliaandNewZealand,1835,1013,1163,1375,1436,1250,1108,1098,522,592,692,725,628,554,553,491,571,683,711,622,554,545
1614,SubSaharanAfrica,947,AustraliaandNewZealand,927,6774,5443,5418,6825,10093,9434,11054,2807,2429,2541,3086,4513,4599,5636,3967,3014,2877,3739,5580,4835,5418
1615,NorthernAfricaandWesternAsia,1833,AustraliaandNewZealand,927,8200,8323,8377,9479,11383,10752,12329,4059,4032,3999,4599,5535,5159,5666,4141,4291,4378,4880,5848,5593,6663
1616,CentralandSouthernAsia,921,AustraliaandNewZealand,927,3400,2291,1196,3373,5216,4934,4677,1491,1059,623,1929,2652,2482,2334,1909,1232,573,1444,2564,2452,2343
1617,EasternandSouthEasternAsia,1832,AustraliaandNewZealand,927,31642,36922,46608,55832,70857,75917,84132,17401,20051,24764,30584,39610,41947,47438,14241,16871,21844,25248,31247,33970,36694
1618,LatinAmericaandtheCaribbean,1830,AustraliaandNewZealand,927,2487,2801,3247,3437,4093,4551,5451,1254,1421,1657,1885,2413,2715,3309,1233,1380,1590,1552,1680,1836,2142
1619,OceaniaexcludingAustraliaandNewZealand,1835,AustraliaandNewZealand,927,25034,25995,22277,22675,21187,21043,21372,14104,14980,13087,13462,12581,12562,12745,10930,11015,9190,9213,8606,8481,8627
1620,AustraliaandNewZealand,927,AustraliaandNewZealand,927,346087,364148,419804,483479,580866,640591,696555,176303,184244,213068,245924,297123,327826,354848,169784,179904,206736,237555,283743,312765,341707
1621,EuropeandNorthernAmerica,1829,AustraliaandNewZealand,927,265406,312311,364733,399180,445570,488980,569354,117932,138493,161388,180457,209512,225406,261866,147474,173818,203345,218723,236058,263574,307488
1622,Developedregions,901,AustraliaandNewZealand,927,616744,684672,796990,894926,1039442,1142566,1281033,296911,326679,380209,431968,512484,559029,623462,319833,357993,416781,462958,526958,583537,657571
1623,Lessdevelopedregions,902,AustraliaandNewZealand,927,72286,73562,74670,89354,109823,113636,123891,38440,40030,40918,49958,61455,63667,70380,33846,33532,33752,39396,48368,49969,53511
1624,Leastdevelopedcountries,941,AustraliaandNewZealand,927,1952,2103,2242,2432,2709,2717,2830,1080,1116,1164,1270,1444,1550,1626,872,987,1078,1162,1265,1167,1204
1625,LandlockedDevelopingCountriesLLDC,1636,AustraliaandNewZealand,927,540,547,593,908,1389,1581,1748,268,277,304,480,770,876,980,272,270,289,428,619,705,768
1626,SmallislanddevelopingStatesSIDS,1637,AustraliaandNewZealand,927,29884,31890,29713,32830,34487,36097,36717,16756,18171,17054,18821,19569,20563,20911,13128,13719,12659,14009,14918,15534,15806
1627,Highincomecountries,1503,AustraliaandNewZealand,927,631953,702923,819331,922970,1075314,1179649,1322379,305440,336769,392460,447751,533204,579664,647472,326513,366154,426871,475219,542110,599985,674907
1628,Middleincomecountries,1517,AustraliaandNewZealand,927,54138,52325,49281,58091,70371,72912,78626,28335,28327,27015,32504,38950,41238,44446,25803,23998,22266,25587,31421,31674,34180
1629,Uppermiddleincomecountries,1502,AustraliaandNewZealand,927,30683,29133,30231,36822,46462,49134,54425,15245,14821,15476,19375,24620,26831,29774,15438,14312,14755,17447,21842,22303,24651
1630,Lowermiddleincomecountries,1501,AustraliaandNewZealand,927,23455,23192,19050,21269,23909,23778,24201,13090,13506,11539,13129,14330,14407,14672,10365,9686,7511,8140,9579,9371,9529
1631,Lowincomecountries,1500,AustraliaandNewZealand,927,271,260,260,280,307,333,329,136,133,132,142,157,175,176,135,127,128,138,150,158,153
1632,EasternAfrica,910,AustraliaandNewZealand,927,148,140,134,196,310,283,373,69,70,72,99,159,146,197,79,70,62,97,151,137,176
1633,Burundi,108,AustraliaandNewZealand,927,0,0,0,0,0,0,0,0,0,0,0,0,0,0,0,0,0,0,0,0,0
1634,Comoros,174,AustraliaandNewZealand,927,0,0,0,0,0,0,0,0,0,0,0,0,0,0,0,0,0,0,0,0,0
1635,Djibouti,262,AustraliaandNewZealand,927,0,0,0,0,0,0,0,0,0,0,0,0,0,0,0,0,0,0,0,0,0
1636,Eritrea,232,AustraliaandNewZealand,927,0,0,0,0,0,0,0,0,0,0,0,0,0,0,0,0,0,0,0,0,0
1637,Ethiopia,231,AustraliaandNewZealand,927,0,0,0,0,0,0,0,0,0,0,0,0,0,0,0,0,0,0,0,0,0
1638,Kenya,404,AustraliaandNewZealand,927,0,0,0,0,0,0,0,0,0,0,0,0,0,0,0,0,0,0,0,0,0
1639,Madagascar,450,AustraliaandNewZealand,927,0,0,0,0,0,0,0,0,0,0,0,0,0,0,0,0,0,0,0,0,0
1640,Malawi,454,AustraliaandNewZealand,927,0,0,0,0,0,0,0,0,0,0,0,0,0,0,0,0,0,0,0,0,0
1641,Mauritius,480,AustraliaandNewZealand,927,0,0,0,0,0,0,0,0,0,0,0,0,0,0,0,0,0,0,0,0,0
1642,Mayotte,175,AustraliaandNewZealand,927,0,0,0,0,0,0,0,0,0,0,0,0,0,0,0,0,0,0,0,0,0
1643,Mozambique,508,AustraliaandNewZealand,927,0,0,0,0,0,0,0,0,0,0,0,0,0,0,0,0,0,0,0,0,0
1644,Reunion,638,AustraliaandNewZealand,927,0,0,0,0,0,0,0,0,0,0,0,0,0,0,0,0,0,0,0,0,0
1645,Rwanda,646,AustraliaandNewZealand,927,0,0,0,0,0,0,0,0,0,0,0,0,0,0,0,0,0,0,0,0,0
1646,Seychelles,690,AustraliaandNewZealand,927,67,59,51,48,46,51,50,30,31,32,27,23,27,27,37,28,19,21,23,24,23
1647,Somalia,706,AustraliaandNewZealand,927,0,0,0,0,0,0,0,0,0,0,0,0,0,0,0,0,0,0,0,0,0
1648,SouthSudan,728,AustraliaandNewZealand,927,0,0,0,0,0,0,0,0,0,0,0,0,0,0,0,0,0,0,0,0,0
1649,Uganda,800,AustraliaandNewZealand,927,0,0,0,0,0,0,0,0,0,0,0,0,0,0,0,0,0,0,0,0,0
1650,UnitedRepublicofTanzania,834,AustraliaandNewZealand,927,0,0,0,0,0,0,0,0,0,0,0,0,0,0,0,0,0,0,0,0,0
1651,Zambia,894,AustraliaandNewZealand,927,81,81,83,148,264,232,323,39,39,40,72,136,119,170,42,42,43,76,128,113,153
1652,Zimbabwe,716,AustraliaandNewZealand,927,0,0,0,0,0,0,0,0,0,0,0,0,0,0,0,0,0,0,0,0,0
1653,MiddleAfrica,911,AustraliaandNewZealand,927,9,13,16,13,13,10,10,9,9,8,6,6,5,6,0,4,8,7,7,5,4
1654,Angola,24,AustraliaandNewZealand,927,0,0,0,0,0,0,0,0,0,0,0,0,0,0,0,0,0,0,0,0,0
1655,Cameroon,120,AustraliaandNewZealand,927,0,0,0,0,0,0,0,0,0,0,0,0,0,0,0,0,0,0,0,0,0
1656,CentralAfricanRepublic,140,AustraliaandNewZealand,927,9,13,16,13,13,10,10,9,9,8,6,6,5,6,0,4,8,7,7,5,4
1657,Chad,148,AustraliaandNewZealand,927,0,0,0,0,0,0,0,0,0,0,0,0,0,0,0,0,0,0,0,0,0
1658,Congo,178,AustraliaandNewZealand,927,0,0,0,0,0,0,0,0,0,0,0,0,0,0,0,0,0,0,0,0,0
1659,DemocraticRepublicoftheCongo,180,AustraliaandNewZealand,927,0,0,0,0,0,0,0,0,0,0,0,0,0,0,0,0,0,0,0,0,0
1660,EquatorialGuinea,226,AustraliaandNewZealand,927,0,0,0,0,0,0,0,0,0,0,0,0,0,0,0,0,0,0,0,0,0
1661,Gabon,266,AustraliaandNewZealand,927,0,0,0,0,0,0,0,0,0,0,0,0,0,0,0,0,0,0,0,0,0
1662,SaoTomeandPrincipe,678,AustraliaandNewZealand,927,0,0,0,0,0,0,0,0,0,0,0,0,0,0,0,0,0,0,0,0,0
1663,NorthernAfrica,912,AustraliaandNewZealand,927,2138,1522,963,1099,1195,1109,1361,1165,850,576,709,764,747,888,973,672,387,390,431,362,473
1664,Algeria,12,AustraliaandNewZealand,927,0,0,0,0,0,0,0,0,0,0,0,0,0,0,0,0,0,0,0,0,0
1665,Egypt,818,AustraliaandNewZealand,927,639,506,412,491,528,363,564,356,281,227,284,296,226,324,283,225,185,207,232,137,240
1666,Libya,434,AustraliaandNewZealand,927,1499,1016,551,608,667,746,797,809,569,349,425,468,521,564,690,447,202,183,199,225,233
1667,Morocco,504,AustraliaandNewZealand,927,0,0,0,0,0,0,0,0,0,0,0,0,0,0,0,0,0,0,0,0,0
1668,Sudan,729,AustraliaandNewZealand,927,0,0,0,0,0,0,0,0,0,0,0,0,0,0,0,0,0,0,0,0,0
1669,Tunisia,788,AustraliaandNewZealand,927,0,0,0,0,0,0,0,0,0,0,0,0,0,0,0,0,0,0,0,0,0
1670,WesternSahara,732,AustraliaandNewZealand,927,0,0,0,0,0,0,0,0,0,0,0,0,0,0,0,0,0,0,0,0,0
1671,SouthernAfrica,913,AustraliaandNewZealand,927,6600,5273,5249,6589,9743,9096,10626,2724,2344,2455,2971,4337,4425,5409,3876,2929,2794,3618,5406,4671,5217
1672,Botswana,72,AustraliaandNewZealand,927,120,111,114,225,338,367,391,61,55,56,109,163,177,190,59,56,58,116,175,190,201
1673,Eswatini,748,AustraliaandNewZealand,927,12,8,21,43,65,80,77,12,7,13,26,38,49,48,0,1,8,17,27,31,29
1674,Lesotho,426,AustraliaandNewZealand,927,0,0,0,0,0,0,0,0,0,0,0,0,0,0,0,0,0,0,0,0,0
1675,Namibia,516,AustraliaandNewZealand,927,867,828,772,609,586,572,610,347,335,314,245,237,232,249,520,493,458,364,349,340,361
1676,SouthAfrica,710,AustraliaandNewZealand,927,5601,4326,4342,5712,8754,8077,9548,2304,1947,2072,2591,3899,3967,4922,3297,2379,2270,3121,4855,4110,4626
1677,WesternAfrica,914,AustraliaandNewZealand,927,17,17,19,27,27,45,45,5,6,6,10,11,23,24,12,11,13,17,16,22,21
1678,Benin,204,AustraliaandNewZealand,927,0,0,0,0,0,0,0,0,0,0,0,0,0,0,0,0,0,0,0,0,0
1679,BurkinaFaso,854,AustraliaandNewZealand,927,0,0,0,0,0,0,0,0,0,0,0,0,0,0,0,0,0,0,0,0,0
1680,CaboVerde,132,AustraliaandNewZealand,927,0,0,0,0,0,0,0,0,0,0,0,0,0,0,0,0,0,0,0,0,0
1681,CotedIvoire,384,AustraliaandNewZealand,927,0,0,0,0,0,0,0,0,0,0,0,0,0,0,0,0,0,0,0,0,0
1682,Gambia,270,AustraliaandNewZealand,927,0,0,0,0,0,0,0,0,0,0,0,0,0,0,0,0,0,0,0,0,0
1683,Ghana,288,AustraliaandNewZealand,927,17,17,19,27,27,33,37,5,6,6,10,11,14,17,12,11,13,17,16,19,20
1684,Guinea,324,AustraliaandNewZealand,927,0,0,0,0,0,12,8,0,0,0,0,0,9,7,0,0,0,0,0,3,1
1685,GuineaBissau,624,AustraliaandNewZealand,927,0,0,0,0,0,0,0,0,0,0,0,0,0,0,0,0,0,0,0,0,0
1686,Liberia,430,AustraliaandNewZealand,927,0,0,0,0,0,0,0,0,0,0,0,0,0,0,0,0,0,0,0,0,0
1687,Mali,466,AustraliaandNewZealand,927,0,0,0,0,0,0,0,0,0,0,0,0,0,0,0,0,0,0,0,0,0
1688,Mauritania,478,AustraliaandNewZealand,927,0,0,0,0,0,0,0,0,0,0,0,0,0,0,0,0,0,0,0,0,0
1689,Niger,562,AustraliaandNewZealand,927,0,0,0,0,0,0,0,0,0,0,0,0,0,0,0,0,0,0,0,0,0
1690,Nigeria,566,AustraliaandNewZealand,927,0,0,0,0,0,0,0,0,0,0,0,0,0,0,0,0,0,0,0,0,0
1691,SaintHelena,654,AustraliaandNewZealand,927,0,0,0,0,0,0,0,0,0,0,0,0,0,0,0,0,0,0,0,0,0
1692,Senegal,686,AustraliaandNewZealand,927,0,0,0,0,0,0,0,0,0,0,0,0,0,0,0,0,0,0,0,0,0
1693,SierraLeone,694,AustraliaandNewZealand,927,0,0,0,0,0,0,0,0,0,0,0,0,0,0,0,0,0,0,0,0,0
1694,Togo,768,AustraliaandNewZealand,927,0,0,0,0,0,0,0,0,0,0,0,0,0,0,0,0,0,0,0,0,0
1695,CentralAsia,5500,AustraliaandNewZealand,927,166,135,117,112,111,109,107,74,63,56,53,53,52,52,92,72,61,59,58,57,55
1696,Kazakhstan,398,AustraliaandNewZealand,927,0,0,0,0,0,0,0,0,0,0,0,0,0,0,0,0,0,0,0,0,0
1697,Kyrgyzstan,417,AustraliaandNewZealand,927,0,0,0,0,0,0,0,0,0,0,0,0,0,0,0,0,0,0,0,0,0
1698,Tajikistan,762,AustraliaandNewZealand,927,166,135,117,112,111,109,107,74,63,56,53,53,52,52,92,72,61,59,58,57,55
1699,Turkmenistan,795,AustraliaandNewZealand,927,0,0,0,0,0,0,0,0,0,0,0,0,0,0,0,0,0,0,0,0,0
1700,Uzbekistan,860,AustraliaandNewZealand,927,0,0,0,0,0,0,0,0,0,0,0,0,0,0,0,0,0,0,0,0,0
1701,EasternAsia,906,AustraliaandNewZealand,927,13913,19111,26005,28549,33300,33770,40224,7813,10334,13660,15673,19085,18695,23086,6100,8777,12345,12876,14215,15075,17138
1702,China,156,AustraliaandNewZealand,927,611,1114,1655,2392,3021,3726,4052,363,652,961,1493,1995,2519,2739,248,462,694,899,1026,1207,1313
1703,DemPeoplesRepublicofKorea,408,AustraliaandNewZealand,927,96,112,127,155,183,202,204,53,61,68,83,98,109,111,43,51,59,72,85,93,93
1704,Japan,392,AustraliaandNewZealand,927,5251,8213,12453,12267,13006,12995,15124,2676,3942,5753,5587,5849,5797,6748,2575,4271,6700,6680,7157,7198,8376
1705,Mongolia,496,AustraliaandNewZealand,927,3,3,4,91,189,233,248,2,3,3,59,124,131,140,1,0,1,32,65,102,108
1706,RepublicofKorea,410,AustraliaandNewZealand,927,354,1189,2404,3423,5797,5267,8765,200,656,1353,2633,4890,4034,7167,154,533,1051,790,907,1233,1598
1707,SouthEasternAsia,920,AustraliaandNewZealand,927,17729,17811,20603,27283,37557,42147,43908,9588,9717,11104,14911,20525,23252,24352,8141,8094,9499,12372,17032,18895,19556
1708,BruneiDarussalam,96,AustraliaandNewZealand,927,381,528,674,689,704,719,779,208,291,373,383,393,403,438,173,237,301,306,311,316,341
1709,Cambodia,116,AustraliaandNewZealand,927,54,142,229,179,129,116,123,34,89,144,114,85,77,83,20,53,85,65,44,39,40
1710,Indonesia,360,AustraliaandNewZealand,927,5963,3945,1928,5679,9796,10844,11400,3492,2353,1215,3486,5744,6456,6779,2471,1592,713,2193,4052,4388,4621
1711,LaoPeoplesDemocraticRepublic,418,AustraliaandNewZealand,927,18,18,17,16,110,205,218,10,10,9,9,76,144,155,8,8,8,7,34,61,63
1712,Malaysia,458,AustraliaandNewZealand,927,2597,2971,4193,5619,6687,8154,8639,1235,1418,1992,2812,3453,4280,4657,1362,1553,2201,2807,3234,3874,3982
1713,Myanmar,104,AustraliaandNewZealand,927,0,0,0,0,0,0,0,0,0,0,0,0,0,0,0,0,0,0,0,0,0
1714,Philippines,608,AustraliaandNewZealand,927,1060,1426,2501,2023,4310,4376,4656,666,887,1443,1181,2444,2485,2650,394,539,1058,842,1866,1891,2006
1715,Singapore,702,AustraliaandNewZealand,927,4044,4966,6371,8980,12092,13871,14094,2239,2722,3428,4753,6338,7265,7374,1805,2244,2943,4227,5754,6606,6720
1716,Thailand,764,AustraliaandNewZealand,927,3032,3185,3998,3365,2975,3191,3339,1420,1647,2178,1815,1615,1728,1806,1612,1538,1820,1550,1360,1463,1533
1717,TimorLeste,626,AustraliaandNewZealand,927,564,602,647,697,722,634,623,276,285,297,336,360,395,390,288,317,350,361,362,239,233
1718,VietNam,704,AustraliaandNewZealand,927,16,28,45,36,32,37,37,8,15,25,22,17,19,20,8,13,20,14,15,18,17
1719,SouthernAsia,5501,AustraliaandNewZealand,927,3234,2156,1079,3261,5105,4825,4570,1417,996,567,1876,2599,2430,2282,1817,1160,512,1385,2506,2395,2288
1720,Afghanistan,4,AustraliaandNewZealand,927,0,0,0,0,0,0,0,0,0,0,0,0,0,0,0,0,0,0,0,0,0
1721,Bangladesh,50,AustraliaandNewZealand,927,0,0,0,0,0,0,0,0,0,0,0,0,0,0,0,0,0,0,0,0,0
1722,Bhutan,64,AustraliaandNewZealand,927,23,28,32,40,48,51,51,17,20,23,29,35,37,39,6,8,9,11,13,14,12
1723,India,356,AustraliaandNewZealand,927,3116,1964,812,2845,4400,4099,3833,1344,871,398,1655,2219,2029,1864,1772,1093,414,1190,2181,2070,1969
1724,IranIslamicRepublicof,364,AustraliaandNewZealand,927,0,0,0,0,0,0,0,0,0,0,0,0,0,0,0,0,0,0,0,0,0
1725,Maldives,462,AustraliaandNewZealand,927,43,51,58,69,82,95,101,23,25,31,40,62,84,92,20,26,27,29,20,11,9
1726,Nepal,524,AustraliaandNewZealand,927,0,0,0,0,0,0,0,0,0,0,0,0,0,0,0,0,0,0,0,0,0
1727,Pakistan,586,AustraliaandNewZealand,927,0,0,0,0,0,0,0,0,0,0,0,0,0,0,0,0,0,0,0,0,0
1728,SriLanka,144,AustraliaandNewZealand,927,52,113,177,307,575,580,585,33,80,115,152,283,280,287,19,33,62,155,292,300,298
1729,WesternAsia,922,AustraliaandNewZealand,927,6062,6801,7414,8380,10188,9643,10968,2894,3182,3423,3890,4771,4412,4778,3168,3619,3991,4490,5417,5231,6190
1730,Armenia,51,AustraliaandNewZealand,927,0,0,0,0,0,0,0,0,0,0,0,0,0,0,0,0,0,0,0,0,0
1731,Azerbaijan,31,AustraliaandNewZealand,927,0,0,0,0,0,0,0,0,0,0,0,0,0,0,0,0,0,0,0,0,0
1732,Bahrain,48,AustraliaandNewZealand,927,0,0,0,0,0,0,0,0,0,0,0,0,0,0,0,0,0,0,0,0,0
1733,Cyprus,196,AustraliaandNewZealand,927,764,1081,1397,2101,3224,2959,3052,387,526,665,985,1537,1428,1483,377,555,732,1116,1687,1531,1569
1734,Georgia,268,AustraliaandNewZealand,927,0,0,0,0,0,0,0,0,0,0,0,0,0,0,0,0,0,0,0,0,0
1735,Iraq,368,AustraliaandNewZealand,927,0,0,0,0,0,0,0,0,0,0,0,0,0,0,0,0,0,0,0,0,0
1736,Israel,376,AustraliaandNewZealand,927,2102,2435,2631,2882,3167,3266,3170,970,1124,1229,1373,1530,1569,1523,1132,1311,1402,1509,1637,1697,1647
1737,Jordan,400,AustraliaandNewZealand,927,216,299,380,287,591,243,313,102,145,187,181,352,119,155,114,154,193,106,239,124,158
1738,Kuwait,414,AustraliaandNewZealand,927,0,0,0,0,0,0,0,0,0,0,0,0,0,0,0,0,0,0,0,0,0
1739,Lebanon,422,AustraliaandNewZealand,927,0,0,0,0,0,0,0,0,0,0,0,0,0,0,0,0,0,0,0,0,0
1740,Oman,512,AustraliaandNewZealand,927,0,0,0,0,0,0,0,0,0,0,0,0,0,0,0,0,0,0,0,0,0
1741,Qatar,634,AustraliaandNewZealand,927,0,0,0,0,0,0,0,0,0,0,0,0,0,0,0,0,0,0,0,0,0
1742,SaudiArabia,682,AustraliaandNewZealand,927,0,0,0,0,0,0,0,0,0,0,0,0,0,0,0,0,0,0,0,0,0
1743,StateofPalestine,275,AustraliaandNewZealand,927,0,0,0,0,0,0,0,0,0,0,0,0,0,0,0,0,0,0,0,0,0
1744,SyrianArabRepublic,760,AustraliaandNewZealand,927,0,0,0,0,0,0,0,0,0,0,0,0,0,0,0,0,0,0,0,0,0
1745,Turkey,792,AustraliaandNewZealand,927,2980,2986,3006,3110,3206,3175,4433,1435,1387,1342,1351,1352,1296,1617,1545,1599,1664,1759,1854,1879,2816
1746,UnitedArabEmirates,784,AustraliaandNewZealand,927,0,0,0,0,0,0,0,0,0,0,0,0,0,0,0,0,0,0,0,0,0
1747,Yemen,887,AustraliaandNewZealand,927,0,0,0,0,0,0,0,0,0,0,0,0,0,0,0,0,0,0,0,0,0
1748,EasternEurope,923,AustraliaandNewZealand,927,2863,2846,2844,3311,3773,4131,5705,1469,1491,1523,1815,2099,2363,3374,1394,1355,1321,1496,1674,1768,2331
1749,Belarus,112,AustraliaandNewZealand,927,21,25,28,27,26,28,26,12,12,12,11,10,12,12,9,13,16,16,16,16,14
1750,Bulgaria,100,AustraliaandNewZealand,927,18,49,78,116,149,242,358,12,28,44,64,81,135,201,6,21,34,52,68,107,157
1751,Czechia,203,AustraliaandNewZealand,927,65,98,130,337,512,731,948,38,59,79,213,331,488,661,27,39,51,124,181,243,287
1752,Hungary,348,AustraliaandNewZealand,927,832,798,763,938,1118,1081,1492,419,398,377,470,566,565,817,413,400,386,468,552,516,675
1753,Poland,616,AustraliaandNewZealand,927,934,797,683,853,1052,1000,1334,500,421,356,475,605,584,837,434,376,327,378,447,416,497
1754,RepublicofMoldova,498,AustraliaandNewZealand,927,0,0,0,0,0,0,0,0,0,0,0,0,0,0,0,0,0,0,0,0,0
1755,Romania,642,AustraliaandNewZealand,927,17,50,85,62,48,89,440,10,31,52,39,31,47,238,7,19,33,23,17,42,202
1756,RussianFederation,643,AustraliaandNewZealand,927,957,934,879,755,618,629,625,469,492,498,423,339,344,344,488,442,381,332,279,285,281
1757,Slovakia,703,AustraliaandNewZealand,927,19,95,198,223,250,331,482,9,50,105,120,136,188,264,10,45,93,103,114,143,218
1758,Ukraine,804,AustraliaandNewZealand,927,0,0,0,0,0,0,0,0,0,0,0,0,0,0,0,0,0,0,0,0,0
1759,NorthernEurope,924,AustraliaandNewZealand,927,118861,144645,173869,180841,202489,220728,246328,54757,66929,80651,85842,104439,111149,122206,64104,77716,93218,94999,98050,109579,124122
1760,ChannelIslands,830,AustraliaandNewZealand,927,0,0,0,0,0,0,0,0,0,0,0,0,0,0,0,0,0,0,0,0,0
1761,Denmark,208,AustraliaandNewZealand,927,1290,1737,2183,2750,3174,3697,4678,613,896,1179,1490,1727,2005,2560,677,841,1004,1260,1447,1692,2118
1762,Estonia,233,AustraliaandNewZealand,927,0,0,0,0,74,114,250,0,0,0,0,53,88,171,0,0,0,0,21,26,79
1763,FaroeIslands,234,AustraliaandNewZealand,927,0,0,0,0,0,0,0,0,0,0,0,0,0,0,0,0,0,0,0,0,0
1764,Finland,246,AustraliaandNewZealand,927,488,556,624,903,1090,1233,1499,249,305,362,552,678,785,971,239,251,262,351,412,448,528
1765,Iceland,352,AustraliaandNewZealand,927,146,123,98,118,134,171,250,47,42,37,50,61,85,136,99,81,61,68,73,86,114
1766,Ireland,372,AustraliaandNewZealand,927,724,2562,5809,7897,8685,8872,10172,356,1220,2861,4066,4116,4147,4791,368,1342,2948,3831,4569,4725,5381
1767,IsleofMan,833,AustraliaandNewZealand,927,171,195,218,334,447,273,275,85,97,109,158,206,138,141,86,98,109,176,241,135,134
1768,Latvia,428,AustraliaandNewZealand,927,50,77,104,143,180,88,124,30,47,64,92,116,62,87,20,30,40,51,64,26,37
1769,Lithuania,440,AustraliaandNewZealand,927,22,25,19,33,44,49,68,13,14,11,25,35,36,54,9,11,8,8,9,13,14
1770,Norway,578,AustraliaandNewZealand,927,1063,1183,1293,1565,2297,2836,3092,469,527,647,853,1340,1719,1883,594,656,646,712,957,1117,1209
1771,Sweden,752,AustraliaandNewZealand,927,2259,2681,2876,3440,4092,4752,6207,1395,1648,1759,2178,2649,3089,3996,864,1033,1117,1262,1443,1663,2211
1772,UnitedKingdom,826,AustraliaandNewZealand,927,112648,135506,160645,163658,182272,198643,219713,51500,62133,73622,76378,93458,98995,107416,61148,73373,87023,87280,88814,99648,112297
1773,SouthernEurope,925,AustraliaandNewZealand,927,35770,36576,38256,46999,57072,58605,69575,16787,16840,17050,21261,26074,26694,33531,18983,19736,21206,25738,30998,31911,36044
1774,Albania,8,AustraliaandNewZealand,927,0,0,0,0,0,0,0,0,0,0,0,0,0,0,0,0,0,0,0,0,0
1775,Andorra,20,AustraliaandNewZealand,927,36,39,41,59,70,65,69,19,20,21,31,37,65,69,17,19,20,28,33,0,0
1776,BosniaandHerzegovina,70,AustraliaandNewZealand,927,0,0,0,0,0,0,0,0,0,0,0,0,0,0,0,0,0,0,0,0,0
1777,Croatia,191,AustraliaandNewZealand,927,776,836,808,1254,1700,1711,1606,293,332,344,575,807,809,761,483,504,464,679,893,902,845
1778,Gibraltar,292,AustraliaandNewZealand,927,0,0,0,0,0,0,0,0,0,0,0,0,0,0,0,0,0,0,0,0,0
1779,Greece,300,AustraliaandNewZealand,927,20210,20322,20768,20969,21937,20671,21129,10790,10169,9531,9542,9873,8851,9840,9420,10153,11237,11427,12064,11820,11289
1780,HolySee,336,AustraliaandNewZealand,927,0,0,0,0,0,0,0,0,0,0,0,0,0,0,0,0,0,0,0,0,0
1781,Italy,380,AustraliaandNewZealand,927,8147,6901,5654,13202,21100,20172,20831,2585,2232,1879,5552,9299,8845,9202,5562,4669,3775,7650,11801,11327,11629
1782,Malta,470,AustraliaandNewZealand,927,3444,4033,4141,4033,3496,6065,13218,1621,1930,1891,1802,1613,3089,7258,1823,2103,2250,2231,1883,2976,5960
1783,Montenegro,499,AustraliaandNewZealand,927,0,0,0,0,122,137,136,0,0,0,0,39,45,46,0,0,0,0,83,92,90
1784,NorthMacedonia,807,AustraliaandNewZealand,927,0,0,0,0,0,0,0,0,0,0,0,0,0,0,0,0,0,0,0,0,0
1785,Portugal,620,AustraliaandNewZealand,927,361,780,1232,1270,1100,1246,1425,164,354,559,580,507,539,640,197,426,673,690,593,707,785
1786,SanMarino,674,AustraliaandNewZealand,927,0,0,0,0,0,0,0,0,0,0,0,0,0,0,0,0,0,0,0,0,0
1787,Serbia,688,AustraliaandNewZealand,927,84,543,740,731,716,699,709,47,300,401,392,384,375,382,37,243,339,339,332,324,327
1788,Slovenia,705,AustraliaandNewZealand,927,226,220,303,335,416,390,400,103,105,150,162,218,218,221,123,115,153,173,198,172,179
1789,Spain,724,AustraliaandNewZealand,927,2486,2902,4569,5146,6415,7449,10052,1165,1398,2274,2625,3297,3858,5112,1321,1504,2295,2521,3118,3591,4940
1790,WesternEurope,926,AustraliaandNewZealand,927,29621,32438,35643,42997,48496,51134,61115,14630,15916,17388,21417,24226,25266,30746,14991,16522,18255,21580,24270,25868,30369
1791,Austria,40,AustraliaandNewZealand,927,1615,1822,2029,2250,2500,2638,3040,817,937,1057,1147,1248,1304,1559,798,885,972,1103,1252,1334,1481
1792,Belgium,56,AustraliaandNewZealand,927,900,1158,1383,1574,1779,1873,2015,482,601,707,773,913,958,1067,418,557,676,801,866,915,948
1793,France,250,AustraliaandNewZealand,927,5152,5319,5485,6972,9677,10725,11787,2356,2383,2410,3263,4346,4656,5132,2796,2936,3075,3709,5331,6069,6655
1794,Germany,276,AustraliaandNewZealand,927,7121,8014,8906,11625,13800,14162,19005,3550,3845,4140,5961,7434,7591,10350,3571,4169,4766,5664,6366,6571,8655
1795,Liechtenstein,438,AustraliaandNewZealand,927,0,0,0,0,10,16,15,0,0,0,0,5,9,6,0,0,0,0,5,7,9
1796,Luxembourg,442,AustraliaandNewZealand,927,97,91,87,75,65,98,384,50,48,45,42,37,57,194,47,43,42,33,28,41,190
1797,Monaco,492,AustraliaandNewZealand,927,0,0,0,0,0,0,0,0,0,0,0,0,0,0,0,0,0,0,0,0,0
1798,Netherlands,528,AustraliaandNewZealand,927,10686,11336,12387,13731,13582,13921,16433,5404,5632,6043,6724,6652,6826,8170,5282,5704,6344,7007,6930,7095,8263
1799,Switzerland,756,AustraliaandNewZealand,927,4050,4698,5366,6770,7083,7701,8436,1971,2470,2986,3507,3591,3865,4268,2079,2228,2380,3263,3492,3836,4168
1800,Caribbean,915,AustraliaandNewZealand,927,205,282,381,405,447,478,507,116,157,214,220,235,255,278,89,125,167,185,212,223,229
1801,Anguilla,660,AustraliaandNewZealand,927,0,0,0,0,0,0,0,0,0,0,0,0,0,0,0,0,0,0,0,0,0
1802,AntiguaandBarbuda,28,AustraliaandNewZealand,927,10,14,16,18,18,19,17,4,6,8,9,9,10,10,6,8,8,9,9,9,7
1803,Aruba,533,AustraliaandNewZealand,927,0,0,0,0,0,0,0,0,0,0,0,0,0,0,0,0,0,0,0,0,0
1804,Bahamas,44,AustraliaandNewZealand,927,41,62,84,92,99,107,112,20,30,42,44,45,49,53,21,32,42,48,54,58,59
1805,Barbados,52,AustraliaandNewZealand,927,24,26,29,25,23,24,23,12,13,15,13,11,12,12,12,13,14,12,12,12,11
1806,BritishVirginIslands,92,AustraliaandNewZealand,927,12,14,16,19,21,24,27,3,3,3,4,4,5,6,9,11,13,15,17,19,21
1807,CaymanIslands,136,AustraliaandNewZealand,927,40,78,135,172,226,244,271,26,49,84,103,132,144,163,14,29,51,69,94,100,108
1808,Cuba,192,AustraliaandNewZealand,927,0,0,0,0,0,0,0,0,0,0,0,0,0,0,0,0,0,0,0,0,0
1809,CuraÃao,531,AustraliaandNewZealand,927,0,0,0,0,0,0,0,0,0,0,0,0,0,0,0,0,0,0,0,0,0
1810,Dominica,212,AustraliaandNewZealand,927,3,4,5,5,6,7,6,1,1,1,1,2,2,2,2,3,4,4,4,5,4
1811,DominicanRepublic,214,AustraliaandNewZealand,927,67,75,82,60,39,40,41,47,52,56,41,26,28,28,20,23,26,19,13,12,13
1812,Grenada,308,AustraliaandNewZealand,927,0,0,0,0,0,0,0,0,0,0,0,0,0,0,0,0,0,0,0,0,0
1813,Guadeloupe,312,AustraliaandNewZealand,927,0,0,0,0,0,0,0,0,0,0,0,0,0,0,0,0,0,0,0,0,0
1814,Haiti,332,AustraliaandNewZealand,927,0,0,0,0,0,0,0,0,0,0,0,0,0,0,0,0,0,0,0,0,0
1815,Jamaica,388,AustraliaandNewZealand,927,0,0,0,0,0,0,0,0,0,0,0,0,0,0,0,0,0,0,0,0,0
1816,Martinique,474,AustraliaandNewZealand,927,0,0,0,0,0,0,0,0,0,0,0,0,0,0,0,0,0,0,0,0,0
1817,Montserrat,500,AustraliaandNewZealand,927,0,0,0,0,0,0,0,0,0,0,0,0,0,0,0,0,0,0,0,0,0
1818,PuertoRico,630,AustraliaandNewZealand,927,0,0,0,0,0,0,0,0,0,0,0,0,0,0,0,0,0,0,0,0,0
1819,SaintBarthelemy,652,AustraliaandNewZealand,927,0,0,0,0,0,0,0,0,0,0,0,0,0,0,0,0,0,0,0,0,0
1820,SaintKittsandNevis,659,AustraliaandNewZealand,927,0,0,0,0,0,0,0,0,0,0,0,0,0,0,0,0,0,0,0,0,0
1821,SaintLucia,662,AustraliaandNewZealand,927,8,9,14,14,15,13,10,3,3,5,5,6,5,4,5,6,9,9,9,8,6
1822,SaintMartinFrenchpart,663,AustraliaandNewZealand,927,0,0,0,0,0,0,0,0,0,0,0,0,0,0,0,0,0,0,0,0,0
1823,SaintVincentandtheGrenadines,670,AustraliaandNewZealand,927,0,0,0,0,0,0,0,0,0,0,0,0,0,0,0,0,0,0,0,0,0
1824,SintMaartenDutchpart,534,AustraliaandNewZealand,927,0,0,0,0,0,0,0,0,0,0,0,0,0,0,0,0,0,0,0,0,0
1825,TrinidadandTobago,780,AustraliaandNewZealand,927,0,0,0,0,0,0,0,0,0,0,0,0,0,0,0,0,0,0,0,0,0
1826,TurksandCaicosIslands,796,AustraliaandNewZealand,927,0,0,0,0,0,0,0,0,0,0,0,0,0,0,0,0,0,0,0,0,0
1827,UnitedStatesVirginIslands,850,AustraliaandNewZealand,927,0,0,0,0,0,0,0,0,0,0,0,0,0,0,0,0,0,0,0,0,0
1828,CentralAmerica,916,AustraliaandNewZealand,927,450,563,728,785,993,1069,1207,178,247,336,408,558,607,703,272,316,392,377,435,462,504
1829,Belize,84,AustraliaandNewZealand,927,0,0,0,0,0,0,0,0,0,0,0,0,0,0,0,0,0,0,0,0,0
1830,CostaRica,188,AustraliaandNewZealand,927,87,61,64,44,85,84,99,35,26,28,18,37,38,46,52,35,36,26,48,46,53
1831,ElSalvador,222,AustraliaandNewZealand,927,33,27,21,24,26,27,27,13,10,8,9,10,10,10,20,17,13,15,16,17,17
1832,Guatemala,320,AustraliaandNewZealand,927,47,46,44,53,61,67,74,19,22,24,31,37,41,47,28,24,20,22,24,26,27
1833,Honduras,340,AustraliaandNewZealand,927,0,0,0,0,0,0,0,0,0,0,0,0,0,0,0,0,0,0,0,0,0
1834,Mexico,484,AustraliaandNewZealand,927,151,326,518,499,539,562,613,35,129,230,240,279,289,320,116,197,288,259,260,273,293
1835,Nicaragua,558,AustraliaandNewZealand,927,0,0,0,0,0,0,0,0,0,0,0,0,0,0,0,0,0,0,0,0,0
1836,Panama,591,AustraliaandNewZealand,927,132,103,81,165,282,329,394,76,60,46,110,195,229,280,56,43,35,55,87,100,114
1837,SouthAmerica,931,AustraliaandNewZealand,927,1832,1956,2138,2247,2653,3004,3737,960,1017,1107,1257,1620,1853,2328,872,939,1031,990,1033,1151,1409
1838,Argentina,32,AustraliaandNewZealand,927,649,623,597,444,285,286,287,285,295,306,231,154,154,156,364,328,291,213,131,132,131
1839,BoliviaPlurinationalStateof,68,AustraliaandNewZealand,927,108,150,189,220,251,294,323,44,71,96,117,139,162,180,64,79,93,103,112,132,143
1840,Brazil,76,AustraliaandNewZealand,927,297,372,447,519,857,1009,1093,212,216,221,333,659,775,848,85,156,226,186,198,234,245
1841,Chile,152,AustraliaandNewZealand,927,0,0,0,0,0,0,0,0,0,0,0,0,0,0,0,0,0,0,0,0,0
1842,Colombia,170,AustraliaandNewZealand,927,0,0,0,0,0,0,0,0,0,0,0,0,0,0,0,0,0,0,0,0,0
1843,Ecuador,218,AustraliaandNewZealand,927,163,183,202,242,385,485,505,85,95,106,129,202,254,292,78,88,96,113,183,231,213
1844,FalklandIslandsMalvinas,238,AustraliaandNewZealand,927,44,58,62,87,62,68,82,25,35,37,51,34,37,48,19,23,25,36,28,31,34
1845,FrenchGuiana,254,AustraliaandNewZealand,927,0,0,0,0,0,0,0,0,0,0,0,0,0,0,0,0,0,0,0,0,0
1846,Guyana,328,AustraliaandNewZealand,927,0,0,0,0,0,0,0,0,0,0,0,0,0,0,0,0,0,0,0,0,0
1847,Paraguay,600,AustraliaandNewZealand,927,0,0,0,0,0,0,0,0,0,0,0,0,0,0,0,0,0,0,0,0,0
1848,Peru,604,AustraliaandNewZealand,927,424,426,499,587,655,696,1294,233,231,268,320,350,387,726,191,195,231,267,305,309,568
1849,Suriname,740,AustraliaandNewZealand,927,0,0,0,0,0,0,0,0,0,0,0,0,0,0,0,0,0,0,0,0,0
1850,Uruguay,858,AustraliaandNewZealand,927,0,0,0,0,0,0,0,0,0,0,0,0,0,0,0,0,0,0,0,0,0
1851,VenezuelaBolivarianRepublicof,862,AustraliaandNewZealand,927,147,144,142,148,158,166,153,76,74,73,76,82,84,78,71,70,69,72,76,82,75
1852,Bermuda,60,AustraliaandNewZealand,927,37,44,43,70,102,133,176,19,23,22,35,51,67,90,18,21,21,35,51,66,86
1853,Canada,124,AustraliaandNewZealand,927,20572,24057,28113,31220,29035,30799,33369,10014,11648,13562,15711,15143,16094,17439,10558,12409,14551,15509,13892,14705,15930
1854,Greenland,304,AustraliaandNewZealand,927,0,0,0,0,0,0,0,0,0,0,0,0,0,0,0,0,0,0,0,0,0
1855,SaintPierreandMiquelon,666,AustraliaandNewZealand,927,0,0,0,0,0,0,0,0,0,0,0,0,0,0,0,0,0,0,0,0,0
1856,UnitedStatesofAmerica,840,AustraliaandNewZealand,927,57682,71705,85965,93742,104603,123450,153086,20256,25646,31192,34376,37480,43773,54480,37426,46059,54773,59366,67123,79677,98606
1857,Australia,36,AustraliaandNewZealand,927,298309,310921,365060,423478,517780,575430,611266,153968,159309,186460,216801,266553,296315,313603,144341,151612,178600,206677,251227,279115,297663
1858,NewZealand,554,AustraliaandNewZealand,927,47778,53227,54744,60001,63086,65161,85289,22335,24935,26608,29123,30570,31511,41245,25443,28292,28136,30878,32516,33650,44044
1859,Melanesia,928,AustraliaandNewZealand,927,20394,20791,16506,16663,15001,15144,15282,11622,12218,10050,10380,9494,9641,9739,8772,8573,6456,6283,5507,5503,5543
1860,Fiji,242,AustraliaandNewZealand,927,2517,2450,2359,2254,2420,2493,2560,1307,1279,1229,1190,1294,1346,1378,1210,1171,1130,1064,1126,1147,1182
1861,NewCaledonia,540,AustraliaandNewZealand,927,324,375,427,454,483,369,388,152,173,194,208,223,147,154,172,202,233,246,260,222,234
1862,PapuaNewGuinea,598,AustraliaandNewZealand,927,16456,16860,12623,12743,10810,10961,11002,9536,10168,8049,8350,7311,7466,7519,6920,6692,4574,4393,3499,3495,3483
1863,SolomonIslands,90,AustraliaandNewZealand,927,501,496,474,412,377,352,342,279,276,264,231,212,199,194,222,220,210,181,165,153,148
1864,Vanuatu,548,AustraliaandNewZealand,927,596,610,623,800,911,969,990,348,322,314,401,454,483,494,248,288,309,399,457,486,496
1865,Micronesia,954,AustraliaandNewZealand,927,340,328,319,313,161,177,188,207,194,183,183,96,108,119,133,134,136,130,65,69,69
1866,Guam,316,AustraliaandNewZealand,927,0,0,0,0,0,0,0,0,0,0,0,0,0,0,0,0,0,0,0,0,0
1867,Kiribati,296,AustraliaandNewZealand,927,106,113,121,127,135,136,142,68,66,65,72,80,82,88,38,47,56,55,55,54,54
1868,MarshallIslands,584,AustraliaandNewZealand,927,0,0,0,0,0,0,0,0,0,0,0,0,0,0,0,0,0,0,0,0,0
1869,MicronesiaFedStatesof,583,AustraliaandNewZealand,927,0,0,0,0,0,0,0,0,0,0,0,0,0,0,0,0,0,0,0,0,0
1870,Nauru,520,AustraliaandNewZealand,927,234,215,198,186,26,41,46,139,128,118,111,16,26,31,95,87,80,75,10,15,15
1871,NorthernMarianaIslands,580,AustraliaandNewZealand,927,0,0,0,0,0,0,0,0,0,0,0,0,0,0,0,0,0,0,0,0,0
1872,Palau,585,AustraliaandNewZealand,927,0,0,0,0,0,0,0,0,0,0,0,0,0,0,0,0,0,0,0,0,0
1873,Polynesia,957,AustraliaandNewZealand,927,4300,4876,5452,5699,6025,5722,5902,2275,2568,2854,2899,2991,2813,2887,2025,2308,2598,2800,3034,2909,3015
1874,AmericanSamoa,16,AustraliaandNewZealand,927,237,233,229,478,726,724,725,124,121,118,244,369,366,367,113,112,111,234,357,358,358
1875,CookIslands,184,AustraliaandNewZealand,927,2270,2354,2443,2559,2676,2682,2946,1243,1288,1335,1329,1328,1305,1430,1027,1066,1108,1230,1348,1377,1516
1876,FrenchPolynesia,258,AustraliaandNewZealand,927,162,177,190,198,191,181,181,84,90,94,99,98,93,93,78,87,96,99,93,88,88
1877,Niue,570,AustraliaandNewZealand,927,244,205,168,179,344,350,356,121,105,91,97,185,185,185,123,100,77,82,159,165,171
1878,Samoa,882,AustraliaandNewZealand,927,1277,1798,2307,2171,1897,1577,1488,652,912,1159,1078,930,772,727,625,886,1148,1093,967,805,761
1879,Tokelau,772,AustraliaandNewZealand,927,110,109,115,114,191,208,206,51,52,57,52,81,92,85,59,57,58,62,110,116,121
1880,Tonga,776,AustraliaandNewZealand,927,0,0,0,0,0,0,0,0,0,0,0,0,0,0,0,0,0,0,0,0,0
1881,Tuvalu,798,AustraliaandNewZealand,927,0,0,0,0,0,0,0,0,0,0,0,0,0,0,0,0,0,0,0,0,0
1882,WallisandFutunaIslands,876,AustraliaandNewZealand,927,0,0,0,0,0,0,0,0,0,0,0,0,0,0,0,0,0,0,0,0,0
1883,SubSaharanAfrica,947,EuropeandNorthernAmerica,1829,451346,421399,464730,542868,508809,478832,527437,212917,212373,241694,277582,260125,245963,278517,238429,209026,223036,265286,248684,232869,248920
1884,NorthernAfricaandWesternAsia,1833,EuropeandNorthernAmerica,1829,2377910,2287605,2226917,2205508,2274064,2299628,2772902,1108878,1064902,1034380,1019979,1049751,1006796,1136212,1269032,1222703,1192537,1185529,1224313,1292832,1636690
1885,CentralandSouthernAsia,921,EuropeandNorthernAmerica,1829,5515044,4903088,4321012,4334189,4364013,4462475,4590984,2453097,2180871,1915748,1978476,2041632,2123115,2167095,3061947,2722217,2405264,2355713,2322381,2339360,2423889
1886,EasternandSouthEasternAsia,1832,EuropeandNorthernAmerica,1829,208066,247149,330879,370029,416756,458535,518524,116529,135546,176116,206031,233762,262996,296722,91537,111603,154763,163998,182994,195539,221802
1887,LatinAmericaandtheCaribbean,1830,EuropeandNorthernAmerica,1829,2419971,2289656,2192784,2215736,2346204,2473848,2648939,1226784,1159008,1110105,1125958,1199691,1257645,1366537,1193187,1130648,1082679,1089778,1146513,1216203,1282402
1888,OceaniaexcludingAustraliaandNewZealand,1835,EuropeandNorthernAmerica,1829,78727,80022,79730,85857,89303,97412,101312,47385,47333,46419,48572,49356,53803,55821,31342,32689,33311,37285,39947,43609,45491
1889,AustraliaandNewZealand,927,EuropeandNorthernAmerica,1829,2699258,2707003,2693870,2732969,2845434,2904774,3136402,1387138,1382072,1362865,1373475,1424105,1461513,1568549,1312120,1324931,1331005,1359494,1421329,1443261,1567853
1890,EuropeandNorthernAmerica,1829,EuropeandNorthernAmerica,1829,36782091,38646242,40567781,42361934,45836521,47416898,53305121,17151806,17966653,18788777,19652725,21078830,21817875,24900932,19630285,20679589,21779004,22709209,24757691,25599023,28404189
1891,Developedregions,901,EuropeandNorthernAmerica,1829,39549470,41436153,43358192,45201687,48795169,50440550,56578680,18573648,19388520,20196243,21074841,22553852,23332423,26530680,20975822,22047633,23161949,24126846,26241317,27108127,30048000
1892,Lessdevelopedregions,902,EuropeandNorthernAmerica,1829,10982943,10146011,9519511,9647403,9885935,10151852,11022941,5130886,4760238,4479861,4607957,4783400,4897283,5239705,5852057,5385773,5039650,5039446,5102535,5254569,5783236
1893,Leastdevelopedcountries,941,EuropeandNorthernAmerica,1829,121262,137241,150235,163973,174547,181651,183256,65894,74623,81739,88981,94593,98004,77777,55368,62618,68496,74992,79954,83647,105479
1894,LandlockedDevelopingCountriesLLDC,1636,EuropeandNorthernAmerica,1829,6210950,5409672,4713692,4614485,4561135,4648966,4788228,2738213,2383553,2068469,2078609,2108372,2186834,2258874,3472737,3026119,2645223,2535876,2452763,2462132,2529354
1895,SmallislanddevelopingStatesSIDS,1637,EuropeandNorthernAmerica,1829,535559,560267,586941,592620,582880,575191,582238,275932,286402,297692,297762,290332,286251,291267,259627,273865,289249,294858,292548,288940,290971
1896,Highincomecountries,1503,EuropeandNorthernAmerica,1829,28493395,30500368,32896823,35604502,39850247,41263089,47333917,13574236,14463625,15533243,16848529,18686023,19361984,22537828,14919159,16036743,17363580,18755973,21164224,21901105,24796089
1897,Middleincomecountries,1517,EuropeandNorthernAmerica,1829,21492661,20571507,19476932,18736542,18313997,18805532,19731350,9873924,9444954,8902795,8593584,8407196,8623697,8982058,11618737,11126553,10574137,10142958,9906801,10181835,10749292
1898,Uppermiddleincomecountries,1502,EuropeandNorthernAmerica,1829,12996117,13209341,13082508,12897045,12778504,13326418,14177798,6197530,6299531,6212139,6109753,6031547,6259153,6604882,6798587,6909810,6870369,6787292,6746957,7067265,7572916
1899,Lowermiddleincomecountries,1501,EuropeandNorthernAmerica,1829,8496544,7362166,6394424,5839497,5535493,5479114,5553552,3676394,3145423,2690656,2483831,2375649,2364544,2377176,4820150,4216743,3703768,3355666,3159844,3114570,3176376
1900,Lowincomecountries,1500,EuropeandNorthernAmerica,1829,425569,356500,313976,300774,297331,294854,298517,192371,160099,142438,135590,134320,132335,134476,233198,196401,171538,165184,163011,162519,164041
1901,EasternAfrica,910,EuropeandNorthernAmerica,1829,80302,94028,118980,129638,132003,137310,146097,44734,52350,65807,71579,72637,74864,79518,35568,41678,53173,58059,59366,62446,66579
1902,Burundi,108,EuropeandNorthernAmerica,1829,963,931,712,698,745,907,1076,472,454,347,336,355,433,517,491,477,365,362,390,474,559
1903,Comoros,174,EuropeandNorthernAmerica,1829,543,538,532,509,486,482,479,310,306,301,289,278,277,276,233,232,231,220,208,205,203
1904,Djibouti,262,EuropeandNorthernAmerica,1829,0,0,0,0,0,0,0,0,0,0,0,0,0,0,0,0,0,0,0,0,0
1905,Eritrea,232,EuropeandNorthernAmerica,1829,142,197,254,327,407,492,428,66,89,113,158,208,250,222,76,108,141,169,199,242,206
1906,Ethiopia,231,EuropeandNorthernAmerica,1829,0,0,0,0,0,0,0,0,0,0,0,0,0,0,0,0,0,0,0,0,0
1907,Kenya,404,EuropeandNorthernAmerica,1829,0,0,0,0,0,0,0,0,0,0,0,0,0,0,0,0,0,0,0,0,0
1908,Madagascar,450,EuropeandNorthernAmerica,1829,6672,5908,6567,7269,8066,8950,9922,3725,3321,3705,4115,4583,5102,5658,2947,2587,2862,3154,3483,3848,4264
1909,Malawi,454,EuropeandNorthernAmerica,1829,769,1639,1578,1504,1478,1272,1081,399,853,819,778,763,650,558,370,786,759,726,715,622,523
1910,Mauritius,480,EuropeandNorthernAmerica,1829,1871,1443,1831,2021,2330,2675,2687,894,750,891,1058,1322,1577,1592,977,693,940,963,1008,1098,1095
1911,Mayotte,175,EuropeandNorthernAmerica,1829,1359,2791,5080,7789,9498,10624,14560,859,1712,2948,4023,4504,4916,6738,500,1079,2132,3766,4994,5708,7822
1912,Mozambique,508,EuropeandNorthernAmerica,1829,1667,2294,2669,3665,4178,4331,4549,1135,1565,1793,2354,2679,2778,2935,532,729,876,1311,1499,1553,1614
1913,Reunion,638,EuropeandNorthernAmerica,1829,37516,50738,66309,75927,81294,84056,87069,20563,27680,35879,41517,44766,46102,47756,16953,23058,30430,34410,36528,37954,39313
1914,Rwanda,646,EuropeandNorthernAmerica,1829,0,0,0,0,0,0,0,0,0,0,0,0,0,0,0,0,0,0,0,0,0
1915,Seychelles,690,EuropeandNorthernAmerica,1829,638,548,462,630,800,894,902,280,276,271,325,378,450,461,358,272,191,305,422,444,441
1916,Somalia,706,EuropeandNorthernAmerica,1829,0,0,0,0,0,0,0,0,0,0,0,0,0,0,0,0,0,0,0,0,0
1917,SouthSudan,728,EuropeandNorthernAmerica,1829,0,0,0,0,0,0,0,0,0,0,0,0,0,0,0,0,0,0,0,0,0
1918,Uganda,800,EuropeandNorthernAmerica,1829,3338,3155,3839,3710,3733,3746,3489,1946,1797,2162,2066,2066,2059,1910,1392,1358,1677,1644,1667,1687,1579
1919,UnitedRepublicofTanzania,834,EuropeandNorthernAmerica,1829,2639,3353,3533,3931,4030,4188,3726,1516,1926,2027,2276,2335,2096,1856,1123,1427,1506,1655,1695,2092,1870
1920,Zambia,894,EuropeandNorthernAmerica,1829,3049,2361,1867,2264,2784,2450,3424,1650,1277,1008,1223,1456,1278,1836,1399,1084,859,1041,1328,1172,1588
1921,Zimbabwe,716,EuropeandNorthernAmerica,1829,19136,18132,23747,19394,12174,12243,12705,10919,10344,13543,11061,6944,6896,7203,8217,7788,10204,8333,5230,5347,5502
1922,MiddleAfrica,911,EuropeandNorthernAmerica,1829,46538,49741,53746,45657,52964,61739,65744,25278,26932,28959,24584,28496,33630,35728,21260,22809,24787,21073,24468,28109,30016
1923,Angola,24,EuropeandNorthernAmerica,1829,5298,6156,7014,6772,6384,5867,5292,3379,3833,4287,3386,3191,2936,2616,1919,2323,2727,3386,3193,2931,2676
1924,Cameroon,120,EuropeandNorthernAmerica,1829,11808,10986,10163,7061,5620,7019,8164,6377,5919,5460,3783,3129,3485,4062,5431,5067,4703,3278,2491,3534,4102
1925,CentralAfricanRepublic,140,EuropeandNorthernAmerica,1829,11418,14503,16331,12751,12523,10782,11398,6025,7711,8724,6817,6697,5733,6007,5393,6792,7607,5934,5826,5049,5391
1926,Chad,148,EuropeandNorthernAmerica,1829,886,963,1039,720,853,1048,1216,478,519,560,326,382,482,553,408,444,479,394,471,566,663
1927,Congo,178,EuropeandNorthernAmerica,1829,10035,7729,7494,4765,11348,15082,14978,5163,3847,3553,2850,6138,7862,7771,4872,3882,3941,1915,5210,7220,7207
1928,DemocraticRepublicoftheCongo,180,EuropeandNorthernAmerica,1829,0,0,0,0,0,0,0,0,0,0,0,0,0,0,0,0,0,0,0,0,0
1929,EquatorialGuinea,226,EuropeandNorthernAmerica,1829,1478,1958,2437,3555,4672,5840,7018,700,921,1142,1710,2279,2886,3470,778,1037,1295,1845,2393,2954,3548
1930,Gabon,266,EuropeandNorthernAmerica,1829,5409,7234,9050,9862,11430,15983,17574,3045,4069,5120,5624,6611,10185,11194,2364,3165,3930,4238,4819,5798,6380
1931,SaoTomeandPrincipe,678,EuropeandNorthernAmerica,1829,206,212,218,171,134,118,104,111,113,113,88,69,61,55,95,99,105,83,65,57,49
1932,NorthernAfrica,912,EuropeandNorthernAmerica,1829,228910,164723,109090,119319,141901,150099,174581,114918,82896,56197,66407,77727,84408,97066,113992,81827,52893,52912,64174,65691,77515
1933,Algeria,12,EuropeandNorthernAmerica,1829,24629,14701,4770,3770,4139,4497,4668,12617,7347,2075,1641,1701,1848,1917,12012,7354,2695,2129,2438,2649,2751
1934,Egypt,818,EuropeandNorthernAmerica,1829,45880,36336,29677,35331,38014,26111,40776,22762,17749,14153,17994,18653,14652,20558,23118,18587,15524,17337,19361,11459,20218
1935,Libya,434,EuropeandNorthernAmerica,1829,128455,85687,44350,48891,53663,60067,64309,63920,43329,24452,30866,34048,37900,41122,64535,42358,19898,18025,19615,22167,23187
1936,Morocco,504,EuropeandNorthernAmerica,1829,23175,21263,22396,23749,35887,46281,50872,12257,11092,11504,12024,18080,23220,26178,10918,10171,10892,11725,17807,23061,24694
1937,Sudan,729,EuropeandNorthernAmerica,1829,0,0,0,0,0,0,0,0,0,0,0,0,0,0,0,0,0,0,0,0,0
1938,Tunisia,788,EuropeandNorthernAmerica,1829,6631,6581,7726,7376,9965,12875,13677,3299,3308,3933,3784,5130,6652,7149,3332,3273,3793,3592,4835,6223,6528
1939,WesternSahara,732,EuropeandNorthernAmerica,1829,140,155,171,202,233,268,279,63,71,80,98,115,136,142,77,84,91,104,118,132,137
1940,SouthernAfrica,913,EuropeandNorthernAmerica,1829,286997,240121,256558,326717,286219,238534,272171,123827,113830,128837,159818,139371,116089,140626,163170,126291,127721,166899,146848,122445,131545
1941,Botswana,72,EuropeandNorthernAmerica,1829,5354,3750,2539,4432,5356,5814,6200,3023,1897,971,2268,3008,3270,3500,2331,1853,1568,2164,2348,2544,2700
1942,Eswatini,748,EuropeandNorthernAmerica,1829,285,116,158,205,247,275,276,129,60,80,93,102,109,110,156,56,78,112,145,166,166
1943,Lesotho,426,EuropeandNorthernAmerica,1829,95,91,85,86,87,124,163,49,47,44,45,46,67,87,46,44,41,41,41,57,76
1944,Namibia,516,EuropeandNorthernAmerica,1829,25672,24541,22811,18026,17357,16977,18145,11463,11051,10313,8096,7821,7680,8236,14209,13490,12498,9930,9536,9297,9909
1945,SouthAfrica,710,EuropeandNorthernAmerica,1829,255591,211623,230965,303968,263172,215344,247387,109163,100775,117429,149316,128394,104963,128693,146428,110848,113536,154652,134778,110381,118694
1946,WesternAfrica,914,EuropeandNorthernAmerica,1829,37509,37509,35446,40856,37623,41249,43425,19078,19261,18091,21601,19621,21380,22645,18431,18248,17355,19255,18002,19869,20780
1947,Benin,204,EuropeandNorthernAmerica,1829,370,510,650,909,1161,1304,1402,190,265,340,458,574,659,711,180,245,310,451,587,645,691
1948,BurkinaFaso,854,EuropeandNorthernAmerica,1829,0,0,0,0,0,0,0,0,0,0,0,0,0,0,0,0,0,0,0,0,0
1949,CaboVerde,132,EuropeandNorthernAmerica,1829,1874,1982,2084,2569,3049,3164,3328,949,1032,1113,1297,1482,1533,1623,925,950,971,1272,1567,1631,1705
1950,CotedIvoire,384,EuropeandNorthernAmerica,1829,0,0,0,0,0,0,0,0,0,0,0,0,0,0,0,0,0,0,0,0,0
1951,Gambia,270,EuropeandNorthernAmerica,1829,0,0,0,0,0,0,0,0,0,0,0,0,0,0,0,0,0,0,0,0,0
1952,Ghana,288,EuropeandNorthernAmerica,1829,2112,2106,2354,3310,2609,3206,3668,1030,1130,1161,1732,1312,1614,1856,1082,976,1193,1578,1297,1592,1812
1953,Guinea,324,EuropeandNorthernAmerica,1829,4507,4097,3487,2825,2657,2241,2106,2501,2498,2101,1949,1751,1381,1322,2006,1599,1386,876,906,860,784
1954,GuineaBissau,624,EuropeandNorthernAmerica,1829,836,1074,1309,1269,1227,1301,947,432,565,698,649,599,629,470,404,509,611,620,628,672,477
1955,Liberia,430,EuropeandNorthernAmerica,1829,7680,7500,7368,3289,1397,1598,1224,3928,3757,3590,2108,671,762,602,3752,3743,3778,1181,726,836,622
1956,Mali,466,EuropeandNorthernAmerica,1829,3306,3161,2662,10902,8479,10430,12230,1752,1655,1383,5504,4592,5646,6635,1554,1506,1279,5398,3887,4784,5595
1957,Mauritania,478,EuropeandNorthernAmerica,1829,384,407,416,422,292,416,445,197,228,253,261,191,273,297,187,179,163,161,101,143,148
1958,Niger,562,EuropeandNorthernAmerica,1829,0,0,0,0,0,0,0,0,0,0,0,0,0,0,0,0,0,0,0,0,0
1959,Nigeria,566,EuropeandNorthernAmerica,1829,0,0,0,0,0,0,0,0,0,0,0,0,0,0,0,0,0,0,0,0,0
1960,SaintHelena,654,EuropeandNorthernAmerica,1829,127,83,77,111,163,247,287,80,51,45,59,92,168,203,47,32,32,52,71,79,84
1961,Senegal,686,EuropeandNorthernAmerica,1829,12836,13423,12133,13052,14600,15587,16087,6188,6430,5916,6377,7245,7732,7962,6648,6993,6217,6675,7355,7855,8125
1962,SierraLeone,694,EuropeandNorthernAmerica,1829,1365,1329,1294,768,592,468,409,715,679,644,449,357,289,261,650,650,650,319,235,179,148
1963,Togo,768,EuropeandNorthernAmerica,1829,2112,1837,1612,1430,1397,1287,1292,1116,971,847,758,755,694,703,996,866,765,672,642,593,589
1964,CentralAsia,5500,EuropeandNorthernAmerica,1829,5439295,4822654,4235932,4209533,4203436,4300929,4434810,2414397,2138943,1870761,1910382,1957280,2038696,2107045,3024898,2683711,2365171,2299151,2246156,2262233,2327765
1965,Kazakhstan,398,EuropeandNorthernAmerica,1829,2920931,2633288,2345641,2478933,2612222,2778416,2924163,1330029,1196998,1063967,1158414,1252861,1356238,1427431,1590902,1436290,1281674,1320519,1359361,1422178,1496732
1966,Kyrgyzstan,417,EuropeandNorthernAmerica,1829,506496,412538,307294,246901,182680,160885,156680,210768,170667,125523,100108,72729,63494,61839,295728,241871,181771,146793,109951,97391,94841
1967,Tajikistan,762,EuropeandNorthernAmerica,1829,372209,300498,256113,242563,241990,237932,238766,163065,129230,110690,103004,103330,100639,101114,209144,171268,145423,139559,138660,137293,137652
1968,Turkmenistan,795,EuropeandNorthernAmerica,1829,135826,113005,90801,89501,86616,86262,85623,56693,54185,42176,42010,38929,39320,39703,79133,58820,48625,47491,47687,46942,45920
1969,Uzbekistan,860,EuropeandNorthernAmerica,1829,1503833,1363325,1236083,1151635,1079928,1037434,1029578,653842,587863,528405,506846,489431,479005,476958,849991,775462,707678,644789,590497,558429,552620
1970,EasternAsia,906,EuropeandNorthernAmerica,1829,129673,165707,204841,234387,261441,290678,341949,70777,87336,106714,129829,147022,168438,197093,58896,78371,98127,104558,114419,122240,144856
1971,China,156,EuropeandNorthernAmerica,1829,6710,10945,15027,21723,27439,33845,36811,3970,6399,8730,13562,18129,22887,24897,2740,4546,6297,8161,9310,10958,11914
1972,DemPeoplesRepublicofKorea,408,EuropeandNorthernAmerica,1829,1052,1103,1151,1398,1643,1808,1841,575,595,613,753,894,989,1010,477,508,538,645,749,819,831
1973,Japan,392,EuropeandNorthernAmerica,1829,68121,82908,96541,106784,113214,118878,137157,34704,39795,44601,48641,50917,53035,61199,33417,43113,51940,58143,62297,65843,75958
1974,Mongolia,496,EuropeandNorthernAmerica,1829,3216,3539,3921,3553,3609,4461,4763,1522,1776,2056,1771,1873,1729,1837,1694,1763,1865,1782,1736,2732,2926
1975,RepublicofKorea,410,EuropeandNorthernAmerica,1829,13974,21759,36474,47915,61425,76262,103534,8024,11722,19784,33749,43578,58223,76010,5950,10037,16690,14166,17847,18039,27524
1976,SouthEasternAsia,920,EuropeandNorthernAmerica,1829,78393,81442,126038,135642,155315,167857,176575,45752,48210,69402,76202,86740,94558,99629,32641,33232,56636,59440,68575,73299,76946
1977,BruneiDarussalam,96,EuropeandNorthernAmerica,1829,2356,2358,2359,2411,2463,2515,2736,1359,1369,1381,1417,1453,1489,1622,997,989,978,994,1010,1026,1114
1978,Cambodia,116,EuropeandNorthernAmerica,1829,335,881,1420,1107,795,717,755,205,537,866,685,505,461,493,130,344,554,422,290,256,262
1979,Indonesia,360,EuropeandNorthernAmerica,1829,30842,20406,9970,27793,47402,52475,55167,16379,11087,5795,16039,26039,29338,30799,14463,9319,4175,11754,21363,23137,24368
1980,LaoPeoplesDemocraticRepublic,418,EuropeandNorthernAmerica,1829,0,0,0,0,0,0,0,0,0,0,0,0,0,0,0,0,0,0,0,0,0
1981,Malaysia,458,EuropeandNorthernAmerica,1829,3433,3930,5547,7431,8842,10782,11425,2154,2471,3479,4793,5840,7169,7712,1279,1459,2068,2638,3002,3613,3713
1982,Myanmar,104,EuropeandNorthernAmerica,1829,0,0,0,0,0,0,0,0,0,0,0,0,0,0,0,0,0,0,0,0,0
1983,Philippines,608,EuropeandNorthernAmerica,1829,27195,36588,81847,66235,58158,59070,62843,16080,21343,41714,34273,30389,30912,32969,11115,15245,40133,31962,27769,28158,29874
1984,Singapore,702,EuropeandNorthernAmerica,1829,4140,4765,5854,11679,18158,20830,21166,2276,2607,3153,6103,9407,10783,10945,1864,2158,2701,5576,8751,10047,10221
1985,Thailand,764,EuropeandNorthernAmerica,1829,9204,10224,13367,13285,14164,15191,15895,6824,7572,9817,9539,10020,10736,11232,2380,2652,3550,3746,4144,4455,4663
1986,TimorLeste,626,EuropeandNorthernAmerica,1829,322,345,374,397,406,335,328,149,160,173,183,183,192,190,173,185,201,214,223,143,138
1987,VietNam,704,EuropeandNorthernAmerica,1829,566,1945,5300,5304,4927,5942,6260,326,1064,3024,3170,2904,3478,3667,240,881,2276,2134,2023,2464,2593
1988,SouthernAsia,5501,EuropeandNorthernAmerica,1829,75749,80434,85080,124656,160577,161546,156174,38700,41928,44987,68094,84352,84419,60050,37049,38506,40093,56562,76225,77127,96124
1989,Afghanistan,4,EuropeandNorthernAmerica,1829,0,0,0,0,0,0,0,0,0,0,0,0,0,0,0,0,0,0,0,0,0
1990,Bangladesh,50,EuropeandNorthernAmerica,1829,41889,53163,64435,76566,88583,93789,91967,22621,28709,34797,41347,47836,50647,28407,19268,24454,29638,35219,40747,43142,63560
1991,Bhutan,64,EuropeandNorthernAmerica,1829,178,210,240,302,364,384,386,100,120,136,169,202,214,224,78,90,104,133,162,170,162
1992,India,356,EuropeandNorthernAmerica,1829,32597,24878,17154,42433,61760,57546,53818,15365,11664,7960,23804,31090,28433,26125,17232,13214,9194,18629,30670,29113,27693
1993,IranIslamicRepublicof,364,EuropeandNorthernAmerica,1829,0,0,0,0,0,0,0,0,0,0,0,0,0,0,0,0,0,0,0,0,0
1994,Maldives,462,EuropeandNorthernAmerica,1829,905,955,954,877,912,947,1017,497,473,517,508,632,753,820,408,482,437,369,280,194,197
1995,Nepal,524,EuropeandNorthernAmerica,1829,0,0,0,0,0,0,0,0,0,0,0,0,0,0,0,0,0,0,0,0,0
1996,Pakistan,586,EuropeandNorthernAmerica,1829,0,0,0,0,0,0,0,0,0,0,0,0,0,0,0,0,0,0,0,0,0
1997,SriLanka,144,EuropeandNorthernAmerica,1829,180,1228,2297,4478,8958,8880,8986,117,962,1577,2266,4592,4372,4474,63,266,720,2212,4366,4508,4512
1998,WesternAsia,922,EuropeandNorthernAmerica,1829,2149000,2122882,2117827,2086189,2132163,2149529,2598321,993960,982006,978183,953572,972024,922388,1039146,1155040,1140876,1139644,1132617,1160139,1227141,1559175
1999,Armenia,51,EuropeandNorthernAmerica,1829,79836,46718,26953,17837,14848,23596,23484,26746,14876,7685,5502,4928,7718,7821,53090,31842,19268,12335,9920,15878,15663
2000,Azerbaijan,31,EuropeandNorthernAmerica,1829,45139,39618,39928,37890,34690,33090,31576,12135,12403,12110,10678,10680,10680,10220,33004,27215,27818,27212,24010,22410,21356
2001,Bahrain,48,EuropeandNorthernAmerica,1829,2298,2265,2243,3235,4947,5361,6944,1359,1375,1384,2050,3173,3513,4629,939,890,859,1185,1774,1848,2315
2002,Cyprus,196,EuropeandNorthernAmerica,1829,26714,37784,48833,73434,112684,103110,106395,12451,16795,21137,31160,48802,45110,46987,14263,20989,27696,42274,63882,58000,59408
2003,Georgia,268,EuropeandNorthernAmerica,1829,236988,121857,51208,47635,49113,51555,53395,100861,51600,21462,19963,20593,21622,22477,136127,70257,29746,27672,28520,29933,30918
2004,Iraq,368,EuropeandNorthernAmerica,1829,210,248,235,273,280,273,274,142,148,117,174,184,195,191,68,100,118,99,96,78,83
2005,Israel,376,EuropeandNorthernAmerica,1829,828813,847750,819215,740308,670380,691382,671358,382203,383796,368878,331917,298153,305616,296782,446610,463954,450337,408391,372227,385766,374576
2006,Jordan,400,EuropeandNorthernAmerica,1829,6308,8423,10518,7906,16301,6731,8671,2565,3718,4893,4848,9422,3130,4034,3743,4705,5625,3058,6879,3601,4637
2007,Kuwait,414,EuropeandNorthernAmerica,1829,14253,10392,10573,11284,14830,19947,21638,6196,5218,6326,6870,9196,11265,12221,8057,5174,4247,4414,5634,8682,9417
2008,Lebanon,422,EuropeandNorthernAmerica,1829,1611,2493,3370,2594,1843,1560,1352,688,1075,1461,1182,914,747,664,923,1418,1909,1412,929,813,688
2009,Oman,512,EuropeandNorthernAmerica,1829,5071,6631,6328,5627,5838,13275,16966,3340,4337,4364,3843,4021,9766,12485,1731,2294,1964,1784,1817,3509,4481
2010,Qatar,634,EuropeandNorthernAmerica,1829,4204,4200,3573,4490,9054,7632,12720,2686,2832,2563,3188,7100,6099,10016,1518,1368,1010,1302,1954,1533,2704
2011,SaudiArabia,682,EuropeandNorthernAmerica,1829,0,0,0,0,0,0,0,0,0,0,0,0,0,0,0,0,0,0,0,0,0
2012,StateofPalestine,275,EuropeandNorthernAmerica,1829,8436,8244,8052,8032,8012,7992,8179,4043,3930,3816,3817,3818,3799,4048,4393,4314,4236,4215,4194,4193,4131
2013,SyrianArabRepublic,760,EuropeandNorthernAmerica,1829,0,0,0,0,0,0,0,0,0,0,0,0,0,0,0,0,0,0,0,0,0
2014,Turkey,792,EuropeandNorthernAmerica,1829,871705,966554,1063664,1099220,1133843,1123381,1569262,428318,467593,506973,511237,513881,453313,563181,443387,498961,556691,587983,619962,670068,1006081
2015,UnitedArabEmirates,784,EuropeandNorthernAmerica,1829,17414,19705,23134,26424,55500,60644,66107,10227,12310,15014,17143,37159,39815,43390,7187,7395,8120,9281,18341,20829,22717
2016,Yemen,887,EuropeandNorthernAmerica,1829,0,0,0,0,0,0,0,0,0,0,0,0,0,0,0,0,0,0,0,0,0
2017,EasternEurope,923,EuropeandNorthernAmerica,1829,13810324,13035105,12224692,11490371,10892770,11341361,12223867,6254804,5876664,5478649,5133074,4842601,5083806,5598807,7555520,7158441,6746043,6357297,6050169,6257555,6625060
2018,Belarus,112,EuropeandNorthernAmerica,1829,1098145,1042799,987440,972795,958131,951675,937824,496337,470965,445598,439008,432411,429458,423187,601808,571834,541842,533787,525720,522217,514637
2019,Bulgaria,100,EuropeandNorthernAmerica,1829,13886,22493,31076,42454,53205,76602,127595,4687,7942,11195,15363,19649,30560,58057,9199,14551,19881,27091,33556,46042,69538
2020,Czechia,203,EuropeandNorthernAmerica,1829,103729,155599,207459,268131,303922,320732,416361,53040,81681,110317,148943,178830,183219,240471,50689,73918,97142,119188,125092,137513,175890
2021,Hungary,348,EuropeandNorthernAmerica,1829,320608,290893,261155,320520,382793,377556,478919,142485,130799,119109,148958,180624,179800,245067,178123,160094,142046,171562,202169,197756,233852
2022,Poland,616,EuropeandNorthernAmerica,1829,1051525,899473,769436,678532,608942,579993,774663,445598,373276,312446,275087,243691,238665,364650,605927,526197,456990,403445,365251,341328,410013
2023,RepublicofMoldova,498,EuropeandNorthernAmerica,1829,494612,333821,225295,155567,116305,93693,91982,212555,138526,90080,60469,45755,37156,36543,282057,195295,135215,95098,70550,56537,55439
2024,Romania,642,EuropeandNorthernAmerica,1829,124922,115043,104729,116360,144205,254745,632775,51150,47719,44116,51642,66728,130243,341131,73772,67324,60613,64718,77477,124502,291644
2025,RussianFederation,643,EuropeandNorthernAmerica,1829,4894371,5169976,5258129,4911613,4464034,4784153,4781552,2401726,2514373,2536826,2327025,2070899,2222798,2221571,2492645,2655603,2721303,2584588,2393135,2561355,2559981
2026,Slovakia,703,EuropeandNorthernAmerica,1829,40471,66382,110493,123223,138900,168407,185913,17633,28646,47666,54041,62379,83079,93382,22838,37736,62827,69182,76521,85328,92531
2027,Ukraine,804,EuropeandNorthernAmerica,1829,5668055,4938626,4269480,3901176,3722333,3733805,3796283,2429593,2082737,1761296,1612538,1541635,1548828,1574748,3238462,2855889,2508184,2288638,2180698,2184977,2221535
2028,NorthernEurope,924,EuropeandNorthernAmerica,1829,3967820,3860460,3875128,4668255,5436415,6311494,7206366,1823487,1745259,1732229,2144240,2530750,2970903,3453875,2144333,2115201,2142899,2524015,2905665,3340591,3752491
2029,ChannelIslands,830,EuropeandNorthernAmerica,1829,60399,59282,62987,68807,74628,79174,80882,28410,27885,29616,32597,35572,37839,38658,31989,31397,33371,36210,39056,41335,42224
2030,Denmark,208,EuropeandNorthernAmerica,1829,142773,169749,196796,231909,254633,310224,373537,64755,78417,92069,110763,123387,152906,187718,78018,91332,104727,121146,131246,157318,185819
2031,Estonia,233,EuropeandNorthernAmerica,1829,362922,300949,238979,222694,206032,182212,182898,161568,128645,95719,88872,81704,73559,77689,201354,172304,143260,133822,124328,108653,105209
2032,FaroeIslands,234,EuropeandNorthernAmerica,1829,4001,2644,3256,4096,4448,4632,5638,2291,1455,1767,2230,2415,2454,3090,1710,1189,1489,1866,2033,2178,2548
2033,Finland,246,EuropeandNorthernAmerica,1829,42919,47131,51642,80127,97988,133138,159793,22087,25130,28315,43243,52277,70066,85730,20832,22001,23327,36884,45711,63072,74063
2034,Iceland,352,EuropeandNorthernAmerica,1829,8239,10439,12703,20672,28196,31323,53954,3714,4831,5964,10533,14844,15979,30818,4525,5608,6739,10139,13352,15344,23136
2035,Ireland,372,EuropeandNorthernAmerica,1829,219055,194124,275907,472830,591889,617233,706321,107621,92259,135731,248862,292616,307728,354248,111434,101865,140176,223968,299273,309505,352073
2036,IsleofMan,833,EuropeandNorthernAmerica,1829,32666,34699,36732,38777,40353,35647,36322,15379,16519,17658,19001,20021,17570,17907,17287,18180,19074,19776,20332,18077,18415
2037,Latvia,428,EuropeandNorthernAmerica,1829,640140,524136,408092,356304,295482,250006,221580,287343,226857,166354,144276,115405,96184,87046,352797,297279,241738,212028,180077,153822,134534
2038,Lithuania,440,EuropeandNorthernAmerica,1829,306935,242877,190240,182220,149418,126368,134704,143136,112952,88279,84235,63779,52643,67659,163799,129925,101961,97985,85639,73725,67045
2039,Norway,578,EuropeandNorthernAmerica,1829,109417,124970,152904,175466,275716,411405,448382,52494,59134,73091,84182,146877,226929,243389,56923,65836,79813,91284,128839,184476,204993
2040,Sweden,752,EuropeandNorthernAmerica,1829,429853,510105,547066,580467,641502,668068,782963,199191,234298,249339,266503,299945,312973,377577,230662,275807,297727,313964,341557,355095,405386
2041,UnitedKingdom,826,EuropeandNorthernAmerica,1829,1608501,1639355,1697824,2233886,2776130,3462064,4019392,735498,736877,748327,1008943,1281908,1604073,1882346,873003,902478,949497,1224943,1494222,1857991,2137046
2042,SouthernEurope,925,EuropeandNorthernAmerica,1829,2423277,3685402,4619133,6508233,8815681,8621005,9009737,1064050,1694273,2166099,3004277,4049537,3846324,4047745,1359227,1991129,2453034,3503956,4766144,4774681,4961992
2043,Albania,8,EuropeandNorthernAmerica,1829,56214,60762,65310,55129,44949,44305,41560,25830,28117,30406,27908,22754,22428,21070,30384,32645,34904,27221,22195,21877,20490
2044,Andorra,20,EuropeandNorthernAmerica,1829,37427,38785,40143,46779,47304,37820,40774,20019,20533,21042,24700,24979,19521,21195,17408,18252,19101,22079,22325,18299,19579
2045,BosniaandHerzegovina,70,EuropeandNorthernAmerica,1829,54542,68250,81959,46518,37841,37621,35154,25914,32578,39240,22132,18069,17965,16482,28628,35672,42719,24386,19772,19656,18672
2046,Croatia,191,EuropeandNorthernAmerica,1829,370410,562412,478914,513845,548754,551239,518774,171968,263026,224832,240370,255906,255183,240600,198442,299386,254082,273475,292848,296056,278174
2047,Gibraltar,292,EuropeandNorthernAmerica,1829,5417,5551,5684,6472,7259,7745,7836,2252,2374,2496,2995,3493,3779,3821,3165,3177,3188,3477,3766,3966,4015
2048,Greece,300,EuropeandNorthernAmerica,1829,327264,545658,773013,835200,930024,876486,896229,167962,280252,392331,403918,429464,385887,427394,159302,265406,380682,431282,500560,490599,468835
2049,HolySee,336,EuropeandNorthernAmerica,1829,0,0,0,0,0,0,0,0,0,0,0,0,0,0,0,0,0,0,0,0,0
2050,Italy,380,EuropeandNorthernAmerica,1829,682157,820561,959028,2084947,3251471,3207446,3350457,228699,313737,398767,853351,1332820,1277574,1326517,453458,506824,560261,1231596,1918651,1929872,2023940
2051,Malta,470,EuropeandNorthernAmerica,1829,9442,11087,14103,16540,18771,31699,69210,4235,5051,6578,7880,9755,16919,39546,5207,6036,7525,8660,9016,14780,29664
2052,Montenegro,499,EuropeandNorthernAmerica,1829,0,0,0,0,77929,70522,69803,0,0,0,0,31428,27652,27463,0,0,0,0,46501,42870,42340
2053,NorthMacedonia,807,EuropeandNorthernAmerica,1829,80231,92827,103902,105281,106703,107316,107783,33445,38663,43315,43888,43474,44348,44545,46786,54164,60587,61393,63229,62968,63238
2054,Portugal,620,EuropeandNorthernAmerica,1829,119051,159297,206053,259036,269041,304988,349975,58380,79118,103376,130406,136066,146489,173737,60671,80179,102677,128630,132975,158499,176238
2055,SanMarino,674,EuropeandNorthernAmerica,1829,3117,3460,3792,3972,4558,4793,5101,1637,1845,2062,2191,2621,2705,2831,1480,1615,1730,1781,1937,2088,2270
2056,Serbia,688,EuropeandNorthernAmerica,1829,98527,655338,898748,838408,819496,801016,816460,46292,304975,406340,374367,361174,351788,359089,52235,350363,492408,464041,458322,449228,457371
2057,Slovenia,705,EuropeandNorthernAmerica,1829,173865,169931,206633,208454,242325,233082,270685,87356,87891,109612,112069,139272,132104,158760,86509,82040,97021,96385,103053,100978,111925
2058,Spain,724,EuropeandNorthernAmerica,1829,405613,491483,781851,1487652,2409256,2304927,2429936,190061,236113,385702,758102,1238262,1141982,1184695,215552,255370,396149,729550,1170994,1162945,1245241
2059,WesternEurope,926,EuropeandNorthernAmerica,1829,8935410,10150884,11607953,11573707,12460443,13116789,16906759,4508668,5013580,5606325,5591594,5887924,6241346,8158615,4426742,5137304,6001628,5982113,6572519,6875443,8748144
2060,Austria,40,EuropeandNorthernAmerica,1829,597605,674211,750796,844164,947929,1067185,1251428,266175,306410,346649,389665,436761,488302,586475,331430,367801,404147,454499,511168,578883,664953
2061,Belgium,56,EuropeandNorthernAmerica,1829,549492,586567,603534,648439,778140,890074,966850,282156,304221,309798,329075,368952,427133,468249,267336,282346,293736,319364,409188,462941,498601
2062,France,250,EuropeandNorthernAmerica,1829,2704558,2791949,2879418,2332362,2572264,2613723,2676923,1276015,1292445,1308891,1080992,1149336,1208237,1235455,1428543,1499504,1570527,1251370,1422928,1405486,1441468
2063,Germany,276,EuropeandNorthernAmerica,1829,3667700,4565008,5666975,5805911,5947711,6083523,9268070,1994599,2341467,2761920,2821540,2863163,2910241,4515422,1673101,2223541,2905055,2984371,3084548,3173282,4752648
2064,Liechtenstein,438,EuropeandNorthernAmerica,1829,9993,12161,14106,17327,20796,22045,24021,5484,6495,7319,8702,10176,10838,11861,4509,5666,6787,8625,10620,11207,12160
2065,Luxembourg,442,EuropeandNorthernAmerica,1829,108215,120661,134258,145895,158993,242582,242304,53543,59865,66928,72737,79300,122857,124210,54672,60796,67330,73158,79693,119725,118094
2066,Monaco,492,EuropeandNorthernAmerica,1829,11565,11581,11614,11149,10842,13452,13768,5422,5475,5539,5329,5191,6501,6654,6143,6106,6075,5820,5651,6951,7114
2067,Netherlands,528,EuropeandNorthernAmerica,1829,343471,383019,435945,484283,557333,571702,725060,160705,176136,197131,218438,255235,266145,345403,182766,206883,238814,265845,302098,305557,379657
2068,Switzerland,756,EuropeandNorthernAmerica,1829,942811,1005727,1111307,1284177,1466435,1612503,1738335,464569,521066,602150,665116,719810,801092,864886,478242,484661,509157,619061,746625,811411,873449
2069,Caribbean,915,EuropeandNorthernAmerica,1829,426110,448158,474449,464604,441216,420384,420836,213029,222603,234437,227333,213555,201973,203141,213081,225555,240012,237271,227661,218411,217695
2070,Anguilla,660,EuropeandNorthernAmerica,1829,440,567,694,798,868,929,966,145,179,213,247,270,290,300,295,388,481,551,598,639,666
2071,AntiguaandBarbuda,28,EuropeandNorthernAmerica,1829,2306,2917,3525,3782,4036,4292,4476,1108,1427,1749,1872,1999,2124,2224,1198,1490,1776,1910,2037,2168,2252
2072,Aruba,533,EuropeandNorthernAmerica,1829,2698,3621,4543,4868,5099,5361,5993,1368,1861,2353,2510,2619,2752,3016,1330,1760,2190,2358,2480,2609,2977
2073,Bahamas,44,EuropeandNorthernAmerica,1829,7604,8001,8372,11025,13706,14851,15879,3600,3993,4340,5685,7034,7569,8113,4004,4008,4032,5340,6672,7282,7766
2074,Barbados,52,EuropeandNorthernAmerica,1829,4768,5204,5641,4843,4057,4260,4303,2126,2368,2609,2200,1796,1886,1908,2642,2836,3032,2643,2261,2374,2395
2075,BritishVirginIslands,92,EuropeandNorthernAmerica,1829,1275,1500,1723,1974,2534,2897,3284,640,735,831,952,1229,1395,1582,635,765,892,1022,1305,1502,1702
2076,CaymanIslands,136,EuropeandNorthernAmerica,1829,3323,4232,6175,6145,6674,7257,8086,1771,2281,3371,3274,3475,3784,4233,1552,1951,2804,2871,3199,3473,3853
2077,Cuba,192,EuropeandNorthernAmerica,1829,21222,16088,11437,7217,4568,2885,1874,9928,7170,4637,2951,1894,1215,806,11294,8918,6800,4266,2674,1670,1068
2078,CuraÃao,531,EuropeandNorthernAmerica,1829,0,0,0,0,10250,11125,12442,0,0,0,0,5180,5638,6444,0,0,0,0,5070,5487,5998
2079,Dominica,212,EuropeandNorthernAmerica,1829,567,748,891,1098,1339,1560,1588,314,414,497,612,753,877,898,253,334,394,486,586,683,690
2080,DominicanRepublic,214,EuropeandNorthernAmerica,1829,41820,46460,51080,47221,43375,35919,37470,25506,27894,30275,27444,24619,21636,22554,16314,18566,20805,19777,18756,14283,14916
2081,Grenada,308,EuropeandNorthernAmerica,1829,85,145,205,215,225,227,225,42,89,136,143,150,152,143,43,56,69,72,75,75,82
2082,Guadeloupe,312,EuropeandNorthernAmerica,1829,33382,42577,51767,54693,57614,55196,54646,16705,21025,25344,25814,26283,23784,23265,16677,21552,26423,28879,31331,31412,31381
2083,Haiti,332,EuropeandNorthernAmerica,1829,6647,6311,5991,5686,5966,6261,6543,4041,3840,3649,3466,3638,3819,3999,2606,2471,2342,2220,2328,2442,2544
2084,Jamaica,388,EuropeandNorthernAmerica,1829,11184,12178,13185,12844,12514,12245,12519,5436,6006,6580,6456,6332,6196,6328,5748,6172,6605,6388,6182,6049,6191
2085,Martinique,474,EuropeandNorthernAmerica,1829,29857,35881,41894,43852,45804,53182,52757,15113,17618,20121,20502,20882,23391,23205,14744,18263,21773,23350,24922,29791,29552
2086,Montserrat,500,EuropeandNorthernAmerica,1829,385,311,231,240,250,260,260,199,159,120,124,128,134,137,186,152,111,116,122,126,123
2087,PuertoRico,630,EuropeandNorthernAmerica,1829,235741,237761,240365,229291,189394,168174,162636,113590,113701,114066,108630,88774,78449,75555,122151,124060,126299,120661,100620,89725,87081
2088,SaintBarthelemy,652,EuropeandNorthernAmerica,1829,0,0,0,0,0,0,0,0,0,0,0,0,0,0,0,0,0,0,0,0,0
2089,SaintKittsandNevis,659,EuropeandNorthernAmerica,1829,0,0,0,0,0,0,0,0,0,0,0,0,0,0,0,0,0,0,0,0,0
2090,SaintLucia,662,EuropeandNorthernAmerica,1829,895,1195,1657,2008,2201,2102,2012,443,593,831,1006,1117,1063,1025,452,602,826,1002,1084,1039,987
2091,SaintMartinFrenchpart,663,EuropeandNorthernAmerica,1829,0,0,0,0,0,0,0,0,0,0,0,0,0,0,0,0,0,0,0,0,0
2092,SaintVincentandtheGrenadines,670,EuropeandNorthernAmerica,1829,1116,1170,1220,1256,1301,1319,1348,571,601,626,650,681,704,738,545,569,594,606,620,615,610
2093,SintMaartenDutchpart,534,EuropeandNorthernAmerica,1829,0,0,0,587,1173,1222,1285,0,0,0,284,564,587,622,0,0,0,303,609,635,663
2094,TrinidadandTobago,780,EuropeandNorthernAmerica,1829,5687,5161,6673,7160,9844,10196,11320,2809,2545,3443,3687,5097,5359,6742,2878,2616,3230,3473,4747,4837,4578
2095,TurksandCaicosIslands,796,EuropeandNorthernAmerica,1829,862,1165,1468,1520,1573,1803,2038,445,613,784,797,850,976,1108,417,552,684,723,723,827,930
2096,UnitedStatesVirginIslands,850,EuropeandNorthernAmerica,1829,14246,14965,15712,16281,16851,16861,16886,7129,7491,7862,8027,8191,8193,8196,7117,7474,7850,8254,8660,8668,8690
2097,CentralAmerica,916,EuropeandNorthernAmerica,1829,308402,382397,479845,640890,891597,891348,982489,155439,193486,244683,328517,459966,456130,509527,152963,188911,235162,312373,431631,435218,472962
2098,Belize,84,EuropeandNorthernAmerica,1829,2794,2767,2737,3661,4564,5381,6099,1496,1478,1458,1935,2411,2829,3210,1298,1289,1279,1726,2153,2552,2889
2099,CostaRica,188,EuropeandNorthernAmerica,1829,17620,14772,19308,12694,24988,25304,30344,9914,8469,10993,7139,14100,14236,17744,7706,6303,8315,5555,10888,11068,12600
2100,ElSalvador,222,EuropeandNorthernAmerica,1829,10963,8583,6223,6562,6926,7221,7332,5720,4467,3211,3387,3568,3728,3787,5243,4116,3012,3175,3358,3493,3545
2101,Guatemala,320,EuropeandNorthernAmerica,1829,8802,8388,7965,9457,10969,12032,13556,3193,3624,4051,5183,6314,7030,7887,5609,4764,3914,4274,4655,5002,5669
2102,Honduras,340,EuropeandNorthernAmerica,1829,4112,5299,6481,6339,6211,8704,8890,2439,3026,3614,3577,3529,4945,5055,1673,2273,2867,2762,2682,3759,3835
2103,Mexico,484,EuropeandNorthernAmerica,1829,249119,327791,420566,580350,807204,797202,874576,124145,163944,211781,294280,411327,401725,445872,124974,163847,208785,286070,395877,395477,428704
2104,Nicaragua,558,EuropeandNorthernAmerica,1829,6207,4930,4966,5090,5435,5902,6156,3155,2487,2616,2775,2987,3243,3394,3052,2443,2350,2315,2448,2659,2762
2105,Panama,591,EuropeandNorthernAmerica,1829,8785,9867,11599,16737,25300,29602,35536,5377,5991,6959,10241,15730,18394,22578,3408,3876,4640,6496,9570,11208,12958
2106,SouthAmerica,931,EuropeandNorthernAmerica,1829,1685459,1459101,1238490,1110242,1013391,1162116,1245614,858316,742919,630985,570108,526170,599542,653869,827143,716182,607505,540134,487221,562574,591745
2107,Argentina,32,EuropeandNorthernAmerica,1829,699579,565529,431492,349613,267570,306262,309218,328548,263403,198292,158106,117913,134779,137168,371031,302126,233200,191507,149657,171483,172050
2108,BoliviaPlurinationalStateof,68,EuropeandNorthernAmerica,1829,11596,12299,12867,18240,23563,27471,30517,5970,6392,6746,9574,12386,14421,16028,5626,5907,6121,8666,11177,13050,14489
2109,Brazil,76,EuropeandNorthernAmerica,1829,510974,454109,397232,342947,286308,330629,359233,270717,240604,210492,183767,155208,174835,194210,240257,213505,186740,159180,131100,155794,165023
2110,Chile,152,EuropeandNorthernAmerica,1829,27308,28011,28691,37173,45643,69144,60302,14483,14774,15082,19749,24410,38267,31298,12825,13237,13609,17424,21233,30877,29004
2111,Colombia,170,EuropeandNorthernAmerica,1829,29607,30039,30467,29189,35356,43037,51957,15859,16072,16286,15639,19433,24263,29729,13748,13967,14181,13550,15923,18774,22228
2112,Ecuador,218,EuropeandNorthernAmerica,1829,18538,21397,24246,29010,46195,58446,61109,9596,11168,12746,15536,24196,30440,35159,8942,10229,11500,13474,21999,28006,25950
2113,FalklandIslandsMalvinas,238,EuropeandNorthernAmerica,1829,679,660,725,680,815,891,1112,390,385,431,392,457,494,616,289,275,294,288,358,397,496
2114,FrenchGuiana,254,EuropeandNorthernAmerica,1829,15544,18324,21103,21080,21055,21283,23917,9181,10308,11436,11315,11195,11224,12614,6363,8016,9667,9765,9860,10059,11303
2115,Guyana,328,EuropeandNorthernAmerica,1829,508,817,1124,1514,1184,1252,1312,272,439,605,821,668,707,743,236,378,519,693,516,545,569
2116,Paraguay,600,EuropeandNorthernAmerica,1829,8248,9184,10097,9616,9158,8935,9669,4501,5240,5939,5659,5383,5249,5695,3747,3944,4158,3957,3775,3686,3974
2117,Peru,604,EuropeandNorthernAmerica,1829,19579,19603,22933,26936,36546,50050,98773,10369,10256,12001,14216,20573,29204,59866,9210,9347,10932,12720,15973,20846,38907
2118,Suriname,740,EuropeandNorthernAmerica,1829,1312,1621,2002,2450,2890,3138,3476,708,878,1084,1335,1576,1713,1910,604,743,918,1115,1314,1425,1566
2119,Uruguay,858,EuropeandNorthernAmerica,1829,62277,53473,44299,32853,28223,29140,34771,28237,25011,21541,15820,13471,13903,17030,34040,28462,22758,17033,14752,15237,17741
2120,VenezuelaBolivarianRepublicof,862,EuropeandNorthernAmerica,1829,279710,244035,211212,208941,208885,212438,200248,159485,137989,118304,118179,119301,120043,111803,120225,106046,92908,90762,89584,92395,88445
2121,Bermuda,60,EuropeandNorthernAmerica,1829,12802,13216,11583,11823,12069,12394,12190,5955,6250,5350,5542,5645,5901,5827,6847,6966,6233,6281,6424,6493,6363
2122,Canada,124,EuropeandNorthernAmerica,1829,2525132,2474105,2481903,2401563,2376970,2321220,2515092,1229301,1198903,1197287,1158593,1148313,1117841,1211231,1295831,1275202,1284616,1242970,1228657,1203379,1303861
2123,Greenland,304,EuropeandNorthernAmerica,1829,9218,7022,6437,6331,5701,5429,5328,6454,4815,4521,4345,3932,3671,3551,2764,2207,1916,1986,1769,1758,1777
2124,SaintPierreandMiquelon,666,EuropeandNorthernAmerica,1829,945,1147,1276,1127,997,967,938,470,586,661,587,519,504,489,475,561,615,540,478,463,449
2125,UnitedStatesofAmerica,840,EuropeandNorthernAmerica,1829,5097163,5418901,5739676,5700524,5835475,5686239,5424844,2258617,2426323,2597656,2610473,2609609,2547579,2420792,2838546,2992578,3142020,3090051,3225866,3138660,3004052
2126,Australia,36,EuropeandNorthernAmerica,1829,2412212,2423473,2406040,2412266,2496740,2533660,2692375,1240954,1238731,1222955,1217809,1255137,1282042,1353806,1171258,1184742,1183085,1194457,1241603,1251618,1338569
2127,NewZealand,554,EuropeandNorthernAmerica,1829,287046,283530,287830,320703,348694,371114,444027,146184,143341,139910,155666,168968,179471,214743,140862,140189,147920,165037,179726,191643,229284
2128,Melanesia,928,EuropeandNorthernAmerica,1829,24906,27920,29890,35275,40237,47986,50770,14374,15977,17035,19837,22320,26573,28020,10532,11943,12855,15438,17917,21413,22750
2129,Fiji,242,EuropeandNorthernAmerica,1829,759,646,528,308,331,341,348,432,365,293,163,177,184,189,327,281,235,145,154,157,159
2130,NewCaledonia,540,EuropeandNorthernAmerica,1829,19676,22803,25932,31266,36601,44271,47031,11379,13041,14704,17398,20091,24279,25697,8297,9762,11228,13868,16510,19992,21334
2131,PapuaNewGuinea,598,EuropeandNorthernAmerica,1829,3768,3858,2886,3086,2615,2650,2655,2137,2226,1739,1955,1702,1742,1758,1631,1632,1147,1131,913,908,897
2132,SolomonIslands,90,EuropeandNorthernAmerica,1829,220,219,209,136,73,68,66,138,137,130,84,42,40,40,82,82,79,52,31,28,26
2133,Vanuatu,548,EuropeandNorthernAmerica,1829,483,394,335,479,617,656,670,288,208,169,237,308,328,336,195,186,166,242,309,328,334
2134,Micronesia,954,EuropeandNorthernAmerica,1829,30441,26594,22666,22335,21670,21731,22829,18783,16035,13246,12355,11330,11368,11924,11658,10559,9420,9980,10340,10363,10905
2135,Guam,316,EuropeandNorthernAmerica,1829,27990,23543,19095,18719,18343,18508,19572,17285,14198,11110,10289,9468,9547,10096,10705,9345,7985,8430,8875,8961,9476
2136,Kiribati,296,EuropeandNorthernAmerica,1829,66,58,51,50,49,48,49,35,34,34,34,33,33,36,31,24,17,16,16,15,13
2137,MarshallIslands,584,EuropeandNorthernAmerica,1829,633,716,856,1053,1346,1430,1441,399,436,515,648,826,876,881,234,280,341,405,520,554,560
2138,MicronesiaFedStatesof,583,EuropeandNorthernAmerica,1829,234,212,197,183,176,172,175,134,135,110,100,96,94,97,100,77,87,83,80,78,78
2139,Nauru,520,EuropeandNorthernAmerica,1829,0,0,0,0,0,0,0,0,0,0,0,0,0,0,0,0,0,0,0,0,0
2140,NorthernMarianaIslands,580,EuropeandNorthernAmerica,1829,1203,1530,1951,1953,1395,1249,1259,734,929,1144,1085,725,646,652,469,601,807,868,670,603,607
2141,Palau,585,EuropeandNorthernAmerica,1829,315,535,516,377,361,324,333,196,303,333,199,182,172,162,119,232,183,178,179,152,171
2142,Polynesia,957,EuropeandNorthernAmerica,1829,23380,25508,27174,28247,27396,27695,27713,14228,15321,16138,16380,15706,15862,15877,9152,10187,11036,11867,11690,11833,11836
2143,AmericanSamoa,16,EuropeandNorthernAmerica,1829,3510,3544,3578,3066,2553,2548,2557,1872,1875,1878,1578,1278,1267,1272,1638,1669,1700,1488,1275,1281,1285
2144,CookIslands,184,EuropeandNorthernAmerica,1829,76,80,82,108,132,137,148,59,62,64,79,92,96,104,17,18,18,29,40,41,44
2145,FrenchPolynesia,258,EuropeandNorthernAmerica,1829,19043,20912,22360,23857,23424,23726,23743,11883,12869,13600,14098,13680,13845,13856,7160,8043,8760,9759,9744,9881,9887
2146,Niue,570,EuropeandNorthernAmerica,1829,11,14,18,19,11,10,9,6,8,11,12,8,8,8,5,6,7,7,3,2,1
2147,Samoa,882,EuropeandNorthernAmerica,1829,372,476,580,544,477,393,364,201,252,300,281,243,200,188,171,224,280,263,234,193,176
2148,Tokelau,772,EuropeandNorthernAmerica,1829,0,0,0,0,0,0,0,0,0,0,0,0,0,0,0,0,0,0,0,0,0
2149,Tonga,776,EuropeandNorthernAmerica,1829,0,0,0,0,0,0,0,0,0,0,0,0,0,0,0,0,0,0,0,0,0
2150,Tuvalu,798,EuropeandNorthernAmerica,1829,41,21,11,7,4,4,3,37,19,10,6,3,3,3,4,2,1,1,1,1,0
2151,WallisandFutunaIslands,876,EuropeandNorthernAmerica,1829,327,461,545,646,795,877,889,170,236,275,326,402,443,446,157,225,270,320,393,434,443
2152,SubSaharanAfrica,947,SouthAmerica,931,5296,4861,5055,5931,9468,14373,15943,2328,2307,2461,2803,4420,6977,8318,2968,2554,2594,3128,5048,7396,7625
2153,NorthernAfricaandWesternAsia,1833,SouthAmerica,931,42177,48764,52784,57896,63904,65477,64113,19863,22597,24410,26821,29538,30084,29410,22314,26167,28374,31075,34366,35393,34703
2154,CentralandSouthernAsia,921,SouthAmerica,931,552,5387,10221,12165,14083,14919,14628,299,2909,5520,6570,7605,8057,4518,253,2478,4701,5595,6478,6862,10110
2155,EasternandSouthEasternAsia,1832,SouthAmerica,931,74290,234827,340373,320256,343529,291277,330331,38015,113601,159722,151536,163674,152092,172343,36275,121226,180651,168720,179855,139185,157988
2156,LatinAmericaandtheCaribbean,1830,SouthAmerica,931,2203657,2409613,2626675,3090756,3927986,4481520,9133566,1083562,1173185,1267587,1478943,1885365,2157648,4470642,1120095,1236428,1359088,1611813,2042621,2323872,4662924
2157,OceaniaexcludingAustraliaandNewZealand,1835,SouthAmerica,931,0,0,0,0,0,0,0,0,0,0,0,0,0,0,0,0,0,0,0,0,0
2158,AustraliaandNewZealand,927,SouthAmerica,931,68175,70312,69585,80204,105442,134428,180834,33428,34028,33362,38248,50561,64524,86758,34747,36284,36223,41956,54881,69904,94076
2159,EuropeandNorthernAmerica,1829,SouthAmerica,931,1916441,2571623,3328817,5285677,6695285,6777477,7873320,854449,1143770,1482853,2386738,2952023,2920358,3359784,1061992,1427853,1845964,2898939,3743262,3857119,4513536
2160,Developedregions,901,SouthAmerica,931,2054000,2860518,3702061,5637868,7089096,7135987,8311665,923225,1282715,1656498,2548874,3132280,3094373,3572671,1130775,1577803,2045563,3088994,3956816,4041614,4738994
2161,Lessdevelopedregions,902,SouthAmerica,931,2256588,2484869,2731449,3215017,4070601,4643484,9301070,1108719,1209682,1319417,1542785,1960906,2245367,4559102,1147869,1275187,1412032,1672232,2109695,2398117,4741968
2162,Leastdevelopedcountries,941,SouthAmerica,931,6465,11145,15632,17350,21078,25152,25340,3419,5971,8390,9326,11307,13637,10361,3046,5174,7242,8024,9771,11515,14979
2163,LandlockedDevelopingCountriesLLDC,1636,SouthAmerica,931,215693,217133,217436,219039,222506,232793,260162,112029,112760,112420,113688,115794,121145,135584,103664,104373,105016,105351,106712,111648,124578
2164,SmallislanddevelopingStatesSIDS,1637,SouthAmerica,931,75083,88686,104299,104624,112952,115052,223995,37808,44040,51176,50758,53824,54805,103225,37275,44646,53123,53866,59128,60247,120770
2165,Highincomecountries,1503,SouthAmerica,931,2223779,3081437,3975182,6016319,7587603,7825301,9965039,1006265,1386198,1781204,2720350,3357833,3415850,4365980,1217514,1695239,2193978,3295969,4229770,4409451,5599059
2166,Middleincomecountries,1517,SouthAmerica,931,2054624,2229557,2421821,2790232,3513926,3887042,7573793,1008693,1088659,1176692,1348730,1707167,1889883,3728319,1045931,1140898,1245129,1441502,1806759,1997159,3845474
2167,Uppermiddleincomecountries,1502,SouthAmerica,931,1999176,2161531,2335777,2694033,3410805,3768969,7440022,980476,1053661,1132139,1298347,1652687,1827421,3660991,1018700,1107870,1203638,1395686,1758118,1941548,3779031
2168,Lowermiddleincomecountries,1501,SouthAmerica,931,55448,68026,86044,96199,103121,118073,133771,28217,34998,44553,50383,54480,62462,67328,27231,33028,41491,45816,48641,55611,66443
2169,Lowincomecountries,1500,SouthAmerica,931,5588,6164,6629,6787,9031,12594,13108,2988,3267,3463,3550,4728,6736,7014,2600,2897,3166,3237,4303,5858,6094
2170,EasternAfrica,910,SouthAmerica,931,0,0,0,0,0,0,0,0,0,0,0,0,0,0,0,0,0,0,0,0,0
2171,Burundi,108,SouthAmerica,931,0,0,0,0,0,0,0,0,0,0,0,0,0,0,0,0,0,0,0,0,0
2172,Comoros,174,SouthAmerica,931,0,0,0,0,0,0,0,0,0,0,0,0,0,0,0,0,0,0,0,0,0
2173,Djibouti,262,SouthAmerica,931,0,0,0,0,0,0,0,0,0,0,0,0,0,0,0,0,0,0,0,0,0
2174,Eritrea,232,SouthAmerica,931,0,0,0,0,0,0,0,0,0,0,0,0,0,0,0,0,0,0,0,0,0
2175,Ethiopia,231,SouthAmerica,931,0,0,0,0,0,0,0,0,0,0,0,0,0,0,0,0,0,0,0,0,0
2176,Kenya,404,SouthAmerica,931,0,0,0,0,0,0,0,0,0,0,0,0,0,0,0,0,0,0,0,0,0
2177,Madagascar,450,SouthAmerica,931,0,0,0,0,0,0,0,0,0,0,0,0,0,0,0,0,0,0,0,0,0
2178,Malawi,454,SouthAmerica,931,0,0,0,0,0,0,0,0,0,0,0,0,0,0,0,0,0,0,0,0,0
2179,Mauritius,480,SouthAmerica,931,0,0,0,0,0,0,0,0,0,0,0,0,0,0,0,0,0,0,0,0,0
2180,Mayotte,175,SouthAmerica,931,0,0,0,0,0,0,0,0,0,0,0,0,0,0,0,0,0,0,0,0,0
2181,Mozambique,508,SouthAmerica,931,0,0,0,0,0,0,0,0,0,0,0,0,0,0,0,0,0,0,0,0,0
2182,Reunion,638,SouthAmerica,931,0,0,0,0,0,0,0,0,0,0,0,0,0,0,0,0,0,0,0,0,0
2183,Rwanda,646,SouthAmerica,931,0,0,0,0,0,0,0,0,0,0,0,0,0,0,0,0,0,0,0,0,0
2184,Seychelles,690,SouthAmerica,931,0,0,0,0,0,0,0,0,0,0,0,0,0,0,0,0,0,0,0,0,0
2185,Somalia,706,SouthAmerica,931,0,0,0,0,0,0,0,0,0,0,0,0,0,0,0,0,0,0,0,0,0
2186,SouthSudan,728,SouthAmerica,931,0,0,0,0,0,0,0,0,0,0,0,0,0,0,0,0,0,0,0,0,0
2187,Uganda,800,SouthAmerica,931,0,0,0,0,0,0,0,0,0,0,0,0,0,0,0,0,0,0,0,0,0
2188,UnitedRepublicofTanzania,834,SouthAmerica,931,0,0,0,0,0,0,0,0,0,0,0,0,0,0,0,0,0,0,0,0,0
2189,Zambia,894,SouthAmerica,931,0,0,0,0,0,0,0,0,0,0,0,0,0,0,0,0,0,0,0,0,0
2190,Zimbabwe,716,SouthAmerica,931,0,0,0,0,0,0,0,0,0,0,0,0,0,0,0,0,0,0,0,0,0
2191,MiddleAfrica,911,SouthAmerica,931,0,0,0,0,0,0,0,0,0,0,0,0,0,0,0,0,0,0,0,0,0
2192,Angola,24,SouthAmerica,931,0,0,0,0,0,0,0,0,0,0,0,0,0,0,0,0,0,0,0,0,0
2193,Cameroon,120,SouthAmerica,931,0,0,0,0,0,0,0,0,0,0,0,0,0,0,0,0,0,0,0,0,0
2194,CentralAfricanRepublic,140,SouthAmerica,931,0,0,0,0,0,0,0,0,0,0,0,0,0,0,0,0,0,0,0,0,0
2195,Chad,148,SouthAmerica,931,0,0,0,0,0,0,0,0,0,0,0,0,0,0,0,0,0,0,0,0,0
2196,Congo,178,SouthAmerica,931,0,0,0,0,0,0,0,0,0,0,0,0,0,0,0,0,0,0,0,0,0
2197,DemocraticRepublicoftheCongo,180,SouthAmerica,931,0,0,0,0,0,0,0,0,0,0,0,0,0,0,0,0,0,0,0,0,0
2198,EquatorialGuinea,226,SouthAmerica,931,0,0,0,0,0,0,0,0,0,0,0,0,0,0,0,0,0,0,0,0,0
2199,Gabon,266,SouthAmerica,931,0,0,0,0,0,0,0,0,0,0,0,0,0,0,0,0,0,0,0,0,0
2200,SaoTomeandPrincipe,678,SouthAmerica,931,0,0,0,0,0,0,0,0,0,0,0,0,0,0,0,0,0,0,0,0,0
2201,NorthernAfrica,912,SouthAmerica,931,970,747,564,656,711,586,778,484,378,296,376,401,357,455,486,369,268,280,310,229,323
2202,Algeria,12,SouthAmerica,931,0,0,0,0,0,0,0,0,0,0,0,0,0,0,0,0,0,0,0,0,0
2203,Egypt,818,SouthAmerica,931,580,461,376,448,483,331,508,327,254,199,250,262,202,289,253,207,177,198,221,129,219
2204,Libya,434,SouthAmerica,931,390,286,188,208,228,255,270,157,124,97,126,139,155,166,233,162,91,82,89,100,104
2205,Morocco,504,SouthAmerica,931,0,0,0,0,0,0,0,0,0,0,0,0,0,0,0,0,0,0,0,0,0
2206,Sudan,729,SouthAmerica,931,0,0,0,0,0,0,0,0,0,0,0,0,0,0,0,0,0,0,0,0,0
2207,Tunisia,788,SouthAmerica,931,0,0,0,0,0,0,0,0,0,0,0,0,0,0,0,0,0,0,0,0,0
2208,WesternSahara,732,SouthAmerica,931,0,0,0,0,0,0,0,0,0,0,0,0,0,0,0,0,0,0,0,0,0
2209,SouthernAfrica,913,SouthAmerica,931,4216,3677,3975,4797,6663,8396,9685,1770,1670,1888,2196,2941,3694,4875,2446,2007,2087,2601,3722,4702,4810
2210,Botswana,72,SouthAmerica,931,0,0,0,0,0,0,0,0,0,0,0,0,0,0,0,0,0,0,0,0,0
2211,Eswatini,748,SouthAmerica,931,0,0,0,0,0,0,0,0,0,0,0,0,0,0,0,0,0,0,0,0,0
2212,Lesotho,426,SouthAmerica,931,0,0,0,0,0,0,0,0,0,0,0,0,0,0,0,0,0,0,0,0,0
2213,Namibia,516,SouthAmerica,931,912,870,813,641,616,601,640,387,373,350,274,265,260,279,525,497,463,367,351,341,361
2214,SouthAfrica,710,SouthAmerica,931,3304,2807,3162,4156,6047,7795,9045,1383,1297,1538,1922,2676,3434,4596,1921,1510,1624,2234,3371,4361,4449
2215,WesternAfrica,914,SouthAmerica,931,1080,1184,1080,1134,2805,5977,6258,558,637,573,607,1479,3283,3443,522,547,507,527,1326,2694,2815
2216,Benin,204,SouthAmerica,931,0,0,0,0,0,0,0,0,0,0,0,0,0,0,0,0,0,0,0,0,0
2217,BurkinaFaso,854,SouthAmerica,931,0,0,0,0,0,0,0,0,0,0,0,0,0,0,0,0,0,0,0,0,0
2218,CaboVerde,132,SouthAmerica,931,86,116,144,214,282,293,306,41,57,73,104,134,139,146,45,59,71,110,148,154,160
2219,CotedIvoire,384,SouthAmerica,931,0,0,0,0,0,0,0,0,0,0,0,0,0,0,0,0,0,0,0,0,0
2220,Gambia,270,SouthAmerica,931,0,0,0,0,0,0,0,0,0,0,0,0,0,0,0,0,0,0,0,0,0
2221,Ghana,288,SouthAmerica,931,7,7,8,11,11,13,13,3,4,4,6,6,7,8,4,3,4,5,5,6,5
2222,Guinea,324,SouthAmerica,931,248,285,199,139,97,2768,2648,153,188,132,101,70,1605,1545,95,97,67,38,27,1163,1103
2223,GuineaBissau,624,SouthAmerica,931,0,0,0,0,0,0,0,0,0,0,0,0,0,0,0,0,0,0,0,0,0
2224,Liberia,430,SouthAmerica,931,0,0,0,0,0,0,0,0,0,0,0,0,0,0,0,0,0,0,0,0,0
2225,Mali,466,SouthAmerica,931,0,0,0,0,1649,2028,2377,0,0,0,0,867,1066,1254,0,0,0,0,782,962,1123
2226,Mauritania,478,SouthAmerica,931,203,216,223,226,157,225,244,103,120,135,139,101,144,158,100,96,88,87,56,81,86
2227,Niger,562,SouthAmerica,931,0,0,0,0,0,0,0,0,0,0,0,0,0,0,0,0,0,0,0,0,0
2228,Nigeria,566,SouthAmerica,931,0,0,0,0,0,0,0,0,0,0,0,0,0,0,0,0,0,0,0,0,0
2229,SaintHelena,654,SouthAmerica,931,0,0,0,0,0,0,0,0,0,0,0,0,0,0,0,0,0,0,0,0,0
2230,Senegal,686,SouthAmerica,931,536,560,506,544,609,650,670,258,268,229,257,301,322,332,278,292,277,287,308,328,338
2231,SierraLeone,694,SouthAmerica,931,0,0,0,0,0,0,0,0,0,0,0,0,0,0,0,0,0,0,0,0,0
2232,Togo,768,SouthAmerica,931,0,0,0,0,0,0,0,0,0,0,0,0,0,0,0,0,0,0,0,0,0
2233,CentralAsia,5500,SouthAmerica,931,0,0,0,0,0,0,0,0,0,0,0,0,0,0,0,0,0,0,0,0,0
2234,Kazakhstan,398,SouthAmerica,931,0,0,0,0,0,0,0,0,0,0,0,0,0,0,0,0,0,0,0,0,0
2235,Kyrgyzstan,417,SouthAmerica,931,0,0,0,0,0,0,0,0,0,0,0,0,0,0,0,0,0,0,0,0,0
2236,Tajikistan,762,SouthAmerica,931,0,0,0,0,0,0,0,0,0,0,0,0,0,0,0,0,0,0,0,0,0
2237,Turkmenistan,795,SouthAmerica,931,0,0,0,0,0,0,0,0,0,0,0,0,0,0,0,0,0,0,0,0,0
2238,Uzbekistan,860,SouthAmerica,931,0,0,0,0,0,0,0,0,0,0,0,0,0,0,0,0,0,0,0,0,0
2239,EasternAsia,906,SouthAmerica,931,73571,233902,333570,314708,342092,289953,328942,37658,113139,156270,148685,162954,151396,171603,35913,120763,177300,166023,179138,138557,157339
2240,China,156,SouthAmerica,931,3614,13966,27776,40154,50723,62568,68057,2018,7558,14950,23529,31758,40244,43775,1596,6408,12826,16625,18965,22324,24282
2241,DemPeoplesRepublicofKorea,408,SouthAmerica,931,566,1347,2128,2564,2999,3302,3374,288,660,1033,1266,1499,1660,1699,278,687,1095,1298,1500,1642,1675
2242,Japan,392,SouthAmerica,931,69384,218583,303659,271987,288369,224082,257511,35348,104917,140283,123888,129696,109491,126129,34036,113666,163376,148099,158673,114591,131382
2243,Mongolia,496,SouthAmerica,931,7,6,7,3,1,1,0,4,4,4,2,1,1,0,3,2,3,1,0,0,0
2244,RepublicofKorea,410,SouthAmerica,931,0,0,0,0,0,0,0,0,0,0,0,0,0,0,0,0,0,0,0,0,0
2245,SouthEasternAsia,920,SouthAmerica,931,719,925,6803,5548,1437,1324,1389,357,462,3452,2851,720,696,740,362,463,3351,2697,717,628,649
2246,BruneiDarussalam,96,SouthAmerica,931,0,0,0,0,0,0,0,0,0,0,0,0,0,0,0,0,0,0,0,0,0
2247,Cambodia,116,SouthAmerica,931,0,0,0,0,0,0,0,0,0,0,0,0,0,0,0,0,0,0,0,0,0
2248,Indonesia,360,SouthAmerica,931,0,0,0,0,0,0,0,0,0,0,0,0,0,0,0,0,0,0,0,0,0
2249,LaoPeoplesDemocraticRepublic,418,SouthAmerica,931,0,0,0,0,0,0,0,0,0,0,0,0,0,0,0,0,0,0,0,0,0
2250,Malaysia,458,SouthAmerica,931,0,0,0,0,0,0,0,0,0,0,0,0,0,0,0,0,0,0,0,0,0
2251,Myanmar,104,SouthAmerica,931,0,0,0,0,0,0,0,0,0,0,0,0,0,0,0,0,0,0,0,0,0
2252,Philippines,608,SouthAmerica,931,567,760,6622,5356,1240,1258,1325,298,395,3376,2775,649,658,702,269,365,3246,2581,591,600,623
2253,Singapore,702,SouthAmerica,931,0,0,0,0,0,0,0,0,0,0,0,0,0,0,0,0,0,0,0,0,0
2254,Thailand,764,SouthAmerica,931,0,0,0,0,0,0,0,0,0,0,0,0,0,0,0,0,0,0,0,0,0
2255,TimorLeste,626,SouthAmerica,931,152,165,181,192,197,66,64,59,67,76,76,71,38,38,93,98,105,116,126,28,26
2256,VietNam,704,SouthAmerica,931,0,0,0,0,0,0,0,0,0,0,0,0,0,0,0,0,0,0,0,0,0
2257,SouthernAsia,5501,SouthAmerica,931,552,5387,10221,12165,14083,14919,14628,299,2909,5520,6570,7605,8057,4518,253,2478,4701,5595,6478,6862,10110
2258,Afghanistan,4,SouthAmerica,931,0,0,0,0,0,0,0,0,0,0,0,0,0,0,0,0,0,0,0,0,0
2259,Bangladesh,50,SouthAmerica,931,552,5387,10221,12165,14083,14919,14628,299,2909,5520,6570,7605,8057,4518,253,2478,4701,5595,6478,6862,10110
2260,Bhutan,64,SouthAmerica,931,0,0,0,0,0,0,0,0,0,0,0,0,0,0,0,0,0,0,0,0,0
2261,India,356,SouthAmerica,931,0,0,0,0,0,0,0,0,0,0,0,0,0,0,0,0,0,0,0,0,0
2262,IranIslamicRepublicof,364,SouthAmerica,931,0,0,0,0,0,0,0,0,0,0,0,0,0,0,0,0,0,0,0,0,0
2263,Maldives,462,SouthAmerica,931,0,0,0,0,0,0,0,0,0,0,0,0,0,0,0,0,0,0,0,0,0
2264,Nepal,524,SouthAmerica,931,0,0,0,0,0,0,0,0,0,0,0,0,0,0,0,0,0,0,0,0,0
2265,Pakistan,586,SouthAmerica,931,0,0,0,0,0,0,0,0,0,0,0,0,0,0,0,0,0,0,0,0,0
2266,SriLanka,144,SouthAmerica,931,0,0,0,0,0,0,0,0,0,0,0,0,0,0,0,0,0,0,0,0,0
2267,WesternAsia,922,SouthAmerica,931,41207,48017,52220,57240,63193,64891,63335,19379,22219,24114,26445,29137,29727,28955,21828,25798,28106,30795,34056,35164,34380
2268,Armenia,51,SouthAmerica,931,0,0,0,0,0,0,0,0,0,0,0,0,0,0,0,0,0,0,0,0,0
2269,Azerbaijan,31,SouthAmerica,931,0,0,0,0,0,0,0,0,0,0,0,0,0,0,0,0,0,0,0,0,0
2270,Bahrain,48,SouthAmerica,931,0,0,0,0,0,0,0,0,0,0,0,0,0,0,0,0,0,0,0,0,0
2271,Cyprus,196,SouthAmerica,931,112,161,205,309,462,417,418,45,59,75,115,171,163,164,67,102,130,194,291,254,254
2272,Georgia,268,SouthAmerica,931,0,0,38,35,35,35,33,0,0,10,10,10,10,10,0,0,28,25,25,25,23
2273,Iraq,368,SouthAmerica,931,0,0,0,0,0,0,0,0,0,0,0,0,0,0,0,0,0,0,0,0,0
2274,Israel,376,SouthAmerica,931,40764,47263,51116,56058,61682,63614,61765,19202,21907,23658,25951,28502,29227,28382,21562,25356,27458,30107,33180,34387,33383
2275,Jordan,400,SouthAmerica,931,161,180,197,149,306,127,159,55,75,93,91,176,60,74,106,105,104,58,130,67,85
2276,Kuwait,414,SouthAmerica,931,0,0,0,0,0,0,0,0,0,0,0,0,0,0,0,0,0,0,0,0,0
2277,Lebanon,422,SouthAmerica,931,0,0,0,0,0,0,0,0,0,0,0,0,0,0,0,0,0,0,0,0,0
2278,Oman,512,SouthAmerica,931,0,0,0,0,0,0,0,0,0,0,0,0,0,0,0,0,0,0,0,0,0
2279,Qatar,634,SouthAmerica,931,0,0,0,0,0,0,0,0,0,0,0,0,0,0,0,0,0,0,0,0,0
2280,SaudiArabia,682,SouthAmerica,931,0,0,0,0,0,0,0,0,0,0,0,0,0,0,0,0,0,0,0,0,0
2281,StateofPalestine,275,SouthAmerica,931,0,0,0,0,0,0,0,0,0,0,0,0,0,0,0,0,0,0,0,0,0
2282,SyrianArabRepublic,760,SouthAmerica,931,0,0,0,0,0,0,0,0,0,0,0,0,0,0,0,0,0,0,0,0,0
2283,Turkey,792,SouthAmerica,931,170,413,664,689,708,698,960,77,178,278,278,278,267,325,93,235,386,411,430,431,635
2284,UnitedArabEmirates,784,SouthAmerica,931,0,0,0,0,0,0,0,0,0,0,0,0,0,0,0,0,0,0,0,0,0
2285,Yemen,887,SouthAmerica,931,0,0,0,0,0,0,0,0,0,0,0,0,0,0,0,0,0,0,0,0,0
2286,EasternEurope,923,SouthAmerica,931,6610,6992,7272,7076,6819,8808,14197,3382,3711,3977,3968,3921,5074,7742,3228,3281,3295,3108,2898,3734,6455
2287,Belarus,112,SouthAmerica,931,166,200,232,223,214,224,216,79,74,69,66,64,65,63,87,126,163,157,150,159,153
2288,Bulgaria,100,SouthAmerica,931,32,103,166,253,328,389,592,19,53,83,124,159,176,282,13,50,83,129,169,213,310
2289,Czechia,203,SouthAmerica,931,197,296,392,784,1099,1630,3113,118,178,236,463,655,975,1838,79,118,156,321,444,655,1275
2290,Hungary,348,SouthAmerica,931,582,928,1271,1563,1865,2965,3768,328,501,676,841,1018,1682,1963,254,427,595,722,847,1283,1805
2291,Poland,616,SouthAmerica,931,984,837,719,917,1154,1089,1442,558,473,398,556,729,702,976,426,364,321,361,425,387,466
2292,RepublicofMoldova,498,SouthAmerica,931,0,0,0,0,0,0,0,0,0,0,0,0,0,0,0,0,0,0,0,0,0
2293,Romania,642,SouthAmerica,931,15,16,19,18,49,228,2679,5,8,9,10,22,96,1169,10,8,10,8,27,132,1510
2294,RussianFederation,643,SouthAmerica,931,4599,4499,4245,3058,1819,1855,1835,2257,2364,2389,1773,1120,1138,1138,2342,2135,1856,1285,699,717,697
2295,Slovakia,703,SouthAmerica,931,35,113,228,260,291,428,552,18,60,117,135,154,240,313,17,53,111,125,137,188,239
2296,Ukraine,804,SouthAmerica,931,0,0,0,0,0,0,0,0,0,0,0,0,0,0,0,0,0,0,0,0,0
2297,NorthernEurope,924,SouthAmerica,931,93960,122726,149566,195426,216620,247865,284129,45075,57264,68314,89681,100242,111321,127114,48885,65462,81252,105745,116378,136544,157015
2298,ChannelIslands,830,SouthAmerica,931,0,0,0,0,0,0,0,0,0,0,0,0,0,0,0,0,0,0,0,0,0
2299,Denmark,208,SouthAmerica,931,4417,6071,7720,9628,11032,12764,16421,2082,2822,3565,4316,4857,5596,7299,2335,3249,4155,5312,6175,7168,9122
2300,Estonia,233,SouthAmerica,931,0,0,0,0,135,215,507,0,0,0,0,74,138,327,0,0,0,0,61,77,180
2301,FaroeIslands,234,SouthAmerica,931,28,45,50,63,59,56,86,16,27,28,38,33,24,34,12,18,22,25,26,32,52
2302,Finland,246,SouthAmerica,931,786,1031,1267,2413,3180,4116,5584,388,526,661,1208,1560,1987,2723,398,505,606,1205,1620,2129,2861
2303,Iceland,352,SouthAmerica,931,102,180,251,405,541,644,958,46,81,115,168,214,250,407,56,99,136,237,327,394,551
2304,Ireland,372,SouthAmerica,931,554,1824,4098,8206,10962,11199,12816,263,836,1950,4725,6279,6356,7310,291,988,2148,3481,4683,4843,5506
2305,IsleofMan,833,SouthAmerica,931,0,0,0,0,0,0,0,0,0,0,0,0,0,0,0,0,0,0,0,0,0
2306,Latvia,428,SouthAmerica,931,33,49,69,92,120,81,138,14,23,31,54,78,49,87,19,26,38,38,42,32,51
2307,Lithuania,440,SouthAmerica,931,180,202,156,170,163,177,224,89,98,76,82,72,79,115,91,104,80,88,91,98,109
2308,Norway,578,SouthAmerica,931,9058,10490,12164,14719,18736,22801,25246,4889,5542,6269,7308,8815,10498,11326,4169,4948,5895,7411,9921,12303,13920
2309,Sweden,752,SouthAmerica,931,39953,47412,50853,56045,62234,64815,74303,20085,23654,25203,27598,30325,31172,36005,19868,23758,25650,28447,31909,33643,38298
2310,UnitedKingdom,826,SouthAmerica,931,38849,55422,72938,103685,109458,130997,147846,17203,23655,30416,44184,47935,55172,61481,21646,31767,42522,59501,61523,75825,86365
2311,SouthernEurope,925,SouthAmerica,931,293636,382856,556548,1929196,2751762,2459140,2971721,111640,150828,230585,869805,1230247,1055926,1280862,181996,232028,325963,1059391,1521515,1403214,1690859
2312,Albania,8,SouthAmerica,931,0,0,0,0,0,0,0,0,0,0,0,0,0,0,0,0,0,0,0,0,0
2313,Andorra,20,SouthAmerica,931,232,259,286,747,1171,998,1071,124,136,150,394,618,519,564,108,123,136,353,553,479,507
2314,BosniaandHerzegovina,70,SouthAmerica,931,0,0,0,0,0,0,0,0,0,0,0,0,0,0,0,0,0,0,0,0,0
2315,Croatia,191,SouthAmerica,931,440,458,426,581,733,737,681,148,156,148,215,283,284,263,292,302,278,366,450,453,418
2316,Gibraltar,292,SouthAmerica,931,0,0,0,0,0,0,0,0,0,0,0,0,0,0,0,0,0,0,0,0,0
2317,Greece,300,SouthAmerica,931,4326,4515,4780,5081,5569,5238,5339,1967,1803,1619,1707,1853,1606,1880,2359,2712,3161,3374,3716,3632,3459
2318,HolySee,336,SouthAmerica,931,0,0,0,0,0,0,0,0,0,0,0,0,0,0,0,0,0,0,0,0,0
2319,Italy,380,SouthAmerica,931,99552,125602,151648,330054,520935,490932,544875,25638,35464,45293,123259,206378,188958,215223,73914,90138,106355,206795,314557,301974,329652
2320,Malta,470,SouthAmerica,931,42,51,62,77,109,185,396,18,22,27,34,52,95,219,24,29,35,43,57,90,177
2321,Montenegro,499,SouthAmerica,931,0,0,0,0,0,0,0,0,0,0,0,0,0,0,0,0,0,0,0,0,0
2322,NorthMacedonia,807,SouthAmerica,931,0,0,0,0,0,0,0,0,0,0,0,0,0,0,0,0,0,0,0,0,0
2323,Portugal,620,SouthAmerica,931,39330,55550,74035,118189,142723,161800,185609,17745,26210,35851,53693,62762,66491,79635,21585,29340,38184,64496,79961,95309,105974
2324,SanMarino,674,SouthAmerica,931,86,94,104,97,93,114,120,37,41,44,42,39,45,45,49,53,60,55,54,69,75
2325,Serbia,688,SouthAmerica,931,19,145,214,231,227,220,217,8,59,83,88,85,83,84,11,86,131,143,142,137,133
2326,Slovenia,705,SouthAmerica,931,112,168,236,422,683,734,930,63,84,123,213,332,338,430,49,84,113,209,351,396,500
2327,Spain,724,SouthAmerica,931,149497,196014,324757,1473717,2079519,1798182,2232483,65892,86853,147247,690160,957845,797507,982519,83605,109161,177510,783557,1121674,1000675,1249964
2328,WesternEurope,926,SouthAmerica,931,349575,392938,442480,576628,651015,693379,810016,159369,172142,187757,244752,266404,277851,322119,190206,220796,254723,331876,384611,415528,487897
2329,Austria,40,SouthAmerica,931,7632,8614,9589,10629,11804,13073,16353,3028,3503,3976,4257,4574,4989,6547,4604,5111,5613,6372,7230,8084,9806
2330,Belgium,56,SouthAmerica,931,15238,16429,17137,23774,31471,41668,50959,6910,7094,7111,9572,13114,17187,21126,8328,9335,10026,14202,18357,24481,29833
2331,France,250,SouthAmerica,931,75977,78437,80889,139361,159499,176770,194292,33557,33905,34251,63472,64068,68108,75126,42420,44532,46638,75889,95431,108662,119166
2332,Germany,276,SouthAmerica,931,37353,48985,60611,102898,137322,140942,189154,17070,18025,18980,38155,54237,55170,71292,20283,30960,41631,64743,83085,85772,117862
2333,Liechtenstein,438,SouthAmerica,931,36,50,66,127,236,291,322,11,15,21,38,70,90,95,25,35,45,89,166,201,227
2334,Luxembourg,442,SouthAmerica,931,529,500,480,414,358,542,6365,196,187,177,171,164,252,2595,333,313,303,243,194,290,3770
2335,Monaco,492,SouthAmerica,931,0,0,0,0,0,0,0,0,0,0,0,0,0,0,0,0,0,0,0,0,0
2336,Netherlands,528,SouthAmerica,931,174549,190749,213430,226937,230770,229844,247320,83498,89145,97644,101590,101491,99424,106937,91051,101604,115786,125347,129279,130420,140383
2337,Switzerland,756,SouthAmerica,931,38261,49174,60278,72488,79555,90249,105251,15099,20268,25597,27497,28686,32631,38401,23162,28906,34681,44991,50869,57618,66850
2338,Caribbean,915,SouthAmerica,931,65570,76204,88463,84685,91798,92380,177107,32731,37369,42714,40047,42336,42439,80154,32839,38835,45749,44638,49462,49941,96953
2339,Anguilla,660,SouthAmerica,931,181,233,285,328,357,382,397,108,137,166,192,210,225,234,73,96,119,136,147,157,163
2340,AntiguaandBarbuda,28,SouthAmerica,931,1684,3538,5390,5782,6170,6561,6899,809,1613,2417,2590,2761,2934,3072,875,1925,2973,3192,3409,3627,3827
2341,Aruba,533,SouthAmerica,931,3962,8185,12408,13910,15139,15921,31010,1846,3741,5640,6017,6476,6796,14147,2116,4444,6768,7893,8663,9125,16863
2342,Bahamas,44,SouthAmerica,931,571,712,859,1447,2030,2199,2342,282,338,403,680,956,1026,1100,289,374,456,767,1074,1173,1242
2343,Barbados,52,SouthAmerica,931,2557,2792,3026,4673,6322,6641,6713,1004,1124,1244,2097,2956,3105,3140,1553,1668,1782,2576,3366,3536,3573
2344,BritishVirginIslands,92,SouthAmerica,931,841,989,1136,1301,2023,2314,2625,444,511,577,661,1029,1169,1327,397,478,559,640,994,1145,1298
2345,CaymanIslands,136,SouthAmerica,931,170,328,571,663,820,888,998,96,179,309,348,420,461,521,74,149,262,315,400,427,477
2346,Cuba,192,SouthAmerica,931,2004,1520,926,822,715,613,521,1027,747,421,374,320,267,218,977,773,505,448,395,346,303
2347,CuraÃao,531,SouthAmerica,931,0,0,0,0,8326,9039,24417,0,0,0,0,3175,3460,10773,0,0,0,0,5151,5579,13644
2348,Dominica,212,SouthAmerica,931,95,125,149,183,225,262,262,45,59,71,88,109,127,130,50,66,78,95,116,135,132
2349,DominicanRepublic,214,SouthAmerica,931,29553,32827,36096,24646,13150,11183,42007,15984,17388,18790,12832,6849,5823,20023,13569,15439,17306,11814,6301,5360,21984
2350,Grenada,308,SouthAmerica,931,367,491,616,644,674,682,689,181,251,321,336,352,357,334,186,240,295,308,322,325,355
2351,Guadeloupe,312,SouthAmerica,931,826,1025,1221,1324,1426,1366,1349,397,469,540,592,645,582,570,429,556,681,732,781,784,779
2352,Haiti,332,SouthAmerica,931,4774,4532,4302,4084,4286,4496,4709,2547,2419,2298,2183,2292,2405,2516,2227,2113,2004,1901,1994,2091,2193
2353,Jamaica,388,SouthAmerica,931,0,0,0,0,0,0,0,0,0,0,0,0,0,0,0,0,0,0,0,0,0
2354,Martinique,474,SouthAmerica,931,1117,1389,1663,1740,1818,2110,2092,415,514,614,615,616,675,670,702,875,1049,1125,1202,1435,1422
2355,Montserrat,500,SouthAmerica,931,359,288,218,224,230,240,244,209,168,127,130,133,139,143,150,120,91,94,97,101,101
2356,PuertoRico,630,SouthAmerica,931,8490,9347,10234,11307,10966,9797,8840,4022,4437,4858,5353,5140,4573,4114,4468,4910,5376,5954,5826,5224,4726
2357,SaintBarthelemy,652,SouthAmerica,931,0,0,0,0,0,0,0,0,0,0,0,0,0,0,0,0,0,0,0,0,0
2358,SaintKittsandNevis,659,SouthAmerica,931,335,443,612,697,756,777,805,172,230,322,368,401,413,429,163,213,290,329,355,364,376
2359,SaintLucia,662,SouthAmerica,931,998,1344,1848,2272,2486,2386,2299,410,558,776,983,1100,1045,1008,588,786,1072,1289,1386,1341,1291
2360,SaintMartinFrenchpart,663,SouthAmerica,931,0,0,0,0,0,0,0,0,0,0,0,0,0,0,0,0,0,0,0,0,0
2361,SaintVincentandtheGrenadines,670,SouthAmerica,931,209,217,226,236,242,246,249,89,93,98,107,112,115,117,120,124,128,129,130,131,132
2362,SintMaartenDutchpart,534,SouthAmerica,931,0,0,0,1237,2475,2577,2716,0,0,0,590,1178,1223,1293,0,0,0,647,1297,1354,1423
2363,TrinidadandTobago,780,SouthAmerica,931,6477,5879,6677,7165,11162,11700,34924,2644,2393,2722,2911,5106,5519,14275,3833,3486,3955,4254,6056,6181,20649
2364,TurksandCaicosIslands,796,SouthAmerica,931,0,0,0,0,0,0,0,0,0,0,0,0,0,0,0,0,0,0,0,0,0
2365,UnitedStatesVirginIslands,850,SouthAmerica,931,0,0,0,0,0,0,0,0,0,0,0,0,0,0,0,0,0,0,0,0,0
2366,CentralAmerica,916,SouthAmerica,931,60959,70521,88535,111927,169444,197697,398956,30816,35159,43647,54475,82743,94932,198154,30143,35362,44888,57452,86701,102765,200802
2367,Belize,84,SouthAmerica,931,0,0,0,0,0,0,0,0,0,0,0,0,0,0,0,0,0,0,0,0,0
2368,CostaRica,188,SouthAmerica,931,11858,10501,14398,13226,31833,32282,65294,6051,5425,7306,6588,15900,16031,33849,5807,5076,7092,6638,15933,16251,31445
2369,ElSalvador,222,SouthAmerica,931,2238,1877,1508,1717,1920,2002,2026,1057,903,748,871,993,1036,1050,1181,974,760,846,927,966,976
2370,Guatemala,320,SouthAmerica,931,1813,2016,2216,2638,3054,3354,3764,653,874,1098,1402,1707,1902,2136,1160,1142,1118,1236,1347,1452,1628
2371,Honduras,340,SouthAmerica,931,1910,1997,2078,2040,1997,2800,2850,1124,1144,1166,1152,1141,1608,1641,786,853,912,888,856,1192,1209
2372,Mexico,484,SouthAmerica,931,21547,28611,36923,46275,60983,75847,135481,10884,13821,17442,22106,29369,35153,61086,10663,14790,19481,24169,31614,40694,74395
2373,Nicaragua,558,SouthAmerica,931,1288,1026,1178,1367,1456,1565,1625,677,535,630,734,787,852,889,611,491,548,633,669,713,736
2374,Panama,591,SouthAmerica,931,20305,24493,30234,44664,68201,79847,187916,10370,12457,15257,21622,32846,38350,97503,9935,12036,14977,23042,35355,41497,90413
2375,SouthAmerica,931,SouthAmerica,931,2077128,2262888,2449677,2894144,3666744,4191443,8557503,1020015,1100657,1181226,1384421,1760286,2020277,4192334,1057113,1162231,1268451,1509723,1906458,2171166,4365169
2376,Argentina,32,SouthAmerica,931,821329,904445,987568,1227314,1466780,1698912,1890644,400001,431229,462469,570388,678253,785302,885182,421328,473216,525099,656926,788527,913610,1005462
2377,BoliviaPlurinationalStateof,68,SouthAmerica,931,47322,55448,62992,71916,80685,93950,109512,23967,28338,32393,37447,42429,49398,57557,23355,27110,30599,34469,38256,44552,51955
2378,Brazil,76,SouthAmerica,931,123074,131404,139727,158215,174462,205653,467897,66429,71097,75765,85014,92968,108704,246034,56645,60307,63962,73201,81494,96949,221863
2379,Chile,152,SouthAmerica,931,59457,89231,118934,190961,262905,436691,1218287,29140,41446,54108,86111,118100,206183,584896,30317,47785,64826,104850,144805,230508,633391
2380,Colombia,170,SouthAmerica,931,54829,57526,60219,59711,73505,90313,1822273,26654,28190,29724,29719,37127,46311,906440,28175,29336,30495,29992,36378,44002,915833
2381,Ecuador,218,SouthAmerica,931,54221,72175,90126,116474,256914,239501,629845,25733,35084,44438,57525,130461,122069,316569,28488,37091,45688,58949,126453,117432,313276
2382,FalklandIslandsMalvinas,238,SouthAmerica,931,70,78,104,186,205,224,276,36,46,63,108,115,124,155,34,32,41,78,90,100,121
2383,FrenchGuiana,254,SouthAmerica,931,24044,25216,26387,35745,45101,50212,56437,12833,12939,13046,17392,21739,25526,28688,11211,12277,13341,18353,23362,24686,27749
2384,Guyana,328,SouthAmerica,931,2010,3229,4445,5989,4694,4968,27300,1056,1692,2326,3162,2582,2734,12334,954,1537,2119,2827,2112,2234,14966
2385,Paraguay,600,SouthAmerica,931,168364,161679,154437,147120,140171,136814,148273,88058,84418,80023,76239,72497,70680,76773,80306,77261,74414,70881,67674,66134,71500
2386,Peru,604,SouthAmerica,931,27115,27136,31714,37275,49157,69202,1060437,12694,12547,14692,17444,24671,37437,538598,14421,14589,17022,19831,24486,31765,521839
2387,Suriname,740,SouthAmerica,931,7214,8911,11006,13469,15890,17255,19123,3893,4824,5959,7337,8666,9421,10513,3321,4087,5047,6132,7224,7834,8610
2388,Uruguay,858,SouthAmerica,931,28870,32505,36576,42042,41656,43019,65559,15327,15598,15740,18113,17764,18337,29740,13543,16907,20836,23929,23892,24682,35819
2389,VenezuelaBolivarianRepublicof,862,SouthAmerica,931,659209,693905,725442,787727,1054619,1104729,1041640,314194,333209,350480,378422,512914,538051,498855,345015,360696,374962,409305,541705,566678,542785
2390,Bermuda,60,SouthAmerica,931,51,61,60,75,91,90,95,28,31,28,32,35,34,40,23,30,32,43,56,56,55
2391,Canada,124,SouthAmerica,931,144436,172633,204935,244908,291090,316134,342525,70315,83584,98862,115309,134981,144778,156872,74121,89049,106073,129599,156109,171356,185653
2392,Greenland,304,SouthAmerica,931,0,0,0,0,0,0,0,0,0,0,0,0,0,0,0,0,0,0,0,0,0
2393,SaintPierreandMiquelon,666,SouthAmerica,931,0,0,0,0,0,0,0,0,0,0,0,0,0,0,0,0,0,0,0,0,0
2394,UnitedStatesofAmerica,840,SouthAmerica,931,1028173,1493417,1967956,2332368,2777888,3052061,3450637,464640,676210,893330,1063191,1216193,1325374,1465035,563533,817207,1074626,1269177,1561695,1726687,1985602
2395,Australia,36,SouthAmerica,931,65977,67602,67630,75961,98670,125230,161354,32364,32752,32410,36187,47279,60075,77333,33613,34850,35220,39774,51391,65155,84021
2396,NewZealand,554,SouthAmerica,931,2198,2710,1955,4243,6772,9198,19480,1064,1276,952,2061,3282,4449,9425,1134,1434,1003,2182,3490,4749,10055
2397,Melanesia,928,SouthAmerica,931,0,0,0,0,0,0,0,0,0,0,0,0,0,0,0,0,0,0,0,0,0
2398,Fiji,242,SouthAmerica,931,0,0,0,0,0,0,0,0,0,0,0,0,0,0,0,0,0,0,0,0,0
2399,NewCaledonia,540,SouthAmerica,931,0,0,0,0,0,0,0,0,0,0,0,0,0,0,0,0,0,0,0,0,0
2400,PapuaNewGuinea,598,SouthAmerica,931,0,0,0,0,0,0,0,0,0,0,0,0,0,0,0,0,0,0,0,0,0
2401,SolomonIslands,90,SouthAmerica,931,0,0,0,0,0,0,0,0,0,0,0,0,0,0,0,0,0,0,0,0,0
2402,Vanuatu,548,SouthAmerica,931,0,0,0,0,0,0,0,0,0,0,0,0,0,0,0,0,0,0,0,0,0
2403,Micronesia,954,SouthAmerica,931,0,0,0,0,0,0,0,0,0,0,0,0,0,0,0,0,0,0,0,0,0
2404,Guam,316,SouthAmerica,931,0,0,0,0,0,0,0,0,0,0,0,0,0,0,0,0,0,0,0,0,0
2405,Kiribati,296,SouthAmerica,931,0,0,0,0,0,0,0,0,0,0,0,0,0,0,0,0,0,0,0,0,0
2406,MarshallIslands,584,SouthAmerica,931,0,0,0,0,0,0,0,0,0,0,0,0,0,0,0,0,0,0,0,0,0
2407,MicronesiaFedStatesof,583,SouthAmerica,931,0,0,0,0,0,0,0,0,0,0,0,0,0,0,0,0,0,0,0,0,0
2408,Nauru,520,SouthAmerica,931,0,0,0,0,0,0,0,0,0,0,0,0,0,0,0,0,0,0,0,0,0
2409,NorthernMarianaIslands,580,SouthAmerica,931,0,0,0,0,0,0,0,0,0,0,0,0,0,0,0,0,0,0,0,0,0
2410,Palau,585,SouthAmerica,931,0,0,0,0,0,0,0,0,0,0,0,0,0,0,0,0,0,0,0,0,0
2411,Polynesia,957,SouthAmerica,931,0,0,0,0,0,0,0,0,0,0,0,0,0,0,0,0,0,0,0,0,0
2412,AmericanSamoa,16,SouthAmerica,931,0,0,0,0,0,0,0,0,0,0,0,0,0,0,0,0,0,0,0,0,0
2413,CookIslands,184,SouthAmerica,931,0,0,0,0,0,0,0,0,0,0,0,0,0,0,0,0,0,0,0,0,0
2414,FrenchPolynesia,258,SouthAmerica,931,0,0,0,0,0,0,0,0,0,0,0,0,0,0,0,0,0,0,0,0,0
2415,Niue,570,SouthAmerica,931,0,0,0,0,0,0,0,0,0,0,0,0,0,0,0,0,0,0,0,0,0
2416,Samoa,882,SouthAmerica,931,0,0,0,0,0,0,0,0,0,0,0,0,0,0,0,0,0,0,0,0,0
2417,Tokelau,772,SouthAmerica,931,0,0,0,0,0,0,0,0,0,0,0,0,0,0,0,0,0,0,0,0,0
2418,Tonga,776,SouthAmerica,931,0,0,0,0,0,0,0,0,0,0,0,0,0,0,0,0,0,0,0,0,0
2419,Tuvalu,798,SouthAmerica,931,0,0,0,0,0,0,0,0,0,0,0,0,0,0,0,0,0,0,0,0,0
2420,WallisandFutunaIslands,876,SouthAmerica,931,0,0,0,0,0,0,0,0,0,0,0,0,0,0,0,0,0,0,0,0,0
2421,SubSaharanAfrica,947,Caribbean,915,2864,2836,2893,3004,7528,13068,13685,1305,1300,1299,1466,3695,6736,7149,1559,1536,1594,1538,3833,6332,6536
2422,NorthernAfricaandWesternAsia,1833,Caribbean,915,86,151,230,259,292,268,329,39,69,104,113,126,119,140,47,82,126,146,166,149,189
2423,CentralandSouthernAsia,921,Caribbean,915,37,33,34,42,61,59,56,17,17,18,19,28,27,27,20,16,16,23,33,32,29
2424,EasternandSouthEasternAsia,1832,Caribbean,915,102,114,222,204,223,143,145,53,60,110,101,108,75,79,49,54,112,103,115,68,66
2425,LatinAmericaandtheCaribbean,1830,Caribbean,915,523950,579841,639148,703194,781155,993471,1335731,283320,311238,340577,374128,412885,555895,753206,240630,268603,298571,329066,368270,437576,582525
2426,OceaniaexcludingAustraliaandNewZealand,1835,Caribbean,915,1117,1327,1606,3473,4933,4861,5094,555,670,785,1698,2437,2407,2527,562,657,821,1775,2496,2454,2567
2427,AustraliaandNewZealand,927,Caribbean,915,2804,3527,4269,4679,5229,6069,6593,1420,1815,2176,2395,2673,3193,3377,1384,1712,2093,2284,2556,2876,3216
2428,EuropeandNorthernAmerica,1829,Caribbean,915,3608815,4448024,5318085,5791816,6474081,7117368,7717139,1686815,2032115,2384077,2599445,2852982,3234465,3486462,1922000,2415909,2934008,3192371,3621099,3882903,4230677
2429,Developedregions,901,Caribbean,915,3611619,4451551,5322354,5796495,6479310,7123437,7723732,1688235,2033930,2386253,2601840,2855655,3237658,3489839,1923384,2417621,2936101,3194655,3623655,3885779,4233893
2430,Lessdevelopedregions,902,Caribbean,915,528156,584302,644133,710176,794192,1011870,1355040,285289,313354,342893,377525,419279,565259,763128,242867,270948,301240,332651,374913,446611,591912
2431,Leastdevelopedcountries,941,Caribbean,915,5445,5193,4841,4912,9013,14165,14623,2906,2775,2558,2621,4694,7571,7784,2539,2418,2283,2291,4319,6594,6839
2432,LandlockedDevelopingCountriesLLDC,1636,Caribbean,915,567,772,1013,1368,4311,5164,5890,340,442,533,709,2057,2453,2807,227,330,480,659,2254,2711,3083
2433,SmallislanddevelopingStatesSIDS,1637,Caribbean,915,441417,494330,546700,609284,672646,841699,868835,243850,270645,296998,329754,361240,479930,497634,197567,223685,249702,279530,311406,361769,371201
2434,Highincomecountries,1503,Caribbean,915,3792515,4663118,5563828,6062832,6771383,7462258,8323845,1771865,2132039,2498156,2725685,2989932,3398043,3807870,2020650,2531079,3065672,3337147,3781451,4064215,4515975
2435,Middleincomecountries,1517,Caribbean,915,288516,312039,340109,377094,427246,590912,669410,171958,185418,201118,222798,251155,368331,407180,116558,126621,138991,154296,176091,222581,262230
2436,Uppermiddleincomecountries,1502,Caribbean,915,285515,309025,336459,373029,422250,585155,663344,170247,183735,199130,220541,248466,365224,403888,115268,125290,137329,152488,173784,219931,259456
2437,Lowermiddleincomecountries,1501,Caribbean,915,3001,3014,3650,4065,4996,5757,6066,1711,1683,1988,2257,2689,3107,3292,1290,1331,1662,1808,2307,2650,2774
2438,Lowincomecountries,1500,Caribbean,915,5397,5131,4766,4829,8926,14158,14616,2882,2745,2524,2582,4654,7565,7778,2515,2386,2242,2247,4272,6593,6838
2439,EasternAfrica,910,Caribbean,915,164,162,50,52,55,59,57,124,122,34,33,31,34,34,40,40,16,19,24,25,23
2440,Burundi,108,Caribbean,915,0,0,0,0,0,0,0,0,0,0,0,0,0,0,0,0,0,0,0,0,0
2441,Comoros,174,Caribbean,915,0,0,0,0,0,0,0,0,0,0,0,0,0,0,0,0,0,0,0,0,0
2442,Djibouti,262,Caribbean,915,0,0,0,0,0,0,0,0,0,0,0,0,0,0,0,0,0,0,0,0,0
2443,Eritrea,232,Caribbean,915,0,0,0,0,0,0,0,0,0,0,0,0,0,0,0,0,0,0,0,0,0
2444,Ethiopia,231,Caribbean,915,0,0,0,0,0,0,0,0,0,0,0,0,0,0,0,0,0,0,0,0,0
2445,Kenya,404,Caribbean,915,0,0,0,0,0,0,0,0,0,0,0,0,0,0,0,0,0,0,0,0,0
2446,Madagascar,450,Caribbean,915,0,0,0,0,0,0,0,0,0,0,0,0,0,0,0,0,0,0,0,0,0
2447,Malawi,454,Caribbean,915,0,0,0,0,0,0,0,0,0,0,0,0,0,0,0,0,0,0,0,0,0
2448,Mauritius,480,Caribbean,915,0,0,0,0,0,0,0,0,0,0,0,0,0,0,0,0,0,0,0,0,0
2449,Mayotte,175,Caribbean,915,0,0,0,0,0,0,0,0,0,0,0,0,0,0,0,0,0,0,0,0,0
2450,Mozambique,508,Caribbean,915,0,0,0,0,0,0,0,0,0,0,0,0,0,0,0,0,0,0,0,0,0
2451,Reunion,638,Caribbean,915,0,0,0,0,0,0,0,0,0,0,0,0,0,0,0,0,0,0,0,0,0
2452,Rwanda,646,Caribbean,915,0,0,0,0,0,0,0,0,0,0,0,0,0,0,0,0,0,0,0,0,0
2453,Seychelles,690,Caribbean,915,20,26,33,36,39,43,42,9,14,19,18,16,19,19,11,12,14,18,23,24,23
2454,Somalia,706,Caribbean,915,0,0,0,0,0,0,0,0,0,0,0,0,0,0,0,0,0,0,0,0,0
2455,SouthSudan,728,Caribbean,915,0,0,0,0,0,0,0,0,0,0,0,0,0,0,0,0,0,0,0,0,0
2456,Uganda,800,Caribbean,915,144,136,17,16,16,16,15,115,108,15,15,15,15,15,29,28,2,1,1,1,0
2457,UnitedRepublicofTanzania,834,Caribbean,915,0,0,0,0,0,0,0,0,0,0,0,0,0,0,0,0,0,0,0,0,0
2458,Zambia,894,Caribbean,915,0,0,0,0,0,0,0,0,0,0,0,0,0,0,0,0,0,0,0,0,0
2459,Zimbabwe,716,Caribbean,915,0,0,0,0,0,0,0,0,0,0,0,0,0,0,0,0,0,0,0,0,0
2460,MiddleAfrica,911,Caribbean,915,164,190,266,169,403,536,531,49,51,65,71,137,167,164,115,139,201,98,266,369,367
2461,Angola,24,Caribbean,915,0,0,0,0,0,0,0,0,0,0,0,0,0,0,0,0,0,0,0,0,0
2462,Cameroon,120,Caribbean,915,0,0,0,0,0,0,0,0,0,0,0,0,0,0,0,0,0,0,0,0,0
2463,CentralAfricanRepublic,140,Caribbean,915,0,0,0,0,0,0,0,0,0,0,0,0,0,0,0,0,0,0,0,0,0
2464,Chad,148,Caribbean,915,0,0,0,0,0,0,0,0,0,0,0,0,0,0,0,0,0,0,0,0,0
2465,Congo,178,Caribbean,915,164,190,266,169,403,536,531,49,51,65,71,137,167,164,115,139,201,98,266,369,367
2466,DemocraticRepublicoftheCongo,180,Caribbean,915,0,0,0,0,0,0,0,0,0,0,0,0,0,0,0,0,0,0,0,0,0
2467,EquatorialGuinea,226,Caribbean,915,0,0,0,0,0,0,0,0,0,0,0,0,0,0,0,0,0,0,0,0,0
2468,Gabon,266,Caribbean,915,0,0,0,0,0,0,0,0,0,0,0,0,0,0,0,0,0,0,0,0,0
2469,SaoTomeandPrincipe,678,Caribbean,915,0,0,0,0,0,0,0,0,0,0,0,0,0,0,0,0,0,0,0,0,0
2470,NorthernAfrica,912,Caribbean,915,25,24,24,28,30,21,29,8,8,8,10,10,9,11,17,16,16,18,20,12,18
2471,Algeria,12,Caribbean,915,0,0,0,0,0,0,0,0,0,0,0,0,0,0,0,0,0,0,0,0,0
2472,Egypt,818,Caribbean,915,25,24,24,28,30,21,29,8,8,8,10,10,9,11,17,16,16,18,20,12,18
2473,Libya,434,Caribbean,915,0,0,0,0,0,0,0,0,0,0,0,0,0,0,0,0,0,0,0,0,0
2474,Morocco,504,Caribbean,915,0,0,0,0,0,0,0,0,0,0,0,0,0,0,0,0,0,0,0,0,0
2475,Sudan,729,Caribbean,915,0,0,0,0,0,0,0,0,0,0,0,0,0,0,0,0,0,0,0,0,0
2476,Tunisia,788,Caribbean,915,0,0,0,0,0,0,0,0,0,0,0,0,0,0,0,0,0,0,0,0,0
2477,WesternSahara,732,Caribbean,915,0,0,0,0,0,0,0,0,0,0,0,0,0,0,0,0,0,0,0,0,0
2478,SouthernAfrica,913,Caribbean,915,2386,2292,2348,2255,2667,3061,3442,1060,1027,1080,1061,1274,1491,1810,1326,1265,1268,1194,1393,1570,1632
2479,Botswana,72,Caribbean,915,0,0,0,0,0,0,0,0,0,0,0,0,0,0,0,0,0,0,0,0,0
2480,Eswatini,748,Caribbean,915,0,0,0,0,0,0,0,0,0,0,0,0,0,0,0,0,0,0,0,0,0
2481,Lesotho,426,Caribbean,915,0,0,0,0,0,0,0,0,0,0,0,0,0,0,0,0,0,0,0,0,0
2482,Namibia,516,Caribbean,915,1772,1693,1576,1245,1199,1172,1250,698,673,630,494,479,470,502,1074,1020,946,751,720,702,748
2483,SouthAfrica,710,Caribbean,915,614,599,772,1010,1468,1889,2192,362,354,450,567,795,1021,1308,252,245,322,443,673,868,884
2484,WesternAfrica,914,Caribbean,915,150,192,229,528,4403,9412,9655,72,100,120,301,2253,5044,5141,78,92,109,227,2150,4368,4514
2485,Benin,204,Caribbean,915,0,0,0,0,0,0,0,0,0,0,0,0,0,0,0,0,0,0,0,0,0
2486,BurkinaFaso,854,Caribbean,915,0,0,0,0,0,0,0,0,0,0,0,0,0,0,0,0,0,0,0,0,0
2487,CaboVerde,132,Caribbean,915,89,122,154,153,150,156,162,43,62,80,77,74,77,82,46,60,74,76,76,79,80
2488,CotedIvoire,384,Caribbean,915,0,0,0,0,0,0,0,0,0,0,0,0,0,0,0,0,0,0,0,0,0
2489,Gambia,270,Caribbean,915,0,0,0,0,0,0,0,0,0,0,0,0,0,0,0,0,0,0,0,0,0
2490,Ghana,288,Caribbean,915,0,0,0,0,0,0,0,0,0,0,0,0,0,0,0,0,0,0,0,0,0
2491,Guinea,324,Caribbean,915,61,70,75,375,1875,6332,6070,29,38,40,224,1118,3662,3526,32,32,35,151,757,2670,2544
2492,GuineaBissau,624,Caribbean,915,0,0,0,0,0,0,0,0,0,0,0,0,0,0,0,0,0,0,0,0,0
2493,Liberia,430,Caribbean,915,0,0,0,0,0,0,0,0,0,0,0,0,0,0,0,0,0,0,0,0,0
2494,Mali,466,Caribbean,915,0,0,0,0,2378,2924,3423,0,0,0,0,1061,1305,1533,0,0,0,0,1317,1619,1890
2495,Mauritania,478,Caribbean,915,0,0,0,0,0,0,0,0,0,0,0,0,0,0,0,0,0,0,0,0,0
2496,Niger,562,Caribbean,915,0,0,0,0,0,0,0,0,0,0,0,0,0,0,0,0,0,0,0,0,0
2497,Nigeria,566,Caribbean,915,0,0,0,0,0,0,0,0,0,0,0,0,0,0,0,0,0,0,0,0,0
2498,SaintHelena,654,Caribbean,915,0,0,0,0,0,0,0,0,0,0,0,0,0,0,0,0,0,0,0,0,0
2499,Senegal,686,Caribbean,915,0,0,0,0,0,0,0,0,0,0,0,0,0,0,0,0,0,0,0,0,0
2500,SierraLeone,694,Caribbean,915,0,0,0,0,0,0,0,0,0,0,0,0,0,0,0,0,0,0,0,0,0
2501,Togo,768,Caribbean,915,0,0,0,0,0,0,0,0,0,0,0,0,0,0,0,0,0,0,0,0,0
2502,CentralAsia,5500,Caribbean,915,37,30,26,24,23,22,20,17,14,13,11,11,11,11,20,16,13,13,12,11,9
2503,Kazakhstan,398,Caribbean,915,0,0,0,0,0,0,0,0,0,0,0,0,0,0,0,0,0,0,0,0,0
2504,Kyrgyzstan,417,Caribbean,915,0,0,0,0,0,0,0,0,0,0,0,0,0,0,0,0,0,0,0,0,0
2505,Tajikistan,762,Caribbean,915,37,30,26,24,23,22,20,17,14,13,11,11,11,11,20,16,13,13,12,11,9
2506,Turkmenistan,795,Caribbean,915,0,0,0,0,0,0,0,0,0,0,0,0,0,0,0,0,0,0,0,0,0
2507,Uzbekistan,860,Caribbean,915,0,0,0,0,0,0,0,0,0,0,0,0,0,0,0,0,0,0,0,0,0
2508,EasternAsia,906,Caribbean,915,0,0,0,0,0,0,0,0,0,0,0,0,0,0,0,0,0,0,0,0,0
2509,China,156,Caribbean,915,0,0,0,0,0,0,0,0,0,0,0,0,0,0,0,0,0,0,0,0,0
2510,DemPeoplesRepublicofKorea,408,Caribbean,915,0,0,0,0,0,0,0,0,0,0,0,0,0,0,0,0,0,0,0,0,0
2511,Japan,392,Caribbean,915,0,0,0,0,0,0,0,0,0,0,0,0,0,0,0,0,0,0,0,0,0
2512,Mongolia,496,Caribbean,915,0,0,0,0,0,0,0,0,0,0,0,0,0,0,0,0,0,0,0,0,0
2513,RepublicofKorea,410,Caribbean,915,0,0,0,0,0,0,0,0,0,0,0,0,0,0,0,0,0,0,0,0,0
2514,SouthEasternAsia,920,Caribbean,915,102,114,222,204,223,143,145,53,60,110,101,108,75,79,49,54,112,103,115,68,66
2515,BruneiDarussalam,96,Caribbean,915,0,0,0,0,0,0,0,0,0,0,0,0,0,0,0,0,0,0,0,0,0
2516,Cambodia,116,Caribbean,915,0,0,0,0,0,0,0,0,0,0,0,0,0,0,0,0,0,0,0,0,0
2517,Indonesia,360,Caribbean,915,0,0,0,0,0,0,0,0,0,0,0,0,0,0,0,0,0,0,0,0,0
2518,LaoPeoplesDemocraticRepublic,418,Caribbean,915,0,0,0,0,0,0,0,0,0,0,0,0,0,0,0,0,0,0,0,0,0
2519,Malaysia,458,Caribbean,915,0,0,0,0,0,0,0,0,0,0,0,0,0,0,0,0,0,0,0,0,0
2520,Myanmar,104,Caribbean,915,0,0,0,0,0,0,0,0,0,0,0,0,0,0,0,0,0,0,0,0,0
2521,Philippines,608,Caribbean,915,17,22,121,97,113,114,118,12,16,63,51,57,58,62,5,6,58,46,56,56,56
2522,Singapore,702,Caribbean,915,0,0,0,0,0,0,0,0,0,0,0,0,0,0,0,0,0,0,0,0,0
2523,Thailand,764,Caribbean,915,0,0,0,0,0,0,0,0,0,0,0,0,0,0,0,0,0,0,0,0,0
2524,TimorLeste,626,Caribbean,915,85,92,101,107,110,29,27,41,44,47,50,51,17,17,44,48,54,57,59,12,10
2525,VietNam,704,Caribbean,915,0,0,0,0,0,0,0,0,0,0,0,0,0,0,0,0,0,0,0,0,0
2526,SouthernAsia,5501,Caribbean,915,0,3,8,18,38,37,36,0,3,5,8,17,16,16,0,0,3,10,21,21,20
2527,Afghanistan,4,Caribbean,915,0,0,0,0,0,0,0,0,0,0,0,0,0,0,0,0,0,0,0,0,0
2528,Bangladesh,50,Caribbean,915,0,0,0,0,0,0,0,0,0,0,0,0,0,0,0,0,0,0,0,0,0
2529,Bhutan,64,Caribbean,915,0,0,0,0,0,0,0,0,0,0,0,0,0,0,0,0,0,0,0,0,0
2530,India,356,Caribbean,915,0,0,0,0,0,0,0,0,0,0,0,0,0,0,0,0,0,0,0,0,0
2531,IranIslamicRepublicof,364,Caribbean,915,0,0,0,0,0,0,0,0,0,0,0,0,0,0,0,0,0,0,0,0,0
2532,Maldives,462,Caribbean,915,0,0,0,0,0,0,0,0,0,0,0,0,0,0,0,0,0,0,0,0,0
2533,Nepal,524,Caribbean,915,0,0,0,0,0,0,0,0,0,0,0,0,0,0,0,0,0,0,0,0,0
2534,Pakistan,586,Caribbean,915,0,0,0,0,0,0,0,0,0,0,0,0,0,0,0,0,0,0,0,0,0
2535,SriLanka,144,Caribbean,915,0,3,8,18,38,37,36,0,3,5,8,17,16,16,0,0,3,10,21,21,20
2536,WesternAsia,922,Caribbean,915,61,127,206,231,262,247,300,31,61,96,103,116,110,129,30,66,110,128,146,137,171
2537,Armenia,51,Caribbean,915,0,0,0,0,0,0,0,0,0,0,0,0,0,0,0,0,0,0,0,0,0
2538,Azerbaijan,31,Caribbean,915,0,0,0,0,0,0,0,0,0,0,0,0,0,0,0,0,0,0,0,0,0
2539,Bahrain,48,Caribbean,915,0,0,0,0,0,0,0,0,0,0,0,0,0,0,0,0,0,0,0,0,0
2540,Cyprus,196,Caribbean,915,22,33,39,58,84,73,70,10,14,15,22,34,30,30,12,19,24,36,50,43,40
2541,Georgia,268,Caribbean,915,0,0,13,12,12,12,11,0,0,7,7,7,7,7,0,0,6,5,5,5,4
2542,Iraq,368,Caribbean,915,0,0,0,0,0,0,0,0,0,0,0,0,0,0,0,0,0,0,0,0,0
2543,Israel,376,Caribbean,915,0,0,0,0,0,0,0,0,0,0,0,0,0,0,0,0,0,0,0,0,0
2544,Jordan,400,Caribbean,915,0,0,0,0,0,0,0,0,0,0,0,0,0,0,0,0,0,0,0,0,0
2545,Kuwait,414,Caribbean,915,0,0,0,0,0,0,0,0,0,0,0,0,0,0,0,0,0,0,0,0,0
2546,Lebanon,422,Caribbean,915,0,0,0,0,0,0,0,0,0,0,0,0,0,0,0,0,0,0,0,0,0
2547,Oman,512,Caribbean,915,0,0,0,0,0,0,0,0,0,0,0,0,0,0,0,0,0,0,0,0,0
2548,Qatar,634,Caribbean,915,0,0,0,0,0,0,0,0,0,0,0,0,0,0,0,0,0,0,0,0,0
2549,SaudiArabia,682,Caribbean,915,0,0,0,0,0,0,0,0,0,0,0,0,0,0,0,0,0,0,0,0,0
2550,StateofPalestine,275,Caribbean,915,0,0,0,0,0,0,0,0,0,0,0,0,0,0,0,0,0,0,0,0,0
2551,SyrianArabRepublic,760,Caribbean,915,0,0,0,0,0,0,0,0,0,0,0,0,0,0,0,0,0,0,0,0,0
2552,Turkey,792,Caribbean,915,39,94,154,161,166,162,219,21,47,74,74,75,73,92,18,47,80,87,91,89,127
2553,UnitedArabEmirates,784,Caribbean,915,0,0,0,0,0,0,0,0,0,0,0,0,0,0,0,0,0,0,0,0,0
2554,Yemen,887,Caribbean,915,0,0,0,0,0,0,0,0,0,0,0,0,0,0,0,0,0,0,0,0,0
2555,EasternEurope,923,Caribbean,915,3802,3877,3858,4066,4195,4564,5294,1949,2180,2360,2471,2539,2770,3205,1853,1697,1498,1595,1656,1794,2089
2556,Belarus,112,Caribbean,915,22,34,46,45,43,44,42,21,32,43,42,40,41,41,1,2,3,3,3,3,1
2557,Bulgaria,100,Caribbean,915,93,164,229,322,402,408,477,64,105,143,194,243,236,283,29,59,86,128,159,172,194
2558,Czechia,203,Caribbean,915,135,208,279,369,425,540,638,104,161,218,266,295,353,400,31,47,61,103,130,187,238
2559,Hungary,348,Caribbean,915,270,382,487,602,719,629,755,94,154,210,270,332,290,362,176,228,277,332,387,339,393
2560,Poland,616,Caribbean,915,265,226,194,220,255,241,319,178,152,128,143,161,155,216,87,74,66,77,94,86,103
2561,RepublicofMoldova,498,Caribbean,915,0,0,0,0,0,0,0,0,0,0,0,0,0,0,0,0,0,0,0,0,0
2562,Romania,642,Caribbean,915,1,1,1,1,5,237,579,1,1,1,1,3,160,352,0,0,0,0,2,77,227
2563,RussianFederation,643,Caribbean,915,2993,2813,2532,2406,2233,2276,2271,1469,1539,1553,1483,1384,1406,1405,1524,1274,979,923,849,870,866
2564,Slovakia,703,Caribbean,915,23,49,90,101,113,189,213,18,36,64,72,81,129,146,5,13,26,29,32,60,67
2565,Ukraine,804,Caribbean,915,0,0,0,0,0,0,0,0,0,0,0,0,0,0,0,0,0,0,0,0,0
2566,NorthernEurope,924,Caribbean,915,188868,214725,244318,240782,253482,265394,271966,91134,100611,111487,108217,110478,110896,110900,97734,114114,132831,132565,143004,154498,161066
2567,ChannelIslands,830,Caribbean,915,0,0,0,0,0,0,0,0,0,0,0,0,0,0,0,0,0,0,0,0,0
2568,Denmark,208,Caribbean,915,359,541,717,922,1059,1222,1400,180,262,344,430,483,551,638,179,279,373,492,576,671,762
2569,Estonia,233,Caribbean,915,0,0,0,0,27,28,50,0,0,0,0,14,15,34,0,0,0,0,13,13,16
2570,FaroeIslands,234,Caribbean,915,0,0,0,0,0,0,0,0,0,0,0,0,0,0,0,0,0,0,0,0,0
2571,Finland,246,Caribbean,915,66,145,217,417,556,758,928,44,93,139,253,325,455,570,22,52,78,164,231,303,358
2572,Iceland,352,Caribbean,915,17,29,36,67,92,136,169,6,13,17,27,35,51,61,11,16,19,40,57,85,108
2573,Ireland,372,Caribbean,915,85,240,519,517,428,437,466,38,103,220,234,171,173,178,47,137,299,283,257,264,288
2574,IsleofMan,833,Caribbean,915,0,0,0,0,0,0,0,0,0,0,0,0,0,0,0,0,0,0,0,0,0
2575,Latvia,428,Caribbean,915,28,54,83,70,61,53,50,13,33,54,46,40,31,31,15,21,29,24,21,22,19
2576,Lithuania,440,Caribbean,915,0,0,0,0,0,21,15,0,0,0,0,0,11,6,0,0,0,0,0,10,9
2577,Norway,578,Caribbean,915,384,486,836,1346,1894,2441,2793,175,211,340,506,738,980,1123,209,275,496,840,1156,1461,1670
2578,Sweden,752,Caribbean,915,1978,2347,2523,3059,3760,4240,5059,1152,1359,1449,1692,2048,2259,2696,826,988,1074,1367,1712,1981,2363
2579,UnitedKingdom,826,Caribbean,915,185951,210883,239387,234384,245605,256058,261036,89526,98537,108924,105029,106624,106370,105563,96425,112346,130463,129355,138981,149688,155473
2580,SouthernEurope,925,Caribbean,915,49533,72539,117839,202899,320388,372394,443198,17500,23403,37701,72005,122225,143405,173733,32033,49136,80138,130894,198163,228989,269465
2581,Albania,8,Caribbean,915,0,0,0,0,0,0,0,0,0,0,0,0,0,0,0,0,0,0,0,0,0
2582,Andorra,20,Caribbean,915,0,0,0,0,0,0,0,0,0,0,0,0,0,0,0,0,0,0,0,0,0
2583,BosniaandHerzegovina,70,Caribbean,915,0,0,0,0,0,0,0,0,0,0,0,0,0,0,0,0,0,0,0,0,0
2584,Croatia,191,Caribbean,915,0,0,0,0,0,0,0,0,0,0,0,0,0,0,0,0,0,0,0,0,0
2585,Gibraltar,292,Caribbean,915,0,0,0,0,0,0,0,0,0,0,0,0,0,0,0,0,0,0,0,0,0
2586,Greece,300,Caribbean,915,1313,1263,1235,1219,1233,1151,1157,724,555,377,347,325,273,333,589,708,858,872,908,878,824
2587,HolySee,336,Caribbean,915,0,0,0,0,0,0,0,0,0,0,0,0,0,0,0,0,0,0,0,0,0
2588,Italy,380,Caribbean,915,10615,20348,30073,53793,74580,78231,88468,3689,4305,4920,13391,20485,21462,25181,6926,16043,25153,40402,54095,56769,63287
2589,Malta,470,Caribbean,915,9,11,13,17,10,17,35,2,2,3,3,5,9,20,7,9,10,14,5,8,15
2590,Montenegro,499,Caribbean,915,0,0,0,0,0,0,0,0,0,0,0,0,0,0,0,0,0,0,0,0,0
2591,NorthMacedonia,807,Caribbean,915,0,0,0,0,0,0,0,0,0,0,0,0,0,0,0,0,0,0,0,0,0
2592,Portugal,620,Caribbean,915,133,288,458,1073,1513,1713,2039,58,123,195,308,372,354,476,75,165,263,765,1141,1359,1563
2593,SanMarino,674,Caribbean,915,0,0,0,0,0,0,0,0,0,0,0,0,0,0,0,0,0,0,0,0,0
2594,Serbia,688,Caribbean,915,3,22,30,30,30,29,28,2,12,15,15,15,15,15,1,10,15,15,15,14,13
2595,Slovenia,705,Caribbean,915,5,10,6,51,206,269,307,3,6,3,12,37,76,90,2,4,3,39,169,193,217
2596,Spain,724,Caribbean,915,37455,50597,86024,146716,242816,290984,351164,13022,18400,32188,57929,100986,121216,147618,24433,32197,53836,88787,141830,169768,203546
2597,WesternEurope,926,Caribbean,915,55110,65350,75744,142912,153838,171273,197987,23169,26508,29904,57842,59510,65226,76085,31941,38842,45840,85070,94328,106047,121902
2598,Austria,40,Caribbean,915,2478,2798,3110,3441,3819,4299,4827,759,888,1015,1069,1124,1359,1652,1719,1910,2095,2372,2695,2940,3175
2599,Belgium,56,Caribbean,915,4332,4465,4469,4957,5808,7008,7880,1766,1805,1802,2055,2239,2742,3161,2566,2660,2667,2902,3569,4266,4719
2600,France,250,Caribbean,915,30995,32003,33000,88925,89319,98989,108784,13756,13904,14049,37785,35922,38198,42130,17239,18099,18951,51140,53397,60791,66654
2601,Germany,276,Caribbean,915,5093,9560,14025,19814,24483,25129,33719,2777,3975,5174,7617,9643,9807,12781,2316,5585,8851,12197,14840,15322,20938
2602,Liechtenstein,438,Caribbean,915,0,1,2,32,77,91,106,0,1,1,11,30,30,29,0,0,1,21,47,61,77
2603,Luxembourg,442,Caribbean,915,170,158,152,131,114,172,845,51,47,45,45,46,71,288,119,111,107,86,68,101,557
2604,Monaco,492,Caribbean,915,0,0,0,0,0,0,0,0,0,0,0,0,0,0,0,0,0,0,0,0,0
2605,Netherlands,528,Caribbean,915,4348,6597,9096,12228,14519,17808,22048,1659,2353,3119,4366,5362,7021,9147,2689,4244,5977,7862,9157,10787,12901
2606,Switzerland,756,Caribbean,915,7694,9768,11890,13384,15699,17777,19778,2401,3535,4699,4894,5144,5998,6897,5293,6233,7191,8490,10555,11779,12881
2607,Caribbean,915,Caribbean,915,437177,489402,540565,601238,663895,832854,859403,241569,268017,293818,325697,356795,475462,492844,195608,221385,246747,275541,307100,357392,366559
2608,Anguilla,660,Caribbean,915,1281,1650,2019,2325,2531,2711,2823,776,986,1196,1381,1508,1618,1687,505,664,823,944,1023,1093,1136
2609,AntiguaandBarbuda,28,Caribbean,915,6827,10010,13180,14140,15088,16042,16748,3279,4481,5679,6084,6487,6891,7216,3548,5529,7501,8056,8601,9151,9532
2610,Aruba,533,Caribbean,915,3802,6066,8325,9309,10118,10636,11888,1100,2092,3086,3624,4200,4405,4780,2702,3974,5239,5685,5918,6231,7108
2611,Bahamas,44,Caribbean,915,16518,21107,25705,30512,35311,38259,41045,8847,11348,13867,15912,17956,19318,20702,7671,9759,11838,14600,17355,18941,20343
2612,Barbados,52,Caribbean,915,10662,11637,12613,10586,8519,8944,9028,4047,4534,5022,4165,3284,3448,3485,6615,7103,7591,6421,5235,5496,5543
2613,BritishVirginIslands,92,Caribbean,915,5356,6299,7237,8291,9946,11373,12898,2752,3158,3566,4085,4880,5540,6287,2604,3141,3671,4206,5066,5833,6611
2614,CaymanIslands,136,Caribbean,915,4290,5984,9192,9658,10988,11994,13359,1925,2753,4260,4696,5563,6054,6775,2365,3231,4932,4962,5425,5940,6584
2615,Cuba,192,Caribbean,915,3438,2607,1880,996,506,245,116,2141,1581,1107,549,249,112,51,1297,1026,773,447,257,133,65
2616,CuraÃao,531,Caribbean,915,0,0,0,0,13896,15069,17562,0,0,0,0,4644,5063,6183,0,0,0,0,9252,10006,11379
2617,Dominica,212,Caribbean,915,1330,1747,2084,2556,4826,4500,4606,675,886,1069,1307,2446,2289,2340,655,861,1015,1249,2380,2211,2266
2618,DominicanRepublic,214,Caribbean,915,204883,227566,250237,286855,323770,483915,505322,132045,144704,157357,178546,199904,315519,329061,72838,82862,92880,108309,123866,168396,176261
2619,Grenada,308,Caribbean,915,2341,2934,3534,3698,3872,3914,3991,1157,1401,1645,1730,1814,1833,1713,1184,1533,1889,1968,2058,2081,2278
2620,Guadeloupe,312,Caribbean,915,27104,25652,24197,26780,29361,28127,27846,13387,12244,11103,12018,12932,11681,11419,13717,13408,13094,14762,16429,16446,16427
2621,Haiti,332,Caribbean,915,5155,4895,4648,4414,4634,4864,5088,2721,2585,2456,2332,2449,2572,2693,2434,2310,2192,2082,2185,2292,2395
2622,Jamaica,388,Caribbean,915,5353,6142,6925,6749,6569,6428,6539,2600,2993,3384,3317,3252,3183,3246,2753,3149,3541,3432,3317,3245,3293
2623,Martinique,474,Caribbean,915,5625,7147,8671,9074,9479,11004,10914,2361,3045,3727,3773,3818,4239,4206,3264,4102,4944,5301,5661,6765,6708
2624,Montserrat,500,Caribbean,915,908,726,548,564,581,612,634,443,355,268,275,283,298,304,465,371,280,289,298,314,330
2625,PuertoRico,630,Caribbean,915,61005,72887,84952,87459,78976,73212,60533,27844,34041,40313,41415,37019,34151,28122,33161,38846,44639,46044,41957,39061,32411
2626,SaintBarthelemy,652,Caribbean,915,0,0,0,0,0,0,0,0,0,0,0,0,0,0,0,0,0,0,0,0,0
2627,SaintKittsandNevis,659,Caribbean,915,1186,1571,2172,2468,2675,2744,2827,580,779,1095,1246,1352,1394,1443,606,792,1077,1222,1323,1350,1384
2628,SaintLucia,662,Caribbean,915,1549,2043,2862,3109,3139,2996,2859,765,1010,1423,1503,1488,1429,1371,784,1033,1439,1606,1651,1567,1488
2629,SaintMartinFrenchpart,663,Caribbean,915,0,0,0,0,0,0,0,0,0,0,0,0,0,0,0,0,0,0,0,0,0
2630,SaintVincentandtheGrenadines,670,Caribbean,915,2393,2487,2590,2663,2739,2781,2832,1138,1182,1234,1290,1353,1377,1425,1255,1305,1356,1373,1386,1404,1407
2631,SintMaartenDutchpart,534,Caribbean,915,0,0,0,9485,18982,19778,20886,0,0,0,4301,8605,8953,9456,0,0,0,5184,10377,10825,11430
2632,TrinidadandTobago,780,Caribbean,915,32786,29767,22919,24604,17353,18056,22288,15294,13845,10402,11135,7754,8234,11940,17492,15922,12517,13469,9599,9822,10348
2633,TurksandCaicosIslands,796,Caribbean,915,3619,4736,6278,6720,11361,15957,18083,1874,2440,3202,3401,5685,7986,9054,1745,2296,3076,3319,5676,7971,9029
2634,UnitedStatesVirginIslands,850,Caribbean,915,29766,33742,37797,38223,38675,38693,38688,13818,15574,17357,17612,17870,17875,17885,15948,18168,20440,20611,20805,20818,20803
2635,CentralAmerica,916,Caribbean,915,20425,23127,29325,29231,38125,41860,51844,10142,10967,13470,13897,18791,20501,26009,10283,12160,15855,15334,19334,21359,25835
2636,Belize,84,Caribbean,915,480,461,441,454,467,550,621,279,273,266,273,282,332,378,201,188,175,181,185,218,243
2637,CostaRica,188,Caribbean,915,5836,4662,5820,3831,7538,7626,9144,2969,2400,2945,1906,3767,3797,4785,2867,2262,2875,1925,3771,3829,4359
2638,ElSalvador,222,Caribbean,915,311,270,225,264,299,312,313,157,138,119,142,164,172,173,154,132,106,122,135,140,140
2639,Guatemala,320,Caribbean,915,429,496,561,666,769,845,943,146,218,288,372,457,509,567,283,278,273,294,312,336,376
2640,Honduras,340,Caribbean,915,787,781,772,757,738,1036,1053,531,519,505,497,490,690,704,256,262,267,260,248,346,349
2641,Mexico,484,Caribbean,915,5092,8133,11534,12949,15861,17030,23839,2473,3876,5474,6475,8234,8765,12407,2619,4257,6060,6474,7627,8265,11432
2642,Nicaragua,558,Caribbean,915,1137,904,1009,1144,1221,1314,1365,662,522,591,668,719,779,815,475,382,418,476,502,535,550
2643,Panama,591,Caribbean,915,6353,7420,8963,9166,11232,13147,14566,2925,3021,3282,3564,4678,5457,6180,3428,4399,5681,5602,6554,7690,8386
2644,SouthAmerica,931,Caribbean,915,66348,67312,69258,72725,79135,118757,424484,31609,32254,33289,34534,37299,59932,234353,34739,35058,35969,38191,41836,58825,190131
2645,Argentina,32,Caribbean,915,2130,3135,4143,3068,1968,1974,1988,1002,1361,1727,1304,878,880,893,1128,1774,2416,1764,1090,1094,1095
2646,BoliviaPlurinationalStateof,68,Caribbean,915,386,606,970,1328,1894,2202,2432,208,320,505,683,970,1122,1248,178,286,465,645,924,1080,1184
2647,Brazil,76,Caribbean,915,997,1260,1520,2098,3049,3586,49651,419,638,856,1169,1625,1906,20744,578,622,664,929,1424,1680,28907
2648,Chile,152,Caribbean,915,678,1988,3300,4952,6605,42697,297326,327,1033,1707,2601,3495,24858,177691,351,955,1593,2351,3110,17839,119635
2649,Colombia,170,Caribbean,915,1657,1725,1792,1755,2241,2858,3580,929,984,1039,1035,1335,1721,2168,728,741,753,720,906,1137,1412
2650,Ecuador,218,Caribbean,915,1359,1527,1692,2027,4628,4073,4256,732,824,913,1111,2510,2183,2510,627,703,779,916,2118,1890,1746
2651,FalklandIslandsMalvinas,238,Caribbean,915,0,0,0,0,0,0,0,0,0,0,0,0,0,0,0,0,0,0,0,0,0
2652,FrenchGuiana,254,Caribbean,915,18429,20390,22349,23173,23995,25525,28684,9852,10452,11054,10853,10652,11142,12523,8577,9938,11295,12320,13343,14383,16161
2653,Guyana,328,Caribbean,915,893,1163,1431,1701,1220,1287,1348,489,633,783,934,697,738,775,404,530,648,767,523,549,573
2654,Paraguay,600,Caribbean,915,0,0,0,0,0,0,0,0,0,0,0,0,0,0,0,0,0,0,0,0,0
2655,Peru,604,Caribbean,915,800,805,945,1112,1241,1316,3898,446,442,520,614,683,740,2272,354,363,425,498,558,576,1626
2656,Suriname,740,Caribbean,915,0,0,0,0,0,0,0,0,0,0,0,0,0,0,0,0,0,0,0,0,0
2657,Uruguay,858,Caribbean,915,0,0,0,0,0,0,0,0,0,0,0,0,0,0,0,0,0,0,0,0,0
2658,VenezuelaBolivarianRepublicof,862,Caribbean,915,39019,34713,31116,31511,32294,33239,31321,17205,15567,14185,14230,14454,14642,13529,21814,19146,16931,17281,17840,18597,17792
2659,Bermuda,60,Caribbean,915,1556,1737,2369,2122,1832,1919,2138,865,932,1200,1007,888,878,992,691,805,1169,1115,944,1041,1146
2660,Canada,124,Caribbean,915,221476,255952,296516,316302,394415,383257,415241,107824,123946,143044,144233,172633,168026,182066,113652,132006,153472,172069,221782,215231,233175
2661,Greenland,304,Caribbean,915,0,0,0,0,0,0,0,0,0,0,0,0,0,0,0,0,0,0,0,0,0
2662,SaintPierreandMiquelon,666,Caribbean,915,0,0,0,0,0,0,0,0,0,0,0,0,0,0,0,0,0,0,0,0,0
2663,UnitedStatesofAmerica,840,Caribbean,915,3088470,3833844,4577441,4882733,5345931,5918567,6381315,1444374,1754535,2058381,2213670,2384709,2743264,2939481,1644096,2079309,2519060,2669063,2961222,3175303,3441834
2664,Australia,36,Caribbean,915,2804,3527,4269,4679,5229,6069,6593,1420,1815,2176,2395,2673,3193,3377,1384,1712,2093,2284,2556,2876,3216
2665,NewZealand,554,Caribbean,915,0,0,0,0,0,0,0,0,0,0,0,0,0,0,0,0,0,0,0,0,0
2666,Melanesia,928,Caribbean,915,0,0,0,0,0,0,0,0,0,0,0,0,0,0,0,0,0,0,0,0,0
2667,Fiji,242,Caribbean,915,0,0,0,0,0,0,0,0,0,0,0,0,0,0,0,0,0,0,0,0,0
2668,NewCaledonia,540,Caribbean,915,0,0,0,0,0,0,0,0,0,0,0,0,0,0,0,0,0,0,0,0,0
2669,PapuaNewGuinea,598,Caribbean,915,0,0,0,0,0,0,0,0,0,0,0,0,0,0,0,0,0,0,0,0,0
2670,SolomonIslands,90,Caribbean,915,0,0,0,0,0,0,0,0,0,0,0,0,0,0,0,0,0,0,0,0,0
2671,Vanuatu,548,Caribbean,915,0,0,0,0,0,0,0,0,0,0,0,0,0,0,0,0,0,0,0,0,0
2672,Micronesia,954,Caribbean,915,1117,1327,1606,3473,4933,4861,5094,555,670,785,1698,2437,2407,2527,562,657,821,1775,2496,2454,2567
2673,Guam,316,Caribbean,915,194,194,193,2054,3915,3950,4176,111,102,92,1056,2021,2038,2155,83,92,101,998,1894,1912,2021
2674,Kiribati,296,Caribbean,915,0,0,0,0,0,0,0,0,0,0,0,0,0,0,0,0,0,0,0,0,0
2675,MarshallIslands,584,Caribbean,915,0,0,0,0,0,0,0,0,0,0,0,0,0,0,0,0,0,0,0,0,0
2676,MicronesiaFedStatesof,583,Caribbean,915,0,0,0,0,0,0,0,0,0,0,0,0,0,0,0,0,0,0,0,0,0
2677,Nauru,520,Caribbean,915,0,0,0,0,0,0,0,0,0,0,0,0,0,0,0,0,0,0,0,0,0
2678,NorthernMarianaIslands,580,Caribbean,915,923,1133,1413,1419,1018,911,918,444,568,693,642,416,369,372,479,565,720,777,602,542,546
2679,Palau,585,Caribbean,915,0,0,0,0,0,0,0,0,0,0,0,0,0,0,0,0,0,0,0,0,0
2680,Polynesia,957,Caribbean,915,0,0,0,0,0,0,0,0,0,0,0,0,0,0,0,0,0,0,0,0,0
2681,AmericanSamoa,16,Caribbean,915,0,0,0,0,0,0,0,0,0,0,0,0,0,0,0,0,0,0,0,0,0
2682,CookIslands,184,Caribbean,915,0,0,0,0,0,0,0,0,0,0,0,0,0,0,0,0,0,0,0,0,0
2683,FrenchPolynesia,258,Caribbean,915,0,0,0,0,0,0,0,0,0,0,0,0,0,0,0,0,0,0,0,0,0
2684,Niue,570,Caribbean,915,0,0,0,0,0,0,0,0,0,0,0,0,0,0,0,0,0,0,0,0,0
2685,Samoa,882,Caribbean,915,0,0,0,0,0,0,0,0,0,0,0,0,0,0,0,0,0,0,0,0,0
2686,Tokelau,772,Caribbean,915,0,0,0,0,0,0,0,0,0,0,0,0,0,0,0,0,0,0,0,0,0
2687,Tonga,776,Caribbean,915,0,0,0,0,0,0,0,0,0,0,0,0,0,0,0,0,0,0,0,0,0
2688,Tuvalu,798,Caribbean,915,0,0,0,0,0,0,0,0,0,0,0,0,0,0,0,0,0,0,0,0,0
2689,WallisandFutunaIslands,876,Caribbean,915,0,0,0,0,0,0,0,0,0,0,0,0,0,0,0,0,0,0,0,0,0
2690,SubSaharanAfrica,947,WesternEurope,926,198954,191686,201877,223885,228996,238807,261220,97714,98334,106206,117527,120328,125793,138784,101240,93352,95671,106358,108668,113014,122436
2691,NorthernAfricaandWesternAsia,1833,WesternEurope,926,391469,418871,455108,479349,528166,540141,687499,195230,205520,220545,230932,253135,235725,275058,196239,213351,234563,248417,275031,304416,412441
2692,CentralandSouthernAsia,921,WesternEurope,926,48734,35356,21078,20010,18745,17915,17547,21625,15577,9112,8998,8857,8597,8450,27109,19779,11966,11012,9888,9318,9097
2693,EasternandSouthEasternAsia,1832,WesternEurope,926,21575,24310,32075,38662,47232,50308,58057,13614,14975,19180,22381,27264,28618,32304,7961,9335,12895,16281,19968,21690,25753
2694,LatinAmericaandtheCaribbean,1830,WesternEurope,926,238430,250088,264500,267704,289986,325507,339742,124997,130645,137877,138726,149728,167671,176851,113433,119443,126623,128978,140258,157836,162891
2695,OceaniaexcludingAustraliaandNewZealand,1835,WesternEurope,926,38252,43269,47828,54830,60013,68250,71028,22907,25516,27867,31128,33535,38059,39484,15345,17753,19961,23702,26478,30191,31544
2696,AustraliaandNewZealand,927,WesternEurope,926,316715,314364,304372,313788,324422,318676,355450,163521,160760,153513,156925,161164,159004,176416,153194,153604,150859,156863,163258,159672,179034
2697,EuropeandNorthernAmerica,1829,WesternEurope,926,4846399,5097268,5506402,6068658,6728694,6835134,7386877,2185594,2333752,2556042,2856924,3119993,3207193,3503252,2660805,2763516,2950360,3211734,3608701,3627941,3883625
2698,Developedregions,901,WesternEurope,926,5172328,5422085,5823252,6399881,7071601,7174157,7767497,2353809,2499529,2715320,3021792,3289471,3375277,3690902,2818519,2922556,3107932,3378089,3782130,3798880,4076595
2699,Lessdevelopedregions,902,WesternEurope,926,928200,953127,1009988,1067005,1154653,1220581,1409923,471393,485550,515022,541749,584533,595383,659697,456807,467577,494966,525256,570120,625198,750226
2700,Leastdevelopedcountries,941,WesternEurope,926,45714,47683,47556,51576,48259,49766,53017,24033,25074,25110,27143,25533,26183,27882,21681,22609,22446,24433,22726,23583,25135
2701,LandlockedDevelopingCountriesLLDC,1636,WesternEurope,926,63361,55472,45557,47566,39946,39941,42480,29986,26690,22364,23529,20040,20132,21475,33375,28782,23193,24037,19906,19809,21005
2702,SmallislanddevelopingStatesSIDS,1637,WesternEurope,926,125046,146498,167992,176580,192617,209853,214278,68579,78813,89041,91121,97170,104577,106985,56467,67685,78951,85459,95447,105276,107293
2703,Highincomecountries,1503,WesternEurope,926,5140451,5393705,5796696,6386626,7104194,7225454,7805258,2340303,2486752,2703138,3017355,3311401,3407984,3716270,2800148,2906953,3093558,3369271,3792793,3817470,4088988
2704,Middleincomecountries,1517,WesternEurope,926,810773,798735,817393,841515,876739,914376,1106008,405383,402358,413630,423901,438496,436517,502616,405390,396377,403763,417614,438243,477859,603392
2705,Uppermiddleincomecountries,1502,WesternEurope,926,670317,682999,719756,749198,762007,788020,967955,334746,344428,364733,376780,379394,371334,431221,335571,338571,355023,372418,382613,416686,536734
2706,Lowermiddleincomecountries,1501,WesternEurope,926,140456,115736,97637,92317,114732,126356,138053,70637,57930,48897,47121,59102,65183,71395,69819,57806,48740,45196,55630,61173,66658
2707,Lowincomecountries,1500,WesternEurope,926,31602,32453,33127,35866,30768,31173,33798,17004,17524,17787,19199,16661,16834,18221,14598,14929,15340,16667,14107,14339,15577
2708,EasternAfrica,910,WesternEurope,926,50100,63865,82487,95923,104325,109614,117627,27577,35117,44962,52338,56855,59367,63459,22523,28748,37525,43585,47470,50247,54168
2709,Burundi,108,WesternEurope,926,963,931,712,698,745,907,1076,472,454,347,336,355,433,517,491,477,365,362,390,474,559
2710,Comoros,174,WesternEurope,926,543,538,532,509,486,482,479,310,306,301,289,278,277,276,233,232,231,220,208,205,203
2711,Djibouti,262,WesternEurope,926,0,0,0,0,0,0,0,0,0,0,0,0,0,0,0,0,0,0,0,0,0
2712,Eritrea,232,WesternEurope,926,108,159,211,283,360,436,380,52,75,99,143,190,229,203,56,84,112,140,170,207,177
2713,Ethiopia,231,WesternEurope,926,0,0,0,0,0,0,0,0,0,0,0,0,0,0,0,0,0,0,0,0,0
2714,Kenya,404,WesternEurope,926,0,0,0,0,0,0,0,0,0,0,0,0,0,0,0,0,0,0,0,0,0
2715,Madagascar,450,WesternEurope,926,6672,5908,6567,7269,8066,8950,9922,3725,3321,3705,4115,4583,5102,5658,2947,2587,2862,3154,3483,3848,4264
2716,Malawi,454,WesternEurope,926,0,0,0,0,0,0,0,0,0,0,0,0,0,0,0,0,0,0,0,0,0
2717,Mauritius,480,WesternEurope,926,987,831,1145,1345,1622,1864,1877,511,456,586,743,968,1150,1161,476,375,559,602,654,714,716
2718,Mayotte,175,WesternEurope,926,1359,2791,5080,7789,9498,10624,14560,859,1712,2948,4023,4504,4916,6738,500,1079,2132,3766,4994,5708,7822
2719,Mozambique,508,WesternEurope,926,0,0,0,0,0,0,0,0,0,0,0,0,0,0,0,0,0,0,0,0,0
2720,Reunion,638,WesternEurope,926,37516,50738,66309,75927,81294,84056,87069,20563,27680,35879,41517,44766,46102,47756,16953,23058,30430,34410,36528,37954,39313
2721,Rwanda,646,WesternEurope,926,0,0,0,0,0,0,0,0,0,0,0,0,0,0,0,0,0,0,0,0,0
2722,Seychelles,690,WesternEurope,926,252,241,231,277,324,362,364,100,119,137,141,145,174,177,152,122,94,136,179,188,187
2723,Somalia,706,WesternEurope,926,0,0,0,0,0,0,0,0,0,0,0,0,0,0,0,0,0,0,0,0,0
2724,SouthSudan,728,WesternEurope,926,0,0,0,0,0,0,0,0,0,0,0,0,0,0,0,0,0,0,0,0,0
2725,Uganda,800,WesternEurope,926,719,680,678,654,657,660,614,423,391,371,354,354,354,330,296,289,307,300,303,306,284
2726,UnitedRepublicofTanzania,834,WesternEurope,926,605,769,810,901,924,967,861,348,442,466,519,532,473,419,257,327,344,382,392,494,442
2727,Zambia,894,WesternEurope,926,376,279,212,271,349,306,425,214,161,123,158,180,157,224,162,118,89,113,169,149,201
2728,Zimbabwe,716,WesternEurope,926,0,0,0,0,0,0,0,0,0,0,0,0,0,0,0,0,0,0,0,0,0
2729,MiddleAfrica,911,WesternEurope,926,38476,39957,41944,32984,38995,46570,50500,20355,21069,22063,17733,21063,25727,27773,18121,18888,19881,15251,17932,20843,22727
2730,Angola,24,WesternEurope,926,0,0,0,0,0,0,0,0,0,0,0,0,0,0,0,0,0,0,0,0,0
2731,Cameroon,120,WesternEurope,926,11808,10986,10163,5099,4058,5068,5900,6377,5919,5460,2705,2238,2486,2898,5431,5067,4703,2394,1820,2582,3002
2732,CentralAfricanRepublic,140,WesternEurope,926,10726,13346,14808,11558,11353,9779,10344,5507,6870,7633,5966,5864,5017,5253,5219,6476,7175,5592,5489,4762,5091
2733,Chad,148,WesternEurope,926,886,963,1039,720,853,1048,1216,478,519,560,326,382,482,553,408,444,479,394,471,566,663
2734,Congo,178,WesternEurope,926,8752,6246,5415,3443,8201,10899,10825,4577,3208,2693,2120,4602,5912,5846,4175,3038,2722,1323,3599,4987,4979
2735,DemocraticRepublicoftheCongo,180,WesternEurope,926,0,0,0,0,0,0,0,0,0,0,0,0,0,0,0,0,0,0,0,0,0
2736,EquatorialGuinea,226,WesternEurope,926,1154,1529,1903,2776,3649,4561,5482,511,672,833,1252,1672,2121,2550,643,857,1070,1524,1977,2440,2932
2737,Gabon,266,WesternEurope,926,5150,6887,8616,9388,10881,15215,16733,2905,3881,4884,5364,6305,9709,10673,2245,3006,3732,4024,4576,5506,6060
2738,SaoTomeandPrincipe,678,WesternEurope,926,0,0,0,0,0,0,0,0,0,0,0,0,0,0,0,0,0,0,0,0,0
2739,NorthernAfrica,912,WesternEurope,926,96366,68853,46246,49945,66129,74527,85229,51685,36219,23635,26976,35068,39908,45828,44681,32634,22611,22969,31061,34619,39401
2740,Algeria,12,WesternEurope,926,8630,4982,1334,1054,1157,1256,1304,4856,2694,533,421,432,468,486,3774,2288,801,633,725,788,818
2741,Egypt,818,WesternEurope,926,17074,13202,10375,12350,13287,9129,14266,9151,6941,5281,6660,6934,5368,7625,7923,6261,5094,5690,6353,3761,6641
2742,Libya,434,WesternEurope,926,48750,30181,12113,13353,14656,16407,17564,26250,15998,6342,8125,8966,9977,10837,22500,14183,5771,5228,5690,6430,6727
2743,Morocco,504,WesternEurope,926,16999,15596,16426,17417,29006,37407,41128,8990,8134,8436,8815,14611,18764,21154,8009,7462,7990,8602,14395,18643,19974
2744,Sudan,729,WesternEurope,926,0,0,0,0,0,0,0,0,0,0,0,0,0,0,0,0,0,0,0,0,0
2745,Tunisia,788,WesternEurope,926,4773,4737,5827,5569,7790,10060,10688,2375,2381,2963,2857,4010,5195,5584,2398,2356,2864,2712,3780,4865,5104
2746,WesternSahara,732,WesternEurope,926,140,155,171,202,233,268,279,63,71,80,98,115,136,142,77,84,91,104,118,132,137
2747,SouthernAfrica,913,WesternEurope,926,88022,65620,57391,67974,63110,58262,67284,38441,30816,28940,33631,30815,28249,34337,49581,34804,28451,34343,32295,30013,32947
2748,Botswana,72,WesternEurope,926,520,501,534,1023,841,913,973,297,285,302,573,455,495,529,223,216,232,450,386,418,444
2749,Eswatini,748,WesternEurope,926,0,0,0,0,0,0,0,0,0,0,0,0,0,0,0,0,0,0,0,0,0
2750,Lesotho,426,WesternEurope,926,0,0,0,0,0,0,0,0,0,0,0,0,0,0,0,0,0,0,0,0,0
2751,Namibia,516,WesternEurope,926,16828,16090,14945,11813,11379,11135,11911,7258,6999,6538,5129,4954,4867,5222,9570,9091,8407,6684,6425,6268,6689
2752,SouthAfrica,710,WesternEurope,926,70674,49029,41912,55138,50890,46214,54400,30886,23532,22100,27929,25406,22887,28586,39788,25497,19812,27209,25484,23327,25814
2753,WesternAfrica,914,WesternEurope,926,22356,22244,20055,27004,22566,24361,25809,11341,11332,10241,13825,11595,12450,13215,11015,10912,9814,13179,10971,11911,12594
2754,Benin,204,WesternEurope,926,370,510,650,909,1161,1304,1402,190,265,340,458,574,659,711,180,245,310,451,587,645,691
2755,BurkinaFaso,854,WesternEurope,926,0,0,0,0,0,0,0,0,0,0,0,0,0,0,0,0,0,0,0,0,0
2756,CaboVerde,132,WesternEurope,926,226,293,358,340,322,332,341,113,151,189,172,158,162,170,113,142,169,168,164,170,171
2757,CotedIvoire,384,WesternEurope,926,0,0,0,0,0,0,0,0,0,0,0,0,0,0,0,0,0,0,0,0,0
2758,Gambia,270,WesternEurope,926,0,0,0,0,0,0,0,0,0,0,0,0,0,0,0,0,0,0,0,0,0
2759,Ghana,288,WesternEurope,926,352,351,392,551,455,558,636,193,207,216,318,257,315,362,159,144,176,233,198,243,274
2760,Guinea,324,WesternEurope,926,2698,2131,1491,1043,729,375,350,1502,1343,941,725,506,256,246,1196,788,550,318,223,119,104
2761,GuineaBissau,624,WesternEurope,926,71,91,111,108,104,110,79,49,63,78,76,73,77,56,22,28,33,32,31,33,23
2762,Liberia,430,WesternEurope,926,1670,1630,1602,726,335,382,290,877,838,801,469,151,170,134,793,792,801,257,184,212,156
2763,Mali,466,WesternEurope,926,2689,2679,2347,9615,4357,5362,6291,1443,1409,1217,4841,2312,2844,3342,1246,1270,1130,4774,2045,2518,2949
2764,Mauritania,478,WesternEurope,926,56,59,60,61,42,60,64,25,29,33,34,25,36,39,31,30,27,27,17,24,25
2765,Niger,562,WesternEurope,926,0,0,0,0,0,0,0,0,0,0,0,0,0,0,0,0,0,0,0,0,0
2766,Nigeria,566,WesternEurope,926,0,0,0,0,0,0,0,0,0,0,0,0,0,0,0,0,0,0,0,0,0
2767,SaintHelena,654,WesternEurope,926,0,0,0,0,0,0,0,0,0,0,0,0,0,0,0,0,0,0,0,0,0
2768,Senegal,686,WesternEurope,926,12174,12731,11507,12380,13848,14785,15261,5866,6095,5625,6055,6870,7332,7551,6308,6636,5882,6325,6978,7453,7710
2769,SierraLeone,694,WesternEurope,926,135,131,127,46,40,36,32,74,70,66,34,28,23,20,61,61,61,12,12,13,12
2770,Togo,768,WesternEurope,926,1915,1638,1410,1225,1173,1057,1063,1009,862,735,643,641,576,584,906,776,675,582,532,481,479
2771,CentralAsia,5500,WesternEurope,926,36645,26913,16303,14563,12366,11766,11634,15922,11696,7049,6435,5588,5406,5376,20723,15217,9254,8128,6778,6360,6258
2772,Kazakhstan,398,WesternEurope,926,0,0,0,0,0,0,0,0,0,0,0,0,0,0,0,0,0,0,0,0,0
2773,Kyrgyzstan,417,WesternEurope,926,15254,10548,5589,3864,2066,1820,1771,6486,4494,2387,1644,864,755,736,8768,6054,3202,2220,1202,1065,1035
2774,Tajikistan,762,WesternEurope,926,462,374,324,309,305,298,291,206,181,162,153,153,150,151,256,193,162,156,152,148,140
2775,Turkmenistan,795,WesternEurope,926,1567,1280,1037,1028,997,1038,1029,587,552,429,432,397,432,438,980,728,608,596,600,606,591
2776,Uzbekistan,860,WesternEurope,926,19362,14711,9353,9362,8998,8610,8543,8643,6469,4071,4206,4174,4069,4051,10719,8242,5282,5156,4824,4541,4492
2777,EasternAsia,906,WesternEurope,926,14397,16678,20298,25491,27831,29764,36383,8214,9265,11122,13513,14789,15323,18273,6183,7413,9176,11978,13042,14441,18110
2778,China,156,WesternEurope,926,0,0,0,0,0,0,0,0,0,0,0,0,0,0,0,0,0,0,0,0,0
2779,DemPeoplesRepublicofKorea,408,WesternEurope,926,0,0,0,0,0,0,0,0,0,0,0,0,0,0,0,0,0,0,0,0,0
2780,Japan,392,WesternEurope,926,9214,10453,12478,17435,18485,20347,25170,4694,5017,5765,7943,8314,9080,11234,4520,5436,6713,9492,10171,11267,13936
2781,Mongolia,496,WesternEurope,926,68,73,83,153,244,301,317,39,47,52,102,166,180,194,29,26,31,51,78,121,123
2782,RepublicofKorea,410,WesternEurope,926,1152,1728,2855,2573,3311,3200,4729,686,1090,1880,1809,2406,2134,2818,466,638,975,764,905,1066,1911
2783,SouthEasternAsia,920,WesternEurope,926,7178,7632,11777,13171,19401,20544,21674,5400,5710,8058,8868,12475,13295,14031,1778,1922,3719,4303,6926,7249,7643
2784,BruneiDarussalam,96,WesternEurope,926,247,268,289,295,301,307,333,135,147,160,164,168,172,187,112,121,129,131,133,135,146
2785,Cambodia,116,WesternEurope,926,160,420,678,529,380,343,363,103,269,435,344,253,231,248,57,151,243,185,127,112,115
2786,Indonesia,360,WesternEurope,926,928,614,300,3187,6279,6950,7306,585,393,201,2037,3879,4351,4570,343,221,99,1150,2400,2599,2736
2787,LaoPeoplesDemocraticRepublic,418,WesternEurope,926,0,0,0,0,0,0,0,0,0,0,0,0,0,0,0,0,0,0,0,0,0
2788,Malaysia,458,WesternEurope,926,0,0,0,0,0,0,0,0,0,0,0,0,0,0,0,0,0,0,0,0,0
2789,Myanmar,104,WesternEurope,926,0,0,0,0,0,0,0,0,0,0,0,0,0,0,0,0,0,0,0,0,0
2790,Philippines,608,WesternEurope,926,1401,1883,5106,4130,7425,7542,8019,968,1291,2905,2380,4349,4424,4716,433,592,2201,1750,3076,3118,3303
2791,Singapore,702,WesternEurope,926,0,0,0,0,0,0,0,0,0,0,0,0,0,0,0,0,0,0,0,0,0
2792,Thailand,764,WesternEurope,926,4421,4394,5277,4885,4846,5197,5438,3595,3573,4267,3838,3705,3971,4155,826,821,1010,1047,1141,1226,1283
2793,TimorLeste,626,WesternEurope,926,0,0,0,0,0,0,0,0,0,0,0,0,0,0,0,0,0,0,0,0,0
2794,VietNam,704,WesternEurope,926,21,53,127,145,170,205,215,14,37,90,105,121,146,155,7,16,37,40,49,59,60
2795,SouthernAsia,5501,WesternEurope,926,12089,8443,4775,5447,6379,6149,5913,5703,3881,2063,2563,3269,3191,3074,6386,4562,2712,2884,3110,2958,2839
2796,Afghanistan,4,WesternEurope,926,0,0,0,0,0,0,0,0,0,0,0,0,0,0,0,0,0,0,0,0,0
2797,Bangladesh,50,WesternEurope,926,0,0,0,0,0,0,0,0,0,0,0,0,0,0,0,0,0,0,0,0,0
2798,Bhutan,64,WesternEurope,926,46,56,64,80,96,101,100,29,36,41,50,59,63,66,17,20,23,30,37,38,34
2799,India,356,WesternEurope,926,11512,7768,4023,4421,4726,4403,4117,5376,3489,1602,1987,2274,2076,1904,6136,4279,2421,2434,2452,2327,2213
2800,IranIslamicRepublicof,364,WesternEurope,926,0,0,0,0,0,0,0,0,0,0,0,0,0,0,0,0,0,0,0,0,0
2801,Maldives,462,WesternEurope,926,454,419,361,358,432,506,546,249,209,197,209,326,443,483,205,210,164,149,106,63,63
2802,Nepal,524,WesternEurope,926,0,0,0,0,0,0,0,0,0,0,0,0,0,0,0,0,0,0,0,0,0
2803,Pakistan,586,WesternEurope,926,0,0,0,0,0,0,0,0,0,0,0,0,0,0,0,0,0,0,0,0,0
2804,SriLanka,144,WesternEurope,926,77,200,327,588,1125,1139,1150,49,147,223,317,610,609,621,28,53,104,271,515,530,529
2805,WesternAsia,922,WesternEurope,926,295103,350018,408862,429404,462037,465614,602270,143545,169301,196910,203956,218067,195817,229230,151558,180717,211952,225448,243970,269797,373040
2806,Armenia,51,WesternEurope,926,660,700,766,508,422,635,631,281,314,353,243,210,316,317,379,386,413,265,212,319,314
2807,Azerbaijan,31,WesternEurope,926,389,341,344,327,299,285,270,155,148,147,134,129,126,120,234,193,197,193,170,159,150
2808,Bahrain,48,WesternEurope,926,231,274,320,862,1597,1730,2241,95,134,172,517,977,1084,1432,136,140,148,345,620,646,809
2809,Cyprus,196,WesternEurope,926,1244,1761,2274,3420,5241,4806,4953,551,740,928,1367,2138,1995,2073,693,1021,1346,2053,3103,2811,2880
2810,Georgia,268,WesternEurope,926,8348,1214,724,684,689,721,736,3717,546,321,304,306,322,333,4631,668,403,380,383,399,403
2811,Iraq,368,WesternEurope,926,0,0,0,0,0,0,0,0,0,0,0,0,0,0,0,0,0,0,0,0,0
2812,Israel,376,WesternEurope,926,61561,69393,73337,77661,82925,85523,83042,27827,30835,32527,34463,36728,37645,36555,33734,38558,40810,43198,46197,47878,46487
2813,Jordan,400,WesternEurope,926,1019,1544,2064,1552,3196,1321,1700,519,790,1065,1009,1976,684,880,500,754,999,543,1220,637,820
2814,Kuwait,414,WesternEurope,926,1435,1234,1515,2067,3138,5790,6280,270,437,783,1155,1830,3054,3314,1165,797,732,912,1308,2736,2966
2815,Lebanon,422,WesternEurope,926,324,469,613,472,335,284,246,171,230,290,232,177,135,121,153,239,323,240,158,149,125
2816,Oman,512,WesternEurope,926,811,1443,1670,1566,1718,3906,4991,474,901,1133,1083,1229,2962,3787,337,542,537,483,489,944,1204
2817,Qatar,634,WesternEurope,926,509,644,684,908,1871,1511,1535,353,457,493,630,1428,1177,1173,156,187,191,278,443,334,362
2818,SaudiArabia,682,WesternEurope,926,0,0,0,0,0,0,0,0,0,0,0,0,0,0,0,0,0,0,0,0,0
2819,StateofPalestine,275,WesternEurope,926,0,0,0,0,0,0,0,0,0,0,0,0,0,0,0,0,0,0,0,0,0
2820,SyrianArabRepublic,760,WesternEurope,926,0,0,0,0,0,0,0,0,0,0,0,0,0,0,0,0,0,0,0,0,0
2821,Turkey,792,WesternEurope,926,216818,268537,321233,332254,342725,339564,474349,108418,132483,156780,158428,159443,134030,165735,108400,136054,164453,173826,183282,205534,308614
2822,UnitedArabEmirates,784,WesternEurope,926,1754,2464,3318,7123,17881,19538,21296,714,1286,1918,4391,11496,12287,13390,1040,1178,1400,2732,6385,7251,7906
2823,Yemen,887,WesternEurope,926,0,0,0,0,0,0,0,0,0,0,0,0,0,0,0,0,0,0,0,0,0
2824,EasternEurope,923,WesternEurope,926,398873,384231,369761,363211,357785,376359,498007,186553,181519,176892,178054,179164,193211,265880,212320,202712,192869,185157,178621,183148,232127
2825,Belarus,112,WesternEurope,926,126,162,196,189,180,190,182,75,83,91,86,81,87,87,51,79,105,103,99,103,95
2826,Bulgaria,100,WesternEurope,926,386,1075,1760,2601,3388,9839,22647,196,588,982,1454,1911,5163,12135,190,487,778,1147,1477,4676,10512
2827,Czechia,203,WesternEurope,926,5497,8247,10995,15412,18387,24729,29382,2712,4184,5654,10393,14364,19641,23191,2785,4063,5341,5019,4023,5088,6191
2828,Hungary,348,WesternEurope,926,25836,29914,33988,41722,49825,48391,62488,11478,14185,16892,21068,25491,25260,33574,14358,15729,17096,20654,24334,23131,28914
2829,Poland,616,WesternEurope,926,205733,175985,150543,132976,119586,113890,152111,93102,78175,65596,58775,53306,51963,77712,112631,97810,84947,74201,66280,61927,74399
2830,RepublicofMoldova,498,WesternEurope,926,3419,2308,1558,1076,835,714,701,1778,1171,770,521,409,353,347,1641,1137,788,555,426,361,354
2831,Romania,642,WesternEurope,926,3377,3865,4389,5536,7487,15022,63343,1433,1908,2398,3029,4089,8241,34190,1944,1957,1991,2507,3398,6781,29153
2832,RussianFederation,643,WesternEurope,926,152066,157218,156676,153126,146432,149226,149131,74621,78240,79050,76673,72763,73775,73734,77445,78978,77626,76453,73669,75451,75397
2833,Slovakia,703,WesternEurope,926,1125,4192,8417,9441,10585,13275,16923,493,2324,4794,5446,6168,8143,10316,632,1868,3623,3995,4417,5132,6607
2834,Ukraine,804,WesternEurope,926,1308,1265,1239,1132,1080,1083,1099,665,661,665,609,582,585,594,643,604,574,523,498,498,505
2835,NorthernEurope,924,WesternEurope,926,456425,524000,601177,661371,770507,829519,912528,187820,221959,260073,293840,349086,387310,415698,268605,302041,341104,367531,421421,442209,496830
2836,ChannelIslands,830,WesternEurope,926,840,824,875,1371,1866,1980,2021,396,388,412,652,891,948,968,444,436,463,719,975,1032,1053
2837,Denmark,208,WesternEurope,926,30842,36451,42057,48172,51987,54737,61347,13876,17331,20788,24249,26558,27687,31071,16966,19120,21269,23923,25429,27050,30276
2838,Estonia,233,WesternEurope,926,503,781,1058,1325,1955,2898,4442,249,389,529,705,1111,1640,2508,254,392,529,620,844,1258,1934
2839,FaroeIslands,234,WesternEurope,926,27,17,16,20,20,22,29,13,8,9,12,10,13,14,14,9,7,8,10,9,15
2840,Finland,246,WesternEurope,926,4359,4945,5525,8506,10723,12083,13783,2620,3073,3524,5237,6526,7251,8345,1739,1872,2001,3269,4197,4832,5438
2841,Iceland,352,WesternEurope,926,1242,1497,1748,2377,2943,3023,4241,454,572,688,1001,1287,1330,1908,788,925,1060,1376,1656,1693,2333
2842,Ireland,372,WesternEurope,926,7546,10140,18309,27916,32925,33635,38555,3555,4531,8443,13030,13585,13636,15776,3991,5609,9866,14886,19340,19999,22779
2843,IsleofMan,833,WesternEurope,926,0,0,0,0,0,0,0,0,0,0,0,0,0,0,0,0,0,0,0,0,0
2844,Latvia,428,WesternEurope,926,2031,3306,4583,4305,3924,3006,2934,893,1981,3068,2595,2033,1507,1527,1138,1325,1515,1710,1891,1499,1407
2845,Lithuania,440,WesternEurope,926,2182,2440,1908,2398,2567,2450,3395,1151,1289,1009,1328,1409,1323,2022,1031,1151,899,1070,1158,1127,1373
2846,Norway,578,WesternEurope,926,17513,18393,22027,25555,41224,48545,50278,8138,8650,10803,12883,22013,25963,26503,9375,9743,11224,12672,19211,22582,23775
2847,Sweden,752,WesternEurope,926,45599,54111,58037,63473,74618,76995,89825,22468,26454,28178,31450,37547,38627,45821,23131,27657,29859,32023,37071,38368,44004
2848,UnitedKingdom,826,WesternEurope,926,343741,391095,445034,475953,545755,590145,641678,134007,157293,182622,200698,236116,267385,279235,209734,233802,262412,275255,309639,322760,362443
2849,SouthernEurope,925,WesternEurope,926,672348,734905,938381,1256152,1608121,1566312,1630782,262793,308186,422676,576017,745327,718197,758021,409555,426719,515705,680135,862794,848115,872761
2850,Albania,8,WesternEurope,926,0,0,0,0,0,0,0,0,0,0,0,0,0,0,0,0,0,0,0,0,0
2851,Andorra,20,WesternEurope,926,4977,5086,5197,5877,5763,4768,5135,2662,2693,2726,3103,3043,2631,2853,2315,2393,2471,2774,2720,2137,2282
2852,BosniaandHerzegovina,70,WesternEurope,926,1385,1342,1297,870,944,937,872,632,615,597,403,448,445,409,753,727,700,467,496,492,463
2853,Croatia,191,WesternEurope,926,8133,10000,10798,27711,44623,44906,42248,3351,4099,4488,13424,22362,22439,21145,4782,5901,6310,14287,22261,22467,21103
2854,Gibraltar,292,WesternEurope,926,0,0,0,0,0,0,0,0,0,0,0,0,0,0,0,0,0,0,0,0,0
2855,Greece,300,WesternEurope,926,54384,86803,120648,129842,144077,135765,138767,23234,38730,53990,58156,64408,57697,64206,31150,48073,66658,71686,79669,78068,74561
2856,HolySee,336,WesternEurope,926,0,0,0,0,0,0,0,0,0,0,0,0,0,0,0,0,0,0,0,0,0
2857,Italy,380,WesternEurope,926,255100,204622,154139,394463,639033,614151,614225,68956,57836,46715,161613,274927,263146,264773,186144,146786,107424,232850,364106,351005,349452
2858,Malta,470,WesternEurope,926,546,642,1116,1556,1814,3074,6687,235,282,506,715,913,1649,3840,311,360,610,841,901,1425,2847
2859,Montenegro,499,WesternEurope,926,0,0,0,0,2863,3046,3048,0,0,0,0,851,918,933,0,0,0,0,2012,2128,2115
2860,NorthMacedonia,807,WesternEurope,926,43,40,38,38,39,42,41,18,17,16,16,16,18,18,25,23,22,22,23,24,23
2861,Portugal,620,WesternEurope,926,83155,110070,141458,147302,128692,145893,167370,40382,52623,67218,70408,62078,66492,79088,42773,57447,74240,76894,66614,79401,88282
2862,SanMarino,674,WesternEurope,926,32,28,25,24,24,29,30,13,12,10,10,9,10,9,19,16,15,14,15,19,21
2863,Serbia,688,WesternEurope,926,1367,9123,20645,33898,33136,32384,32998,718,4691,10373,16913,16389,16003,16329,649,4432,10272,16985,16747,16381,16669
2864,Slovenia,705,WesternEurope,926,15609,13050,21827,20739,21597,13238,13406,7124,6051,10324,9867,10531,6648,7022,8485,6999,11503,10872,11066,6590,6384
2865,Spain,724,WesternEurope,926,247617,294099,461193,493832,585516,568079,605955,115468,140537,225713,241389,289352,280101,297396,132149,153562,235480,252443,296164,287978,308559
2866,WesternEurope,926,WesternEurope,926,1812908,1927398,2041136,2295834,2542909,2683893,3021381,835654,895814,951808,1082323,1143662,1243855,1425548,977254,1031584,1089328,1213511,1399247,1440038,1595833
2867,Austria,40,WesternEurope,926,121203,136740,152274,186185,222282,240015,271099,49760,57458,65157,82537,100813,109658,127962,71443,79282,87117,103648,121469,130357,143137
2868,Belgium,56,WesternEurope,926,240897,279557,308962,339304,400485,414124,427559,120640,142674,156639,170294,184872,193326,201301,120257,136883,152323,169010,215613,220798,226258
2869,France,250,WesternEurope,926,417948,431458,444967,523679,541244,554507,571349,172961,174293,175631,228993,209641,240687,249641,244987,257165,269336,294686,331603,313820,321708
2870,Germany,276,WesternEurope,926,455487,457969,460449,511631,550222,564713,768819,244429,235875,227322,250528,267669,273012,377609,211058,222094,233127,261103,282553,291701,391210
2871,Liechtenstein,438,WesternEurope,926,7242,8248,9083,13394,17694,18742,20585,3720,4097,4340,6481,8595,9188,10180,3522,4151,4743,6913,9099,9554,10405
2872,Luxembourg,442,WesternEurope,926,42438,42247,42507,45929,49863,76067,88087,18487,19267,20290,21896,23738,36826,45878,23951,22980,22217,24033,26125,39241,42209
2873,Monaco,492,WesternEurope,926,7679,7401,7134,6719,6399,7611,7790,3189,3069,2956,2819,2720,3285,3362,4490,4332,4178,3900,3679,4326,4428
2874,Netherlands,528,WesternEurope,926,194295,193329,199225,196304,205073,210665,233427,83102,80981,81428,82202,87031,90702,102077,111193,112348,117797,114102,118042,119963,131350
2875,Switzerland,756,WesternEurope,926,325719,370449,416535,472689,549647,597449,632666,139366,178100,218045,236573,258583,287171,307538,186353,192349,198490,236116,291064,310278,325128
2876,Caribbean,915,WesternEurope,926,82505,98826,115203,115713,125202,133508,134296,43397,50898,58459,56604,59317,61642,62037,39108,47928,56744,59109,65885,71866,72259
2877,Anguilla,660,WesternEurope,926,0,0,0,0,0,0,0,0,0,0,0,0,0,0,0,0,0,0,0,0,0
2878,AntiguaandBarbuda,28,WesternEurope,926,94,105,115,124,132,140,141,45,50,55,58,63,66,69,49,55,60,66,69,74,72
2879,Aruba,533,WesternEurope,926,2096,2885,3674,4056,4359,4585,5128,1074,1482,1890,2092,2253,2369,2599,1022,1403,1784,1964,2106,2216,2529
2880,Bahamas,44,WesternEurope,926,343,464,589,695,797,863,914,183,253,330,350,368,394,420,160,211,259,345,429,469,494
2881,Barbados,52,WesternEurope,926,0,0,0,0,0,0,0,0,0,0,0,0,0,0,0,0,0,0,0,0,0
2882,BritishVirginIslands,92,WesternEurope,926,41,49,56,65,73,83,93,20,24,28,33,37,42,47,21,25,28,32,36,41,46
2883,CaymanIslands,136,WesternEurope,926,106,209,367,333,332,355,389,80,152,264,239,237,260,288,26,57,103,94,95,95,101
2884,Cuba,192,WesternEurope,926,1080,819,515,423,330,245,175,557,405,236,198,159,119,83,523,414,279,225,171,126,92
2885,CuraÃao,531,WesternEurope,926,0,0,0,0,8947,9719,10809,0,0,0,0,4524,4925,5597,0,0,0,0,4423,4794,5212
2886,Dominica,212,WesternEurope,926,44,57,68,84,104,120,118,25,32,38,49,62,71,72,19,25,30,35,42,49,46
2887,DominicanRepublic,214,WesternEurope,926,11781,13086,14389,9967,5530,7688,8017,7559,8280,9003,6270,3530,5156,5376,4222,4806,5386,3697,2000,2532,2641
2888,Grenada,308,WesternEurope,926,0,0,0,0,0,0,0,0,0,0,0,0,0,0,0,0,0,0,0,0,0
2889,Guadeloupe,312,WesternEurope,926,32493,41389,50282,52871,55458,53130,52605,16276,20464,24653,24977,25300,22893,22393,16217,20925,25629,27894,30158,30237,30212
2890,Haiti,332,WesternEurope,926,1888,1792,1700,1612,1691,1773,1850,1187,1128,1072,1018,1069,1121,1174,701,664,628,594,622,652,676
2891,Jamaica,388,WesternEurope,926,0,0,0,0,0,0,0,0,0,0,0,0,0,0,0,0,0,0,0,0,0
2892,Martinique,474,WesternEurope,926,29753,35725,41685,43634,45575,52917,52495,15062,17551,20038,20418,20796,23296,23111,14691,18174,21647,23216,24779,29621,29384
2893,Montserrat,500,WesternEurope,926,0,0,0,0,0,0,0,0,0,0,0,0,0,0,0,0,0,0,0,0,0
2894,PuertoRico,630,WesternEurope,926,2562,2011,1467,1149,689,674,289,1214,955,697,547,324,316,137,1348,1056,770,602,365,358,152
2895,SaintBarthelemy,652,WesternEurope,926,0,0,0,0,0,0,0,0,0,0,0,0,0,0,0,0,0,0,0,0,0
2896,SaintKittsandNevis,659,WesternEurope,926,0,0,0,0,0,0,0,0,0,0,0,0,0,0,0,0,0,0,0,0,0
2897,SaintLucia,662,WesternEurope,926,87,111,161,162,154,144,130,49,62,90,92,86,83,82,38,49,71,70,68,61,48
2898,SaintMartinFrenchpart,663,WesternEurope,926,0,0,0,0,0,0,0,0,0,0,0,0,0,0,0,0,0,0,0,0,0
2899,SaintVincentandtheGrenadines,670,WesternEurope,926,0,0,0,0,0,0,0,0,0,0,0,0,0,0,0,0,0,0,0,0,0
2900,SintMaartenDutchpart,534,WesternEurope,926,0,0,0,394,786,819,863,0,0,0,194,385,401,424,0,0,0,200,401,418,439
2901,TrinidadandTobago,780,WesternEurope,926,137,124,135,144,245,253,280,66,60,65,69,124,130,165,71,64,70,75,121,123,115
2902,TurksandCaicosIslands,796,WesternEurope,926,0,0,0,0,0,0,0,0,0,0,0,0,0,0,0,0,0,0,0,0,0
2903,UnitedStatesVirginIslands,850,WesternEurope,926,0,0,0,0,0,0,0,0,0,0,0,0,0,0,0,0,0,0,0,0,0
2904,CentralAmerica,916,WesternEurope,926,18667,20011,23475,23701,29549,31505,35210,9939,10788,12842,12980,16338,17785,20203,8728,9223,10633,10721,13211,13720,15007
2905,Belize,84,WesternEurope,926,45,47,48,53,58,68,76,29,30,30,33,37,44,51,16,17,18,20,21,24,25
2906,CostaRica,188,WesternEurope,926,2869,2502,3386,2227,4383,4437,5316,1680,1475,1965,1277,2522,2547,3169,1189,1027,1421,950,1861,1890,2147
2907,ElSalvador,222,WesternEurope,926,935,730,524,551,573,596,601,526,409,293,309,321,335,338,409,321,231,242,252,261,263
2908,Guatemala,320,WesternEurope,926,1004,879,752,895,1036,1138,1276,386,403,419,540,662,735,823,618,476,333,355,374,403,453
2909,Honduras,340,WesternEurope,926,467,464,458,449,438,613,621,309,301,293,287,283,400,407,158,163,165,162,155,213,214
2910,Mexico,484,WesternEurope,926,11742,13822,16505,16995,19452,20510,22493,6061,7237,8765,9005,10300,11178,12384,5681,6585,7740,7990,9152,9332,10109
2911,Nicaragua,558,WesternEurope,926,831,662,705,769,820,881,914,483,383,412,449,484,523,548,348,279,293,320,336,358,366
2912,Panama,591,WesternEurope,926,774,905,1097,1762,2789,3262,3913,465,550,665,1080,1729,2023,2483,309,355,432,682,1060,1239,1430
2913,SouthAmerica,931,WesternEurope,926,137258,131251,125822,128290,135235,160494,170236,71661,68959,66576,69142,74073,88244,94611,65597,62292,59246,59148,61162,72250,75625
2914,Argentina,32,WesternEurope,926,31068,26431,21797,19907,17995,20326,20515,14545,12383,10228,9485,8746,9868,10027,16523,14048,11569,10422,9249,10458,10488
2915,BoliviaPlurinationalStateof,68,WesternEurope,926,2613,3074,3502,3835,4160,4849,5387,1434,1665,1878,2040,2198,2559,2847,1179,1409,1624,1795,1962,2290,2540
2916,Brazil,76,WesternEurope,926,46839,42968,39094,37732,36033,42472,46138,24726,23160,21594,21944,22062,25826,28512,22113,19808,17500,15788,13971,16646,17626
2917,Chile,152,WesternEurope,926,7526,7996,8460,12699,16934,25653,16819,3731,4013,4230,6452,8672,13608,8252,3795,3983,4230,6247,8262,12045,8567
2918,Colombia,170,WesternEurope,926,5672,5323,4973,4351,5069,5890,6753,3149,2971,2794,2466,2975,3582,4193,2523,2352,2179,1885,2094,2308,2560
2919,Ecuador,218,WesternEurope,926,3480,3994,4506,5391,8585,10861,11354,1928,2177,2425,2952,4604,5794,6661,1552,1817,2081,2439,3981,5067,4693
2920,FalklandIslandsMalvinas,238,WesternEurope,926,0,0,0,0,0,0,0,0,0,0,0,0,0,0,0,0,0,0,0,0,0
2921,FrenchGuiana,254,WesternEurope,926,15436,18204,20971,20955,20938,21123,23738,9123,10247,11371,11255,11140,11126,12504,6313,7957,9600,9700,9798,9997,11234
2922,Guyana,328,WesternEurope,926,0,0,0,0,0,0,0,0,0,0,0,0,0,0,0,0,0,0,0,0,0
2923,Paraguay,600,WesternEurope,926,2599,2588,2569,2447,2330,2273,2460,1496,1507,1505,1434,1363,1329,1442,1103,1081,1064,1013,967,944,1018
2924,Peru,604,WesternEurope,926,4679,4691,5486,6445,8201,11493,21438,2476,2454,2859,3405,4406,6408,12035,2203,2237,2627,3040,3795,5085,9403
2925,Suriname,740,WesternEurope,926,1312,1621,2002,2450,2890,3138,3476,708,878,1084,1335,1576,1713,1910,604,743,918,1115,1314,1425,1566
2926,Uruguay,858,WesternEurope,926,3438,3045,2379,1940,1797,1854,2211,1644,1404,1111,903,828,854,1048,1794,1641,1268,1037,969,1000,1163
2927,VenezuelaBolivarianRepublicof,862,WesternEurope,926,12596,11316,10083,10138,10303,10562,9947,6701,6100,5497,5471,5503,5577,5180,5895,5216,4586,4667,4800,4985,4767
2928,Bermuda,60,WesternEurope,926,495,509,398,381,362,380,364,281,289,216,200,182,195,194,214,220,182,181,180,185,170
2929,Canada,124,WesternEurope,926,414057,417810,431496,419686,397435,392076,424822,201574,202435,208155,206362,199497,196079,212460,212483,215375,223341,213324,197938,195997,212362
2930,Greenland,304,WesternEurope,926,43,42,48,71,86,72,69,33,33,36,53,69,54,53,10,9,12,18,17,18,16
2931,SaintPierreandMiquelon,666,WesternEurope,926,668,845,970,841,745,723,703,388,475,534,461,410,400,388,280,370,436,380,335,323,315
2932,UnitedStatesofAmerica,840,WesternEurope,926,1090582,1107528,1123035,1071111,1050744,985800,898221,510498,523042,535652,519614,502596,467892,425010,580084,584486,587383,551497,548148,517908,473211
2933,Australia,36,WesternEurope,926,284531,280945,269150,275836,283890,276210,292132,145944,142932,136389,138503,141521,138466,145791,138587,138013,132761,137333,142369,137744,146341
2934,NewZealand,554,WesternEurope,926,32184,33419,35222,37952,40532,42466,63318,17577,17828,17124,18422,19643,20538,30625,14607,15591,18098,19530,20889,21928,32693
2935,Melanesia,928,WesternEurope,926,19595,22669,25744,31189,36627,44444,47197,11309,12916,14539,17281,20019,24314,25726,8286,9753,11205,13908,16608,20130,21471
2936,Fiji,242,WesternEurope,926,0,0,0,0,0,0,0,0,0,0,0,0,0,0,0,0,0,0,0,0,0
2937,NewCaledonia,540,WesternEurope,926,19351,22427,25504,30810,36117,43901,46642,11159,12788,14418,17091,19765,24043,25448,8192,9639,11086,13719,16352,19858,21194
2938,PapuaNewGuinea,598,WesternEurope,926,0,0,0,0,0,0,0,0,0,0,0,0,0,0,0,0,0,0,0,0,0
2939,SolomonIslands,90,WesternEurope,926,0,0,0,0,0,0,0,0,0,0,0,0,0,0,0,0,0,0,0,0,0
2940,Vanuatu,548,WesternEurope,926,244,242,240,379,510,543,555,150,128,121,190,254,271,278,94,114,119,189,256,272,277
2941,Micronesia,954,WesternEurope,926,0,0,0,0,0,0,0,0,0,0,0,0,0,0,0,0,0,0,0,0,0
2942,Guam,316,WesternEurope,926,0,0,0,0,0,0,0,0,0,0,0,0,0,0,0,0,0,0,0,0,0
2943,Kiribati,296,WesternEurope,926,0,0,0,0,0,0,0,0,0,0,0,0,0,0,0,0,0,0,0,0,0
2944,MarshallIslands,584,WesternEurope,926,0,0,0,0,0,0,0,0,0,0,0,0,0,0,0,0,0,0,0,0,0
2945,MicronesiaFedStatesof,583,WesternEurope,926,0,0,0,0,0,0,0,0,0,0,0,0,0,0,0,0,0,0,0,0,0
2946,Nauru,520,WesternEurope,926,0,0,0,0,0,0,0,0,0,0,0,0,0,0,0,0,0,0,0,0,0
2947,NorthernMarianaIslands,580,WesternEurope,926,0,0,0,0,0,0,0,0,0,0,0,0,0,0,0,0,0,0,0,0,0
2948,Palau,585,WesternEurope,926,0,0,0,0,0,0,0,0,0,0,0,0,0,0,0,0,0,0,0,0,0
2949,Polynesia,957,WesternEurope,926,18657,20600,22084,23641,23386,23806,23831,11598,12600,13328,13847,13516,13745,13758,7059,8000,8756,9794,9870,10061,10073
2950,AmericanSamoa,16,WesternEurope,926,0,0,0,0,0,0,0,0,0,0,0,0,0,0,0,0,0,0,0,0,0
2951,CookIslands,184,WesternEurope,926,10,11,11,14,17,17,18,8,9,9,11,13,13,14,2,2,2,3,4,4,4
2952,FrenchPolynesia,258,WesternEurope,926,18277,20073,21460,22918,22518,22867,22884,11393,12320,13001,13469,13065,13260,13271,6884,7753,8459,9449,9453,9607,9613
2953,Niue,570,WesternEurope,926,0,0,0,0,0,0,0,0,0,0,0,0,0,0,0,0,0,0,0,0,0
2954,Samoa,882,WesternEurope,926,43,55,68,63,56,45,40,27,35,43,41,36,29,27,16,20,25,22,20,16,13
2955,Tokelau,772,WesternEurope,926,0,0,0,0,0,0,0,0,0,0,0,0,0,0,0,0,0,0,0,0,0
2956,Tonga,776,WesternEurope,926,0,0,0,0,0,0,0,0,0,0,0,0,0,0,0,0,0,0,0,0,0
2957,Tuvalu,798,WesternEurope,926,0,0,0,0,0,0,0,0,0,0,0,0,0,0,0,0,0,0,0,0,0
2958,WallisandFutunaIslands,876,WesternEurope,926,327,461,545,646,795,877,889,170,236,275,326,402,443,446,157,225,270,320,393,434,443
2959,SubSaharanAfrica,947,SouthernEurope,925,51009,47688,53747,66603,73210,76360,85347,25552,25881,30304,35859,38761,40140,47571,25457,21807,23443,30744,34449,36220,37776
2960,NorthernAfricaandWesternAsia,1833,SouthernEurope,925,206837,225054,244420,257261,276287,272310,360268,101599,109252,117421,122549,129836,143123,178840,105238,115802,126999,134712,146451,129187,181428
2961,CentralandSouthernAsia,921,SouthernEurope,925,774,1333,1878,3241,5998,5787,5844,360,845,1204,1647,3054,2790,2843,414,488,674,1594,2944,2997,3001
2962,EasternandSouthEasternAsia,1832,SouthernEurope,925,8300,9708,9002,10592,12763,14424,16859,4531,5132,4805,5536,6383,7018,8125,3769,4576,4197,5056,6380,7406,8734
2963,LatinAmericaandtheCaribbean,1830,SouthernEurope,925,1416711,1206867,1003433,869921,757367,855748,895094,729488,620574,515639,447760,391244,440448,465663,687223,586293,487794,422161,366123,415300,429431
2964,OceaniaexcludingAustraliaandNewZealand,1835,SouthernEurope,925,529,599,668,706,725,598,617,379,426,471,501,514,414,427,150,173,197,205,211,184,190
2965,AustraliaandNewZealand,927,SouthernEurope,925,678065,687603,657698,650851,621958,596652,624909,357501,359451,342516,334559,315384,303781,315618,320564,328152,315182,316292,306574,292871,309291
2966,EuropeandNorthernAmerica,1829,SouthernEurope,925,8260601,9711104,10680499,9676043,9979817,10223374,12028173,4206373,4906671,5375594,4870946,4959540,5066878,6090492,4054228,4804433,5304905,4805097,5020277,5156496,5937681
2967,Developedregions,901,SouthernEurope,925,8940781,10401477,11341484,10331708,10606878,10826524,12661572,4564952,5267452,5719628,5207697,5277219,5373559,6409901,4375829,5134025,5621856,5124011,5329659,5452965,6251671
2968,Lessdevelopedregions,902,SouthernEurope,925,1682045,1488479,1309861,1203510,1121247,1218729,1355539,860831,760780,668326,611660,567497,631033,699678,821214,727699,641535,591850,553750,587696,655861
2969,Leastdevelopedcountries,941,SouthernEurope,925,12428,14061,15484,16134,19254,19835,19728,7945,8887,9658,9369,11035,11381,11392,4483,5174,5826,6765,8219,8454,8336
2970,LandlockedDevelopingCountriesLLDC,1636,SouthernEurope,925,91017,101139,110840,116044,126472,131559,134243,38916,43113,47226,49993,54463,57738,59141,52101,58026,63614,66051,72009,73821,75102
2971,SmallislanddevelopingStatesSIDS,1637,SouthernEurope,925,39755,38676,37849,31064,25998,25595,26427,22628,21977,22243,18287,15142,15408,15921,17127,16699,15606,12777,10856,10187,10506
2972,Highincomecountries,1503,SouthernEurope,925,8750149,9637948,10314486,9414783,9656788,9901505,11722099,4481000,4916856,5258516,4800524,4865299,4974377,6002838,4269149,4721092,5055970,4614259,4791489,4927128,5719261
2973,Middleincomecountries,1517,SouthernEurope,925,1866037,2244599,2328817,2111404,2058615,2129896,2280608,940491,1106623,1124349,1013102,971744,1021955,1098106,925546,1137976,1204468,1098302,1086871,1107941,1182502
2974,Uppermiddleincomecountries,1502,SouthernEurope,925,1833905,2214391,2298730,2074454,2009462,2076338,2222654,922663,1089855,1107840,993732,946271,993978,1067938,911242,1124536,1190890,1080722,1063191,1082360,1154716
2975,Lowermiddleincomecountries,1501,SouthernEurope,925,32132,30208,30087,36950,49153,53558,57954,17828,16768,16509,19370,25473,27977,30168,14304,13440,13578,17580,23680,25581,27786
2976,Lowincomecountries,1500,SouthernEurope,925,6166,6794,7286,8155,11726,12833,13376,4057,4458,4733,5326,7217,7791,8160,2109,2336,2553,2829,4509,5042,5216
2977,EasternAfrica,910,SouthernEurope,925,2602,3314,3769,4862,5459,5675,5796,1789,2262,2527,3141,3514,3658,3756,813,1052,1242,1721,1945,2017,2040
2978,Burundi,108,SouthernEurope,925,0,0,0,0,0,0,0,0,0,0,0,0,0,0,0,0,0,0,0,0,0
2979,Comoros,174,SouthernEurope,925,0,0,0,0,0,0,0,0,0,0,0,0,0,0,0,0,0,0,0,0,0
2980,Djibouti,262,SouthernEurope,925,0,0,0,0,0,0,0,0,0,0,0,0,0,0,0,0,0,0,0,0,0
2981,Eritrea,232,SouthernEurope,925,0,0,0,0,0,0,0,0,0,0,0,0,0,0,0,0,0,0,0,0,0
2982,Ethiopia,231,SouthernEurope,925,0,0,0,0,0,0,0,0,0,0,0,0,0,0,0,0,0,0,0,0,0
2983,Kenya,404,SouthernEurope,925,0,0,0,0,0,0,0,0,0,0,0,0,0,0,0,0,0,0,0,0,0
2984,Madagascar,450,SouthernEurope,925,0,0,0,0,0,0,0,0,0,0,0,0,0,0,0,0,0,0,0,0,0
2985,Malawi,454,SouthernEurope,925,0,0,0,0,0,0,0,0,0,0,0,0,0,0,0,0,0,0,0,0,0
2986,Mauritius,480,SouthernEurope,925,53,63,109,126,151,173,172,27,36,59,71,87,104,105,26,27,50,55,64,69,67
2987,Mayotte,175,SouthernEurope,925,0,0,0,0,0,0,0,0,0,0,0,0,0,0,0,0,0,0,0,0,0
2988,Mozambique,508,SouthernEurope,925,1667,2294,2669,3665,4178,4331,4549,1135,1565,1793,2354,2679,2778,2935,532,729,876,1311,1499,1553,1614
2989,Reunion,638,SouthernEurope,925,0,0,0,0,0,0,0,0,0,0,0,0,0,0,0,0,0,0,0,0,0
2990,Rwanda,646,SouthernEurope,925,0,0,0,0,0,0,0,0,0,0,0,0,0,0,0,0,0,0,0,0,0
2991,Seychelles,690,SouthernEurope,925,33,39,47,89,131,146,146,20,23,26,48,69,81,83,13,16,21,41,62,65,63
2992,Somalia,706,SouthernEurope,925,0,0,0,0,0,0,0,0,0,0,0,0,0,0,0,0,0,0,0,0,0
2993,SouthSudan,728,SouthernEurope,925,0,0,0,0,0,0,0,0,0,0,0,0,0,0,0,0,0,0,0,0,0
2994,Uganda,800,SouthernEurope,925,489,461,462,446,449,450,418,400,375,371,358,361,362,338,89,86,91,88,88,88,80
2995,UnitedRepublicofTanzania,834,SouthernEurope,925,360,457,482,536,550,575,511,207,263,278,310,318,333,295,153,194,204,226,232,242,216
2996,Zambia,894,SouthernEurope,925,0,0,0,0,0,0,0,0,0,0,0,0,0,0,0,0,0,0,0,0,0
2997,Zimbabwe,716,SouthernEurope,925,0,0,0,0,0,0,0,0,0,0,0,0,0,0,0,0,0,0,0,0,0
2998,MiddleAfrica,911,SouthernEurope,925,6292,7406,8649,9012,9312,9513,9287,3941,4531,5190,4722,4929,5052,4939,2351,2875,3459,4290,4383,4461,4348
2999,Angola,24,SouthernEurope,925,5298,6156,7014,6772,6384,5867,5292,3379,3833,4287,3386,3191,2936,2616,1919,2323,2727,3386,3193,2931,2676
3000,Cameroon,120,SouthernEurope,925,0,0,0,704,560,699,810,0,0,0,420,345,394,458,0,0,0,284,215,305,352
3001,CentralAfricanRepublic,140,SouthernEurope,925,22,98,167,131,127,109,114,10,55,97,76,72,63,66,12,43,70,55,55,46,48
3002,Chad,148,SouthernEurope,925,0,0,0,0,0,0,0,0,0,0,0,0,0,0,0,0,0,0,0,0,0
3003,Congo,178,SouthernEurope,925,442,511,716,455,1084,1441,1431,252,281,384,294,645,833,824,190,230,332,161,439,608,607
3004,DemocraticRepublicoftheCongo,180,SouthernEurope,925,0,0,0,0,0,0,0,0,0,0,0,0,0,0,0,0,0,0,0,0,0
3005,EquatorialGuinea,226,SouthernEurope,925,324,429,534,779,1023,1279,1536,189,249,309,458,607,765,920,135,180,225,321,416,514,616
3006,Gabon,266,SouthernEurope,925,0,0,0,0,0,0,0,0,0,0,0,0,0,0,0,0,0,0,0,0,0
3007,SaoTomeandPrincipe,678,SouthernEurope,925,206,212,218,171,134,118,104,111,113,113,88,69,61,55,95,99,105,83,65,57,49
3008,NorthernAfrica,912,SouthernEurope,925,34419,26001,18803,20501,22343,23495,27273,18200,13550,9682,11436,12367,13309,15315,16219,12451,9121,9065,9976,10186,11958
3009,Algeria,12,SouthernEurope,925,3143,1942,740,585,642,698,725,1767,1035,302,239,246,268,278,1376,907,438,346,396,430,447
3010,Egypt,818,SouthernEurope,925,6868,5532,4634,5517,5936,4075,6359,3643,2855,2294,2904,3018,2349,3319,3225,2677,2340,2613,2918,1726,3040
3011,Libya,434,SouthernEurope,925,18688,13157,7848,8650,9495,10627,11378,9815,6889,4227,5370,5924,6593,7157,8873,6268,3621,3280,3571,4034,4221
3012,Morocco,504,SouthernEurope,925,4098,3760,3961,4201,4565,5887,6466,2168,1962,2035,2129,2301,2956,3333,1930,1798,1926,2072,2264,2931,3133
3013,Sudan,729,SouthernEurope,925,0,0,0,0,0,0,0,0,0,0,0,0,0,0,0,0,0,0,0,0,0
3014,Tunisia,788,SouthernEurope,925,1622,1610,1620,1548,1705,2208,2345,807,809,824,794,878,1143,1228,815,801,796,754,827,1065,1117
3015,WesternSahara,732,SouthernEurope,925,0,0,0,0,0,0,0,0,0,0,0,0,0,0,0,0,0,0,0,0,0
3016,SouthernAfrica,913,SouthernEurope,925,39038,33842,38058,49178,51800,53527,62236,18178,17395,20794,25960,26746,27370,34578,20860,16447,17264,23218,25054,26157,27658
3017,Botswana,72,SouthernEurope,925,298,287,306,587,874,947,1009,190,183,194,369,547,593,634,108,104,112,218,327,354,375
3018,Eswatini,748,SouthernEurope,925,0,0,0,0,0,0,0,0,0,0,0,0,0,0,0,0,0,0,0,0,0
3019,Lesotho,426,SouthernEurope,925,0,0,0,0,0,0,0,0,0,0,0,0,0,0,0,0,0,0,0,0,0
3020,Namibia,516,SouthernEurope,925,2368,2263,2105,1663,1601,1565,1672,1217,1171,1092,858,829,813,871,1151,1092,1013,805,772,752,801
3021,SouthAfrica,710,SouthernEurope,925,36372,31292,35647,46928,49325,51015,59555,16771,16041,19508,24733,25370,25964,33073,19601,15251,16139,22195,23955,25051,26482
3022,WesternAfrica,914,SouthernEurope,925,3077,3126,3271,3551,6639,7645,8028,1644,1693,1793,2036,3572,4060,4298,1433,1433,1478,1515,3067,3585,3730
3023,Benin,204,SouthernEurope,925,0,0,0,0,0,0,0,0,0,0,0,0,0,0,0,0,0,0,0,0,0
3024,BurkinaFaso,854,SouthernEurope,925,0,0,0,0,0,0,0,0,0,0,0,0,0,0,0,0,0,0,0,0,0
3025,CaboVerde,132,SouthernEurope,925,1363,1324,1284,1466,1646,1709,1805,692,690,689,750,811,839,890,671,634,595,716,835,870,915
3026,CotedIvoire,384,SouthernEurope,925,0,0,0,0,0,0,0,0,0,0,0,0,0,0,0,0,0,0,0,0,0
3027,Gambia,270,SouthernEurope,925,0,0,0,0,0,0,0,0,0,0,0,0,0,0,0,0,0,0,0,0,0
3028,Ghana,288,SouthernEurope,925,123,123,137,193,192,236,270,70,75,79,116,118,145,167,53,48,58,77,74,91,103
3029,Guinea,324,SouthernEurope,925,398,341,368,717,1166,1351,1284,228,185,196,508,747,804,772,170,156,172,209,419,547,512
3030,GuineaBissau,624,SouthernEurope,925,528,678,827,802,776,823,601,287,375,462,421,379,398,298,241,303,365,381,397,425,303
3031,Liberia,430,SouthernEurope,925,538,525,517,233,107,122,92,307,297,288,159,54,62,49,231,228,229,74,53,60,43
3032,Mali,466,SouthernEurope,925,0,0,0,0,2655,3266,3828,0,0,0,0,1403,1726,2028,0,0,0,0,1252,1540,1800
3033,Mauritania,478,SouthernEurope,925,127,135,138,140,97,138,148,60,71,79,82,60,86,94,67,64,59,58,37,52,54
3034,Niger,562,SouthernEurope,925,0,0,0,0,0,0,0,0,0,0,0,0,0,0,0,0,0,0,0,0,0
3035,Nigeria,566,SouthernEurope,925,0,0,0,0,0,0,0,0,0,0,0,0,0,0,0,0,0,0,0,0,0
3036,SaintHelena,654,SouthernEurope,925,0,0,0,0,0,0,0,0,0,0,0,0,0,0,0,0,0,0,0,0,0
3037,Senegal,686,SouthernEurope,925,0,0,0,0,0,0,0,0,0,0,0,0,0,0,0,0,0,0,0,0,0
3038,SierraLeone,694,SouthernEurope,925,0,0,0,0,0,0,0,0,0,0,0,0,0,0,0,0,0,0,0,0,0
3039,Togo,768,SouthernEurope,925,0,0,0,0,0,0,0,0,0,0,0,0,0,0,0,0,0,0,0,0,0
3040,CentralAsia,5500,SouthernEurope,925,0,0,0,0,0,0,0,0,0,0,0,0,0,0,0,0,0,0,0,0,0
3041,Kazakhstan,398,SouthernEurope,925,0,0,0,0,0,0,0,0,0,0,0,0,0,0,0,0,0,0,0,0,0
3042,Kyrgyzstan,417,SouthernEurope,925,0,0,0,0,0,0,0,0,0,0,0,0,0,0,0,0,0,0,0,0,0
3043,Tajikistan,762,SouthernEurope,925,0,0,0,0,0,0,0,0,0,0,0,0,0,0,0,0,0,0,0,0,0
3044,Turkmenistan,795,SouthernEurope,925,0,0,0,0,0,0,0,0,0,0,0,0,0,0,0,0,0,0,0,0,0
3045,Uzbekistan,860,SouthernEurope,925,0,0,0,0,0,0,0,0,0,0,0,0,0,0,0,0,0,0,0,0,0
3046,EasternAsia,906,SouthernEurope,925,6391,7475,5851,7718,8042,9634,11814,3396,3848,3053,3925,4012,4577,5550,2995,3627,2798,3793,4030,5057,6264
3047,China,156,SouthernEurope,925,0,0,0,0,0,0,0,0,0,0,0,0,0,0,0,0,0,0,0,0,0
3048,DemPeoplesRepublicofKorea,408,SouthernEurope,925,0,0,0,0,0,0,0,0,0,0,0,0,0,0,0,0,0,0,0,0,0
3049,Japan,392,SouthernEurope,925,2115,2770,3287,4814,5103,6498,8490,1078,1330,1518,2192,2295,2900,3791,1037,1440,1769,2622,2808,3598,4699
3050,Mongolia,496,SouthernEurope,925,15,16,19,17,20,24,23,13,15,17,14,12,12,12,2,1,2,3,8,12,11
3051,RepublicofKorea,410,SouthernEurope,925,0,0,0,0,0,0,0,0,0,0,0,0,0,0,0,0,0,0,0,0,0
3052,SouthEasternAsia,920,SouthernEurope,925,1909,2233,3151,2874,4721,4790,5045,1135,1284,1752,1611,2371,2441,2575,774,949,1399,1263,2350,2349,2470
3053,BruneiDarussalam,96,SouthernEurope,925,0,0,0,0,0,0,0,0,0,0,0,0,0,0,0,0,0,0,0,0,0
3054,Cambodia,116,SouthernEurope,925,7,19,30,23,17,15,14,4,11,17,13,10,9,9,3,8,13,10,7,6,5
3055,Indonesia,360,SouthernEurope,925,0,0,0,0,0,0,0,0,0,0,0,0,0,0,0,0,0,0,0,0,0
3056,LaoPeoplesDemocraticRepublic,418,SouthernEurope,925,0,0,0,0,0,0,0,0,0,0,0,0,0,0,0,0,0,0,0,0,0
3057,Malaysia,458,SouthernEurope,925,0,0,0,0,0,0,0,0,0,0,0,0,0,0,0,0,0,0,0,0,0
3058,Myanmar,104,SouthernEurope,925,0,0,0,0,0,0,0,0,0,0,0,0,0,0,0,0,0,0,0,0,0
3059,Philippines,608,SouthernEurope,925,929,1247,2012,1627,3312,3365,3574,480,634,1007,829,1508,1536,1638,449,613,1005,798,1804,1829,1936
3060,Singapore,702,SouthernEurope,925,0,0,0,0,0,0,0,0,0,0,0,0,0,0,0,0,0,0,0,0,0
3061,Thailand,764,SouthernEurope,925,715,686,801,897,1058,1134,1186,528,506,583,612,691,740,774,187,180,218,285,367,394,412
3062,TimorLeste,626,SouthernEurope,925,258,281,308,327,334,276,271,123,133,145,157,162,156,154,135,148,163,170,172,120,117
3063,VietNam,704,SouthernEurope,925,0,0,0,0,0,0,0,0,0,0,0,0,0,0,0,0,0,0,0,0,0
3064,SouthernAsia,5501,SouthernEurope,925,774,1333,1878,3241,5998,5787,5844,360,845,1204,1647,3054,2790,2843,414,488,674,1594,2944,2997,3001
3065,Afghanistan,4,SouthernEurope,925,0,0,0,0,0,0,0,0,0,0,0,0,0,0,0,0,0,0,0,0,0
3066,Bangladesh,50,SouthernEurope,925,0,0,0,0,0,0,0,0,0,0,0,0,0,0,0,0,0,0,0,0,0
3067,Bhutan,64,SouthernEurope,925,6,7,8,10,12,13,12,4,5,6,7,8,9,9,2,2,2,3,4,4,3
3068,India,356,SouthernEurope,925,454,323,191,299,383,356,332,182,136,89,151,176,160,146,272,187,102,148,207,196,186
3069,IranIslamicRepublicof,364,SouthernEurope,925,0,0,0,0,0,0,0,0,0,0,0,0,0,0,0,0,0,0,0,0,0
3070,Maldives,462,SouthernEurope,925,310,352,374,294,229,164,177,170,174,204,167,129,91,99,140,178,170,127,100,73,78
3071,Nepal,524,SouthernEurope,925,0,0,0,0,0,0,0,0,0,0,0,0,0,0,0,0,0,0,0,0,0
3072,Pakistan,586,SouthernEurope,925,0,0,0,0,0,0,0,0,0,0,0,0,0,0,0,0,0,0,0,0,0
3073,SriLanka,144,SouthernEurope,925,4,651,1305,2638,5374,5254,5323,4,530,905,1322,2741,2530,2589,0,121,400,1316,2633,2724,2734
3074,WesternAsia,922,SouthernEurope,925,172418,199053,225617,236760,253944,248815,332995,83399,95702,107739,111113,117469,129814,163525,89019,103351,117878,125647,136475,119001,169470
3075,Armenia,51,SouthernEurope,925,5612,3387,2073,1373,1143,1021,1015,2242,1361,841,584,509,455,457,3370,2026,1232,789,634,566,558
3076,Azerbaijan,31,SouthernEurope,925,0,0,0,0,0,0,0,0,0,0,0,0,0,0,0,0,0,0,0,0,0
3077,Bahrain,48,SouthernEurope,925,0,0,0,0,0,0,0,0,0,0,0,0,0,0,0,0,0,0,0,0,0
3078,Cyprus,196,SouthernEurope,925,6828,9658,12480,18767,28787,26428,27272,3860,5291,6718,9980,15505,14380,14920,2968,4367,5762,8787,13282,12048,12352
3079,Georgia,268,SouthernEurope,925,0,0,208,196,197,204,205,0,0,108,103,104,108,111,0,0,100,93,93,96,94
3080,Iraq,368,SouthernEurope,925,0,0,0,0,0,0,0,0,0,0,0,0,0,0,0,0,0,0,0,0,0
3081,Israel,376,SouthernEurope,925,9066,9769,9925,9847,9890,10200,9900,4158,4398,4451,4405,4402,4512,4381,4908,5371,5474,5442,5488,5688,5519
3082,Jordan,400,SouthernEurope,925,1499,1303,1104,832,1714,707,903,597,515,437,468,896,280,358,902,788,667,364,818,427,545
3083,Kuwait,414,SouthernEurope,925,0,0,0,0,0,0,0,0,0,0,0,0,0,0,0,0,0,0,0,0,0
3084,Lebanon,422,SouthernEurope,925,0,0,0,0,0,0,0,0,0,0,0,0,0,0,0,0,0,0,0,0,0
3085,Oman,512,SouthernEurope,925,0,0,0,0,0,0,0,0,0,0,0,0,0,0,0,0,0,0,0,0,0
3086,Qatar,634,SouthernEurope,925,0,0,0,0,0,0,0,0,0,0,0,0,0,0,0,0,0,0,0,0,0
3087,SaudiArabia,682,SouthernEurope,925,0,0,0,0,0,0,0,0,0,0,0,0,0,0,0,0,0,0,0,0,0
3088,StateofPalestine,275,SouthernEurope,925,0,0,0,0,0,0,0,0,0,0,0,0,0,0,0,0,0,0,0,0,0
3089,SyrianArabRepublic,760,SouthernEurope,925,0,0,0,0,0,0,0,0,0,0,0,0,0,0,0,0,0,0,0,0,0
3090,Turkey,792,SouthernEurope,925,149413,174936,199827,205745,212213,210255,293700,72542,84137,95184,95573,96053,110079,143298,76871,90799,104643,110172,116160,100176,150402
3091,UnitedArabEmirates,784,SouthernEurope,925,0,0,0,0,0,0,0,0,0,0,0,0,0,0,0,0,0,0,0,0,0
3092,Yemen,887,SouthernEurope,925,0,0,0,0,0,0,0,0,0,0,0,0,0,0,0,0,0,0,0,0,0
3093,EasternEurope,923,SouthernEurope,925,98312,88204,79377,102879,130707,206512,326399,46913,44454,42786,56506,72767,116348,187296,51399,43750,36591,46373,57940,90164,139103
3094,Belarus,112,SouthernEurope,925,221,217,211,204,193,202,193,115,107,100,97,90,94,93,106,110,111,107,103,108,100
3095,Bulgaria,100,SouthernEurope,925,3115,5189,7255,9922,12486,19399,29921,1790,2798,3807,5124,6445,10187,16979,1325,2391,3448,4798,6041,9212,12942
3096,Czechia,203,SouthernEurope,925,2980,4470,5959,8667,10569,13718,20632,1806,2757,3709,6034,7904,10057,15133,1174,1713,2250,2633,2665,3661,5499
3097,Hungary,348,SouthernEurope,925,49030,36427,23816,29237,34916,47950,63202,21845,16924,12000,14958,18091,25488,36297,27185,19503,11816,14279,16825,22462,26905
3098,Poland,616,SouthernEurope,925,23058,19716,16867,20496,24779,23588,31490,11876,10012,8437,10541,12910,12509,18183,11182,9704,8430,9955,11869,11079,13307
3099,RepublicofMoldova,498,SouthernEurope,925,1637,1106,747,517,2302,4420,4338,925,612,404,274,1216,2327,2287,712,494,343,243,1086,2093,2051
3100,Romania,642,SouthernEurope,925,9705,10759,11961,20404,31224,80992,157329,4267,5452,6709,11096,17005,45039,85616,5438,5307,5252,9308,14219,35953,71713
3101,RussianFederation,643,SouthernEurope,925,7894,7632,7106,7308,7374,7512,7488,3873,4059,4098,4394,4602,4673,4673,4021,3573,3008,2914,2772,2839,2815
3102,Slovakia,703,SouthernEurope,925,672,2688,5455,6124,6864,8731,11806,416,1733,3522,3988,4504,5974,8035,256,955,1933,2136,2360,2757,3771
3103,Ukraine,804,SouthernEurope,925,0,0,0,0,0,0,0,0,0,0,0,0,0,0,0,0,0,0,0,0,0
3104,NorthernEurope,924,SouthernEurope,925,319200,384633,446082,552320,634517,788876,1036509,160832,193314,223638,277948,314610,391505,547531,158368,191319,222444,274372,319907,397371,488978
3105,ChannelIslands,830,SouthernEurope,925,3380,3318,3525,8293,13060,13856,14154,1590,1561,1657,3942,6226,6623,6767,1790,1757,1868,4351,6834,7233,7387
3106,Denmark,208,SouthernEurope,925,30684,33677,36662,37611,35837,42835,52753,16392,18034,19674,20144,19137,23150,28577,14292,15643,16988,17467,16700,19685,24176
3107,Estonia,233,SouthernEurope,925,0,0,0,0,576,1355,2612,0,0,0,0,394,891,1564,0,0,0,0,182,464,1048
3108,FaroeIslands,234,SouthernEurope,925,1,1,13,60,60,73,83,1,1,8,34,40,40,47,0,0,5,26,20,33,36
3109,Finland,246,SouthernEurope,925,1427,1882,2335,5317,5349,8117,10787,1044,1346,1651,3443,3574,5168,6795,383,536,684,1874,1775,2949,3992
3110,Iceland,352,SouthernEurope,925,545,803,1053,1470,1926,2398,4919,308,460,610,848,1101,1361,3050,237,343,443,622,825,1037,1869
3111,Ireland,372,SouthernEurope,925,2465,5592,11793,17897,21052,21504,24641,1378,2944,6339,9260,9559,9620,11117,1087,2648,5454,8637,11493,11884,13524
3112,IsleofMan,833,SouthernEurope,925,0,0,0,0,0,0,0,0,0,0,0,0,0,0,0,0,0,0,0,0,0
3113,Latvia,428,SouthernEurope,925,392,250,114,380,646,544,745,180,125,73,254,433,366,515,212,125,41,126,213,178,230
3114,Lithuania,440,SouthernEurope,925,1503,996,779,1013,1112,1137,1821,865,574,451,625,696,717,1207,638,422,328,388,416,420,614
3115,Norway,578,SouthernEurope,925,3554,13340,18095,25490,28999,40163,51057,2308,7092,9544,13436,15224,21505,27299,1246,6248,8551,12054,13775,18658,23758
3116,Sweden,752,SouthernEurope,925,66826,79301,85049,102281,110093,123169,162987,35994,42436,45250,53840,58013,64750,86465,30832,36865,39799,48441,52080,58419,76522
3117,UnitedKingdom,826,SouthernEurope,925,208423,245473,286664,352508,415807,533725,709950,100772,118741,138381,172122,200213,257314,374128,107651,126732,148283,180386,215594,276411,335822
3118,SouthernEurope,925,SouthernEurope,925,1177322,2260434,2816043,2868972,3226996,3163927,3305291,566734,1105795,1389355,1410466,1593540,1533347,1629061,610588,1154639,1426688,1458506,1633456,1630580,1676230
3119,Albania,8,SouthernEurope,925,52052,56263,60475,51048,41621,41026,38486,23138,25199,27261,25144,20500,20207,18984,28914,31064,33214,25904,21121,20819,19502
3120,Andorra,20,SouthernEurope,925,31169,32466,33763,39521,40142,31732,34222,16673,17188,17695,20869,21197,16102,17491,14496,15278,16068,18652,18945,15630,16731
3121,BosniaandHerzegovina,70,SouthernEurope,925,47348,60183,73022,41067,32739,32552,30426,22762,28917,35070,19629,15755,15666,14373,24586,31266,37952,21438,16984,16886,16053
3122,Croatia,191,SouthernEurope,925,357791,547255,462838,478145,493446,495580,466449,167261,257404,218768,224347,229926,229123,216056,190530,289851,244070,253798,263520,266457,250393
3123,Gibraltar,292,SouthernEurope,925,2392,2235,2077,2010,1942,2072,2095,665,641,616,660,703,767,777,1727,1594,1461,1350,1239,1305,1318
3124,Greece,300,SouthernEurope,925,85678,247966,414323,438536,479527,451982,462350,53684,146994,240883,241961,251341,228273,248409,31994,100972,173440,196575,228186,223709,213941
3125,HolySee,336,SouthernEurope,925,0,0,0,0,0,0,0,0,0,0,0,0,0,0,0,0,0,0,0,0,0
3126,Italy,380,SouthernEurope,925,203422,353257,503085,585889,710545,708263,763669,92231,172812,253395,293545,357737,348109,376100,111191,180445,249690,292344,352808,360154,387569
3127,Malta,470,SouthernEurope,925,870,1024,1588,2104,2178,3828,8323,494,585,954,1292,1414,2585,5844,376,439,634,812,764,1243,2479
3128,Montenegro,499,SouthernEurope,925,0,0,0,0,72926,65160,64457,0,0,0,0,29667,25739,25523,0,0,0,0,43259,39421,38934
3129,NorthMacedonia,807,SouthernEurope,925,78532,91239,102419,103762,105141,105630,106102,32737,38001,42696,43252,42820,43643,43838,45795,53238,59723,60510,62321,61987,62264
3130,Portugal,620,SouthernEurope,925,12290,14284,16873,18721,17472,19798,22834,5010,6033,7334,8373,8044,8559,10258,7280,8251,9539,10348,9428,11239,12576
3131,SanMarino,674,SouthernEurope,925,3013,3301,3571,3744,4318,4497,4788,1601,1810,2030,2154,2584,2671,2791,1412,1491,1541,1590,1734,1826,1997
3132,Serbia,688,SouthernEurope,925,95187,633601,860643,786767,769010,751684,766218,44947,296458,390872,352293,339757,330900,337769,50240,337143,469771,434474,429253,420784,428449
3133,Slovenia,705,SouthernEurope,925,155603,154015,180444,182638,213493,209789,243960,79166,80770,97599,100382,125857,121165,145861,76437,73245,82845,82256,87636,88624,98099
3134,Spain,724,SouthernEurope,925,51975,63345,100922,135020,242496,240334,290912,26365,32983,54182,76565,146238,139838,164987,25610,30362,46740,58455,96258,100496,125925
3135,WesternEurope,926,SouthernEurope,925,4871285,5171636,5507896,4390778,4226213,4322241,5652638,2597955,2719272,2857976,2286515,2143785,2209031,2926530,2273330,2452364,2649920,2104263,2082428,2113210,2726108
3136,Austria,40,SouthernEurope,925,306245,345501,384750,400689,421688,442069,502279,148486,170432,192378,198780,207348,214876,247400,157759,175069,192372,201909,214340,227193,254879
3137,Belgium,56,SouthernEurope,925,252704,241358,221756,202966,207656,229143,243384,133712,129532,117960,106924,104079,114917,122393,118992,111826,103796,96042,103577,114226,120991
3138,France,250,SouthernEurope,925,1856241,1916202,1976255,1330468,1430867,1403421,1405827,924001,937674,951355,646945,685424,685016,684522,932240,978528,1024900,683523,745443,718405,721305
3139,Germany,276,SouthernEurope,925,1831623,2015153,2198676,1622749,1238512,1260804,2464172,1048998,1117956,1186914,880269,658419,667868,1320818,782625,897197,1011762,742480,580093,592936,1143354
3140,Liechtenstein,438,SouthernEurope,925,2571,3666,4707,3528,2552,2631,2653,1644,2240,2785,2027,1376,1410,1408,927,1426,1922,1501,1176,1221,1245
3141,Luxembourg,442,SouthernEurope,925,57591,68743,80551,85693,91658,139870,115464,31255,36076,41382,44411,47913,74130,61234,26336,32667,39169,41282,43745,65740,54230
3142,Monaco,492,SouthernEurope,925,3886,4180,4480,4430,4443,5841,5978,2233,2406,2583,2510,2471,3216,3292,1653,1774,1897,1920,1972,2625,2686
3143,Netherlands,528,SouthernEurope,925,59127,79164,101897,113713,123135,84472,112836,34240,44332,55834,60727,65426,46404,61561,24887,34832,46063,52986,57709,38068,51275
3144,Switzerland,756,SouthernEurope,925,501297,497669,534824,626542,705702,753990,800045,273386,278624,306785,343922,371329,401194,423902,227911,219045,228039,282620,334373,352796,376143
3145,Caribbean,915,SouthernEurope,925,34670,33199,32202,25314,20155,19796,20794,20448,19660,19095,15105,11931,12196,12811,14222,13539,13107,10209,8224,7600,7983
3146,Anguilla,660,SouthernEurope,925,0,0,0,0,0,0,0,0,0,0,0,0,0,0,0,0,0,0,0,0,0
3147,AntiguaandBarbuda,28,SouthernEurope,925,54,62,69,75,79,84,84,26,30,34,37,39,42,43,28,32,35,38,40,42,41
3148,Aruba,533,SouthernEurope,925,177,183,188,174,157,164,182,90,97,103,92,79,82,89,87,86,85,82,78,82,93
3149,Bahamas,44,SouthernEurope,925,183,194,207,278,347,376,396,115,122,133,190,245,265,284,68,72,74,88,102,111,112
3150,Barbados,52,SouthernEurope,925,0,0,0,0,0,0,0,0,0,0,0,0,0,0,0,0,0,0,0,0,0
3151,BritishVirginIslands,92,SouthernEurope,925,0,0,0,0,0,0,0,0,0,0,0,0,0,0,0,0,0,0,0,0,0
3152,CaymanIslands,136,SouthernEurope,925,36,70,123,112,113,120,133,29,54,94,85,86,93,105,7,16,29,27,27,27,28
3153,Cuba,192,SouthernEurope,925,11437,8669,6337,3735,2209,1337,876,5886,4288,2886,1747,1068,666,452,5551,4381,3451,1988,1141,671,424
3154,CuraÃao,531,SouthernEurope,925,0,0,0,0,890,962,1119,0,0,0,0,435,473,563,0,0,0,0,455,489,556
3155,Dominica,212,SouthernEurope,925,0,0,0,0,0,0,0,0,0,0,0,0,0,0,0,0,0,0,0,0,0
3156,DominicanRepublic,214,SouthernEurope,925,14793,16433,18067,14349,10623,11456,11953,10020,11002,11981,9414,6842,7646,7973,4773,5431,6086,4935,3781,3810,3980
3157,Grenada,308,SouthernEurope,925,0,0,0,0,0,0,0,0,0,0,0,0,0,0,0,0,0,0,0,0,0
3158,Guadeloupe,312,SouthernEurope,925,329,440,550,674,798,765,756,159,208,256,309,364,329,323,170,232,294,365,434,436,433
3159,Haiti,332,SouthernEurope,925,2524,2397,2276,2161,2268,2381,2490,1690,1606,1526,1450,1522,1598,1674,834,791,750,711,746,783,816
3160,Jamaica,388,SouthernEurope,925,0,0,0,0,0,0,0,0,0,0,0,0,0,0,0,0,0,0,0,0,0
3161,Martinique,474,SouthernEurope,925,37,55,74,77,81,94,93,18,26,35,36,37,42,42,19,29,39,41,44,52,51
3162,Montserrat,500,SouthernEurope,925,0,0,0,0,0,0,0,0,0,0,0,0,0,0,0,0,0,0,0,0,0
3163,PuertoRico,630,SouthernEurope,925,5093,4687,4298,3665,2575,2043,2700,2412,2223,2041,1738,1207,953,1256,2681,2464,2257,1927,1368,1090,1444
3164,SaintBarthelemy,652,SouthernEurope,925,0,0,0,0,0,0,0,0,0,0,0,0,0,0,0,0,0,0,0,0,0
3165,SaintKittsandNevis,659,SouthernEurope,925,0,0,0,0,0,0,0,0,0,0,0,0,0,0,0,0,0,0,0,0,0
3166,SaintLucia,662,SouthernEurope,925,7,9,13,14,15,14,12,3,4,6,7,7,7,7,4,5,7,7,8,7,5
3167,SaintMartinFrenchpart,663,SouthernEurope,925,0,0,0,0,0,0,0,0,0,0,0,0,0,0,0,0,0,0,0,0,0
3168,SaintVincentandtheGrenadines,670,SouthernEurope,925,0,0,0,0,0,0,0,0,0,0,0,0,0,0,0,0,0,0,0,0,0
3169,SintMaartenDutchpart,534,SouthernEurope,925,0,0,0,0,0,0,0,0,0,0,0,0,0,0,0,0,0,0,0,0,0
3170,TrinidadandTobago,780,SouthernEurope,925,0,0,0,0,0,0,0,0,0,0,0,0,0,0,0,0,0,0,0,0,0
3171,TurksandCaicosIslands,796,SouthernEurope,925,0,0,0,0,0,0,0,0,0,0,0,0,0,0,0,0,0,0,0,0,0
3172,UnitedStatesVirginIslands,850,SouthernEurope,925,0,0,0,0,0,0,0,0,0,0,0,0,0,0,0,0,0,0,0,0,0
3173,CentralAmerica,916,SouthernEurope,925,39320,37030,37638,34912,39302,43445,48582,22295,21041,21496,20010,22722,26286,29773,17025,15989,16142,14902,16580,17159,18809
3174,Belize,84,SouthernEurope,925,0,0,0,0,0,0,0,0,0,0,0,0,0,0,0,0,0,0,0,0,0
3175,CostaRica,188,SouthernEurope,925,3374,2712,3405,2239,4408,4464,5353,1976,1618,2020,1315,2595,2621,3253,1398,1094,1385,924,1813,1843,2100
3176,ElSalvador,222,SouthernEurope,925,1266,992,717,757,794,829,840,788,611,435,455,473,495,502,478,381,282,302,321,334,338
3177,Guatemala,320,SouthernEurope,925,1283,1184,1082,1288,1493,1638,1841,588,612,634,799,966,1071,1202,695,572,448,489,527,567,639
3178,Honduras,340,SouthernEurope,925,569,577,585,573,560,785,801,367,364,362,357,352,495,507,202,213,223,216,208,290,294
3179,Mexico,484,SouthernEurope,925,28649,27598,27744,25665,26551,29351,32189,15929,15324,15450,14267,14749,17440,19286,12720,12274,12294,11398,11802,11911,12903
3180,Nicaragua,558,SouthernEurope,925,744,591,570,566,604,650,678,441,348,345,351,377,407,425,303,243,225,215,227,243,253
3181,Panama,591,SouthernEurope,925,3435,3376,3535,3824,4892,5728,6880,2206,2164,2250,2466,3210,3757,4598,1229,1212,1285,1358,1682,1971,2282
3182,SouthAmerica,931,SouthernEurope,925,1342721,1136638,933593,809695,697910,792507,825718,686745,579873,475048,412645,356591,401966,423079,655976,556765,458545,397050,341319,390541,402639
3183,Argentina,32,SouthernEurope,925,599663,479529,359399,292577,225669,259750,262277,282458,223939,165428,131604,97765,112404,114423,317205,255590,193971,160973,127904,147346,147854
3184,BoliviaPlurinationalStateof,68,SouthernEurope,925,2593,2636,2651,7308,11946,13920,15482,1341,1382,1413,3928,6438,7498,8333,1252,1254,1238,3380,5508,6422,7149
3185,Brazil,76,SouthernEurope,925,407716,361523,315328,262675,207020,244031,265180,218215,192529,166841,138873,109092,127175,141369,189501,168994,148487,123802,97928,116856,123811
3186,Chile,152,SouthernEurope,925,14132,13245,12347,15521,18690,28313,26468,7694,6995,6486,8285,10082,15803,14617,6438,6250,5861,7236,8608,12510,11851
3187,Colombia,170,SouthernEurope,925,8291,8185,8078,7486,10498,14779,20347,4797,4705,4612,4248,6019,8583,11891,3494,3480,3466,3238,4479,6196,8456
3188,Ecuador,218,SouthernEurope,925,3475,4209,4941,5911,9413,11908,12461,1935,2307,2682,3264,5092,6409,7362,1540,1902,2259,2647,4321,5499,5099
3189,FalklandIslandsMalvinas,238,SouthernEurope,925,0,0,0,0,0,0,0,0,0,0,0,0,0,0,0,0,0,0,0,0,0
3190,FrenchGuiana,254,SouthernEurope,925,108,120,132,125,117,160,179,58,61,65,60,55,98,110,50,59,67,65,62,62,69
3191,Guyana,328,SouthernEurope,925,0,0,0,0,0,0,0,0,0,0,0,0,0,0,0,0,0,0,0,0,0
3192,Paraguay,600,SouthernEurope,925,1813,1902,1988,1893,1803,1759,1902,1054,1124,1187,1131,1077,1050,1139,759,778,801,762,726,709,763
3193,Peru,604,SouthernEurope,925,5449,5459,6391,7501,9320,11134,20453,2983,2955,3466,4094,5204,6383,11817,2466,2504,2925,3407,4116,4751,8636
3194,Suriname,740,SouthernEurope,925,0,0,0,0,0,0,0,0,0,0,0,0,0,0,0,0,0,0,0,0,0
3195,Uruguay,858,SouthernEurope,925,51474,45267,38339,27599,23356,24119,28786,23014,21193,18812,13417,11267,11630,14238,28460,24074,19527,14182,12089,12489,14548
3196,VenezuelaBolivarianRepublicof,862,SouthernEurope,925,248007,214563,183999,181099,180078,182634,172183,143196,122683,104056,103741,104500,104933,97780,104811,91880,79943,77358,75578,77701,74403
3197,Bermuda,60,SouthernEurope,925,1805,1929,1812,1769,1717,1792,1740,371,347,979,979,991,1068,999,1434,1582,833,790,726,724,741
3198,Canada,124,SouthernEurope,925,635049,636592,653273,613968,610580,598668,648665,309158,308445,315141,301376,303966,297510,322364,325891,328147,338132,312592,306614,301158,326301
3199,Greenland,304,SouthernEurope,925,0,0,0,0,0,0,0,0,0,0,0,0,0,0,0,0,0,0,0,0,0
3200,SaintPierreandMiquelon,666,SouthernEurope,925,0,0,0,0,0,0,0,0,0,0,0,0,0,0,0,0,0,0,0,0,0
3201,UnitedStatesofAmerica,840,SouthernEurope,925,1157628,1167676,1176016,1145357,1149087,1141358,1056931,524410,535044,545719,537156,529881,518069,476711,633218,632632,630297,608201,619206,623289,580220
3202,Australia,36,SouthernEurope,925,676967,686140,654080,647396,617730,591710,618041,356905,358681,340756,332882,313334,301389,312293,320062,327459,313324,314514,304396,290321,305748
3203,NewZealand,554,SouthernEurope,925,1098,1463,3618,3455,4228,4942,6868,596,770,1760,1677,2050,2392,3325,502,693,1858,1778,2178,2550,3543
3204,Melanesia,928,SouthernEurope,925,325,376,428,456,484,370,389,220,253,286,307,326,236,249,105,123,142,149,158,134,140
3205,Fiji,242,SouthernEurope,925,0,0,0,0,0,0,0,0,0,0,0,0,0,0,0,0,0,0,0,0,0
3206,NewCaledonia,540,SouthernEurope,925,325,376,428,456,484,370,389,220,253,286,307,326,236,249,105,123,142,149,158,134,140
3207,PapuaNewGuinea,598,SouthernEurope,925,0,0,0,0,0,0,0,0,0,0,0,0,0,0,0,0,0,0,0,0,0
3208,SolomonIslands,90,SouthernEurope,925,0,0,0,0,0,0,0,0,0,0,0,0,0,0,0,0,0,0,0,0,0
3209,Vanuatu,548,SouthernEurope,925,0,0,0,0,0,0,0,0,0,0,0,0,0,0,0,0,0,0,0,0,0
3210,Micronesia,954,SouthernEurope,925,0,0,0,0,0,0,0,0,0,0,0,0,0,0,0,0,0,0,0,0,0
3211,Guam,316,SouthernEurope,925,0,0,0,0,0,0,0,0,0,0,0,0,0,0,0,0,0,0,0,0,0
3212,Kiribati,296,SouthernEurope,925,0,0,0,0,0,0,0,0,0,0,0,0,0,0,0,0,0,0,0,0,0
3213,MarshallIslands,584,SouthernEurope,925,0,0,0,0,0,0,0,0,0,0,0,0,0,0,0,0,0,0,0,0,0
3214,MicronesiaFedStatesof,583,SouthernEurope,925,0,0,0,0,0,0,0,0,0,0,0,0,0,0,0,0,0,0,0,0,0
3215,Nauru,520,SouthernEurope,925,0,0,0,0,0,0,0,0,0,0,0,0,0,0,0,0,0,0,0,0,0
3216,NorthernMarianaIslands,580,SouthernEurope,925,0,0,0,0,0,0,0,0,0,0,0,0,0,0,0,0,0,0,0,0,0
3217,Palau,585,SouthernEurope,925,0,0,0,0,0,0,0,0,0,0,0,0,0,0,0,0,0,0,0,0,0
3218,Polynesia,957,SouthernEurope,925,204,223,240,250,241,228,228,159,173,185,194,188,178,178,45,50,55,56,53,50,50
3219,AmericanSamoa,16,SouthernEurope,925,0,0,0,0,0,0,0,0,0,0,0,0,0,0,0,0,0,0,0,0,0
3220,CookIslands,184,SouthernEurope,925,0,0,0,0,0,0,0,0,0,0,0,0,0,0,0,0,0,0,0,0,0
3221,FrenchPolynesia,258,SouthernEurope,925,204,223,240,250,241,228,228,159,173,185,194,188,178,178,45,50,55,56,53,50,50
3222,Niue,570,SouthernEurope,925,0,0,0,0,0,0,0,0,0,0,0,0,0,0,0,0,0,0,0,0,0
3223,Samoa,882,SouthernEurope,925,0,0,0,0,0,0,0,0,0,0,0,0,0,0,0,0,0,0,0,0,0
3224,Tokelau,772,SouthernEurope,925,0,0,0,0,0,0,0,0,0,0,0,0,0,0,0,0,0,0,0,0,0
3225,Tonga,776,SouthernEurope,925,0,0,0,0,0,0,0,0,0,0,0,0,0,0,0,0,0,0,0,0,0
3226,Tuvalu,798,SouthernEurope,925,0,0,0,0,0,0,0,0,0,0,0,0,0,0,0,0,0,0,0,0,0
3227,WallisandFutunaIslands,876,SouthernEurope,925,0,0,0,0,0,0,0,0,0,0,0,0,0,0,0,0,0,0,0,0,0
3228,SubSaharanAfrica,947,NorthernEurope,924,161639,146099,170840,208024,155281,105281,115166,70552,70124,85896,101946,75629,51118,57211,91087,75975,84944,106078,79652,54163,57955
3229,NorthernAfricaandWesternAsia,1833,NorthernEurope,924,117412,123484,132883,138151,167796,171832,197411,58669,61731,66792,69246,86866,89531,101766,58743,61753,66091,68905,80930,82301,95645
3230,CentralandSouthernAsia,921,NorthernEurope,924,35414,43975,52314,61948,70926,72558,71113,17550,22361,26953,32551,37033,37934,26309,17864,21614,25361,29397,33893,34624,44804
3231,EasternandSouthEasternAsia,1832,NorthernEurope,924,61617,64011,96422,103885,98079,105602,115133,35004,36162,51578,57029,54979,59586,64928,26613,27849,44844,46856,43100,46016,50205
3232,LatinAmericaandtheCaribbean,1830,NorthernEurope,924,44542,45784,48727,48691,51906,57581,64623,22445,23421,25383,25876,28011,31036,35704,22097,22363,23344,22815,23895,26545,28919
3233,OceaniaexcludingAustraliaandNewZealand,1835,NorthernEurope,924,3537,3389,2624,2603,2329,2356,2372,1952,1816,1399,1469,1352,1381,1401,1585,1573,1225,1134,977,975,971
3234,AustraliaandNewZealand,927,NorthernEurope,924,1446003,1427933,1447427,1460116,1564893,1622399,1734126,731920,720653,726871,733690,789892,824396,879516,714083,707280,720556,726426,775001,798003,854610
3235,EuropeandNorthernAmerica,1829,NorthernEurope,924,4357087,4347572,4471303,4756676,5067570,5177538,5584836,2021091,2009357,2069082,2232810,2369565,2434227,2653756,2335996,2338215,2402221,2523866,2698005,2743311,2931080
3236,Developedregions,901,NorthernEurope,924,5815798,5791289,5938923,6235819,6652635,6820416,7342483,2759485,2737586,2805282,2975167,3168529,3267761,3543770,3056313,3053703,3133641,3260652,3484106,3552655,3798713
3237,Lessdevelopedregions,902,NorthernEurope,924,411453,410958,483617,544275,526145,494731,542297,199698,208039,248672,279450,274798,261448,276821,211755,202919,234945,264825,251347,233283,265476
3238,Leastdevelopedcountries,941,NorthernEurope,924,21369,31485,40906,45691,51299,53729,52691,11589,16984,22064,24831,27678,28805,17483,9780,14501,18842,20860,23621,24924,35208
3239,LandlockedDevelopingCountriesLLDC,1636,NorthernEurope,924,45686,41830,44125,39764,32583,32557,33756,23993,21806,23077,21074,17387,17387,18164,21693,20024,21048,18690,15196,15170,15592
3240,SmallislanddevelopingStatesSIDS,1637,NorthernEurope,924,30051,30697,30988,30656,30229,31497,33146,15522,15923,15705,15710,15654,16472,17722,14529,14774,15283,14946,14575,15025,15424
3241,Highincomecountries,1503,NorthernEurope,924,5585092,5548653,5694327,6021011,6494075,6659211,7187799,2653138,2627049,2695845,2882368,3109469,3209346,3491097,2931954,2921604,2998482,3138643,3384606,3449865,3696702
3242,Middleincomecountries,1517,NorthernEurope,924,634935,645675,720167,752484,678396,649495,690709,302235,314382,353864,368624,330550,316488,326160,332700,331293,366303,383860,347846,333007,364549
3243,Uppermiddleincomecountries,1502,NorthernEurope,924,508627,507537,536236,575323,527684,497443,536174,241043,244945,259782,276811,252541,237845,257111,267584,262592,276454,298512,275143,259598,279063
3244,Lowermiddleincomecountries,1501,NorthernEurope,924,126308,138138,183931,177161,150712,152052,154535,61192,69437,94082,91813,78009,78643,69049,65116,68701,89849,85348,72703,73409,85486
3245,Lowincomecountries,1500,NorthernEurope,924,5798,6439,6395,4832,4222,4154,3709,3045,3432,3410,2765,2289,2242,2039,2753,3007,2985,2067,1933,1912,1670
3246,EasternAfrica,910,NorthernEurope,924,24848,23971,29243,25013,17976,17816,18334,13934,13451,16481,14073,10035,9698,10077,10914,10520,12762,10940,7941,8118,8257
3247,Burundi,108,NorthernEurope,924,0,0,0,0,0,0,0,0,0,0,0,0,0,0,0,0,0,0,0,0,0
3248,Comoros,174,NorthernEurope,924,0,0,0,0,0,0,0,0,0,0,0,0,0,0,0,0,0,0,0,0,0
3249,Djibouti,262,NorthernEurope,924,0,0,0,0,0,0,0,0,0,0,0,0,0,0,0,0,0,0,0,0,0
3250,Eritrea,232,NorthernEurope,924,34,38,43,44,47,56,48,14,14,14,15,18,21,19,20,24,29,29,29,35,29
3251,Ethiopia,231,NorthernEurope,924,0,0,0,0,0,0,0,0,0,0,0,0,0,0,0,0,0,0,0,0,0
3252,Kenya,404,NorthernEurope,924,0,0,0,0,0,0,0,0,0,0,0,0,0,0,0,0,0,0,0,0,0
3253,Madagascar,450,NorthernEurope,924,0,0,0,0,0,0,0,0,0,0,0,0,0,0,0,0,0,0,0,0,0
3254,Malawi,454,NorthernEurope,924,769,1639,1578,1504,1478,1272,1081,399,853,819,778,763,650,558,370,786,759,726,715,622,523
3255,Mauritius,480,NorthernEurope,924,724,464,464,439,439,504,507,318,221,199,195,212,257,260,406,243,265,244,227,247,247
3256,Mayotte,175,NorthernEurope,924,0,0,0,0,0,0,0,0,0,0,0,0,0,0,0,0,0,0,0,0,0
3257,Mozambique,508,NorthernEurope,924,0,0,0,0,0,0,0,0,0,0,0,0,0,0,0,0,0,0,0,0,0
3258,Reunion,638,NorthernEurope,924,0,0,0,0,0,0,0,0,0,0,0,0,0,0,0,0,0,0,0,0,0
3259,Rwanda,646,NorthernEurope,924,0,0,0,0,0,0,0,0,0,0,0,0,0,0,0,0,0,0,0,0,0
3260,Seychelles,690,NorthernEurope,924,274,223,173,216,259,290,295,127,115,103,118,132,156,160,147,108,70,98,127,134,135
3261,Somalia,706,NorthernEurope,924,0,0,0,0,0,0,0,0,0,0,0,0,0,0,0,0,0,0,0,0,0
3262,SouthSudan,728,NorthernEurope,924,0,0,0,0,0,0,0,0,0,0,0,0,0,0,0,0,0,0,0,0,0
3263,Uganda,800,NorthernEurope,924,1242,1175,1290,1247,1253,1258,1170,677,622,712,679,676,673,623,565,553,578,568,577,585,547
3264,UnitedRepublicofTanzania,834,NorthernEurope,924,682,866,912,1015,1040,1061,944,390,495,522,593,610,448,396,292,371,390,422,430,613,548
3265,Zambia,894,NorthernEurope,924,1987,1434,1036,1154,1286,1132,1584,1090,787,569,634,680,597,858,897,647,467,520,606,535,726
3266,Zimbabwe,716,NorthernEurope,924,19136,18132,23747,19394,12174,12243,12705,10919,10344,13543,11061,6944,6896,7203,8217,7788,10204,8333,5230,5347,5502
3267,MiddleAfrica,911,NorthernEurope,924,12,26,37,287,235,279,318,6,13,17,161,135,149,174,6,13,20,126,100,130,144
3268,Angola,24,NorthernEurope,924,0,0,0,0,0,0,0,0,0,0,0,0,0,0,0,0,0,0,0,0,0
3269,Cameroon,120,NorthernEurope,924,0,0,0,256,204,255,295,0,0,0,149,123,139,162,0,0,0,107,81,116,133
3270,CentralAfricanRepublic,140,NorthernEurope,924,12,26,37,31,31,24,23,6,13,17,12,12,10,12,6,13,20,19,19,14,11
3271,Chad,148,NorthernEurope,924,0,0,0,0,0,0,0,0,0,0,0,0,0,0,0,0,0,0,0,0,0
3272,Congo,178,NorthernEurope,924,0,0,0,0,0,0,0,0,0,0,0,0,0,0,0,0,0,0,0,0,0
3273,DemocraticRepublicoftheCongo,180,NorthernEurope,924,0,0,0,0,0,0,0,0,0,0,0,0,0,0,0,0,0,0,0,0,0
3274,EquatorialGuinea,226,NorthernEurope,924,0,0,0,0,0,0,0,0,0,0,0,0,0,0,0,0,0,0,0,0,0
3275,Gabon,266,NorthernEurope,924,0,0,0,0,0,0,0,0,0,0,0,0,0,0,0,0,0,0,0,0,0
3276,SaoTomeandPrincipe,678,NorthernEurope,924,0,0,0,0,0,0,0,0,0,0,0,0,0,0,0,0,0,0,0,0,0
3277,NorthernAfrica,912,NorthernEurope,924,18365,14928,12036,13263,14471,14590,16975,10195,8169,6534,7941,8608,8941,10250,8170,6759,5502,5322,5863,5649,6725
3278,Algeria,12,NorthernEurope,924,2060,1430,800,632,694,754,782,1195,774,353,279,290,315,326,865,656,447,353,404,439,456
3279,Egypt,818,NorthernEurope,924,4108,3485,3139,3737,4022,2761,4307,2254,1851,1597,2016,2098,1622,2303,1854,1634,1542,1721,1924,1139,2004
3280,Libya,434,NorthernEurope,924,11369,9253,7296,8044,8831,9883,10579,6308,5147,4172,5215,5754,6405,6946,5061,4106,3124,2829,3077,3478,3633
3281,Morocco,504,NorthernEurope,924,828,760,801,850,924,1192,1307,438,397,412,431,466,599,675,390,363,389,419,458,593,632
3282,Sudan,729,NorthernEurope,924,0,0,0,0,0,0,0,0,0,0,0,0,0,0,0,0,0,0,0,0,0
3283,Tunisia,788,NorthernEurope,924,0,0,0,0,0,0,0,0,0,0,0,0,0,0,0,0,0,0,0,0,0
3284,WesternSahara,732,NorthernEurope,924,0,0,0,0,0,0,0,0,0,0,0,0,0,0,0,0,0,0,0,0,0
3285,SouthernAfrica,913,NorthernEurope,924,132789,118220,137616,179747,135043,84701,93943,54515,54607,67397,86019,64449,39999,45616,78274,63613,70219,93728,70594,44702,48327
3286,Botswana,72,NorthernEurope,924,3821,2545,1538,2105,2687,2919,3113,2153,1211,401,1023,1585,1725,1845,1668,1334,1137,1082,1102,1194,1268
3287,Eswatini,748,NorthernEurope,924,0,0,0,0,0,0,0,0,0,0,0,0,0,0,0,0,0,0,0,0,0
3288,Lesotho,426,NorthernEurope,924,0,0,0,0,0,0,0,0,0,0,0,0,0,0,0,0,0,0,0,0,0
3289,Namibia,516,NorthernEurope,924,3141,3001,2794,2207,2124,2075,2214,1344,1297,1210,950,919,901,965,1797,1704,1584,1257,1205,1174,1249
3290,SouthAfrica,710,NorthernEurope,924,125827,112674,133284,175435,130232,79707,88616,51018,52099,65786,84046,61945,37373,42806,74809,60575,67498,91389,68287,42334,45810
3291,WesternAfrica,914,NorthernEurope,924,3990,3882,3944,2977,2027,2485,2571,2097,2053,2001,1693,1010,1272,1344,1893,1829,1943,1284,1017,1213,1227
3292,Benin,204,NorthernEurope,924,0,0,0,0,0,0,0,0,0,0,0,0,0,0,0,0,0,0,0,0,0
3293,BurkinaFaso,854,NorthernEurope,924,0,0,0,0,0,0,0,0,0,0,0,0,0,0,0,0,0,0,0,0,0
3294,CaboVerde,132,NorthernEurope,924,14,22,29,40,50,52,53,7,12,16,21,25,26,27,7,10,13,19,25,26,26
3295,CotedIvoire,384,NorthernEurope,924,0,0,0,0,0,0,0,0,0,0,0,0,0,0,0,0,0,0,0,0,0
3296,Gambia,270,NorthernEurope,924,0,0,0,0,0,0,0,0,0,0,0,0,0,0,0,0,0,0,0,0,0
3297,Ghana,288,NorthernEurope,924,972,969,1084,1524,1130,1390,1595,469,516,530,792,550,677,780,503,453,554,732,580,713,815
3298,Guinea,324,NorthernEurope,924,0,0,0,0,0,108,94,0,0,0,0,0,64,59,0,0,0,0,0,44,35
3299,GuineaBissau,624,NorthernEurope,924,0,0,0,0,0,0,0,0,0,0,0,0,0,0,0,0,0,0,0,0,0
3300,Liberia,430,NorthernEurope,924,2266,2213,2174,987,455,521,401,1196,1145,1096,639,206,234,186,1070,1068,1078,348,249,287,215
3301,Mali,466,NorthernEurope,924,0,0,0,0,0,0,0,0,0,0,0,0,0,0,0,0,0,0,0,0,0
3302,Mauritania,478,NorthernEurope,924,0,0,0,0,0,0,0,0,0,0,0,0,0,0,0,0,0,0,0,0,0
3303,Niger,562,NorthernEurope,924,0,0,0,0,0,0,0,0,0,0,0,0,0,0,0,0,0,0,0,0,0
3304,Nigeria,566,NorthernEurope,924,0,0,0,0,0,0,0,0,0,0,0,0,0,0,0,0,0,0,0,0,0
3305,SaintHelena,654,NorthernEurope,924,127,83,77,111,163,247,287,80,51,45,59,92,168,203,47,32,32,52,71,79,84
3306,Senegal,686,NorthernEurope,924,0,0,0,0,0,0,0,0,0,0,0,0,0,0,0,0,0,0,0,0,0
3307,SierraLeone,694,NorthernEurope,924,611,595,580,315,229,167,141,345,329,314,182,137,103,89,266,266,266,133,92,64,52
3308,Togo,768,NorthernEurope,924,0,0,0,0,0,0,0,0,0,0,0,0,0,0,0,0,0,0,0,0,0
3309,CentralAsia,5500,NorthernEurope,924,16792,14977,12942,12251,11484,11296,11520,7823,7016,6017,5833,5596,5591,5733,8969,7961,6925,6418,5888,5705,5787
3310,Kazakhstan,398,NorthernEurope,924,5063,4961,4856,5537,6216,6612,6955,2777,2603,2428,2842,3255,3514,3699,2286,2358,2428,2695,2961,3098,3256
3311,Kyrgyzstan,417,NorthernEurope,924,11053,9468,7614,6259,4815,4240,4123,4748,4075,3276,2673,2023,1766,1721,6305,5393,4338,3586,2792,2474,2402
3312,Tajikistan,762,NorthernEurope,924,676,548,472,455,453,444,442,298,338,313,318,318,311,313,378,210,159,137,135,133,129
3313,Turkmenistan,795,NorthernEurope,924,0,0,0,0,0,0,0,0,0,0,0,0,0,0,0,0,0,0,0,0,0
3314,Uzbekistan,860,NorthernEurope,924,0,0,0,0,0,0,0,0,0,0,0,0,0,0,0,0,0,0,0,0,0
3315,EasternAsia,906,NorthernEurope,924,27044,32705,39986,42285,47626,49580,56013,15631,18386,21992,23524,26704,27709,31187,11413,14319,17994,18761,20922,21871,24826
3316,China,156,NorthernEurope,924,1198,2036,2883,4168,5264,6493,7061,748,1253,1760,2713,3604,4540,4938,450,783,1123,1455,1660,1953,2123
3317,DemPeoplesRepublicofKorea,408,NorthernEurope,924,188,205,221,249,276,304,309,110,118,125,142,159,176,180,78,87,96,107,117,128,129
3318,Japan,392,NorthernEurope,924,12708,15784,20193,19027,20172,20479,23521,6474,7576,9329,8667,9072,9138,10498,6234,8208,10864,10360,11100,11341,13023
3319,Mongolia,496,NorthernEurope,924,87,93,105,91,90,110,114,35,42,50,54,68,77,83,52,51,55,37,22,33,31
3320,RepublicofKorea,410,NorthernEurope,924,559,855,1425,2199,3842,3818,5848,324,568,1011,1636,2871,2831,4337,235,287,414,563,971,987,1511
3321,SouthEasternAsia,920,NorthernEurope,924,34573,31306,56436,61600,50453,56022,59120,19373,17776,29586,33505,28275,31877,33741,15200,13530,26850,28095,22178,24145,25379
3322,BruneiDarussalam,96,NorthernEurope,924,1996,1961,1926,1969,2012,2055,2238,1144,1131,1119,1149,1179,1209,1317,852,830,807,820,833,846,921
3323,Cambodia,116,NorthernEurope,924,43,113,182,142,102,92,97,30,79,127,100,73,66,71,13,34,55,42,29,26,26
3324,Indonesia,360,NorthernEurope,924,20883,13817,6751,16969,28276,31304,32911,11363,7683,4003,9565,14939,16858,17694,9520,6134,2748,7404,13337,14446,15217
3325,LaoPeoplesDemocraticRepublic,418,NorthernEurope,924,0,0,0,0,0,0,0,0,0,0,0,0,0,0,0,0,0,0,0,0,0
3326,Malaysia,458,NorthernEurope,924,3433,3930,5547,7431,8842,10782,11425,2154,2471,3479,4793,5840,7169,7712,1279,1459,2068,2638,3002,3613,3713
3327,Myanmar,104,NorthernEurope,924,0,0,0,0,0,0,0,0,0,0,0,0,0,0,0,0,0,0,0,0,0
3328,Philippines,608,NorthernEurope,924,6451,8679,36446,29495,6479,6578,6990,3598,4766,17602,14485,3244,3298,3515,2853,3913,18844,15010,3235,3280,3475
3329,Singapore,702,NorthernEurope,924,0,0,0,0,0,0,0,0,0,0,0,0,0,0,0,0,0,0,0,0,0
3330,Thailand,764,NorthernEurope,924,1511,1576,1971,2791,3815,4092,4281,944,1005,1260,1803,2496,2674,2797,567,571,711,988,1319,1418,1484
3331,TimorLeste,626,NorthernEurope,924,0,0,0,0,0,0,0,0,0,0,0,0,0,0,0,0,0,0,0,0,0
3332,VietNam,704,NorthernEurope,924,256,1230,3613,2803,927,1119,1178,140,641,1996,1610,504,603,635,116,589,1617,1193,423,516,543
3333,SouthernAsia,5501,NorthernEurope,924,18622,28998,39372,49697,59442,61262,59593,9727,15345,20936,26718,31437,32343,20576,8895,13653,18436,22979,28005,28919,39017
3334,Afghanistan,4,NorthernEurope,924,0,0,0,0,0,0,0,0,0,0,0,0,0,0,0,0,0,0,0,0,0
3335,Bangladesh,50,NorthernEurope,924,13330,23078,32825,39006,45128,47781,46852,7199,12463,17727,21064,24370,25802,14472,6131,10615,15098,17942,20758,21979,32380
3336,Bhutan,64,NorthernEurope,924,46,53,60,76,92,97,96,26,30,33,42,51,53,55,20,23,27,34,41,44,41
3337,India,356,NorthernEurope,924,5063,5508,5952,9732,12622,11761,10999,2394,2614,2833,5154,6181,5647,5183,2669,2894,3119,4578,6441,6114,5816
3338,IranIslamicRepublicof,364,NorthernEurope,924,0,0,0,0,0,0,0,0,0,0,0,0,0,0,0,0,0,0,0,0,0
3339,Maldives,462,NorthernEurope,924,105,118,125,127,133,139,147,58,59,68,75,87,97,105,47,59,57,52,46,42,42
3340,Nepal,524,NorthernEurope,924,0,0,0,0,0,0,0,0,0,0,0,0,0,0,0,0,0,0,0,0,0
3341,Pakistan,586,NorthernEurope,924,0,0,0,0,0,0,0,0,0,0,0,0,0,0,0,0,0,0,0,0,0
3342,SriLanka,144,NorthernEurope,924,78,241,410,756,1467,1484,1499,50,179,275,383,748,744,761,28,62,135,373,719,740,738
3343,WesternAsia,922,NorthernEurope,924,99047,108556,120847,124888,153325,157242,180436,48474,53562,60258,61305,78258,80590,91516,50573,54994,60589,63583,75067,76652,88920
3344,Armenia,51,NorthernEurope,924,0,0,0,0,0,0,0,0,0,0,0,0,0,0,0,0,0,0,0,0,0
3345,Azerbaijan,31,NorthernEurope,924,662,581,586,556,509,486,462,287,272,270,247,236,231,220,375,309,316,309,273,255,242
3346,Bahrain,48,NorthernEurope,924,1614,1493,1378,1602,2181,2364,3062,940,890,835,1009,1408,1559,2053,674,603,543,593,773,805,1009
3347,Cyprus,196,NorthernEurope,924,9769,13816,17858,26856,41233,37516,38709,4610,6224,7839,11544,18105,16490,17207,5159,7592,10019,15312,23128,21026,21502
3348,Georgia,268,NorthernEurope,924,5851,1528,570,539,542,566,579,2596,552,181,172,173,181,188,3255,976,389,367,369,385,391
3349,Iraq,368,NorthernEurope,924,0,0,0,0,0,0,0,0,0,0,0,0,0,0,0,0,0,0,0,0,0
3350,Israel,376,NorthernEurope,924,40778,41440,39781,35472,31592,32581,31629,18736,18677,17819,15796,13925,14271,13855,22042,22763,21962,19676,17667,18310,17774
3351,Jordan,400,NorthernEurope,924,679,977,1269,954,1967,812,1045,335,513,689,640,1258,440,569,344,464,580,314,709,372,476
3352,Kuwait,414,NorthernEurope,924,10010,6908,6491,6444,8016,9394,10191,4226,3347,3809,3886,4971,5335,5787,5784,3561,2682,2558,3045,4059,4404
3353,Lebanon,422,NorthernEurope,924,212,329,445,343,244,206,179,114,174,233,187,141,99,89,98,155,212,156,103,107,90
3354,Oman,512,NorthernEurope,924,4260,5188,4658,4061,4120,9369,11975,2866,3436,3231,2760,2792,6804,8698,1394,1752,1427,1301,1328,2565,3277
3355,Qatar,634,NorthernEurope,924,2886,2677,2070,2433,4771,3841,6868,1742,1718,1444,1704,3739,3065,5382,1144,959,626,729,1032,776,1486
3356,SaudiArabia,682,NorthernEurope,924,0,0,0,0,0,0,0,0,0,0,0,0,0,0,0,0,0,0,0,0,0
3357,StateofPalestine,275,NorthernEurope,924,0,0,0,0,0,0,0,0,0,0,0,0,0,0,0,0,0,0,0,0,0
3358,SyrianArabRepublic,760,NorthernEurope,924,0,0,0,0,0,0,0,0,0,0,0,0,0,0,0,0,0,0,0,0,0
3359,Turkey,792,NorthernEurope,924,10097,20774,31540,32621,33645,33330,46546,4952,9884,14834,14963,15030,14452,18219,5145,10890,16706,17658,18615,18878,28327
3360,UnitedArabEmirates,784,NorthernEurope,924,12229,12845,14201,13007,24505,26777,29191,7070,7875,9074,8397,16480,17663,19249,5159,4970,5127,4610,8025,9114,9942
3361,Yemen,887,NorthernEurope,924,0,0,0,0,0,0,0,0,0,0,0,0,0,0,0,0,0,0,0,0,0
3362,EasternEurope,923,NorthernEurope,924,464948,467926,465396,451241,437694,453951,546407,215124,216438,215133,207908,200533,209710,263785,249824,251488,250263,243333,237161,244241,282622
3363,Belarus,112,NorthernEurope,924,34804,35202,35597,34192,32781,34310,33797,16075,13365,10657,10231,9803,10270,10121,18729,21837,24940,23961,22978,24040,23676
3364,Bulgaria,100,NorthernEurope,924,126,912,1691,2612,3481,7296,14717,74,490,903,1381,1848,3745,7671,52,422,788,1231,1633,3551,7046
3365,Czechia,203,NorthernEurope,924,650,976,1300,3877,6081,7938,10474,399,609,817,2749,4460,5756,7619,251,367,483,1128,1621,2182,2855
3366,Hungary,348,NorthernEurope,924,1171,4158,7140,8771,10468,12968,22779,509,2088,3668,4574,5525,6648,11970,662,2070,3472,4197,4943,6320,10809
3367,Poland,616,NorthernEurope,924,123376,105531,90275,94881,102473,97589,130331,51986,43539,36436,39965,44386,43320,65129,71390,61992,53839,54916,58087,54269,65202
3368,RepublicofMoldova,498,NorthernEurope,924,0,0,0,0,0,0,0,0,0,0,0,0,0,0,0,0,0,0,0,0,0
3369,Romania,642,NorthernEurope,924,833,793,754,1166,1765,6661,41394,396,421,443,656,964,3547,21829,437,372,311,510,801,3114,19565
3370,RussianFederation,643,NorthernEurope,924,247863,259583,261898,243747,220586,224795,224656,121629,127543,128877,117295,103374,104749,104693,126234,132040,133021,126452,117212,120046,119963
3371,Slovakia,703,NorthernEurope,924,73,2158,4849,5444,6102,8257,13221,37,1087,2426,2778,3153,4525,7149,36,1071,2423,2666,2949,3732,6072
3372,Ukraine,804,NorthernEurope,924,56052,58613,61892,56551,53957,54137,55038,24019,27296,30906,28279,27020,27150,27604,32033,31317,30986,28272,26937,26987,27434
3373,NorthernEurope,924,NorthernEurope,924,1397623,1372966,1426435,1586970,1719876,1885586,2037623,645174,622658,643703,731260,793017,881994,959564,752449,750308,782732,855710,926859,1003592,1078059
3374,ChannelIslands,830,NorthernEurope,924,56179,55140,58587,59143,59702,63338,64707,26424,25936,27547,28003,28455,30268,30923,29755,29204,31040,31140,31247,33070,33784
3375,Denmark,208,NorthernEurope,924,50906,62478,74139,82769,87645,98815,112319,21602,27447,33283,37435,39856,45458,53031,29304,35031,40856,45334,47789,53357,59288
3376,Estonia,233,NorthernEurope,924,10094,9071,8045,8945,10090,12275,17430,4879,4254,3630,4237,4991,6643,10018,5215,4817,4415,4708,5099,5632,7412
3377,FaroeIslands,234,NorthernEurope,924,3786,2483,3022,3686,3965,4156,4842,2194,1379,1645,2017,2167,2220,2597,1592,1104,1377,1669,1798,1936,2245
3378,Finland,246,NorthernEurope,924,29411,31950,34485,51024,61332,82697,94775,14886,16667,18451,26836,31853,42497,50052,14525,15283,16034,24188,29479,40200,44723
3379,Iceland,352,NorthernEurope,924,4783,5374,5959,7906,9649,10523,15506,2149,2467,2783,3881,4879,5228,8632,2634,2907,3176,4025,4770,5295,6874
3380,Ireland,372,NorthernEurope,924,187491,136739,161156,259749,315570,334966,382701,92277,65137,79516,134108,150690,166747,191564,95214,71602,81640,125641,164880,168219,191137
3381,IsleofMan,833,NorthernEurope,924,32320,34370,36421,38387,39890,35263,35934,15225,16377,17528,18848,19848,17393,17726,17095,17993,18893,19539,20042,17870,18208
3382,Latvia,428,NorthernEurope,924,20706,26746,32787,30296,27044,23751,22862,9795,11930,14062,13203,11756,10237,10202,10911,14816,18725,17093,15288,13514,12660
3383,Lithuania,440,NorthernEurope,924,13672,12948,10139,13455,14952,14486,19098,6815,6461,5053,6788,7264,6947,9749,6857,6487,5086,6667,7688,7539,9349
3384,Norway,578,NorthernEurope,924,63672,66786,82178,83193,108394,160822,165175,30354,31477,39612,40674,56319,87525,88932,33318,35309,42566,42519,52075,73297,76243
3385,Sweden,752,NorthernEurope,924,242553,287837,308684,305125,307220,289503,308172,108870,127989,136141,135929,138468,130054,142126,133683,159848,172543,169196,168752,159449,166046
3386,UnitedKingdom,826,NorthernEurope,924,682050,641044,610833,643292,674423,754991,794102,309704,285137,264452,279301,296471,330777,344012,372346,355907,346381,363991,377952,424214,450090
3387,SouthernEurope,925,NorthernEurope,924,216382,212990,252073,419058,578333,570343,603637,83851,86911,110720,194536,273857,266979,285895,132531,126079,141353,224522,304476,303364,317742
3388,Albania,8,NorthernEurope,924,0,0,0,0,0,0,0,0,0,0,0,0,0,0,0,0,0,0,0,0,0
3389,Andorra,20,NorthernEurope,924,1181,1138,1094,1280,1299,1215,1305,631,602,574,675,686,729,786,550,536,520,605,613,486,519
3390,BosniaandHerzegovina,70,NorthernEurope,924,0,0,0,0,0,0,0,0,0,0,0,0,0,0,0,0,0,0,0,0,0
3391,Croatia,191,NorthernEurope,924,505,557,549,1111,1668,1678,1562,170,204,221,517,814,817,761,335,353,328,594,854,861,801
3392,Gibraltar,292,NorthernEurope,924,3025,3316,3607,4462,5317,5673,5741,1587,1733,1880,2335,2790,3012,3044,1438,1583,1727,2127,2527,2661,2697
3393,Greece,300,NorthernEurope,924,43527,32241,21485,24524,28557,26901,27481,17526,12679,7686,9152,10964,9673,11038,26001,19562,13799,15372,17593,17228,16443
3394,HolySee,336,NorthernEurope,924,0,0,0,0,0,0,0,0,0,0,0,0,0,0,0,0,0,0,0,0,0
3395,Italy,380,NorthernEurope,924,75064,60343,45619,69558,97591,89243,96098,21749,17974,14199,24898,37079,33155,36802,53315,42369,31420,44660,60512,56088,59296
3396,Malta,470,NorthernEurope,924,5440,6388,7641,8531,9410,15931,34899,2336,2787,3444,3972,5077,8493,19914,3104,3601,4197,4559,4333,7438,14985
3397,Montenegro,499,NorthernEurope,924,0,0,0,0,335,351,348,0,0,0,0,88,94,97,0,0,0,0,247,257,251
3398,NorthMacedonia,807,NorthernEurope,924,0,0,0,0,0,0,0,0,0,0,0,0,0,0,0,0,0,0,0,0,0
3399,Portugal,620,NorthernEurope,924,7863,10066,12690,17753,19878,22533,25833,3767,4908,6268,8812,9914,10656,12637,4096,5158,6422,8941,9964,11877,13196
3400,SanMarino,674,NorthernEurope,924,0,0,0,0,0,0,0,0,0,0,0,0,0,0,0,0,0,0,0,0,0
3401,Serbia,688,NorthernEurope,924,249,1627,2282,2380,2329,2273,2304,134,851,1168,1208,1179,1150,1172,115,776,1114,1172,1150,1123,1132
3402,Slovenia,705,NorthernEurope,924,346,366,680,693,1123,1149,1413,182,189,331,339,584,599,760,164,177,349,354,539,550,653
3403,Spain,724,NorthernEurope,924,79182,96948,156426,288766,410826,403396,406653,35769,44984,74949,142628,204682,198601,198884,43413,51964,81477,146138,206144,204795,207769
3404,WesternEurope,926,NorthernEurope,924,441962,494636,548446,596007,643747,667479,786526,215234,237760,260912,289345,305985,319870,382241,226728,256876,287534,306662,337762,347609,404285
3405,Austria,40,NorthernEurope,924,12018,13558,15095,16733,18584,20397,24083,5560,6389,7222,7792,8441,9279,11308,6458,7169,7873,8941,10143,11118,12775
3406,Belgium,56,NorthernEurope,924,27292,33084,37917,37384,39670,38980,40923,14315,17227,19698,19104,19101,18859,19685,12977,15857,18219,18280,20569,20121,21238
3407,France,250,NorthernEurope,924,138181,142651,147116,179593,212531,208713,211502,61640,62305,62969,84858,97710,98810,100350,76541,80346,84147,94735,114821,109903,111152
3408,Germany,276,NorthernEurope,924,171781,199925,228064,227605,225424,231361,321866,88053,98692,109330,109670,108611,110769,157742,83728,101233,118734,117935,116813,120592,164124
3409,Liechtenstein,438,NorthernEurope,924,87,110,134,123,132,152,149,58,74,90,74,62,69,69,29,36,44,49,70,83,80
3410,Luxembourg,442,NorthernEurope,924,5198,6685,8254,9421,10650,16243,14091,2545,3304,4104,4556,5036,7815,7072,2653,3381,4150,4865,5614,8428,7019
3411,Monaco,492,NorthernEurope,924,0,0,0,0,0,0,0,0,0,0,0,0,0,0,0,0,0,0,0,0,0
3412,Netherlands,528,NorthernEurope,924,47617,52792,59817,65730,68062,76598,94782,25096,27129,30038,33276,34398,38356,47887,22521,25663,29779,32454,33664,38242,46895
3413,Switzerland,756,NorthernEurope,924,39788,45831,52049,59418,68694,75035,79130,17967,22640,27461,30015,32626,35913,38128,21821,23191,24588,29403,36068,39122,41002
3414,Caribbean,915,NorthernEurope,924,18646,19637,21383,20681,19949,20690,21639,9216,9751,10743,10363,10010,10400,11118,9430,9886,10640,10318,9939,10290,10521
3415,Anguilla,660,NorthernEurope,924,197,254,311,358,390,418,435,70,87,104,121,133,143,148,127,167,207,237,257,275,287
3416,AntiguaandBarbuda,28,NorthernEurope,924,623,720,817,876,935,994,1038,299,350,402,430,459,487,509,324,370,415,446,476,507,529
3417,Aruba,533,NorthernEurope,924,0,0,0,0,0,0,0,0,0,0,0,0,0,0,0,0,0,0,0,0,0
3418,Bahamas,44,NorthernEurope,924,2051,1950,1853,1909,1961,2125,2266,1097,1072,1053,1090,1125,1212,1297,954,878,800,819,836,913,969
3419,Barbados,52,NorthernEurope,924,2988,3262,3535,2955,2389,2509,2537,1347,1500,1652,1343,1040,1092,1105,1641,1762,1883,1612,1349,1417,1432
3420,BritishVirginIslands,92,NorthernEurope,924,440,517,594,680,714,816,925,250,288,327,374,394,448,508,190,229,267,306,320,368,417
3421,CaymanIslands,136,NorthernEurope,924,1130,1586,2437,2232,2225,2419,2696,620,870,1337,1200,1163,1266,1416,510,716,1100,1032,1062,1153,1280
3422,Cuba,192,NorthernEurope,924,110,84,49,47,43,37,31,66,49,27,25,21,17,14,44,35,22,22,22,20,17
3423,CuraÃao,531,NorthernEurope,924,0,0,0,0,24,24,27,0,0,0,0,9,9,10,0,0,0,0,15,15,17
3424,Dominica,212,NorthernEurope,924,230,304,362,446,543,633,647,118,156,188,230,282,329,337,112,148,174,216,261,304,310
3425,DominicanRepublic,214,NorthernEurope,924,1183,1316,1445,1057,668,693,720,627,683,737,549,360,377,393,556,633,708,508,308,316,327
3426,Grenada,308,NorthernEurope,924,0,0,0,0,0,0,0,0,0,0,0,0,0,0,0,0,0,0,0,0,0
3427,Guadeloupe,312,NorthernEurope,924,166,222,277,340,402,385,381,80,105,129,156,183,166,163,86,117,148,184,219,219,218
3428,Haiti,332,NorthernEurope,924,0,0,0,0,0,0,0,0,0,0,0,0,0,0,0,0,0,0,0,0,0
3429,Jamaica,388,NorthernEurope,924,5469,5286,5103,4973,4843,4739,4832,2617,2539,2461,2415,2370,2319,2366,2852,2747,2642,2558,2473,2420,2466
3430,Martinique,474,NorthernEurope,924,67,101,135,141,148,171,169,33,41,48,48,49,53,52,34,60,87,93,99,118,117
3431,Montserrat,500,NorthernEurope,924,156,129,94,97,100,104,104,81,65,49,50,51,53,54,75,64,45,47,49,51,50
3432,PuertoRico,630,NorthernEurope,924,336,356,377,295,176,173,74,159,169,179,141,83,81,35,177,187,198,154,93,92,39
3433,SaintBarthelemy,652,NorthernEurope,924,0,0,0,0,0,0,0,0,0,0,0,0,0,0,0,0,0,0,0,0,0
3434,SaintKittsandNevis,659,NorthernEurope,924,0,0,0,0,0,0,0,0,0,0,0,0,0,0,0,0,0,0,0,0,0
3435,SaintLucia,662,NorthernEurope,924,415,557,770,839,844,808,774,195,262,367,397,407,389,373,220,295,403,442,437,419,401
3436,SaintMartinFrenchpart,663,NorthernEurope,924,0,0,0,0,0,0,0,0,0,0,0,0,0,0,0,0,0,0,0,0,0
3437,SaintVincentandtheGrenadines,670,NorthernEurope,924,682,719,748,770,798,805,829,352,372,383,398,417,427,452,330,347,365,372,381,378,377
3438,SintMaartenDutchpart,534,NorthernEurope,924,0,0,0,25,50,53,54,0,0,0,13,26,28,30,0,0,0,12,24,25,24
3439,TrinidadandTobago,780,NorthernEurope,924,2157,1958,2090,2243,2286,2368,2629,1077,976,1089,1167,1211,1273,1593,1080,982,1001,1076,1075,1095,1036
3440,TurksandCaicosIslands,796,NorthernEurope,924,246,316,386,398,410,416,471,128,167,211,216,227,231,263,118,149,175,182,183,185,208
3441,UnitedStatesVirginIslands,850,NorthernEurope,924,0,0,0,0,0,0,0,0,0,0,0,0,0,0,0,0,0,0,0,0,0
3442,CentralAmerica,916,NorthernEurope,924,5345,6237,7705,7558,8945,9887,11178,2934,3293,3970,4215,5331,5671,6548,2411,2944,3735,3343,3614,4216,4630
3443,Belize,84,NorthernEurope,924,306,297,288,318,347,409,462,195,186,177,195,213,251,285,111,111,111,123,134,158,177
3444,CostaRica,188,NorthernEurope,924,790,614,744,499,971,971,1161,443,345,408,263,518,523,654,347,269,336,236,453,448,507
3445,ElSalvador,222,NorthernEurope,924,192,153,114,124,131,136,137,118,93,69,75,79,83,84,74,60,45,49,52,53,53
3446,Guatemala,320,NorthernEurope,924,152,163,172,204,235,258,287,55,76,96,125,154,170,191,97,87,76,79,81,88,96
3447,Honduras,340,NorthernEurope,924,101,100,99,98,95,133,134,67,65,64,64,63,90,91,34,35,35,34,32,43,43
3448,Mexico,484,NorthernEurope,924,3230,4345,5655,4911,4739,5163,5653,1703,2173,2747,2566,2692,2677,2970,1527,2172,2908,2345,2047,2486,2683
3449,Nicaragua,558,NorthernEurope,924,171,137,144,159,169,180,183,94,74,88,103,112,121,127,77,63,56,56,57,59,56
3450,Panama,591,NorthernEurope,924,403,428,489,1245,2258,2637,3161,259,281,321,824,1500,1756,2146,144,147,168,421,758,881,1015
3451,SouthAmerica,931,NorthernEurope,924,20551,19910,19639,20452,23012,27004,31806,10295,10377,10670,11298,12670,14965,18038,10256,9533,8969,9154,10342,12039,13768
3452,Argentina,32,NorthernEurope,924,6302,5414,4528,3351,2151,2157,2170,2573,2296,2027,1520,1017,1019,1036,3729,3118,2501,1831,1134,1138,1134
3453,BoliviaPlurinationalStateof,68,NorthernEurope,924,992,1006,1008,1167,1320,1546,1701,505,525,538,608,678,789,872,487,481,470,559,642,757,829
3454,Brazil,76,NorthernEurope,924,5339,5542,5741,6952,8707,10260,11134,3010,3326,3644,4349,5136,6028,6664,2329,2216,2097,2603,3571,4232,4470
3455,Chile,152,NorthernEurope,924,0,0,0,0,0,0,0,0,0,0,0,0,0,0,0,0,0,0,0,0,0
3456,Colombia,170,NorthernEurope,924,991,1009,1026,993,1201,1439,1686,541,551,560,579,722,891,1061,450,458,466,414,479,548,625
3457,Ecuador,218,NorthernEurope,924,1086,1219,1350,1617,2572,3250,3394,579,649,720,878,1367,1720,1979,507,570,630,739,1205,1530,1415
3458,FalklandIslandsMalvinas,238,NorthernEurope,924,664,640,704,650,798,872,1089,382,373,418,374,450,486,605,282,267,286,276,348,386,484
3459,FrenchGuiana,254,NorthernEurope,924,0,0,0,0,0,0,0,0,0,0,0,0,0,0,0,0,0,0,0,0,0
3460,Guyana,328,NorthernEurope,924,131,211,290,390,305,322,337,71,115,158,214,174,184,193,60,96,132,176,131,138,144
3461,Paraguay,600,NorthernEurope,924,140,169,198,188,179,174,187,73,91,108,103,98,95,102,67,78,90,85,81,79,85
3462,Peru,604,NorthernEurope,924,1632,1620,1898,2232,2809,3905,7104,870,847,986,1173,1520,2207,4034,762,773,912,1059,1289,1698,3070
3463,Suriname,740,NorthernEurope,924,0,0,0,0,0,0,0,0,0,0,0,0,0,0,0,0,0,0,0,0,0
3464,Uruguay,858,NorthernEurope,924,535,523,513,475,440,454,541,263,240,218,202,185,191,235,272,283,295,273,255,263,306
3465,VenezuelaBolivarianRepublicof,862,NorthernEurope,924,2739,2557,2383,2437,2530,2625,2463,1428,1364,1293,1298,1323,1355,1257,1311,1193,1090,1139,1207,1270,1206
3466,Bermuda,60,NorthernEurope,924,4700,4843,4234,4240,4237,4371,4272,2638,2758,2007,2051,2041,2161,2120,2062,2085,2227,2189,2196,2210,2152
3467,Canada,124,NorthernEurope,924,788941,736678,701929,644956,616860,571112,618813,384076,357062,338617,310848,297877,277346,300517,404865,379616,363312,334108,318983,293766,318296
3468,Greenland,304,NorthernEurope,924,9126,6940,6339,6189,5522,5239,5147,6394,4762,4456,4238,3790,3535,3417,2732,2178,1883,1951,1732,1704,1730
3469,SaintPierreandMiquelon,666,NorthernEurope,924,0,0,0,0,0,0,0,0,0,0,0,0,0,0,0,0,0,0,0,0,0
3470,UnitedStatesofAmerica,840,NorthernEurope,924,1033405,1050593,1066451,1048015,1061301,1019457,982411,468600,481008,493534,492624,492465,472632,456217,564805,569585,572917,555391,568836,546825,526194
3471,Australia,36,NorthernEurope,924,1209758,1202513,1227020,1218026,1303110,1345120,1431213,612719,607488,619742,616184,663044,690310,733031,597039,595025,607278,601842,640066,654810,698182
3472,NewZealand,554,NorthernEurope,924,236245,225420,220407,242090,261783,277279,302913,119201,113165,107129,117506,126848,134086,146485,117044,112255,113278,124584,134935,143193,156428
3473,Melanesia,928,NorthernEurope,924,3342,3196,2434,2397,2116,2151,2163,1820,1670,1240,1299,1182,1215,1230,1522,1526,1194,1098,934,936,933
3474,Fiji,242,NorthernEurope,924,759,646,528,308,331,341,348,432,365,293,163,177,184,189,327,281,235,145,154,157,159
3475,NewCaledonia,540,NorthernEurope,924,0,0,0,0,0,0,0,0,0,0,0,0,0,0,0,0,0,0,0,0,0
3476,PapuaNewGuinea,598,NorthernEurope,924,2259,2313,1730,1930,1636,1658,1662,1190,1165,842,1050,927,951,960,1069,1148,888,880,709,707,702
3477,SolomonIslands,90,NorthernEurope,924,85,85,81,59,42,39,38,60,60,57,39,24,23,23,25,25,24,20,18,16,15
3478,Vanuatu,548,NorthernEurope,924,239,152,95,100,107,113,115,138,80,48,47,54,57,58,101,72,47,53,53,56,57
3479,Micronesia,954,NorthernEurope,924,23,18,13,11,9,8,7,19,14,9,7,4,4,4,4,4,4,4,5,4,3
3480,Guam,316,NorthernEurope,924,0,0,0,0,0,0,0,0,0,0,0,0,0,0,0,0,0,0,0,0,0
3481,Kiribati,296,NorthernEurope,924,23,18,13,11,9,8,7,19,14,9,7,4,4,4,4,4,4,4,5,4,3
3482,MarshallIslands,584,NorthernEurope,924,0,0,0,0,0,0,0,0,0,0,0,0,0,0,0,0,0,0,0,0,0
3483,MicronesiaFedStatesof,583,NorthernEurope,924,0,0,0,0,0,0,0,0,0,0,0,0,0,0,0,0,0,0,0,0,0
3484,Nauru,520,NorthernEurope,924,0,0,0,0,0,0,0,0,0,0,0,0,0,0,0,0,0,0,0,0,0
3485,NorthernMarianaIslands,580,NorthernEurope,924,0,0,0,0,0,0,0,0,0,0,0,0,0,0,0,0,0,0,0,0,0
3486,Palau,585,NorthernEurope,924,0,0,0,0,0,0,0,0,0,0,0,0,0,0,0,0,0,0,0,0,0
3487,Polynesia,957,NorthernEurope,924,172,175,177,195,204,197,202,113,132,150,163,166,162,167,59,43,27,32,38,35,35
3488,AmericanSamoa,16,NorthernEurope,924,0,0,0,0,0,0,0,0,0,0,0,0,0,0,0,0,0,0,0,0,0
3489,CookIslands,184,NorthernEurope,924,49,51,53,70,86,90,98,39,40,42,52,61,64,70,10,11,11,18,25,26,28
3490,FrenchPolynesia,258,NorthernEurope,924,76,83,89,92,89,84,84,42,64,85,89,86,82,82,34,19,4,3,3,2,2
3491,Niue,570,NorthernEurope,924,0,0,0,0,0,0,0,0,0,0,0,0,0,0,0,0,0,0,0,0,0
3492,Samoa,882,NorthernEurope,924,47,41,35,33,29,23,20,32,28,23,22,19,16,15,15,13,12,11,10,7,5
3493,Tokelau,772,NorthernEurope,924,0,0,0,0,0,0,0,0,0,0,0,0,0,0,0,0,0,0,0,0,0
3494,Tonga,776,NorthernEurope,924,0,0,0,0,0,0,0,0,0,0,0,0,0,0,0,0,0,0,0,0,0
3495,Tuvalu,798,NorthernEurope,924,0,0,0,0,0,0,0,0,0,0,0,0,0,0,0,0,0,0,0,0,0
3496,WallisandFutunaIslands,876,NorthernEurope,924,0,0,0,0,0,0,0,0,0,0,0,0,0,0,0,0,0,0,0,0,0
3497,SubSaharanAfrica,947,SouthernAsia,5501,37926,44360,57476,75943,119750,142583,126502,21805,26558,34986,45131,71310,89026,83267,16121,17802,22490,30812,48440,53557,43235
3498,NorthernAfricaandWesternAsia,1833,SouthernAsia,5501,4546816,5117709,5855133,7618320,12527996,15910208,18993922,3238059,3681879,4241411,5687343,9667004,12185858,14508563,1308757,1435830,1613722,1930977,2860992,3724350,4485359
3499,CentralandSouthernAsia,921,SouthernAsia,5501,17817293,13725248,13360355,11821209,12201702,11575953,10962373,9383279,7140864,6951592,6021891,6210223,5851571,5573460,8434014,6584384,6408763,5799318,5991479,5724382,5388913
3500,EasternandSouthEasternAsia,1832,SouthernAsia,5501,231412,354131,526336,895856,1363054,1835313,1991854,135927,207117,305847,509291,776439,1047950,1148358,95485,147014,220489,386565,586615,787363,843496
3501,LatinAmericaandtheCaribbean,1830,SouthernAsia,5501,7816,8905,10306,12100,16038,19704,30096,4589,5267,6165,7501,10259,13044,22038,3227,3638,4141,4599,5779,6660,8058
3502,OceaniaexcludingAustraliaandNewZealand,1835,SouthernAsia,5501,5227,5431,5546,5496,5645,5849,6020,2827,3084,3300,3344,3343,3490,3613,2400,2347,2246,2152,2302,2359,2407
3503,AustraliaandNewZealand,927,SouthernAsia,5501,158181,192330,236252,359203,657680,933403,1235711,82966,100944,124074,193056,369386,507737,674601,75215,91386,112178,166147,288294,425666,561110
3504,EuropeandNorthernAmerica,1829,SouthernAsia,5501,2579457,3462010,4383945,5640664,6958228,8630085,10047567,1427473,1898081,2389681,3055556,3778136,4631983,5390298,1151984,1563929,1994264,2585108,3180092,3998102,4657269
3505,Developedregions,901,SouthernAsia,5501,2747367,3681341,4656760,6053543,7672817,9630786,11382542,1515395,2011985,2530647,3273062,4173118,5169741,6109184,1231972,1669356,2126113,2780481,3499699,4461045,5273358
3506,Lessdevelopedregions,902,SouthernAsia,5501,22636761,19228783,19778589,20375248,26177276,29422312,32011503,12781530,11051809,11526409,12250051,16712982,19160918,21295014,9855231,8176974,8252180,8125197,9464294,10261394,10716489
3507,Leastdevelopedcountries,941,SouthernAsia,5501,508776,764939,814849,813185,756703,925169,742102,183691,272063,305194,322298,306113,395215,284275,325085,492876,509655,490887,450590,529954,457827
3508,LandlockedDevelopingCountriesLLDC,1636,SouthernAsia,5501,455476,712989,763783,742037,673890,836969,654621,150612,240078,274404,281253,258753,344699,251041,304864,472911,489379,460784,415137,492270,403580
3509,SmallislanddevelopingStatesSIDS,1637,SouthernAsia,5501,167463,239423,319165,540109,824094,917910,1067263,118808,165421,218000,361563,559880,633103,753253,48655,74002,101165,178546,264214,284807,314010
3510,Highincomecountries,1503,SouthernAsia,5501,7231399,8761448,10535270,13836388,20464906,25806333,30613445,4731181,5687968,6807600,9059008,13990208,17504570,20759963,2500218,3073480,3727670,4777380,6474698,8301763,9853482
3511,Middleincomecountries,1517,SouthernAsia,5501,18123683,14105455,13839846,12524668,13302815,12944420,12644159,9550727,7352718,7217015,6426919,6850333,6669834,6576109,8572956,6752737,6622831,6097749,6452482,6274586,6068050
3512,Uppermiddleincomecountries,1502,SouthernAsia,5501,4251104,3028265,2723440,3119356,3724894,4263463,4497009,2351435,1670482,1500587,1730764,2088051,2404890,2542996,1899669,1357783,1222853,1388592,1636843,1858573,1954013
3513,Lowermiddleincomecountries,1501,SouthernAsia,5501,13872579,11077190,11116406,9405312,9577921,8680957,8147150,7199292,5682236,5716428,4696155,4762282,4264944,4033113,6673287,5394954,5399978,4709157,4815639,4416013,4114037
3514,Lowincomecountries,1500,SouthernAsia,5501,28966,43114,60100,67572,82179,302161,136260,14978,23057,32379,37111,45471,156176,68049,13988,20057,27721,30461,36708,145985,68211
3515,EasternAfrica,910,SouthernAsia,5501,17476,21658,27246,37089,48641,52114,52982,10030,13045,16943,22225,28860,31504,32034,7446,8613,10303,14864,19781,20610,20948
3516,Burundi,108,SouthernAsia,5501,0,0,0,0,0,0,0,0,0,0,0,0,0,0,0,0,0,0,0,0,0
3517,Comoros,174,SouthernAsia,5501,0,0,0,0,0,0,0,0,0,0,0,0,0,0,0,0,0,0,0,0,0
3518,Djibouti,262,SouthernAsia,5501,0,0,0,0,0,0,0,0,0,0,0,0,0,0,0,0,0,0,0,0,0
3519,Eritrea,232,SouthernAsia,5501,39,54,70,83,99,119,103,22,23,24,31,38,46,41,17,31,46,52,61,73,62
3520,Ethiopia,231,SouthernAsia,5501,0,0,0,0,0,0,0,0,0,0,0,0,0,0,0,0,0,0,0,0,0
3521,Kenya,404,SouthernAsia,5501,0,0,0,0,0,0,0,0,0,0,0,0,0,0,0,0,0,0,0,0,0
3522,Madagascar,450,SouthernAsia,5501,1171,1037,1152,1282,1425,1581,1751,648,580,647,723,808,900,998,523,457,505,559,617,681,753
3523,Malawi,454,SouthernAsia,5501,1362,2683,2583,2462,2419,2083,1770,588,1455,1397,1328,1303,1112,954,774,1228,1186,1134,1116,971,816
3524,Mauritius,480,SouthernAsia,5501,596,1655,3640,9502,15894,18291,18517,276,1233,2799,5637,8975,10718,10837,320,422,841,3865,6919,7573,7680
3525,Mayotte,175,SouthernAsia,5501,0,0,0,0,0,0,0,0,0,0,0,0,0,0,0,0,0,0,0,0,0
3526,Mozambique,508,SouthernAsia,5501,1416,1949,2269,3119,3554,3683,3867,937,1292,1479,1934,2198,2280,2408,479,657,790,1185,1356,1403,1459
3527,Reunion,638,SouthernAsia,5501,0,0,0,0,0,0,0,0,0,0,0,0,0,0,0,0,0,0,0,0,0
3528,Rwanda,646,SouthernAsia,5501,0,0,0,0,0,0,0,0,0,0,0,0,0,0,0,0,0,0,0,0,0
3529,Seychelles,690,SouthernAsia,5501,1655,2107,2561,4645,6732,7537,7697,1217,1585,1953,3395,4836,5528,5639,438,522,608,1250,1896,2009,2058
3530,Somalia,706,SouthernAsia,5501,0,0,0,0,0,0,0,0,0,0,0,0,0,0,0,0,0,0,0,0,0
3531,SouthSudan,728,SouthernAsia,5501,0,0,0,0,1364,1414,1449,0,0,0,0,747,852,873,0,0,0,0,617,562,576
3532,Uganda,800,SouthernAsia,5501,1578,1494,4316,4174,4260,4650,4389,1119,1045,2776,2661,2694,2875,2693,459,449,1540,1513,1566,1775,1696
3533,UnitedRepublicofTanzania,834,SouthernAsia,5501,5375,6825,7187,7815,8264,8678,7730,3068,3893,4103,4476,4743,4982,4420,2307,2932,3084,3339,3521,3696,3310
3534,Zambia,894,SouthernAsia,5501,4284,3854,3468,4007,4630,4078,5709,2155,1939,1765,2040,2518,2211,3171,2129,1915,1703,1967,2112,1867,2538
3535,Zimbabwe,716,SouthernAsia,5501,0,0,0,0,0,0,0,0,0,0,0,0,0,0,0,0,0,0,0,0,0
3536,MiddleAfrica,911,SouthernAsia,5501,0,0,0,0,0,0,0,0,0,0,0,0,0,0,0,0,0,0,0,0,0
3537,Angola,24,SouthernAsia,5501,0,0,0,0,0,0,0,0,0,0,0,0,0,0,0,0,0,0,0,0,0
3538,Cameroon,120,SouthernAsia,5501,0,0,0,0,0,0,0,0,0,0,0,0,0,0,0,0,0,0,0,0,0
3539,CentralAfricanRepublic,140,SouthernAsia,5501,0,0,0,0,0,0,0,0,0,0,0,0,0,0,0,0,0,0,0,0,0
3540,Chad,148,SouthernAsia,5501,0,0,0,0,0,0,0,0,0,0,0,0,0,0,0,0,0,0,0,0,0
3541,Congo,178,SouthernAsia,5501,0,0,0,0,0,0,0,0,0,0,0,0,0,0,0,0,0,0,0,0,0
3542,DemocraticRepublicoftheCongo,180,SouthernAsia,5501,0,0,0,0,0,0,0,0,0,0,0,0,0,0,0,0,0,0,0,0,0
3543,EquatorialGuinea,226,SouthernAsia,5501,0,0,0,0,0,0,0,0,0,0,0,0,0,0,0,0,0,0,0,0,0
3544,Gabon,266,SouthernAsia,5501,0,0,0,0,0,0,0,0,0,0,0,0,0,0,0,0,0,0,0,0,0
3545,SaoTomeandPrincipe,678,SouthernAsia,5501,0,0,0,0,0,0,0,0,0,0,0,0,0,0,0,0,0,0,0,0,0
3546,NorthernAfrica,912,SouthernAsia,5501,9663,10428,11451,12603,12549,12652,14793,6057,6794,7742,8964,9156,9430,10850,3606,3634,3709,3639,3393,3222,3943
3547,Algeria,12,SouthernAsia,5501,0,0,0,0,0,0,0,0,0,0,0,0,0,0,0,0,0,0,0,0,0
3548,Egypt,818,SouthernAsia,5501,1924,1886,1998,2377,2561,1757,2733,1270,1240,1308,1605,1697,1246,1841,654,646,690,772,864,511,892
3549,Libya,434,SouthernAsia,5501,5480,6238,7102,7829,8592,9618,10296,3625,4366,5220,6125,6738,7524,8110,1855,1872,1882,1704,1854,2094,2186
3550,Morocco,504,SouthernAsia,5501,0,0,0,0,0,0,0,0,0,0,0,0,0,0,0,0,0,0,0,0,0
3551,Sudan,729,SouthernAsia,5501,2259,2304,2351,2397,1396,1277,1764,1162,1188,1214,1234,721,660,899,1097,1116,1137,1163,675,617,865
3552,Tunisia,788,SouthernAsia,5501,0,0,0,0,0,0,0,0,0,0,0,0,0,0,0,0,0,0,0,0,0
3553,WesternSahara,732,SouthernAsia,5501,0,0,0,0,0,0,0,0,0,0,0,0,0,0,0,0,0,0,0,0,0
3554,SouthernAfrica,913,SouthernAsia,5501,18755,21037,28528,37036,68586,87170,70109,10747,12492,17033,21594,40577,55215,48996,8008,8545,11495,15442,28009,31955,21113
3555,Botswana,72,SouthernAsia,5501,2510,3030,3868,5338,6118,6644,7102,1374,1649,2096,2978,3489,3788,4057,1136,1381,1772,2360,2629,2856,3045
3556,Eswatini,748,SouthernAsia,5501,0,0,0,0,0,0,0,0,0,0,0,0,0,0,0,0,0,0,0,0,0
3557,Lesotho,426,SouthernAsia,5501,616,532,430,438,446,636,838,344,296,240,244,248,360,468,272,236,190,194,198,276,370
3558,Namibia,516,SouthernAsia,5501,1400,1337,1248,984,945,923,983,951,912,849,669,645,633,678,449,425,399,315,300,290,305
3559,SouthAfrica,710,SouthernAsia,5501,14229,16138,22982,30276,61077,78967,61186,8078,9635,13848,17703,36195,50434,43793,6151,6503,9134,12573,24882,28533,17393
3560,WesternAfrica,914,SouthernAsia,5501,1695,1665,1702,1818,2523,3299,3411,1028,1021,1010,1312,1873,2307,2237,667,644,692,506,650,992,1174
3561,Benin,204,SouthernAsia,5501,0,0,0,0,0,0,0,0,0,0,0,0,0,0,0,0,0,0,0,0,0
3562,BurkinaFaso,854,SouthernAsia,5501,0,0,0,0,0,0,0,0,0,0,0,0,0,0,0,0,0,0,0,0,0
3563,CaboVerde,132,SouthernAsia,5501,0,0,0,0,0,0,0,0,0,0,0,0,0,0,0,0,0,0,0,0,0
3564,CotedIvoire,384,SouthernAsia,5501,0,0,0,0,0,0,0,0,0,0,0,0,0,0,0,0,0,0,0,0,0
3565,Gambia,270,SouthernAsia,5501,0,0,0,0,0,0,0,0,0,0,0,0,0,0,0,0,0,0,0,0,0
3566,Ghana,288,SouthernAsia,5501,516,514,575,809,780,958,1096,291,311,327,480,471,579,666,225,203,248,329,309,379,430
3567,Guinea,324,SouthernAsia,5501,0,0,0,0,0,102,86,0,0,0,0,0,88,79,0,0,0,0,0,14,7
3568,GuineaBissau,624,SouthernAsia,5501,0,0,0,0,0,0,0,0,0,0,0,0,0,0,0,0,0,0,0,0,0
3569,Liberia,430,SouthernAsia,5501,774,756,742,546,712,817,631,493,476,459,443,603,691,537,281,280,283,103,109,126,94
3570,Mali,466,SouthernAsia,5501,0,0,0,0,385,473,553,0,0,0,0,299,368,432,0,0,0,0,86,105,121
3571,Mauritania,478,SouthernAsia,5501,0,0,0,0,0,0,0,0,0,0,0,0,0,0,0,0,0,0,0,0,0
3572,Niger,562,SouthernAsia,5501,0,0,0,0,0,0,0,0,0,0,0,0,0,0,0,0,0,0,0,0,0
3573,Nigeria,566,SouthernAsia,5501,0,0,0,0,0,0,0,0,0,0,0,0,0,0,0,0,0,0,0,0,0
3574,SaintHelena,654,SouthernAsia,5501,0,0,0,0,0,0,0,0,0,0,0,0,0,0,0,0,0,0,0,0,0
3575,Senegal,686,SouthernAsia,5501,0,0,0,0,0,0,0,0,0,0,0,0,0,0,0,0,0,0,0,0,0
3576,SierraLeone,694,SouthernAsia,5501,405,395,385,463,646,949,1045,244,234,224,389,500,581,523,161,161,161,74,146,368,522
3577,Togo,768,SouthernAsia,5501,0,0,0,0,0,0,0,0,0,0,0,0,0,0,0,0,0,0,0,0,0
3578,CentralAsia,5500,SouthernAsia,5501,14431,20039,22734,17174,16622,16447,16439,6409,9292,10619,8011,7776,7666,7676,8022,10747,12115,9163,8846,8781,8763
3579,Kazakhstan,398,SouthernAsia,5501,0,0,0,0,0,0,0,0,0,0,0,0,0,0,0,0,0,0,0,0,0
3580,Kyrgyzstan,417,SouthernAsia,5501,0,0,0,0,0,0,0,0,0,0,0,0,0,0,0,0,0,0,0,0,0
3581,Tajikistan,762,SouthernAsia,5501,11411,14625,19164,14595,14559,14312,14354,5012,6789,8970,6780,6797,6620,6641,6399,7836,10194,7815,7762,7692,7713
3582,Turkmenistan,795,SouthernAsia,5501,3020,5414,3570,2579,2063,2135,2085,1397,2503,1649,1231,979,1046,1035,1623,2911,1921,1348,1084,1089,1050
3583,Uzbekistan,860,SouthernAsia,5501,0,0,0,0,0,0,0,0,0,0,0,0,0,0,0,0,0,0,0,0,0
3584,EasternAsia,906,SouthernAsia,5501,38375,68373,93572,124518,151919,186270,258218,20649,38227,54451,71862,92353,106551,142781,17726,30146,39121,52656,59566,79719,115437
3585,China,156,SouthernAsia,5501,2832,4982,7227,10444,13194,16273,17696,1296,2350,3491,5604,7673,9776,10634,1536,2632,3736,4840,5521,6497,7062
3586,DemPeoplesRepublicofKorea,408,SouthernAsia,5501,444,500,553,659,761,838,849,177,206,234,292,347,385,394,267,294,319,367,414,453,455
3587,Japan,392,SouthernAsia,5501,9729,27001,36563,53676,56909,67298,99264,4956,12960,16892,24450,25596,30021,44285,4773,14041,19671,29226,31313,37277,54979
3588,Mongolia,496,SouthernAsia,5501,36,39,44,71,107,132,138,28,31,35,53,79,88,93,8,8,9,18,28,44,45
3589,RepublicofKorea,410,SouthernAsia,5501,1133,8840,19366,27113,45576,65582,102583,1077,8125,17804,24757,41199,49006,70030,56,715,1562,2356,4377,16576,32553
3590,SouthEasternAsia,920,SouthernAsia,5501,193037,285758,432764,771338,1211135,1649043,1733636,115278,168890,251396,437429,684086,941399,1005577,77759,116868,181368,333909,527049,707644,728059
3591,BruneiDarussalam,96,SouthernAsia,5501,7973,9477,10979,11224,11469,11714,12758,6086,7191,8296,8497,8698,8899,9696,1887,2286,2683,2727,2771,2815,3062
3592,Cambodia,116,SouthernAsia,5501,106,279,450,351,252,228,237,69,180,291,229,167,154,164,37,99,159,122,85,74,73
3593,Indonesia,360,SouthernAsia,5501,13304,8801,4300,10922,18246,20199,21235,7154,4839,2524,6239,9847,11103,11655,6150,3962,1776,4683,8399,9096,9580
3594,LaoPeoplesDemocraticRepublic,418,SouthernAsia,5501,0,0,0,0,0,0,0,0,0,0,0,0,0,0,0,0,0,0,0,0,0
3595,Malaysia,458,SouthernAsia,5501,64103,112761,198542,454186,785356,1172931,1244861,38371,64099,110412,257645,451755,681785,739136,25732,48662,88130,196541,333601,491146,505725
3596,Myanmar,104,SouthernAsia,5501,47634,44211,40377,34205,31483,30204,31492,27238,24947,22038,18804,17555,16958,17684,20396,19264,18339,15401,13928,13246,13808
3597,Philippines,608,SouthernAsia,5501,3297,4433,9141,7397,13138,13342,14192,2108,2804,4943,4056,7320,7442,7937,1189,1629,4198,3341,5818,5900,6255
3598,Singapore,702,SouthernAsia,5501,41060,79425,125480,212272,310893,356656,362442,26008,51318,81095,121034,167593,192114,195024,15052,28107,44385,91238,143300,164542,167418
3599,Thailand,764,SouthernAsia,5501,14744,24696,39752,33275,29231,30576,32539,7732,12552,19667,16551,14988,15621,16572,7012,12144,20085,16724,14243,14955,15967
3600,TimorLeste,626,SouthernAsia,5501,293,319,348,370,378,375,368,163,173,184,206,218,252,250,130,146,164,164,160,123,118
3601,VietNam,704,SouthernAsia,5501,523,1356,3395,7136,10689,12818,13512,349,787,1946,4168,5945,7071,7459,174,569,1449,2968,4744,5747,6053
3602,SouthernAsia,5501,SouthernAsia,5501,17802862,13705209,13337621,11804035,12185080,11559506,10945934,9376870,7131572,6940973,6013880,6202447,5843905,5565784,8425992,6573637,6396648,5790155,5982633,5715601,5380150
3603,Afghanistan,4,SouthernAsia,5501,8107,17225,26343,37163,47984,268369,102500,4576,9722,14868,20975,27082,137935,49988,3531,7503,11475,16188,20902,130434,52512
3604,Bangladesh,50,SouthernAsia,5501,23009,29436,35862,52682,65609,73490,72063,12426,15896,19366,28449,35430,39685,22259,10583,13540,16496,24233,30179,33805,49804
3605,Bhutan,64,SouthernAsia,5501,21224,24935,28647,35905,43162,45556,47832,17571,20642,23714,29643,35571,39010,40932,3653,4293,4933,6262,7591,6546,6900
3606,India,356,SouthernAsia,5501,7126473,6624497,6109636,5422791,4897854,4563872,4268889,3732105,3446998,3155105,2665007,2391018,2183960,2005080,3394368,3177499,2954531,2757784,2506836,2379912,2263809
3607,IranIslamicRepublicof,364,SouthernAsia,5501,3990232,2668815,2247534,2394581,2591765,2637268,2723176,2214351,1475975,1241110,1315634,1422712,1438892,1478781,1775881,1192840,1006424,1078947,1169053,1198376,1244395
3608,Maldives,462,SouthernAsia,5501,6942,16296,24533,40969,49219,57473,62698,3817,8140,13507,24628,38537,52449,57191,3125,8156,11026,16341,10682,5024,5507
3609,Nepal,524,SouthernAsia,5501,389124,626651,657869,625723,538225,476400,455919,110868,188082,210405,208489,172664,143211,134498,278256,438569,447464,417234,365561,333189,321421
3610,Pakistan,586,SouthernAsia,5501,6198218,3661224,4174525,3167789,3936994,3422474,3198044,3258905,1946790,2245904,1706625,2071850,1801169,1769294,2939313,1714434,1928621,1461164,1865144,1621305,1428750
3611,SriLanka,144,SouthernAsia,5501,39533,36130,32672,26432,14268,14604,14813,22251,19327,16994,14430,7583,7594,7761,17282,16803,15678,12002,6685,7010,7052
3612,WesternAsia,922,SouthernAsia,5501,4537153,5107281,5843682,7605717,12515447,15897556,18979129,3232002,3675085,4233669,5678379,9657848,12176428,14497713,1305151,1432196,1610013,1927338,2857599,3721128,4481416
3613,Armenia,51,SouthernAsia,5501,9654,10242,11205,7413,6172,8135,8097,4003,4478,5047,3472,3001,3956,3974,5651,5764,6158,3941,3171,4179,4123
3614,Azerbaijan,31,SouthernAsia,5501,2342,2055,2070,1965,1799,1716,1636,1438,1310,1308,1220,1142,1102,1053,904,745,762,745,657,614,583
3615,Bahrain,48,SouthernAsia,5501,108202,130114,152399,261408,428097,464119,601336,82543,97550,112419,199890,331644,363563,475290,25659,32564,39980,61518,96453,100556,126046
3616,Cyprus,196,SouthernAsia,5501,3747,5299,6850,12783,15802,14506,16707,1454,1925,2397,5784,5537,5191,7093,2293,3374,4453,6999,10265,9315,9614
3617,Georgia,268,SouthernAsia,5501,0,0,298,280,281,292,293,0,0,205,194,195,204,208,0,0,93,86,86,88,85
3618,Iraq,368,SouthernAsia,5501,15921,46067,43658,18880,19285,15631,15776,10476,26249,20259,8905,9667,9094,8686,5445,19818,23399,9975,9618,6537,7090
3619,Israel,376,SouthernAsia,5501,67436,72281,73078,71894,71583,73826,71687,33108,34997,35326,34801,34623,35521,34495,34328,37284,37752,37093,36960,38305,37192
3620,Jordan,400,SouthernAsia,5501,18251,25218,32182,28336,63201,26086,33806,4204,8931,13734,17675,38226,12990,16788,14047,16287,18448,10661,24975,13096,17018
3621,Kuwait,414,SouthernAsia,5501,671008,581431,717687,846443,1188078,1786324,1938424,461058,409984,520103,631927,905352,1295818,1405970,209950,171447,197584,214516,282726,490506,532454
3622,Lebanon,422,SouthernAsia,5501,8246,11335,14423,12156,10014,8463,7385,1877,3590,5304,5192,5107,4053,3608,6369,7745,9119,6964,4907,4410,3777
3623,Oman,512,SouthernAsia,5501,252266,439670,503498,546840,678438,1542882,1972289,215867,365625,420681,464088,586140,1364574,1744403,36399,74045,82817,82752,92298,178308,227886
3624,Qatar,634,SouthernAsia,5501,41403,48485,48341,357364,956258,1146588,1608807,36534,41894,41040,293634,818793,984483,1366367,4869,6591,7301,63730,137465,162105,242440
3625,SaudiArabia,682,SouthernAsia,5501,2487058,2549593,2643366,3272541,4244943,5425896,6777653,1732867,1777911,1848832,2337471,3096207,3904273,4837752,754191,771682,794534,935070,1148736,1521623,1939901
3626,StateofPalestine,275,SouthernAsia,5501,0,0,0,0,0,0,0,0,0,0,0,0,0,0,0,0,0,0,0,0,0
3627,SyrianArabRepublic,760,SouthernAsia,5501,0,92,172,629,2605,1487,1143,0,47,87,321,1328,779,585,0,45,85,308,1277,708,558
3628,Turkey,792,SouthernAsia,5501,31966,24004,24335,25765,27915,135471,204697,18113,14127,14675,15332,16426,76547,106926,13853,9877,9660,10433,11489,58924,97771
3629,UnitedArabEmirates,784,SouthernAsia,5501,819653,1161395,1570120,2141020,4800966,5246127,5719387,628460,886467,1192252,1658473,3804454,4114276,4484511,191193,274928,377868,482547,996512,1131851,1234876
3630,Yemen,887,SouthernAsia,5501,0,0,0,0,10,7,6,0,0,0,0,6,4,4,0,0,0,0,4,3,2
3631,EasternEurope,923,SouthernAsia,5501,52692,46512,39234,41166,37937,54676,54996,30070,31021,31250,31553,28146,40251,40245,22622,15491,7984,9613,9791,14425,14751
3632,Belarus,112,SouthernAsia,5501,213,328,442,425,408,426,415,173,251,330,317,304,317,313,40,77,112,108,104,109,102
3633,Bulgaria,100,SouthernAsia,5501,533,688,840,3151,3478,4649,2342,409,491,572,2290,2575,3295,1504,124,197,268,861,903,1354,838
3634,Czechia,203,SouthernAsia,5501,201,301,399,1393,2248,3664,8578,146,221,294,1030,1680,2648,6397,55,80,105,363,568,1016,2181
3635,Hungary,348,SouthernAsia,5501,3364,3161,2954,5361,5374,16376,10656,2106,1979,1851,3365,3410,11366,6862,1258,1182,1103,1996,1964,5010,3794
3636,Poland,616,SouthernAsia,5501,1045,890,763,1232,1746,1656,2201,808,688,586,909,1258,1207,1661,237,202,177,323,488,449,540
3637,RepublicofMoldova,498,SouthernAsia,5501,0,0,0,0,0,0,0,0,0,0,0,0,0,0,0,0,0,0,0,0,0
3638,Romania,642,SouthernAsia,5501,858,881,908,946,1175,1753,4335,721,742,765,797,984,1457,3282,137,139,143,149,191,296,1053
3639,RussianFederation,643,SouthernAsia,5501,36691,30447,23107,19012,14536,14815,14793,18004,18847,19013,15043,10768,10956,10950,18687,11600,4094,3969,3768,3859,3843
3640,Slovakia,703,SouthernAsia,5501,46,393,598,1220,434,573,736,40,332,470,1066,351,457,583,6,61,128,154,83,116,153
3641,Ukraine,804,SouthernAsia,5501,9741,9423,9223,8426,8538,10764,10940,7663,7470,7369,6736,6816,8548,8693,2078,1953,1854,1690,1722,2216,2247
3642,NorthernEurope,924,SouthernAsia,5501,917139,1056004,1207861,1526795,1858184,2208733,2355410,472463,541244,615462,792002,986020,1178696,1242622,444676,514760,592399,734793,872164,1030037,1112788
3643,ChannelIslands,830,SouthernAsia,5501,0,0,0,0,0,0,0,0,0,0,0,0,0,0,0,0,0,0,0,0,0
3644,Denmark,208,SouthernAsia,5501,23228,30316,37396,45161,50664,62416,74905,13827,16984,20139,24294,27251,33765,40185,9401,13332,17257,20867,23413,28651,34720
3645,Estonia,233,SouthernAsia,5501,25,39,53,82,225,588,1727,16,25,35,61,184,480,1303,9,14,18,21,41,108,424
3646,FaroeIslands,234,SouthernAsia,5501,14,24,38,56,58,63,72,6,9,15,20,20,24,32,8,15,23,36,38,39,40
3647,Finland,246,SouthernAsia,5501,1541,2822,4100,10048,13819,22596,32446,1036,1806,2578,6291,8568,13668,19761,505,1016,1522,3757,5251,8928,12685
3648,Iceland,352,SouthernAsia,5501,176,237,296,454,595,685,1088,75,103,132,212,283,337,579,101,134,164,242,312,348,509
3649,Ireland,372,SouthernAsia,5501,1388,5328,12193,24346,32493,33191,38046,717,2634,6210,13933,18047,18252,21036,671,2694,5983,10413,14446,14939,17010
3650,IsleofMan,833,SouthernAsia,5501,0,0,0,0,0,0,0,0,0,0,0,0,0,0,0,0,0,0,0,0,0
3651,Latvia,428,SouthernAsia,5501,121,149,181,221,262,266,1843,75,111,148,185,221,218,1558,46,38,33,36,41,48,285
3652,Lithuania,440,SouthernAsia,5501,99,112,87,136,169,263,796,73,84,67,117,150,217,557,26,28,20,19,19,46,239
3653,Norway,578,SouthernAsia,5501,25665,30287,35867,46494,57531,72408,84959,15899,17442,19391,24831,31019,39188,46213,9766,12845,16476,21663,26512,33220,38746
3654,Sweden,752,SouthernAsia,5501,61726,73250,78560,90550,110565,165199,204289,32212,37961,40463,47141,59708,90885,115588,29514,35289,38097,43409,50857,74314,88701
3655,UnitedKingdom,826,SouthernAsia,5501,803156,913440,1039090,1309247,1591803,1851058,1915239,408527,464085,526284,674917,840569,981662,995810,394629,449355,512806,634330,751234,869396,919429
3656,SouthernEurope,925,SouthernAsia,5501,89719,139436,195490,397573,588549,631713,798042,57416,88170,123016,272583,410722,424565,513090,32303,51266,72474,124990,177827,207148,284952
3657,Albania,8,SouthernAsia,5501,0,0,0,0,0,0,0,0,0,0,0,0,0,0,0,0,0,0,0,0,0
3658,Andorra,20,SouthernAsia,5501,0,0,0,0,0,0,0,0,0,0,0,0,0,0,0,0,0,0,0,0,0
3659,BosniaandHerzegovina,70,SouthernAsia,5501,0,0,0,0,0,0,0,0,0,0,0,0,0,0,0,0,0,0,0,0,0
3660,Croatia,191,SouthernAsia,5501,0,0,0,58,115,115,105,0,0,0,34,68,68,62,0,0,0,24,47,47,43
3661,Gibraltar,292,SouthernAsia,5501,0,0,0,0,0,0,0,0,0,0,0,0,0,0,0,0,0,0,0,0,0
3662,Greece,300,SouthernAsia,5501,23616,24059,24899,43335,64002,59799,72974,15919,19226,22763,39165,57561,51811,39884,7697,4833,2136,4170,6441,7988,33090
3663,HolySee,336,SouthernAsia,5501,0,0,0,0,0,0,0,0,0,0,0,0,0,0,0,0,0,0,0,0,0
3664,Italy,380,SouthernAsia,5501,55007,98788,142565,284334,401787,449516,563071,34752,58724,82695,179772,259612,292735,370980,20255,40064,59870,104562,142175,156781,192091
3665,Malta,470,SouthernAsia,5501,208,246,310,372,415,692,1498,126,149,193,229,242,422,963,82,97,117,143,173,270,535
3666,Montenegro,499,SouthernAsia,5501,0,0,0,0,0,0,0,0,0,0,0,0,0,0,0,0,0,0,0,0,0
3667,NorthMacedonia,807,SouthernAsia,5501,0,0,0,0,0,0,0,0,0,0,0,0,0,0,0,0,0,0,0,0,0
3668,Portugal,620,SouthernAsia,5501,2329,5029,7936,10085,10565,11973,20321,1375,2965,4680,6119,6552,7192,12785,954,2064,3256,3966,4013,4781,7536
3669,SanMarino,674,SouthernAsia,5501,0,0,0,0,0,0,0,0,0,0,0,0,0,0,0,0,0,0,0,0,0
3670,Serbia,688,SouthernAsia,5501,43,279,380,376,369,360,364,24,146,195,191,187,183,187,19,133,185,185,182,177,177
3671,Slovenia,705,SouthernAsia,5501,23,46,77,111,185,318,542,13,29,44,75,126,231,391,10,17,33,36,59,87,151
3672,Spain,724,SouthernAsia,5501,8493,10989,19323,58902,111111,108940,139167,5207,6931,12446,46998,86374,71923,87838,3286,4058,6877,11904,24737,37017,51329
3673,WesternEurope,926,SouthernAsia,5501,446038,511552,578548,653041,723635,840172,1301495,286266,310008,334584,373528,407283,473116,758045,159772,201544,243964,279513,316352,367056,543450
3674,Austria,40,SouthernAsia,5501,25802,29111,32417,35940,42626,79010,97918,15643,17835,20027,21871,25772,50156,62010,10159,11276,12390,14069,16854,28854,35908
3675,Belgium,56,SouthernAsia,5501,13371,14320,14846,27362,42028,63603,84968,8585,8790,8753,16520,23727,37608,50612,4786,5530,6093,10842,18301,25995,34356
3676,France,250,SouthernAsia,5501,104291,107664,111033,120096,144296,164066,212915,57247,58280,59312,64085,75046,82155,106441,47044,49384,51721,56011,69250,81911,106474
3677,Germany,276,SouthernAsia,5501,231751,266156,300559,319807,333314,342091,662175,163242,170304,177367,187706,194586,198870,404680,68509,95852,123192,132101,138728,143221,257495
3678,Liechtenstein,438,SouthernAsia,5501,0,0,0,11,51,65,69,0,0,0,7,32,40,43,0,0,0,4,19,25,26
3679,Luxembourg,442,SouthernAsia,5501,470,444,427,369,319,484,5167,243,229,219,202,188,289,2894,227,215,208,167,131,195,2273
3680,Monaco,492,SouthernAsia,5501,0,0,0,0,0,0,0,0,0,0,0,0,0,0,0,0,0,0,0,0,0
3681,Netherlands,528,SouthernAsia,5501,34624,51975,71068,90689,97391,111101,142361,20177,29875,40507,50216,53363,59943,77353,14447,22100,30561,40473,44028,51158,65008
3682,Switzerland,756,SouthernAsia,5501,35729,41882,48198,58767,63610,79752,95922,21129,24695,28399,32921,34569,44055,54012,14600,17187,19799,25846,29041,35697,41910
3683,Caribbean,915,SouthernAsia,5501,3072,3582,4132,4801,6272,6499,6914,1720,2059,2450,3033,4107,4253,4611,1352,1523,1682,1768,2165,2246,2303
3684,Anguilla,660,SouthernAsia,5501,0,0,0,0,0,0,0,0,0,0,0,0,0,0,0,0,0,0,0,0,0
3685,AntiguaandBarbuda,28,SouthernAsia,5501,39,53,65,70,74,79,81,18,26,32,34,36,39,41,21,27,33,36,38,40,40
3686,Aruba,533,SouthernAsia,5501,39,98,157,238,315,330,368,25,64,103,157,208,217,240,14,34,54,81,107,113,128
3687,Bahamas,44,SouthernAsia,5501,199,223,249,420,588,637,680,111,125,142,238,332,358,383,88,98,107,182,256,279,297
3688,Barbados,52,SouthernAsia,5501,441,481,522,480,441,463,467,222,246,271,242,215,226,229,219,235,251,238,226,237,238
3689,BritishVirginIslands,92,SouthernAsia,5501,20,24,27,31,35,40,45,11,13,14,16,18,21,24,9,11,13,15,17,19,21
3690,CaymanIslands,136,SouthernAsia,5501,80,156,269,437,647,701,779,48,93,157,306,483,526,587,32,63,112,131,164,175,192
3691,Cuba,192,SouthernAsia,5501,0,0,0,0,0,0,0,0,0,0,0,0,0,0,0,0,0,0,0,0,0
3692,CuraÃao,531,SouthernAsia,5501,0,0,0,0,588,637,742,0,0,0,0,362,393,465,0,0,0,0,226,244,277
3693,Dominica,212,SouthernAsia,5501,10,13,15,19,24,28,27,6,8,9,12,14,16,16,4,5,6,7,10,12,11
3694,DominicanRepublic,214,SouthernAsia,5501,532,592,650,427,206,211,217,374,411,448,302,155,161,166,158,181,202,125,51,50,51
3695,Grenada,308,SouthernAsia,5501,0,0,0,0,0,0,0,0,0,0,0,0,0,0,0,0,0,0,0,0,0
3696,Guadeloupe,312,SouthernAsia,5501,80,107,133,163,193,184,181,39,51,62,75,88,79,77,41,56,71,88,105,105,104
3697,Haiti,332,SouthernAsia,5501,0,0,0,0,0,0,0,0,0,0,0,0,0,0,0,0,0,0,0,0,0
3698,Jamaica,388,SouthernAsia,5501,711,962,1213,1183,1152,1127,1148,398,576,754,738,722,706,720,313,386,459,445,430,421,428
3699,Martinique,474,SouthernAsia,5501,0,0,0,0,0,0,0,0,0,0,0,0,0,0,0,0,0,0,0,0,0
3700,Montserrat,500,SouthernAsia,5501,0,0,0,0,0,0,0,0,0,0,0,0,0,0,0,0,0,0,0,0,0
3701,PuertoRico,630,SouthernAsia,5501,96,101,108,84,51,49,21,45,48,51,40,24,23,10,51,53,57,44,27,26,11
3702,SaintBarthelemy,652,SouthernAsia,5501,0,0,0,0,0,0,0,0,0,0,0,0,0,0,0,0,0,0,0,0,0
3703,SaintKittsandNevis,659,SouthernAsia,5501,0,0,0,0,0,0,0,0,0,0,0,0,0,0,0,0,0,0,0,0,0
3704,SaintLucia,662,SouthernAsia,5501,57,75,104,173,231,220,214,34,45,62,103,138,132,125,23,30,42,70,93,88,89
3705,SaintMartinFrenchpart,663,SouthernAsia,5501,0,0,0,0,0,0,0,0,0,0,0,0,0,0,0,0,0,0,0,0,0
3706,SaintVincentandtheGrenadines,670,SouthernAsia,5501,0,0,0,0,0,0,0,0,0,0,0,0,0,0,0,0,0,0,0,0,0
3707,SintMaartenDutchpart,534,SouthernAsia,5501,0,0,0,411,801,834,880,0,0,0,400,776,794,839,0,0,0,11,25,40,41
3708,TrinidadandTobago,780,SouthernAsia,5501,768,697,620,665,926,959,1064,389,353,345,370,536,562,689,379,344,275,295,390,397,375
3709,TurksandCaicosIslands,796,SouthernAsia,5501,0,0,0,0,0,0,0,0,0,0,0,0,0,0,0,0,0,0,0,0,0
3710,UnitedStatesVirginIslands,850,SouthernAsia,5501,0,0,0,0,0,0,0,0,0,0,0,0,0,0,0,0,0,0,0,0,0
3711,CentralAmerica,916,SouthernAsia,5501,2335,2893,3689,4443,6190,8083,9366,1434,1768,2247,2738,3882,5281,6205,901,1125,1442,1705,2308,2802,3161
3712,Belize,84,SouthernAsia,5501,247,256,265,292,502,592,670,138,142,147,161,277,326,370,109,114,118,131,225,266,300
3713,CostaRica,188,SouthernAsia,5501,172,125,142,102,192,184,216,110,86,107,71,140,138,166,62,39,35,31,52,46,50
3714,ElSalvador,222,SouthernAsia,5501,49,40,30,33,34,35,35,35,28,21,23,24,25,25,14,12,9,10,10,10,10
3715,Guatemala,320,SouthernAsia,5501,29,29,28,34,39,43,44,10,12,14,18,22,23,26,19,17,14,16,17,20,18
3716,Honduras,340,SouthernAsia,5501,0,0,0,0,0,0,0,0,0,0,0,0,0,0,0,0,0,0,0,0,0
3717,Mexico,484,SouthernAsia,5501,244,574,934,1072,1333,2451,2683,173,372,589,684,857,1778,1957,71,202,345,388,476,673,726
3718,Nicaragua,558,SouthernAsia,5501,39,32,52,76,80,85,86,25,20,30,40,43,47,49,14,12,22,36,37,38,37
3719,Panama,591,SouthernAsia,5501,1555,1837,2238,2834,4010,4693,5632,943,1108,1339,1741,2519,2944,3612,612,729,899,1093,1491,1749,2020
3720,SouthAmerica,931,SouthernAsia,5501,2409,2430,2485,2856,3576,5122,13816,1435,1440,1468,1730,2270,3510,11222,974,990,1017,1126,1306,1612,2594
3721,Argentina,32,SouthernAsia,5501,553,541,529,396,250,250,250,262,260,258,196,128,128,130,291,281,271,200,122,122,120
3722,BoliviaPlurinationalStateof,68,SouthernAsia,5501,208,210,206,204,197,236,250,139,137,134,139,140,165,179,69,73,72,65,57,71,71
3723,Brazil,76,SouthernAsia,5501,824,880,934,1354,1827,2147,9421,518,536,552,818,1129,1322,7814,306,344,382,536,698,825,1607
3724,Chile,152,SouthernAsia,5501,0,0,0,0,0,0,0,0,0,0,0,0,0,0,0,0,0,0,0,0,0
3725,Colombia,170,SouthernAsia,5501,0,0,0,0,0,0,0,0,0,0,0,0,0,0,0,0,0,0,0,0,0
3726,Ecuador,218,SouthernAsia,5501,176,199,220,265,419,561,643,123,140,155,187,295,366,437,53,59,65,78,124,195,206
3727,FalklandIslandsMalvinas,238,SouthernAsia,5501,0,0,0,0,0,0,0,0,0,0,0,0,0,0,0,0,0,0,0,0,0
3728,FrenchGuiana,254,SouthernAsia,5501,0,0,0,0,0,0,0,0,0,0,0,0,0,0,0,0,0,0,0,0,0
3729,Guyana,328,SouthernAsia,5501,0,0,0,0,0,0,0,0,0,0,0,0,0,0,0,0,0,0,0,0,0
3730,Paraguay,600,SouthernAsia,5501,0,0,0,0,0,0,0,0,0,0,0,0,0,0,0,0,0,0,0,0,0
3731,Peru,604,SouthernAsia,5501,206,209,246,289,526,1566,2914,139,138,162,189,375,1325,2471,67,71,84,100,151,241,443
3732,Suriname,740,SouthernAsia,5501,0,0,0,0,0,0,0,0,0,0,0,0,0,0,0,0,0,0,0,0,0
3733,Uruguay,858,SouthernAsia,5501,0,0,0,0,0,0,0,0,0,0,0,0,0,0,0,0,0,0,0,0,0
3734,VenezuelaBolivarianRepublicof,862,SouthernAsia,5501,442,391,350,348,357,362,338,254,229,207,201,203,204,191,188,162,143,147,154,158,147
3735,Bermuda,60,SouthernAsia,5501,169,238,261,354,462,519,601,99,137,146,235,350,410,428,70,101,115,119,112,109,173
3736,Canada,124,SouthernAsia,5501,254322,428316,612495,814021,1004395,1278671,1385596,123812,207155,295472,404252,513345,641138,694809,130510,221161,317023,409769,491050,637533,690787
3737,Greenland,304,SouthernAsia,5501,0,0,0,0,0,0,0,0,0,0,0,0,0,0,0,0,0,0,0,0,0
3738,SaintPierreandMiquelon,666,SouthernAsia,5501,0,0,0,0,0,0,0,0,0,0,0,0,0,0,0,0,0,0,0,0,0
3739,UnitedStatesofAmerica,840,SouthernAsia,5501,819378,1279952,1750056,2207714,2745066,3615601,4151427,457347,720346,989751,1181403,1432270,1873807,2141059,362031,559606,760305,1026311,1312796,1741794,2010368
3740,Australia,36,SouthernAsia,5501,145689,173627,204510,302052,582780,841950,1077345,75983,91003,108642,165313,333101,463510,598012,69706,82624,95868,136739,249679,378440,479333
3741,NewZealand,554,SouthernAsia,5501,12492,18703,31742,57151,74900,91453,158366,6983,9941,15432,27743,36285,44227,76589,5509,8762,16310,29408,38615,47226,81777
3742,Melanesia,928,SouthernAsia,5501,4462,4454,4306,4329,4584,4717,4820,2183,2254,2224,2353,2508,2606,2665,2279,2200,2082,1976,2076,2111,2155
3743,Fiji,242,SouthernAsia,5501,4105,4090,4035,4054,4352,4482,4586,1962,2009,2018,2140,2326,2419,2475,2143,2081,2017,1914,2026,2063,2111
3744,NewCaledonia,540,SouthernAsia,5501,0,0,0,0,0,0,0,0,0,0,0,0,0,0,0,0,0,0,0,0,0
3745,PapuaNewGuinea,598,SouthernAsia,5501,357,364,271,275,232,235,234,221,245,206,213,182,187,190,136,119,65,62,50,48,44
3746,SolomonIslands,90,SouthernAsia,5501,0,0,0,0,0,0,0,0,0,0,0,0,0,0,0,0,0,0,0,0,0
3747,Vanuatu,548,SouthernAsia,5501,0,0,0,0,0,0,0,0,0,0,0,0,0,0,0,0,0,0,0,0,0
3748,Micronesia,954,SouthernAsia,5501,590,781,1022,919,800,906,985,551,724,956,854,690,757,826,39,57,66,65,110,149,159
3749,Guam,316,SouthernAsia,5501,0,0,0,0,0,0,0,0,0,0,0,0,0,0,0,0,0,0,0,0,0
3750,Kiribati,296,SouthernAsia,5501,0,0,0,0,0,0,0,0,0,0,0,0,0,0,0,0,0,0,0,0,0
3751,MarshallIslands,584,SouthernAsia,5501,0,0,0,0,0,0,0,0,0,0,0,0,0,0,0,0,0,0,0,0,0
3752,MicronesiaFedStatesof,583,SouthernAsia,5501,0,0,0,0,0,0,0,0,0,0,0,0,0,0,0,0,0,0,0,0,0
3753,Nauru,520,SouthernAsia,5501,0,0,0,0,247,411,490,0,0,0,0,184,304,371,0,0,0,0,63,107,119
3754,NorthernMarianaIslands,580,SouthernAsia,5501,590,781,1022,919,553,495,495,551,724,956,854,506,453,455,39,57,66,65,47,42,40
3755,Palau,585,SouthernAsia,5501,0,0,0,0,0,0,0,0,0,0,0,0,0,0,0,0,0,0,0,0,0
3756,Polynesia,957,SouthernAsia,5501,175,196,218,248,261,226,215,93,106,120,137,145,127,122,82,90,98,111,116,99,93
3757,AmericanSamoa,16,SouthernAsia,5501,0,0,0,0,0,0,0,0,0,0,0,0,0,0,0,0,0,0,0,0,0
3758,CookIslands,184,SouthernAsia,5501,0,0,0,0,0,0,0,0,0,0,0,0,0,0,0,0,0,0,0,0,0
3759,FrenchPolynesia,258,SouthernAsia,5501,35,38,41,42,41,38,38,26,28,30,31,31,29,29,9,10,11,11,10,9,9
3760,Niue,570,SouthernAsia,5501,0,0,0,0,0,0,0,0,0,0,0,0,0,0,0,0,0,0,0,0,0
3761,Samoa,882,SouthernAsia,5501,0,0,0,0,0,0,0,0,0,0,0,0,0,0,0,0,0,0,0,0,0
3762,Tokelau,772,SouthernAsia,5501,0,0,0,0,0,0,0,0,0,0,0,0,0,0,0,0,0,0,0,0,0
3763,Tonga,776,SouthernAsia,5501,140,158,177,206,220,188,177,67,78,90,106,114,98,93,73,80,87,100,106,90,84
3764,Tuvalu,798,SouthernAsia,5501,0,0,0,0,0,0,0,0,0,0,0,0,0,0,0,0,0,0,0,0,0
3765,WallisandFutunaIslands,876,SouthernAsia,5501,0,0,0,0,0,0,0,0,0,0,0,0,0,0,0,0,0,0,0,0,0
3766,SubSaharanAfrica,947,SouthEasternAsia,920,5307,4284,4182,4780,7187,8967,10185,2188,1783,1682,1986,3044,3783,4808,3119,2501,2500,2794,4143,5184,5377
3767,NorthernAfricaandWesternAsia,1833,SouthEasternAsia,920,1366207,1502870,1643046,1976577,2930093,3633948,4336186,843778,930095,1007582,1240064,1884248,2298579,2716564,522429,572775,635464,736513,1045845,1335369,1619622
3768,CentralandSouthernAsia,921,SouthEasternAsia,920,660112,687529,715240,692927,857016,867694,1520537,337007,351875,366865,361369,441051,445773,932974,323105,335654,348375,331558,415965,421921,587563
3769,EasternandSouthEasternAsia,1832,SouthEasternAsia,920,1928928,2929151,4336394,5699385,7188468,8351155,9129071,955163,1425190,2099221,2818582,3607878,4227689,4648022,973765,1503961,2237173,2880803,3580590,4123466,4481049
3770,LatinAmericaandtheCaribbean,1830,SouthEasternAsia,920,4746,5496,6487,9276,12328,13542,15115,2611,2996,3533,5098,6816,7550,8664,2135,2500,2954,4178,5512,5992,6451
3771,OceaniaexcludingAustraliaandNewZealand,1835,SouthEasternAsia,920,53048,58161,62784,66549,65542,63748,65907,29989,32071,33109,34300,34194,33041,34066,23059,26090,29675,32249,31348,30707,31841
3772,AustraliaandNewZealand,927,SouthEasternAsia,920,462938,525168,568763,664543,846207,1003393,1211798,217493,241047,257259,295786,370321,444109,533517,245445,284121,311504,368757,475886,559284,678281
3773,EuropeandNorthernAmerica,1829,SouthEasternAsia,920,3244109,3981589,4751270,5422972,6207071,6845418,7291937,1438049,1768074,2112643,2379231,2664359,2869205,3025133,1806060,2213515,2638627,3043741,3542712,3976213,4266804
3774,Developedregions,901,SouthEasternAsia,920,3779787,4623070,5542550,6400368,7384973,8321216,9242662,1692600,2064951,2472700,2817522,3183865,3528797,3899145,2087187,2558119,3069850,3582846,4201108,4792419,5343517
3775,Lessdevelopedregions,902,SouthEasternAsia,920,3945608,5071178,6545616,8136641,10728939,12466649,14338074,2133678,2688180,3409194,4318894,5828046,6800932,8004603,1811930,2382998,3136422,3817747,4900893,5665717,6333471
3776,Leastdevelopedcountries,941,SouthEasternAsia,920,582737,667892,752198,696095,835891,852588,1519788,296360,339144,381626,361720,433980,445412,940918,286377,328748,370572,334375,401911,407176,578870
3777,LandlockedDevelopingCountriesLLDC,1636,SouthEasternAsia,920,18489,17649,15175,14180,22792,30560,32794,9341,8915,7765,7432,13229,18557,19915,9148,8734,7410,6748,9563,12003,12879
3778,SmallislanddevelopingStatesSIDS,1637,SouthEasternAsia,920,294110,556822,865025,1047170,1285147,1455141,1500846,139555,243104,359905,444562,553400,625376,648989,154555,313718,505120,602608,731747,829765,851857
3779,Highincomecountries,1503,SouthEasternAsia,920,5599207,6888567,8312988,9745758,12010416,14002750,15840754,2689501,3271389,3900620,4571319,5726278,6651655,7553589,2909706,3617178,4412368,5174439,6284138,7351095,8287165
3780,Middleincomecountries,1517,SouthEasternAsia,920,2121488,2801254,3770309,4785753,6096309,6777045,7731484,1134809,1479995,1979332,2562924,3282704,3674736,4346621,986679,1321259,1790977,2222829,2813605,3102309,3384863
3781,Uppermiddleincomecountries,1502,SouthEasternAsia,920,1312783,1884109,2817880,3895421,5057382,5726087,6014999,720303,1010324,1489760,2096862,2740599,3124426,3301732,592480,873785,1328120,1798559,2316783,2601661,2713267
3782,Lowermiddleincomecountries,1501,SouthEasternAsia,920,808705,917145,952429,890332,1038927,1050958,1716485,414506,469671,489572,466062,542105,550310,1044889,394199,447474,462857,424270,496822,500648,671596
3783,Lowincomecountries,1500,SouthEasternAsia,920,3780,3517,3969,4650,6391,7220,7543,1478,1280,1497,1764,2555,2933,3083,2302,2237,2472,2886,3836,4287,4460
3784,EasternAfrica,910,SouthEasternAsia,920,104,613,1142,1080,1023,1146,1163,44,244,448,561,674,777,793,60,369,694,519,349,369,370
3785,Burundi,108,SouthEasternAsia,920,0,0,0,0,0,0,0,0,0,0,0,0,0,0,0,0,0,0,0,0,0
3786,Comoros,174,SouthEasternAsia,920,0,0,0,0,0,0,0,0,0,0,0,0,0,0,0,0,0,0,0,0,0
3787,Djibouti,262,SouthEasternAsia,920,0,0,0,0,0,0,0,0,0,0,0,0,0,0,0,0,0,0,0,0,0
3788,Eritrea,232,SouthEasternAsia,920,0,0,0,0,0,0,0,0,0,0,0,0,0,0,0,0,0,0,0,0,0
3789,Ethiopia,231,SouthEasternAsia,920,0,0,0,0,0,0,0,0,0,0,0,0,0,0,0,0,0,0,0,0,0
3790,Kenya,404,SouthEasternAsia,920,0,0,0,0,0,0,0,0,0,0,0,0,0,0,0,0,0,0,0,0,0
3791,Madagascar,450,SouthEasternAsia,920,0,0,0,0,0,0,0,0,0,0,0,0,0,0,0,0,0,0,0,0,0
3792,Malawi,454,SouthEasternAsia,920,0,0,0,0,0,0,0,0,0,0,0,0,0,0,0,0,0,0,0,0,0
3793,Mauritius,480,SouthEasternAsia,920,36,33,49,49,53,61,60,15,16,21,21,23,29,29,21,17,28,28,30,32,31
3794,Mayotte,175,SouthEasternAsia,920,0,0,0,0,0,0,0,0,0,0,0,0,0,0,0,0,0,0,0,0,0
3795,Mozambique,508,SouthEasternAsia,920,0,0,0,0,0,0,0,0,0,0,0,0,0,0,0,0,0,0,0,0,0
3796,Reunion,638,SouthEasternAsia,920,0,0,0,0,0,0,0,0,0,0,0,0,0,0,0,0,0,0,0,0,0
3797,Rwanda,646,SouthEasternAsia,920,0,0,0,0,0,0,0,0,0,0,0,0,0,0,0,0,0,0,0,0,0
3798,Seychelles,690,SouthEasternAsia,920,68,580,1093,1031,970,1085,1103,29,228,427,540,651,748,764,39,352,666,491,319,337,339
3799,Somalia,706,SouthEasternAsia,920,0,0,0,0,0,0,0,0,0,0,0,0,0,0,0,0,0,0,0,0,0
3800,SouthSudan,728,SouthEasternAsia,920,0,0,0,0,0,0,0,0,0,0,0,0,0,0,0,0,0,0,0,0,0
3801,Uganda,800,SouthEasternAsia,920,0,0,0,0,0,0,0,0,0,0,0,0,0,0,0,0,0,0,0,0,0
3802,UnitedRepublicofTanzania,834,SouthEasternAsia,920,0,0,0,0,0,0,0,0,0,0,0,0,0,0,0,0,0,0,0,0,0
3803,Zambia,894,SouthEasternAsia,920,0,0,0,0,0,0,0,0,0,0,0,0,0,0,0,0,0,0,0,0,0
3804,Zimbabwe,716,SouthEasternAsia,920,0,0,0,0,0,0,0,0,0,0,0,0,0,0,0,0,0,0,0,0,0
3805,MiddleAfrica,911,SouthEasternAsia,920,0,0,0,0,0,0,0,0,0,0,0,0,0,0,0,0,0,0,0,0,0
3806,Angola,24,SouthEasternAsia,920,0,0,0,0,0,0,0,0,0,0,0,0,0,0,0,0,0,0,0,0,0
3807,Cameroon,120,SouthEasternAsia,920,0,0,0,0,0,0,0,0,0,0,0,0,0,0,0,0,0,0,0,0,0
3808,CentralAfricanRepublic,140,SouthEasternAsia,920,0,0,0,0,0,0,0,0,0,0,0,0,0,0,0,0,0,0,0,0,0
3809,Chad,148,SouthEasternAsia,920,0,0,0,0,0,0,0,0,0,0,0,0,0,0,0,0,0,0,0,0,0
3810,Congo,178,SouthEasternAsia,920,0,0,0,0,0,0,0,0,0,0,0,0,0,0,0,0,0,0,0,0,0
3811,DemocraticRepublicoftheCongo,180,SouthEasternAsia,920,0,0,0,0,0,0,0,0,0,0,0,0,0,0,0,0,0,0,0,0,0
3812,EquatorialGuinea,226,SouthEasternAsia,920,0,0,0,0,0,0,0,0,0,0,0,0,0,0,0,0,0,0,0,0,0
3813,Gabon,266,SouthEasternAsia,920,0,0,0,0,0,0,0,0,0,0,0,0,0,0,0,0,0,0,0,0,0
3814,SaoTomeandPrincipe,678,SouthEasternAsia,920,0,0,0,0,0,0,0,0,0,0,0,0,0,0,0,0,0,0,0,0,0
3815,NorthernAfrica,912,SouthEasternAsia,920,24461,26615,29521,32341,35342,36218,41271,16939,18793,21290,24542,26763,27873,31504,7522,7822,8231,7799,8579,8345,9767
3816,Algeria,12,SouthEasternAsia,920,2651,2487,2323,1837,2017,2190,2275,1879,1782,1687,1334,1442,1566,1628,772,705,636,503,575,624,647
3817,Egypt,818,SouthEasternAsia,920,5713,5596,5922,7051,7587,5212,8136,3924,3788,3951,4850,5129,3760,5574,1789,1808,1971,2201,2458,1452,2562
3818,Libya,434,SouthEasternAsia,920,16097,18532,21276,23453,25738,28816,30860,11136,13223,15652,18358,20192,22547,24302,4961,5309,5624,5095,5546,6269,6558
3819,Morocco,504,SouthEasternAsia,920,0,0,0,0,0,0,0,0,0,0,0,0,0,0,0,0,0,0,0,0,0
3820,Sudan,729,SouthEasternAsia,920,0,0,0,0,0,0,0,0,0,0,0,0,0,0,0,0,0,0,0,0,0
3821,Tunisia,788,SouthEasternAsia,920,0,0,0,0,0,0,0,0,0,0,0,0,0,0,0,0,0,0,0,0,0
3822,WesternSahara,732,SouthEasternAsia,920,0,0,0,0,0,0,0,0,0,0,0,0,0,0,0,0,0,0,0,0,0
3823,SouthernAfrica,913,SouthEasternAsia,920,5172,3636,3000,3655,5105,6452,7449,2128,1519,1212,1400,1849,2323,3229,3044,2117,1788,2255,3256,4129,4220
3824,Botswana,72,SouthEasternAsia,920,0,0,0,0,0,0,0,0,0,0,0,0,0,0,0,0,0,0,0,0,0
3825,Eswatini,748,SouthEasternAsia,920,0,0,0,0,0,0,0,0,0,0,0,0,0,0,0,0,0,0,0,0,0
3826,Lesotho,426,SouthEasternAsia,920,0,0,0,0,0,0,0,0,0,0,0,0,0,0,0,0,0,0,0,0,0
3827,Namibia,516,SouthEasternAsia,920,606,579,543,427,410,400,426,226,220,207,161,156,154,167,380,359,336,266,254,246,259
3828,SouthAfrica,710,SouthEasternAsia,920,4566,3057,2457,3228,4695,6052,7023,1902,1299,1005,1239,1693,2169,3062,2664,1758,1452,1989,3002,3883,3961
3829,WesternAfrica,914,SouthEasternAsia,920,31,35,40,45,1059,1369,1573,16,20,22,25,521,683,786,15,15,18,20,538,686,787
3830,Benin,204,SouthEasternAsia,920,0,0,0,0,0,0,0,0,0,0,0,0,0,0,0,0,0,0,0,0,0
3831,BurkinaFaso,854,SouthEasternAsia,920,0,0,0,0,0,0,0,0,0,0,0,0,0,0,0,0,0,0,0,0,0
3832,CaboVerde,132,SouthEasternAsia,920,11,14,17,13,8,8,7,6,8,10,8,5,5,5,5,6,7,5,3,3,2
3833,CotedIvoire,384,SouthEasternAsia,920,0,0,0,0,0,0,0,0,0,0,0,0,0,0,0,0,0,0,0,0,0
3834,Gambia,270,SouthEasternAsia,920,0,0,0,0,0,0,0,0,0,0,0,0,0,0,0,0,0,0,0,0,0
3835,Ghana,288,SouthEasternAsia,920,20,20,22,31,23,28,30,10,11,11,16,12,15,17,10,9,11,15,11,13,13
3836,Guinea,324,SouthEasternAsia,920,0,0,0,0,0,71,58,0,0,0,0,0,46,38,0,0,0,0,0,25,20
3837,GuineaBissau,624,SouthEasternAsia,920,0,0,0,0,0,0,0,0,0,0,0,0,0,0,0,0,0,0,0,0,0
3838,Liberia,430,SouthEasternAsia,920,0,0,0,0,0,0,0,0,0,0,0,0,0,0,0,0,0,0,0,0,0
3839,Mali,466,SouthEasternAsia,920,0,0,0,0,1027,1262,1478,0,0,0,0,503,617,726,0,0,0,0,524,645,752
3840,Mauritania,478,SouthEasternAsia,920,0,0,0,0,0,0,0,0,0,0,0,0,0,0,0,0,0,0,0,0,0
3841,Niger,562,SouthEasternAsia,920,0,0,0,0,0,0,0,0,0,0,0,0,0,0,0,0,0,0,0,0,0
3842,Nigeria,566,SouthEasternAsia,920,0,0,0,0,0,0,0,0,0,0,0,0,0,0,0,0,0,0,0,0,0
3843,SaintHelena,654,SouthEasternAsia,920,0,0,0,0,0,0,0,0,0,0,0,0,0,0,0,0,0,0,0,0,0
3844,Senegal,686,SouthEasternAsia,920,0,0,0,0,0,0,0,0,0,0,0,0,0,0,0,0,0,0,0,0,0
3845,SierraLeone,694,SouthEasternAsia,920,0,1,1,1,1,0,0,0,1,1,1,1,0,0,0,0,0,0,0,0,0
3846,Togo,768,SouthEasternAsia,920,0,0,0,0,0,0,0,0,0,0,0,0,0,0,0,0,0,0,0,0,0
3847,CentralAsia,5500,SouthEasternAsia,920,410,309,205,175,146,130,123,176,154,129,109,90,80,77,234,155,76,66,56,50,46
3848,Kazakhstan,398,SouthEasternAsia,920,0,0,0,0,0,0,0,0,0,0,0,0,0,0,0,0,0,0,0,0,0
3849,Kyrgyzstan,417,SouthEasternAsia,920,372,278,178,150,122,107,102,158,138,115,97,78,68,65,214,140,63,53,44,39,37
3850,Tajikistan,762,SouthEasternAsia,920,38,31,27,25,24,23,21,18,16,14,12,12,12,12,20,15,13,13,12,11,9
3851,Turkmenistan,795,SouthEasternAsia,920,0,0,0,0,0,0,0,0,0,0,0,0,0,0,0,0,0,0,0,0,0
3852,Uzbekistan,860,SouthEasternAsia,920,0,0,0,0,0,0,0,0,0,0,0,0,0,0,0,0,0,0,0,0,0
3853,EasternAsia,906,SouthEasternAsia,920,587623,697929,882386,1070752,1234386,1569277,2040250,230994,276105,357740,453270,535791,715422,951150,356629,421824,524646,617482,698595,853855,1089100
3854,China,156,SouthEasternAsia,920,300577,317695,336152,362259,378410,396508,407095,150797,156889,163997,196890,219111,236139,242011,149780,160806,172155,165369,159299,160369,165084
3855,DemPeoplesRepublicofKorea,408,SouthEasternAsia,920,3036,3485,3932,4624,5311,5849,5972,1050,1263,1476,1751,2023,2250,2299,1986,2222,2456,2873,3288,3599,3673
3856,Japan,392,SouthEasternAsia,920,72740,116313,222517,312853,331695,472405,738927,37058,55830,102798,142505,149185,215483,340495,35682,60483,119719,170348,182510,256922,398432
3857,Mongolia,496,SouthEasternAsia,920,46,48,55,196,364,449,478,32,37,41,172,326,390,419,14,11,14,24,38,59,59
3858,RepublicofKorea,410,SouthEasternAsia,920,1177,26037,59420,106194,201711,356380,534776,768,17312,40052,69126,126804,221238,329771,409,8725,19368,37068,74907,135142,205005
3859,SouthEasternAsia,920,SouthEasternAsia,920,1341305,2231222,3454008,4628633,5954082,6781878,7088821,724169,1149085,1741481,2365312,3072087,3512267,3696872,617136,1082137,1712527,2263321,2881995,3269611,3391949
3860,BruneiDarussalam,96,SouthEasternAsia,920,59578,69078,78577,80328,82080,83832,91361,32646,37192,41738,42894,44050,45206,49265,26932,31886,36839,37434,38030,38626,42096
3861,Cambodia,116,SouthEasternAsia,920,31322,82910,134512,104999,75485,68106,73063,15218,40146,65078,52287,39497,36297,38916,16104,42764,69434,52712,35988,31809,34147
3862,Indonesia,360,SouthEasternAsia,920,15411,81091,146774,103430,66719,73863,77651,9290,41678,74066,56571,37632,42363,44475,6121,39413,72708,46859,29087,31500,33176
3863,LaoPeoplesDemocraticRepublic,418,SouthEasternAsia,920,17931,17150,14738,13619,21055,28494,30491,9081,8656,7508,7053,12200,17349,18567,8850,8494,7230,6566,8855,11145,11924
3864,Malaysia,458,SouthEasternAsia,920,441262,650611,1063733,1251012,1412883,1833438,1942904,265690,376686,602541,753400,886636,1139794,1229912,175572,273925,461192,497612,526247,693644,712992
3865,Myanmar,104,SouthEasternAsia,920,0,0,0,0,0,0,0,0,0,0,0,0,0,0,0,0,0,0,0,0,0
3866,Philippines,608,SouthEasternAsia,920,34501,46426,9552,7726,6626,6640,7051,16679,21969,4862,3994,3565,3579,3816,17822,24457,4690,3732,3061,3061,3235
3867,Singapore,702,SouthEasternAsia,920,219205,471607,769659,927632,1137284,1304665,1325806,98111,197104,310311,380843,471864,540601,548456,121094,274503,459348,546789,665420,764064,777350
3868,Thailand,764,SouthEasternAsia,920,491071,761559,1189143,2102361,3109800,3337333,3492856,261092,398274,608795,1046584,1552699,1660479,1735615,229979,363285,580348,1055777,1557101,1676854,1757241
3869,TimorLeste,626,SouthEasternAsia,920,5548,6035,6572,6995,7153,4970,4889,2630,2809,2999,3258,3379,2871,2826,2918,3226,3573,3737,3774,2099,2063
3870,VietNam,704,SouthEasternAsia,920,25476,44755,40748,30531,34997,40537,42749,13732,24571,23583,18428,20565,23728,25024,11744,20184,17165,12103,14432,16809,17725
3871,SouthernAsia,5501,SouthEasternAsia,920,659702,687220,715035,692752,856870,867564,1520414,336831,351721,366736,361260,440961,445693,932897,322871,335499,348299,331492,415909,421871,587517
3872,Afghanistan,4,SouthEasternAsia,920,0,0,0,0,0,0,0,0,0,0,0,0,0,0,0,0,0,0,0,0,0
3873,Bangladesh,50,SouthEasternAsia,920,526804,561361,595936,570055,730698,749241,1409376,268667,287173,305683,298825,378130,387977,879592,258137,274188,290253,271230,352568,361264,529784
3874,Bhutan,64,SouthEasternAsia,920,61,72,83,104,125,132,131,36,43,50,62,74,78,80,25,29,33,42,51,54,51
3875,India,356,SouthEasternAsia,920,128146,121588,115028,117852,120013,111826,104588,65644,62242,58841,59938,59890,54751,50293,62502,59346,56187,57914,60123,57075,54295
3876,IranIslamicRepublicof,364,SouthEasternAsia,920,0,0,0,0,0,0,0,0,0,0,0,0,0,0,0,0,0,0,0,0,0
3877,Maldives,462,SouthEasternAsia,920,458,417,352,727,1056,1387,1506,252,209,194,442,478,514,561,206,208,158,285,578,873,945
3878,Nepal,524,SouthEasternAsia,920,0,0,0,0,0,0,0,0,0,0,0,0,0,0,0,0,0,0,0,0,0
3879,Pakistan,586,SouthEasternAsia,920,4197,3502,3105,2974,2892,2868,2677,2211,1842,1632,1564,1513,1509,1481,1986,1660,1473,1410,1379,1359,1196
3880,SriLanka,144,SouthEasternAsia,920,36,280,531,1040,2086,2110,2136,21,212,336,429,876,864,890,15,68,195,611,1210,1246,1246
3881,WesternAsia,922,SouthEasternAsia,920,1341746,1476255,1613525,1944236,2894751,3597730,4294915,826839,911302,986292,1215522,1857485,2270706,2685060,514907,564953,627233,728714,1037266,1327024,1609855
3882,Armenia,51,SouthEasternAsia,920,0,0,0,0,0,0,0,0,0,0,0,0,0,0,0,0,0,0,0,0,0
3883,Azerbaijan,31,SouthEasternAsia,920,0,0,0,0,0,0,0,0,0,0,0,0,0,0,0,0,0,0,0,0,0
3884,Bahrain,48,SouthEasternAsia,920,14379,18169,22013,40122,67086,72730,94231,7774,9703,11550,23102,39800,44283,58574,6605,8466,10463,17020,27286,28447,35657
3885,Cyprus,196,SouthEasternAsia,920,1949,2759,3563,5359,8216,7536,7771,228,225,220,264,514,551,611,1721,2534,3343,5095,7702,6985,7160
3886,Georgia,268,SouthEasternAsia,920,0,0,0,0,0,0,0,0,0,0,0,0,0,0,0,0,0,0,0,0,0
3887,Iraq,368,SouthEasternAsia,920,0,0,0,0,0,0,0,0,0,0,0,0,0,0,0,0,0,0,0,0,0
3888,Israel,376,SouthEasternAsia,920,0,0,0,0,0,0,0,0,0,0,0,0,0,0,0,0,0,0,0,0,0
3889,Jordan,400,SouthEasternAsia,920,3497,10671,17835,13389,27639,18000,23322,910,822,803,4145,6819,3167,4045,2587,9849,17032,9244,20820,14833,19277
3890,Kuwait,414,SouthEasternAsia,920,89177,80743,103672,131008,191297,284702,308936,34361,35926,51956,69133,104466,144485,156735,54816,44817,51716,61875,86831,140217,152201
3891,Lebanon,422,SouthEasternAsia,920,1110,4483,7855,6031,4292,3628,3165,159,830,1501,850,224,1737,1546,951,3653,6354,5181,4068,1891,1619
3892,Oman,512,SouthEasternAsia,920,10535,19908,23686,30211,41614,94636,120972,2711,3644,5323,7516,11952,37333,47739,7824,16264,18363,22695,29662,57303,73233
3893,Qatar,634,SouthEasternAsia,920,147017,177267,181090,120605,157951,193836,216222,114879,139063,142719,87352,120788,155000,160784,32138,38204,38371,33253,37163,38836,55438
3894,SaudiArabia,682,SouthEasternAsia,920,964087,998250,1025666,1266999,1642733,2099001,2621922,605202,628968,643719,827202,1101888,1381681,1707421,358885,369282,381947,439797,540845,717320,914501
3895,StateofPalestine,275,SouthEasternAsia,920,0,0,0,0,0,0,0,0,0,0,0,0,0,0,0,0,0,0,0,0,0
3896,SyrianArabRepublic,760,SouthEasternAsia,920,0,0,0,0,0,0,0,0,0,0,0,0,0,0,0,0,0,0,0,0,0
3897,Turkey,792,SouthEasternAsia,920,356,839,1344,1391,1431,1413,1963,165,358,561,563,563,538,660,191,481,783,828,868,875,1303
3898,UnitedArabEmirates,784,SouthEasternAsia,920,108933,163166,226792,329121,752464,822233,896397,60040,91763,127934,195395,470455,501923,546937,48893,71403,98858,133726,282009,320310,349460
3899,Yemen,887,SouthEasternAsia,920,706,0,9,0,28,15,14,410,0,6,0,16,8,8,296,0,3,0,12,7,6
3900,EasternEurope,923,SouthEasternAsia,920,57909,56404,54288,75592,94116,88177,103777,30122,32583,34671,45803,55711,50189,58122,27787,23821,19617,29789,38405,37988,45655
3901,Belarus,112,SouthEasternAsia,920,182,282,381,366,351,366,359,107,144,180,173,167,172,169,75,138,201,193,184,194,190
3902,Bulgaria,100,SouthEasternAsia,920,368,419,468,569,657,728,1051,251,272,294,348,397,391,503,117,147,174,221,260,337,548
3903,Czechia,203,SouthEasternAsia,920,3655,5465,7312,32322,54168,47682,54266,2454,3728,5008,19502,32615,26804,29304,1201,1737,2304,12820,21553,20878,24962
3904,Hungary,348,SouthEasternAsia,920,1661,2517,3371,4145,4949,4630,8262,545,949,1355,1706,2075,1832,3717,1116,1568,2016,2439,2874,2798,4545
3905,Poland,616,SouthEasternAsia,920,2567,2192,1877,2587,3386,3218,4293,1595,1351,1145,1521,1939,1872,2675,972,841,732,1066,1447,1346,1618
3906,RepublicofMoldova,498,SouthEasternAsia,920,0,0,0,0,0,0,0,0,0,0,0,0,0,0,0,0,0,0,0,0,0
3907,Romania,642,SouthEasternAsia,920,22,21,22,20,68,159,3655,3,7,10,11,26,70,2449,19,14,12,9,42,89,1206
3908,RussianFederation,643,SouthEasternAsia,920,34248,30286,25234,21007,16355,16666,16641,16805,17599,17762,14213,10374,10545,10541,17443,12687,7472,6794,5981,6121,6100
3909,Slovakia,703,SouthEasternAsia,920,242,746,1457,1633,1833,2338,2654,171,424,790,896,1019,1373,1515,71,322,667,737,814,965,1139
3910,Ukraine,804,SouthEasternAsia,920,14964,14476,14166,12943,12349,12390,12596,8191,8109,8127,7433,7099,7130,7249,6773,6367,6039,5510,5250,5260,5347
3911,NorthernEurope,924,SouthEasternAsia,920,188398,231982,276163,377090,468923,558781,640548,79935,94346,108752,141444,176472,203092,225323,108463,137636,167411,235646,292451,355689,415225
3912,ChannelIslands,830,SouthEasternAsia,920,0,0,0,0,0,0,0,0,0,0,0,0,0,0,0,0,0,0,0,0,0
3913,Denmark,208,SouthEasternAsia,920,10088,14949,19813,26798,32395,37583,41978,4408,5832,7285,8784,9899,10778,11819,5680,9117,12528,18014,22496,26805,30159
3914,Estonia,233,SouthEasternAsia,920,0,0,0,0,58,172,350,0,0,0,0,22,64,121,0,0,0,0,36,108,229
3915,FaroeIslands,234,SouthEasternAsia,920,20,26,37,83,139,252,362,7,7,9,16,29,44,61,13,19,28,67,110,208,301
3916,Finland,246,SouthEasternAsia,920,2633,3864,5090,10399,13951,20217,27781,1173,1614,2057,3595,4609,6380,9167,1460,2250,3033,6804,9342,13837,18614
3917,Iceland,352,SouthEasternAsia,920,365,960,1552,2361,3104,3559,4932,110,276,441,746,1034,1188,1678,255,684,1111,1615,2070,2371,3254
3918,Ireland,372,SouthEasternAsia,920,1260,4544,10326,16903,20695,21140,24223,582,2054,4853,7744,8198,8216,9512,678,2490,5473,9159,12497,12924,14711
3919,IsleofMan,833,SouthEasternAsia,920,0,0,0,0,0,0,0,0,0,0,0,0,0,0,0,0,0,0,0,0,0
3920,Latvia,428,SouthEasternAsia,920,16,21,31,34,40,137,223,9,13,20,19,18,124,142,7,8,11,15,22,13,81
3921,Lithuania,440,SouthEasternAsia,920,66,74,57,52,40,55,151,48,53,41,35,22,33,88,18,21,16,17,18,22,63
3922,Norway,578,SouthEasternAsia,920,13455,18811,22001,29619,44373,58999,68701,6174,8120,8744,10326,14034,17241,19331,7281,10691,13257,19293,30339,41758,49370
3923,Sweden,752,SouthEasternAsia,920,24054,28545,30616,42163,58287,70762,86924,8880,10399,11025,13732,17810,20452,25784,15174,18146,19591,28431,40477,50310,61140
3924,UnitedKingdom,826,SouthEasternAsia,920,136441,160188,186640,248678,295841,345905,384923,58544,65978,74277,96447,120797,138572,147620,77897,94210,112363,152231,175044,207333,237303
3925,SouthernEurope,925,SouthEasternAsia,920,90616,104488,125564,169552,218073,228787,255069,19546,29520,42312,61667,81335,84956,95832,71070,74968,83252,107885,136738,143831,159237
3926,Albania,8,SouthEasternAsia,920,0,0,0,0,0,0,0,0,0,0,0,0,0,0,0,0,0,0,0,0,0
3927,Andorra,20,SouthEasternAsia,920,146,222,297,392,443,425,457,78,117,156,207,234,231,251,68,105,141,185,209,194,206
3928,BosniaandHerzegovina,70,SouthEasternAsia,920,0,0,0,0,0,0,0,0,0,0,0,0,0,0,0,0,0,0,0,0,0
3929,Croatia,191,SouthEasternAsia,920,0,0,0,52,102,102,92,0,0,0,13,25,24,21,0,0,0,39,77,78,71
3930,Gibraltar,292,SouthEasternAsia,920,0,0,0,0,0,0,0,0,0,0,0,0,0,0,0,0,0,0,0,0,0
3931,Greece,300,SouthEasternAsia,920,12635,9751,7026,8597,10531,9920,10198,2094,1842,1478,2105,2815,2358,2948,10541,7909,5548,6492,7716,7562,7250
3932,HolySee,336,SouthEasternAsia,920,0,0,0,0,0,0,0,0,0,0,0,0,0,0,0,0,0,0,0,0,0
3933,Italy,380,SouthEasternAsia,920,66830,80383,93930,129480,158648,164254,176173,13565,22445,31325,47474,59868,62178,67054,53265,57938,62605,82006,98780,102076,109119
3934,Malta,470,SouthEasternAsia,920,171,203,256,306,553,938,2032,40,50,68,83,122,257,672,131,153,188,223,431,681,1360
3935,Montenegro,499,SouthEasternAsia,920,0,0,0,0,0,0,0,0,0,0,0,0,0,0,0,0,0,0,0,0,0
3936,NorthMacedonia,807,SouthEasternAsia,920,0,0,0,0,0,0,0,0,0,0,0,0,0,0,0,0,0,0,0,0,0
3937,Portugal,620,SouthEasternAsia,920,796,1719,2719,2848,2510,2840,4611,357,767,1211,1212,1014,1057,2294,439,952,1508,1636,1496,1783,2317
3938,SanMarino,674,SouthEasternAsia,920,0,0,0,0,0,0,0,0,0,0,0,0,0,0,0,0,0,0,0,0,0
3939,Serbia,688,SouthEasternAsia,920,8,57,79,79,78,75,73,3,20,27,27,26,25,25,5,37,52,52,52,50,48
3940,Slovenia,705,SouthEasternAsia,920,10,19,32,110,316,422,613,6,10,16,27,58,67,100,4,9,16,83,258,355,513
3941,Spain,724,SouthEasternAsia,920,10020,12134,21225,27688,44892,49811,60820,3403,4269,8031,10519,17173,18759,22467,6617,7865,13194,17169,27719,31052,38353
3942,WesternEurope,926,SouthEasternAsia,920,639524,665716,697431,734116,774272,807247,931644,293544,294715,296653,299766,304610,309097,346169,345980,371001,400778,434350,469662,498150,585475
3943,Austria,40,SouthEasternAsia,920,14295,16129,17958,19909,22105,23409,26527,4651,5425,6199,6556,6960,6950,7968,9644,10704,11759,13353,15145,16459,18559
3944,Belgium,56,SouthEasternAsia,920,18644,20874,21798,27081,30647,34798,38301,4374,6604,6669,8058,10036,10943,11643,14270,14270,15129,19023,20611,23855,26658
3945,France,250,SouthEasternAsia,920,246487,254455,262421,252972,258583,286689,315034,118904,120531,122157,116020,114650,122696,135277,127583,133924,140264,136952,143933,163993,179757
3946,Germany,276,SouthEasternAsia,920,125535,142487,159431,197385,227452,233441,313314,59381,59632,59879,71231,80402,81631,103487,66154,82855,99552,126154,147050,151810,209827
3947,Liechtenstein,438,SouthEasternAsia,920,0,1,4,75,175,193,216,0,0,1,18,46,46,48,0,1,3,57,129,147,168
3948,Luxembourg,442,SouthEasternAsia,920,447,422,405,349,302,458,2615,85,79,73,80,89,140,717,362,343,332,269,213,318,1898
3949,Monaco,492,SouthEasternAsia,920,0,0,0,0,0,0,0,0,0,0,0,0,0,0,0,0,0,0,0,0,0
3950,Netherlands,528,SouthEasternAsia,920,204385,197090,196493,192927,183638,173595,175315,96083,90303,87347,83223,77132,70754,69673,108302,106787,109146,109704,106506,102841,105642
3951,Switzerland,756,SouthEasternAsia,920,29731,34258,38921,43418,51370,54664,60322,10066,12141,14328,14580,15295,15937,17356,19665,22117,24593,28838,36075,38727,42966
3952,Caribbean,915,SouthEasternAsia,920,1252,1646,2122,3311,4820,5143,5507,692,885,1129,1715,2460,2630,2853,560,761,993,1596,2360,2513,2654
3953,Anguilla,660,SouthEasternAsia,920,0,0,0,0,0,0,0,0,0,0,0,0,0,0,0,0,0,0,0,0,0
3954,AntiguaandBarbuda,28,SouthEasternAsia,920,0,0,0,0,0,0,0,0,0,0,0,0,0,0,0,0,0,0,0,0,0
3955,Aruba,533,SouthEasternAsia,920,217,486,754,863,955,1004,1121,165,299,433,455,469,493,539,52,187,321,408,486,511,582
3956,Bahamas,44,SouthEasternAsia,920,72,110,149,605,1061,1150,1230,38,46,56,286,516,555,595,34,64,93,319,545,595,635
3957,Barbados,52,SouthEasternAsia,920,0,0,0,0,0,0,0,0,0,0,0,0,0,0,0,0,0,0,0,0,0
3958,BritishVirginIslands,92,SouthEasternAsia,920,0,0,0,0,0,0,0,0,0,0,0,0,0,0,0,0,0,0,0,0,0
3959,CaymanIslands,136,SouthEasternAsia,920,54,107,186,948,1799,1958,2183,42,80,138,536,980,1068,1195,12,27,48,412,819,890,988
3960,Cuba,192,SouthEasternAsia,920,0,0,0,0,0,0,0,0,0,0,0,0,0,0,0,0,0,0,0,0,0
3961,CuraÃao,531,SouthEasternAsia,920,0,0,0,0,169,182,211,0,0,0,0,81,88,104,0,0,0,0,88,94,107
3962,Dominica,212,SouthEasternAsia,920,0,0,0,0,0,0,0,0,0,0,0,0,0,0,0,0,0,0,0,0,0
3963,DominicanRepublic,214,SouthEasternAsia,920,269,299,328,255,183,188,194,142,154,166,129,91,95,98,127,145,162,126,92,93,96
3964,Grenada,308,SouthEasternAsia,920,0,0,0,0,0,0,0,0,0,0,0,0,0,0,0,0,0,0,0,0,0
3965,Guadeloupe,312,SouthEasternAsia,920,0,0,0,0,0,0,0,0,0,0,0,0,0,0,0,0,0,0,0,0,0
3966,Haiti,332,SouthEasternAsia,920,0,0,0,0,0,0,0,0,0,0,0,0,0,0,0,0,0,0,0,0,0
3967,Jamaica,388,SouthEasternAsia,920,0,0,0,0,0,0,0,0,0,0,0,0,0,0,0,0,0,0,0,0,0
3968,Martinique,474,SouthEasternAsia,920,0,0,0,0,0,0,0,0,0,0,0,0,0,0,0,0,0,0,0,0,0
3969,Montserrat,500,SouthEasternAsia,920,0,0,0,0,0,0,0,0,0,0,0,0,0,0,0,0,0,0,0,0,0
3970,PuertoRico,630,SouthEasternAsia,920,433,455,483,377,226,222,94,206,218,231,181,106,104,45,227,237,252,196,120,118,49
3971,SaintBarthelemy,652,SouthEasternAsia,920,0,0,0,0,0,0,0,0,0,0,0,0,0,0,0,0,0,0,0,0,0
3972,SaintKittsandNevis,659,SouthEasternAsia,920,0,0,0,0,0,0,0,0,0,0,0,0,0,0,0,0,0,0,0,0,0
3973,SaintLucia,662,SouthEasternAsia,920,20,20,38,38,36,33,29,13,10,20,20,19,18,18,7,10,18,18,17,15,11
3974,SaintMartinFrenchpart,663,SouthEasternAsia,920,0,0,0,0,0,0,0,0,0,0,0,0,0,0,0,0,0,0,0,0,0
3975,SaintVincentandtheGrenadines,670,SouthEasternAsia,920,0,0,0,0,0,0,0,0,0,0,0,0,0,0,0,0,0,0,0,0,0
3976,SintMaartenDutchpart,534,SouthEasternAsia,920,0,0,0,28,57,60,62,0,0,0,17,34,36,39,0,0,0,11,23,24,23
3977,TrinidadandTobago,780,SouthEasternAsia,920,187,169,184,197,334,346,383,86,78,85,91,164,173,220,101,91,99,106,170,173,163
3978,TurksandCaicosIslands,796,SouthEasternAsia,920,0,0,0,0,0,0,0,0,0,0,0,0,0,0,0,0,0,0,0,0,0
3979,UnitedStatesVirginIslands,850,SouthEasternAsia,920,0,0,0,0,0,0,0,0,0,0,0,0,0,0,0,0,0,0,0,0,0
3980,CentralAmerica,916,SouthEasternAsia,920,930,1238,1667,2141,3078,3423,3973,633,806,1046,1483,2226,2529,3006,297,432,621,658,852,894,967
3981,Belize,84,SouthEasternAsia,920,0,0,0,0,0,0,0,0,0,0,0,0,0,0,0,0,0,0,0,0,0
3982,CostaRica,188,SouthEasternAsia,920,126,109,148,106,202,195,230,54,45,60,41,78,77,98,72,64,88,65,124,118,132
3983,ElSalvador,222,SouthEasternAsia,920,31,24,17,18,18,19,19,18,14,10,10,10,11,11,13,10,7,8,8,8,8
3984,Guatemala,320,SouthEasternAsia,920,42,54,66,80,93,103,113,17,22,28,30,32,36,41,25,32,38,50,61,67,72
3985,Honduras,340,SouthEasternAsia,920,0,0,0,0,0,0,0,0,0,0,0,0,0,0,0,0,0,0,0,0,0
3986,Mexico,484,SouthEasternAsia,920,406,586,795,828,957,995,1082,256,307,373,396,465,483,536,150,279,422,432,492,512,546
3987,Nicaragua,558,SouthEasternAsia,920,0,0,0,0,0,0,0,0,0,0,0,0,0,0,0,0,0,0,0,0,0
3988,Panama,591,SouthEasternAsia,920,325,465,641,1109,1808,2111,2529,288,418,575,1006,1641,1922,2320,37,47,66,103,167,189,209
3989,SouthAmerica,931,SouthEasternAsia,920,2564,2612,2698,3824,4430,4976,5635,1286,1305,1358,1900,2130,2391,2805,1278,1307,1340,1924,2300,2585,2830
3990,Argentina,32,SouthEasternAsia,920,935,954,973,1622,460,461,461,417,445,476,818,237,237,239,518,509,497,804,223,224,222
3991,BoliviaPlurinationalStateof,68,SouthEasternAsia,920,41,70,94,86,75,93,93,16,25,37,36,36,43,46,25,45,57,50,39,50,47
3992,Brazil,76,SouthEasternAsia,920,0,0,0,446,2137,2511,2715,0,0,0,182,947,1116,1238,0,0,0,264,1190,1395,1477
3993,Chile,152,SouthEasternAsia,920,0,0,0,0,0,0,0,0,0,0,0,0,0,0,0,0,0,0,0,0,0
3994,Colombia,170,SouthEasternAsia,920,0,0,0,0,0,0,0,0,0,0,0,0,0,0,0,0,0,0,0,0,0
3995,Ecuador,218,SouthEasternAsia,920,92,104,114,138,216,271,281,57,64,71,86,136,173,193,35,40,43,52,80,98,88
3996,FalklandIslandsMalvinas,238,SouthEasternAsia,920,0,0,0,0,0,0,0,0,0,0,0,0,0,0,0,0,0,0,0,0,0
3997,FrenchGuiana,254,SouthEasternAsia,920,920,910,900,848,796,850,955,490,467,445,409,374,405,455,430,443,455,439,422,445,500
3998,Guyana,328,SouthEasternAsia,920,0,0,0,0,0,0,0,0,0,0,0,0,0,0,0,0,0,0,0,0,0
3999,Paraguay,600,SouthEasternAsia,920,0,0,0,0,0,0,0,0,0,0,0,0,0,0,0,0,0,0,0,0,0
4000,Peru,604,SouthEasternAsia,920,263,267,314,370,411,436,804,164,163,191,225,249,261,489,99,104,123,145,162,175,315
4001,Suriname,740,SouthEasternAsia,920,0,0,0,0,0,0,0,0,0,0,0,0,0,0,0,0,0,0,0,0,0
4002,Uruguay,858,SouthEasternAsia,920,0,0,0,0,0,0,0,0,0,0,0,0,0,0,0,0,0,0,0,0,0
4003,VenezuelaBolivarianRepublicof,862,SouthEasternAsia,920,313,307,303,314,335,354,326,142,141,138,144,151,156,145,171,166,165,170,184,198,181
4004,Bermuda,60,SouthEasternAsia,920,105,160,364,741,1175,1344,1830,57,71,155,333,546,654,855,48,89,209,408,629,690,975
4005,Canada,124,SouthEasternAsia,920,299343,383348,476468,602690,729795,867653,940131,145728,185563,229853,270850,314599,374818,406133,153615,197785,246615,331840,415196,492835,533998
4006,Greenland,304,SouthEasternAsia,920,4,17,41,71,176,287,280,1,3,15,21,67,111,105,3,14,26,50,109,176,175
4007,SaintPierreandMiquelon,666,SouthEasternAsia,920,0,0,0,0,0,0,0,0,0,0,0,0,0,0,0,0,0,0,0,0,0
4008,UnitedStatesofAmerica,840,SouthEasternAsia,920,1968210,2539474,3120951,3463120,3920541,4293142,4418658,869116,1131273,1400232,1559347,1731019,1846288,1892594,1099094,1408201,1720719,1903773,2189522,2446854,2526064
4009,Australia,36,SouthEasternAsia,920,434565,488852,526080,610001,773420,913520,1073399,204471,224992,236505,269308,335060,400646,466583,230094,263860,289575,340693,438360,512874,606816
4010,NewZealand,554,SouthEasternAsia,920,28373,36316,42683,54542,72787,89873,138399,13022,16055,20754,26478,35261,43463,66934,15351,20261,21929,28064,37526,46410,71465
4011,Melanesia,928,SouthEasternAsia,920,12979,12581,11738,15234,18566,18075,18291,7475,7386,6498,7875,10008,9483,9622,5504,5195,5240,7359,8558,8592,8669
4012,Fiji,242,SouthEasternAsia,920,0,0,0,0,0,0,0,0,0,0,0,0,0,0,0,0,0,0,0,0,0
4013,NewCaledonia,540,SouthEasternAsia,920,2315,2682,3051,3255,3460,2662,2820,1219,1388,1567,1680,1799,1232,1302,1096,1294,1484,1575,1661,1430,1518
4014,PapuaNewGuinea,598,SouthEasternAsia,920,10299,9536,8340,11657,14787,15116,15183,5938,5682,4630,5961,8029,8082,8155,4361,3854,3710,5696,6758,7034,7028
4015,SolomonIslands,90,SouthEasternAsia,920,365,363,347,322,319,297,288,318,316,301,234,180,169,165,47,47,46,88,139,128,123
4016,Vanuatu,548,SouthEasternAsia,920,0,0,0,0,0,0,0,0,0,0,0,0,0,0,0,0,0,0,0,0,0
4017,Micronesia,954,SouthEasternAsia,920,39674,44942,50164,50200,45629,44330,46271,22288,24329,26123,25808,23442,22819,23703,17386,20613,24041,24392,22187,21511,22568
4018,Guam,316,SouthEasternAsia,920,24879,28928,32976,31178,29379,29643,31367,12883,14664,16445,15805,15165,15291,16174,11996,14264,16531,15373,14214,14352,15193
4019,Kiribati,296,SouthEasternAsia,920,0,0,0,0,0,0,0,0,0,0,0,0,0,0,0,0,0,0,0,0,0
4020,MarshallIslands,584,SouthEasternAsia,920,120,209,311,398,509,541,541,38,102,173,220,293,311,312,82,107,138,178,216,230,229
4021,MicronesiaFedStatesof,583,SouthEasternAsia,920,170,154,143,133,128,125,127,97,98,80,73,70,68,70,73,56,63,60,58,57,57
4022,Nauru,520,SouthEasternAsia,920,100,92,85,79,36,57,65,66,61,57,53,25,41,49,34,31,28,26,11,16,16
4023,NorthernMarianaIslands,580,SouthEasternAsia,920,12836,12905,13757,15233,12330,11045,11150,8180,7799,7580,7822,5900,5260,5305,4656,5106,6177,7411,6430,5785,5845
4024,Palau,585,SouthEasternAsia,920,1569,2654,2892,3179,3247,2919,3021,1024,1605,1788,1835,1989,1848,1793,545,1049,1104,1344,1258,1071,1228
4025,Polynesia,957,SouthEasternAsia,920,395,638,882,1115,1347,1343,1345,226,356,488,617,744,739,741,169,282,394,498,603,604,604
4026,AmericanSamoa,16,SouthEasternAsia,920,380,622,864,1097,1329,1326,1328,218,348,479,607,734,729,731,162,274,385,490,595,597,597
4027,CookIslands,184,SouthEasternAsia,920,0,0,0,0,0,0,0,0,0,0,0,0,0,0,0,0,0,0,0,0,0
4028,FrenchPolynesia,258,SouthEasternAsia,920,15,16,18,18,18,17,17,8,8,9,10,10,10,10,7,8,9,8,8,7,7
4029,Niue,570,SouthEasternAsia,920,0,0,0,0,0,0,0,0,0,0,0,0,0,0,0,0,0,0,0,0,0
4030,Samoa,882,SouthEasternAsia,920,0,0,0,0,0,0,0,0,0,0,0,0,0,0,0,0,0,0,0,0,0
4031,Tokelau,772,SouthEasternAsia,920,0,0,0,0,0,0,0,0,0,0,0,0,0,0,0,0,0,0,0,0,0
4032,Tonga,776,SouthEasternAsia,920,0,0,0,0,0,0,0,0,0,0,0,0,0,0,0,0,0,0,0,0,0
4033,Tuvalu,798,SouthEasternAsia,920,0,0,0,0,0,0,0,0,0,0,0,0,0,0,0,0,0,0,0,0,0
4034,WallisandFutunaIslands,876,SouthEasternAsia,920,0,0,0,0,0,0,0,0,0,0,0,0,0,0,0,0,0,0,0,0,0
4035,SubSaharanAfrica,947,EasternAsia,906,23928,24440,31093,33217,36639,39098,41209,13395,13504,15525,18066,21374,23541,25336,10533,10936,15568,15151,15265,15557,15873
4036,NorthernAfricaandWesternAsia,1833,EasternAsia,906,14469,22037,29765,26885,35491,32957,40891,8206,8273,8542,11334,14073,13550,16149,6263,13764,21223,15551,21418,19407,24742
4037,CentralandSouthernAsia,921,EasternAsia,906,256169,335373,323267,361055,394268,412416,410936,132632,173797,169508,190024,202923,213402,172691,123537,161576,153759,171031,191345,199014,238245
4038,EasternandSouthEasternAsia,1832,EasternAsia,906,3553494,3722375,3996924,4741483,5499009,5939342,6238856,1862432,1924372,1997952,2289013,2579196,2793434,2879393,1691062,1798003,1998972,2452470,2919813,3145908,3359463
4039,LatinAmericaandtheCaribbean,1830,EasternAsia,906,177318,176130,178443,183522,199238,243598,285746,94683,93560,94275,97168,106558,135793,163792,82635,82570,84168,86354,92680,107805,121954
4040,OceaniaexcludingAustraliaandNewZealand,1835,EasternAsia,906,17492,23049,29667,24927,16896,16335,16808,8809,10184,11511,9993,7743,7587,7830,8683,12865,18156,14934,9153,8748,8978
4041,AustraliaandNewZealand,927,EasternAsia,906,219476,281171,358873,513174,714440,901056,1149596,110401,138014,170320,237716,328270,410717,523960,109075,143157,188553,275458,386170,490339,625636
4042,EuropeandNorthernAmerica,1829,EasternAsia,906,2786678,3582100,4404656,5135711,5967313,6832923,6635962,1357915,1746924,2150905,2497321,2858916,3222680,3109013,1428763,1835176,2253751,2638390,3108397,3610243,3526949
4043,Developedregions,901,EasternAsia,906,3844369,4746136,5734323,6829480,7934898,8906321,9017654,1886289,2334986,2787509,3287708,3763423,4196363,4224158,1958080,2411150,2946814,3541772,4171475,4709958,4793496
4044,Lessdevelopedregions,902,EasternAsia,906,3204655,3420539,3618365,4190494,4928396,5511404,5802350,1702184,1773642,1831029,2062927,2355630,2624341,2674006,1502471,1646897,1787336,2127567,2572766,2887063,3128344
4045,Leastdevelopedcountries,941,EasternAsia,906,256138,235282,215290,230141,253867,262422,262630,135399,125447,116900,124433,133479,139666,100013,120739,109835,98390,105708,120388,122756,162617
4046,LandlockedDevelopingCountriesLLDC,1636,EasternAsia,906,108403,113642,113380,126039,153014,167393,175988,52358,56731,59094,67182,79957,89869,95074,56045,56911,54286,58857,73057,77524,80914
4047,SmallislanddevelopingStatesSIDS,1637,EasternAsia,906,207621,274231,366477,412894,477160,544816,554857,98957,125207,159392,176161,201087,229768,233915,108664,149024,207085,236733,276073,315048,320942
4048,Highincomecountries,1503,EasternAsia,906,5881506,7017514,8287543,9816796,11471241,12865906,13177667,2987463,3510395,4057554,4688614,5340348,5933345,5993822,2894043,3507119,4229989,5128182,6130893,6932561,7183845
4049,Middleincomecountries,1517,EasternAsia,906,1135152,1117516,1033318,1167566,1349006,1502623,1590681,583303,581046,543862,643117,756154,861493,877287,551849,536470,489456,524449,592852,641130,713394
4050,Uppermiddleincomecountries,1502,EasternAsia,906,784043,686655,603312,732111,903224,1035674,1120415,395314,352237,315736,409260,518435,610728,664046,388729,334418,287576,322851,384789,424946,456369
4051,Lowermiddleincomecountries,1501,EasternAsia,906,351109,430861,430006,435455,445782,466949,470266,187989,228809,228126,233857,237719,250765,213241,163120,202052,201880,201598,208063,216184,257025
4052,Lowincomecountries,1500,EasternAsia,906,31337,30341,30248,34231,41864,47555,49836,17160,16518,16332,18211,21955,25092,26198,14177,13823,13916,16020,19909,22463,23638
4053,EasternAfrica,910,EasternAsia,906,2568,5338,10875,8522,6882,7416,7979,1573,1880,2574,2885,3701,4029,4400,995,3458,8301,5637,3181,3387,3579
4054,Burundi,108,EasternAsia,906,0,0,0,0,0,0,0,0,0,0,0,0,0,0,0,0,0,0,0,0,0
4055,Comoros,174,EasternAsia,906,0,0,0,0,0,0,0,0,0,0,0,0,0,0,0,0,0,0,0,0,0
4056,Djibouti,262,EasternAsia,906,0,0,0,0,0,0,0,0,0,0,0,0,0,0,0,0,0,0,0,0,0
4057,Eritrea,232,EasternAsia,906,8,53,98,102,112,135,117,2,45,88,92,101,122,106,6,8,10,10,11,13,11
4058,Ethiopia,231,EasternAsia,906,0,0,0,0,0,0,0,0,0,0,0,0,0,0,0,0,0,0,0,0,0
4059,Kenya,404,EasternAsia,906,0,0,0,0,0,0,0,0,0,0,0,0,0,0,0,0,0,0,0,0,0
4060,Madagascar,450,EasternAsia,906,1481,1312,1458,1609,1784,1979,2193,827,738,820,906,1005,1112,1234,654,574,638,703,779,867,959
4061,Malawi,454,EasternAsia,906,0,0,0,0,0,0,0,0,0,0,0,0,0,0,0,0,0,0,0,0,0
4062,Mauritius,480,EasternAsia,906,460,3332,8064,5183,2592,2983,3011,331,661,868,791,968,1207,1219,129,2671,7196,4392,1624,1776,1792
4063,Mayotte,175,EasternAsia,906,0,0,0,0,0,0,0,0,0,0,0,0,0,0,0,0,0,0,0,0,0
4064,Mozambique,508,EasternAsia,906,0,0,0,0,0,0,0,0,0,0,0,0,0,0,0,0,0,0,0,0,0
4065,Reunion,638,EasternAsia,906,0,0,0,0,0,0,0,0,0,0,0,0,0,0,0,0,0,0,0,0,0
4066,Rwanda,646,EasternAsia,906,0,0,0,0,0,0,0,0,0,0,0,0,0,0,0,0,0,0,0,0,0
4067,Seychelles,690,EasternAsia,906,58,80,103,279,456,510,519,43,66,89,243,398,449,459,15,14,14,36,58,61,60
4068,Somalia,706,EasternAsia,906,0,0,0,0,0,0,0,0,0,0,0,0,0,0,0,0,0,0,0,0,0
4069,SouthSudan,728,EasternAsia,906,0,0,0,0,0,0,0,0,0,0,0,0,0,0,0,0,0,0,0,0,0
4070,Uganda,800,EasternAsia,906,315,296,857,828,831,834,775,199,184,501,480,478,478,444,116,112,356,348,353,356,331
4071,UnitedRepublicofTanzania,834,EasternAsia,906,0,0,0,0,0,0,0,0,0,0,0,0,0,0,0,0,0,0,0,0,0
4072,Zambia,894,EasternAsia,906,246,265,295,521,1107,975,1364,171,186,208,373,751,661,938,75,79,87,148,356,314,426
4073,Zimbabwe,716,EasternAsia,906,0,0,0,0,0,0,0,0,0,0,0,0,0,0,0,0,0,0,0,0,0
4074,MiddleAfrica,911,EasternAsia,906,510,630,837,705,1174,1592,1641,408,499,668,547,962,1326,1364,102,131,169,158,212,266,277
4075,Angola,24,EasternAsia,906,0,0,0,0,0,0,0,0,0,0,0,0,0,0,0,0,0,0,0,0,0
4076,Cameroon,120,EasternAsia,906,0,0,0,0,0,0,0,0,0,0,0,0,0,0,0,0,0,0,0,0,0
4077,CentralAfricanRepublic,140,EasternAsia,906,0,0,0,0,0,0,0,0,0,0,0,0,0,0,0,0,0,0,0,0,0
4078,Chad,148,EasternAsia,906,0,0,0,0,0,0,0,0,0,0,0,0,0,0,0,0,0,0,0,0,0
4079,Congo,178,EasternAsia,906,283,327,459,292,695,924,917,260,299,419,273,643,852,846,23,28,40,19,52,72,71
4080,DemocraticRepublicoftheCongo,180,EasternAsia,906,0,0,0,0,0,0,0,0,0,0,0,0,0,0,0,0,0,0,0,0,0
4081,EquatorialGuinea,226,EasternAsia,906,0,0,0,0,0,0,0,0,0,0,0,0,0,0,0,0,0,0,0,0,0
4082,Gabon,266,EasternAsia,906,227,303,378,413,479,668,724,148,200,249,274,319,474,518,79,103,129,139,160,194,206
4083,SaoTomeandPrincipe,678,EasternAsia,906,0,0,0,0,0,0,0,0,0,0,0,0,0,0,0,0,0,0,0,0,0
4084,NorthernAfrica,912,EasternAsia,906,10340,8545,6987,7817,7679,7396,8993,6130,5046,4146,4942,4934,4903,5822,4210,3499,2841,2875,2745,2493,3171
4085,Algeria,12,EasternAsia,906,0,0,0,0,0,0,0,0,0,0,0,0,0,0,0,0,0,0,0,0,0
4086,Egypt,818,EasternAsia,906,2334,1945,1710,2036,2193,1506,2344,1414,1159,995,1237,1301,978,1419,920,786,715,799,892,528,925
4087,Libya,434,EasternAsia,906,6328,4889,3531,3891,4271,4779,5113,3853,3005,2250,2729,3006,3351,3621,2475,1884,1281,1162,1265,1428,1492
4088,Morocco,504,EasternAsia,906,0,0,0,0,0,0,0,0,0,0,0,0,0,0,0,0,0,0,0,0,0
4089,Sudan,729,EasternAsia,906,1678,1711,1746,1890,1215,1111,1536,863,882,901,976,627,574,782,815,829,845,914,588,537,754
4090,Tunisia,788,EasternAsia,906,0,0,0,0,0,0,0,0,0,0,0,0,0,0,0,0,0,0,0,0,0
4091,WesternSahara,732,EasternAsia,906,0,0,0,0,0,0,0,0,0,0,0,0,0,0,0,0,0,0,0,0,0
4092,SouthernAfrica,913,EasternAsia,906,19306,16948,17884,22122,22134,21116,21637,10317,10038,11220,13351,13065,13134,14064,8989,6910,6664,8771,9069,7982,7573
4093,Botswana,72,EasternAsia,906,874,1055,1348,2720,4111,4466,4777,844,1018,1301,2282,3278,3561,3812,30,37,47,438,833,905,965
4094,Eswatini,748,EasternAsia,906,0,0,0,0,0,0,0,0,0,0,0,0,0,0,0,0,0,0,0,0,0
4095,Lesotho,426,EasternAsia,906,162,140,114,116,118,168,221,92,80,65,66,67,97,126,70,60,49,50,51,71,95
4096,Namibia,516,EasternAsia,906,4962,4743,4409,3484,3355,3281,3508,3520,3374,3140,2476,2386,2336,2501,1442,1369,1269,1008,969,945,1007
4097,SouthAfrica,710,EasternAsia,906,13308,11010,12013,15802,14550,13201,13131,5861,5566,6714,8527,7334,7140,7625,7447,5444,5299,7275,7216,6061,5506
4098,WesternAfrica,914,EasternAsia,906,1544,1524,1497,1868,6449,8974,9952,1097,1087,1063,1283,3646,5052,5508,447,437,434,585,2803,3922,4444
4099,Benin,204,EasternAsia,906,0,0,0,0,0,0,0,0,0,0,0,0,0,0,0,0,0,0,0,0,0
4100,BurkinaFaso,854,EasternAsia,906,0,0,0,0,0,0,0,0,0,0,0,0,0,0,0,0,0,0,0,0,0
4101,CaboVerde,132,EasternAsia,906,32,44,55,40,23,24,23,14,20,27,19,11,11,11,18,24,28,21,12,13,12
4102,CotedIvoire,384,EasternAsia,906,0,0,0,0,0,0,0,0,0,0,0,0,0,0,0,0,0,0,0,0,0
4103,Gambia,270,EasternAsia,906,0,0,0,0,0,0,0,0,0,0,0,0,0,0,0,0,0,0,0,0,0
4104,Ghana,288,EasternAsia,906,151,151,168,236,235,288,329,117,120,131,187,188,231,267,34,31,37,49,47,57,62
4105,Guinea,324,EasternAsia,906,299,344,371,468,613,1881,1801,198,242,260,299,361,1161,1119,101,102,111,169,252,720,682
4106,GuineaBissau,624,EasternAsia,906,0,0,0,0,0,0,0,0,0,0,0,0,0,0,0,0,0,0,0,0,0
4107,Liberia,430,EasternAsia,906,0,0,0,0,0,0,0,0,0,0,0,0,0,0,0,0,0,0,0,0,0
4108,Mali,466,EasternAsia,906,301,190,76,309,4743,5834,6842,242,145,46,186,2452,3013,3541,59,45,30,123,2291,2821,3301
4109,Mauritania,478,EasternAsia,906,205,218,225,228,159,227,246,36,55,75,82,65,88,98,169,163,150,146,94,139,148
4110,Niger,562,EasternAsia,906,0,0,0,0,0,0,0,0,0,0,0,0,0,0,0,0,0,0,0,0,0
4111,Nigeria,566,EasternAsia,906,0,0,0,0,0,0,0,0,0,0,0,0,0,0,0,0,0,0,0,0,0
4112,SaintHelena,654,EasternAsia,906,0,0,0,0,0,0,0,0,0,0,0,0,0,0,0,0,0,0,0,0,0
4113,Senegal,686,EasternAsia,906,0,0,0,0,0,0,0,0,0,0,0,0,0,0,0,0,0,0,0,0,0
4114,SierraLeone,694,EasternAsia,906,309,299,289,235,217,203,190,291,281,271,225,195,126,45,18,18,18,10,22,77,145
4115,Togo,768,EasternAsia,906,247,278,313,352,459,517,521,199,224,253,285,374,422,427,48,54,60,67,85,95,94
4116,CentralAsia,5500,EasternAsia,906,64886,68901,72858,82814,92752,98162,103107,30788,33116,35381,41306,47216,50756,53332,34098,35785,37477,41508,45536,47406,49775
4117,Kazakhstan,398,EasternAsia,906,61545,65911,70274,80116,89955,95678,100691,29342,31755,34167,40044,45919,49607,52209,32203,34156,36107,40072,44036,46071,48482
4118,Kyrgyzstan,417,EasternAsia,906,3029,2737,2366,2489,2590,2281,2216,1308,1216,1084,1136,1171,1025,998,1721,1521,1282,1353,1419,1256,1218
4119,Tajikistan,762,EasternAsia,906,312,253,218,209,207,203,200,138,145,130,126,126,124,125,174,108,88,83,81,79,75
4120,Turkmenistan,795,EasternAsia,906,0,0,0,0,0,0,0,0,0,0,0,0,0,0,0,0,0,0,0,0,0
4121,Uzbekistan,860,EasternAsia,906,0,0,0,0,0,0,0,0,0,0,0,0,0,0,0,0,0,0,0,0,0
4122,EasternAsia,906,EasternAsia,906,2846041,3073620,3355873,4054130,4724730,5070782,5342694,1513079,1604987,1687957,1953400,2202414,2370204,2441375,1332962,1468633,1667916,2100730,2522316,2700578,2901319
4123,China,156,EasternAsia,906,42320,58142,68228,166836,282159,348048,378596,23690,32653,38630,100845,174541,221363,240789,18630,25489,29598,65991,107618,126685,137807
4124,DemPeoplesRepublicofKorea,408,EasternAsia,906,25818,25066,24311,27744,31175,34326,35105,13881,13328,12774,14362,15949,17659,18057,11937,11738,11537,13382,15226,16667,17048
4125,Japan,392,EasternAsia,906,838215,882865,970794,1180595,1253145,1172342,1232096,417973,450048,466284,552671,576237,562966,591185,420242,432817,504510,627924,676908,609376,640911
4126,Mongolia,496,EasternAsia,906,2098,2315,2560,6360,10891,13496,14528,1174,1348,1541,4871,8920,10372,11160,924,967,1019,1489,1971,3124,3368
4127,RepublicofKorea,410,EasternAsia,906,24386,57711,109405,266444,528773,801288,856584,13011,27813,53358,131836,250610,383524,399850,11375,29898,56047,134608,278163,417764,456734
4128,SouthEasternAsia,920,EasternAsia,906,707453,648755,641051,687353,774279,868560,896162,349353,319385,309995,335613,376782,423230,438018,358100,329370,331056,351740,397497,445330,458144
4129,BruneiDarussalam,96,EasternAsia,906,2112,2429,2744,2805,2866,2927,3182,1117,1299,1480,1521,1562,1603,1745,995,1130,1264,1284,1304,1324,1437
4130,Cambodia,116,EasternAsia,906,865,2268,3668,2863,2058,1857,1983,508,1328,2148,1710,1270,1161,1244,357,940,1520,1153,788,696,739
4131,Indonesia,360,EasternAsia,906,281711,186388,91067,98010,111237,123151,129487,136297,92692,49088,57026,64184,72187,75794,145414,93696,41979,40984,47053,50964,53693
4132,LaoPeoplesDemocraticRepublic,418,EasternAsia,906,4125,3743,3005,2820,8110,13400,14338,2251,2044,1664,1596,5576,9555,10226,1874,1699,1341,1224,2534,3845,4112
4133,Malaysia,458,EasternAsia,906,97826,73356,64847,44548,27143,33098,35072,49285,37141,32642,23819,16144,19888,21495,48541,36215,32205,20729,10999,13210,13577
4134,Myanmar,104,EasternAsia,906,72413,55637,44999,38118,35082,33656,35104,38077,29002,23227,19832,18543,17929,18698,34336,26635,21772,18286,16539,15727,16406
4135,Philippines,608,EasternAsia,906,58793,79119,102795,83200,61651,62616,66648,31734,41980,52011,42741,31621,32165,34312,27059,37139,50784,40459,30030,30451,32336
4136,Singapore,702,EasternAsia,906,177245,233092,311501,366057,441008,505913,514110,82645,106096,137564,156109,183074,209743,212791,94600,126996,173937,209948,257934,296170,301319
4137,Thailand,764,EasternAsia,906,10618,9992,11433,42784,77205,82833,86705,6400,6203,7197,27427,49941,53480,55941,4218,3789,4236,15357,27264,29353,30764
4138,TimorLeste,626,EasternAsia,906,928,1012,1104,1172,1196,953,938,588,637,690,781,851,674,664,340,375,414,391,345,279,274
4139,VietNam,704,EasternAsia,906,817,1719,3888,4976,6723,8156,8595,451,963,2284,3051,4016,4845,5108,366,756,1604,1925,2707,3311,3487
4140,SouthernAsia,5501,EasternAsia,906,191283,266472,250409,278241,301516,314254,307829,101844,140681,134127,148718,155707,162646,119359,89439,125791,116282,129523,145809,151608,188470
4141,Afghanistan,4,EasternAsia,906,0,0,0,0,0,0,0,0,0,0,0,0,0,0,0,0,0,0,0,0,0
4142,Bangladesh,50,EasternAsia,906,149205,140757,132309,156722,173293,176535,173113,80572,76010,71448,84631,93580,95330,53470,68633,64747,60861,72091,79713,81205,119643
4143,Bhutan,64,EasternAsia,906,496,583,671,840,1009,1066,1114,270,317,367,453,539,770,809,226,266,304,387,470,296,305
4144,India,356,EasternAsia,906,19068,98890,93219,98232,102066,112020,109805,11195,51149,47935,51035,52427,57548,56401,7873,47741,45284,47197,49639,54472,53404
4145,IranIslamicRepublicof,364,EasternAsia,906,0,0,0,0,0,0,0,0,0,0,0,0,0,0,0,0,0,0,0,0,0
4146,Maldives,462,EasternAsia,906,65,76,83,86,97,109,118,36,38,45,52,39,26,29,29,38,38,34,58,83,89
4147,Nepal,524,EasternAsia,906,21906,25260,22820,20155,20977,20302,19428,9448,12500,13348,10998,6200,5946,5580,12458,12760,9472,9157,14777,14356,13848
4148,Pakistan,586,EasternAsia,906,490,410,363,347,338,334,311,283,237,210,201,196,194,188,207,173,153,146,142,140,123
4149,SriLanka,144,EasternAsia,906,53,496,944,1859,3736,3888,3940,40,430,774,1348,2726,2832,2882,13,66,170,511,1010,1056,1058
4150,WesternAsia,922,EasternAsia,906,4129,13492,22778,19068,27812,25561,31898,2076,3227,4396,6392,9139,8647,10327,2053,10265,18382,12676,18673,16914,21571
4151,Armenia,51,EasternAsia,906,0,0,0,0,0,0,0,0,0,0,0,0,0,0,0,0,0,0,0,0,0
4152,Azerbaijan,31,EasternAsia,906,0,0,0,0,0,0,0,0,0,0,0,0,0,0,0,0,0,0,0,0,0
4153,Bahrain,48,EasternAsia,906,0,0,0,0,0,0,0,0,0,0,0,0,0,0,0,0,0,0,0,0,0
4154,Cyprus,196,EasternAsia,906,429,608,785,1180,1810,1659,1709,216,293,371,549,858,798,829,213,315,414,631,952,861,880
4155,Georgia,268,EasternAsia,906,421,337,103,97,97,101,101,186,159,43,41,41,44,45,235,178,60,56,56,57,56
4156,Iraq,368,EasternAsia,906,0,0,0,0,0,0,0,0,0,0,0,0,0,0,0,0,0,0,0,0,0
4157,Israel,376,EasternAsia,906,1027,1002,921,747,582,600,581,468,449,411,333,259,265,258,559,553,510,414,323,335,323
4158,Jordan,400,EasternAsia,906,472,6054,11630,8733,18026,16370,21212,265,849,1478,3222,5613,4478,5757,207,5205,10152,5511,12413,11892,15455
4159,Kuwait,414,EasternAsia,906,0,0,0,0,0,0,0,0,0,0,0,0,0,0,0,0,0,0,0,0,0
4160,Lebanon,422,EasternAsia,906,88,2596,5103,3918,2789,2358,2058,47,77,107,238,365,1130,1006,41,2519,4996,3680,2424,1228,1052
4161,Oman,512,EasternAsia,906,0,0,0,0,0,0,0,0,0,0,0,0,0,0,0,0,0,0,0,0,0
4162,Qatar,634,EasternAsia,906,0,0,0,0,0,0,0,0,0,0,0,0,0,0,0,0,0,0,0,0,0
4163,SaudiArabia,682,EasternAsia,906,0,0,0,0,0,0,0,0,0,0,0,0,0,0,0,0,0,0,0,0,0
4164,StateofPalestine,275,EasternAsia,906,0,0,0,0,0,0,0,0,0,0,0,0,0,0,0,0,0,0,0,0,0
4165,SyrianArabRepublic,760,EasternAsia,906,0,0,0,0,0,0,0,0,0,0,0,0,0,0,0,0,0,0,0,0,0
4166,Turkey,792,EasternAsia,906,1692,2895,4236,4393,4508,4473,6237,894,1400,1986,2009,2003,1932,2432,798,1495,2250,2384,2505,2541,3805
4167,UnitedArabEmirates,784,EasternAsia,906,0,0,0,0,0,0,0,0,0,0,0,0,0,0,0,0,0,0,0,0,0
4168,Yemen,887,EasternAsia,906,0,0,0,0,0,0,0,0,0,0,0,0,0,0,0,0,0,0,0,0,0
4169,EasternEurope,923,EasternAsia,906,115320,118810,119048,126416,132337,138542,156229,57631,62519,65730,69500,72737,75450,84949,57689,56291,53318,56916,59600,63092,71280
4170,Belarus,112,EasternAsia,906,215,242,266,256,245,257,249,98,89,78,74,72,76,75,117,153,188,182,173,181,174
4171,Bulgaria,100,EasternAsia,906,445,560,674,845,1023,1490,2138,255,304,353,434,518,694,1000,190,256,321,411,505,796,1138
4172,Czechia,203,EasternAsia,906,537,805,1071,6953,12151,12374,18770,276,424,571,3293,5839,5867,9278,261,381,500,3660,6312,6507,9492
4173,Hungary,348,EasternAsia,906,2674,6415,10155,12466,14887,17328,23457,1296,3199,5101,6360,7693,8580,11962,1378,3216,5054,6106,7194,8748,11495
4174,Poland,616,EasternAsia,906,1535,1310,1121,1635,2206,2098,2796,739,621,522,702,900,880,1337,796,689,599,933,1306,1218,1459
4175,RepublicofMoldova,498,EasternAsia,906,348,235,159,110,83,69,67,148,96,62,41,32,27,27,200,139,97,69,51,42,40
4176,Romania,642,EasternAsia,906,623,1362,2147,2135,2743,3796,7295,357,784,1235,1248,1626,2212,3966,266,578,912,887,1117,1584,3329
4177,RussianFederation,643,EasternAsia,906,100953,99680,94797,93864,91006,92745,92686,49538,51922,52439,52309,51128,51901,51874,51415,47758,42358,41555,39878,40844,40812
4178,Slovakia,703,EasternAsia,906,66,535,1156,1298,1454,1825,2103,36,268,574,655,743,1010,1157,30,267,582,643,711,815,946
4179,Ukraine,804,EasternAsia,906,7924,7666,7502,6854,6539,6560,6668,4888,4812,4795,4384,4186,4203,4273,3036,2854,2707,2470,2353,2357,2395
4180,NorthernEurope,924,EasternAsia,906,161776,242612,326327,365470,401358,491231,544672,76624,113475,151599,167235,185406,212196,239061,85152,129137,174728,198235,215952,279035,305611
4181,ChannelIslands,830,EasternAsia,906,0,0,0,0,0,0,0,0,0,0,0,0,0,0,0,0,0,0,0,0,0
4182,Denmark,208,EasternAsia,906,9425,11686,13942,18049,20709,22708,26137,3351,4213,5073,6598,7540,8207,9552,6074,7473,8869,11451,13169,14501,16585
4183,Estonia,233,EasternAsia,906,87,135,182,219,335,556,803,38,59,80,104,166,269,380,49,76,102,115,169,287,423
4184,FaroeIslands,234,EasternAsia,906,64,53,38,49,65,83,94,26,21,15,22,29,36,43,38,32,23,27,36,47,51
4185,Finland,246,EasternAsia,906,856,1652,2446,5687,8079,10862,13844,497,845,1195,2451,3368,4394,5737,359,807,1251,3236,4711,6468,8107
4186,Iceland,352,EasternAsia,906,107,186,262,435,631,737,935,44,80,115,165,225,236,322,63,106,147,270,406,501,613
4187,Ireland,372,EasternAsia,906,874,4147,9699,13681,15409,15741,18038,402,1892,4603,6923,7246,7298,8426,472,2255,5096,6758,8163,8443,9612
4188,IsleofMan,833,EasternAsia,906,0,0,0,0,0,0,0,0,0,0,0,0,0,0,0,0,0,0,0,0,0
4189,Latvia,428,EasternAsia,906,328,436,547,489,424,434,542,146,212,280,245,202,228,285,182,224,267,244,222,206,257
4190,Lithuania,440,EasternAsia,906,250,278,216,201,163,148,286,135,151,118,93,51,37,87,115,127,98,108,112,111,199
4191,Norway,578,EasternAsia,906,8280,9999,11454,14445,18194,21174,23141,3413,4097,4448,5290,6604,7852,8537,4867,5902,7006,9155,11590,13322,14604
4192,Sweden,752,EasternAsia,906,16432,19501,20259,26189,35367,43675,54323,6495,7619,7850,9549,13357,16953,21693,9937,11882,12409,16640,22010,26722,32630
4193,UnitedKingdom,826,EasternAsia,906,125073,194539,267282,286026,301982,375113,406529,62077,94286,127822,135795,146618,166686,183999,62996,100253,139460,150231,155364,208427,222530
4194,SouthernEurope,925,EasternAsia,906,61551,80950,103723,254133,393380,399600,465123,28000,37320,48392,126292,194922,189951,218083,33551,43630,55331,127841,198458,209649,247040
4195,Albania,8,EasternAsia,906,0,0,0,0,0,0,0,0,0,0,0,0,0,0,0,0,0,0,0,0,0
4196,Andorra,20,EasternAsia,906,0,0,0,0,0,0,0,0,0,0,0,0,0,0,0,0,0,0,0,0,0
4197,BosniaandHerzegovina,70,EasternAsia,906,0,0,0,0,0,0,0,0,0,0,0,0,0,0,0,0,0,0,0,0,0
4198,Croatia,191,EasternAsia,906,0,0,0,264,526,529,490,0,0,0,121,241,242,223,0,0,0,143,285,287,267
4199,Gibraltar,292,EasternAsia,906,0,0,0,0,0,0,0,0,0,0,0,0,0,0,0,0,0,0,0,0,0
4200,Greece,300,EasternAsia,906,2109,1736,1391,2821,4403,4145,4231,1333,966,600,1331,2134,1925,2116,776,770,791,1490,2269,2220,2115
4201,HolySee,336,EasternAsia,906,0,0,0,0,0,0,0,0,0,0,0,0,0,0,0,0,0,0,0,0,0
4202,Italy,380,EasternAsia,906,45987,65989,85988,149502,209200,211904,247308,19760,29675,39590,72602,103937,103424,119665,26227,36314,46398,76900,105263,108480,127643
4203,Malta,470,EasternAsia,906,163,191,243,287,329,557,1210,65,77,101,122,132,246,589,98,114,142,165,197,311,621
4204,Montenegro,499,EasternAsia,906,0,0,0,0,0,0,0,0,0,0,0,0,0,0,0,0,0,0,0,0,0
4205,NorthMacedonia,807,EasternAsia,906,0,0,0,0,0,0,0,0,0,0,0,0,0,0,0,0,0,0,0,0,0
4206,Portugal,620,EasternAsia,906,1645,3548,5603,9352,11554,13099,15014,786,1689,2669,4657,5883,6343,7507,859,1859,2934,4695,5671,6756,7507
4207,SanMarino,674,EasternAsia,906,0,0,0,0,0,0,0,0,0,0,0,0,0,0,0,0,0,0,0,0,0
4208,Serbia,688,EasternAsia,906,222,1423,1937,1912,1871,1828,1859,127,795,1064,1041,1018,994,1014,95,628,873,871,853,834,845
4209,Slovenia,705,EasternAsia,906,69,148,231,361,830,974,1264,35,83,136,194,468,516,659,34,65,95,167,362,458,605
4210,Spain,724,EasternAsia,906,11356,7915,8330,89634,164667,166564,193747,5894,4035,4232,46224,81109,76261,86310,5462,3880,4098,43410,83558,90303,107437
4211,WesternEurope,926,EasternAsia,906,214501,248635,283734,349474,419022,459009,583269,104150,116479,129266,152104,172342,184867,237447,110351,132156,154468,197370,246680,274142,345822
4212,Austria,40,EasternAsia,906,14045,15833,17619,19591,21811,21547,25551,5867,6732,7600,8192,8868,8327,10065,8178,9101,10019,11399,12943,13220,15486
4213,Belgium,56,EasternAsia,906,9849,11329,12477,19646,25138,28940,31749,5150,5538,5789,9060,10267,11885,12874,4699,5791,6688,10586,14871,17055,18875
4214,France,250,EasternAsia,906,80700,83309,85916,109089,144745,160421,176327,35175,35520,35866,45280,55880,59230,65356,45525,47789,50050,63809,88865,101191,110971
4215,Germany,276,EasternAsia,906,65790,84664,103536,121214,134983,138539,215941,37575,44138,50703,55366,58928,60021,93682,28215,40526,52833,65848,76055,78518,122259
4216,Liechtenstein,438,EasternAsia,906,28,40,52,58,84,98,135,14,21,27,29,39,43,57,14,19,25,29,45,55,78
4217,Luxembourg,442,EasternAsia,906,1402,1302,1220,1056,908,1384,5923,677,624,580,535,497,768,2678,725,678,640,521,411,616,3245
4218,Monaco,492,EasternAsia,906,0,0,0,0,0,0,0,0,0,0,0,0,0,0,0,0,0,0,0,0,0
4219,Netherlands,528,EasternAsia,906,29029,35502,43196,56074,65328,75347,89262,14177,17019,20389,24702,28568,32466,38407,14852,18483,22807,31372,36760,42881,50855
4220,Switzerland,756,EasternAsia,906,13658,16656,19718,22746,26025,32733,38381,5515,6887,8312,8940,9295,12127,14328,8143,9769,11406,13806,16730,20606,24053
4221,Caribbean,915,EasternAsia,906,8231,9398,10669,8868,7887,10200,10723,4729,5226,5778,4737,4144,5787,6150,3502,4172,4891,4131,3743,4413,4573
4222,Anguilla,660,EasternAsia,906,0,0,0,0,0,0,0,0,0,0,0,0,0,0,0,0,0,0,0,0,0
4223,AntiguaandBarbuda,28,EasternAsia,906,59,94,127,136,145,154,158,28,45,61,65,70,74,78,31,49,66,71,75,80,80
4224,Aruba,533,EasternAsia,906,247,435,622,855,1072,1127,1260,154,242,330,444,551,579,635,93,193,292,411,521,548,625
4225,Bahamas,44,EasternAsia,906,118,137,157,187,215,233,245,74,78,85,98,110,119,128,44,59,72,89,105,114,117
4226,Barbados,52,EasternAsia,906,0,0,0,30,41,43,42,0,0,0,17,23,25,25,0,0,0,13,18,18,17
4227,BritishVirginIslands,92,EasternAsia,906,0,0,0,0,0,0,0,0,0,0,0,0,0,0,0,0,0,0,0,0,0
4228,CaymanIslands,136,EasternAsia,906,6,13,22,20,20,20,21,5,10,16,15,14,15,16,1,3,6,5,6,5,5
4229,Cuba,192,EasternAsia,906,658,499,351,223,134,76,42,507,380,261,160,90,49,27,151,119,90,63,44,27,15
4230,CuraÃao,531,EasternAsia,906,0,0,0,0,676,730,849,0,0,0,0,336,365,435,0,0,0,0,340,365,414
4231,Dominica,212,EasternAsia,906,14,19,23,27,33,38,37,9,13,16,19,22,25,25,5,6,7,8,11,13,12
4232,DominicanRepublic,214,EasternAsia,906,5417,6017,6616,4453,2280,4685,4888,3073,3350,3628,2448,1264,2943,3069,2344,2667,2988,2005,1016,1742,1819
4233,Grenada,308,EasternAsia,906,0,0,0,0,0,0,0,0,0,0,0,0,0,0,0,0,0,0,0,0,0
4234,Guadeloupe,312,EasternAsia,906,0,0,0,0,0,0,0,0,0,0,0,0,0,0,0,0,0,0,0,0,0
4235,Haiti,332,EasternAsia,906,569,539,511,485,508,532,556,320,304,288,274,287,301,318,249,235,223,211,221,231,238
4236,Jamaica,388,EasternAsia,906,0,0,0,0,0,0,0,0,0,0,0,0,0,0,0,0,0,0,0,0,0
4237,Martinique,474,EasternAsia,906,68,103,139,145,151,175,173,33,55,77,79,81,92,91,35,48,62,66,70,83,82
4238,Montserrat,500,EasternAsia,906,0,0,0,0,0,0,0,0,0,0,0,0,0,0,0,0,0,0,0,0,0
4239,PuertoRico,630,EasternAsia,906,574,1076,1582,1666,1543,1285,1251,272,514,753,790,722,601,583,302,562,829,876,821,684,668
4240,SaintBarthelemy,652,EasternAsia,906,0,0,0,0,0,0,0,0,0,0,0,0,0,0,0,0,0,0,0,0,0
4241,SaintKittsandNevis,659,EasternAsia,906,0,0,0,0,0,0,0,0,0,0,0,0,0,0,0,0,0,0,0,0,0
4242,SaintLucia,662,EasternAsia,906,32,41,58,64,66,62,57,12,16,23,27,29,28,27,20,25,35,37,37,34,30
4243,SaintMartinFrenchpart,663,EasternAsia,906,0,0,0,0,0,0,0,0,0,0,0,0,0,0,0,0,0,0,0,0,0
4244,SaintVincentandtheGrenadines,670,EasternAsia,906,0,0,0,0,0,0,0,0,0,0,0,0,0,0,0,0,0,0,0,0,0
4245,SintMaartenDutchpart,534,EasternAsia,906,0,0,0,83,167,174,183,0,0,0,44,88,91,97,0,0,0,39,79,83,86
4246,TrinidadandTobago,780,EasternAsia,906,469,425,461,494,836,866,961,242,219,240,257,457,480,596,227,206,221,237,379,386,365
4247,TurksandCaicosIslands,796,EasternAsia,906,0,0,0,0,0,0,0,0,0,0,0,0,0,0,0,0,0,0,0,0,0
4248,UnitedStatesVirginIslands,850,EasternAsia,906,0,0,0,0,0,0,0,0,0,0,0,0,0,0,0,0,0,0,0,0,0
4249,CentralAmerica,916,EasternAsia,906,20158,23488,28960,31193,40549,46212,53196,11538,12934,15476,16761,22023,26323,30809,8620,10554,13484,14432,18526,19889,22387
4250,Belize,84,EasternAsia,906,598,872,1144,1434,1798,2119,2401,365,498,630,789,990,1161,1318,233,374,514,645,808,958,1083
4251,CostaRica,188,EasternAsia,906,2141,2127,3177,2090,4112,4164,4992,1185,1186,1742,1132,2233,2254,2820,956,941,1435,958,1879,1910,2172
4252,ElSalvador,222,EasternAsia,906,521,433,343,389,431,449,453,331,272,214,242,268,279,282,190,161,129,147,163,170,171
4253,Guatemala,320,EasternAsia,906,681,1159,1636,1944,2252,2471,2783,291,590,891,1115,1342,1493,1678,390,569,745,829,910,978,1105
4254,Honduras,340,EasternAsia,906,601,625,645,632,618,865,880,383,390,396,389,385,540,551,218,235,249,243,233,325,329
4255,Mexico,484,EasternAsia,906,4800,7077,9664,11312,14270,16184,17748,2693,3687,4860,5948,7733,10012,11062,2107,3390,4804,5364,6537,6172,6686
4256,Nicaragua,558,EasternAsia,906,129,103,154,211,224,240,246,90,71,102,134,144,156,162,39,32,52,77,80,84,84
4257,Panama,591,EasternAsia,906,10687,11092,12197,13181,16844,19720,23693,6200,6240,6641,7012,8928,10428,12936,4487,4852,5556,6169,7916,9292,10757
4258,SouthAmerica,931,EasternAsia,906,148929,143244,138814,143461,150802,187186,221827,78416,75400,73021,75670,80391,103683,126833,70513,67844,65793,67791,70411,83503,94994
4259,Argentina,32,EasternAsia,906,20349,20148,19947,21691,23419,27022,27283,10163,10297,10433,11260,12079,13928,14146,10186,9851,9514,10431,11340,13094,13137
4260,BoliviaPlurinationalStateof,68,EasternAsia,906,2883,2766,2618,2733,2840,3311,3676,1598,1525,1434,1505,1572,1829,2032,1285,1241,1184,1228,1268,1482,1644
4261,Brazil,76,EasternAsia,906,95300,88364,81428,79506,76520,90201,98001,49907,46074,42241,41096,39356,45979,51164,45393,42290,39187,38410,37164,44222,46837
4262,Chile,152,EasternAsia,906,1124,1691,2258,3733,5208,7889,15921,653,927,1232,2065,2899,4541,9028,471,764,1026,1668,2309,3348,6893
4263,Colombia,170,EasternAsia,906,1748,1938,2127,2208,2251,2274,2273,1009,1108,1206,1244,1292,1329,1341,739,830,921,964,959,945,932
4264,Ecuador,218,EasternAsia,906,1364,1731,2098,2512,3995,5054,5281,775,988,1204,1463,2285,2879,3268,589,743,894,1049,1710,2175,2013
4265,FalklandIslandsMalvinas,238,EasternAsia,906,0,0,0,0,0,0,0,0,0,0,0,0,0,0,0,0,0,0,0,0,0
4266,FrenchGuiana,254,EasternAsia,906,961,1201,1440,1236,1032,1466,1647,514,614,713,614,515,682,766,447,587,727,622,517,784,881
4267,Guyana,328,EasternAsia,906,263,422,580,780,610,645,676,154,249,343,465,375,397,416,109,173,237,315,235,248,260
4268,Paraguay,600,EasternAsia,906,9763,7893,5999,5713,5442,5310,5751,5133,4172,3176,3025,2876,2804,3047,4630,3721,2823,2688,2566,2506,2704
4269,Peru,604,EasternAsia,906,5105,5113,5977,7022,10866,23979,41622,2723,2698,3151,3741,6434,17882,30477,2382,2415,2826,3281,4432,6097,11145
4270,Suriname,740,EasternAsia,906,2055,2538,3135,3836,4526,4915,5446,1109,1374,1697,2090,2468,2683,2993,946,1164,1438,1746,2058,2232,2453
4271,Uruguay,858,EasternAsia,906,0,0,0,0,0,0,0,0,0,0,0,0,0,0,0,0,0,0,0,0,0
4272,VenezuelaBolivarianRepublicof,862,EasternAsia,906,8014,9439,11207,12491,14093,15120,14250,4678,5374,6191,7102,8240,8750,8155,3336,4065,5016,5389,5853,6370,6095
4273,Bermuda,60,EasternAsia,906,194,316,372,232,71,110,84,134,158,150,92,26,43,35,60,158,222,140,45,67,49
4274,Canada,124,EasternAsia,906,448634,599648,764918,861080,962560,1010456,1094870,218406,290221,369001,402779,441488,454497,492376,230228,309427,395917,458301,521072,555959,602494
4275,Greenland,304,EasternAsia,906,0,0,1,5,7,11,10,0,0,1,4,1,2,2,0,0,0,1,6,9,8
4276,SaintPierreandMiquelon,666,EasternAsia,906,0,0,0,0,0,0,0,0,0,0,0,0,0,0,0,0,0,0,0,0,0
4277,UnitedStatesofAmerica,840,EasternAsia,906,1784702,2291129,2806533,3178901,3658578,4333964,3791705,872970,1126752,1386766,1579315,1791994,2105674,1837060,911732,1164377,1419767,1599586,1866584,2228290,1954645
4278,Australia,36,EasternAsia,906,202650,232560,284140,394415,584900,762810,945247,102250,115109,133995,180071,265499,343864,425139,100400,117451,150145,214344,319401,418946,520108
4279,NewZealand,554,EasternAsia,906,16826,48611,74733,118759,129540,138246,204349,8151,22905,36325,57645,62771,66853,98821,8675,25706,38408,61114,66769,71393,105528
4280,Melanesia,928,EasternAsia,906,1790,1797,1665,1731,1694,1679,1695,962,971,896,971,941,938,955,828,826,769,760,753,741,740
4281,Fiji,242,EasternAsia,906,848,835,833,836,898,925,946,452,441,440,441,480,499,511,396,394,393,395,418,426,435
4282,NewCaledonia,540,EasternAsia,906,77,89,101,107,114,87,91,41,47,52,56,60,42,45,36,42,49,51,54,45,46
4283,PapuaNewGuinea,598,EasternAsia,906,485,496,370,480,406,410,408,224,240,172,286,244,251,255,261,256,198,194,162,159,153
4284,SolomonIslands,90,EasternAsia,906,380,377,361,308,276,257,250,245,243,232,188,157,146,144,135,134,129,120,119,111,106
4285,Vanuatu,548,EasternAsia,906,0,0,0,0,0,0,0,0,0,0,0,0,0,0,0,0,0,0,0,0,0
4286,Micronesia,954,EasternAsia,906,14574,19948,26534,21469,13293,12840,13317,7208,8468,9772,8017,5669,5572,5805,7366,11480,16762,13452,7624,7268,7512
4287,Guam,316,EasternAsia,906,7756,8077,8396,7650,6902,6963,7359,4511,4356,4199,3881,3563,3593,3800,3245,3721,4197,3769,3339,3370,3559
4288,Kiribati,296,EasternAsia,906,0,0,0,0,0,0,0,0,0,0,0,0,0,0,0,0,0,0,0,0,0
4289,MarshallIslands,584,EasternAsia,906,40,89,153,231,296,318,318,35,61,107,156,199,211,212,5,28,46,75,97,107,106
4290,MicronesiaFedStatesof,583,EasternAsia,906,139,124,117,116,115,116,113,79,80,68,67,69,70,70,60,44,49,49,46,46,43
4291,Nauru,520,EasternAsia,906,504,466,428,402,125,198,229,295,273,251,233,74,120,144,209,193,177,169,51,78,85
4292,NorthernMarianaIslands,580,EasternAsia,906,5735,10512,15930,12277,5097,4564,4602,2002,3241,4233,3153,1273,1123,1134,3733,7271,11697,9124,3824,3441,3468
4293,Palau,585,EasternAsia,906,400,680,1510,793,758,681,696,286,457,914,527,491,455,445,114,223,596,266,267,226,251
4294,Polynesia,957,EasternAsia,906,1128,1304,1468,1727,1909,1816,1796,639,745,843,1005,1133,1077,1070,489,559,625,722,776,739,726
4295,AmericanSamoa,16,EasternAsia,906,301,392,481,689,896,893,894,177,241,304,437,570,567,570,124,151,177,252,326,326,324
4296,CookIslands,184,EasternAsia,906,0,0,0,0,0,0,0,0,0,0,0,0,0,0,0,0,0,0,0,0,0
4297,FrenchPolynesia,258,EasternAsia,906,567,622,666,697,673,638,638,284,304,318,335,334,317,317,283,318,348,362,339,321,321
4298,Niue,570,EasternAsia,906,0,0,0,0,0,0,0,0,0,0,0,0,0,0,0,0,0,0,0,0,0
4299,Samoa,882,EasternAsia,906,119,129,140,130,115,93,85,94,102,111,103,90,74,70,25,27,29,27,25,19,15
4300,Tokelau,772,EasternAsia,906,0,0,0,0,0,0,0,0,0,0,0,0,0,0,0,0,0,0,0,0,0
4301,Tonga,776,EasternAsia,906,141,161,181,211,225,192,179,84,98,110,130,139,119,113,57,63,71,81,86,73,66
4302,Tuvalu,798,EasternAsia,906,0,0,0,0,0,0,0,0,0,0,0,0,0,0,0,0,0,0,0,0,0
4303,WallisandFutunaIslands,876,EasternAsia,906,0,0,0,0,0,0,0,0,0,0,0,0,0,0,0,0,0,0,0,0,0
4304,SubSaharanAfrica,947,CentralAsia,5500,0,0,0,20,1517,1869,2188,0,0,0,8,867,1068,1254,0,0,0,12,650,801,934
4305,NorthernAfricaandWesternAsia,1833,CentralAsia,5500,125398,107502,99801,95664,92069,93181,99664,56821,50802,47133,44794,43501,43986,46478,68577,56700,52668,50870,48568,49195,53186
4306,CentralandSouthernAsia,921,CentralAsia,5500,477950,473186,462131,496462,488597,488831,491804,224428,228038,220842,243095,246000,247167,250619,253522,245148,241289,253367,242597,241664,241185
4307,EasternandSouthEasternAsia,1832,CentralAsia,5500,655,3014,6156,11867,32244,45633,59664,339,2109,4503,8653,23868,33304,43336,316,905,1653,3214,8376,12329,16328
4308,LatinAmericaandtheCaribbean,1830,CentralAsia,5500,9,16,20,46,130,147,150,3,7,9,12,32,36,40,6,9,11,34,98,111,110
4309,OceaniaexcludingAustraliaandNewZealand,1835,CentralAsia,5500,0,0,0,0,0,0,0,0,0,0,0,0,0,0,0,0,0,0,0,0,0
4310,AustraliaandNewZealand,927,CentralAsia,5500,709,868,1050,1800,3040,4510,5389,322,370,499,766,1287,1820,2175,387,498,551,1034,1753,2690,3214
4311,EuropeandNorthernAmerica,1829,CentralAsia,5500,5115171,5575273,5893187,6313040,6614698,6793861,7176645,2475834,2697343,2849330,3075443,3242512,3313066,3463477,2639337,2877930,3043857,3237597,3372186,3480795,3713168
4312,Developedregions,901,CentralAsia,5500,5115880,5576141,5894237,6314840,6617738,6798371,7182034,2476156,2697713,2849829,3076209,3243799,3314886,3465652,2639724,2878428,3044408,3238631,3373939,3483485,3716382
4313,Lessdevelopedregions,902,CentralAsia,5500,604012,583718,568108,604059,614557,629661,653470,281591,280956,272487,296562,314268,325561,341727,322421,302762,295621,307497,300289,304100,311743
4314,Leastdevelopedcountries,941,CentralAsia,5500,42564,38569,34575,29882,26678,17614,6787,24023,21769,19515,16867,15074,7736,3056,18541,16800,15060,13015,11604,9878,3731
4315,LandlockedDevelopingCountriesLLDC,1636,CentralAsia,5500,537701,520598,503553,530856,520843,521034,523493,251032,250200,240104,257970,260283,261742,265077,286669,270398,263449,272886,260560,259292,258416
4316,SmallislanddevelopingStatesSIDS,1637,CentralAsia,5500,3,4,4,7,11,10,10,3,4,4,4,5,5,5,0,0,0,3,6,5,5
4317,Highincomecountries,1503,CentralAsia,5500,187172,454968,731380,984547,1204553,1306417,1696981,94382,205418,320916,464076,592814,640023,797582,92790,249550,410464,520471,611739,666394,899399
4318,Middleincomecountries,1517,CentralAsia,5500,5449081,5636506,5675100,5883967,5980592,6083876,6111536,2621306,2737259,2771348,2881595,2939909,2982661,2996683,2827775,2899247,2903752,3002372,3040683,3101215,3114853
4319,Uppermiddleincomecountries,1502,CentralAsia,5500,4749803,4936501,4955343,5227523,5393171,5501211,5520986,2320748,2424062,2437626,2576627,2663442,2707689,2717844,2429055,2512439,2517717,2650896,2729729,2793522,2803142
4320,Lowermiddleincomecountries,1501,CentralAsia,5500,699278,700005,719757,656444,587421,582665,590550,300558,313197,333722,304968,276467,274972,278839,398720,386808,386035,351476,310954,307693,311711
4321,Lowincomecountries,1500,CentralAsia,5500,83639,68385,55865,50385,47150,37739,26987,42059,35992,30052,27100,25344,17763,13114,41580,32393,25813,23285,21806,19976,13873
4322,EasternAfrica,910,CentralAsia,5500,0,0,0,0,0,0,0,0,0,0,0,0,0,0,0,0,0,0,0,0,0
4323,Burundi,108,CentralAsia,5500,0,0,0,0,0,0,0,0,0,0,0,0,0,0,0,0,0,0,0,0,0
4324,Comoros,174,CentralAsia,5500,0,0,0,0,0,0,0,0,0,0,0,0,0,0,0,0,0,0,0,0,0
4325,Djibouti,262,CentralAsia,5500,0,0,0,0,0,0,0,0,0,0,0,0,0,0,0,0,0,0,0,0,0
4326,Eritrea,232,CentralAsia,5500,0,0,0,0,0,0,0,0,0,0,0,0,0,0,0,0,0,0,0,0,0
4327,Ethiopia,231,CentralAsia,5500,0,0,0,0,0,0,0,0,0,0,0,0,0,0,0,0,0,0,0,0,0
4328,Kenya,404,CentralAsia,5500,0,0,0,0,0,0,0,0,0,0,0,0,0,0,0,0,0,0,0,0,0
4329,Madagascar,450,CentralAsia,5500,0,0,0,0,0,0,0,0,0,0,0,0,0,0,0,0,0,0,0,0,0
4330,Malawi,454,CentralAsia,5500,0,0,0,0,0,0,0,0,0,0,0,0,0,0,0,0,0,0,0,0,0
4331,Mauritius,480,CentralAsia,5500,0,0,0,0,0,0,0,0,0,0,0,0,0,0,0,0,0,0,0,0,0
4332,Mayotte,175,CentralAsia,5500,0,0,0,0,0,0,0,0,0,0,0,0,0,0,0,0,0,0,0,0,0
4333,Mozambique,508,CentralAsia,5500,0,0,0,0,0,0,0,0,0,0,0,0,0,0,0,0,0,0,0,0,0
4334,Reunion,638,CentralAsia,5500,0,0,0,0,0,0,0,0,0,0,0,0,0,0,0,0,0,0,0,0,0
4335,Rwanda,646,CentralAsia,5500,0,0,0,0,0,0,0,0,0,0,0,0,0,0,0,0,0,0,0,0,0
4336,Seychelles,690,CentralAsia,5500,0,0,0,0,0,0,0,0,0,0,0,0,0,0,0,0,0,0,0,0,0
4337,Somalia,706,CentralAsia,5500,0,0,0,0,0,0,0,0,0,0,0,0,0,0,0,0,0,0,0,0,0
4338,SouthSudan,728,CentralAsia,5500,0,0,0,0,0,0,0,0,0,0,0,0,0,0,0,0,0,0,0,0,0
4339,Uganda,800,CentralAsia,5500,0,0,0,0,0,0,0,0,0,0,0,0,0,0,0,0,0,0,0,0,0
4340,UnitedRepublicofTanzania,834,CentralAsia,5500,0,0,0,0,0,0,0,0,0,0,0,0,0,0,0,0,0,0,0,0,0
4341,Zambia,894,CentralAsia,5500,0,0,0,0,0,0,0,0,0,0,0,0,0,0,0,0,0,0,0,0,0
4342,Zimbabwe,716,CentralAsia,5500,0,0,0,0,0,0,0,0,0,0,0,0,0,0,0,0,0,0,0,0,0
4343,MiddleAfrica,911,CentralAsia,5500,0,0,0,0,0,0,0,0,0,0,0,0,0,0,0,0,0,0,0,0,0
4344,Angola,24,CentralAsia,5500,0,0,0,0,0,0,0,0,0,0,0,0,0,0,0,0,0,0,0,0,0
4345,Cameroon,120,CentralAsia,5500,0,0,0,0,0,0,0,0,0,0,0,0,0,0,0,0,0,0,0,0,0
4346,CentralAfricanRepublic,140,CentralAsia,5500,0,0,0,0,0,0,0,0,0,0,0,0,0,0,0,0,0,0,0,0,0
4347,Chad,148,CentralAsia,5500,0,0,0,0,0,0,0,0,0,0,0,0,0,0,0,0,0,0,0,0,0
4348,Congo,178,CentralAsia,5500,0,0,0,0,0,0,0,0,0,0,0,0,0,0,0,0,0,0,0,0,0
4349,DemocraticRepublicoftheCongo,180,CentralAsia,5500,0,0,0,0,0,0,0,0,0,0,0,0,0,0,0,0,0,0,0,0,0
4350,EquatorialGuinea,226,CentralAsia,5500,0,0,0,0,0,0,0,0,0,0,0,0,0,0,0,0,0,0,0,0,0
4351,Gabon,266,CentralAsia,5500,0,0,0,0,0,0,0,0,0,0,0,0,0,0,0,0,0,0,0,0,0
4352,SaoTomeandPrincipe,678,CentralAsia,5500,0,0,0,0,0,0,0,0,0,0,0,0,0,0,0,0,0,0,0,0,0
4353,NorthernAfrica,912,CentralAsia,5500,1180,1540,1955,2195,2400,2453,4512,709,1059,1454,1712,1873,1953,3130,471,481,501,483,527,500,1382
4354,Algeria,12,CentralAsia,5500,0,0,0,0,0,0,0,0,0,0,0,0,0,0,0,0,0,0,0,0,0
4355,Egypt,818,CentralAsia,5500,343,363,413,493,532,365,561,212,232,273,337,358,262,386,131,131,140,156,174,103,175
4356,Libya,434,CentralAsia,5500,837,1177,1542,1702,1868,2088,3951,497,827,1181,1375,1515,1691,2744,340,350,361,327,353,397,1207
4357,Morocco,504,CentralAsia,5500,0,0,0,0,0,0,0,0,0,0,0,0,0,0,0,0,0,0,0,0,0
4358,Sudan,729,CentralAsia,5500,0,0,0,0,0,0,0,0,0,0,0,0,0,0,0,0,0,0,0,0,0
4359,Tunisia,788,CentralAsia,5500,0,0,0,0,0,0,0,0,0,0,0,0,0,0,0,0,0,0,0,0,0
4360,WesternSahara,732,CentralAsia,5500,0,0,0,0,0,0,0,0,0,0,0,0,0,0,0,0,0,0,0,0,0
4361,SouthernAfrica,913,CentralAsia,5500,0,0,0,20,29,37,42,0,0,0,8,11,14,19,0,0,0,12,18,23,23
4362,Botswana,72,CentralAsia,5500,0,0,0,0,0,0,0,0,0,0,0,0,0,0,0,0,0,0,0,0,0
4363,Eswatini,748,CentralAsia,5500,0,0,0,0,0,0,0,0,0,0,0,0,0,0,0,0,0,0,0,0,0
4364,Lesotho,426,CentralAsia,5500,0,0,0,0,0,0,0,0,0,0,0,0,0,0,0,0,0,0,0,0,0
4365,Namibia,516,CentralAsia,5500,0,0,0,0,0,0,0,0,0,0,0,0,0,0,0,0,0,0,0,0,0
4366,SouthAfrica,710,CentralAsia,5500,0,0,0,20,29,37,42,0,0,0,8,11,14,19,0,0,0,12,18,23,23
4367,WesternAfrica,914,CentralAsia,5500,0,0,0,0,1488,1832,2146,0,0,0,0,856,1054,1235,0,0,0,0,632,778,911
4368,Benin,204,CentralAsia,5500,0,0,0,0,0,0,0,0,0,0,0,0,0,0,0,0,0,0,0,0,0
4369,BurkinaFaso,854,CentralAsia,5500,0,0,0,0,0,0,0,0,0,0,0,0,0,0,0,0,0,0,0,0,0
4370,CaboVerde,132,CentralAsia,5500,0,0,0,0,0,0,0,0,0,0,0,0,0,0,0,0,0,0,0,0,0
4371,CotedIvoire,384,CentralAsia,5500,0,0,0,0,0,0,0,0,0,0,0,0,0,0,0,0,0,0,0,0,0
4372,Gambia,270,CentralAsia,5500,0,0,0,0,0,0,0,0,0,0,0,0,0,0,0,0,0,0,0,0,0
4373,Ghana,288,CentralAsia,5500,0,0,0,0,0,0,0,0,0,0,0,0,0,0,0,0,0,0,0,0,0
4374,Guinea,324,CentralAsia,5500,0,0,0,0,0,2,0,0,0,0,0,0,2,0,0,0,0,0,0,0,0
4375,GuineaBissau,624,CentralAsia,5500,0,0,0,0,0,0,0,0,0,0,0,0,0,0,0,0,0,0,0,0,0
4376,Liberia,430,CentralAsia,5500,0,0,0,0,0,0,0,0,0,0,0,0,0,0,0,0,0,0,0,0,0
4377,Mali,466,CentralAsia,5500,0,0,0,0,1488,1830,2146,0,0,0,0,856,1052,1235,0,0,0,0,632,778,911
4378,Mauritania,478,CentralAsia,5500,0,0,0,0,0,0,0,0,0,0,0,0,0,0,0,0,0,0,0,0,0
4379,Niger,562,CentralAsia,5500,0,0,0,0,0,0,0,0,0,0,0,0,0,0,0,0,0,0,0,0,0
4380,Nigeria,566,CentralAsia,5500,0,0,0,0,0,0,0,0,0,0,0,0,0,0,0,0,0,0,0,0,0
4381,SaintHelena,654,CentralAsia,5500,0,0,0,0,0,0,0,0,0,0,0,0,0,0,0,0,0,0,0,0,0
4382,Senegal,686,CentralAsia,5500,0,0,0,0,0,0,0,0,0,0,0,0,0,0,0,0,0,0,0,0,0
4383,SierraLeone,694,CentralAsia,5500,0,0,0,0,0,0,0,0,0,0,0,0,0,0,0,0,0,0,0,0,0
4384,Togo,768,CentralAsia,5500,0,0,0,0,0,0,0,0,0,0,0,0,0,0,0,0,0,0,0,0,0
4385,CentralAsia,5500,CentralAsia,5500,433741,432327,423916,462141,459911,470242,484776,200225,206072,200702,224378,229830,238907,247462,233516,226255,223214,237763,230081,231335,237314
4386,Kazakhstan,398,CentralAsia,5500,142934,164240,185557,236299,287050,305313,321344,71241,81892,92543,121245,149948,161876,170376,71693,82348,93014,115054,137102,143437,150968
4387,Kyrgyzstan,417,CentralAsia,5500,65803,64484,51074,36267,28757,25329,24658,27821,27538,22114,15267,12008,10492,10217,37982,36946,28960,21000,16749,14837,14441
4388,Tajikistan,762,CentralAsia,5500,41075,29816,21290,20503,20472,20125,20200,18036,14223,10537,10233,10270,10027,10058,23039,15593,10753,10270,10202,10098,10142
4389,Turkmenistan,795,CentralAsia,5500,142803,134595,107219,102679,91110,89128,88462,64724,64914,50395,48939,42138,41810,42177,78079,69681,56824,53740,48972,47318,46285
4390,Uzbekistan,860,CentralAsia,5500,41126,39192,58776,66393,32522,30347,30112,18403,17505,25113,28694,15466,14702,14634,22723,21687,33663,37699,17056,15645,15478
4391,EasternAsia,906,CentralAsia,5500,655,3014,6156,11867,32244,45633,59664,339,2109,4503,8653,23868,33304,43336,316,905,1653,3214,8376,12329,16328
4392,China,156,CentralAsia,5500,0,0,0,0,0,0,0,0,0,0,0,0,0,0,0,0,0,0,0,0,0
4393,DemPeoplesRepublicofKorea,408,CentralAsia,5500,0,0,0,0,0,0,0,0,0,0,0,0,0,0,0,0,0,0,0,0,0
4394,Japan,392,CentralAsia,5500,0,0,0,0,0,0,0,0,0,0,0,0,0,0,0,0,0,0,0,0,0
4395,Mongolia,496,CentralAsia,5500,528,583,644,384,170,210,225,247,288,333,189,88,81,87,281,295,311,195,82,129,138
4396,RepublicofKorea,410,CentralAsia,5500,127,2431,5512,11483,32074,45423,59439,92,1821,4170,8464,23780,33223,43249,35,610,1342,3019,8294,12200,16190
4397,SouthEasternAsia,920,CentralAsia,5500,0,0,0,0,0,0,0,0,0,0,0,0,0,0,0,0,0,0,0,0,0
4398,BruneiDarussalam,96,CentralAsia,5500,0,0,0,0,0,0,0,0,0,0,0,0,0,0,0,0,0,0,0,0,0
4399,Cambodia,116,CentralAsia,5500,0,0,0,0,0,0,0,0,0,0,0,0,0,0,0,0,0,0,0,0,0
4400,Indonesia,360,CentralAsia,5500,0,0,0,0,0,0,0,0,0,0,0,0,0,0,0,0,0,0,0,0,0
4401,LaoPeoplesDemocraticRepublic,418,CentralAsia,5500,0,0,0,0,0,0,0,0,0,0,0,0,0,0,0,0,0,0,0,0,0
4402,Malaysia,458,CentralAsia,5500,0,0,0,0,0,0,0,0,0,0,0,0,0,0,0,0,0,0,0,0,0
4403,Myanmar,104,CentralAsia,5500,0,0,0,0,0,0,0,0,0,0,0,0,0,0,0,0,0,0,0,0,0
4404,Philippines,608,CentralAsia,5500,0,0,0,0,0,0,0,0,0,0,0,0,0,0,0,0,0,0,0,0,0
4405,Singapore,702,CentralAsia,5500,0,0,0,0,0,0,0,0,0,0,0,0,0,0,0,0,0,0,0,0,0
4406,Thailand,764,CentralAsia,5500,0,0,0,0,0,0,0,0,0,0,0,0,0,0,0,0,0,0,0,0,0
4407,TimorLeste,626,CentralAsia,5500,0,0,0,0,0,0,0,0,0,0,0,0,0,0,0,0,0,0,0,0,0
4408,VietNam,704,CentralAsia,5500,0,0,0,0,0,0,0,0,0,0,0,0,0,0,0,0,0,0,0,0,0
4409,SouthernAsia,5501,CentralAsia,5500,44209,40859,38215,34321,28686,18589,7028,24203,21966,20140,18717,16170,8260,3157,20006,18893,18075,15604,12516,10329,3871
4410,Afghanistan,4,CentralAsia,5500,42564,38569,34575,29882,25190,15782,4641,24023,21769,19515,16867,14218,6682,1821,18541,16800,15060,13015,10972,9100,2820
4411,Bangladesh,50,CentralAsia,5500,0,0,0,0,0,0,0,0,0,0,0,0,0,0,0,0,0,0,0,0,0
4412,Bhutan,64,CentralAsia,5500,0,0,0,0,0,0,0,0,0,0,0,0,0,0,0,0,0,0,0,0,0
4413,India,356,CentralAsia,5500,1408,2052,2696,1449,497,463,433,73,88,103,89,209,190,174,1335,1964,2593,1360,288,273,259
4414,IranIslamicRepublicof,364,CentralAsia,5500,237,238,944,2990,2999,2344,1954,107,109,522,1761,1743,1388,1162,130,129,422,1229,1256,956,792
4415,Maldives,462,CentralAsia,5500,0,0,0,0,0,0,0,0,0,0,0,0,0,0,0,0,0,0,0,0,0
4416,Nepal,524,CentralAsia,5500,0,0,0,0,0,0,0,0,0,0,0,0,0,0,0,0,0,0,0,0,0
4417,Pakistan,586,CentralAsia,5500,0,0,0,0,0,0,0,0,0,0,0,0,0,0,0,0,0,0,0,0,0
4418,SriLanka,144,CentralAsia,5500,0,0,0,0,0,0,0,0,0,0,0,0,0,0,0,0,0,0,0,0,0
4419,WesternAsia,922,CentralAsia,5500,124218,105962,97846,93469,89669,90728,95152,56112,49743,45679,43082,41628,42033,43348,68106,56219,52167,50387,48041,48695,51804
4420,Armenia,51,CentralAsia,5500,2757,2926,3201,2120,1764,2596,2580,703,830,963,684,611,901,911,2054,2096,2238,1436,1153,1695,1669
4421,Azerbaijan,31,CentralAsia,5500,34351,30151,30384,28835,26399,25180,24028,14696,13943,13816,12628,12099,11834,11312,19655,16208,16568,16207,14300,13346,12716
4422,Bahrain,48,CentralAsia,5500,0,0,0,0,0,0,0,0,0,0,0,0,0,0,0,0,0,0,0,0,0
4423,Cyprus,196,CentralAsia,5500,88,126,161,241,368,334,338,37,49,62,91,144,136,137,51,77,99,150,224,198,201
4424,Georgia,268,CentralAsia,5500,39370,17153,2971,2820,2845,2985,3083,17424,8130,1394,1324,1337,1404,1460,21946,9023,1577,1496,1508,1581,1623
4425,Iraq,368,CentralAsia,5500,0,0,0,0,0,0,0,0,0,0,0,0,0,0,0,0,0,0,0,0,0
4426,Israel,376,CentralAsia,5500,43469,45664,45301,43068,41357,42653,41413,20987,21621,21303,20096,19084,19569,19004,22482,24043,23998,22972,22273,23084,22409
4427,Jordan,400,CentralAsia,5500,3,14,25,19,39,16,19,1,4,8,9,17,5,6,2,10,17,10,22,11,13
4428,Kuwait,414,CentralAsia,5500,0,0,0,0,0,0,0,0,0,0,0,0,0,0,0,0,0,0,0,0,0
4429,Lebanon,422,CentralAsia,5500,0,0,0,0,0,0,0,0,0,0,0,0,0,0,0,0,0,0,0,0,0
4430,Oman,512,CentralAsia,5500,0,0,0,0,0,0,0,0,0,0,0,0,0,0,0,0,0,0,0,0,0
4431,Qatar,634,CentralAsia,5500,0,0,0,0,0,0,0,0,0,0,0,0,0,0,0,0,0,0,0,0,0
4432,SaudiArabia,682,CentralAsia,5500,0,0,0,0,0,0,0,0,0,0,0,0,0,0,0,0,0,0,0,0,0
4433,StateofPalestine,275,CentralAsia,5500,0,0,0,0,0,0,0,0,0,0,0,0,0,0,0,0,0,0,0,0,0
4434,SyrianArabRepublic,760,CentralAsia,5500,0,0,0,0,0,0,0,0,0,0,0,0,0,0,0,0,0,0,0,0,0
4435,Turkey,792,CentralAsia,5500,4180,9928,15803,16366,16897,16964,23691,2264,5166,8133,8250,8336,8184,10518,1916,4762,7670,8116,8561,8780,13173
4436,UnitedArabEmirates,784,CentralAsia,5500,0,0,0,0,0,0,0,0,0,0,0,0,0,0,0,0,0,0,0,0,0
4437,Yemen,887,CentralAsia,5500,0,0,0,0,0,0,0,0,0,0,0,0,0,0,0,0,0,0,0,0,0
4438,EasternEurope,923,CentralAsia,5500,4979196,5175534,5219532,5395269,5501346,5596606,5608308,2406003,2518612,2557078,2645875,2701426,2736063,2742150,2573193,2656922,2662454,2749394,2799920,2860543,2866158
4439,Belarus,112,CentralAsia,5500,117299,111089,104923,103446,102013,101122,99637,56227,53527,50836,50107,49402,48995,48278,61072,57562,54087,53339,52611,52127,51359
4440,Bulgaria,100,CentralAsia,5500,135,550,963,1458,1924,2530,3956,37,176,314,472,632,794,1402,98,374,649,986,1292,1736,2554
4441,Czechia,203,CentralAsia,5500,563,846,1127,4787,7980,9956,12591,271,420,569,2657,4575,5460,6950,292,426,558,2130,3405,4496,5641
4442,Hungary,348,CentralAsia,5500,703,624,543,669,798,772,1315,309,267,226,286,349,262,507,394,357,317,383,449,510,808
4443,Poland,616,CentralAsia,5500,5529,4727,4046,4715,5536,5266,7152,2529,2125,1784,2082,2427,2365,3613,3000,2602,2262,2633,3109,2901,3539
4444,RepublicofMoldova,498,CentralAsia,5500,23760,16035,10822,7473,5892,5156,5061,11138,7295,4770,3216,2569,2270,2233,12622,8740,6052,4257,3323,2886,2828
4445,Romania,642,CentralAsia,5500,0,0,0,0,5,114,804,0,0,0,0,1,54,457,0,0,0,0,4,60,347
4446,RussianFederation,643,CentralAsia,5500,4264865,4464273,4501585,4728529,4857921,4950593,4947920,2092820,2194513,2217483,2329789,2395602,2428742,2427425,2172045,2269760,2284102,2398740,2462319,2521851,2520495
4447,Slovakia,703,CentralAsia,5500,32,101,202,228,255,340,408,8,41,85,98,112,161,193,24,60,117,130,143,179,215
4448,Ukraine,804,CentralAsia,5500,566310,577289,595321,543964,519022,520757,529464,242664,260248,281011,257168,245757,246960,251092,323646,317041,314310,286796,273265,273797,278372
4449,NorthernEurope,924,CentralAsia,5500,38725,31909,33388,38217,38119,38968,42629,19398,15445,15517,17394,16842,16952,19068,19327,16464,17871,20823,21277,22016,23561
4450,ChannelIslands,830,CentralAsia,5500,0,0,0,0,0,0,0,0,0,0,0,0,0,0,0,0,0,0,0,0,0
4451,Denmark,208,CentralAsia,5500,87,94,98,287,451,605,706,25,28,29,107,177,232,247,62,66,69,180,274,373,459
4452,Estonia,233,CentralAsia,5500,13199,9691,6181,6429,6623,6087,6100,6760,4740,2720,2846,2934,2652,2659,6439,4951,3461,3583,3689,3435,3441
4453,FaroeIslands,234,CentralAsia,5500,0,0,0,0,0,0,0,0,0,0,0,0,0,0,0,0,0,0,0,0,0
4454,Finland,246,CentralAsia,5500,0,33,64,209,306,479,907,0,15,29,93,139,215,498,0,18,35,116,167,264,409
4455,Iceland,352,CentralAsia,5500,99,54,7,18,26,35,57,31,16,2,4,4,10,16,68,38,5,14,22,25,41
4456,Ireland,372,CentralAsia,5500,79,218,477,477,400,408,461,36,93,214,230,177,177,202,43,125,263,247,223,231,259
4457,IsleofMan,833,CentralAsia,5500,0,0,0,0,0,0,0,0,0,0,0,0,0,0,0,0,0,0,0,0,0
4458,Latvia,428,CentralAsia,5500,1500,8063,14627,13343,11724,9917,10094,734,3778,6821,6199,5314,4508,4844,766,4285,7806,7144,6410,5409,5250
4459,Lithuania,440,CentralAsia,5500,23134,12343,9667,9280,7635,6376,5972,11550,6242,4880,4612,3476,2810,2802,11584,6101,4787,4668,4159,3566,3170
4460,Norway,578,CentralAsia,5500,3,10,101,547,1237,1795,2077,3,3,29,195,480,688,802,0,7,72,352,757,1107,1275
4461,Sweden,752,CentralAsia,5500,387,459,495,2272,4068,6509,8635,129,150,159,962,1805,2983,4018,258,309,336,1310,2263,3526,4617
4462,UnitedKingdom,826,CentralAsia,5500,237,944,1671,5355,5649,6757,7620,130,380,634,2146,2336,2677,2980,107,564,1037,3209,3313,4080,4640
4463,SouthernEurope,925,CentralAsia,5500,45480,38503,32855,40235,49692,49456,53359,25120,19678,14558,17056,20396,19145,21758,20360,18825,18297,23179,29296,30311,31601
4464,Albania,8,CentralAsia,5500,0,0,0,0,0,0,0,0,0,0,0,0,0,0,0,0,0,0,0,0,0
4465,Andorra,20,CentralAsia,5500,0,0,0,0,0,0,0,0,0,0,0,0,0,0,0,0,0,0,0,0,0
4466,BosniaandHerzegovina,70,CentralAsia,5500,0,0,0,0,0,0,0,0,0,0,0,0,0,0,0,0,0,0,0,0,0
4467,Croatia,191,CentralAsia,5500,0,0,0,34,67,67,61,0,0,0,7,13,13,11,0,0,0,27,54,54,50
4468,Gibraltar,292,CentralAsia,5500,0,0,0,0,0,0,0,0,0,0,0,0,0,0,0,0,0,0,0,0,0
4469,Greece,300,CentralAsia,5500,45100,37106,29723,33233,38164,35960,36752,24976,19441,13907,15293,17246,15465,17181,20124,17665,15816,17940,20918,20495,19571
4470,HolySee,336,CentralAsia,5500,0,0,0,0,0,0,0,0,0,0,0,0,0,0,0,0,0,0,0,0,0
4471,Italy,380,CentralAsia,5500,258,1058,1856,4967,7572,8382,10027,91,118,143,789,1298,1417,1706,167,940,1713,4178,6274,6965,8321
4472,Malta,470,CentralAsia,5500,7,9,10,14,16,27,56,2,3,3,4,4,8,20,5,6,7,10,12,19,36
4473,Montenegro,499,CentralAsia,5500,0,0,0,0,0,0,0,0,0,0,0,0,0,0,0,0,0,0,0,0,0
4474,NorthMacedonia,807,CentralAsia,5500,0,0,0,0,0,0,0,0,0,0,0,0,0,0,0,0,0,0,0,0,0
4475,Portugal,620,CentralAsia,5500,32,69,110,901,1545,1751,2004,23,50,77,561,953,1047,1223,9,19,33,340,592,704,781
4476,SanMarino,674,CentralAsia,5500,0,0,0,0,0,0,0,0,0,0,0,0,0,0,0,0,0,0,0,0,0
4477,Serbia,688,CentralAsia,5500,23,158,217,215,212,206,205,4,27,34,32,31,30,30,19,131,183,183,181,176,175
4478,Slovenia,705,CentralAsia,5500,6,11,5,22,88,147,326,3,6,0,5,19,51,133,3,5,5,17,69,96,193
4479,Spain,724,CentralAsia,5500,54,92,934,849,2028,2916,3928,21,33,394,365,832,1114,1454,33,59,540,484,1196,1802,2474
4480,WesternEurope,926,CentralAsia,5500,21633,291804,562220,782305,954385,982036,1327858,10582,125111,239755,366826,469094,479317,610970,11051,166693,322465,415479,485291,502719,716888
4481,Austria,40,CentralAsia,5500,1614,1822,2028,2248,2496,4251,5447,630,729,829,886,951,1578,2080,984,1093,1199,1362,1545,2673,3367
4482,Belgium,56,CentralAsia,5500,41,36,27,643,1373,1837,2070,22,20,15,271,703,927,1024,19,16,12,372,670,910,1046
4483,France,250,CentralAsia,5500,1089,1124,1157,3381,4565,5053,5548,474,476,479,1152,1790,1897,2088,615,648,678,2229,2775,3156,3460
4484,Germany,276,CentralAsia,5500,13526,280176,546823,769583,942572,965647,1307437,6674,119502,232328,361468,464332,472789,602808,6852,160674,314495,408115,478240,492858,704629
4485,Liechtenstein,438,CentralAsia,5500,0,0,0,0,9,13,15,0,0,0,0,3,5,6,0,0,0,0,6,8,9
4486,Luxembourg,442,CentralAsia,5500,0,0,0,0,0,0,414,0,0,0,0,0,0,127,0,0,0,0,0,0,287
4487,Monaco,492,CentralAsia,5500,0,0,0,0,0,0,0,0,0,0,0,0,0,0,0,0,0,0,0,0,0
4488,Netherlands,528,CentralAsia,5500,4960,7304,9896,3674,343,598,964,2640,3810,5096,1888,171,275,435,2320,3494,4800,1786,172,323,529
4489,Switzerland,756,CentralAsia,5500,403,1342,2289,2776,3027,4637,5963,142,574,1008,1161,1144,1846,2402,261,768,1281,1615,1883,2791,3561
4490,Caribbean,915,CentralAsia,5500,3,4,4,7,11,10,10,3,4,4,4,5,5,5,0,0,0,3,6,5,5
4491,Anguilla,660,CentralAsia,5500,0,0,0,0,0,0,0,0,0,0,0,0,0,0,0,0,0,0,0,0,0
4492,AntiguaandBarbuda,28,CentralAsia,5500,0,0,0,0,0,0,0,0,0,0,0,0,0,0,0,0,0,0,0,0,0
4493,Aruba,533,CentralAsia,5500,0,0,0,0,0,0,0,0,0,0,0,0,0,0,0,0,0,0,0,0,0
4494,Bahamas,44,CentralAsia,5500,0,0,0,0,0,0,0,0,0,0,0,0,0,0,0,0,0,0,0,0,0
4495,Barbados,52,CentralAsia,5500,0,0,0,0,0,0,0,0,0,0,0,0,0,0,0,0,0,0,0,0,0
4496,BritishVirginIslands,92,CentralAsia,5500,0,0,0,0,0,0,0,0,0,0,0,0,0,0,0,0,0,0,0,0,0
4497,CaymanIslands,136,CentralAsia,5500,0,0,0,0,0,0,0,0,0,0,0,0,0,0,0,0,0,0,0,0,0
4498,Cuba,192,CentralAsia,5500,0,0,0,0,0,0,0,0,0,0,0,0,0,0,0,0,0,0,0,0,0
4499,CuraÃao,531,CentralAsia,5500,0,0,0,0,0,0,0,0,0,0,0,0,0,0,0,0,0,0,0,0,0
4500,Dominica,212,CentralAsia,5500,0,0,0,0,0,0,0,0,0,0,0,0,0,0,0,0,0,0,0,0,0
4501,DominicanRepublic,214,CentralAsia,5500,3,4,4,7,11,10,10,3,4,4,4,5,5,5,0,0,0,3,6,5,5
4502,Grenada,308,CentralAsia,5500,0,0,0,0,0,0,0,0,0,0,0,0,0,0,0,0,0,0,0,0,0
4503,Guadeloupe,312,CentralAsia,5500,0,0,0,0,0,0,0,0,0,0,0,0,0,0,0,0,0,0,0,0,0
4504,Haiti,332,CentralAsia,5500,0,0,0,0,0,0,0,0,0,0,0,0,0,0,0,0,0,0,0,0,0
4505,Jamaica,388,CentralAsia,5500,0,0,0,0,0,0,0,0,0,0,0,0,0,0,0,0,0,0,0,0,0
4506,Martinique,474,CentralAsia,5500,0,0,0,0,0,0,0,0,0,0,0,0,0,0,0,0,0,0,0,0,0
4507,Montserrat,500,CentralAsia,5500,0,0,0,0,0,0,0,0,0,0,0,0,0,0,0,0,0,0,0,0,0
4508,PuertoRico,630,CentralAsia,5500,0,0,0,0,0,0,0,0,0,0,0,0,0,0,0,0,0,0,0,0,0
4509,SaintBarthelemy,652,CentralAsia,5500,0,0,0,0,0,0,0,0,0,0,0,0,0,0,0,0,0,0,0,0,0
4510,SaintKittsandNevis,659,CentralAsia,5500,0,0,0,0,0,0,0,0,0,0,0,0,0,0,0,0,0,0,0,0,0
4511,SaintLucia,662,CentralAsia,5500,0,0,0,0,0,0,0,0,0,0,0,0,0,0,0,0,0,0,0,0,0
4512,SaintMartinFrenchpart,663,CentralAsia,5500,0,0,0,0,0,0,0,0,0,0,0,0,0,0,0,0,0,0,0,0,0
4513,SaintVincentandtheGrenadines,670,CentralAsia,5500,0,0,0,0,0,0,0,0,0,0,0,0,0,0,0,0,0,0,0,0,0
4514,SintMaartenDutchpart,534,CentralAsia,5500,0,0,0,0,0,0,0,0,0,0,0,0,0,0,0,0,0,0,0,0,0
4515,TrinidadandTobago,780,CentralAsia,5500,0,0,0,0,0,0,0,0,0,0,0,0,0,0,0,0,0,0,0,0,0
4516,TurksandCaicosIslands,796,CentralAsia,5500,0,0,0,0,0,0,0,0,0,0,0,0,0,0,0,0,0,0,0,0,0
4517,UnitedStatesVirginIslands,850,CentralAsia,5500,0,0,0,0,0,0,0,0,0,0,0,0,0,0,0,0,0,0,0,0,0
4518,CentralAmerica,916,CentralAsia,5500,6,5,5,6,8,6,7,0,0,0,0,0,0,1,6,5,5,6,8,6,6
4519,Belize,84,CentralAsia,5500,0,0,0,0,0,0,0,0,0,0,0,0,0,0,0,0,0,0,0,0,0
4520,CostaRica,188,CentralAsia,5500,6,5,5,6,8,6,7,0,0,0,0,0,0,1,6,5,5,6,8,6,6
4521,ElSalvador,222,CentralAsia,5500,0,0,0,0,0,0,0,0,0,0,0,0,0,0,0,0,0,0,0,0,0
4522,Guatemala,320,CentralAsia,5500,0,0,0,0,0,0,0,0,0,0,0,0,0,0,0,0,0,0,0,0,0
4523,Honduras,340,CentralAsia,5500,0,0,0,0,0,0,0,0,0,0,0,0,0,0,0,0,0,0,0,0,0
4524,Mexico,484,CentralAsia,5500,0,0,0,0,0,0,0,0,0,0,0,0,0,0,0,0,0,0,0,0,0
4525,Nicaragua,558,CentralAsia,5500,0,0,0,0,0,0,0,0,0,0,0,0,0,0,0,0,0,0,0,0,0
4526,Panama,591,CentralAsia,5500,0,0,0,0,0,0,0,0,0,0,0,0,0,0,0,0,0,0,0,0,0
4527,SouthAmerica,931,CentralAsia,5500,0,7,11,33,111,131,133,0,3,5,8,27,31,34,0,4,6,25,84,100,99
4528,Argentina,32,CentralAsia,5500,0,0,0,0,0,0,0,0,0,0,0,0,0,0,0,0,0,0,0,0,0
4529,BoliviaPlurinationalStateof,68,CentralAsia,5500,0,7,11,21,29,38,36,0,3,5,8,12,15,16,0,4,6,13,17,23,20
4530,Brazil,76,CentralAsia,5500,0,0,0,12,82,93,97,0,0,0,0,15,16,18,0,0,0,12,67,77,79
4531,Chile,152,CentralAsia,5500,0,0,0,0,0,0,0,0,0,0,0,0,0,0,0,0,0,0,0,0,0
4532,Colombia,170,CentralAsia,5500,0,0,0,0,0,0,0,0,0,0,0,0,0,0,0,0,0,0,0,0,0
4533,Ecuador,218,CentralAsia,5500,0,0,0,0,0,0,0,0,0,0,0,0,0,0,0,0,0,0,0,0,0
4534,FalklandIslandsMalvinas,238,CentralAsia,5500,0,0,0,0,0,0,0,0,0,0,0,0,0,0,0,0,0,0,0,0,0
4535,FrenchGuiana,254,CentralAsia,5500,0,0,0,0,0,0,0,0,0,0,0,0,0,0,0,0,0,0,0,0,0
4536,Guyana,328,CentralAsia,5500,0,0,0,0,0,0,0,0,0,0,0,0,0,0,0,0,0,0,0,0,0
4537,Paraguay,600,CentralAsia,5500,0,0,0,0,0,0,0,0,0,0,0,0,0,0,0,0,0,0,0,0,0
4538,Peru,604,CentralAsia,5500,0,0,0,0,0,0,0,0,0,0,0,0,0,0,0,0,0,0,0,0,0
4539,Suriname,740,CentralAsia,5500,0,0,0,0,0,0,0,0,0,0,0,0,0,0,0,0,0,0,0,0,0
4540,Uruguay,858,CentralAsia,5500,0,0,0,0,0,0,0,0,0,0,0,0,0,0,0,0,0,0,0,0,0
4541,VenezuelaBolivarianRepublicof,862,CentralAsia,5500,0,0,0,0,0,0,0,0,0,0,0,0,0,0,0,0,0,0,0,0,0
4542,Bermuda,60,CentralAsia,5500,0,0,0,0,0,0,0,0,0,0,0,0,0,0,0,0,0,0,0,0,0
4543,Canada,124,CentralAsia,5500,5917,5941,6107,11373,17380,23471,25426,2881,2879,2946,5419,8263,10905,11817,3036,3062,3161,5954,9117,12566,13609
4544,Greenland,304,CentralAsia,5500,0,0,0,0,0,0,0,0,0,0,0,0,0,0,0,0,0,0,0,0,0
4545,SaintPierreandMiquelon,666,CentralAsia,5500,0,0,0,0,0,0,0,0,0,0,0,0,0,0,0,0,0,0,0,0,0
4546,UnitedStatesofAmerica,840,CentralAsia,5500,24220,31582,39085,45641,53776,103324,119065,11850,15618,19476,22873,26491,50684,57714,12370,15964,19609,22768,27285,52640,61351
4547,Australia,36,CentralAsia,5500,709,868,1050,1800,3040,4510,5389,322,370,499,766,1287,1820,2175,387,498,551,1034,1753,2690,3214
4548,NewZealand,554,CentralAsia,5500,0,0,0,0,0,0,0,0,0,0,0,0,0,0,0,0,0,0,0,0,0
4549,Melanesia,928,CentralAsia,5500,0,0,0,0,0,0,0,0,0,0,0,0,0,0,0,0,0,0,0,0,0
4550,Fiji,242,CentralAsia,5500,0,0,0,0,0,0,0,0,0,0,0,0,0,0,0,0,0,0,0,0,0
4551,NewCaledonia,540,CentralAsia,5500,0,0,0,0,0,0,0,0,0,0,0,0,0,0,0,0,0,0,0,0,0
4552,PapuaNewGuinea,598,CentralAsia,5500,0,0,0,0,0,0,0,0,0,0,0,0,0,0,0,0,0,0,0,0,0
4553,SolomonIslands,90,CentralAsia,5500,0,0,0,0,0,0,0,0,0,0,0,0,0,0,0,0,0,0,0,0,0
4554,Vanuatu,548,CentralAsia,5500,0,0,0,0,0,0,0,0,0,0,0,0,0,0,0,0,0,0,0,0,0
4555,Micronesia,954,CentralAsia,5500,0,0,0,0,0,0,0,0,0,0,0,0,0,0,0,0,0,0,0,0,0
4556,Guam,316,CentralAsia,5500,0,0,0,0,0,0,0,0,0,0,0,0,0,0,0,0,0,0,0,0,0
4557,Kiribati,296,CentralAsia,5500,0,0,0,0,0,0,0,0,0,0,0,0,0,0,0,0,0,0,0,0,0
4558,MarshallIslands,584,CentralAsia,5500,0,0,0,0,0,0,0,0,0,0,0,0,0,0,0,0,0,0,0,0,0
4559,MicronesiaFedStatesof,583,CentralAsia,5500,0,0,0,0,0,0,0,0,0,0,0,0,0,0,0,0,0,0,0,0,0
4560,Nauru,520,CentralAsia,5500,0,0,0,0,0,0,0,0,0,0,0,0,0,0,0,0,0,0,0,0,0
4561,NorthernMarianaIslands,580,CentralAsia,5500,0,0,0,0,0,0,0,0,0,0,0,0,0,0,0,0,0,0,0,0,0
4562,Palau,585,CentralAsia,5500,0,0,0,0,0,0,0,0,0,0,0,0,0,0,0,0,0,0,0,0,0
4563,Polynesia,957,CentralAsia,5500,0,0,0,0,0,0,0,0,0,0,0,0,0,0,0,0,0,0,0,0,0
4564,AmericanSamoa,16,CentralAsia,5500,0,0,0,0,0,0,0,0,0,0,0,0,0,0,0,0,0,0,0,0,0
4565,CookIslands,184,CentralAsia,5500,0,0,0,0,0,0,0,0,0,0,0,0,0,0,0,0,0,0,0,0,0
4566,FrenchPolynesia,258,CentralAsia,5500,0,0,0,0,0,0,0,0,0,0,0,0,0,0,0,0,0,0,0,0,0
4567,Niue,570,CentralAsia,5500,0,0,0,0,0,0,0,0,0,0,0,0,0,0,0,0,0,0,0,0,0
4568,Samoa,882,CentralAsia,5500,0,0,0,0,0,0,0,0,0,0,0,0,0,0,0,0,0,0,0,0,0
4569,Tokelau,772,CentralAsia,5500,0,0,0,0,0,0,0,0,0,0,0,0,0,0,0,0,0,0,0,0,0
4570,Tonga,776,CentralAsia,5500,0,0,0,0,0,0,0,0,0,0,0,0,0,0,0,0,0,0,0,0,0
4571,Tuvalu,798,CentralAsia,5500,0,0,0,0,0,0,0,0,0,0,0,0,0,0,0,0,0,0,0,0,0
4572,WallisandFutunaIslands,876,CentralAsia,5500,0,0,0,0,0,0,0,0,0,0,0,0,0,0,0,0,0,0,0,0,0
4573,SubSaharanAfrica,947,WesternAfrica,914,4278852,5280455,5115660,5684152,6011808,6856900,7351722,2309346,2816294,2745853,3070254,3254669,3685916,3946464,1969506,2464161,2369807,2613898,2757139,3170984,3405258
4574,NorthernAfricaandWesternAsia,1833,WesternAfrica,914,42887,43106,44620,52014,54862,63767,73299,24988,24950,25704,30771,34653,40497,45677,17899,18156,18916,21243,20209,23270,27622
4575,CentralandSouthernAsia,921,WesternAfrica,914,1323,1068,816,954,1060,988,923,751,584,420,543,630,581,538,572,484,396,411,430,407,385
4576,EasternandSouthEasternAsia,1832,WesternAfrica,914,856,2692,4092,5276,6175,6071,7657,448,1354,2039,2645,3264,3154,4113,408,1338,2053,2631,2911,2917,3544
4577,LatinAmericaandtheCaribbean,1830,WesternAfrica,914,1320,1292,1495,3059,6290,13005,18205,767,756,878,1756,3892,9497,13433,553,536,617,1303,2398,3508,4772
4578,OceaniaexcludingAustraliaandNewZealand,1835,WesternAfrica,914,0,0,0,0,0,0,0,0,0,0,0,0,0,0,0,0,0,0,0,0,0
4579,AustraliaandNewZealand,927,WesternAfrica,914,2548,3701,4881,9936,17311,24661,31277,1555,2221,2871,5443,9255,13648,17286,993,1480,2010,4493,8056,11013,13991
4580,EuropeandNorthernAmerica,1829,WesternAfrica,914,723283,959827,1214786,1695677,2113670,2460588,3075069,433043,562468,703542,951681,1186090,1346742,1716399,290240,397359,511244,743996,927580,1113846,1358670
4581,Developedregions,901,WesternAfrica,914,726622,965984,1223065,1709963,2135593,2489892,3111790,435001,565867,707983,959105,1197419,1362463,1736117,291621,400117,515082,750858,938174,1127429,1375673
4582,Lessdevelopedregions,902,WesternAfrica,914,4324447,5326157,5163285,5741105,6075583,6936088,7446362,2335897,2842760,2773324,3103988,3295034,3737572,4007793,1988550,2483397,2389961,2637117,2780549,3198516,3438569
4583,Leastdevelopedcountries,941,WesternAfrica,914,1870870,2468014,2205071,2115307,2267871,2619095,2851748,961967,1254512,1124476,1058259,1129864,1317371,1434003,908903,1213502,1080595,1057048,1138007,1301724,1417745
4584,LandlockedDevelopingCountriesLLDC,1636,WesternAfrica,914,578754,734211,743974,844058,1014363,1233190,1411961,281333,357688,363034,408212,489883,596661,681657,297421,376523,380940,435846,524480,636529,730304
4585,SmallislanddevelopingStatesSIDS,1637,WesternAfrica,914,19899,31675,23434,26749,30529,31959,28199,10240,15877,11886,13677,15604,16264,14759,9659,15798,11548,13072,14925,15695,13440
4586,Highincomecountries,1503,WesternAfrica,914,726588,966527,1224839,1716603,2153903,2513935,3138680,435486,566627,709450,963720,1210241,1379007,1754633,291102,399900,515389,752883,943662,1134928,1384047
4587,Middleincomecountries,1517,WesternAfrica,914,2845406,3266609,3308014,4074446,4294125,4958088,5291037,1579333,1803104,1838176,2273415,2405773,2742305,2927365,1266073,1463505,1469838,1801031,1888352,2215783,2363672
4588,Uppermiddleincomecountries,1502,WesternAfrica,914,104812,115494,131192,146052,187396,272945,290422,68954,75128,85197,95753,122502,189222,206224,35858,40366,45995,50299,64894,83723,84198
4589,Lowermiddleincomecountries,1501,WesternAfrica,914,2740594,3151115,3176822,3928394,4106729,4685143,5000615,1510379,1727976,1752979,2177662,2283271,2553083,2721141,1230215,1423139,1423843,1750732,1823458,2132060,2279474
4590,Lowincomecountries,1500,WesternAfrica,914,1476645,2056308,1850428,1656393,1758842,1949013,2123197,754737,1037388,931944,823863,873917,975786,1058799,721908,1018920,918484,832530,884925,973227,1064398
4591,EasternAfrica,910,WesternAfrica,914,5911,7363,7915,10745,16052,16446,17483,3439,4215,4364,5475,8186,8581,9232,2472,3148,3551,5270,7866,7865,8251
4592,Burundi,108,WesternAfrica,914,0,0,0,0,0,0,0,0,0,0,0,0,0,0,0,0,0,0,0,0,0
4593,Comoros,174,WesternAfrica,914,0,0,0,0,0,0,0,0,0,0,0,0,0,0,0,0,0,0,0,0,0
4594,Djibouti,262,WesternAfrica,914,0,0,0,0,0,0,0,0,0,0,0,0,0,0,0,0,0,0,0,0,0
4595,Eritrea,232,WesternAfrica,914,0,0,0,0,0,0,0,0,0,0,0,0,0,0,0,0,0,0,0,0,0
4596,Ethiopia,231,WesternAfrica,914,0,0,0,0,0,0,0,0,0,0,0,0,0,0,0,0,0,0,0,0,0
4597,Kenya,404,WesternAfrica,914,0,0,0,0,0,0,0,0,0,0,0,0,0,0,0,0,0,0,0,0,0
4598,Madagascar,450,WesternAfrica,914,0,0,0,0,0,0,0,0,0,0,0,0,0,0,0,0,0,0,0,0,0
4599,Malawi,454,WesternAfrica,914,0,0,0,0,0,0,0,0,0,0,0,0,0,0,0,0,0,0,0,0,0
4600,Mauritius,480,WesternAfrica,914,0,0,0,0,0,0,0,0,0,0,0,0,0,0,0,0,0,0,0,0,0
4601,Mayotte,175,WesternAfrica,914,0,0,0,0,0,0,0,0,0,0,0,0,0,0,0,0,0,0,0,0,0
4602,Mozambique,508,WesternAfrica,914,4464,6141,7144,9811,11181,11591,12175,2446,3377,3823,4842,5499,5702,6051,2018,2764,3321,4969,5682,5889,6124
4603,Reunion,638,WesternAfrica,914,0,0,0,0,0,0,0,0,0,0,0,0,0,0,0,0,0,0,0,0,0
4604,Rwanda,646,WesternAfrica,914,0,0,0,0,0,0,0,0,0,0,0,0,0,0,0,0,0,0,0,0,0
4605,Seychelles,690,WesternAfrica,914,25,32,40,81,122,136,137,14,19,25,30,34,43,44,11,13,15,51,88,93,93
4606,Somalia,706,WesternAfrica,914,0,0,0,0,0,0,0,0,0,0,0,0,0,0,0,0,0,0,0,0,0
4607,SouthSudan,728,WesternAfrica,914,0,0,0,0,3645,3740,3834,0,0,0,0,1992,2253,2309,0,0,0,0,1653,1487,1525
4608,Uganda,800,WesternAfrica,914,443,415,67,62,62,62,56,261,240,11,8,8,8,6,182,175,56,54,54,54,50
4609,UnitedRepublicofTanzania,834,WesternAfrica,914,0,0,0,0,0,0,0,0,0,0,0,0,0,0,0,0,0,0,0,0,0
4610,Zambia,894,WesternAfrica,914,979,775,664,791,1042,917,1281,718,579,505,595,653,575,822,261,196,159,196,389,342,459
4611,Zimbabwe,716,WesternAfrica,914,0,0,0,0,0,0,0,0,0,0,0,0,0,0,0,0,0,0,0,0,0
4612,MiddleAfrica,911,WesternAfrica,914,209045,231509,259537,293417,311640,457318,541785,122925,137273,155418,176356,195267,270861,318398,86120,94236,104119,117061,116373,186457,223387
4613,Angola,24,WesternAfrica,914,3705,4305,4904,6458,9259,24362,40001,1986,2223,2461,3156,4541,11441,22946,1719,2082,2443,3302,4718,12921,17055
4614,Cameroon,120,WesternAfrica,914,105140,97818,90495,135010,109241,164706,208149,60603,56266,51929,77988,66542,78843,99170,44537,41552,38566,57022,42699,85863,108979
4615,CentralAfricanRepublic,140,WesternAfrica,914,356,431,470,368,361,310,325,186,229,253,197,193,166,173,170,202,217,171,168,144,152
4616,Chad,148,WesternAfrica,914,17436,18944,20452,4150,4915,9623,16619,9412,10214,11016,1881,2200,4432,7557,8024,8730,9436,2269,2715,5191,9062
4617,Congo,178,WesternAfrica,914,14215,21157,33766,28877,51136,67963,67514,8203,12850,20920,18040,34148,44421,44003,6012,8307,12846,10837,16988,23542,23511
4618,DemocraticRepublicoftheCongo,180,WesternAfrica,914,0,0,0,0,0,0,0,0,0,0,0,0,0,0,0,0,0,0,0,0,0
4619,EquatorialGuinea,226,WesternAfrica,914,91,121,150,219,287,359,430,48,63,78,116,154,195,234,43,58,72,103,133,164,196
4620,Gabon,266,WesternAfrica,914,63852,85390,106812,116379,134903,188632,207527,40232,53778,67549,74033,86749,130708,143731,23620,31612,39263,42346,48154,57924,63796
4621,SaoTomeandPrincipe,678,WesternAfrica,914,4250,3343,2488,1956,1538,1363,1220,2255,1650,1212,945,740,655,584,1995,1693,1276,1011,798,708,636
4622,NorthernAfrica,912,WesternAfrica,914,39277,39098,39825,43038,35266,37818,44777,22619,22203,22330,24540,20774,22526,26030,16658,16895,17495,18498,14492,15292,18747
4623,Algeria,12,WesternAfrica,914,0,0,0,0,0,0,0,0,0,0,0,0,0,0,0,0,0,0,0,0,0
4624,Egypt,818,WesternAfrica,914,2364,2076,1953,2325,2506,3506,3232,1929,1640,1478,1794,1912,2601,2252,435,436,475,531,594,905,980
4625,Libya,434,WesternAfrica,914,5687,5292,4994,5507,6041,6759,7227,4529,4098,3766,4395,4833,5399,5817,1158,1194,1228,1112,1208,1360,1410
4626,Morocco,504,WesternAfrica,914,2994,2749,2897,3074,3339,4305,4725,1584,1436,1489,1558,1683,2162,2435,1410,1313,1408,1516,1656,2143,2290
4627,Sudan,729,WesternAfrica,914,24266,24756,25244,26933,16948,15506,21446,12472,12755,13030,13900,8743,8002,10915,11794,12001,12214,13033,8205,7504,10531
4628,Tunisia,788,WesternAfrica,914,1567,1560,1801,1726,2421,3121,3311,781,785,909,886,1248,1606,1725,786,775,892,840,1173,1515,1586
4629,WesternSahara,732,WesternAfrica,914,2399,2665,2936,3473,4011,4621,4836,1324,1489,1658,2007,2355,2756,2886,1075,1176,1278,1466,1656,1865,1950
4630,SouthernAfrica,913,WesternAfrica,914,30465,19994,14714,18368,38034,61977,54455,21635,14450,10935,13585,25265,41610,40986,8830,5544,3779,4783,12769,20367,13469
4631,Botswana,72,WesternAfrica,914,108,187,285,422,1063,1154,1233,62,102,153,224,551,598,640,46,85,132,198,512,556,593
4632,Eswatini,748,WesternAfrica,914,2,5,18,29,40,46,44,1,3,9,15,21,22,21,1,2,9,14,19,24,23
4633,Lesotho,426,WesternAfrica,914,122,105,85,86,87,124,163,81,70,56,57,58,84,110,41,35,29,29,29,40,53
4634,Namibia,516,WesternAfrica,914,2539,2424,2262,1785,1714,1673,1782,1432,1376,1279,1008,971,954,1023,1107,1048,983,777,743,719,759
4635,SouthAfrica,710,WesternAfrica,914,27694,17273,12064,16046,35130,58980,51233,20059,12899,9438,12281,23664,39952,39192,7635,4374,2626,3765,11466,19028,12041
4636,WesternAfrica,914,WesternAfrica,914,4033431,5021589,4833494,5361622,5646082,6321159,6737999,2161347,2660356,2575136,2874838,3025951,3364864,3577848,1872084,2361233,2258358,2486784,2620131,2956295,3160151
4637,Benin,204,WesternAfrica,914,68132,93836,119545,219613,271623,321240,345783,35815,49892,63974,103382,124560,148738,160471,32317,43944,55571,116231,147063,172502,185312
4638,BurkinaFaso,854,WesternAfrica,914,326879,435776,485979,557720,629595,658342,675820,156563,209111,233388,265972,298697,312335,320443,170316,226665,252591,291748,330898,346007,355377
4639,CaboVerde,132,WesternAfrica,914,923,1551,2174,4774,7368,7652,8109,503,869,1237,2601,3962,4104,4345,420,682,937,2173,3406,3548,3764
4640,CotedIvoire,384,WesternAfrica,914,1789579,2033398,2097698,2196031,2294365,2394709,2483381,996640,1127209,1162550,1217051,1271143,1326758,1375857,792939,906189,935148,978980,1023222,1067951,1107524
4641,Gambia,270,WesternAfrica,914,114683,146646,177198,176680,180447,186955,209397,64140,79439,93922,93088,94878,98145,110004,50543,67207,83276,83592,85569,88810,99393
4642,Ghana,288,WesternAfrica,914,149877,237953,174906,270959,282664,346927,398516,75977,119635,89300,142052,154911,190124,218806,73900,118318,85606,128907,127753,156803,179710
4643,Guinea,324,WesternAfrica,914,394159,763606,545824,187647,123873,77246,74240,195484,379417,270012,88645,58363,44573,42978,198675,384189,275812,99002,65510,32673,31262
4644,GuineaBissau,624,WesternAfrica,914,13890,25809,17628,18385,19183,20341,15827,6954,12744,8713,9123,9399,9872,7838,6936,13065,8915,9262,9784,10469,7989
4645,Liberia,430,WesternAfrica,914,61915,177339,122906,72532,89890,101462,78626,36022,94841,66996,41180,50755,56941,44198,25893,82498,55910,31352,39135,44521,34428
4646,Mali,466,WesternAfrica,914,129502,143794,125696,168069,259352,319654,383453,65433,73757,65622,86320,131777,162290,195212,64069,70037,60074,81749,127575,157364,188241
4647,Mauritania,478,WesternAfrica,914,105820,83358,50632,51269,36109,127942,140032,54770,43722,27256,28502,21177,73056,80145,51050,39636,23376,22767,14932,54886,59887
4648,Niger,562,WesternAfrica,914,102867,133724,110211,112243,114019,239001,328915,48591,63359,51997,52888,53645,113795,154257,54276,70365,58214,59355,60374,125206,174658
4649,Nigeria,566,WesternAfrica,914,278203,339888,415163,825166,842852,1020374,1093365,156077,189468,229940,480456,490698,559825,596310,122126,150420,185223,344710,352154,460549,497055
4650,SaintHelena,654,WesternAfrica,914,0,0,0,0,0,0,0,0,0,0,0,0,0,0,0,0,0,0,0,0,0
4651,Senegal,686,WesternAfrica,914,211254,226014,176351,178765,189394,194156,200091,111622,119002,97081,97770,104229,107047,110137,99632,107012,79270,80995,85165,87109,89954
4652,SierraLeone,694,WesternAfrica,914,216690,93162,92695,143047,76039,55517,50485,119970,53080,51444,74594,41491,31045,28584,96720,40082,41251,68453,34548,24472,21901
4653,Togo,768,WesternAfrica,914,69058,85735,118888,178722,229309,249641,251959,36786,44811,61704,91214,116266,126216,128263,32272,40924,57184,87508,113043,123425,123696
4654,CentralAsia,5500,WesternAfrica,914,37,30,26,24,23,22,20,17,14,13,11,11,11,11,20,16,13,13,12,11,9
4655,Kazakhstan,398,WesternAfrica,914,0,0,0,0,0,0,0,0,0,0,0,0,0,0,0,0,0,0,0,0,0
4656,Kyrgyzstan,417,WesternAfrica,914,0,0,0,0,0,0,0,0,0,0,0,0,0,0,0,0,0,0,0,0,0
4657,Tajikistan,762,WesternAfrica,914,37,30,26,24,23,22,20,17,14,13,11,11,11,11,20,16,13,13,12,11,9
4658,Turkmenistan,795,WesternAfrica,914,0,0,0,0,0,0,0,0,0,0,0,0,0,0,0,0,0,0,0,0,0
4659,Uzbekistan,860,WesternAfrica,914,0,0,0,0,0,0,0,0,0,0,0,0,0,0,0,0,0,0,0,0,0
4660,EasternAsia,906,WesternAfrica,914,791,2606,3746,4993,5806,5695,7260,403,1294,1840,2480,2990,2875,3817,388,1312,1906,2513,2816,2820,3443
4661,China,156,WesternAfrica,914,0,0,0,0,0,0,0,0,0,0,0,0,0,0,0,0,0,0,0,0,0
4662,DemPeoplesRepublicofKorea,408,WesternAfrica,914,0,0,0,0,0,0,0,0,0,0,0,0,0,0,0,0,0,0,0,0,0
4663,Japan,392,WesternAfrica,914,791,2456,3398,4350,4612,4643,5444,403,1178,1570,1981,2074,2073,2432,388,1278,1828,2369,2538,2570,3012
4664,Mongolia,496,WesternAfrica,914,0,0,0,0,0,0,0,0,0,0,0,0,0,0,0,0,0,0,0,0,0
4665,RepublicofKorea,410,WesternAfrica,914,0,150,348,643,1194,1052,1816,0,116,270,499,916,802,1385,0,34,78,144,278,250,431
4666,SouthEasternAsia,920,WesternAfrica,914,65,86,346,283,369,376,397,45,60,199,165,274,279,296,20,26,147,118,95,97,101
4667,BruneiDarussalam,96,WesternAfrica,914,0,0,0,0,0,0,0,0,0,0,0,0,0,0,0,0,0,0,0,0,0
4668,Cambodia,116,WesternAfrica,914,0,0,0,0,0,0,0,0,0,0,0,0,0,0,0,0,0,0,0,0,0
4669,Indonesia,360,WesternAfrica,914,0,0,0,0,0,0,0,0,0,0,0,0,0,0,0,0,0,0,0,0,0
4670,LaoPeoplesDemocraticRepublic,418,WesternAfrica,914,0,0,0,0,0,0,0,0,0,0,0,0,0,0,0,0,0,0,0,0,0
4671,Malaysia,458,WesternAfrica,914,0,0,0,0,0,0,0,0,0,0,0,0,0,0,0,0,0,0,0,0,0
4672,Myanmar,104,WesternAfrica,914,0,0,0,0,0,0,0,0,0,0,0,0,0,0,0,0,0,0,0,0,0
4673,Philippines,608,WesternAfrica,914,65,86,343,275,351,357,378,45,60,198,160,264,268,285,20,26,145,115,87,89,93
4674,Singapore,702,WesternAfrica,914,0,0,0,0,0,0,0,0,0,0,0,0,0,0,0,0,0,0,0,0,0
4675,Thailand,764,WesternAfrica,914,0,0,3,8,18,19,19,0,0,1,5,10,11,11,0,0,2,3,8,8,8
4676,TimorLeste,626,WesternAfrica,914,0,0,0,0,0,0,0,0,0,0,0,0,0,0,0,0,0,0,0,0,0
4677,VietNam,704,WesternAfrica,914,0,0,0,0,0,0,0,0,0,0,0,0,0,0,0,0,0,0,0,0,0
4678,SouthernAsia,5501,WesternAfrica,914,1286,1038,790,930,1037,966,903,734,570,407,532,619,570,527,552,468,383,398,418,396,376
4679,Afghanistan,4,WesternAfrica,914,0,0,0,0,0,0,0,0,0,0,0,0,0,0,0,0,0,0,0,0,0
4680,Bangladesh,50,WesternAfrica,914,0,0,0,0,0,0,0,0,0,0,0,0,0,0,0,0,0,0,0,0,0
4681,Bhutan,64,WesternAfrica,914,0,0,0,0,0,0,0,0,0,0,0,0,0,0,0,0,0,0,0,0,0
4682,India,356,WesternAfrica,914,1286,1038,790,930,1037,966,903,734,570,407,532,619,570,527,552,468,383,398,418,396,376
4683,IranIslamicRepublicof,364,WesternAfrica,914,0,0,0,0,0,0,0,0,0,0,0,0,0,0,0,0,0,0,0,0,0
4684,Maldives,462,WesternAfrica,914,0,0,0,0,0,0,0,0,0,0,0,0,0,0,0,0,0,0,0,0,0
4685,Nepal,524,WesternAfrica,914,0,0,0,0,0,0,0,0,0,0,0,0,0,0,0,0,0,0,0,0,0
4686,Pakistan,586,WesternAfrica,914,0,0,0,0,0,0,0,0,0,0,0,0,0,0,0,0,0,0,0,0,0
4687,SriLanka,144,WesternAfrica,914,0,0,0,0,0,0,0,0,0,0,0,0,0,0,0,0,0,0,0,0,0
4688,WesternAsia,922,WesternAfrica,914,3610,4008,4795,8976,19596,25949,28522,2369,2747,3374,6231,13879,17971,19647,1241,1261,1421,2745,5717,7978,8875
4689,Armenia,51,WesternAfrica,914,0,0,0,0,0,0,0,0,0,0,0,0,0,0,0,0,0,0,0,0,0
4690,Azerbaijan,31,WesternAfrica,914,0,0,0,0,0,0,0,0,0,0,0,0,0,0,0,0,0,0,0,0,0
4691,Bahrain,48,WesternAfrica,914,187,205,224,631,1179,1278,1655,134,145,155,427,794,877,1153,53,60,69,204,385,401,502
4692,Cyprus,196,WesternAfrica,914,104,149,191,286,435,395,399,60,83,106,156,242,224,226,44,66,85,130,193,171,173
4693,Georgia,268,WesternAfrica,914,0,0,0,0,0,0,0,0,0,0,0,0,0,0,0,0,0,0,0,0,0
4694,Iraq,368,WesternAfrica,914,154,182,172,200,205,200,201,113,122,101,139,147,152,149,41,60,71,61,58,48,52
4695,Israel,376,WesternAfrica,914,0,0,0,0,0,0,0,0,0,0,0,0,0,0,0,0,0,0,0,0,0
4696,Jordan,400,WesternAfrica,914,157,154,149,112,231,96,120,120,115,108,89,181,70,89,37,39,41,23,50,26,31
4697,Kuwait,414,WesternAfrica,914,1160,929,1060,1145,1518,4441,4817,703,593,716,755,989,2681,2908,457,336,344,390,529,1760,1909
4698,Lebanon,422,WesternAfrica,914,0,0,0,0,0,0,0,0,0,0,0,0,0,0,0,0,0,0,0,0,0
4699,Oman,512,WesternAfrica,914,0,0,0,0,0,0,0,0,0,0,0,0,0,0,0,0,0,0,0,0,0
4700,Qatar,634,WesternAfrica,914,311,282,211,909,2347,4071,4145,128,142,135,671,1881,3316,3322,183,140,76,238,466,755,823
4701,SaudiArabia,682,WesternAfrica,914,0,0,0,0,0,0,0,0,0,0,0,0,0,0,0,0,0,0,0,0,0
4702,StateofPalestine,275,WesternAfrica,914,0,0,0,0,0,0,0,0,0,0,0,0,0,0,0,0,0,0,0,0,0
4703,SyrianArabRepublic,760,WesternAfrica,914,0,0,0,0,0,0,0,0,0,0,0,0,0,0,0,0,0,0,0,0,0
4704,Turkey,792,WesternAfrica,914,120,292,469,486,503,1069,1488,102,247,392,404,417,738,996,18,45,77,82,86,331,492
4705,UnitedArabEmirates,784,WesternAfrica,914,1417,1815,2319,5207,13178,14399,15697,1009,1300,1661,3590,9228,9913,10804,408,515,658,1617,3950,4486,4893
4706,Yemen,887,WesternAfrica,914,0,0,0,0,0,0,0,0,0,0,0,0,0,0,0,0,0,0,0,0,0
4707,EasternEurope,923,WesternAfrica,914,4419,4619,4720,5239,5679,6789,10487,2468,2814,3107,3736,4311,4979,7816,1951,1805,1613,1503,1368,1810,2671
4708,Belarus,112,WesternAfrica,914,0,0,0,0,0,0,0,0,0,0,0,0,0,0,0,0,0,0,0,0,0
4709,Bulgaria,100,WesternAfrica,914,61,86,106,145,176,239,385,50,64,79,100,123,171,270,11,22,27,45,53,68,115
4710,Czechia,203,WesternAfrica,914,72,109,143,581,963,1211,1659,57,84,111,482,809,1012,1352,15,25,32,99,154,199,307
4711,Hungary,348,WesternAfrica,914,290,674,1053,1295,1542,1810,2426,244,485,726,900,1080,1165,1624,46,189,327,395,462,645,802
4712,Poland,616,WesternAfrica,914,432,368,316,455,612,576,765,366,313,266,407,558,533,710,66,55,50,48,54,43,55
4713,RepublicofMoldova,498,WesternAfrica,914,0,0,0,0,0,0,0,0,0,0,0,0,0,0,0,0,0,0,0,0,0
4714,Romania,642,WesternAfrica,914,2,2,2,2,11,444,2727,1,2,2,2,10,260,1987,1,0,0,0,1,184,740
4715,RussianFederation,643,WesternAfrica,914,3560,3345,3019,2669,2272,2317,2295,1748,1832,1848,1761,1636,1666,1666,1812,1513,1171,908,636,651,629
4716,Slovakia,703,WesternAfrica,914,2,35,81,92,103,192,230,2,34,75,84,95,172,207,0,1,6,8,8,20,23
4717,Ukraine,804,WesternAfrica,914,0,0,0,0,0,0,0,0,0,0,0,0,0,0,0,0,0,0,0,0,0
4718,NorthernEurope,924,WesternAfrica,914,96658,144275,196182,284386,352698,409010,467833,49310,72563,97822,142923,176976,206168,236846,47348,71712,98360,141463,175722,202842,230987
4719,ChannelIslands,830,WesternAfrica,914,0,0,0,0,0,0,0,0,0,0,0,0,0,0,0,0,0,0,0,0,0
4720,Denmark,208,WesternAfrica,914,1168,2127,3076,4001,4664,5720,6465,783,1336,1886,2328,2632,3222,3635,385,791,1190,1673,2032,2498,2830
4721,Estonia,233,WesternAfrica,914,0,0,0,0,25,145,683,0,0,0,0,16,118,520,0,0,0,0,9,27,163
4722,FaroeIslands,234,WesternAfrica,914,1,1,0,5,16,18,23,1,1,0,1,4,6,11,0,0,0,4,12,12,12
4723,Finland,246,WesternAfrica,914,266,562,849,2159,3037,4860,6612,223,472,715,1701,2368,3590,4729,43,90,134,458,669,1270,1883
4724,Iceland,352,WesternAfrica,914,45,85,119,163,200,245,465,25,48,71,87,103,144,271,20,37,48,76,97,101,194
4725,Ireland,372,WesternAfrica,914,1109,5292,12382,19172,22808,23298,26680,550,2525,6112,9386,9878,9925,11459,559,2767,6270,9786,12930,13373,15221
4726,IsleofMan,833,WesternAfrica,914,0,0,0,0,0,0,0,0,0,0,0,0,0,0,0,0,0,0,0,0,0
4727,Latvia,428,WesternAfrica,914,11,13,18,17,17,27,32,10,12,17,17,17,25,27,1,1,1,0,0,2,5
4728,Lithuania,440,WesternAfrica,914,5,5,3,16,28,33,21,5,5,3,16,28,29,16,0,0,0,0,0,4,5
4729,Norway,578,WesternAfrica,914,2220,2792,3104,4653,6155,7912,8604,1646,1864,1896,2616,3441,4430,4742,574,928,1208,2037,2714,3482,3862
4730,Sweden,752,WesternAfrica,914,4989,5921,6358,8749,12000,16124,21084,3003,3543,3783,5247,7216,9505,12521,1986,2378,2575,3502,4784,6619,8563
4731,UnitedKingdom,826,WesternAfrica,914,86844,127477,170273,245451,303748,350628,397164,43064,62757,83339,121524,151273,175174,198915,43780,64720,86934,123927,152475,175454,198249
4732,SouthernEurope,925,WesternAfrica,914,144966,189403,244766,397364,523635,536911,704169,96219,118077,147580,256850,351074,347448,479300,48747,71326,97186,140514,172561,189463,224869
4733,Albania,8,WesternAfrica,914,0,0,0,0,0,0,0,0,0,0,0,0,0,0,0,0,0,0,0,0,0
4734,Andorra,20,WesternAfrica,914,0,0,0,0,0,0,0,0,0,0,0,0,0,0,0,0,0,0,0,0,0
4735,BosniaandHerzegovina,70,WesternAfrica,914,0,0,0,0,0,0,0,0,0,0,0,0,0,0,0,0,0,0,0,0,0
4736,Croatia,191,WesternAfrica,914,0,0,0,15,29,29,25,0,0,0,9,17,17,14,0,0,0,6,12,12,11
4737,Gibraltar,292,WesternAfrica,914,0,0,0,0,0,0,0,0,0,0,0,0,0,0,0,0,0,0,0,0,0
4738,Greece,300,WesternAfrica,914,3070,2994,2965,4010,5229,4607,4991,2044,2036,2043,2831,3752,3115,3425,1026,958,922,1179,1477,1492,1566
4739,HolySee,336,WesternAfrica,914,0,0,0,0,0,0,0,0,0,0,0,0,0,0,0,0,0,0,0,0,0
4740,Italy,380,WesternAfrica,914,91033,115366,139692,196930,241145,274431,404723,64789,74360,83936,123156,152729,179347,289856,26244,41006,55756,73774,88416,95084,114867
4741,Malta,470,WesternAfrica,914,67,80,100,122,375,615,1336,51,60,77,92,212,471,1050,16,20,23,30,163,144,286
4742,Montenegro,499,WesternAfrica,914,0,0,0,0,0,0,0,0,0,0,0,0,0,0,0,0,0,0,0,0,0
4743,NorthMacedonia,807,WesternAfrica,914,0,0,0,0,0,0,0,0,0,0,0,0,0,0,0,0,0,0,0,0,0
4744,Portugal,620,WesternAfrica,914,37182,51265,67445,82740,84309,95574,109622,19949,27670,36604,43714,43657,47116,55749,17233,23595,30841,39026,40652,48458,53873
4745,SanMarino,674,WesternAfrica,914,0,0,0,0,0,0,0,0,0,0,0,0,0,0,0,0,0,0,0,0,0
4746,Serbia,688,WesternAfrica,914,3,22,30,30,30,29,28,2,15,19,19,19,19,19,1,7,11,11,11,10,9
4747,Slovenia,705,WesternAfrica,914,7,14,37,43,82,161,222,4,10,26,28,56,112,157,3,4,11,15,26,49,65
4748,Spain,724,WesternAfrica,914,13604,19662,34497,113474,192436,161465,183222,9380,13926,24875,87001,150632,117251,129030,4224,5736,9622,26473,41804,44214,54192
4749,WesternEurope,926,WesternAfrica,914,349041,378564,408565,517398,595816,670374,820764,209594,225000,240649,290753,328999,362015,452296,139447,153564,167916,226645,266817,308359,368468
4750,Austria,40,WesternAfrica,914,7528,8499,9460,10487,11643,11969,14115,5162,5869,6576,7221,7929,7819,9057,2366,2630,2884,3266,3714,4150,5058
4751,Belgium,56,WesternAfrica,914,16599,15437,13825,21494,34184,56255,68170,10235,9209,7934,12189,19119,30981,36680,6364,6228,5891,9305,15065,25274,31490
4752,France,250,WesternAfrica,914,250233,258325,266412,348103,405263,449149,494829,142818,145570,148322,185421,216467,234175,258542,107415,112755,118090,162682,188796,214974,236287
4753,Germany,276,WesternAfrica,914,46556,58915,71270,76294,79881,83522,158204,35101,42627,50154,49772,49109,51364,102142,11455,16288,21116,26522,30772,32158,56062
4754,Liechtenstein,438,WesternAfrica,914,0,0,0,0,9,10,9,0,0,0,0,6,6,5,0,0,0,0,3,4,4
4755,Luxembourg,442,WesternAfrica,914,1177,1305,1448,1256,1080,1647,11505,586,615,651,607,569,880,6040,591,690,797,649,511,767,5465
4756,Monaco,492,WesternAfrica,914,0,0,0,0,0,0,0,0,0,0,0,0,0,0,0,0,0,0,0,0,0
4757,Netherlands,528,WesternAfrica,914,18726,25078,32304,44188,45469,46411,49231,10742,14370,18450,26228,25278,24593,25874,7984,10708,13854,17960,20191,21818,23357
4758,Switzerland,756,WesternAfrica,914,8222,11005,13846,15576,18287,21411,24701,4950,6740,8562,9315,10522,12197,13956,3272,4265,5284,6261,7765,9214,10745
4759,Caribbean,915,WesternAfrica,914,552,625,750,805,1039,1081,1148,327,373,455,470,604,635,717,225,252,295,335,435,446,431
4760,Anguilla,660,WesternAfrica,914,0,0,0,0,0,0,0,0,0,0,0,0,0,0,0,0,0,0,0,0,0
4761,AntiguaandBarbuda,28,WesternAfrica,914,45,52,58,63,67,71,71,22,25,27,29,31,33,35,23,27,31,34,36,38,36
4762,Aruba,533,WesternAfrica,914,0,0,0,0,0,0,0,0,0,0,0,0,0,0,0,0,0,0,0,0,0
4763,Bahamas,44,WesternAfrica,914,53,105,158,176,192,208,219,32,66,102,108,113,122,130,21,39,56,68,79,86,89
4764,Barbados,52,WesternAfrica,914,0,0,0,0,0,0,0,0,0,0,0,0,0,0,0,0,0,0,0,0,0
4765,BritishVirginIslands,92,WesternAfrica,914,0,0,0,0,0,0,0,0,0,0,0,0,0,0,0,0,0,0,0,0,0
4766,CaymanIslands,136,WesternAfrica,914,10,22,40,37,38,38,42,10,22,40,37,38,38,42,0,0,0,0,0,0,0
4767,Cuba,192,WesternAfrica,914,0,0,0,0,0,0,0,0,0,0,0,0,0,0,0,0,0,0,0,0,0
4768,CuraÃao,531,WesternAfrica,914,0,0,0,0,0,0,0,0,0,0,0,0,0,0,0,0,0,0,0,0,0
4769,Dominica,212,WesternAfrica,914,18,24,29,35,43,50,50,7,9,11,14,17,20,21,11,15,18,21,26,30,29
4770,DominicanRepublic,214,WesternAfrica,914,139,156,170,146,122,125,128,81,89,96,81,64,68,70,58,67,74,65,58,57,58
4771,Grenada,308,WesternAfrica,914,0,0,0,0,0,0,0,0,0,0,0,0,0,0,0,0,0,0,0,0,0
4772,Guadeloupe,312,WesternAfrica,914,0,0,0,0,0,0,0,0,0,0,0,0,0,0,0,0,0,0,0,0,0
4773,Haiti,332,WesternAfrica,914,0,0,0,0,0,0,0,0,0,0,0,0,0,0,0,0,0,0,0,0,0
4774,Jamaica,388,WesternAfrica,914,0,0,0,0,0,0,0,0,0,0,0,0,0,0,0,0,0,0,0,0,0
4775,Martinique,474,WesternAfrica,914,0,0,0,0,0,0,0,0,0,0,0,0,0,0,0,0,0,0,0,0,0
4776,Montserrat,500,WesternAfrica,914,0,0,0,0,0,0,0,0,0,0,0,0,0,0,0,0,0,0,0,0,0
4777,PuertoRico,630,WesternAfrica,914,0,0,0,0,0,0,0,0,0,0,0,0,0,0,0,0,0,0,0,0,0
4778,SaintBarthelemy,652,WesternAfrica,914,0,0,0,0,0,0,0,0,0,0,0,0,0,0,0,0,0,0,0,0,0
4779,SaintKittsandNevis,659,WesternAfrica,914,0,0,0,0,0,0,0,0,0,0,0,0,0,0,0,0,0,0,0,0,0
4780,SaintLucia,662,WesternAfrica,914,16,20,28,62,92,87,81,8,10,14,24,32,31,31,8,10,14,38,60,56,50
4781,SaintMartinFrenchpart,663,WesternAfrica,914,0,0,0,0,0,0,0,0,0,0,0,0,0,0,0,0,0,0,0,0,0
4782,SaintVincentandtheGrenadines,670,WesternAfrica,914,0,0,0,0,0,0,0,0,0,0,0,0,0,0,0,0,0,0,0,0,0
4783,SintMaartenDutchpart,534,WesternAfrica,914,0,0,0,0,0,0,0,0,0,0,0,0,0,0,0,0,0,0,0,0,0
4784,TrinidadandTobago,780,WesternAfrica,914,271,246,267,286,485,502,557,167,152,165,177,309,323,388,104,94,102,109,176,179,169
4785,TurksandCaicosIslands,796,WesternAfrica,914,0,0,0,0,0,0,0,0,0,0,0,0,0,0,0,0,0,0,0,0,0
4786,UnitedStatesVirginIslands,850,WesternAfrica,914,0,0,0,0,0,0,0,0,0,0,0,0,0,0,0,0,0,0,0,0,0
4787,CentralAmerica,916,WesternAfrica,914,370,268,250,378,481,505,540,232,171,146,219,292,311,342,138,97,104,159,189,194,198
4788,Belize,84,WesternAfrica,914,30,31,32,35,38,44,49,25,25,26,29,32,37,43,5,6,6,6,6,7,6
4789,CostaRica,188,WesternAfrica,914,8,7,7,10,14,9,9,4,3,2,2,4,3,3,4,4,5,8,10,6,6
4790,ElSalvador,222,WesternAfrica,914,0,0,0,0,0,0,0,0,0,0,0,0,0,0,0,0,0,0,0,0,0
4791,Guatemala,320,WesternAfrica,914,0,0,0,0,0,0,0,0,0,0,0,0,0,0,0,0,0,0,0,0,0
4792,Honduras,340,WesternAfrica,914,0,0,0,0,0,0,0,0,0,0,0,0,0,0,0,0,0,0,0,0,0
4793,Mexico,484,WesternAfrica,914,231,146,70,127,198,203,220,150,98,50,94,146,152,168,81,48,20,33,52,51,52
4794,Nicaragua,558,WesternAfrica,914,94,75,128,186,198,212,219,47,37,57,78,85,91,94,47,38,71,108,113,121,125
4795,Panama,591,WesternAfrica,914,7,9,13,20,33,37,43,6,8,11,16,25,28,34,1,1,2,4,8,9,9
4796,SouthAmerica,931,WesternAfrica,914,398,399,495,1876,4770,11419,16517,208,212,277,1067,2996,8551,12374,190,187,218,809,1774,2868,4143
4797,Argentina,32,WesternAfrica,914,173,169,165,130,81,81,80,50,50,51,42,28,28,28,123,119,114,88,53,53,52
4798,BoliviaPlurinationalStateof,68,WesternAfrica,914,23,25,21,94,159,195,198,8,10,11,44,77,92,96,15,15,10,50,82,103,102
4799,Brazil,76,WesternAfrica,914,0,0,0,1307,3994,10573,15588,0,0,0,745,2536,8068,11836,0,0,0,562,1458,2505,3752
4800,Chile,152,WesternAfrica,914,0,0,0,0,0,0,0,0,0,0,0,0,0,0,0,0,0,0,0,0,0
4801,Colombia,170,WesternAfrica,914,0,0,0,0,0,0,0,0,0,0,0,0,0,0,0,0,0,0,0,0,0
4802,Ecuador,218,WesternAfrica,914,41,47,51,62,97,95,110,34,38,42,49,80,68,80,7,9,9,13,17,27,30
4803,FalklandIslandsMalvinas,238,WesternAfrica,914,31,32,133,153,295,323,402,18,19,79,88,167,181,227,13,13,54,65,128,142,175
4804,FrenchGuiana,254,WesternAfrica,914,0,0,0,0,0,0,0,0,0,0,0,0,0,0,0,0,0,0,0,0,0
4805,Guyana,328,WesternAfrica,914,0,0,0,0,0,0,0,0,0,0,0,0,0,0,0,0,0,0,0,0,0
4806,Paraguay,600,WesternAfrica,914,0,0,0,0,0,0,0,0,0,0,0,0,0,0,0,0,0,0,0,0,0
4807,Peru,604,WesternAfrica,914,0,0,0,0,0,0,0,0,0,0,0,0,0,0,0,0,0,0,0,0,0
4808,Suriname,740,WesternAfrica,914,0,0,0,0,0,0,0,0,0,0,0,0,0,0,0,0,0,0,0,0,0
4809,Uruguay,858,WesternAfrica,914,0,0,0,0,0,0,0,0,0,0,0,0,0,0,0,0,0,0,0,0,0
4810,VenezuelaBolivarianRepublicof,862,WesternAfrica,914,130,126,125,130,144,152,139,98,95,94,99,108,114,107,32,31,31,31,36,38,32
4811,Bermuda,60,WesternAfrica,914,42,79,98,82,62,64,54,28,52,63,52,39,41,35,14,27,35,30,23,23,19
4812,Canada,124,WesternAfrica,914,12686,24519,36935,57677,76055,107279,116220,6176,11854,17816,29703,40305,55512,60150,6510,12665,19119,27974,35750,51767,56070
4813,Greenland,304,WesternAfrica,914,0,0,0,0,0,0,0,0,0,0,0,0,0,0,0,0,0,0,0,0,0
4814,SaintPierreandMiquelon,666,WesternAfrica,914,0,0,0,0,0,0,0,0,0,0,0,0,0,0,0,0,0,0,0,0,0
4815,UnitedStatesofAmerica,840,WesternAfrica,914,115471,218368,323520,433531,559725,730161,955542,69248,132108,196505,227664,284386,370579,479956,46223,86260,127015,205867,275339,359582,475586
4816,Australia,36,WesternAfrica,914,2548,3701,4881,9936,17311,24661,31277,1555,2221,2871,5443,9255,13648,17286,993,1480,2010,4493,8056,11013,13991
4817,NewZealand,554,WesternAfrica,914,0,0,0,0,0,0,0,0,0,0,0,0,0,0,0,0,0,0,0,0,0
4818,Melanesia,928,WesternAfrica,914,0,0,0,0,0,0,0,0,0,0,0,0,0,0,0,0,0,0,0,0,0
4819,Fiji,242,WesternAfrica,914,0,0,0,0,0,0,0,0,0,0,0,0,0,0,0,0,0,0,0,0,0
4820,NewCaledonia,540,WesternAfrica,914,0,0,0,0,0,0,0,0,0,0,0,0,0,0,0,0,0,0,0,0,0
4821,PapuaNewGuinea,598,WesternAfrica,914,0,0,0,0,0,0,0,0,0,0,0,0,0,0,0,0,0,0,0,0,0
4822,SolomonIslands,90,WesternAfrica,914,0,0,0,0,0,0,0,0,0,0,0,0,0,0,0,0,0,0,0,0,0
4823,Vanuatu,548,WesternAfrica,914,0,0,0,0,0,0,0,0,0,0,0,0,0,0,0,0,0,0,0,0,0
4824,Micronesia,954,WesternAfrica,914,0,0,0,0,0,0,0,0,0,0,0,0,0,0,0,0,0,0,0,0,0
4825,Guam,316,WesternAfrica,914,0,0,0,0,0,0,0,0,0,0,0,0,0,0,0,0,0,0,0,0,0
4826,Kiribati,296,WesternAfrica,914,0,0,0,0,0,0,0,0,0,0,0,0,0,0,0,0,0,0,0,0,0
4827,MarshallIslands,584,WesternAfrica,914,0,0,0,0,0,0,0,0,0,0,0,0,0,0,0,0,0,0,0,0,0
4828,MicronesiaFedStatesof,583,WesternAfrica,914,0,0,0,0,0,0,0,0,0,0,0,0,0,0,0,0,0,0,0,0,0
4829,Nauru,520,WesternAfrica,914,0,0,0,0,0,0,0,0,0,0,0,0,0,0,0,0,0,0,0,0,0
4830,NorthernMarianaIslands,580,WesternAfrica,914,0,0,0,0,0,0,0,0,0,0,0,0,0,0,0,0,0,0,0,0,0
4831,Palau,585,WesternAfrica,914,0,0,0,0,0,0,0,0,0,0,0,0,0,0,0,0,0,0,0,0,0
4832,Polynesia,957,WesternAfrica,914,0,0,0,0,0,0,0,0,0,0,0,0,0,0,0,0,0,0,0,0,0
4833,AmericanSamoa,16,WesternAfrica,914,0,0,0,0,0,0,0,0,0,0,0,0,0,0,0,0,0,0,0,0,0
4834,CookIslands,184,WesternAfrica,914,0,0,0,0,0,0,0,0,0,0,0,0,0,0,0,0,0,0,0,0,0
4835,FrenchPolynesia,258,WesternAfrica,914,0,0,0,0,0,0,0,0,0,0,0,0,0,0,0,0,0,0,0,0,0
4836,Niue,570,WesternAfrica,914,0,0,0,0,0,0,0,0,0,0,0,0,0,0,0,0,0,0,0,0,0
4837,Samoa,882,WesternAfrica,914,0,0,0,0,0,0,0,0,0,0,0,0,0,0,0,0,0,0,0,0,0
4838,Tokelau,772,WesternAfrica,914,0,0,0,0,0,0,0,0,0,0,0,0,0,0,0,0,0,0,0,0,0
4839,Tonga,776,WesternAfrica,914,0,0,0,0,0,0,0,0,0,0,0,0,0,0,0,0,0,0,0,0,0
4840,Tuvalu,798,WesternAfrica,914,0,0,0,0,0,0,0,0,0,0,0,0,0,0,0,0,0,0,0,0,0
4841,WallisandFutunaIslands,876,WesternAfrica,914,0,0,0,0,0,0,0,0,0,0,0,0,0,0,0,0,0,0,0,0,0
4842,SubSaharanAfrica,947,SouthernAfrica,913,335294,285854,305205,375017,526114,413393,435497,234681,180664,167886,200260,277709,201476,214253,100613,105190,137319,174757,248405,211917,221244
4843,NorthernAfricaandWesternAsia,1833,SouthernAfrica,913,10982,12549,13625,15441,18102,17885,18068,5276,5926,6402,7217,8417,8341,8424,5706,6623,7223,8224,9685,9544,9644
4844,CentralandSouthernAsia,921,SouthernAfrica,913,3,33,64,127,257,260,262,2,25,40,51,106,104,106,1,8,24,76,151,156,156
4845,EasternandSouthEasternAsia,1832,SouthernAfrica,913,186,440,1294,1519,2349,2025,3024,102,218,632,730,1067,914,1340,84,222,662,789,1282,1111,1684
4846,LatinAmericaandtheCaribbean,1830,SouthernAfrica,913,925,999,1118,983,2552,2903,3208,486,532,605,533,1667,1913,2145,439,467,513,450,885,990,1063
4847,OceaniaexcludingAustraliaandNewZealand,1835,SouthernAfrica,913,0,0,0,0,0,0,0,0,0,0,0,0,0,0,0,0,0,0,0,0,0
4848,AustraliaandNewZealand,927,SouthernAfrica,913,64817,73182,107439,156056,207124,237076,277311,31919,35923,52894,77230,102683,118147,137726,32898,37259,54545,78826,104441,118929,139585
4849,EuropeandNorthernAmerica,1829,SouthernAfrica,913,164545,231399,303567,355471,443315,456409,541065,77767,109941,144658,170766,218584,214711,264892,86778,121458,158909,184705,224731,241698,276173
4850,Developedregions,901,SouthernAfrica,913,229362,304581,411006,511527,650439,693485,818376,109686,145864,197552,247996,321267,332858,402618,119676,158717,213454,263531,329172,360627,415758
4851,Lessdevelopedregions,902,SouthernAfrica,913,347390,299875,321306,393087,549374,436466,460059,240547,187365,175565,208791,288966,212748,226268,106843,112510,145741,184296,260408,223718,233791
4852,Leastdevelopedcountries,941,SouthernAfrica,913,27829,34367,35193,43098,49557,52334,55699,14164,17372,17644,20781,23861,25383,27478,13665,16995,17549,22317,25696,26951,28221
4853,LandlockedDevelopingCountriesLLDC,1636,SouthernAfrica,913,55819,53604,62788,62466,57787,58278,61692,29116,28798,34402,33319,28985,29295,31358,26703,24806,28386,29147,28802,28983,30334
4854,SmallislanddevelopingStatesSIDS,1637,SouthernAfrica,913,597,856,1218,1191,1196,1332,1405,300,506,738,656,590,676,735,297,350,480,535,606,656,670
4855,Highincomecountries,1503,SouthernAfrica,913,238882,316021,424011,526640,668902,711599,837126,114218,151242,203642,254924,329626,341084,411108,124664,164779,220369,271716,339276,370515,426018
4856,Middleincomecountries,1517,SouthernAfrica,913,325873,264645,282512,346644,496167,382346,405004,229952,170072,156716,187086,264173,187287,200162,95921,94573,125796,159558,231994,195059,204842
4857,Uppermiddleincomecountries,1502,SouthernAfrica,913,273245,225501,238127,297641,444473,328854,347176,202951,149371,133160,161469,238289,160557,170946,70294,76130,104967,136172,206184,168297,176230
4858,Lowermiddleincomecountries,1501,SouthernAfrica,913,52628,39144,44385,49003,51694,53492,57828,27001,20701,23556,25617,25884,26730,29216,25627,18443,20829,23386,25810,26762,28612
4859,Lowincomecountries,1500,SouthernAfrica,913,11965,23769,25769,31301,34700,35940,36229,6044,11903,12748,14763,16412,17193,17564,5921,11866,13021,16538,18288,18747,18665
4860,EasternAfrica,910,SouthernAfrica,913,36745,47087,50491,59456,63927,63506,66040,19714,25147,26905,30653,32658,32299,33992,17031,21940,23586,28803,31269,31207,32048
4861,Burundi,108,SouthernAfrica,913,0,0,0,0,0,0,0,0,0,0,0,0,0,0,0,0,0,0,0,0,0
4862,Comoros,174,SouthernAfrica,913,0,0,0,0,0,0,0,0,0,0,0,0,0,0,0,0,0,0,0,0,0
4863,Djibouti,262,SouthernAfrica,913,0,0,0,0,0,0,0,0,0,0,0,0,0,0,0,0,0,0,0,0,0
4864,Eritrea,232,SouthernAfrica,913,97,143,189,136,101,122,106,60,88,116,80,57,69,61,37,55,73,56,44,53,45
4865,Ethiopia,231,SouthernAfrica,913,0,0,0,0,0,0,0,0,0,0,0,0,0,0,0,0,0,0,0,0,0
4866,Kenya,404,SouthernAfrica,913,316,297,162,158,177,180,154,176,162,81,81,86,87,76,140,135,81,77,91,93,78
4867,Madagascar,450,SouthernAfrica,913,0,0,0,0,0,0,0,0,0,0,0,0,0,0,0,0,0,0,0,0,0
4868,Malawi,454,SouthernAfrica,913,1276,9179,8837,8421,8272,7124,6054,395,4136,3968,3767,3693,3140,2703,881,5043,4869,4654,4579,3984,3351
4869,Mauritius,480,SouthernAfrica,913,184,192,307,412,541,622,627,72,83,120,166,233,285,288,112,109,187,246,308,337,339
4870,Mayotte,175,SouthernAfrica,913,0,0,0,0,0,0,0,0,0,0,0,0,0,0,0,0,0,0,0,0,0
4871,Mozambique,508,SouthernAfrica,913,10272,14130,16436,22569,25720,26663,28013,5486,7575,8563,10790,12253,12704,13493,4786,6555,7873,11779,13467,13959,14520
4872,Reunion,638,SouthernAfrica,913,0,0,0,0,0,0,0,0,0,0,0,0,0,0,0,0,0,0,0,0,0
4873,Rwanda,646,SouthernAfrica,913,0,0,0,0,0,0,0,0,0,0,0,0,0,0,0,0,0,0,0,0,0
4874,Seychelles,690,SouthernAfrica,913,83,224,366,297,228,255,258,35,165,296,215,133,155,157,48,59,70,82,95,100,101
4875,Somalia,706,SouthernAfrica,913,0,0,0,0,0,0,0,0,0,0,0,0,0,0,0,0,0,0,0,0,0
4876,SouthSudan,728,SouthernAfrica,913,0,0,0,0,0,0,0,0,0,0,0,0,0,0,0,0,0,0,0,0,0
4877,Uganda,800,SouthernAfrica,913,0,0,0,0,0,0,0,0,0,0,0,0,0,0,0,0,0,0,0,0,0
4878,UnitedRepublicofTanzania,834,SouthernAfrica,913,989,1324,1411,1579,1653,1734,1540,613,824,877,979,1036,1057,942,376,500,534,600,617,677,598
4879,Zambia,894,SouthernAfrica,913,9157,3361,1747,2740,4620,4068,5692,4688,1710,887,1375,2267,1989,2869,4469,1651,860,1365,2353,2079,2823
4880,Zimbabwe,716,SouthernAfrica,913,14371,18237,21036,23144,22615,22738,23596,8189,10404,11997,13200,12900,12813,13403,6182,7833,9039,9944,9715,9925,10193
4881,MiddleAfrica,911,SouthernAfrica,913,2867,3322,3770,4912,5963,6820,7249,1521,1702,1880,2371,2825,3196,3564,1346,1620,1890,2541,3138,3624,3685
4882,Angola,24,SouthernAfrica,913,2782,3233,3683,4842,5894,6756,7185,1465,1638,1811,2316,2771,3144,3512,1317,1595,1872,2526,3123,3612,3673
4883,Cameroon,120,SouthernAfrica,913,0,0,0,0,0,0,0,0,0,0,0,0,0,0,0,0,0,0,0,0,0
4884,CentralAfricanRepublic,140,SouthernAfrica,913,81,84,80,63,61,52,53,52,59,62,48,46,40,41,29,25,18,15,15,12,12
4885,Chad,148,SouthernAfrica,913,0,0,0,0,0,0,0,0,0,0,0,0,0,0,0,0,0,0,0,0,0
4886,Congo,178,SouthernAfrica,913,0,0,0,0,0,0,0,0,0,0,0,0,0,0,0,0,0,0,0,0,0
4887,DemocraticRepublicoftheCongo,180,SouthernAfrica,913,0,0,0,0,0,0,0,0,0,0,0,0,0,0,0,0,0,0,0,0,0
4888,EquatorialGuinea,226,SouthernAfrica,913,0,0,0,0,0,0,0,0,0,0,0,0,0,0,0,0,0,0,0,0,0
4889,Gabon,266,SouthernAfrica,913,4,5,7,7,8,12,11,4,5,7,7,8,12,11,0,0,0,0,0,0,0
4890,SaoTomeandPrincipe,678,SouthernAfrica,913,0,0,0,0,0,0,0,0,0,0,0,0,0,0,0,0,0,0,0,0,0
4891,NorthernAfrica,912,SouthernAfrica,913,1112,952,836,953,1037,961,1180,549,494,463,573,615,622,721,563,458,373,380,422,339,459
4892,Algeria,12,SouthernAfrica,913,0,0,0,0,0,0,0,0,0,0,0,0,0,0,0,0,0,0,0,0,0
4893,Egypt,818,SouthernAfrica,913,569,447,360,428,461,316,490,234,188,156,201,206,165,226,335,259,204,227,255,151,264
4894,Libya,434,SouthernAfrica,913,543,505,476,525,576,645,690,315,306,307,372,409,457,495,228,199,169,153,167,188,195
4895,Morocco,504,SouthernAfrica,913,0,0,0,0,0,0,0,0,0,0,0,0,0,0,0,0,0,0,0,0,0
4896,Sudan,729,SouthernAfrica,913,0,0,0,0,0,0,0,0,0,0,0,0,0,0,0,0,0,0,0,0,0
4897,Tunisia,788,SouthernAfrica,913,0,0,0,0,0,0,0,0,0,0,0,0,0,0,0,0,0,0,0,0,0
4898,WesternSahara,732,SouthernAfrica,913,0,0,0,0,0,0,0,0,0,0,0,0,0,0,0,0,0,0,0,0,0
4899,SouthernAfrica,913,SouthernAfrica,913,295411,235191,250697,310508,455634,341022,360129,213376,153758,139051,167144,241841,164699,175379,82035,81433,111646,143364,213793,176323,184750
4900,Botswana,72,SouthernAfrica,913,6679,10781,16018,12802,6553,7116,7606,4260,6874,10213,7870,3664,3978,4260,2419,3907,5805,4932,2889,3138,3346
4901,Eswatini,748,SouthernAfrica,913,21302,9272,12486,12651,12512,12773,12974,10172,4315,5954,5707,4733,4958,5050,11130,4957,6532,6944,7779,7815,7924
4902,Lesotho,426,SouthernAfrica,913,2936,2680,2583,2636,2690,3836,5053,1354,1297,1321,1348,1375,2000,2591,1582,1383,1262,1288,1315,1836,2462
4903,Namibia,516,SouthernAfrica,913,13987,13374,12422,9820,9461,9258,9907,6901,6642,6198,4870,4703,4616,4954,7086,6732,6224,4950,4758,4642,4953
4904,SouthAfrica,710,SouthernAfrica,913,250507,199084,207188,272599,424418,308039,324589,190689,134630,115365,147349,227366,149147,158524,59818,64454,91823,125250,197052,158892,166065
4905,WesternAfrica,914,SouthernAfrica,913,271,254,247,141,590,2045,2079,70,57,50,92,385,1282,1318,201,197,197,49,205,763,761
4906,Benin,204,SouthernAfrica,913,0,0,0,0,0,0,0,0,0,0,0,0,0,0,0,0,0,0,0,0,0
4907,BurkinaFaso,854,SouthernAfrica,913,0,0,0,0,0,0,0,0,0,0,0,0,0,0,0,0,0,0,0,0,0
4908,CaboVerde,132,SouthernAfrica,913,0,0,0,0,0,0,0,0,0,0,0,0,0,0,0,0,0,0,0,0,0
4909,CotedIvoire,384,SouthernAfrica,913,0,0,0,0,0,0,0,0,0,0,0,0,0,0,0,0,0,0,0,0,0
4910,Gambia,270,SouthernAfrica,913,0,0,0,0,0,0,0,0,0,0,0,0,0,0,0,0,0,0,0,0,0
4911,Ghana,288,SouthernAfrica,913,0,0,0,0,0,0,0,0,0,0,0,0,0,0,0,0,0,0,0,0,0
4912,Guinea,324,SouthernAfrica,913,0,0,0,0,0,1341,1280,0,0,0,0,0,820,788,0,0,0,0,0,521,492
4913,GuineaBissau,624,SouthernAfrica,913,0,0,0,0,0,0,0,0,0,0,0,0,0,0,0,0,0,0,0,0,0
4914,Liberia,430,SouthernAfrica,913,0,0,0,0,0,0,0,0,0,0,0,0,0,0,0,0,0,0,0,0,0
4915,Mali,466,SouthernAfrica,913,0,0,0,0,449,553,646,0,0,0,0,299,368,431,0,0,0,0,150,185,215
4916,Mauritania,478,SouthernAfrica,913,0,0,0,0,0,0,0,0,0,0,0,0,0,0,0,0,0,0,0,0,0
4917,Niger,562,SouthernAfrica,913,0,0,0,0,0,0,0,0,0,0,0,0,0,0,0,0,0,0,0,0,0
4918,Nigeria,566,SouthernAfrica,913,0,0,0,0,0,0,0,0,0,0,0,0,0,0,0,0,0,0,0,0,0
4919,SaintHelena,654,SouthernAfrica,913,32,21,20,29,44,66,76,19,12,11,14,22,42,52,13,9,9,15,22,24,24
4920,Senegal,686,SouthernAfrica,913,0,0,0,0,0,0,0,0,0,0,0,0,0,0,0,0,0,0,0,0,0
4921,SierraLeone,694,SouthernAfrica,913,239,233,227,112,97,85,77,51,45,39,78,64,52,47,188,188,188,34,33,33,30
4922,Togo,768,SouthernAfrica,913,0,0,0,0,0,0,0,0,0,0,0,0,0,0,0,0,0,0,0,0,0
4923,CentralAsia,5500,SouthernAfrica,913,0,0,0,0,0,0,0,0,0,0,0,0,0,0,0,0,0,0,0,0,0
4924,Kazakhstan,398,SouthernAfrica,913,0,0,0,0,0,0,0,0,0,0,0,0,0,0,0,0,0,0,0,0,0
4925,Kyrgyzstan,417,SouthernAfrica,913,0,0,0,0,0,0,0,0,0,0,0,0,0,0,0,0,0,0,0,0,0
4926,Tajikistan,762,SouthernAfrica,913,0,0,0,0,0,0,0,0,0,0,0,0,0,0,0,0,0,0,0,0,0
4927,Turkmenistan,795,SouthernAfrica,913,0,0,0,0,0,0,0,0,0,0,0,0,0,0,0,0,0,0,0,0,0
4928,Uzbekistan,860,SouthernAfrica,913,0,0,0,0,0,0,0,0,0,0,0,0,0,0,0,0,0,0,0,0,0
4929,EasternAsia,906,SouthernAfrica,913,0,190,442,830,1549,1212,2160,0,83,200,375,671,510,909,0,107,242,455,878,702,1251
4930,China,156,SouthernAfrica,913,0,0,0,0,0,0,0,0,0,0,0,0,0,0,0,0,0,0,0,0,0
4931,DemPeoplesRepublicofKorea,408,SouthernAfrica,913,0,0,0,0,0,0,0,0,0,0,0,0,0,0,0,0,0,0,0,0,0
4932,Japan,392,SouthernAfrica,913,0,0,0,0,0,0,0,0,0,0,0,0,0,0,0,0,0,0,0,0,0
4933,Mongolia,496,SouthernAfrica,913,0,0,0,0,0,0,0,0,0,0,0,0,0,0,0,0,0,0,0,0,0
4934,RepublicofKorea,410,SouthernAfrica,913,0,190,442,830,1549,1212,2160,0,83,200,375,671,510,909,0,107,242,455,878,702,1251
4935,SouthEasternAsia,920,SouthernAfrica,913,186,250,852,689,800,813,864,102,135,432,355,396,404,431,84,115,420,334,404,409,433
4936,BruneiDarussalam,96,SouthernAfrica,913,0,0,0,0,0,0,0,0,0,0,0,0,0,0,0,0,0,0,0,0,0
4937,Cambodia,116,SouthernAfrica,913,0,0,0,0,0,0,0,0,0,0,0,0,0,0,0,0,0,0,0,0,0
4938,Indonesia,360,SouthernAfrica,913,0,0,0,0,0,0,0,0,0,0,0,0,0,0,0,0,0,0,0,0,0
4939,LaoPeoplesDemocraticRepublic,418,SouthernAfrica,913,0,0,0,0,0,0,0,0,0,0,0,0,0,0,0,0,0,0,0,0,0
4940,Malaysia,458,SouthernAfrica,913,0,0,0,0,0,0,0,0,0,0,0,0,0,0,0,0,0,0,0,0,0
4941,Myanmar,104,SouthernAfrica,913,0,0,0,0,0,0,0,0,0,0,0,0,0,0,0,0,0,0,0,0,0
4942,Philippines,608,SouthernAfrica,913,186,250,852,689,800,813,864,102,135,432,355,396,404,431,84,115,420,334,404,409,433
4943,Singapore,702,SouthernAfrica,913,0,0,0,0,0,0,0,0,0,0,0,0,0,0,0,0,0,0,0,0,0
4944,Thailand,764,SouthernAfrica,913,0,0,0,0,0,0,0,0,0,0,0,0,0,0,0,0,0,0,0,0,0
4945,TimorLeste,626,SouthernAfrica,913,0,0,0,0,0,0,0,0,0,0,0,0,0,0,0,0,0,0,0,0,0
4946,VietNam,704,SouthernAfrica,913,0,0,0,0,0,0,0,0,0,0,0,0,0,0,0,0,0,0,0,0,0
4947,SouthernAsia,5501,SouthernAfrica,913,3,33,64,127,257,260,262,2,25,40,51,106,104,106,1,8,24,76,151,156,156
4948,Afghanistan,4,SouthernAfrica,913,0,0,0,0,0,0,0,0,0,0,0,0,0,0,0,0,0,0,0,0,0
4949,Bangladesh,50,SouthernAfrica,913,0,0,0,0,0,0,0,0,0,0,0,0,0,0,0,0,0,0,0,0,0
4950,Bhutan,64,SouthernAfrica,913,0,0,0,0,0,0,0,0,0,0,0,0,0,0,0,0,0,0,0,0,0
4951,India,356,SouthernAfrica,913,0,0,0,0,0,0,0,0,0,0,0,0,0,0,0,0,0,0,0,0,0
4952,IranIslamicRepublicof,364,SouthernAfrica,913,0,0,0,0,0,0,0,0,0,0,0,0,0,0,0,0,0,0,0,0,0
4953,Maldives,462,SouthernAfrica,913,0,0,0,0,0,0,0,0,0,0,0,0,0,0,0,0,0,0,0,0,0
4954,Nepal,524,SouthernAfrica,913,0,0,0,0,0,0,0,0,0,0,0,0,0,0,0,0,0,0,0,0,0
4955,Pakistan,586,SouthernAfrica,913,0,0,0,0,0,0,0,0,0,0,0,0,0,0,0,0,0,0,0,0,0
4956,SriLanka,144,SouthernAfrica,913,3,33,64,127,257,260,262,2,25,40,51,106,104,106,1,8,24,76,151,156,156
4957,WesternAsia,922,SouthernAfrica,913,9870,11597,12789,14488,17065,16924,16888,4727,5432,5939,6644,7802,7719,7703,5143,6165,6850,7844,9263,9205,9185
4958,Armenia,51,SouthernAfrica,913,0,0,0,0,0,0,0,0,0,0,0,0,0,0,0,0,0,0,0,0,0
4959,Azerbaijan,31,SouthernAfrica,913,0,0,0,0,0,0,0,0,0,0,0,0,0,0,0,0,0,0,0,0,0
4960,Bahrain,48,SouthernAfrica,913,0,0,0,0,0,0,0,0,0,0,0,0,0,0,0,0,0,0,0,0,0
4961,Cyprus,196,SouthernAfrica,913,1238,1752,2264,3404,5221,4793,4944,587,794,1000,1476,2309,2150,2236,651,958,1264,1928,2912,2643,2708
4962,Georgia,268,SouthernAfrica,913,0,0,0,0,0,0,0,0,0,0,0,0,0,0,0,0,0,0,0,0,0
4963,Iraq,368,SouthernAfrica,913,0,0,0,0,0,0,0,0,0,0,0,0,0,0,0,0,0,0,0,0,0
4964,Israel,376,SouthernAfrica,913,8519,9581,10107,10671,11365,11721,11381,4083,4501,4722,4957,5241,5374,5219,4436,5080,5385,5714,6124,6347,6162
4965,Jordan,400,SouthernAfrica,913,24,48,72,54,110,45,57,11,30,49,41,81,30,38,13,18,23,13,29,15,19
4966,Kuwait,414,SouthernAfrica,913,0,0,0,0,0,0,0,0,0,0,0,0,0,0,0,0,0,0,0,0,0
4967,Lebanon,422,SouthernAfrica,913,0,0,0,0,0,0,0,0,0,0,0,0,0,0,0,0,0,0,0,0,0
4968,Oman,512,SouthernAfrica,913,0,0,0,0,0,0,0,0,0,0,0,0,0,0,0,0,0,0,0,0,0
4969,Qatar,634,SouthernAfrica,913,0,0,0,0,0,0,0,0,0,0,0,0,0,0,0,0,0,0,0,0,0
4970,SaudiArabia,682,SouthernAfrica,913,0,0,0,0,0,0,0,0,0,0,0,0,0,0,0,0,0,0,0,0,0
4971,StateofPalestine,275,SouthernAfrica,913,0,0,0,0,0,0,0,0,0,0,0,0,0,0,0,0,0,0,0,0,0
4972,SyrianArabRepublic,760,SouthernAfrica,913,0,0,0,0,0,0,0,0,0,0,0,0,0,0,0,0,0,0,0,0,0
4973,Turkey,792,SouthernAfrica,913,89,216,346,359,369,365,506,46,107,168,170,171,165,210,43,109,178,189,198,200,296
4974,UnitedArabEmirates,784,SouthernAfrica,913,0,0,0,0,0,0,0,0,0,0,0,0,0,0,0,0,0,0,0,0,0
4975,Yemen,887,SouthernAfrica,913,0,0,0,0,0,0,0,0,0,0,0,0,0,0,0,0,0,0,0,0,0
4976,EasternEurope,923,SouthernAfrica,913,1032,1144,1254,1515,1750,1927,2785,526,606,688,840,981,1092,1590,506,538,566,675,769,835,1195
4977,Belarus,112,SouthernAfrica,913,0,0,0,0,0,0,0,0,0,0,0,0,0,0,0,0,0,0,0,0,0
4978,Bulgaria,100,SouthernAfrica,913,18,50,80,118,153,218,370,9,24,40,56,74,105,188,9,26,40,62,79,113,182
4979,Czechia,203,SouthernAfrica,913,41,64,85,245,377,461,620,22,36,49,143,223,282,358,19,28,36,102,154,179,262
4980,Hungary,348,SouthernAfrica,913,45,145,244,300,356,358,644,26,77,129,162,195,197,342,19,68,115,138,161,161,302
4981,Poland,616,SouthernAfrica,913,376,321,275,329,395,375,500,197,166,140,178,222,214,308,179,155,135,151,173,161,192
4982,RepublicofMoldova,498,SouthernAfrica,913,0,0,0,0,0,0,0,0,0,0,0,0,0,0,0,0,0,0,0,0,0
4983,Romania,642,SouthernAfrica,913,0,0,0,0,0,4,109,0,0,0,0,0,0,72,0,0,0,0,0,4,37
4984,RussianFederation,643,SouthernAfrica,913,546,531,500,444,381,389,383,268,280,283,248,208,212,212,278,251,217,196,173,177,171
4985,Slovakia,703,SouthernAfrica,913,6,33,70,79,88,122,159,4,23,47,53,59,82,110,2,10,23,26,29,40,49
4986,Ukraine,804,SouthernAfrica,913,0,0,0,0,0,0,0,0,0,0,0,0,0,0,0,0,0,0,0,0,0
4987,NorthernEurope,924,SouthernAfrica,913,72713,109854,150075,177615,242491,229140,276484,34023,52055,71526,85214,122484,106651,139081,38690,57799,78549,92401,120007,122489,137403
4988,ChannelIslands,830,SouthernAfrica,913,0,0,0,0,0,0,0,0,0,0,0,0,0,0,0,0,0,0,0,0,0
4989,Denmark,208,SouthernAfrica,913,716,941,1162,1506,1767,2097,2587,352,462,570,762,911,1092,1339,364,479,592,744,856,1005,1248
4990,Estonia,233,SouthernAfrica,913,0,0,0,0,24,32,63,0,0,0,0,15,22,42,0,0,0,0,9,10,21
4991,FaroeIslands,234,SouthernAfrica,913,1,2,1,6,14,20,22,1,0,0,1,8,11,14,0,2,1,5,6,9,8
4992,Finland,246,SouthernAfrica,913,167,185,202,468,655,924,1203,77,93,109,271,389,543,698,90,92,93,197,266,381,505
4993,Iceland,352,SouthernAfrica,913,75,79,82,93,102,116,147,28,31,34,36,39,47,59,47,48,48,57,63,69,88
4994,Ireland,372,SouthernAfrica,913,654,2289,5185,7711,8968,9161,10493,322,1088,2554,3961,4241,4273,4929,332,1201,2631,3750,4727,4888,5564
4995,IsleofMan,833,SouthernAfrica,913,303,345,387,485,577,807,821,145,164,184,220,252,398,405,158,181,203,265,325,409,416
4996,Latvia,428,SouthernAfrica,913,2,2,3,8,13,15,23,1,1,2,6,9,9,14,1,1,1,2,4,6,9
4997,Lithuania,440,SouthernAfrica,913,0,0,0,0,0,11,26,0,0,0,0,0,6,16,0,0,0,0,0,5,10
4998,Norway,578,SouthernAfrica,913,683,697,865,1001,1374,1679,1986,333,334,433,492,722,884,1055,350,363,432,509,652,795,931
4999,Sweden,752,SouthernAfrica,913,901,1069,1150,1717,2124,2587,3599,498,586,626,952,1191,1440,2015,403,483,524,765,933,1147,1584
5000,UnitedKingdom,826,SouthernAfrica,913,69211,104245,141038,164620,226873,211691,255514,32266,49296,67014,78513,114707,97926,128495,36945,54949,74024,86107,112166,113765,127019
5001,SouthernEurope,925,SouthernAfrica,913,9511,14231,19932,23942,26599,27982,31366,4594,6611,9092,11006,12275,12494,14650,4917,7620,10840,12936,14324,15488,16716
5002,Albania,8,SouthernAfrica,913,0,0,0,0,0,0,0,0,0,0,0,0,0,0,0,0,0,0,0,0,0
5003,Andorra,20,SouthernAfrica,913,0,0,0,0,0,0,0,0,0,0,0,0,0,0,0,0,0,0,0,0,0
5004,BosniaandHerzegovina,70,SouthernAfrica,913,0,0,0,0,0,0,0,0,0,0,0,0,0,0,0,0,0,0,0,0,0
5005,Croatia,191,SouthernAfrica,913,0,0,0,101,202,203,189,0,0,0,47,94,94,89,0,0,0,54,108,109,100
5006,Gibraltar,292,SouthernAfrica,913,0,0,0,0,0,0,0,0,0,0,0,0,0,0,0,0,0,0,0,0,0
5007,Greece,300,SouthernAfrica,913,1775,3617,5522,6312,7355,6928,7074,910,1658,2399,2752,3205,2865,3200,865,1959,3123,3560,4150,4063,3874
5008,HolySee,336,SouthernAfrica,913,0,0,0,0,0,0,0,0,0,0,0,0,0,0,0,0,0,0,0,0,0
5009,Italy,380,SouthernAfrica,913,424,862,1297,3579,5931,5856,6056,147,284,419,1480,2537,2475,2601,277,578,878,2099,3394,3381,3455
5010,Malta,470,SouthernAfrica,913,45,53,67,80,142,241,523,20,24,32,37,72,131,304,25,29,35,43,70,110,219
5011,Montenegro,499,SouthernAfrica,913,0,0,0,0,0,0,0,0,0,0,0,0,0,0,0,0,0,0,0,0,0
5012,NorthMacedonia,807,SouthernAfrica,913,0,0,0,0,0,0,0,0,0,0,0,0,0,0,0,0,0,0,0,0,0
5013,Portugal,620,SouthernAfrica,913,6512,8725,11295,11741,10239,11606,13311,3159,4172,5372,5615,4938,5290,6291,3353,4553,5923,6126,5301,6316,7020
5014,SanMarino,674,SouthernAfrica,913,0,0,0,0,0,0,0,0,0,0,0,0,0,0,0,0,0,0,0,0,0
5015,Serbia,688,SouthernAfrica,913,3,39,90,148,145,141,142,1,11,34,68,66,64,65,2,28,56,80,79,77,77
5016,Slovenia,705,SouthernAfrica,913,5,9,27,28,36,52,86,3,4,9,10,19,24,45,2,5,18,18,17,28,41
5017,Spain,724,SouthernAfrica,913,747,926,1634,1953,2549,2955,3985,354,458,827,997,1344,1551,2055,393,468,807,956,1205,1404,1930
5018,WesternEurope,926,SouthernAfrica,913,22398,25758,29362,39386,46897,49337,62164,10190,11666,13243,18296,21586,22519,28454,12208,14092,16119,21090,25311,26818,33710
5019,Austria,40,SouthernAfrica,913,1670,1885,2098,2323,2579,2600,3169,731,843,954,1024,1105,1120,1416,939,1042,1144,1299,1474,1480,1753
5020,Belgium,56,SouthernAfrica,913,2822,2805,2704,3185,3519,3791,4380,1240,1231,1185,1446,1658,1772,2040,1582,1574,1519,1739,1861,2019,2340
5021,France,250,SouthernAfrica,913,2701,2790,2876,4419,5128,5680,6236,1161,1172,1181,2063,2026,2149,2369,1540,1618,1695,2356,3102,3531,3867
5022,Germany,276,SouthernAfrica,913,4059,4560,5060,10414,14794,15183,20378,1792,1873,1954,4773,7137,7278,9399,2267,2687,3106,5641,7657,7905,10979
5023,Liechtenstein,438,SouthernAfrica,913,0,0,1,15,30,34,30,0,0,1,7,13,12,11,0,0,0,8,17,22,19
5024,Luxembourg,442,SouthernAfrica,913,45,42,41,35,30,45,675,22,21,21,19,17,26,356,23,21,20,16,13,19,319
5025,Monaco,492,SouthernAfrica,913,0,0,0,0,0,0,0,0,0,0,0,0,0,0,0,0,0,0,0,0,0
5026,Netherlands,528,SouthernAfrica,913,6802,8758,11021,12775,13474,14046,18392,3272,4118,5089,5913,6254,6461,8690,3530,4640,5932,6862,7220,7585,9702
5027,Switzerland,756,SouthernAfrica,913,4299,4918,5561,6220,7343,7958,8904,1972,2408,2858,3051,3376,3701,4173,2327,2510,2703,3169,3967,4257,4731
5028,Caribbean,915,SouthernAfrica,913,297,378,469,342,215,228,233,173,218,272,190,108,117,123,124,160,197,152,107,111,110
5029,Anguilla,660,SouthernAfrica,913,0,0,0,0,0,0,0,0,0,0,0,0,0,0,0,0,0,0,0,0,0
5030,AntiguaandBarbuda,28,SouthernAfrica,913,19,28,37,40,42,45,45,9,13,17,18,19,21,22,10,15,20,22,23,24,23
5031,Aruba,533,SouthernAfrica,913,0,0,0,0,0,0,0,0,0,0,0,0,0,0,0,0,0,0,0,0,0
5032,Bahamas,44,SouthernAfrica,913,21,54,88,105,120,130,134,12,34,58,61,64,69,73,9,20,30,44,56,61,61
5033,Barbados,52,SouthernAfrica,913,0,0,0,0,0,0,0,0,0,0,0,0,0,0,0,0,0,0,0,0,0
5034,BritishVirginIslands,92,SouthernAfrica,913,0,0,0,0,0,0,0,0,0,0,0,0,0,0,0,0,0,0,0,0,0
5035,CaymanIslands,136,SouthernAfrica,913,11,22,40,36,36,38,41,6,11,21,18,18,20,22,5,11,19,18,18,18,19
5036,Cuba,192,SouthernAfrica,913,0,0,0,0,0,0,0,0,0,0,0,0,0,0,0,0,0,0,0,0,0
5037,CuraÃao,531,SouthernAfrica,913,0,0,0,0,0,0,0,0,0,0,0,0,0,0,0,0,0,0,0,0,0
5038,Dominica,212,SouthernAfrica,913,0,0,0,0,0,0,0,0,0,0,0,0,0,0,0,0,0,0,0,0,0
5039,DominicanRepublic,214,SouthernAfrica,913,242,269,296,154,11,10,10,144,157,171,88,3,3,3,98,112,125,66,8,7,7
5040,Grenada,308,SouthernAfrica,913,0,0,0,0,0,0,0,0,0,0,0,0,0,0,0,0,0,0,0,0,0
5041,Guadeloupe,312,SouthernAfrica,913,0,0,0,0,0,0,0,0,0,0,0,0,0,0,0,0,0,0,0,0,0
5042,Haiti,332,SouthernAfrica,913,0,0,0,0,0,0,0,0,0,0,0,0,0,0,0,0,0,0,0,0,0
5043,Jamaica,388,SouthernAfrica,913,0,0,0,0,0,0,0,0,0,0,0,0,0,0,0,0,0,0,0,0,0
5044,Martinique,474,SouthernAfrica,913,0,0,0,0,0,0,0,0,0,0,0,0,0,0,0,0,0,0,0,0,0
5045,Montserrat,500,SouthernAfrica,913,0,0,0,0,0,0,0,0,0,0,0,0,0,0,0,0,0,0,0,0,0
5046,PuertoRico,630,SouthernAfrica,913,0,0,0,0,0,0,0,0,0,0,0,0,0,0,0,0,0,0,0,0,0
5047,SaintBarthelemy,652,SouthernAfrica,913,0,0,0,0,0,0,0,0,0,0,0,0,0,0,0,0,0,0,0,0,0
5048,SaintKittsandNevis,659,SouthernAfrica,913,0,0,0,0,0,0,0,0,0,0,0,0,0,0,0,0,0,0,0,0,0
5049,SaintLucia,662,SouthernAfrica,913,4,5,8,7,6,5,3,2,3,5,5,4,4,3,2,2,3,2,2,1,0
5050,SaintMartinFrenchpart,663,SouthernAfrica,913,0,0,0,0,0,0,0,0,0,0,0,0,0,0,0,0,0,0,0,0,0
5051,SaintVincentandtheGrenadines,670,SouthernAfrica,913,0,0,0,0,0,0,0,0,0,0,0,0,0,0,0,0,0,0,0,0,0
5052,SintMaartenDutchpart,534,SouthernAfrica,913,0,0,0,0,0,0,0,0,0,0,0,0,0,0,0,0,0,0,0,0,0
5053,TrinidadandTobago,780,SouthernAfrica,913,0,0,0,0,0,0,0,0,0,0,0,0,0,0,0,0,0,0,0,0,0
5054,TurksandCaicosIslands,796,SouthernAfrica,913,0,0,0,0,0,0,0,0,0,0,0,0,0,0,0,0,0,0,0,0,0
5055,UnitedStatesVirginIslands,850,SouthernAfrica,913,0,0,0,0,0,0,0,0,0,0,0,0,0,0,0,0,0,0,0,0,0
5056,CentralAmerica,916,SouthernAfrica,913,147,151,179,204,294,306,343,69,71,82,102,155,163,187,78,80,97,102,139,143,156
5057,Belize,84,SouthernAfrica,913,0,0,0,0,0,0,0,0,0,0,0,0,0,0,0,0,0,0,0,0,0
5058,CostaRica,188,SouthernAfrica,913,48,38,45,32,60,58,68,21,18,21,14,27,26,31,27,20,24,18,33,32,37
5059,ElSalvador,222,SouthernAfrica,913,0,0,0,0,0,0,0,0,0,0,0,0,0,0,0,0,0,0,0,0,0
5060,Guatemala,320,SouthernAfrica,913,0,0,0,0,0,0,0,0,0,0,0,0,0,0,0,0,0,0,0,0,0
5061,Honduras,340,SouthernAfrica,913,0,0,0,0,0,0,0,0,0,0,0,0,0,0,0,0,0,0,0,0,0
5062,Mexico,484,SouthernAfrica,913,87,96,110,144,194,202,220,42,44,48,74,109,114,127,45,52,62,70,85,88,93
5063,Nicaragua,558,SouthernAfrica,913,0,0,0,0,0,0,0,0,0,0,0,0,0,0,0,0,0,0,0,0,0
5064,Panama,591,SouthernAfrica,913,12,17,24,28,40,46,55,6,9,13,14,19,23,29,6,8,11,14,21,23,26
5065,SouthAmerica,931,SouthernAfrica,913,481,470,470,437,2043,2369,2632,244,243,251,241,1404,1633,1835,237,227,219,196,639,736,797
5066,Argentina,32,SouthernAfrica,913,282,275,268,200,128,128,129,130,128,126,96,64,64,66,152,147,142,104,64,64,63
5067,BoliviaPlurinationalStateof,68,SouthernAfrica,913,17,10,1,9,15,18,18,6,3,0,4,8,9,10,11,7,1,5,7,9,8
5068,Brazil,76,SouthernAfrica,913,0,0,0,0,1623,1912,2075,0,0,0,0,1160,1364,1497,0,0,0,0,463,548,578
5069,Chile,152,SouthernAfrica,913,0,0,0,0,0,0,0,0,0,0,0,0,0,0,0,0,0,0,0,0,0
5070,Colombia,170,SouthernAfrica,913,0,0,0,0,0,0,0,0,0,0,0,0,0,0,0,0,0,0,0,0,0
5071,Ecuador,218,SouthernAfrica,913,41,46,51,61,97,122,127,29,32,36,43,69,87,95,12,14,15,18,28,35,32
5072,FalklandIslandsMalvinas,238,SouthernAfrica,913,0,0,0,0,0,0,0,0,0,0,0,0,0,0,0,0,0,0,0,0,0
5073,FrenchGuiana,254,SouthernAfrica,913,0,0,0,0,0,0,0,0,0,0,0,0,0,0,0,0,0,0,0,0,0
5074,Guyana,328,SouthernAfrica,913,0,0,0,0,0,0,0,0,0,0,0,0,0,0,0,0,0,0,0,0,0
5075,Paraguay,600,SouthernAfrica,913,0,0,0,0,0,0,0,0,0,0,0,0,0,0,0,0,0,0,0,0,0
5076,Peru,604,SouthernAfrica,913,71,72,85,100,111,118,217,45,45,53,62,69,74,134,26,27,32,38,42,44,83
5077,Suriname,740,SouthernAfrica,913,0,0,0,0,0,0,0,0,0,0,0,0,0,0,0,0,0,0,0,0,0
5078,Uruguay,858,SouthernAfrica,913,0,0,0,0,0,0,0,0,0,0,0,0,0,0,0,0,0,0,0,0,0
5079,VenezuelaBolivarianRepublicof,862,SouthernAfrica,913,70,67,65,67,69,71,66,34,35,36,36,34,35,33,36,32,29,31,35,36,33
5080,Bermuda,60,SouthernAfrica,913,33,62,76,140,212,227,287,20,40,50,85,116,119,167,13,22,26,55,96,108,120
5081,Canada,124,SouthernAfrica,913,24151,30561,37697,39809,41960,46759,50658,11757,14793,18185,19384,20696,23107,25038,12394,15768,19512,20425,21264,23652,25620
5082,Greenland,304,SouthernAfrica,913,0,0,0,0,0,0,0,0,0,0,0,0,0,0,0,0,0,0,0,0,0
5083,SaintPierreandMiquelon,666,SouthernAfrica,913,0,0,0,0,0,0,0,0,0,0,0,0,0,0,0,0,0,0,0,0,0
5084,UnitedStatesofAmerica,840,SouthernAfrica,913,34707,49789,65171,73064,83406,101037,117321,16657,24170,31874,35941,40446,48729,55912,18050,25619,33297,37123,42960,52308,61409
5085,Australia,36,SouthernAfrica,913,59262,62156,82080,116201,158610,180680,203465,29307,30560,40568,57885,79180,90875,102015,29955,31596,41512,58316,79430,89805,101450
5086,NewZealand,554,SouthernAfrica,913,5555,11026,25359,39855,48514,56396,73846,2612,5363,12326,19345,23503,27272,35711,2943,5663,13033,20510,25011,29124,38135
5087,Melanesia,928,SouthernAfrica,913,0,0,0,0,0,0,0,0,0,0,0,0,0,0,0,0,0,0,0,0,0
5088,Fiji,242,SouthernAfrica,913,0,0,0,0,0,0,0,0,0,0,0,0,0,0,0,0,0,0,0,0,0
5089,NewCaledonia,540,SouthernAfrica,913,0,0,0,0,0,0,0,0,0,0,0,0,0,0,0,0,0,0,0,0,0
5090,PapuaNewGuinea,598,SouthernAfrica,913,0,0,0,0,0,0,0,0,0,0,0,0,0,0,0,0,0,0,0,0,0
5091,SolomonIslands,90,SouthernAfrica,913,0,0,0,0,0,0,0,0,0,0,0,0,0,0,0,0,0,0,0,0,0
5092,Vanuatu,548,SouthernAfrica,913,0,0,0,0,0,0,0,0,0,0,0,0,0,0,0,0,0,0,0,0,0
5093,Micronesia,954,SouthernAfrica,913,0,0,0,0,0,0,0,0,0,0,0,0,0,0,0,0,0,0,0,0,0
5094,Guam,316,SouthernAfrica,913,0,0,0,0,0,0,0,0,0,0,0,0,0,0,0,0,0,0,0,0,0
5095,Kiribati,296,SouthernAfrica,913,0,0,0,0,0,0,0,0,0,0,0,0,0,0,0,0,0,0,0,0,0
5096,MarshallIslands,584,SouthernAfrica,913,0,0,0,0,0,0,0,0,0,0,0,0,0,0,0,0,0,0,0,0,0
5097,MicronesiaFedStatesof,583,SouthernAfrica,913,0,0,0,0,0,0,0,0,0,0,0,0,0,0,0,0,0,0,0,0,0
5098,Nauru,520,SouthernAfrica,913,0,0,0,0,0,0,0,0,0,0,0,0,0,0,0,0,0,0,0,0,0
5099,NorthernMarianaIslands,580,SouthernAfrica,913,0,0,0,0,0,0,0,0,0,0,0,0,0,0,0,0,0,0,0,0,0
5100,Palau,585,SouthernAfrica,913,0,0,0,0,0,0,0,0,0,0,0,0,0,0,0,0,0,0,0,0,0
5101,Polynesia,957,SouthernAfrica,913,0,0,0,0,0,0,0,0,0,0,0,0,0,0,0,0,0,0,0,0,0
5102,AmericanSamoa,16,SouthernAfrica,913,0,0,0,0,0,0,0,0,0,0,0,0,0,0,0,0,0,0,0,0,0
5103,CookIslands,184,SouthernAfrica,913,0,0,0,0,0,0,0,0,0,0,0,0,0,0,0,0,0,0,0,0,0
5104,FrenchPolynesia,258,SouthernAfrica,913,0,0,0,0,0,0,0,0,0,0,0,0,0,0,0,0,0,0,0,0,0
5105,Niue,570,SouthernAfrica,913,0,0,0,0,0,0,0,0,0,0,0,0,0,0,0,0,0,0,0,0,0
5106,Samoa,882,SouthernAfrica,913,0,0,0,0,0,0,0,0,0,0,0,0,0,0,0,0,0,0,0,0,0
5107,Tokelau,772,SouthernAfrica,913,0,0,0,0,0,0,0,0,0,0,0,0,0,0,0,0,0,0,0,0,0
5108,Tonga,776,SouthernAfrica,913,0,0,0,0,0,0,0,0,0,0,0,0,0,0,0,0,0,0,0,0,0
5109,Tuvalu,798,SouthernAfrica,913,0,0,0,0,0,0,0,0,0,0,0,0,0,0,0,0,0,0,0,0,0
5110,WallisandFutunaIslands,876,SouthernAfrica,913,0,0,0,0,0,0,0,0,0,0,0,0,0,0,0,0,0,0,0,0,0
5111,SubSaharanAfrica,947,NorthernAfrica,912,250443,428072,514762,802498,589508,1101911,1184951,126815,217635,262884,399743,281031,531548,563812,123628,210437,251878,402755,308477,570363,621139
5112,NorthernAfricaandWesternAsia,1833,NorthernAfrica,912,1848183,1984833,2159538,2229166,3136301,3759294,4303629,1107176,1219421,1355584,1421147,2075314,2412238,2770164,741007,765412,803954,808019,1060987,1347056,1533465
5113,CentralandSouthernAsia,921,NorthernAfrica,912,214,203,211,242,332,336,336,97,100,113,130,196,203,208,117,103,98,112,136,133,128
5114,EasternandSouthEasternAsia,1832,NorthernAfrica,912,15122,11015,6770,5620,4919,5312,5715,7358,5520,3517,2994,2557,2779,2985,7764,5495,3253,2626,2362,2533,2730
5115,LatinAmericaandtheCaribbean,1830,NorthernAfrica,912,9120,8347,7739,7317,7649,8734,9215,4841,4359,3972,3870,4258,4865,5240,4279,3988,3767,3447,3391,3869,3975
5116,OceaniaexcludingAustraliaandNewZealand,1835,NorthernAfrica,912,2143,2446,2737,2901,3008,2440,2546,1259,1418,1569,1667,1737,1329,1383,884,1028,1168,1234,1271,1111,1163
5117,AustraliaandNewZealand,927,NorthernAfrica,912,45408,47091,47286,63847,74703,72954,80128,23779,24613,24685,33926,39985,38340,42087,21629,22478,22601,29921,34718,34614,38041
5118,EuropeandNorthernAmerica,1829,NorthernAfrica,912,3116024,3370414,3702946,4854830,5434708,5963767,6696105,1807677,1922606,2086429,2687852,3062657,3239517,3611151,1308347,1447808,1616517,2166978,2372051,2724250,3084954
5119,Developedregions,901,NorthernAfrica,912,3161800,3418150,3751335,4920180,5511004,6038468,6778192,1831643,1947528,2111624,2722463,3103359,3278637,3654113,1330157,1470622,1639711,2197717,2407645,2759831,3124079
5120,Lessdevelopedregions,902,NorthernAfrica,912,2124857,2434271,2690654,3046241,3740124,4876280,5504433,1247359,1448144,1627129,1828866,2364376,2952182,3342917,877498,986127,1063525,1217375,1375748,1924098,2161516
5121,Leastdevelopedcountries,941,NorthernAfrica,912,288500,428813,501229,770581,597278,1122626,1210412,147032,218659,256851,380385,285128,541746,577392,141468,210154,244378,390196,312150,580880,633020
5122,LandlockedDevelopingCountriesLLDC,1636,NorthernAfrica,912,214450,352810,423148,688657,510805,1022996,1101760,108829,178434,216770,338421,240395,491481,520729,105621,174376,206378,350236,270410,531515,581031
5123,SmallislanddevelopingStatesSIDS,1637,NorthernAfrica,912,29046,31669,34367,52684,81856,87894,113112,17925,19967,21922,33944,53082,58116,76089,11121,11702,12445,18740,28774,29778,37023
5124,Highincomecountries,1503,NorthernAfrica,912,4373600,4694022,5133633,6591334,8047830,9217559,10434689,2550429,2725295,2976672,3793006,4795693,5361499,6054733,1823171,1968727,2156961,2798328,3252137,3856060,4379956
5125,Middleincomecountries,1517,NorthernAfrica,912,633511,738851,815656,613439,640724,612612,678733,385521,455914,509075,382115,404727,347125,386169,247990,282937,306581,231324,235997,265487,292564
5126,Uppermiddleincomecountries,1502,NorthernAfrica,912,361412,434947,506639,302917,311013,282462,310599,239845,293802,346452,214026,229861,170883,191715,121567,141145,160187,88891,81152,111579,118884
5127,Lowermiddleincomecountries,1501,NorthernAfrica,912,272099,303904,309017,310522,329711,330150,368134,145676,162112,162623,168089,174866,176242,194454,126423,141792,146394,142433,154845,153908,173680
5128,Lowincomecountries,1500,NorthernAfrica,912,279291,419242,492342,761269,562174,1083882,1168465,142926,214316,252838,376033,267132,521838,555744,136365,204926,239504,385236,295042,562044,612721
5129,EasternAfrica,910,NorthernAfrica,912,179281,343372,416596,488605,214886,684649,708035,90526,173463,211249,253096,106667,335870,342176,88755,169909,205347,235509,108219,348779,365859
5130,Burundi,108,NorthernAfrica,912,0,0,0,0,0,0,0,0,0,0,0,0,0,0,0,0,0,0,0,0,0
5131,Comoros,174,NorthernAfrica,912,0,0,0,0,0,0,0,0,0,0,0,0,0,0,0,0,0,0,0,0,0
5132,Djibouti,262,NorthernAfrica,912,0,0,0,0,0,0,0,0,0,0,0,0,0,0,0,0,0,0,0,0,0
5133,Eritrea,232,NorthernAfrica,912,131,155,180,170,172,208,181,69,85,102,104,112,136,120,62,70,78,66,60,72,61
5134,Ethiopia,231,NorthernAfrica,912,53857,33008,18417,73927,36781,39499,41959,28308,18214,11608,42746,18806,19991,19609,25549,14794,6809,31181,17975,19508,22350
5135,Kenya,404,NorthernAfrica,912,814,41215,56360,76711,26998,10266,9926,467,21845,28061,42192,13275,5133,5016,347,19370,28299,34519,13723,5133,4910
5136,Madagascar,450,NorthernAfrica,912,0,0,0,0,0,0,0,0,0,0,0,0,0,0,0,0,0,0,0,0,0
5137,Malawi,454,NorthernAfrica,912,0,0,0,0,0,0,0,0,0,0,0,0,0,0,0,0,0,0,0,0,0
5138,Mauritius,480,NorthernAfrica,912,0,0,0,0,0,0,0,0,0,0,0,0,0,0,0,0,0,0,0,0,0
5139,Mayotte,175,NorthernAfrica,912,0,0,0,0,0,0,0,0,0,0,0,0,0,0,0,0,0,0,0,0,0
5140,Mozambique,508,NorthernAfrica,912,0,0,0,0,0,0,0,0,0,0,0,0,0,0,0,0,0,0,0,0,0
5141,Reunion,638,NorthernAfrica,912,0,0,0,0,0,0,0,0,0,0,0,0,0,0,0,0,0,0,0,0,0
5142,Rwanda,646,NorthernAfrica,912,0,0,0,0,0,0,0,0,0,0,0,0,0,0,0,0,0,0,0,0,0
5143,Seychelles,690,NorthernAfrica,912,0,0,0,0,0,0,0,0,0,0,0,0,0,0,0,0,0,0,0,0,0
5144,Somalia,706,NorthernAfrica,912,0,0,0,0,0,0,0,0,0,0,0,0,0,0,0,0,0,0,0,0,0
5145,SouthSudan,728,NorthernAfrica,912,0,0,0,0,5405,567679,593099,0,0,0,0,3047,280306,289209,0,0,0,0,2358,287373,303890
5146,Uganda,800,NorthernAfrica,912,124244,268855,341556,337681,145366,66853,62670,61548,133239,171430,167986,71323,30213,28093,62696,135616,170126,169695,74043,36640,34577
5147,UnitedRepublicofTanzania,834,NorthernAfrica,912,0,0,0,0,0,0,0,0,0,0,0,0,0,0,0,0,0,0,0,0,0
5148,Zambia,894,NorthernAfrica,912,235,139,83,116,164,144,200,134,80,48,68,104,91,129,101,59,35,48,60,53,71
5149,Zimbabwe,716,NorthernAfrica,912,0,0,0,0,0,0,0,0,0,0,0,0,0,0,0,0,0,0,0,0,0
5150,MiddleAfrica,911,NorthernAfrica,912,49005,63046,76729,288839,320176,348342,401250,25080,33066,40508,133664,145681,158642,180455,23925,29980,36221,155175,174495,189700,220795
5151,Angola,24,NorthernAfrica,912,0,0,0,0,0,0,0,0,0,0,0,0,0,0,0,0,0,0,0,0,0
5152,Cameroon,120,NorthernAfrica,912,0,0,0,0,0,0,0,0,0,0,0,0,0,0,0,0,0,0,0,0,0
5153,CentralAfricanRepublic,140,NorthernAfrica,912,22161,27080,29645,23138,22725,19577,20734,11526,14370,15958,12472,12257,10493,10991,10635,12710,13687,10666,10468,9084,9743
5154,Chad,148,NorthernAfrica,912,10625,20262,29899,248464,294260,322285,374098,5736,10920,16105,112718,131822,146901,168255,4889,9342,13794,135746,162438,175384,205843
5155,Congo,178,NorthernAfrica,912,0,0,0,0,0,0,0,0,0,0,0,0,0,0,0,0,0,0,0,0,0
5156,DemocraticRepublicoftheCongo,180,NorthernAfrica,912,15895,15271,16643,16647,2506,5523,5370,7651,7553,8163,8165,1237,678,581,8244,7718,8480,8482,1269,4845,4789
5157,EquatorialGuinea,226,NorthernAfrica,912,0,0,0,0,0,0,0,0,0,0,0,0,0,0,0,0,0,0,0,0,0
5158,Gabon,266,NorthernAfrica,912,324,433,542,590,685,957,1048,167,223,282,309,365,570,628,157,210,260,281,320,387,420
5159,SaoTomeandPrincipe,678,NorthernAfrica,912,0,0,0,0,0,0,0,0,0,0,0,0,0,0,0,0,0,0,0,0,0
5160,NorthernAfrica,912,NorthernAfrica,912,309924,292819,276079,261794,294538,310813,354273,167033,158545,150770,147319,163095,172288,193678,142891,134274,125309,114475,131443,138525,160595
5161,Algeria,12,NorthernAfrica,912,179014,174419,169833,134263,147530,160359,166799,98656,95897,93141,73634,78022,84735,88043,80358,78522,76692,60629,69508,75624,78756
5162,Egypt,818,NorthernAfrica,912,19685,16706,15053,31421,53728,43393,67853,10451,8738,7719,18234,30405,25169,35615,9234,7968,7334,13187,23323,18224,32238
5163,Libya,434,NorthernAfrica,912,51453,42668,34588,38123,41839,46845,50171,27384,23709,20873,25698,28317,31559,34164,24069,18959,13715,12425,13522,15286,16007
5164,Morocco,504,NorthernAfrica,912,13025,11950,12586,13348,14507,18707,20551,6889,6234,6465,6765,7313,9391,10587,6136,5716,6121,6583,7194,9316,9964
5165,Sudan,729,NorthernAfrica,912,23843,24325,24819,26296,16376,14980,20719,12259,12530,12808,13572,8454,7734,10548,11584,11795,12011,12724,7922,7246,10171
5166,Tunisia,788,NorthernAfrica,912,22863,22706,19150,18284,20490,26451,28100,11376,11417,9741,9388,10551,13661,14680,11487,11289,9409,8896,9939,12790,13420
5167,WesternSahara,732,NorthernAfrica,912,41,45,50,59,68,78,80,18,20,23,28,33,39,41,23,25,27,31,35,39,39
5168,SouthernAfrica,913,NorthernAfrica,912,6450,5156,5084,6157,8501,10683,12321,3288,2784,2884,3395,4591,5768,7288,3162,2372,2200,2762,3910,4915,5033
5169,Botswana,72,NorthernAfrica,912,0,0,0,0,0,0,0,0,0,0,0,0,0,0,0,0,0,0,0,0,0
5170,Eswatini,748,NorthernAfrica,912,0,0,0,0,0,0,0,0,0,0,0,0,0,0,0,0,0,0,0,0,0
5171,Lesotho,426,NorthernAfrica,912,0,0,0,0,0,0,0,0,0,0,0,0,0,0,0,0,0,0,0,0,0
5172,Namibia,516,NorthernAfrica,912,1319,1259,1176,928,892,871,927,647,623,582,457,441,433,463,672,636,594,471,451,438,464
5173,SouthAfrica,710,NorthernAfrica,912,5131,3897,3908,5229,7609,9812,11394,2641,2161,2302,2938,4150,5335,6825,2490,1736,1606,2291,3459,4477,4569
5174,WesternAfrica,914,NorthernAfrica,912,15707,16498,16353,18897,45945,58237,63345,7921,8322,8243,9588,24092,31268,33893,7786,8176,8110,9309,21853,26969,29452
5175,Benin,204,NorthernAfrica,912,0,0,0,0,0,0,0,0,0,0,0,0,0,0,0,0,0,0,0,0,0
5176,BurkinaFaso,854,NorthernAfrica,912,0,0,0,0,0,0,0,0,0,0,0,0,0,0,0,0,0,0,0,0,0
5177,CaboVerde,132,NorthernAfrica,912,0,0,0,0,0,0,0,0,0,0,0,0,0,0,0,0,0,0,0,0,0
5178,CotedIvoire,384,NorthernAfrica,912,5379,5397,5623,5886,6149,6419,6663,3192,3187,3319,3474,3628,3788,3932,2187,2210,2304,2412,2521,2631,2731
5179,Gambia,270,NorthernAfrica,912,0,0,0,0,0,0,0,0,0,0,0,0,0,0,0,0,0,0,0,0,0
5180,Ghana,288,NorthernAfrica,912,46,46,51,71,64,77,83,30,32,34,48,42,51,58,16,14,17,23,22,26,25
5181,Guinea,324,NorthernAfrica,912,0,0,0,0,0,7988,7664,0,0,0,0,0,4862,4683,0,0,0,0,0,3126,2981
5182,GuineaBissau,624,NorthernAfrica,912,0,0,0,0,0,0,0,0,0,0,0,0,0,0,0,0,0,0,0,0,0
5183,Liberia,430,NorthernAfrica,912,0,0,0,0,0,0,0,0,0,0,0,0,0,0,0,0,0,0,0,0,0
5184,Mali,466,NorthernAfrica,912,380,507,554,2270,2977,3660,4286,245,272,263,1043,1617,1988,2337,135,235,291,1227,1360,1672,1949
5185,Mauritania,478,NorthernAfrica,912,2303,2458,2539,2565,27797,30594,33478,1186,1379,1539,1592,14833,16364,17961,1117,1079,1000,973,12964,14230,15517
5186,Niger,562,NorthernAfrica,912,730,905,1091,1114,1134,1146,2558,394,471,552,563,573,589,1192,336,434,539,551,561,557,1366
5187,Nigeria,566,NorthernAfrica,912,0,0,0,0,0,0,0,0,0,0,0,0,0,0,0,0,0,0,0,0,0
5188,SaintHelena,654,NorthernAfrica,912,0,0,0,0,0,0,0,0,0,0,0,0,0,0,0,0,0,0,0,0,0
5189,Senegal,686,NorthernAfrica,912,6869,7182,6494,6986,7813,8338,8606,2874,2979,2535,2865,3393,3618,3725,3995,4203,3959,4121,4420,4720,4881
5190,SierraLeone,694,NorthernAfrica,912,0,3,1,5,11,15,7,0,2,1,3,6,8,5,0,1,0,2,5,7,2
5191,Togo,768,NorthernAfrica,912,0,0,0,0,0,0,0,0,0,0,0,0,0,0,0,0,0,0,0,0,0
5192,CentralAsia,5500,NorthernAfrica,912,198,160,138,133,132,129,128,88,71,63,60,60,58,59,110,89,75,73,72,71,69
5193,Kazakhstan,398,NorthernAfrica,912,0,0,0,0,0,0,0,0,0,0,0,0,0,0,0,0,0,0,0,0,0
5194,Kyrgyzstan,417,NorthernAfrica,912,0,0,0,0,0,0,0,0,0,0,0,0,0,0,0,0,0,0,0,0,0
5195,Tajikistan,762,NorthernAfrica,912,198,160,138,133,132,129,128,88,71,63,60,60,58,59,110,89,75,73,72,71,69
5196,Turkmenistan,795,NorthernAfrica,912,0,0,0,0,0,0,0,0,0,0,0,0,0,0,0,0,0,0,0,0,0
5197,Uzbekistan,860,NorthernAfrica,912,0,0,0,0,0,0,0,0,0,0,0,0,0,0,0,0,0,0,0,0,0
5198,EasternAsia,906,NorthernAfrica,912,368,645,1103,1503,1593,1747,1959,187,309,510,685,717,780,875,181,336,593,818,876,967,1084
5199,China,156,NorthernAfrica,912,0,0,0,0,0,0,0,0,0,0,0,0,0,0,0,0,0,0,0,0,0
5200,DemPeoplesRepublicofKorea,408,NorthernAfrica,912,0,0,0,0,0,0,0,0,0,0,0,0,0,0,0,0,0,0,0,0,0
5201,Japan,392,NorthernAfrica,912,368,645,1103,1503,1593,1747,1959,187,309,510,685,717,780,875,181,336,593,818,876,967,1084
5202,Mongolia,496,NorthernAfrica,912,0,0,0,0,0,0,0,0,0,0,0,0,0,0,0,0,0,0,0,0,0
5203,RepublicofKorea,410,NorthernAfrica,912,0,0,0,0,0,0,0,0,0,0,0,0,0,0,0,0,0,0,0,0,0
5204,SouthEasternAsia,920,NorthernAfrica,912,14754,10370,5667,4117,3326,3565,3756,7171,5211,3007,2309,1840,1999,2110,7583,5159,2660,1808,1486,1566,1646
5205,BruneiDarussalam,96,NorthernAfrica,912,0,0,0,0,0,0,0,0,0,0,0,0,0,0,0,0,0,0,0,0,0
5206,Cambodia,116,NorthernAfrica,912,0,0,0,0,0,0,0,0,0,0,0,0,0,0,0,0,0,0,0,0,0
5207,Indonesia,360,NorthernAfrica,912,13860,9170,4480,3161,2045,2263,2378,6657,4529,2401,1812,1192,1340,1407,7203,4641,2079,1349,853,923,971
5208,LaoPeoplesDemocraticRepublic,418,NorthernAfrica,912,0,0,0,0,0,0,0,0,0,0,0,0,0,0,0,0,0,0,0,0,0
5209,Malaysia,458,NorthernAfrica,912,0,0,0,0,0,0,0,0,0,0,0,0,0,0,0,0,0,0,0,0,0
5210,Myanmar,104,NorthernAfrica,912,0,0,0,0,0,0,0,0,0,0,0,0,0,0,0,0,0,0,0,0,0
5211,Philippines,608,NorthernAfrica,912,894,1200,1186,956,1280,1301,1377,514,682,606,497,647,658,702,380,518,580,459,633,643,675
5212,Singapore,702,NorthernAfrica,912,0,0,0,0,0,0,0,0,0,0,0,0,0,0,0,0,0,0,0,0,0
5213,Thailand,764,NorthernAfrica,912,0,0,1,0,1,1,1,0,0,0,0,1,1,1,0,0,1,0,0,0,0
5214,TimorLeste,626,NorthernAfrica,912,0,0,0,0,0,0,0,0,0,0,0,0,0,0,0,0,0,0,0,0,0
5215,VietNam,704,NorthernAfrica,912,0,0,0,0,0,0,0,0,0,0,0,0,0,0,0,0,0,0,0,0,0
5216,SouthernAsia,5501,NorthernAfrica,912,16,43,73,109,200,207,208,9,29,50,70,136,145,149,7,14,23,39,64,62,59
5217,Afghanistan,4,NorthernAfrica,912,0,0,0,0,0,0,0,0,0,0,0,0,0,0,0,0,0,0,0,0,0
5218,Bangladesh,50,NorthernAfrica,912,0,0,0,0,0,0,0,0,0,0,0,0,0,0,0,0,0,0,0,0,0
5219,Bhutan,64,NorthernAfrica,912,0,0,0,0,0,0,0,0,0,0,0,0,0,0,0,0,0,0,0,0,0
5220,India,356,NorthernAfrica,912,0,0,0,0,0,0,0,0,0,0,0,0,0,0,0,0,0,0,0,0,0
5221,IranIslamicRepublicof,364,NorthernAfrica,912,0,0,0,0,0,0,0,0,0,0,0,0,0,0,0,0,0,0,0,0,0
5222,Maldives,462,NorthernAfrica,912,15,24,33,27,32,37,38,8,12,18,16,25,33,35,7,12,15,11,7,4,3
5223,Nepal,524,NorthernAfrica,912,0,0,0,0,0,0,0,0,0,0,0,0,0,0,0,0,0,0,0,0,0
5224,Pakistan,586,NorthernAfrica,912,0,0,0,0,0,0,0,0,0,0,0,0,0,0,0,0,0,0,0,0,0
5225,SriLanka,144,NorthernAfrica,912,1,19,40,82,168,170,170,1,17,32,54,111,112,114,0,2,8,28,57,58,56
5226,WesternAsia,922,NorthernAfrica,912,1538259,1692014,1883459,1967372,2841763,3448481,3949356,940143,1060876,1204814,1273828,1912219,2239950,2576486,598116,631138,678645,693544,929544,1208531,1372870
5227,Armenia,51,NorthernAfrica,912,0,0,0,0,0,0,0,0,0,0,0,0,0,0,0,0,0,0,0,0,0
5228,Azerbaijan,31,NorthernAfrica,912,0,0,0,0,0,0,0,0,0,0,0,0,0,0,0,0,0,0,0,0,0
5229,Bahrain,48,NorthernAfrica,912,26555,28840,31210,49373,78438,85037,110177,16490,18361,20151,32078,51138,56576,74503,10065,10479,11059,17295,27300,28461,35674
5230,Cyprus,196,NorthernAfrica,912,1510,2137,2759,4150,6365,5840,6022,894,1229,1562,2327,3609,3342,3463,616,908,1197,1823,2756,2498,2559
5231,Georgia,268,NorthernAfrica,912,0,0,18,17,17,17,16,0,0,7,7,7,7,7,0,0,11,10,10,10,9
5232,Iraq,368,NorthernAfrica,912,14691,17321,16415,19094,19504,19053,19229,11900,13208,11558,15016,15573,15829,15735,2791,4113,4857,4078,3931,3224,3494
5233,Israel,376,NorthernAfrica,912,257826,274177,275177,267211,262485,270709,262876,124674,130339,130250,126072,123135,126291,122641,133152,143838,144927,141139,139350,144418,140235
5234,Jordan,400,NorthernAfrica,912,174483,233618,292745,102023,121784,98350,128119,123403,165011,206976,77199,98918,63688,82775,51080,68607,85769,24824,22866,34662,45344
5235,Kuwait,414,NorthernAfrica,912,167938,133141,150059,161319,213120,438097,475391,81662,73342,94190,100761,133401,252467,273896,86276,59799,55869,60558,79719,185630,201495
5236,Lebanon,422,NorthernAfrica,912,79508,106029,132563,114136,96838,83349,73190,56299,73127,89950,79262,69280,39923,35753,23209,32902,42613,34874,27558,43426,37437
5237,Oman,512,NorthernAfrica,912,23721,36169,38453,35065,37339,84598,108140,13117,21166,24900,22424,24140,59203,75688,10604,15003,13553,12641,13199,25395,32452
5238,Qatar,634,NorthernAfrica,912,5005,5435,5061,58954,160673,184567,209415,3652,4054,3860,43389,126516,147982,165896,1353,1381,1201,15565,34157,36585,43519
5239,SaudiArabia,682,NorthernAfrica,912,536309,549643,564739,697618,904500,1155724,1443647,356743,366574,377442,479592,636618,800591,990894,179566,183069,187297,218026,267882,355133,452753
5240,StateofPalestine,275,NorthernAfrica,912,18770,18345,17915,17869,21138,22021,22389,8381,8138,7898,7902,11221,12136,12532,10389,10207,10017,9967,9917,9885,9857
5241,SyrianArabRepublic,760,NorthernAfrica,912,0,48,91,222,538,203,209,0,24,46,113,274,107,108,0,24,45,109,264,96,101
5242,Turkey,792,NorthernAfrica,912,3525,4393,5305,5502,5800,5804,8099,2077,2627,3204,3276,3405,3350,4424,1448,1766,2101,2226,2395,2454,3675
5243,UnitedArabEmirates,784,NorthernAfrica,912,201191,254055,321641,403617,879433,960975,1047654,125749,167111,217081,267922,597440,640684,698217,75442,86944,104560,135695,281993,320291,349437
5244,Yemen,887,NorthernAfrica,912,27227,28663,29308,31202,33791,34137,34783,15102,16565,15739,16488,17544,17774,19954,12125,12098,13569,14714,16247,16363,14829
5245,EasternEurope,923,NorthernAfrica,912,11637,11462,11203,12370,13497,16475,23714,6976,7432,7859,9094,10278,12232,17411,4661,4030,3344,3276,3219,4243,6303
5246,Belarus,112,NorthernAfrica,912,27,41,55,53,50,53,51,24,35,46,44,41,44,44,3,6,9,9,9,9,7
5247,Bulgaria,100,NorthernAfrica,912,145,299,449,645,825,998,1466,111,195,278,388,491,609,956,34,104,171,257,334,389,510
5248,Czechia,203,NorthernAfrica,912,229,344,456,1336,2089,2739,3802,186,281,374,1178,1877,2409,3230,43,63,82,158,212,330,572
5249,Hungary,348,NorthernAfrica,912,990,1290,1587,1954,2331,2998,4783,745,968,1192,1473,1766,2045,3282,245,322,395,481,565,953,1501
5250,Poland,616,NorthernAfrica,912,1861,1588,1360,1746,2193,2084,2775,1345,1144,972,1342,1750,1675,2285,516,444,388,404,443,409,490
5251,RepublicofMoldova,498,NorthernAfrica,912,0,0,0,0,0,0,0,0,0,0,0,0,0,0,0,0,0,0,0,0,0
5252,Romania,642,NorthernAfrica,912,16,27,39,44,77,1447,4490,9,18,26,34,50,966,2962,7,9,13,10,27,481,1528
5253,RussianFederation,643,NorthernAfrica,912,6236,5679,4923,4384,3762,3833,3819,3060,3205,3236,2982,2666,2710,2710,3176,2474,1687,1402,1096,1123,1109
5254,Slovakia,703,NorthernAfrica,912,33,163,346,392,438,586,763,27,148,310,350,393,525,671,6,15,36,42,45,61,92
5255,Ukraine,804,NorthernAfrica,912,2100,2031,1988,1816,1732,1737,1765,1469,1438,1425,1303,1244,1249,1271,631,593,563,513,488,488,494
5256,NorthernEurope,924,NorthernAfrica,912,64811,81536,99296,124410,137138,168395,200986,38791,48930,59501,74520,82422,99131,117321,26020,32606,39795,49890,54716,69264,83665
5257,ChannelIslands,830,NorthernAfrica,912,0,0,0,0,0,0,0,0,0,0,0,0,0,0,0,0,0,0,0,0,0
5258,Denmark,208,NorthernAfrica,912,4954,6564,8169,8894,9207,9894,10947,3238,4111,4981,5279,5343,5621,6138,1716,2453,3188,3615,3864,4273,4809
5259,Estonia,233,NorthernAfrica,912,0,0,0,0,85,149,291,0,0,0,0,71,129,251,0,0,0,0,14,20,40
5260,FaroeIslands,234,NorthernAfrica,912,9,2,3,7,6,11,17,8,2,3,6,4,8,13,1,0,0,1,2,3,4
5261,Finland,246,NorthernAfrica,912,1046,1476,1903,2936,4447,5480,7283,968,1295,1623,2340,3265,3899,5087,78,181,280,596,1182,1581,2196
5262,Iceland,352,NorthernAfrica,912,45,91,134,181,221,267,429,34,66,98,126,150,177,293,11,25,36,55,71,90,136
5263,Ireland,372,NorthernAfrica,912,483,1343,2941,2949,2470,2522,2881,323,884,1966,2032,1642,1665,1909,160,459,975,917,828,857,972
5264,IsleofMan,833,NorthernAfrica,912,0,0,0,0,0,0,0,0,0,0,0,0,0,0,0,0,0,0,0,0,0
5265,Latvia,428,NorthernAfrica,912,17,24,33,54,79,73,135,12,19,25,44,65,57,109,5,5,8,10,14,16,26
5266,Lithuania,440,NorthernAfrica,912,3,4,3,31,56,84,126,2,3,3,25,43,59,97,1,1,0,6,13,25,29
5267,Norway,578,NorthernAfrica,912,3631,4551,5774,7225,8913,12651,15554,2659,3217,3818,4540,5404,7562,9124,972,1334,1956,2685,3509,5089,6430
5268,Sweden,752,NorthernAfrica,912,9480,11252,12070,14754,19404,26855,38707,6042,7141,7629,9129,11805,15912,22501,3438,4111,4441,5625,7599,10943,16206
5269,UnitedKingdom,826,NorthernAfrica,912,45143,56229,68266,87379,92250,110409,124616,25505,32192,39355,50999,54630,64042,71799,19638,24037,28911,36380,37620,46367,52817
5270,SouthernEurope,925,NorthernAfrica,912,460688,570623,758803,1183899,1577294,1501684,1657632,311001,357551,453284,739508,963202,868197,937224,149687,213072,305519,444391,614092,633487,720408
5271,Albania,8,NorthernAfrica,912,0,0,0,0,0,0,0,0,0,0,0,0,0,0,0,0,0,0,0,0,0
5272,Andorra,20,NorthernAfrica,912,296,383,471,549,556,470,505,159,202,247,290,293,252,274,137,181,224,259,263,218,231
5273,BosniaandHerzegovina,70,NorthernAfrica,912,0,0,0,0,0,0,0,0,0,0,0,0,0,0,0,0,0,0,0,0,0
5274,Croatia,191,NorthernAfrica,912,0,0,0,274,545,548,506,0,0,0,138,276,277,257,0,0,0,136,269,271,249
5275,Gibraltar,292,NorthernAfrica,912,2021,1564,1107,1020,933,996,1006,1538,1135,732,656,581,625,633,483,429,375,364,352,371,373
5276,Greece,300,NorthernAfrica,912,16446,25908,35794,35566,36618,34504,34549,11859,15264,18725,19761,21521,19713,20382,4587,10644,17069,15805,15097,14791,14167
5277,HolySee,336,NorthernAfrica,912,0,0,0,0,0,0,0,0,0,0,0,0,0,0,0,0,0,0,0,0,0
5278,Italy,380,NorthernAfrica,912,291811,358138,424462,563676,699827,692026,748890,216588,234537,252484,336245,423148,406528,432637,75223,123601,171978,227431,276679,285498,316253
5279,Malta,470,NorthernAfrica,912,963,1129,1430,1683,1892,3406,7410,518,614,834,1026,1141,1861,4323,445,515,596,657,751,1545,3087
5280,Montenegro,499,NorthernAfrica,912,0,0,0,0,0,0,0,0,0,0,0,0,0,0,0,0,0,0,0,0,0
5281,NorthMacedonia,807,NorthernAfrica,912,1969,1843,1717,1765,1813,1964,1971,821,769,716,737,757,817,821,1148,1074,1001,1028,1056,1147,1150
5282,Portugal,620,NorthernAfrica,912,497,1072,1696,2261,2455,2783,3258,307,663,1044,1533,1770,1965,2314,190,409,652,728,685,818,944
5283,SanMarino,674,NorthernAfrica,912,0,0,0,0,0,0,0,0,0,0,0,0,0,0,0,0,0,0,0,0,0
5284,Serbia,688,NorthernAfrica,912,67,446,608,602,592,577,579,42,271,361,355,348,341,346,25,175,247,247,244,236,233
5285,Slovenia,705,NorthernAfrica,912,31,62,146,157,241,275,378,16,36,92,104,165,207,289,15,26,54,53,76,68,89
5286,Spain,724,NorthernAfrica,912,146587,180078,291372,576346,831822,764135,858580,79153,104060,178049,378663,513202,435611,474948,67434,76018,113323,197683,318620,328524,383632
5287,WesternEurope,926,NorthernAfrica,912,2428771,2486433,2540323,3166083,3250192,3587755,4011942,1371705,1391838,1409776,1668316,1770407,1912097,2138348,1057066,1094595,1130547,1497767,1479785,1675658,1873594
5288,Austria,40,NorthernAfrica,912,12611,14228,15843,17566,19509,21257,24649,8149,9276,10403,11389,12503,13596,15546,4462,4952,5440,6177,7006,7661,9103
5289,Belgium,56,NorthernAfrica,912,341320,308189,266117,204899,216921,253867,276889,182891,165011,142077,108351,116360,134999,145219,158429,143178,124040,96548,100561,118868,131670
5290,France,250,NorthernAfrica,912,1804071,1862480,1920885,2562509,2612756,2901591,3202131,1015415,1034627,1053837,1324119,1408886,1527350,1688478,788656,827853,867048,1238390,1203870,1374241,1513653
5291,Germany,276,NorthernAfrica,912,120728,127074,133418,152230,166626,171089,242893,77702,81612,85523,96279,104490,106868,147221,43026,45462,47895,55951,62136,64221,95672
5292,Liechtenstein,438,NorthernAfrica,912,0,0,0,8,47,65,62,0,0,0,6,32,39,31,0,0,0,2,15,26,31
5293,Luxembourg,442,NorthernAfrica,912,362,399,444,383,331,503,5353,231,225,222,204,189,290,2970,131,174,222,179,142,213,2383
5294,Monaco,492,NorthernAfrica,912,0,0,0,0,0,0,0,0,0,0,0,0,0,0,0,0,0,0,0,0,0
5295,Netherlands,528,NorthernAfrica,912,125895,146329,171824,192986,192041,193419,207795,73532,84787,98804,107558,104882,103817,110506,52363,61542,73020,85428,87159,89602,97289
5296,Switzerland,756,NorthernAfrica,912,23784,27734,31792,35502,41961,45964,52170,13785,16300,18910,20410,23065,25138,28377,9999,11434,12882,15092,18896,20826,23793
5297,Caribbean,915,NorthernAfrica,912,333,359,387,383,378,380,351,168,176,184,183,182,178,168,165,183,203,200,196,202,183
5298,Anguilla,660,NorthernAfrica,912,0,0,0,0,0,0,0,0,0,0,0,0,0,0,0,0,0,0,0,0,0
5299,AntiguaandBarbuda,28,NorthernAfrica,912,12,10,8,9,9,10,9,6,5,4,4,4,5,5,6,5,4,5,5,5,4
5300,Aruba,533,NorthernAfrica,912,0,0,0,0,0,0,0,0,0,0,0,0,0,0,0,0,0,0,0,0,0
5301,Bahamas,44,NorthernAfrica,912,9,8,7,18,29,31,31,4,3,3,10,17,18,19,5,5,4,8,12,13,12
5302,Barbados,52,NorthernAfrica,912,0,0,0,0,0,0,0,0,0,0,0,0,0,0,0,0,0,0,0,0,0
5303,BritishVirginIslands,92,NorthernAfrica,912,0,0,0,0,0,0,0,0,0,0,0,0,0,0,0,0,0,0,0,0,0
5304,CaymanIslands,136,NorthernAfrica,912,0,0,0,0,0,0,0,0,0,0,0,0,0,0,0,0,0,0,0,0,0
5305,Cuba,192,NorthernAfrica,912,103,78,54,35,22,13,8,55,40,26,16,9,5,3,48,38,28,19,13,8,5
5306,CuraÃao,531,NorthernAfrica,912,0,0,0,0,0,0,0,0,0,0,0,0,0,0,0,0,0,0,0,0,0
5307,Dominica,212,NorthernAfrica,912,0,0,0,0,0,0,0,0,0,0,0,0,0,0,0,0,0,0,0,0,0
5308,DominicanRepublic,214,NorthernAfrica,912,21,24,26,29,33,33,34,12,14,15,19,24,25,26,9,10,11,10,9,8,8
5309,Grenada,308,NorthernAfrica,912,0,0,0,0,0,0,0,0,0,0,0,0,0,0,0,0,0,0,0,0,0
5310,Guadeloupe,312,NorthernAfrica,912,74,99,124,137,150,144,142,36,47,58,63,69,63,62,38,52,66,74,81,81,80
5311,Haiti,332,NorthernAfrica,912,0,0,0,0,0,0,0,0,0,0,0,0,0,0,0,0,0,0,0,0,0
5312,Jamaica,388,NorthernAfrica,912,0,0,0,0,0,0,0,0,0,0,0,0,0,0,0,0,0,0,0,0,0
5313,Martinique,474,NorthernAfrica,912,45,68,91,95,99,114,113,22,32,41,42,42,46,46,23,36,50,53,57,68,67
5314,Montserrat,500,NorthernAfrica,912,0,0,0,0,0,0,0,0,0,0,0,0,0,0,0,0,0,0,0,0,0
5315,PuertoRico,630,NorthernAfrica,912,69,72,77,60,36,35,14,33,35,37,29,17,16,7,36,37,40,31,19,19,7
5316,SaintBarthelemy,652,NorthernAfrica,912,0,0,0,0,0,0,0,0,0,0,0,0,0,0,0,0,0,0,0,0,0
5317,SaintKittsandNevis,659,NorthernAfrica,912,0,0,0,0,0,0,0,0,0,0,0,0,0,0,0,0,0,0,0,0,0
5318,SaintLucia,662,NorthernAfrica,912,0,0,0,0,0,0,0,0,0,0,0,0,0,0,0,0,0,0,0,0,0
5319,SaintMartinFrenchpart,663,NorthernAfrica,912,0,0,0,0,0,0,0,0,0,0,0,0,0,0,0,0,0,0,0,0,0
5320,SaintVincentandtheGrenadines,670,NorthernAfrica,912,0,0,0,0,0,0,0,0,0,0,0,0,0,0,0,0,0,0,0,0,0
5321,SintMaartenDutchpart,534,NorthernAfrica,912,0,0,0,0,0,0,0,0,0,0,0,0,0,0,0,0,0,0,0,0,0
5322,TrinidadandTobago,780,NorthernAfrica,912,0,0,0,0,0,0,0,0,0,0,0,0,0,0,0,0,0,0,0,0,0
5323,TurksandCaicosIslands,796,NorthernAfrica,912,0,0,0,0,0,0,0,0,0,0,0,0,0,0,0,0,0,0,0,0,0
5324,UnitedStatesVirginIslands,850,NorthernAfrica,912,0,0,0,0,0,0,0,0,0,0,0,0,0,0,0,0,0,0,0,0,0
5325,CentralAmerica,916,NorthernAfrica,912,654,655,752,771,876,926,1020,308,342,427,459,553,590,663,346,313,325,312,323,336,357
5326,Belize,84,NorthernAfrica,912,0,0,0,0,0,0,0,0,0,0,0,0,0,0,0,0,0,0,0,0,0
5327,CostaRica,188,NorthernAfrica,912,96,51,32,27,49,43,49,48,26,18,13,25,24,29,48,25,14,14,24,19,20
5328,ElSalvador,222,NorthernAfrica,912,0,0,0,0,0,0,0,0,0,0,0,0,0,0,0,0,0,0,0,0,0
5329,Guatemala,320,NorthernAfrica,912,22,21,20,24,28,31,32,4,3,3,2,1,1,1,18,18,17,22,27,30,31
5330,Honduras,340,NorthernAfrica,912,0,0,0,0,0,0,0,0,0,0,0,0,0,0,0,0,0,0,0,0,0
5331,Mexico,484,NorthernAfrica,912,430,465,522,497,529,549,596,199,249,312,322,370,385,422,231,216,210,175,159,164,174
5332,Nicaragua,558,NorthernAfrica,912,50,40,68,99,105,113,117,27,21,33,45,48,52,55,23,19,35,54,57,61,62
5333,Panama,591,NorthernAfrica,912,56,78,110,124,165,190,226,30,43,61,77,109,128,156,26,35,49,47,56,62,70
5334,SouthAmerica,931,NorthernAfrica,912,8133,7333,6600,6163,6395,7428,7844,4365,3841,3361,3228,3523,4097,4409,3768,3492,3239,2935,2872,3331,3435
5335,Argentina,32,NorthernAfrica,912,1447,1414,1381,1026,656,658,658,748,738,731,549,362,364,367,699,676,650,477,294,294,291
5336,BoliviaPlurinationalStateof,68,NorthernAfrica,912,51,51,48,49,48,60,57,29,28,27,28,29,34,34,22,23,21,21,19,26,23
5337,Brazil,76,NorthernAfrica,912,4192,3796,3400,3359,3953,4657,5053,2260,1956,1652,1709,2168,2543,2820,1932,1840,1748,1650,1785,2114,2233
5338,Chile,152,NorthernAfrica,912,0,0,0,0,0,0,0,0,0,0,0,0,0,0,0,0,0,0,0,0,0
5339,Colombia,170,NorthernAfrica,912,0,0,0,0,0,0,0,0,0,0,0,0,0,0,0,0,0,0,0,0,0
5340,Ecuador,218,NorthernAfrica,912,60,68,75,92,143,180,187,41,46,51,61,97,124,137,19,22,24,31,46,56,50
5341,FalklandIslandsMalvinas,238,NorthernAfrica,912,0,0,0,0,0,0,0,0,0,0,0,0,0,0,0,0,0,0,0,0,0
5342,FrenchGuiana,254,NorthernAfrica,912,95,94,93,88,83,359,403,50,48,46,42,39,209,235,45,46,47,46,44,150,168
5343,Guyana,328,NorthernAfrica,912,0,0,0,0,0,0,0,0,0,0,0,0,0,0,0,0,0,0,0,0,0
5344,Paraguay,600,NorthernAfrica,912,0,0,0,0,0,0,0,0,0,0,0,0,0,0,0,0,0,0,0,0,0
5345,Peru,604,NorthernAfrica,912,44,47,58,69,74,77,137,33,33,38,47,52,55,102,11,14,20,22,22,22,35
5346,Suriname,740,NorthernAfrica,912,0,0,0,0,0,0,0,0,0,0,0,0,0,0,0,0,0,0,0,0,0
5347,Uruguay,858,NorthernAfrica,912,0,0,0,0,0,0,0,0,0,0,0,0,0,0,0,0,0,0,0,0,0
5348,VenezuelaBolivarianRepublicof,862,NorthernAfrica,912,2244,1863,1545,1480,1438,1437,1349,1204,992,816,792,776,768,714,1040,871,729,688,662,669,635
5349,Bermuda,60,NorthernAfrica,912,0,0,0,0,0,0,0,0,0,0,0,0,0,0,0,0,0,0,0,0,0
5350,Canada,124,NorthernAfrica,912,51073,73682,98044,139453,186740,232015,251390,24864,35652,47297,72552,100925,122130,132332,26209,38030,50747,66901,85815,109885,119058
5351,Greenland,304,NorthernAfrica,912,0,0,0,0,0,0,0,0,0,0,0,0,0,0,0,0,0,0,0,0,0
5352,SaintPierreandMiquelon,666,NorthernAfrica,912,0,0,0,0,0,0,0,0,0,0,0,0,0,0,0,0,0,0,0,0,0
5353,UnitedStatesofAmerica,840,NorthernAfrica,912,99044,146678,195277,228615,269847,457443,550441,54340,81203,108712,123862,135423,225730,268515,44704,65475,86565,104753,134424,231713,281926
5354,Australia,36,NorthernAfrica,912,45174,46656,46140,62565,73390,71630,78354,23650,24361,24127,33303,39348,37699,41228,21524,22295,22013,29262,34042,33931,37126
5355,NewZealand,554,NorthernAfrica,912,234,435,1146,1282,1313,1324,1774,129,252,558,623,637,641,859,105,183,588,659,676,683,915
5356,Melanesia,928,NorthernAfrica,912,1538,1782,2027,2158,2291,1759,1865,873,1000,1128,1204,1282,897,951,665,782,899,954,1009,862,914
5357,Fiji,242,NorthernAfrica,912,0,0,0,0,0,0,0,0,0,0,0,0,0,0,0,0,0,0,0,0,0
5358,NewCaledonia,540,NorthernAfrica,912,1538,1782,2027,2158,2291,1759,1865,873,1000,1128,1204,1282,897,951,665,782,899,954,1009,862,914
5359,PapuaNewGuinea,598,NorthernAfrica,912,0,0,0,0,0,0,0,0,0,0,0,0,0,0,0,0,0,0,0,0,0
5360,SolomonIslands,90,NorthernAfrica,912,0,0,0,0,0,0,0,0,0,0,0,0,0,0,0,0,0,0,0,0,0
5361,Vanuatu,548,NorthernAfrica,912,0,0,0,0,0,0,0,0,0,0,0,0,0,0,0,0,0,0,0,0,0
5362,Micronesia,954,NorthernAfrica,912,0,0,0,0,0,0,0,0,0,0,0,0,0,0,0,0,0,0,0,0,0
5363,Guam,316,NorthernAfrica,912,0,0,0,0,0,0,0,0,0,0,0,0,0,0,0,0,0,0,0,0,0
5364,Kiribati,296,NorthernAfrica,912,0,0,0,0,0,0,0,0,0,0,0,0,0,0,0,0,0,0,0,0,0
5365,MarshallIslands,584,NorthernAfrica,912,0,0,0,0,0,0,0,0,0,0,0,0,0,0,0,0,0,0,0,0,0
5366,MicronesiaFedStatesof,583,NorthernAfrica,912,0,0,0,0,0,0,0,0,0,0,0,0,0,0,0,0,0,0,0,0,0
5367,Nauru,520,NorthernAfrica,912,0,0,0,0,0,0,0,0,0,0,0,0,0,0,0,0,0,0,0,0,0
5368,NorthernMarianaIslands,580,NorthernAfrica,912,0,0,0,0,0,0,0,0,0,0,0,0,0,0,0,0,0,0,0,0,0
5369,Palau,585,NorthernAfrica,912,0,0,0,0,0,0,0,0,0,0,0,0,0,0,0,0,0,0,0,0,0
5370,Polynesia,957,NorthernAfrica,912,605,664,710,743,717,681,681,386,418,441,463,455,432,432,219,246,269,280,262,249,249
5371,AmericanSamoa,16,NorthernAfrica,912,0,0,0,0,0,0,0,0,0,0,0,0,0,0,0,0,0,0,0,0,0
5372,CookIslands,184,NorthernAfrica,912,0,0,0,0,0,0,0,0,0,0,0,0,0,0,0,0,0,0,0,0,0
5373,FrenchPolynesia,258,NorthernAfrica,912,605,664,710,743,717,681,681,386,418,441,463,455,432,432,219,246,269,280,262,249,249
5374,Niue,570,NorthernAfrica,912,0,0,0,0,0,0,0,0,0,0,0,0,0,0,0,0,0,0,0,0,0
5375,Samoa,882,NorthernAfrica,912,0,0,0,0,0,0,0,0,0,0,0,0,0,0,0,0,0,0,0,0,0
5376,Tokelau,772,NorthernAfrica,912,0,0,0,0,0,0,0,0,0,0,0,0,0,0,0,0,0,0,0,0,0
5377,Tonga,776,NorthernAfrica,912,0,0,0,0,0,0,0,0,0,0,0,0,0,0,0,0,0,0,0,0,0
5378,Tuvalu,798,NorthernAfrica,912,0,0,0,0,0,0,0,0,0,0,0,0,0,0,0,0,0,0,0,0,0
5379,WallisandFutunaIslands,876,NorthernAfrica,912,0,0,0,0,0,0,0,0,0,0,0,0,0,0,0,0,0,0,0,0,0
5380,SubSaharanAfrica,947,EasternAfrica,910,5617540,5578572,3912409,3787468,4353523,5984906,6865566,2966451,2910292,2064451,2090073,2334517,3116495,3557806,2651089,2668280,1847958,1697395,2019006,2868411,3307760
5381,NorthernAfricaandWesternAsia,1833,EasternAfrica,910,1287060,1120423,955719,743442,1032100,1221849,2016932,657044,586782,515921,430046,588653,688783,1104928,630016,533641,439798,313396,443447,533066,912004
5382,CentralandSouthernAsia,921,EasternAfrica,910,13821,9414,5009,37859,62979,58683,54884,6535,4459,2386,18844,23052,20779,18828,7286,4955,2623,19015,39927,37904,36056
5383,EasternandSouthEasternAsia,1832,EasternAfrica,910,57,135,528,880,1208,1700,3492,36,81,271,493,665,966,1500,21,54,257,387,543,734,1992
5384,LatinAmericaandtheCaribbean,1830,EasternAfrica,910,2286,2615,3006,3167,3628,4029,4229,1302,1389,1516,1425,1520,1667,1806,984,1226,1490,1742,2108,2362,2423
5385,OceaniaexcludingAustraliaandNewZealand,1835,EasternAfrica,910,73,82,80,92,69,66,54,41,47,47,55,42,47,40,32,35,33,37,27,19,14
5386,AustraliaandNewZealand,927,EasternAfrica,910,46161,54645,65437,93109,128743,161525,187620,23448,27523,32824,46652,64206,80988,93271,22713,27122,32613,46457,64537,80537,94349
5387,EuropeandNorthernAmerica,1829,EasternAfrica,910,817745,968888,1137804,1526730,1941942,2391532,2894512,402129,471673,549888,733408,920157,1112221,1358261,415616,497215,587916,793322,1021785,1279311,1536251
5388,Developedregions,901,EasternAfrica,910,863906,1023533,1203241,1619839,2070685,2553057,3082132,425577,499196,582712,780060,984363,1193209,1451532,438329,524337,620529,839779,1086322,1359848,1630600
5389,Lessdevelopedregions,902,EasternAfrica,910,6920837,6711241,4876751,4572908,5453507,7271233,8945157,3631409,3503050,2584592,2540936,2948449,3828737,4684908,3289428,3208191,2292159,2031972,2505058,3442496,4260249
5390,Leastdevelopedcountries,941,EasternAfrica,910,5432484,5102991,3117713,2534461,2678144,3949509,5550089,2743285,2567774,1574590,1352732,1354194,1987238,2763428,2689199,2535217,1543123,1181729,1323950,1962271,2786661
5391,LandlockedDevelopingCountriesLLDC,1636,EasternAfrica,910,3533388,1866800,1471956,1364807,1647152,2585516,3354850,1830476,979775,763890,707830,857482,1328920,1679654,1702912,887025,708066,656977,789670,1256596,1675196
5392,SmallislanddevelopingStatesSIDS,1637,EasternAfrica,910,15039,15974,17084,18130,19887,20743,22062,7473,7869,8346,9172,10475,11153,12134,7566,8105,8738,8958,9412,9590,9928
5393,Highincomecountries,1503,EasternAfrica,910,987807,1162407,1357702,1804683,2323548,2844081,3414902,501871,583798,676610,893519,1144597,1377346,1664338,485936,578609,681092,911164,1178951,1466735,1750564
5394,Middleincomecountries,1517,EasternAfrica,910,2099627,2630977,2470178,2482097,2786362,3326876,3393242,1178460,1426975,1355980,1468592,1568888,1809345,1881938,921167,1204002,1114198,1013505,1217474,1517531,1511304
5395,Uppermiddleincomecountries,1502,EasternAfrica,910,513716,556176,587104,771310,1188434,1526203,1564151,342296,359031,383214,501991,758982,896947,947664,171420,197145,203890,269319,429452,629256,616487
5396,Lowermiddleincomecountries,1501,EasternAfrica,910,1585911,2074801,1883074,1710787,1597928,1800673,1829091,836164,1067944,972766,966601,809906,912398,934274,749747,1006857,910308,744186,788022,888275,894817
5397,Lowincomecountries,1500,EasternAfrica,910,4678450,3903903,2188525,1823688,2321817,3552492,5091593,2366085,1971752,1103137,918830,1175556,1788404,2530944,2312365,1932151,1085388,904858,1146261,1764088,2560649
5398,EasternAfrica,910,EasternAfrica,910,4900387,3633661,3122941,2888629,3078175,4218033,4989040,2524242,1868791,1596133,1546788,1559533,2132347,2491285,2376145,1764870,1526808,1341841,1518642,2085686,2497755
5399,Burundi,108,EasternAfrica,910,235874,171739,73258,76143,79346,94294,112169,115612,83701,35632,35970,36374,43279,51575,120262,88038,37626,40173,42972,51015,60594
5400,Comoros,174,EasternAfrica,910,12017,11897,11778,11274,10769,10722,10667,5633,5546,5459,5273,5083,5099,5077,6384,6351,6319,6001,5686,5623,5590
5401,Djibouti,262,EasternAfrica,910,114621,93568,94253,86381,95947,99828,107554,60029,49033,49446,47983,50148,52543,56438,54592,44535,44807,38398,45799,47285,51116
5402,Eritrea,232,EasternAfrica,910,9695,9179,8660,11703,11416,10621,9261,5067,4862,4657,6379,6279,5946,5252,4628,4317,4003,5324,5137,4675,4009
5403,Ethiopia,231,EasternAfrica,910,1071984,732230,531284,395293,505992,1047333,1016243,563444,381072,271734,201265,266861,540790,505089,508540,351158,259550,194028,239131,506543,511154
5404,Kenya,404,EasternAfrica,910,195206,469859,578946,632800,859420,1012218,927298,103670,241572,288277,324890,425811,504482,466975,91536,228287,290669,307910,433609,507736,460323
5405,Madagascar,450,EasternAfrica,910,8179,7242,8050,8910,9876,10953,12153,4565,4070,4540,5042,5605,6238,6917,3614,3172,3510,3868,4271,4715,5236
5406,Malawi,454,EasternAfrica,910,1091342,171458,165066,157383,156383,136768,122229,531614,80362,77121,73289,72801,63091,57816,559728,91096,87945,84094,83582,73677,64413
5407,Mauritius,480,EasternAfrica,910,99,281,621,1316,2087,2401,2425,34,188,427,716,1074,1293,1308,65,93,194,600,1013,1108,1117
5408,Mayotte,175,EasternAfrica,910,11374,22215,39872,54300,61750,69075,94669,6631,12246,20303,26795,29280,31959,43799,4743,9969,19569,27505,32470,37116,50870
5409,Mozambique,508,EasternAfrica,910,79270,109032,126822,174132,198713,210078,222867,42432,58590,66240,83503,94962,100415,107696,36838,50442,60582,90629,103751,109663,115171
5410,Reunion,638,EasternAfrica,910,6588,14244,22557,26800,29540,30544,31637,3538,7032,10789,12815,14097,14501,15022,3050,7212,11768,13985,15443,16043,16615
5411,Rwanda,646,EasternAfrica,910,77279,111507,174332,208155,203397,272053,268412,40222,58746,90944,108348,106113,139092,137679,37057,52761,83388,99807,97284,132961,130733
5412,Seychelles,690,EasternAfrica,910,333,858,1386,1521,1660,1856,1885,152,315,478,790,1102,1267,1291,181,543,908,731,558,589,594
5413,Somalia,706,EasternAfrica,910,460000,18044,555,1166,26220,13675,21800,234861,9490,293,618,13375,6840,11575,225139,8554,262,548,12845,6835,10225
5414,SouthSudan,728,EasternAfrica,910,0,0,0,0,146585,171269,177315,0,0,0,0,75953,91720,92806,0,0,0,0,70632,79549,84509
5415,Uganda,800,EasternAfrica,910,328496,240598,146145,151191,176664,486284,1248943,175704,127373,72895,74355,86988,240626,605256,152792,113225,73250,76836,89676,245658,643687
5416,UnitedRepublicofTanzania,834,EasternAfrica,910,525522,1043997,793255,573364,200948,243122,282510,258691,515122,401687,359527,99743,120311,142204,266831,528875,391568,213837,101205,122811,140306
5417,Zambia,894,EasternAfrica,910,101069,48631,28937,39425,49609,41712,55897,52335,25758,14341,20982,24210,20160,27874,48734,22873,14596,18443,25399,21552,28023
5418,Zimbabwe,716,EasternAfrica,910,571439,357082,317164,277372,251853,253227,263106,320008,203713,180870,158248,143674,142695,149636,251431,153369,136294,119124,108179,110532,113470
5419,MiddleAfrica,911,EasternAfrica,910,175624,1424589,278904,214925,186610,355514,436882,84647,707100,137279,106582,89982,171636,210433,90977,717489,141625,108343,96628,183878,226449
5420,Angola,24,EasternAfrica,910,262,367,469,914,1338,1711,1815,125,166,206,386,557,707,799,137,201,263,528,781,1004,1016
5421,Cameroon,120,EasternAfrica,910,0,0,0,0,0,0,0,0,0,0,0,0,0,0,0,0,0,0,0,0,0
5422,CentralAfricanRepublic,140,EasternAfrica,910,0,0,0,0,0,0,2236,0,0,0,0,0,0,1171,0,0,0,0,0,0,1065
5423,Chad,148,EasternAfrica,910,0,0,0,0,0,0,0,0,0,0,0,0,0,0,0,0,0,0,0,0,0
5424,Congo,178,EasternAfrica,910,0,5503,12480,7936,18900,25119,24955,0,2890,6547,5052,11054,14246,14095,0,2613,5933,2884,7846,10873,10860
5425,DemocraticRepublicoftheCongo,180,EasternAfrica,910,175002,1418335,265547,205694,165995,328224,407399,84242,703761,130240,100885,78122,156374,194047,90760,714574,135307,104809,87873,171850,213352
5426,EquatorialGuinea,226,EasternAfrica,910,0,0,0,0,0,0,0,0,0,0,0,0,0,0,0,0,0,0,0,0,0
5427,Gabon,266,EasternAfrica,910,117,156,195,214,246,344,375,64,85,107,118,138,214,237,53,71,88,96,108,130,138
5428,SaoTomeandPrincipe,678,EasternAfrica,910,243,228,213,167,131,116,102,216,198,179,141,111,95,84,27,30,34,26,20,21,18
5429,NorthernAfrica,912,EasternAfrica,910,1106236,912475,723706,460314,571303,630901,1379123,547917,461978,377113,256008,313497,344882,714248,558319,450497,346593,204306,257806,286019,664875
5430,Algeria,12,EasternAfrica,910,926,6248,11570,9147,10050,10923,11361,453,3511,6569,5193,5517,5992,6227,473,2737,5001,3954,4533,4931,5134
5431,Egypt,818,EasternAfrica,910,3619,8376,13796,20425,23035,30863,75890,2112,4761,7789,12234,13371,18026,38430,1507,3615,6007,8191,9664,12837,37460
5432,Libya,434,EasternAfrica,910,14055,49458,85682,94445,104481,118719,127678,7800,32104,57345,68775,76285,86293,93555,6255,17354,28337,25670,28196,32426,34123
5433,Morocco,504,EasternAfrica,910,0,0,0,0,0,0,0,0,0,0,0,0,0,0,0,0,0,0,0,0,0
5434,Sudan,729,EasternAfrica,910,1087636,848393,612658,336297,433737,470396,1164194,537552,421602,305410,169806,218324,234571,576036,550084,426791,307248,166491,215413,235825,588158
5435,Tunisia,788,EasternAfrica,910,0,0,0,0,0,0,0,0,0,0,0,0,0,0,0,0,0,0,0,0,0
5436,WesternSahara,732,EasternAfrica,910,0,0,0,0,0,0,0,0,0,0,0,0,0,0,0,0,0,0,0,0,0
5437,SouthernAfrica,913,EasternAfrica,910,540300,518762,508352,681660,1085740,1405000,1433038,356997,333679,330069,435698,683639,809202,852666,183303,185083,178283,245962,402101,595798,580372
5438,Botswana,72,EasternAfrica,910,9107,14609,21647,47277,63624,69112,73946,5330,8143,11812,28044,36613,39752,42572,3777,6466,9835,19233,27011,29360,31374
5439,Eswatini,748,EasternAfrica,910,46208,18408,13655,12092,11650,10867,11254,25897,10626,8295,7082,6949,6501,6718,20311,7782,5360,5010,4701,4366,4536
5440,Lesotho,426,EasternAfrica,910,538,476,402,407,412,586,769,291,257,218,222,226,330,427,247,219,184,185,186,256,342
5441,Namibia,516,EasternAfrica,910,32359,30939,28734,22714,21881,21409,22905,16952,16305,15198,11952,11539,11320,12145,15407,14634,13536,10762,10342,10089,10760
5442,SouthAfrica,710,EasternAfrica,910,452088,454330,443914,599170,988173,1303026,1324164,308527,298348,294546,388398,628312,751299,790804,143561,155982,149368,210772,359861,551727,533360
5443,WesternAfrica,914,EasternAfrica,910,1229,1560,2212,2254,2998,6359,6606,565,722,970,1005,1363,3310,3422,664,838,1242,1249,1635,3049,3184
5444,Benin,204,EasternAfrica,910,0,0,0,0,0,0,0,0,0,0,0,0,0,0,0,0,0,0,0,0,0
5445,BurkinaFaso,854,EasternAfrica,910,0,0,0,0,0,0,0,0,0,0,0,0,0,0,0,0,0,0,0,0,0
5446,CaboVerde,132,EasternAfrica,910,51,64,76,51,25,26,26,22,29,35,23,11,11,12,29,35,41,28,14,15,14
5447,CotedIvoire,384,EasternAfrica,910,0,0,0,0,0,0,0,0,0,0,0,0,0,0,0,0,0,0,0,0,0
5448,Gambia,270,EasternAfrica,910,0,0,0,0,0,0,0,0,0,0,0,0,0,0,0,0,0,0,0,0,0
5449,Ghana,288,EasternAfrica,910,298,297,333,468,356,435,493,110,127,127,196,136,167,192,188,170,206,272,220,268,301
5450,Guinea,324,EasternAfrica,910,0,0,0,0,0,2971,2829,0,0,0,0,0,1781,1714,0,0,0,0,0,1190,1115
5451,GuineaBissau,624,EasternAfrica,910,0,0,0,0,0,0,0,0,0,0,0,0,0,0,0,0,0,0,0,0,0
5452,Liberia,430,EasternAfrica,910,0,0,0,0,0,0,0,0,0,0,0,0,0,0,0,0,0,0,0,0,0
5453,Mali,466,EasternAfrica,910,0,0,0,0,1573,1933,2264,0,0,0,0,694,854,1005,0,0,0,0,879,1079,1259
5454,Mauritania,478,EasternAfrica,910,0,0,0,0,0,0,0,0,0,0,0,0,0,0,0,0,0,0,0,0,0
5455,Niger,562,EasternAfrica,910,0,0,0,0,0,0,0,0,0,0,0,0,0,0,0,0,0,0,0,0,0
5456,Nigeria,566,EasternAfrica,910,0,0,0,0,0,0,0,0,0,0,0,0,0,0,0,0,0,0,0,0,0
5457,SaintHelena,654,EasternAfrica,910,0,0,0,0,0,0,0,0,0,0,0,0,0,0,0,0,0,0,0,0,0
5458,Senegal,686,EasternAfrica,910,0,300,351,324,297,283,282,0,132,155,146,154,146,145,0,168,196,178,143,137,137
5459,SierraLeone,694,EasternAfrica,910,0,0,0,2,1,46,43,0,0,0,2,1,30,29,0,0,0,0,0,16,14
5460,Togo,768,EasternAfrica,910,880,899,1452,1409,746,665,669,433,434,653,638,367,321,325,447,465,799,771,379,344,344
5461,CentralAsia,5500,EasternAfrica,910,38,31,27,25,24,23,21,18,15,14,12,12,12,12,20,16,13,13,12,11,9
5462,Kazakhstan,398,EasternAfrica,910,0,0,0,0,0,0,0,0,0,0,0,0,0,0,0,0,0,0,0,0,0
5463,Kyrgyzstan,417,EasternAfrica,910,0,0,0,0,0,0,0,0,0,0,0,0,0,0,0,0,0,0,0,0,0
5464,Tajikistan,762,EasternAfrica,910,38,31,27,25,24,23,21,18,15,14,12,12,12,12,20,16,13,13,12,11,9
5465,Turkmenistan,795,EasternAfrica,910,0,0,0,0,0,0,0,0,0,0,0,0,0,0,0,0,0,0,0,0,0
5466,Uzbekistan,860,EasternAfrica,910,0,0,0,0,0,0,0,0,0,0,0,0,0,0,0,0,0,0,0,0,0
5467,EasternAsia,906,EasternAfrica,910,0,0,0,0,0,0,0,0,0,0,0,0,0,0,0,0,0,0,0,0,0
5468,China,156,EasternAfrica,910,0,0,0,0,0,0,0,0,0,0,0,0,0,0,0,0,0,0,0,0,0
5469,DemPeoplesRepublicofKorea,408,EasternAfrica,910,0,0,0,0,0,0,0,0,0,0,0,0,0,0,0,0,0,0,0,0,0
5470,Japan,392,EasternAfrica,910,0,0,0,0,0,0,0,0,0,0,0,0,0,0,0,0,0,0,0,0,0
5471,Mongolia,496,EasternAfrica,910,0,0,0,0,0,0,0,0,0,0,0,0,0,0,0,0,0,0,0,0,0
5472,RepublicofKorea,410,EasternAfrica,910,0,0,0,0,0,0,0,0,0,0,0,0,0,0,0,0,0,0,0,0,0
5473,SouthEasternAsia,920,EasternAfrica,910,57,135,528,880,1208,1700,3492,36,81,271,493,665,966,1500,21,54,257,387,543,734,1992
5474,BruneiDarussalam,96,EasternAfrica,910,0,0,0,0,0,0,0,0,0,0,0,0,0,0,0,0,0,0,0,0,0
5475,Cambodia,116,EasternAfrica,910,0,0,0,0,0,0,0,0,0,0,0,0,0,0,0,0,0,0,0,0,0
5476,Indonesia,360,EasternAfrica,910,0,0,0,0,0,0,0,0,0,0,0,0,0,0,0,0,0,0,0,0,0
5477,LaoPeoplesDemocraticRepublic,418,EasternAfrica,910,0,0,0,0,0,0,0,0,0,0,0,0,0,0,0,0,0,0,0,0,0
5478,Malaysia,458,EasternAfrica,910,51,121,233,588,1026,1510,3294,32,72,136,355,576,873,1402,19,49,97,233,450,637,1892
5479,Myanmar,104,EasternAfrica,910,0,0,0,0,0,0,0,0,0,0,0,0,0,0,0,0,0,0,0,0,0
5480,Philippines,608,EasternAfrica,910,4,5,275,222,53,53,55,3,4,125,103,24,24,26,1,1,150,119,29,29,29
5481,Singapore,702,EasternAfrica,910,0,0,0,0,0,0,0,0,0,0,0,0,0,0,0,0,0,0,0,0,0
5482,Thailand,764,EasternAfrica,910,2,9,20,70,129,137,143,1,5,10,35,65,69,72,1,4,10,35,64,68,71
5483,TimorLeste,626,EasternAfrica,910,0,0,0,0,0,0,0,0,0,0,0,0,0,0,0,0,0,0,0,0,0
5484,VietNam,704,EasternAfrica,910,0,0,0,0,0,0,0,0,0,0,0,0,0,0,0,0,0,0,0,0,0
5485,SouthernAsia,5501,EasternAfrica,910,13783,9383,4982,37834,62955,58660,54863,6517,4444,2372,18832,23040,20767,18816,7266,4939,2610,19002,39915,37893,36047
5486,Afghanistan,4,EasternAfrica,910,0,0,0,0,0,0,0,0,0,0,0,0,0,0,0,0,0,0,0,0,0
5487,Bangladesh,50,EasternAfrica,910,0,0,0,0,0,0,0,0,0,0,0,0,0,0,0,0,0,0,0,0,0
5488,Bhutan,64,EasternAfrica,910,0,0,0,0,0,0,0,0,0,0,0,0,0,0,0,0,0,0,0,0,0
5489,India,356,EasternAfrica,910,13783,9381,4977,37822,62929,58635,54839,6517,4442,2368,18826,23026,20754,18803,7266,4939,2609,18996,39903,37881,36036
5490,IranIslamicRepublicof,364,EasternAfrica,910,0,0,0,0,0,0,0,0,0,0,0,0,0,0,0,0,0,0,0,0,0
5491,Maldives,462,EasternAfrica,910,0,0,0,0,0,0,0,0,0,0,0,0,0,0,0,0,0,0,0,0,0
5492,Nepal,524,EasternAfrica,910,0,0,0,0,0,0,0,0,0,0,0,0,0,0,0,0,0,0,0,0,0
5493,Pakistan,586,EasternAfrica,910,0,0,0,0,0,0,0,0,0,0,0,0,0,0,0,0,0,0,0,0,0
5494,SriLanka,144,EasternAfrica,910,0,2,5,12,26,25,24,0,2,4,6,14,13,13,0,0,1,6,12,12,11
5495,WesternAsia,922,EasternAfrica,910,180824,207948,232013,283128,460797,590948,637809,109127,124804,138808,174038,275156,343901,390680,71697,83144,93205,109090,185641,247047,247129
5496,Armenia,51,EasternAfrica,910,0,0,0,0,0,0,0,0,0,0,0,0,0,0,0,0,0,0,0,0,0
5497,Azerbaijan,31,EasternAfrica,910,0,0,0,0,0,0,0,0,0,0,0,0,0,0,0,0,0,0,0,0,0
5498,Bahrain,48,EasternAfrica,910,1727,1910,2102,2832,4191,4542,5882,1187,1301,1409,1886,2782,3074,4044,540,609,693,946,1409,1468,1838
5499,Cyprus,196,EasternAfrica,910,210,300,384,574,872,790,798,96,127,163,239,378,354,361,114,173,221,335,494,436,437
5500,Georgia,268,EasternAfrica,910,0,0,0,0,0,0,0,0,0,0,0,0,0,0,0,0,0,0,0,0,0
5501,Iraq,368,EasternAfrica,910,923,1377,1305,1519,1552,1515,1526,728,892,732,1036,1086,1134,1116,195,485,573,483,466,381,410
5502,Israel,376,EasternAfrica,910,40595,50287,57163,67189,78029,80474,78146,20567,25090,28478,33443,38744,39760,38611,20028,25197,28685,33746,39285,40714,39535
5503,Jordan,400,EasternAfrica,910,417,515,612,461,948,924,1189,272,299,329,306,600,505,649,145,216,283,155,348,419,540
5504,Kuwait,414,EasternAfrica,910,7475,5989,6832,7381,9787,13214,14333,4527,3817,4615,4868,6378,7898,8567,2948,2172,2217,2513,3409,5316,5766
5505,Lebanon,422,EasternAfrica,910,106,129,152,117,84,70,61,82,87,93,72,55,34,31,24,42,59,45,29,36,30
5506,Oman,512,EasternAfrica,910,0,0,0,0,0,317,405,0,0,0,0,0,214,273,0,0,0,0,0,103,132
5507,Qatar,634,EasternAfrica,910,2264,2524,2411,3875,8488,6797,10911,1641,1874,1829,2853,6742,5494,8703,623,650,582,1022,1746,1303,2208
5508,SaudiArabia,682,EasternAfrica,910,61017,62534,64252,79371,102910,131493,164250,40588,41706,42943,54566,72127,91518,113287,20429,20828,21309,24805,30783,39975,50963
5509,StateofPalestine,275,EasternAfrica,910,0,0,0,0,0,0,0,0,0,0,0,0,0,0,0,0,0,0,0,0,0
5510,SyrianArabRepublic,760,EasternAfrica,910,200,345,443,1458,3100,1040,1079,102,175,224,746,1582,545,552,98,170,219,712,1518,495,527
5511,Turkey,792,EasternAfrica,910,232,278,459,531,1739,4498,3723,167,210,339,377,1067,2638,2109,65,68,120,154,672,1860,1614
5512,UnitedArabEmirates,784,EasternAfrica,910,13083,16889,21672,23093,47048,51408,56039,8953,11727,15114,15674,32472,34854,37985,4130,5162,6558,7419,14576,16554,18054
5513,Yemen,887,EasternAfrica,910,52575,64871,74226,94727,202049,293866,299467,30217,37499,42540,57972,111143,155879,174392,22358,27372,31686,36755,90906,137987,125075
5514,EasternEurope,923,EasternAfrica,910,3520,3546,3499,3828,4108,4638,5891,1870,2116,2312,2557,2767,3107,3892,1650,1430,1187,1271,1341,1531,1999
5515,Belarus,112,EasternAfrica,910,11,18,25,24,23,25,23,11,17,24,23,22,24,23,0,1,1,1,1,1,0
5516,Bulgaria,100,EasternAfrica,910,56,83,103,140,169,197,271,47,66,80,100,119,122,166,9,17,23,40,50,75,105
5517,Czechia,203,EasternAfrica,910,68,103,136,276,390,504,688,49,73,99,185,261,332,439,19,30,37,91,129,172,249
5518,Hungary,348,EasternAfrica,910,141,379,613,755,897,1106,1465,102,261,421,519,620,771,1010,39,118,192,236,277,335,455
5519,Poland,616,EasternAfrica,910,384,325,281,357,449,426,562,256,219,185,215,248,245,343,128,106,96,142,201,181,219
5520,RepublicofMoldova,498,EasternAfrica,910,0,0,0,0,0,0,0,0,0,0,0,0,0,0,0,0,0,0,0,0,0
5521,Romania,642,EasternAfrica,910,0,0,0,0,0,54,560,0,0,0,0,0,27,318,0,0,0,0,0,27,242
5522,RussianFederation,643,EasternAfrica,910,2854,2621,2306,2236,2135,2177,2149,1400,1468,1482,1491,1470,1495,1495,1454,1153,824,745,665,682,654
5523,Slovakia,703,EasternAfrica,910,6,17,35,40,45,149,173,5,12,21,24,27,91,98,1,5,14,16,18,58,75
5524,Ukraine,804,EasternAfrica,910,0,0,0,0,0,0,0,0,0,0,0,0,0,0,0,0,0,0,0,0,0
5525,NorthernEurope,924,EasternAfrica,910,307072,378977,456553,556612,719518,872893,1010801,159394,191348,225666,267262,341274,401802,464967,147678,187629,230887,289350,378244,471091,545834
5526,ChannelIslands,830,EasternAfrica,910,0,0,0,0,0,0,0,0,0,0,0,0,0,0,0,0,0,0,0,0,0
5527,Denmark,208,EasternAfrica,910,3142,9983,16814,17542,17494,23049,26661,1703,5126,8548,8771,8629,11696,13640,1439,4857,8266,8771,8865,11353,13021
5528,Estonia,233,EasternAfrica,910,0,0,0,0,28,41,83,0,0,0,0,22,28,62,0,0,0,0,6,13,21
5529,FaroeIslands,234,EasternAfrica,910,2,2,3,7,32,51,61,2,2,3,6,21,31,34,0,0,0,1,11,20,27
5530,Finland,246,EasternAfrica,910,533,2564,4588,8376,10469,14517,19143,321,1458,2596,4562,5609,7601,10157,212,1106,1992,3814,4860,6916,8986
5531,Iceland,352,EasternAfrica,910,48,79,101,157,206,290,380,16,30,40,56,74,104,145,32,49,61,101,132,186,235
5532,Ireland,372,EasternAfrica,910,658,1968,4364,6867,8238,8415,9620,324,935,2144,3648,4138,4176,4808,334,1033,2220,3219,4100,4239,4812
5533,IsleofMan,833,EasternAfrica,910,0,0,0,0,0,0,0,0,0,0,0,0,0,0,0,0,0,0,0,0,0
5534,Latvia,428,EasternAfrica,910,7,7,10,10,17,19,22,4,4,7,9,14,16,19,3,3,3,1,3,3,3
5535,Lithuania,440,EasternAfrica,910,0,0,0,0,0,27,57,0,0,0,0,0,15,37,0,0,0,0,0,12,20
5536,Norway,578,EasternAfrica,910,4674,7674,12465,21729,34057,57643,70242,3002,4500,6851,11581,17616,30601,37296,1672,3174,5614,10148,16441,27042,32946
5537,Sweden,752,EasternAfrica,910,26550,31510,33799,40224,64289,111696,153386,13953,16445,17530,20308,31792,55767,78211,12597,15065,16269,19916,32497,55929,75175
5538,UnitedKingdom,826,EasternAfrica,910,271458,325190,384409,461700,584688,657145,731146,140069,162848,187947,218321,273359,291767,320558,131389,162342,196462,243379,311329,365378,410588
5539,SouthernEurope,925,EasternAfrica,910,120515,118789,124826,144627,163805,170661,196293,51168,50363,53561,65489,77090,79017,92179,69347,68426,71265,79138,86715,91644,104114
5540,Albania,8,EasternAfrica,910,0,0,0,0,0,0,0,0,0,0,0,0,0,0,0,0,0,0,0,0,0
5541,Andorra,20,EasternAfrica,910,0,0,0,0,0,0,0,0,0,0,0,0,0,0,0,0,0,0,0,0,0
5542,BosniaandHerzegovina,70,EasternAfrica,910,0,0,0,0,0,0,0,0,0,0,0,0,0,0,0,0,0,0,0,0,0
5543,Croatia,191,EasternAfrica,910,0,0,0,23,46,46,42,0,0,0,13,27,27,25,0,0,0,10,19,19,17
5544,Gibraltar,292,EasternAfrica,910,0,0,0,0,0,0,0,0,0,0,0,0,0,0,0,0,0,0,0,0,0
5545,Greece,300,EasternAfrica,910,5122,4909,4777,5300,6024,5779,9849,2996,2492,1984,2285,2674,2460,4526,2126,2417,2793,3015,3350,3319,5323
5546,HolySee,336,EasternAfrica,910,0,0,0,0,0,0,0,0,0,0,0,0,0,0,0,0,0,0,0,0,0
5547,Italy,380,EasternAfrica,910,39483,37950,36411,57861,80843,79992,83749,11863,11899,11937,24440,37189,37519,38621,27620,26051,24474,33421,43654,42473,45128
5548,Malta,470,EasternAfrica,910,75,91,112,140,5413,3380,7360,43,51,66,79,2756,1743,4085,32,40,46,61,2657,1637,3275
5549,Montenegro,499,EasternAfrica,910,0,0,0,0,0,0,0,0,0,0,0,0,0,0,0,0,0,0,0,0,0
5550,NorthMacedonia,807,EasternAfrica,910,0,0,0,0,0,0,0,0,0,0,0,0,0,0,0,0,0,0,0,0,0
5551,Portugal,620,EasternAfrica,910,75180,74832,77526,76939,63584,72082,82682,35955,35435,36500,36531,30589,32753,38957,39225,39397,41026,40408,32995,39329,43725
5552,SanMarino,674,EasternAfrica,910,0,0,0,0,0,0,0,0,0,0,0,0,0,0,0,0,0,0,0,0,0
5553,Serbia,688,EasternAfrica,910,9,65,89,89,88,85,83,5,30,40,40,39,38,38,4,35,49,49,49,47,45
5554,Slovenia,705,EasternAfrica,910,5,10,51,50,75,150,207,3,5,23,23,38,87,128,2,5,28,27,37,63,79
5555,Spain,724,EasternAfrica,910,641,932,5860,4225,7732,9147,12321,303,451,3011,2078,3778,4390,5799,338,481,2849,2147,3954,4757,6522
5556,WesternEurope,926,EasternAfrica,910,187428,209322,231601,334091,381206,496877,640050,91213,99022,107053,152801,164753,217964,298276,96215,110300,124548,181290,216453,278913,341774
5557,Austria,40,EasternAfrica,910,2797,3159,3514,3890,4780,10073,13416,1307,1501,1695,1829,2253,5650,7525,1490,1658,1819,2061,2527,4423,5891
5558,Belgium,56,EasternAfrica,910,15073,14502,13489,24161,31020,39267,50455,7884,6849,5611,10664,13220,17307,23028,7189,7653,7878,13497,17800,21960,27427
5559,France,250,EasternAfrica,910,112951,116609,120256,200458,218992,246489,280128,48901,49373,49839,87426,87377,94852,109149,64050,67236,70417,113032,131615,151637,170979
5560,Germany,276,EasternAfrica,910,32864,34870,36871,45457,53048,80610,148346,21431,20135,18841,21589,24218,38565,81268,11433,14735,18030,23868,28830,42045,67078
5561,Liechtenstein,438,EasternAfrica,910,0,0,0,0,30,56,67,0,0,0,0,13,32,33,0,0,0,0,17,24,34
5562,Luxembourg,442,EasternAfrica,910,75,70,68,58,51,76,2584,24,24,23,22,22,33,1293,51,46,45,36,29,43,1291
5563,Monaco,492,EasternAfrica,910,0,0,0,0,0,0,0,0,0,0,0,0,0,0,0,0,0,0,0,0,0
5564,Netherlands,528,EasternAfrica,910,10816,23232,36414,35213,43074,63632,76056,5902,12714,19901,18678,22865,33986,39490,4914,10518,16513,16535,20209,29646,36566
5565,Switzerland,756,EasternAfrica,910,12852,16880,20989,24854,30211,56674,68998,5764,8426,11143,12593,14785,27539,36490,7088,8454,9846,12261,15426,29135,32508
5566,Caribbean,915,EasternAfrica,910,531,698,880,935,996,1052,1048,207,269,340,318,293,293,296,324,429,540,617,703,759,752
5567,Anguilla,660,EasternAfrica,910,0,0,0,0,0,0,0,0,0,0,0,0,0,0,0,0,0,0,0,0,0
5568,AntiguaandBarbuda,28,EasternAfrica,910,1,38,74,80,85,90,92,0,17,34,37,39,41,43,1,21,40,43,46,49,49
5569,Aruba,533,EasternAfrica,910,0,0,0,0,0,0,0,0,0,0,0,0,0,0,0,0,0,0,0,0,0
5570,Bahamas,44,EasternAfrica,910,6,5,5,25,44,48,46,3,2,3,10,17,18,19,3,3,2,15,27,30,27
5571,Barbados,52,EasternAfrica,910,0,0,0,0,0,0,0,0,0,0,0,0,0,0,0,0,0,0,0,0,0
5572,BritishVirginIslands,92,EasternAfrica,910,0,0,0,0,0,0,0,0,0,0,0,0,0,0,0,0,0,0,0,0,0
5573,CaymanIslands,136,EasternAfrica,910,21,46,82,76,77,78,84,9,19,31,31,29,31,36,12,27,51,45,48,47,48
5574,Cuba,192,EasternAfrica,910,0,0,0,0,0,0,0,0,0,0,0,0,0,0,0,0,0,0,0,0,0
5575,CuraÃao,531,EasternAfrica,910,0,0,0,0,0,0,0,0,0,0,0,0,0,0,0,0,0,0,0,0,0
5576,Dominica,212,EasternAfrica,910,0,0,0,0,0,0,0,0,0,0,0,0,0,0,0,0,0,0,0,0,0
5577,DominicanRepublic,214,EasternAfrica,910,3,4,4,4,4,3,3,0,0,0,0,0,0,0,3,4,4,4,4,3,3
5578,Grenada,308,EasternAfrica,910,0,0,0,0,0,0,0,0,0,0,0,0,0,0,0,0,0,0,0,0,0
5579,Guadeloupe,312,EasternAfrica,910,244,294,344,364,383,367,363,117,138,160,131,101,89,86,127,156,184,233,282,278,277
5580,Haiti,332,EasternAfrica,910,0,0,0,0,0,0,0,0,0,0,0,0,0,0,0,0,0,0,0,0,0
5581,Jamaica,388,EasternAfrica,910,0,0,0,0,0,0,0,0,0,0,0,0,0,0,0,0,0,0,0,0,0
5582,Martinique,474,EasternAfrica,910,253,309,366,383,400,464,460,77,93,110,108,106,113,112,176,216,256,275,294,351,348
5583,Montserrat,500,EasternAfrica,910,0,0,0,0,0,0,0,0,0,0,0,0,0,0,0,0,0,0,0,0,0
5584,PuertoRico,630,EasternAfrica,910,0,0,0,0,0,0,0,0,0,0,0,0,0,0,0,0,0,0,0,0,0
5585,SaintBarthelemy,652,EasternAfrica,910,0,0,0,0,0,0,0,0,0,0,0,0,0,0,0,0,0,0,0,0,0
5586,SaintKittsandNevis,659,EasternAfrica,910,0,0,0,0,0,0,0,0,0,0,0,0,0,0,0,0,0,0,0,0,0
5587,SaintLucia,662,EasternAfrica,910,3,2,5,3,3,2,0,1,0,2,1,1,1,0,2,2,3,2,2,1,0
5588,SaintMartinFrenchpart,663,EasternAfrica,910,0,0,0,0,0,0,0,0,0,0,0,0,0,0,0,0,0,0,0,0,0
5589,SaintVincentandtheGrenadines,670,EasternAfrica,910,0,0,0,0,0,0,0,0,0,0,0,0,0,0,0,0,0,0,0,0,0
5590,SintMaartenDutchpart,534,EasternAfrica,910,0,0,0,0,0,0,0,0,0,0,0,0,0,0,0,0,0,0,0,0,0
5591,TrinidadandTobago,780,EasternAfrica,910,0,0,0,0,0,0,0,0,0,0,0,0,0,0,0,0,0,0,0,0,0
5592,TurksandCaicosIslands,796,EasternAfrica,910,0,0,0,0,0,0,0,0,0,0,0,0,0,0,0,0,0,0,0,0,0
5593,UnitedStatesVirginIslands,850,EasternAfrica,910,0,0,0,0,0,0,0,0,0,0,0,0,0,0,0,0,0,0,0,0,0
5594,CentralAmerica,916,EasternAfrica,910,148,109,123,177,219,219,229,53,42,61,88,113,115,124,95,67,62,89,106,104,105
5595,Belize,84,EasternAfrica,910,0,0,0,0,0,0,0,0,0,0,0,0,0,0,0,0,0,0,0,0,0
5596,CostaRica,188,EasternAfrica,910,26,20,25,27,41,32,35,13,9,15,15,21,18,21,13,11,10,12,20,14,14
5597,ElSalvador,222,EasternAfrica,910,0,0,0,0,0,0,0,0,0,0,0,0,0,0,0,0,0,0,0,0,0
5598,Guatemala,320,EasternAfrica,910,0,0,0,0,0,0,0,0,0,0,0,0,0,0,0,0,0,0,0,0,0
5599,Honduras,340,EasternAfrica,910,0,0,0,0,0,0,0,0,0,0,0,0,0,0,0,0,0,0,0,0,0
5600,Mexico,484,EasternAfrica,910,69,46,26,44,66,68,73,11,10,10,23,38,40,44,58,36,16,21,28,28,29
5601,Nicaragua,558,EasternAfrica,910,53,43,72,106,112,119,121,29,23,36,50,54,57,59,24,20,36,56,58,62,62
5602,Panama,591,EasternAfrica,910,0,0,0,0,0,0,0,0,0,0,0,0,0,0,0,0,0,0,0,0,0
5603,SouthAmerica,931,EasternAfrica,910,1607,1808,2003,2055,2413,2758,2952,1042,1078,1115,1019,1114,1259,1386,565,730,888,1036,1299,1499,1566
5604,Argentina,32,EasternAfrica,910,126,123,120,100,59,59,58,38,37,38,33,22,22,21,88,86,82,67,37,37,37
5605,BoliviaPlurinationalStateof,68,EasternAfrica,910,14,31,39,44,40,55,46,1,9,14,13,14,18,18,13,22,25,31,26,37,28
5606,Brazil,76,EasternAfrica,910,987,1162,1337,1422,1838,2160,2334,752,783,815,733,845,985,1098,235,379,522,689,993,1175,1236
5607,Chile,152,EasternAfrica,910,0,0,0,0,0,0,0,0,0,0,0,0,0,0,0,0,0,0,0,0,0
5608,Colombia,170,EasternAfrica,910,0,0,0,0,0,0,0,0,0,0,0,0,0,0,0,0,0,0,0,0,0
5609,Ecuador,218,EasternAfrica,910,0,0,0,0,0,0,0,0,0,0,0,0,0,0,0,0,0,0,0,0,0
5610,FalklandIslandsMalvinas,238,EasternAfrica,910,0,0,0,0,0,0,0,0,0,0,0,0,0,0,0,0,0,0,0,0,0
5611,FrenchGuiana,254,EasternAfrica,910,365,381,396,374,351,353,396,188,188,187,176,164,163,183,177,193,209,198,187,190,213
5612,Guyana,328,EasternAfrica,910,0,0,0,0,0,0,0,0,0,0,0,0,0,0,0,0,0,0,0,0,0
5613,Paraguay,600,EasternAfrica,910,0,0,0,0,0,0,0,0,0,0,0,0,0,0,0,0,0,0,0,0,0
5614,Peru,604,EasternAfrica,910,0,0,0,0,0,0,0,0,0,0,0,0,0,0,0,0,0,0,0,0,0
5615,Suriname,740,EasternAfrica,910,0,0,0,0,0,0,0,0,0,0,0,0,0,0,0,0,0,0,0,0,0
5616,Uruguay,858,EasternAfrica,910,0,0,0,0,0,0,0,0,0,0,0,0,0,0,0,0,0,0,0,0,0
5617,VenezuelaBolivarianRepublicof,862,EasternAfrica,910,115,111,111,115,125,131,118,63,61,61,64,69,71,66,52,50,50,51,56,60,52
5618,Bermuda,60,EasternAfrica,910,0,0,0,0,0,0,0,0,0,0,0,0,0,0,0,0,0,0,0,0,0
5619,Canada,124,EasternAfrica,910,115779,112981,112871,131385,154600,194187,210380,56363,54748,54449,62885,73734,93443,101247,59416,58233,58422,68500,80866,100744,109133
5620,Greenland,304,EasternAfrica,910,0,0,0,0,0,0,0,0,0,0,0,0,0,0,0,0,0,0,0,0,0
5621,SaintPierreandMiquelon,666,EasternAfrica,910,0,0,0,0,0,0,0,0,0,0,0,0,0,0,0,0,0,0,0,0,0
5622,UnitedStatesofAmerica,840,EasternAfrica,910,83431,145273,208454,356187,518705,652276,831097,42121,74076,106847,182414,260539,316888,397700,41310,71197,101607,173773,258166,335388,433397
5623,Australia,36,EasternAfrica,910,44425,52538,58230,79952,115090,147590,172394,22617,26503,29318,40264,57587,74248,85904,21808,26035,28912,39688,57503,73342,86490
5624,NewZealand,554,EasternAfrica,910,1736,2107,7207,13157,13653,13935,15226,831,1020,3506,6388,6619,6740,7367,905,1087,3701,6769,7034,7195,7859
5625,Melanesia,928,EasternAfrica,910,38,38,28,34,28,28,27,22,23,19,25,19,21,22,16,15,9,9,9,7,5
5626,Fiji,242,EasternAfrica,910,0,0,0,0,0,0,0,0,0,0,0,0,0,0,0,0,0,0,0,0,0
5627,NewCaledonia,540,EasternAfrica,910,0,0,0,0,0,0,0,0,0,0,0,0,0,0,0,0,0,0,0,0,0
5628,PapuaNewGuinea,598,EasternAfrica,910,38,38,28,34,28,28,27,22,23,19,25,19,21,22,16,15,9,9,9,7,5
5629,SolomonIslands,90,EasternAfrica,910,0,0,0,0,0,0,0,0,0,0,0,0,0,0,0,0,0,0,0,0,0
5630,Vanuatu,548,EasternAfrica,910,0,0,0,0,0,0,0,0,0,0,0,0,0,0,0,0,0,0,0,0,0
5631,Micronesia,954,EasternAfrica,910,0,0,0,0,0,0,0,0,0,0,0,0,0,0,0,0,0,0,0,0,0
5632,Guam,316,EasternAfrica,910,0,0,0,0,0,0,0,0,0,0,0,0,0,0,0,0,0,0,0,0,0
5633,Kiribati,296,EasternAfrica,910,0,0,0,0,0,0,0,0,0,0,0,0,0,0,0,0,0,0,0,0,0
5634,MarshallIslands,584,EasternAfrica,910,0,0,0,0,0,0,0,0,0,0,0,0,0,0,0,0,0,0,0,0,0
5635,MicronesiaFedStatesof,583,EasternAfrica,910,0,0,0,0,0,0,0,0,0,0,0,0,0,0,0,0,0,0,0,0,0
5636,Nauru,520,EasternAfrica,910,0,0,0,0,0,0,0,0,0,0,0,0,0,0,0,0,0,0,0,0,0
5637,NorthernMarianaIslands,580,EasternAfrica,910,0,0,0,0,0,0,0,0,0,0,0,0,0,0,0,0,0,0,0,0,0
5638,Palau,585,EasternAfrica,910,0,0,0,0,0,0,0,0,0,0,0,0,0,0,0,0,0,0,0,0,0
5639,Polynesia,957,EasternAfrica,910,35,44,52,58,41,38,27,19,24,28,30,23,26,18,16,20,24,28,18,12,9
5640,AmericanSamoa,16,EasternAfrica,910,0,0,0,0,0,0,0,0,0,0,0,0,0,0,0,0,0,0,0,0,0
5641,CookIslands,184,EasternAfrica,910,0,0,0,0,0,0,0,0,0,0,0,0,0,0,0,0,0,0,0,0,0
5642,FrenchPolynesia,258,EasternAfrica,910,0,0,0,0,0,0,0,0,0,0,0,0,0,0,0,0,0,0,0,0,0
5643,Niue,570,EasternAfrica,910,0,0,0,0,0,0,0,0,0,0,0,0,0,0,0,0,0,0,0,0,0
5644,Samoa,882,EasternAfrica,910,0,0,0,0,0,0,0,0,0,0,0,0,0,0,0,0,0,0,0,0,0
5645,Tokelau,772,EasternAfrica,910,0,0,0,0,0,0,0,0,0,0,0,0,0,0,0,0,0,0,0,0,0
5646,Tonga,776,EasternAfrica,910,0,0,0,0,0,0,0,0,0,0,0,0,0,0,0,0,0,0,0,0,0
5647,Tuvalu,798,EasternAfrica,910,0,0,0,0,0,0,0,0,0,0,0,0,0,0,0,0,0,0,0,0,0
5648,WallisandFutunaIslands,876,EasternAfrica,910,35,44,52,58,41,38,27,19,24,28,30,23,26,18,16,20,24,28,18,12,9
5649,Burundi,108,MiddleAfrica,911,36654,41447,37951,99099,147611,175768,199585,17963,20152,18451,49968,75099,89489,101757,18691,21295,19500,49131,72512,86279,97828
5650,Comoros,174,MiddleAfrica,911,0,0,0,0,0,0,0,0,0,0,0,0,0,0,0,0,0,0,0,0,0
5651,Djibouti,262,MiddleAfrica,911,0,0,0,0,0,0,0,0,0,0,0,0,0,0,0,0,0,0,0,0,0
5652,Eritrea,232,MiddleAfrica,911,654,1249,1844,1697,1678,2031,1775,373,676,978,919,932,1124,996,281,573,866,778,746,907,779
5653,Ethiopia,231,MiddleAfrica,911,48,63,90,66,678,1581,1468,25,37,57,37,341,798,721,23,26,33,29,337,783,747
5654,Kenya,404,MiddleAfrica,911,394,391,672,2749,9133,24738,43577,216,211,335,1448,4491,12369,22012,178,180,337,1301,4642,12369,21565
5655,Madagascar,450,MiddleAfrica,911,0,0,0,0,0,0,0,0,0,0,0,0,0,0,0,0,0,0,0,0,0
5656,Malawi,454,MiddleAfrica,911,2073,4048,3898,3806,6254,13112,28806,889,2179,2093,2038,3329,6948,15490,1184,1869,1805,1768,2925,6164,13316
5657,Mauritius,480,MiddleAfrica,911,0,0,0,0,0,0,0,0,0,0,0,0,0,0,0,0,0,0,0,0,0
5658,Mayotte,175,MiddleAfrica,911,0,0,0,0,0,0,0,0,0,0,0,0,0,0,0,0,0,0,0,0,0
5659,Mozambique,508,MiddleAfrica,911,16652,22905,26642,36582,41688,47164,50550,8995,12420,14050,17744,20151,22787,24684,7657,10485,12592,18838,21537,24377,25866
5660,Reunion,638,MiddleAfrica,911,0,0,0,0,0,0,0,0,0,0,0,0,0,0,0,0,0,0,0,0,0
5661,Rwanda,646,MiddleAfrica,911,62526,89770,163420,197717,207397,233744,236657,30697,44038,79600,95331,100320,112178,117125,31829,45732,83820,102386,107077,121566,119532
5662,Seychelles,690,MiddleAfrica,911,0,0,0,0,0,0,0,0,0,0,0,0,0,0,0,0,0,0,0,0,0
5663,Somalia,706,MiddleAfrica,911,0,0,0,0,0,0,0,0,0,0,0,0,0,0,0,0,0,0,0,0,0
5664,SouthSudan,728,MiddleAfrica,911,0,0,0,0,71288,97513,103987,0,0,0,0,36071,54310,56667,0,0,0,0,35217,43203,47320
5665,Uganda,800,MiddleAfrica,911,65659,73273,84966,93208,159519,286214,397638,32113,34931,39672,43223,76985,138217,187992,33546,38342,45294,49985,82534,147997,209646
5666,UnitedRepublicofTanzania,834,MiddleAfrica,911,35078,44792,136427,175275,87926,85774,94138,17263,22418,69181,114917,43189,41565,45289,17815,22374,67246,60358,44737,44209,48849
5667,Zambia,894,MiddleAfrica,911,151230,172995,300833,178127,66963,61989,92844,76260,87102,153119,89242,33817,31262,48137,74970,85893,147714,88885,33146,30727,44707
5668,Zimbabwe,716,MiddleAfrica,911,0,0,0,0,0,0,0,0,0,0,0,0,0,0,0,0,0,0,0,0,0
5669,MiddleAfrica,911,MiddleAfrica,911,798740,692305,865771,894777,1049226,1425332,1570589,390605,343863,426520,447439,524382,733385,810637,408135,348442,439251,447338,524844,691947,759952
5670,Angola,24,MiddleAfrica,911,15712,19065,22415,30892,38700,83136,100244,8216,9578,10941,14662,18054,39954,58742,7496,9487,11474,16230,20646,43182,41502
5671,Cameroon,120,MiddleAfrica,911,95527,88874,82221,99589,166464,319285,347161,47150,43740,40330,51098,85446,161343,174998,48377,45134,41891,48491,81018,157942,172163
5672,CentralAfricanRepublic,140,MiddleAfrica,911,23271,33783,41359,32281,31705,27312,28897,12561,17513,20932,16363,16082,13754,14390,10710,16270,20427,15918,15623,13558,14507
5673,Chad,148,MiddleAfrica,911,40164,43733,47299,89713,106247,119782,139029,21683,23581,25477,40696,47593,55740,63875,18481,20152,21822,49017,58654,64042,75154
5674,Congo,178,MiddleAfrica,911,96424,150261,244346,269262,327792,270912,269148,46142,72458,117998,142668,170687,140813,139179,50282,77803,126348,126594,157105,130099,129969
5675,DemocraticRepublicoftheCongo,180,MiddleAfrica,911,472109,282314,335203,271617,261133,441787,506539,227328,140109,164404,130717,126195,226945,255120,244781,142205,170799,140900,134938,214842,251419
5676,EquatorialGuinea,226,MiddleAfrica,911,645,855,1063,1551,2037,2547,3058,395,521,647,957,1267,1596,1919,250,334,416,594,770,951,1139
5677,Gabon,266,MiddleAfrica,911,54104,72357,90507,98806,114311,159830,175855,26796,35810,45115,49751,58646,92876,102089,27308,36547,45392,49055,55665,66954,73766
5678,SaoTomeandPrincipe,678,MiddleAfrica,911,784,1063,1358,1066,837,741,658,334,553,676,527,412,364,325,450,510,682,539,425,377,333
5679,Algeria,12,MiddleAfrica,911,0,0,0,0,0,0,0,0,0,0,0,0,0,0,0,0,0,0,0,0,0
5680,Egypt,818,MiddleAfrica,911,639,572,551,655,706,486,747,448,389,362,444,471,348,510,191,183,189,211,235,138,237
5681,Libya,434,MiddleAfrica,911,1228,1226,1248,1377,1512,1692,1810,813,830,871,1037,1143,1276,1379,415,396,377,340,369,416,431
5682,Morocco,504,MiddleAfrica,911,1286,1180,1243,1319,1433,1847,2028,680,616,639,668,723,928,1045,606,564,604,651,710,919,983
5683,Sudan,729,MiddleAfrica,911,229930,118054,103632,115338,120815,95448,139324,114965,59303,53377,59359,63089,49088,70640,114965,58751,50255,55979,57726,46360,68684
5684,Tunisia,788,MiddleAfrica,911,0,0,0,0,555,715,758,0,0,0,0,286,369,396,0,0,0,0,269,346,362
5685,WesternSahara,732,MiddleAfrica,911,0,0,0,0,0,0,0,0,0,0,0,0,0,0,0,0,0,0,0,0,0
5686,Botswana,72,MiddleAfrica,911,1077,1738,2581,3891,1645,1786,1908,570,895,1313,1954,902,978,1049,507,843,1268,1937,743,808,859
5687,Eswatini,748,MiddleAfrica,911,11,332,395,514,530,773,879,8,192,203,250,246,383,439,3,140,192,264,284,390,440
5688,Lesotho,426,MiddleAfrica,911,0,0,0,0,0,0,0,0,0,0,0,0,0,0,0,0,0,0,0,0,0
5689,Namibia,516,MiddleAfrica,911,30562,29225,55593,44124,42902,42030,45729,18446,17714,32496,25666,24945,24459,26554,12116,11511,23097,18458,17957,17571,19175
5690,SouthAfrica,710,MiddleAfrica,911,18087,23942,33175,51321,85827,150106,139037,10821,14242,20198,25678,44286,79181,78647,7266,9700,12977,25643,41541,70925,60390
5691,Benin,204,MiddleAfrica,911,536,740,944,2316,3722,4752,5113,286,398,510,1225,1956,2562,2764,250,342,434,1091,1766,2190,2349
5692,BurkinaFaso,854,MiddleAfrica,911,0,0,0,0,0,0,0,0,0,0,0,0,0,0,0,0,0,0,0,0,0
5693,CaboVerde,132,MiddleAfrica,911,4074,5024,5973,3994,2013,2090,2206,1947,2468,2990,1946,900,930,984,2127,2556,2983,2048,1113,1160,1222
5694,CotedIvoire,384,MiddleAfrica,911,0,0,0,0,0,0,0,0,0,0,0,0,0,0,0,0,0,0,0,0,0
5695,Gambia,270,MiddleAfrica,911,0,0,0,0,0,0,0,0,0,0,0,0,0,0,0,0,0,0,0,0,0
5696,Ghana,288,MiddleAfrica,911,85,85,95,134,133,161,180,51,54,58,85,86,105,121,34,31,37,49,47,56,59
5697,Guinea,324,MiddleAfrica,911,0,0,0,0,0,11719,11247,0,0,0,0,0,6938,6687,0,0,0,0,0,4781,4560
5698,GuineaBissau,624,MiddleAfrica,911,0,0,0,0,0,0,0,0,0,0,0,0,0,0,0,0,0,0,0,0,0
5699,Liberia,430,MiddleAfrica,911,0,0,0,0,0,0,0,0,0,0,0,0,0,0,0,0,0,0,0,0,0
5700,Mali,466,MiddleAfrica,911,9430,9863,9040,37039,24516,30432,35591,5003,5233,4819,19207,12461,15460,18106,4427,4630,4221,17832,12055,14972,17485
5701,Mauritania,478,MiddleAfrica,911,505,538,562,591,464,617,669,261,303,346,368,301,396,432,244,235,216,223,163,221,237
5702,Niger,562,MiddleAfrica,911,1708,1406,1117,1139,1158,1173,1990,957,761,572,582,590,599,1023,751,645,545,557,568,574,967
5703,Nigeria,566,MiddleAfrica,911,21353,21649,22814,45341,46313,56068,83750,11980,12069,12636,26401,26963,30762,45681,9373,9580,10178,18940,19350,25306,38069
5704,SaintHelena,654,MiddleAfrica,911,0,0,0,0,0,0,0,0,0,0,0,0,0,0,0,0,0,0,0,0,0
5705,Senegal,686,MiddleAfrica,911,837,907,899,1119,1210,1977,2135,317,343,323,436,512,899,976,520,564,576,683,698,1078,1159
5706,SierraLeone,694,MiddleAfrica,911,0,3,2,12,4,0,0,0,2,2,8,3,0,0,0,1,0,4,1,0,0
5707,Togo,768,MiddleAfrica,911,1754,1973,2219,2616,3331,3737,3761,1000,1127,1269,1480,1966,2207,2235,754,846,950,1136,1365,1530,1526
5708,Kazakhstan,398,MiddleAfrica,911,0,0,0,0,0,0,0,0,0,0,0,0,0,0,0,0,0,0,0,0,0
5709,Kyrgyzstan,417,MiddleAfrica,911,0,0,0,0,0,0,0,0,0,0,0,0,0,0,0,0,0,0,0,0,0
5710,Tajikistan,762,MiddleAfrica,911,0,0,0,0,0,0,0,0,0,0,0,0,0,0,0,0,0,0,0,0,0
5711,Turkmenistan,795,MiddleAfrica,911,0,0,0,0,0,0,0,0,0,0,0,0,0,0,0,0,0,0,0,0,0
5712,Uzbekistan,860,MiddleAfrica,911,0,0,0,0,0,0,0,0,0,0,0,0,0,0,0,0,0,0,0,0,0
5713,China,156,MiddleAfrica,911,0,0,0,0,0,0,0,0,0,0,0,0,0,0,0,0,0,0,0,0,0
5714,DemPeoplesRepublicofKorea,408,MiddleAfrica,911,0,0,0,0,0,0,0,0,0,0,0,0,0,0,0,0,0,0,0,0,0
5715,Japan,392,MiddleAfrica,911,0,0,0,0,0,0,0,0,0,0,0,0,0,0,0,0,0,0,0,0,0
5716,Mongolia,496,MiddleAfrica,911,0,0,0,0,0,0,0,0,0,0,0,0,0,0,0,0,0,0,0,0,0
5717,RepublicofKorea,410,MiddleAfrica,911,0,0,0,0,0,0,0,0,0,0,0,0,0,0,0,0,0,0,0,0,0
5718,BruneiDarussalam,96,MiddleAfrica,911,0,0,0,0,0,0,0,0,0,0,0,0,0,0,0,0,0,0,0,0,0
5719,Cambodia,116,MiddleAfrica,911,0,0,0,0,0,0,0,0,0,0,0,0,0,0,0,0,0,0,0,0,0
5720,Indonesia,360,MiddleAfrica,911,0,0,0,0,0,0,0,0,0,0,0,0,0,0,0,0,0,0,0,0,0
5721,LaoPeoplesDemocraticRepublic,418,MiddleAfrica,911,0,0,0,0,0,0,0,0,0,0,0,0,0,0,0,0,0,0,0,0,0
5722,Malaysia,458,MiddleAfrica,911,0,0,0,0,0,0,0,0,0,0,0,0,0,0,0,0,0,0,0,0,0
5723,Myanmar,104,MiddleAfrica,911,0,0,0,0,0,0,0,0,0,0,0,0,0,0,0,0,0,0,0,0,0
5724,Philippines,608,MiddleAfrica,911,703,944,3080,2492,627,637,673,389,514,1726,1414,571,579,615,314,430,1354,1078,56,58,58
5725,Singapore,702,MiddleAfrica,911,0,0,0,0,0,0,0,0,0,0,0,0,0,0,0,0,0,0,0,0,0
5726,Thailand,764,MiddleAfrica,911,0,0,2,8,15,16,16,0,0,1,5,8,9,9,0,0,1,3,7,7,7
5727,TimorLeste,626,MiddleAfrica,911,0,0,0,0,0,0,0,0,0,0,0,0,0,0,0,0,0,0,0,0,0
5728,VietNam,704,MiddleAfrica,911,0,0,0,0,0,0,0,0,0,0,0,0,0,0,0,0,0,0,0,0,0
5729,Afghanistan,4,MiddleAfrica,911,0,0,0,0,0,0,0,0,0,0,0,0,0,0,0,0,0,0,0,0,0
5730,Bangladesh,50,MiddleAfrica,911,0,0,0,0,0,0,0,0,0,0,0,0,0,0,0,0,0,0,0,0,0
5731,Bhutan,64,MiddleAfrica,911,0,0,0,0,0,0,0,0,0,0,0,0,0,0,0,0,0,0,0,0,0
5732,India,356,MiddleAfrica,911,0,0,0,0,0,0,0,0,0,0,0,0,0,0,0,0,0,0,0,0,0
5733,IranIslamicRepublicof,364,MiddleAfrica,911,0,0,0,0,0,0,0,0,0,0,0,0,0,0,0,0,0,0,0,0,0
5734,Maldives,462,MiddleAfrica,911,0,0,0,0,0,0,0,0,0,0,0,0,0,0,0,0,0,0,0,0,0
5735,Nepal,524,MiddleAfrica,911,0,0,0,0,0,0,0,0,0,0,0,0,0,0,0,0,0,0,0,0,0
5736,Pakistan,586,MiddleAfrica,911,0,0,0,0,0,0,0,0,0,0,0,0,0,0,0,0,0,0,0,0,0
5737,SriLanka,144,MiddleAfrica,911,0,0,0,0,0,0,0,0,0,0,0,0,0,0,0,0,0,0,0,0,0
5738,WesternAsia,922,MiddleAfrica,911,12756,11742,9704,6363,7577,7977,10546,4634,5441,5940,3772,5121,5286,6796,8122,6301,3764,2591,2456,2691,3750
5739,Armenia,51,MiddleAfrica,911,0,0,0,0,0,0,0,0,0,0,0,0,0,0,0,0,0,0,0,0,0
5740,Azerbaijan,31,MiddleAfrica,911,0,0,0,0,0,0,0,0,0,0,0,0,0,0,0,0,0,0,0,0,0
5741,Bahrain,48,MiddleAfrica,911,140,154,169,256,401,434,562,100,109,118,175,272,300,395,40,45,51,81,129,134,167
5742,Cyprus,196,MiddleAfrica,911,188,267,344,517,791,724,2576,91,124,155,229,356,332,1359,97,143,189,288,435,392,1217
5743,Georgia,268,MiddleAfrica,911,0,0,0,0,0,0,0,0,0,0,0,0,0,0,0,0,0,0,0,0,0
5744,Iraq,368,MiddleAfrica,911,0,0,0,0,0,0,0,0,0,0,0,0,0,0,0,0,0,0,0,0,0
5745,Israel,376,MiddleAfrica,911,0,0,0,0,0,0,0,0,0,0,0,0,0,0,0,0,0,0,0,0,0
5746,Jordan,400,MiddleAfrica,911,4,18,32,24,50,21,25,4,14,24,20,41,17,20,0,4,8,4,9,4,5
5747,Kuwait,414,MiddleAfrica,911,870,697,795,859,1138,1305,1414,527,445,538,567,741,788,854,343,252,257,292,397,517,560
5748,Lebanon,422,MiddleAfrica,911,0,0,0,0,0,0,0,0,0,0,0,0,0,0,0,0,0,0,0,0,0
5749,Oman,512,MiddleAfrica,911,0,0,0,0,0,0,0,0,0,0,0,0,0,0,0,0,0,0,0,0,0
5750,Qatar,634,MiddleAfrica,911,10484,9228,6597,2582,663,512,520,3150,3761,3840,1311,532,418,419,7334,5467,2757,1271,131,94,101
5751,SaudiArabia,682,MiddleAfrica,911,0,0,0,0,0,0,0,0,0,0,0,0,0,0,0,0,0,0,0,0,0
5752,StateofPalestine,275,MiddleAfrica,911,0,0,0,0,0,0,0,0,0,0,0,0,0,0,0,0,0,0,0,0,0
5753,SyrianArabRepublic,760,MiddleAfrica,911,0,0,0,0,0,0,0,0,0,0,0,0,0,0,0,0,0,0,0,0,0
5754,Turkey,792,MiddleAfrica,911,7,17,28,31,41,72,99,5,13,20,22,27,45,60,2,4,8,9,14,27,39
5755,UnitedArabEmirates,784,MiddleAfrica,911,1063,1361,1739,2094,4493,4909,5350,757,975,1245,1448,3152,3386,3689,306,386,494,646,1341,1523,1661
5756,Yemen,887,MiddleAfrica,911,0,0,0,0,0,0,0,0,0,0,0,0,0,0,0,0,0,0,0,0,0
5757,EasternEurope,923,MiddleAfrica,911,2367,2280,2150,2564,2940,3228,4335,1272,1416,1532,1876,2189,2363,3048,1095,864,618,688,751,865,1287
5758,Belarus,112,MiddleAfrica,911,0,0,0,0,0,0,0,0,0,0,0,0,0,0,0,0,0,0,0,0,0
5759,Bulgaria,100,MiddleAfrica,911,22,29,33,44,53,59,90,18,22,23,28,34,35,51,4,7,10,16,19,24,39
5760,Czechia,203,MiddleAfrica,911,62,93,124,263,374,428,457,54,78,105,210,295,328,349,8,15,19,53,79,100,108
5761,Hungary,348,MiddleAfrica,911,73,175,273,338,401,456,615,65,131,196,246,296,337,428,8,44,77,92,105,119,187
5762,Poland,616,MiddleAfrica,911,120,101,88,143,217,194,257,105,90,77,110,152,142,194,15,11,11,33,65,52,63
5763,RepublicofMoldova,498,MiddleAfrica,911,0,0,0,0,0,0,0,0,0,0,0,0,0,0,0,0,0,0,0,0,0
5764,Romania,642,MiddleAfrica,911,0,0,0,0,2,110,950,0,0,0,0,2,50,557,0,0,0,0,0,60,393
5765,RussianFederation,643,MiddleAfrica,911,2070,1822,1511,1639,1739,1772,1760,1015,1064,1074,1218,1337,1360,1360,1055,758,437,421,402,412,400
5766,Slovakia,703,MiddleAfrica,911,20,60,121,137,154,209,206,15,31,57,64,73,111,109,5,29,64,73,81,98,97
5767,Ukraine,804,MiddleAfrica,911,0,0,0,0,0,0,0,0,0,0,0,0,0,0,0,0,0,0,0,0,0
5768,ChannelIslands,830,MiddleAfrica,911,0,0,0,0,0,0,0,0,0,0,0,0,0,0,0,0,0,0,0,0,0
5769,Denmark,208,MiddleAfrica,911,187,348,505,1267,1932,2783,3241,110,199,287,677,1022,1461,1642,77,149,218,590,910,1322,1599
5770,Estonia,233,MiddleAfrica,911,0,0,0,0,12,28,100,0,0,0,0,10,23,72,0,0,0,0,2,5,28
5771,FaroeIslands,234,MiddleAfrica,911,0,0,0,0,0,0,0,0,0,0,0,0,0,0,0,0,0,0,0,0,0
5772,Finland,246,MiddleAfrica,911,33,224,413,1262,1824,2784,3683,19,143,267,735,1065,1476,1973,14,81,146,527,759,1308,1710
5773,Iceland,352,MiddleAfrica,911,13,20,24,37,50,55,83,8,13,16,26,35,32,50,5,7,8,11,15,23,33
5774,Ireland,372,MiddleAfrica,911,336,1057,2363,3110,3348,3419,3906,163,493,1141,1608,1626,1638,1884,173,564,1222,1502,1722,1781,2022
5775,IsleofMan,833,MiddleAfrica,911,0,0,0,0,0,0,0,0,0,0,0,0,0,0,0,0,0,0,0,0,0
5776,Latvia,428,MiddleAfrica,911,4,4,7,5,6,4,8,2,2,5,4,5,3,8,2,2,2,1,1,1,0
5777,Lithuania,440,MiddleAfrica,911,0,0,0,0,0,16,41,0,0,0,0,0,10,29,0,0,0,0,0,6,12
5778,Norway,578,MiddleAfrica,911,322,398,607,1445,2797,3649,4448,179,216,326,768,1464,1845,2195,143,182,281,677,1333,1804,2253
5779,Sweden,752,MiddleAfrica,911,1380,1639,1761,2962,4869,5994,8700,752,887,946,1662,2709,3125,4447,628,752,815,1300,2160,2869,4253
5780,UnitedKingdom,826,MiddleAfrica,911,3028,11924,21029,35488,37460,44828,50580,1873,6108,10431,16445,17773,20568,22957,1155,5816,10598,19043,19687,24260,27623
5781,Albania,8,MiddleAfrica,911,0,0,0,0,0,0,0,0,0,0,0,0,0,0,0,0,0,0,0,0,0
5782,Andorra,20,MiddleAfrica,911,0,0,0,0,0,0,0,0,0,0,0,0,0,0,0,0,0,0,0,0,0
5783,BosniaandHerzegovina,70,MiddleAfrica,911,0,0,0,0,0,0,0,0,0,0,0,0,0,0,0,0,0,0,0,0,0
5784,Croatia,191,MiddleAfrica,911,0,0,0,0,0,0,0,0,0,0,0,0,0,0,0,0,0,0,0,0,0
5785,Gibraltar,292,MiddleAfrica,911,0,0,0,0,0,0,0,0,0,0,0,0,0,0,0,0,0,0,0,0,0
5786,Greece,300,MiddleAfrica,911,983,1812,2675,2629,2670,2508,8200,568,916,1266,1245,1264,1137,4100,415,896,1409,1384,1406,1371,4100
5787,HolySee,336,MiddleAfrica,911,0,0,0,0,0,0,0,0,0,0,0,0,0,0,0,0,0,0,0,0,0
5788,Italy,380,MiddleAfrica,911,1323,6141,10956,17569,24126,23691,29221,459,2925,5393,8900,12456,11907,15208,864,3216,5563,8669,11670,11784,14013
5789,Malta,470,MiddleAfrica,911,0,0,0,0,0,0,0,0,0,0,0,0,0,0,0,0,0,0,0,0,0
5790,Montenegro,499,MiddleAfrica,911,0,0,0,0,0,0,0,0,0,0,0,0,0,0,0,0,0,0,0,0,0
5791,NorthMacedonia,807,MiddleAfrica,911,0,0,0,0,0,0,0,0,0,0,0,0,0,0,0,0,0,0,0,0,0
5792,Portugal,620,MiddleAfrica,911,148211,165354,189212,188456,156410,177316,203678,69537,77653,89256,88633,73512,78503,93707,78674,87701,99956,99823,82898,98813,109971
5793,SanMarino,674,MiddleAfrica,911,0,0,0,0,0,0,0,0,0,0,0,0,0,0,0,0,0,0,0,0,0
5794,Serbia,688,MiddleAfrica,911,0,0,0,0,0,0,0,0,0,0,0,0,0,0,0,0,0,0,0,0,0
5795,Slovenia,705,MiddleAfrica,911,12,25,8,7,24,71,38,6,14,7,5,19,48,26,6,11,1,2,5,23,12
5796,Spain,724,MiddleAfrica,911,8439,11054,19344,27790,36075,32394,40139,3869,5212,9455,13075,17087,15099,18639,4570,5842,9889,14715,18988,17295,21500
5797,Austria,40,MiddleAfrica,911,1230,1390,1546,1708,1898,2281,2661,709,811,913,993,1082,1224,1421,521,579,633,715,816,1057,1240
5798,Belgium,56,MiddleAfrica,911,58174,57721,54891,74877,96055,111784,121196,31110,31169,28376,37071,45369,52146,56141,27064,26552,26515,37806,50686,59638,65055
5799,France,250,MiddleAfrica,911,148508,153313,158112,224593,275414,305241,335516,76007,77206,78405,105665,126264,135401,149259,72501,76107,79707,118928,149150,169840,186257
5800,Germany,276,MiddleAfrica,911,7376,16325,25272,26390,27116,27830,39241,5555,10437,15319,15235,15038,15363,21332,1821,5888,9953,11155,12078,12467,17909
5801,Liechtenstein,438,MiddleAfrica,911,0,0,0,0,14,15,14,0,0,0,0,12,13,10,0,0,0,0,2,2,4
5802,Luxembourg,442,MiddleAfrica,911,152,144,138,119,103,156,3819,65,63,59,56,53,82,1889,87,81,79,63,50,74,1930
5803,Monaco,492,MiddleAfrica,911,0,0,0,0,0,0,0,0,0,0,0,0,0,0,0,0,0,0,0,0,0
5804,Netherlands,528,MiddleAfrica,911,4848,7134,9673,18134,10296,13162,13480,2950,4274,5728,10503,5443,6862,7009,1898,2860,3945,7631,4853,6300,6471
5805,Switzerland,756,MiddleAfrica,911,10488,12988,15543,17368,20518,22521,24585,5385,6625,7905,8380,9307,10053,10897,5103,6363,7638,8988,11211,12468,13688
5806,Anguilla,660,MiddleAfrica,911,0,0,0,0,0,0,0,0,0,0,0,0,0,0,0,0,0,0,0,0,0
5807,AntiguaandBarbuda,28,MiddleAfrica,911,0,0,0,0,0,0,0,0,0,0,0,0,0,0,0,0,0,0,0,0,0
5808,Aruba,533,MiddleAfrica,911,0,0,0,0,0,0,0,0,0,0,0,0,0,0,0,0,0,0,0,0,0
5809,Bahamas,44,MiddleAfrica,911,0,0,0,0,0,0,0,0,0,0,0,0,0,0,0,0,0,0,0,0,0
5810,Barbados,52,MiddleAfrica,911,0,0,0,0,0,0,0,0,0,0,0,0,0,0,0,0,0,0,0,0,0
5811,BritishVirginIslands,92,MiddleAfrica,911,0,0,0,0,0,0,0,0,0,0,0,0,0,0,0,0,0,0,0,0,0
5812,CaymanIslands,136,MiddleAfrica,911,0,0,0,0,0,0,0,0,0,0,0,0,0,0,0,0,0,0,0,0,0
5813,Cuba,192,MiddleAfrica,911,218,165,106,84,63,44,30,132,97,59,43,27,17,11,86,68,47,41,36,27,19
5814,CuraÃao,531,MiddleAfrica,911,0,0,0,0,0,0,0,0,0,0,0,0,0,0,0,0,0,0,0,0,0
5815,Dominica,212,MiddleAfrica,911,0,0,0,0,0,0,0,0,0,0,0,0,0,0,0,0,0,0,0,0,0
5816,DominicanRepublic,214,MiddleAfrica,911,12,15,15,85,156,161,166,6,8,8,52,96,101,105,6,7,7,33,60,60,61
5817,Grenada,308,MiddleAfrica,911,0,0,0,0,0,0,0,0,0,0,0,0,0,0,0,0,0,0,0,0,0
5818,Guadeloupe,312,MiddleAfrica,911,0,0,0,0,0,0,0,0,0,0,0,0,0,0,0,0,0,0,0,0,0
5819,Haiti,332,MiddleAfrica,911,0,0,0,0,0,0,0,0,0,0,0,0,0,0,0,0,0,0,0,0,0
5820,Jamaica,388,MiddleAfrica,911,0,0,0,0,0,0,0,0,0,0,0,0,0,0,0,0,0,0,0,0,0
5821,Martinique,474,MiddleAfrica,911,0,0,0,0,0,0,0,0,0,0,0,0,0,0,0,0,0,0,0,0,0
5822,Montserrat,500,MiddleAfrica,911,0,0,0,0,0,0,0,0,0,0,0,0,0,0,0,0,0,0,0,0,0
5823,PuertoRico,630,MiddleAfrica,911,0,0,0,0,0,0,0,0,0,0,0,0,0,0,0,0,0,0,0,0,0
5824,SaintBarthelemy,652,MiddleAfrica,911,0,0,0,0,0,0,0,0,0,0,0,0,0,0,0,0,0,0,0,0,0
5825,SaintKittsandNevis,659,MiddleAfrica,911,0,0,0,0,0,0,0,0,0,0,0,0,0,0,0,0,0,0,0,0,0
5826,SaintLucia,662,MiddleAfrica,911,0,0,0,0,0,0,0,0,0,0,0,0,0,0,0,0,0,0,0,0,0
5827,SaintMartinFrenchpart,663,MiddleAfrica,911,0,0,0,0,0,0,0,0,0,0,0,0,0,0,0,0,0,0,0,0,0
5828,SaintVincentandtheGrenadines,670,MiddleAfrica,911,0,0,0,0,0,0,0,0,0,0,0,0,0,0,0,0,0,0,0,0,0
5829,SintMaartenDutchpart,534,MiddleAfrica,911,0,0,0,0,0,0,0,0,0,0,0,0,0,0,0,0,0,0,0,0,0
5830,TrinidadandTobago,780,MiddleAfrica,911,0,0,0,0,0,0,0,0,0,0,0,0,0,0,0,0,0,0,0,0,0
5831,TurksandCaicosIslands,796,MiddleAfrica,911,0,0,0,0,0,0,0,0,0,0,0,0,0,0,0,0,0,0,0,0,0
5832,UnitedStatesVirginIslands,850,MiddleAfrica,911,0,0,0,0,0,0,0,0,0,0,0,0,0,0,0,0,0,0,0,0,0
5833,CentralAmerica,916,MiddleAfrica,911,104,98,121,177,250,252,270,64,57,70,104,153,161,178,40,41,51,73,97,91,92
5834,Belize,84,MiddleAfrica,911,0,0,0,0,0,0,0,0,0,0,0,0,0,0,0,0,0,0,0,0,0
5835,CostaRica,188,MiddleAfrica,911,27,20,22,21,35,29,33,13,8,11,7,15,15,19,14,12,11,14,20,14,14
5836,ElSalvador,222,MiddleAfrica,911,0,0,0,0,0,0,0,0,0,0,0,0,0,0,0,0,0,0,0,0,0
5837,Guatemala,320,MiddleAfrica,911,0,0,0,0,0,0,0,0,0,0,0,0,0,0,0,0,0,0,0,0,0
5838,Honduras,340,MiddleAfrica,911,0,0,0,0,0,0,0,0,0,0,0,0,0,0,0,0,0,0,0,0,0
5839,Mexico,484,MiddleAfrica,911,56,61,70,114,171,176,189,36,37,39,69,108,114,125,20,24,31,45,63,62,64
5840,Nicaragua,558,MiddleAfrica,911,21,17,29,42,44,47,48,15,12,20,28,30,32,34,6,5,9,14,14,15,14
5841,Panama,591,MiddleAfrica,911,0,0,0,0,0,0,0,0,0,0,0,0,0,0,0,0,0,0,0,0,0
5842,Argentina,32,MiddleAfrica,911,112,110,108,82,51,51,50,55,54,55,40,25,25,24,57,56,53,42,26,26,26
5843,BoliviaPlurinationalStateof,68,MiddleAfrica,911,23,19,13,48,80,98,100,16,10,7,36,62,73,79,7,9,6,12,18,25,21
5844,Brazil,76,MiddleAfrica,911,4868,5612,6355,6621,6864,9966,13027,2437,2994,3550,3573,3561,5548,7781,2431,2618,2805,3048,3303,4418,5246
5845,Chile,152,MiddleAfrica,911,0,0,0,0,0,0,0,0,0,0,0,0,0,0,0,0,0,0,0,0,0
5846,Colombia,170,MiddleAfrica,911,0,0,0,0,0,0,0,0,0,0,0,0,0,0,0,0,0,0,0,0,0
5847,Ecuador,218,MiddleAfrica,911,29,33,37,45,70,87,89,15,17,20,23,38,48,54,14,16,17,22,32,39,35
5848,FalklandIslandsMalvinas,238,MiddleAfrica,911,0,0,0,0,0,0,0,0,0,0,0,0,0,0,0,0,0,0,0,0,0
5849,FrenchGuiana,254,MiddleAfrica,911,0,0,0,0,0,0,0,0,0,0,0,0,0,0,0,0,0,0,0,0,0
5850,Guyana,328,MiddleAfrica,911,0,0,0,0,0,0,0,0,0,0,0,0,0,0,0,0,0,0,0,0,0
5851,Paraguay,600,MiddleAfrica,911,0,0,0,0,0,0,0,0,0,0,0,0,0,0,0,0,0,0,0,0,0
5852,Peru,604,MiddleAfrica,911,8,9,11,13,14,15,26,3,3,3,3,4,5,10,5,6,8,10,10,10,16
5853,Suriname,740,MiddleAfrica,911,0,0,0,0,0,0,0,0,0,0,0,0,0,0,0,0,0,0,0,0,0
5854,Uruguay,858,MiddleAfrica,911,0,0,0,0,0,0,0,0,0,0,0,0,0,0,0,0,0,0,0,0,0
5855,VenezuelaBolivarianRepublicof,862,MiddleAfrica,911,167,164,161,169,180,188,176,89,88,86,91,97,99,92,78,76,75,78,83,89,84
5856,Bermuda,60,MiddleAfrica,911,0,0,0,0,0,0,0,0,0,0,0,0,0,0,0,0,0,0,0,0,0
5857,Canada,124,MiddleAfrica,911,3411,9673,16168,24728,32640,53252,57690,1661,4672,7797,12201,16310,26176,28366,1750,5001,8371,12527,16330,27076,29324
5858,Greenland,304,MiddleAfrica,911,0,0,0,0,0,0,0,0,0,0,0,0,0,0,0,0,0,0,0,0,0
5859,SaintPierreandMiquelon,666,MiddleAfrica,911,0,0,0,0,0,0,0,0,0,0,0,0,0,0,0,0,0,0,0,0,0
5860,UnitedStatesofAmerica,840,MiddleAfrica,911,8800,15157,21653,40188,60439,88879,127677,4219,7531,10928,21228,31484,46345,65869,4581,7626,10725,18960,28955,42534,61808
5861,Australia,36,MiddleAfrica,911,808,871,1000,1730,4410,7040,8737,457,470,524,935,2325,3607,4459,351,401,476,795,2085,3433,4278
5862,NewZealand,554,MiddleAfrica,911,0,0,0,0,0,0,0,0,0,0,0,0,0,0,0,0,0,0,0,0,0
5863,Melanesia,928,MiddleAfrica,911,0,0,0,0,0,0,0,0,0,0,0,0,0,0,0,0,0,0,0,0,0
5864,Fiji,242,MiddleAfrica,911,0,0,0,0,0,0,0,0,0,0,0,0,0,0,0,0,0,0,0,0,0
5865,NewCaledonia,540,MiddleAfrica,911,0,0,0,0,0,0,0,0,0,0,0,0,0,0,0,0,0,0,0,0,0
5866,PapuaNewGuinea,598,MiddleAfrica,911,0,0,0,0,0,0,0,0,0,0,0,0,0,0,0,0,0,0,0,0,0
5867,SolomonIslands,90,MiddleAfrica,911,0,0,0,0,0,0,0,0,0,0,0,0,0,0,0,0,0,0,0,0,0
5868,Vanuatu,548,MiddleAfrica,911,0,0,0,0,0,0,0,0,0,0,0,0,0,0,0,0,0,0,0,0,0
5869,Micronesia,954,MiddleAfrica,911,0,0,0,0,0,0,0,0,0,0,0,0,0,0,0,0,0,0,0,0,0
5870,Guam,316,MiddleAfrica,911,0,0,0,0,0,0,0,0,0,0,0,0,0,0,0,0,0,0,0,0,0
5871,Kiribati,296,MiddleAfrica,911,0,0,0,0,0,0,0,0,0,0,0,0,0,0,0,0,0,0,0,0,0
5872,MarshallIslands,584,MiddleAfrica,911,0,0,0,0,0,0,0,0,0,0,0,0,0,0,0,0,0,0,0,0,0
5873,MicronesiaFedStatesof,583,MiddleAfrica,911,0,0,0,0,0,0,0,0,0,0,0,0,0,0,0,0,0,0,0,0,0
5874,Nauru,520,MiddleAfrica,911,0,0,0,0,0,0,0,0,0,0,0,0,0,0,0,0,0,0,0,0,0
5875,NorthernMarianaIslands,580,MiddleAfrica,911,0,0,0,0,0,0,0,0,0,0,0,0,0,0,0,0,0,0,0,0,0
5876,Palau,585,MiddleAfrica,911,0,0,0,0,0,0,0,0,0,0,0,0,0,0,0,0,0,0,0,0,0
5877,Polynesia,957,MiddleAfrica,911,0,0,0,0,0,0,0,0,0,0,0,0,0,0,0,0,0,0,0,0,0
5878,AmericanSamoa,16,MiddleAfrica,911,0,0,0,0,0,0,0,0,0,0,0,0,0,0,0,0,0,0,0,0,0
5879,CookIslands,184,MiddleAfrica,911,0,0,0,0,0,0,0,0,0,0,0,0,0,0,0,0,0,0,0,0,0
5880,FrenchPolynesia,258,MiddleAfrica,911,0,0,0,0,0,0,0,0,0,0,0,0,0,0,0,0,0,0,0,0,0
5881,Niue,570,MiddleAfrica,911,0,0,0,0,0,0,0,0,0,0,0,0,0,0,0,0,0,0,0,0,0
5882,Samoa,882,MiddleAfrica,911,0,0,0,0,0,0,0,0,0,0,0,0,0,0,0,0,0,0,0,0,0
5883,Tokelau,772,MiddleAfrica,911,0,0,0,0,0,0,0,0,0,0,0,0,0,0,0,0,0,0,0,0,0
5884,Tonga,776,MiddleAfrica,911,0,0,0,0,0,0,0,0,0,0,0,0,0,0,0,0,0,0,0,0,0
5885,Tuvalu,798,MiddleAfrica,911,0,0,0,0,0,0,0,0,0,0,0,0,0,0,0,0,0,0,0,0,0
5886,WallisandFutunaIslands,876,MiddleAfrica,911,0,0,0,0,0,0,0,0,0,0,0,0,0,0,0,0,0,0,0,0,0
5887,Burundi,108,WesternAsia,922,0,0,0,0,0,0,0,0,0,0,0,0,0,0,0,0,0,0,0,0,0
5888,Comoros,174,WesternAsia,922,0,0,0,0,0,0,0,0,0,0,0,0,0,0,0,0,0,0,0,0,0
5889,Djibouti,262,WesternAsia,922,289,236,238,219,242,6157,5322,139,114,115,113,117,2974,2595,150,122,123,106,125,3183,2727
5890,Eritrea,232,WesternAsia,922,0,0,0,0,0,0,0,0,0,0,0,0,0,0,0,0,0,0,0,0,0
5891,Ethiopia,231,WesternAsia,922,68,89,127,94,117,1324,2053,36,53,80,54,61,676,1035,32,36,47,40,56,648,1018
5892,Kenya,404,WesternAsia,922,0,0,0,0,0,0,0,0,0,0,0,0,0,0,0,0,0,0,0,0,0
5893,Madagascar,450,WesternAsia,922,0,0,0,0,0,0,0,0,0,0,0,0,0,0,0,0,0,0,0,0,0
5894,Malawi,454,WesternAsia,922,0,0,0,0,0,0,0,0,0,0,0,0,0,0,0,0,0,0,0,0,0
5895,Mauritius,480,WesternAsia,922,0,0,0,0,0,0,0,0,0,0,0,0,0,0,0,0,0,0,0,0,0
5896,Mayotte,175,WesternAsia,922,0,0,0,0,0,0,0,0,0,0,0,0,0,0,0,0,0,0,0,0,0
5897,Mozambique,508,WesternAsia,922,0,0,0,0,0,0,0,0,0,0,0,0,0,0,0,0,0,0,0,0,0
5898,Reunion,638,WesternAsia,922,0,0,0,0,0,0,0,0,0,0,0,0,0,0,0,0,0,0,0,0,0
5899,Rwanda,646,WesternAsia,922,0,0,0,0,0,0,0,0,0,0,0,0,0,0,0,0,0,0,0,0,0
5900,Seychelles,690,WesternAsia,922,0,0,0,0,0,0,0,0,0,0,0,0,0,0,0,0,0,0,0,0,0
5901,Somalia,706,WesternAsia,922,0,0,0,0,0,5883,13285,0,0,0,0,0,2991,7083,0,0,0,0,0,2892,6202
5902,SouthSudan,728,WesternAsia,922,0,0,0,0,0,0,0,0,0,0,0,0,0,0,0,0,0,0,0,0,0
5903,Uganda,800,WesternAsia,922,0,0,0,0,0,0,0,0,0,0,0,0,0,0,0,0,0,0,0,0,0
5904,UnitedRepublicofTanzania,834,WesternAsia,922,0,0,0,0,0,0,0,0,0,0,0,0,0,0,0,0,0,0,0,0,0
5905,Zambia,894,WesternAsia,922,0,0,0,0,0,0,0,0,0,0,0,0,0,0,0,0,0,0,0,0,0
5906,Zimbabwe,716,WesternAsia,922,0,0,0,0,0,0,0,0,0,0,0,0,0,0,0,0,0,0,0,0,0
5907,MiddleAfrica,911,WesternAsia,922,1156,1482,1916,1820,2558,3506,3722,768,980,1258,1256,1734,2463,2628,388,502,658,564,824,1043,1094
5908,Angola,24,WesternAsia,922,0,0,0,0,0,0,0,0,0,0,0,0,0,0,0,0,0,0,0,0,0
5909,Cameroon,120,WesternAsia,922,0,0,0,0,0,0,0,0,0,0,0,0,0,0,0,0,0,0,0,0,0
5910,CentralAfricanRepublic,140,WesternAsia,922,11,16,21,18,18,14,12,4,5,7,5,5,5,5,7,11,14,13,13,9,7
5911,Chad,148,WesternAsia,922,0,0,0,0,0,0,0,0,0,0,0,0,0,0,0,0,0,0,0,0,0
5912,Congo,178,WesternAsia,922,358,414,580,369,878,1167,1158,220,247,339,252,560,726,719,138,167,241,117,318,441,439
5913,DemocraticRepublicoftheCongo,180,WesternAsia,922,0,0,0,0,0,0,0,0,0,0,0,0,0,0,0,0,0,0,0,0,0
5914,EquatorialGuinea,226,WesternAsia,922,0,0,0,0,0,0,0,0,0,0,0,0,0,0,0,0,0,0,0,0,0
5915,Gabon,266,WesternAsia,922,787,1052,1315,1433,1662,2325,2552,544,728,912,999,1169,1732,1904,243,324,403,434,493,593,648
5916,SaoTomeandPrincipe,678,WesternAsia,922,0,0,0,0,0,0,0,0,0,0,0,0,0,0,0,0,0,0,0,0,0
5917,Algeria,12,WesternAsia,922,51403,52349,53290,42128,46288,53621,57054,27613,28489,29363,23213,24607,28468,30258,23790,23860,23927,18915,21681,25153,26796
5918,Egypt,818,WesternAsia,922,79772,82353,101472,158902,160912,233148,314478,41676,43464,53710,92639,91237,136577,169242,38096,38889,47762,66263,69675,96571,145236
5919,Libya,434,WesternAsia,922,224565,290582,361388,398279,437085,489411,522611,117681,174177,236289,285032,313799,350023,377263,106884,116405,125099,113247,123286,139388,145348
5920,Morocco,504,WesternAsia,922,3493,3206,3378,3585,3895,5628,6980,1849,1673,1736,1818,1966,2829,3603,1644,1533,1642,1767,1929,2799,3377
5921,Sudan,729,WesternAsia,922,0,0,0,0,0,0,0,0,0,0,0,0,0,0,0,0,0,0,0,0,0
5922,Tunisia,788,WesternAsia,922,964,1004,1180,1088,1692,2418,2646,480,506,605,562,874,1268,1405,484,498,575,526,818,1150,1241
5923,WesternSahara,732,WesternAsia,922,0,0,0,0,0,0,0,0,0,0,0,0,0,0,0,0,0,0,0,0,0
5924,Botswana,72,WesternAsia,922,0,0,0,0,0,0,0,0,0,0,0,0,0,0,0,0,0,0,0,0,0
5925,Eswatini,748,WesternAsia,922,0,0,0,0,0,0,0,0,0,0,0,0,0,0,0,0,0,0,0,0,0
5926,Lesotho,426,WesternAsia,922,0,0,0,0,0,0,0,0,0,0,0,0,0,0,0,0,0,0,0,0,0
5927,Namibia,516,WesternAsia,922,447,424,401,315,301,292,307,275,264,244,193,186,182,194,172,160,157,122,115,110,113
5928,SouthAfrica,710,WesternAsia,922,6632,5262,5481,7205,10482,13513,15681,3105,2693,2989,3780,5370,6900,8936,3527,2569,2492,3425,5112,6613,6745
5929,Benin,204,WesternAsia,922,0,0,0,0,0,0,0,0,0,0,0,0,0,0,0,0,0,0,0,0,0
5930,BurkinaFaso,854,WesternAsia,922,0,0,0,0,0,0,0,0,0,0,0,0,0,0,0,0,0,0,0,0,0
5931,CaboVerde,132,WesternAsia,922,0,0,0,0,0,0,0,0,0,0,0,0,0,0,0,0,0,0,0,0,0
5932,CotedIvoire,384,WesternAsia,922,0,0,0,0,0,0,0,0,0,0,0,0,0,0,0,0,0,0,0,0,0
5933,Gambia,270,WesternAsia,922,0,0,0,0,0,0,0,0,0,0,0,0,0,0,0,0,0,0,0,0,0
5934,Ghana,288,WesternAsia,922,586,584,653,919,899,1104,1264,329,353,370,545,544,669,771,257,231,283,374,355,435,493
5935,Guinea,324,WesternAsia,922,712,820,559,270,135,260,234,372,471,325,182,92,202,187,340,349,234,88,43,58,47
5936,GuineaBissau,624,WesternAsia,922,0,0,0,0,0,0,0,0,0,0,0,0,0,0,0,0,0,0,0,0,0
5937,Liberia,430,WesternAsia,922,4230,4133,4056,1852,871,999,771,2719,2454,2194,1297,623,712,554,1511,1679,1862,555,248,287,217
5938,Mali,466,WesternAsia,922,0,0,0,0,4722,5808,6812,0,0,0,0,2378,2923,3435,0,0,0,0,2344,2885,3377
5939,Mauritania,478,WesternAsia,922,807,859,884,896,668,1117,1469,348,419,480,500,396,658,871,459,440,404,396,272,459,598
5940,Niger,562,WesternAsia,922,0,0,0,0,0,0,0,0,0,0,0,0,0,0,0,0,0,0,0,0,0
5941,Nigeria,566,WesternAsia,922,0,0,0,0,0,0,0,0,0,0,0,0,0,0,0,0,0,0,0,0,0
5942,SaintHelena,654,WesternAsia,922,0,0,0,0,0,0,0,0,0,0,0,0,0,0,0,0,0,0,0,0,0
5943,Senegal,686,WesternAsia,922,2088,2182,2045,2159,2377,2536,2703,1143,1189,1103,1182,1331,1420,1510,945,993,942,977,1046,1116,1193
5944,SierraLeone,694,WesternAsia,922,2090,2066,2083,749,680,617,586,1051,1064,1038,460,419,378,360,1039,1002,1045,289,261,239,226
5945,Togo,768,WesternAsia,922,0,0,0,0,0,0,0,0,0,0,0,0,0,0,0,0,0,0,0,0,0
5946,Kazakhstan,398,WesternAsia,922,66850,72974,79096,90173,101248,107690,113332,35755,38571,41387,48322,55258,59576,62701,31095,34403,37709,41851,45990,48114,50631
5947,Kyrgyzstan,417,WesternAsia,922,33020,26994,20229,16698,12918,11379,11073,14480,12564,10267,8427,6434,5635,5486,18540,14430,9962,8271,6484,5744,5587
5948,Tajikistan,762,WesternAsia,922,2715,2262,2020,1945,1937,1901,1896,1197,1109,1008,972,969,947,952,1518,1153,1012,973,968,954,944
5949,Turkmenistan,795,WesternAsia,922,23047,18826,15261,15136,14687,14767,14654,10408,9432,7416,7435,6929,7171,7227,12639,9394,7845,7701,7758,7596,7427
5950,Uzbekistan,860,WesternAsia,922,32474,31389,30242,29543,27651,26227,26025,16214,15500,14795,14857,14325,13809,13739,16260,15889,15447,14686,13326,12418,12286
5951,China,156,WesternAsia,922,0,0,0,0,0,0,0,0,0,0,0,0,0,0,0,0,0,0,0,0,0
5952,DemPeoplesRepublicofKorea,408,WesternAsia,922,0,0,0,0,0,0,0,0,0,0,0,0,0,0,0,0,0,0,0,0,0
5953,Japan,392,WesternAsia,922,0,0,0,0,0,0,0,0,0,0,0,0,0,0,0,0,0,0,0,0,0
5954,Mongolia,496,WesternAsia,922,109,120,133,148,180,222,236,62,72,82,85,104,103,110,47,48,51,63,76,119,126
5955,RepublicofKorea,410,WesternAsia,922,0,0,0,0,0,0,0,0,0,0,0,0,0,0,0,0,0,0,0,0,0
5956,BruneiDarussalam,96,WesternAsia,922,0,0,0,0,0,0,0,0,0,0,0,0,0,0,0,0,0,0,0,0,0
5957,Cambodia,116,WesternAsia,922,0,0,0,0,0,0,0,0,0,0,0,0,0,0,0,0,0,0,0,0,0
5958,Indonesia,360,WesternAsia,922,13860,9169,4480,9391,14908,16502,17346,6657,4529,2400,5576,8698,9778,10266,7203,4640,2080,3815,6210,6724,7080
5959,LaoPeoplesDemocraticRepublic,418,WesternAsia,922,0,0,0,0,0,0,0,0,0,0,0,0,0,0,0,0,0,0,0,0,0
5960,Malaysia,458,WesternAsia,922,32,72,138,351,686,1244,1318,18,42,81,212,385,720,778,14,30,57,139,301,524,540
5961,Myanmar,104,WesternAsia,922,0,0,0,0,0,0,0,0,0,0,0,0,0,0,0,0,0,0,0,0,0
5962,Philippines,608,WesternAsia,922,1053,1411,12180,9853,3986,4046,4290,738,984,6184,5082,2139,2173,2319,315,427,5996,4771,1847,1873,1971
5963,Singapore,702,WesternAsia,922,0,0,0,0,0,0,0,0,0,0,0,0,0,0,0,0,0,0,0,0,0
5964,Thailand,764,WesternAsia,922,0,17,40,62,92,98,101,0,9,19,31,46,50,52,0,8,21,31,46,48,49
5965,TimorLeste,626,WesternAsia,922,0,0,0,0,0,0,0,0,0,0,0,0,0,0,0,0,0,0,0,0,0
5966,VietNam,704,WesternAsia,922,0,0,0,0,0,0,0,0,0,0,0,0,0,0,0,0,0,0,0,0,0
5967,Afghanistan,4,WesternAsia,922,0,0,0,0,0,0,0,0,0,0,0,0,0,0,0,0,0,0,0,0,0
5968,Bangladesh,50,WesternAsia,922,89,10375,20661,24592,28471,30160,29574,49,5603,11157,13280,15375,16287,9136,40,4772,9504,11312,13096,13873,20438
5969,Bhutan,64,WesternAsia,922,0,0,0,0,0,0,0,0,0,0,0,0,0,0,0,0,0,0,0,0,0
5970,India,356,WesternAsia,922,34390,31353,28314,54865,75161,70034,65499,16680,15474,14268,31072,38929,35639,32780,17710,15879,14046,23793,36232,34395,32719
5971,IranIslamicRepublicof,364,WesternAsia,922,292138,259713,210255,132117,109980,76574,60606,149676,131345,112583,70140,58725,42108,33288,142462,128368,97672,61977,51255,34466,27318
5972,Maldives,462,WesternAsia,922,7,7,8,8,9,10,9,4,4,5,5,7,9,9,3,3,3,3,2,1,0
5973,Nepal,524,WesternAsia,922,0,0,0,0,0,0,0,0,0,0,0,0,0,0,0,0,0,0,0,0,0
5974,Pakistan,586,WesternAsia,922,894,466,586,289,287,251,233,459,240,310,151,149,125,123,435,226,276,138,138,126,110
5975,SriLanka,144,WesternAsia,922,77,911,1766,3505,7078,7261,7342,40,723,1206,1718,3531,3607,3685,37,188,560,1787,3547,3654,3657
5976,WesternAsia,922,WesternAsia,922,4047886,4697608,5194390,6096477,7874073,12158238,13938039,2081204,2406198,2682221,3212672,4274781,6759782,7743124,1966682,2291410,2512169,2883805,3599292,5398456,6194915
5977,Armenia,51,WesternAsia,922,472415,594900,579292,412309,161544,136968,136372,198350,248023,240529,169130,66224,56725,57185,274065,346877,338763,243179,95320,80243,79187
5978,Azerbaijan,31,WesternAsia,922,275246,269141,252668,231040,211523,201765,192594,127907,120272,112670,109553,104334,101727,97219,147339,148869,139998,121487,107189,100038,95375
5979,Bahrain,48,WesternAsia,922,17213,19735,22323,34255,53755,58274,75499,11663,13142,14575,22242,34851,38570,50805,5550,6593,7748,12013,18904,19704,24694
5980,Cyprus,196,WesternAsia,922,6327,8951,11565,17389,30441,31082,36459,3680,5051,6423,9553,17081,16472,19549,2647,3900,5142,7836,13360,14610,16910
5981,Georgia,268,WesternAsia,922,12405,10243,18545,17615,17789,18676,19322,5679,4972,9046,8593,8678,9111,9458,6726,5271,9499,9022,9111,9565,9864
5982,Iraq,368,WesternAsia,922,31799,110756,126460,68989,53181,296822,302642,21241,64521,81744,44393,34619,167789,161199,10558,46235,44716,24596,18562,129033,141443
5983,Israel,376,WesternAsia,922,197677,202247,195492,176756,160164,165181,160395,96180,96601,92746,83214,74502,76404,74195,101497,105646,102746,93542,85662,88777,86200
5984,Jordan,400,WesternAsia,922,940341,1249670,1559054,2034993,2532392,2983153,3218801,453587,603641,753122,1009899,1253208,1497833,1630923,486754,646029,805932,1025094,1279184,1485320,1587878
5985,Kuwait,414,WesternAsia,922,96223,80312,95606,108533,148748,203609,220928,52681,47136,60273,67296,91747,115348,125136,43542,33176,35333,41237,57001,88261,95792
5986,Lebanon,422,WesternAsia,922,429447,477754,526058,600704,675490,1815270,1624162,207149,230274,253404,294835,336185,873292,796430,222298,247480,272654,305869,339305,941978,827732
5987,Oman,512,WesternAsia,922,7759,18706,24401,20479,19871,45186,57750,4525,11176,15506,12648,12189,30349,38798,3234,7530,8895,7831,7682,14837,18952
5988,Qatar,634,WesternAsia,922,94577,106409,102383,75967,111186,110994,130190,60523,71391,71798,51951,87211,88757,102562,34054,35018,30585,24016,23975,22237,27628
5989,SaudiArabia,682,WesternAsia,922,782208,790753,788722,967095,1251978,1596215,1993875,477877,486661,488773,620970,827455,1031357,1273753,304331,304092,299949,346125,424523,564858,720122
5990,StateofPalestine,275,WesternAsia,922,238579,233144,227714,227144,217263,217991,219689,108928,105813,102697,102735,94275,94825,96765,129651,127331,125017,124409,122988,123166,122924
5991,SyrianArabRepublic,760,WesternAsia,922,248532,292500,387028,780766,1606427,768640,799360,127144,147357,197376,398898,818473,391096,396058,121388,145143,189652,381868,787954,377544,403302
5992,Turkey,792,WesternAsia,922,62593,58518,55729,57069,64082,2899551,4087484,33043,30460,28538,28597,31894,1760934,2366835,29550,28058,27191,28472,32188,1138617,1720649
5993,UnitedArabEmirates,784,WesternAsia,922,124802,163058,210756,252673,541184,591360,644691,85640,113486,147305,171315,372834,400149,436090,39162,49572,63451,81358,168350,191211,208601
5994,Yemen,887,WesternAsia,922,9743,10811,10594,12701,17055,17501,17826,5407,6221,5696,6850,9021,9044,10164,4336,4590,4898,5851,8034,8457,7662
5995,EasternEurope,923,WesternAsia,922,2431396,2388180,2272936,2163036,2023156,2100238,2113793,1194616,1266911,1301668,1227346,1137125,1182214,1188517,1236780,1121269,971268,935690,886031,918024,925276
5996,Belarus,112,WesternAsia,922,32481,30962,29437,29013,28584,28374,27944,18798,17982,17164,16912,16658,16544,16298,13683,12980,12273,12101,11926,11830,11646
5997,Bulgaria,100,WesternAsia,922,3234,4756,6268,9217,12296,34510,42521,2035,3013,3988,5991,8165,22404,26242,1199,1743,2280,3226,4131,12106,16279
5998,Czechia,203,WesternAsia,922,797,1195,1590,4526,7024,8921,12839,563,854,1145,3017,4662,5827,8455,234,341,445,1509,2362,3094,4384
5999,Hungary,348,WesternAsia,922,4402,5136,5859,7762,8868,28373,14539,2675,3271,3862,5166,5937,20292,9719,1727,1865,1997,2596,2931,8081,4820
6000,Poland,616,WesternAsia,922,5766,4924,4214,5275,6822,6196,8256,3985,3386,2874,3565,4465,4194,5855,1781,1538,1340,1710,2357,2002,2401
6001,RepublicofMoldova,498,WesternAsia,922,8308,5608,3786,2616,2313,2344,2299,5031,3338,2212,1507,1360,1401,1377,3277,2270,1574,1109,953,943,922
6002,Romania,642,WesternAsia,922,4132,8767,13683,14024,12490,12595,23384,2804,5998,9375,9654,9160,9542,16678,1328,2769,4308,4370,3330,3053,6706
6003,RussianFederation,643,WesternAsia,922,2159753,2101580,1967205,1870014,1734349,1767435,1766441,1059818,1110678,1121630,1053725,964631,979105,978572,1099935,990902,845575,816289,769718,788330,787869
6004,Slovakia,703,WesternAsia,922,179,518,1015,1408,1282,1667,2250,132,382,735,962,933,1225,1602,47,136,280,446,349,442,648
6005,Ukraine,804,WesternAsia,922,212344,224734,239879,219181,209128,209823,213320,98775,118009,138683,126847,121154,121680,123719,113569,106725,101196,92334,87974,88143,89601
6006,ChannelIslands,830,WesternAsia,922,0,0,0,0,0,0,0,0,0,0,0,0,0,0,0,0,0,0,0,0,0
6007,Denmark,208,WesternAsia,922,32884,47250,61611,70245,73381,85574,112462,18772,26163,33554,37857,39369,46997,60836,14112,21087,28057,32388,34012,38577,51626
6008,Estonia,233,WesternAsia,922,5122,4363,3604,3762,4086,4189,5164,2965,2489,2015,2084,2285,2373,3002,2157,1874,1589,1678,1801,1816,2162
6009,FaroeIslands,234,WesternAsia,922,0,0,0,0,0,0,0,0,0,0,0,0,0,0,0,0,0,0,0,0,0
6010,Finland,246,WesternAsia,922,1363,3593,5814,10687,13615,31102,35964,1035,2464,3892,7085,8919,19890,22775,328,1129,1922,3602,4696,11212,13189
6011,Iceland,352,WesternAsia,922,71,107,133,197,249,320,899,45,64,81,116,144,188,562,26,43,52,81,105,132,337
6012,Ireland,372,WesternAsia,922,593,1653,3627,3716,3193,3654,6513,354,959,2152,2288,1865,2114,3846,239,694,1475,1428,1328,1540,2667
6013,IsleofMan,833,WesternAsia,922,0,0,0,0,0,0,0,0,0,0,0,0,0,0,0,0,0,0,0,0,0
6014,Latvia,428,WesternAsia,922,3742,5047,6359,5907,5315,4275,4559,2404,3099,3797,3527,3133,2479,2737,1338,1948,2562,2380,2182,1796,1822
6015,Lithuania,440,WesternAsia,922,5252,3960,3099,3084,2658,2365,2649,3452,2651,2075,2045,1683,1499,1542,1800,1309,1024,1039,975,866,1107
6016,Norway,578,WesternAsia,922,7159,10711,17413,29398,39813,56022,78989,4563,6386,10292,17036,22748,32334,45053,2596,4325,7121,12362,17065,23688,33936
6017,Sweden,752,WesternAsia,922,96198,114162,122437,155855,218375,320742,460519,52822,62296,66446,83782,118348,176710,254724,43376,51866,55991,72073,100027,144032,205795
6018,UnitedKingdom,826,WesternAsia,922,152048,188116,227364,289214,305336,349394,373209,83215,103051,124398,160017,171735,190005,203185,68833,85065,102966,129197,133601,159389,170024
6019,Albania,8,WesternAsia,922,2489,2690,2892,2441,1990,1961,1838,1633,1771,1909,1674,1365,1345,1262,856,919,983,767,625,616,576
6020,Andorra,20,WesternAsia,922,0,0,0,0,0,0,0,0,0,0,0,0,0,0,0,0,0,0,0,0,0
6021,BosniaandHerzegovina,70,WesternAsia,922,0,0,0,0,0,0,0,0,0,0,0,0,0,0,0,0,0,0,0,0,0
6022,Croatia,191,WesternAsia,922,0,0,0,291,576,579,531,0,0,0,230,457,460,425,0,0,0,61,119,119,106
6023,Gibraltar,292,WesternAsia,922,0,0,0,0,0,0,0,0,0,0,0,0,0,0,0,0,0,0,0,0,0
6024,Greece,300,WesternAsia,922,152329,172866,196242,185174,185674,173625,226166,84695,87653,90506,84898,86287,72391,104686,67634,85213,105736,100276,99387,101234,121480
6025,HolySee,336,WesternAsia,922,0,0,0,0,0,0,0,0,0,0,0,0,0,0,0,0,0,0,0,0,0
6026,Italy,380,WesternAsia,922,29983,27966,25941,43945,60993,66960,74989,18812,16876,14942,23444,32472,33331,38376,11171,11090,10999,20501,28521,33629,36613
6027,Malta,470,WesternAsia,922,343,410,511,620,802,2438,5287,234,278,355,421,549,1397,3213,109,132,156,199,253,1041,2074
6028,Montenegro,499,WesternAsia,922,0,0,0,0,79,87,86,0,0,0,0,4,4,5,0,0,0,0,75,83,81
6029,NorthMacedonia,807,WesternAsia,922,11417,13247,18717,19250,19770,19922,20011,4760,5556,7802,8026,9250,8700,8740,6657,7691,10915,11224,10520,11222,11271
6030,Portugal,620,WesternAsia,922,168,361,581,1309,1827,2068,3865,117,248,391,943,1341,1490,2528,51,113,190,366,486,578,1337
6031,SanMarino,674,WesternAsia,922,0,0,0,0,0,0,0,0,0,0,0,0,0,0,0,0,0,0,0,0,0
6032,Serbia,688,WesternAsia,922,176,1149,1571,1556,1526,1486,1492,113,709,953,938,915,894,909,63,440,618,618,611,592,583
6033,Slovenia,705,WesternAsia,922,33,65,225,256,397,466,917,18,46,164,190,283,329,609,15,19,61,66,114,137,308
6034,Spain,724,WesternAsia,922,6677,8401,15439,28454,39947,41417,67413,4716,5825,10491,18398,24314,23575,38453,1961,2576,4948,10056,15633,17842,28960
6035,Austria,40,WesternAsia,922,100844,113729,126693,150982,177144,216656,245432,54029,61821,69607,81945,95123,120947,133516,46815,51908,57086,69037,82021,95709,111916
6036,Belgium,56,WesternAsia,922,200241,173479,141100,109591,115194,135891,179402,102147,88229,70014,55114,61296,73985,98835,98094,85250,71086,54477,53898,61906,80567
6037,France,250,WesternAsia,922,318348,328643,338926,327960,390473,432690,481298,172978,176044,179107,176923,205356,221947,247642,145370,152599,159819,151037,185117,210743,233656
6038,Germany,276,WesternAsia,922,1559088,1762778,1794836,1551709,1586773,1776541,2980640,861468,955261,991403,848794,850874,957812,1628355,697620,807517,803433,702915,735899,818729,1352285
6039,Liechtenstein,438,WesternAsia,922,820,997,1158,870,605,643,644,438,515,577,439,312,335,328,382,482,581,431,293,308,316
6040,Luxembourg,442,WesternAsia,922,271,255,246,231,223,339,5735,141,131,120,121,124,191,3263,130,124,126,110,99,148,2472
6041,Monaco,492,WesternAsia,922,0,0,0,0,0,0,0,0,0,0,0,0,0,0,0,0,0,0,0,0,0
6042,Netherlands,528,WesternAsia,922,150366,182772,221470,255401,261682,277435,360211,81858,99377,120069,136503,139267,147078,191849,68508,83395,101401,118898,122415,130357,168362
6043,Switzerland,756,WesternAsia,922,64318,69629,75212,84303,99225,114744,130871,36949,40628,44535,48133,54261,62522,70868,27369,29001,30677,36170,44964,52222,60003
6044,Anguilla,660,WesternAsia,922,0,0,0,0,0,0,0,0,0,0,0,0,0,0,0,0,0,0,0,0,0
6045,AntiguaandBarbuda,28,WesternAsia,922,188,217,245,264,281,299,310,90,104,119,128,137,145,151,98,113,126,136,144,154,159
6046,Aruba,533,WesternAsia,922,115,63,11,11,11,10,11,110,59,8,8,8,7,7,5,4,3,3,3,3,4
6047,Bahamas,44,WesternAsia,922,0,0,0,0,0,0,0,0,0,0,0,0,0,0,0,0,0,0,0,0,0
6048,Barbados,52,WesternAsia,922,0,0,0,0,0,0,0,0,0,0,0,0,0,0,0,0,0,0,0,0,0
6049,BritishVirginIslands,92,WesternAsia,922,12,14,16,19,21,24,27,9,10,12,14,16,19,22,3,4,4,5,5,5,5
6050,CaymanIslands,136,WesternAsia,922,3,7,13,12,12,12,12,1,1,2,2,2,3,2,2,6,11,10,10,9,10
6051,Cuba,192,WesternAsia,922,123,94,65,42,26,14,9,69,51,33,24,17,10,6,54,43,32,18,9,4,3
6052,CuraÃao,531,WesternAsia,922,0,0,0,0,233,252,293,0,0,0,0,153,167,197,0,0,0,0,80,85,96
6053,Dominica,212,WesternAsia,922,18,24,29,35,43,50,48,13,17,20,26,33,38,38,5,7,9,9,10,12,10
6054,DominicanRepublic,214,WesternAsia,922,1290,1436,1576,959,342,348,356,822,902,980,608,232,244,250,468,534,596,351,110,104,106
6055,Grenada,308,WesternAsia,922,0,0,0,0,0,0,0,0,0,0,0,0,0,0,0,0,0,0,0,0,0
6056,Guadeloupe,312,WesternAsia,922,238,319,398,465,530,507,501,114,150,185,214,242,219,215,124,169,213,251,288,288,286
6057,Haiti,332,WesternAsia,922,0,0,0,0,0,0,0,0,0,0,0,0,0,0,0,0,0,0,0,0,0
6058,Jamaica,388,WesternAsia,922,0,0,0,0,0,0,0,0,0,0,0,0,0,0,0,0,0,0,0,0,0
6059,Martinique,474,WesternAsia,922,68,102,137,143,150,174,172,33,47,62,63,65,73,72,35,55,75,80,85,101,100
6060,Montserrat,500,WesternAsia,922,0,0,0,0,0,0,0,0,0,0,0,0,0,0,0,0,0,0,0,0,0
6061,PuertoRico,630,WesternAsia,922,339,356,379,295,178,174,72,161,171,181,142,83,83,36,178,185,198,153,95,91,36
6062,SaintBarthelemy,652,WesternAsia,922,0,0,0,0,0,0,0,0,0,0,0,0,0,0,0,0,0,0,0,0,0
6063,SaintKittsandNevis,659,WesternAsia,922,0,0,0,0,0,0,0,0,0,0,0,0,0,0,0,0,0,0,0,0,0
6064,SaintLucia,662,WesternAsia,922,16,21,30,90,144,137,130,10,15,20,69,111,106,102,6,6,10,21,33,31,28
6065,SaintMartinFrenchpart,663,WesternAsia,922,0,0,0,0,0,0,0,0,0,0,0,0,0,0,0,0,0,0,0,0,0
6066,SaintVincentandtheGrenadines,670,WesternAsia,922,0,0,0,0,0,0,0,0,0,0,0,0,0,0,0,0,0,0,0,0,0
6067,SintMaartenDutchpart,534,WesternAsia,922,0,0,0,154,308,321,338,0,0,0,93,186,194,205,0,0,0,61,122,127,133
6068,TrinidadandTobago,780,WesternAsia,922,0,0,0,0,0,0,0,0,0,0,0,0,0,0,0,0,0,0,0,0,0
6069,TurksandCaicosIslands,796,WesternAsia,922,0,0,0,0,0,0,0,0,0,0,0,0,0,0,0,0,0,0,0,0,0
6070,UnitedStatesVirginIslands,850,WesternAsia,922,0,0,0,0,0,0,0,0,0,0,0,0,0,0,0,0,0,0,0,0,0
6071,CentralAmerica,916,WesternAsia,922,5783,5998,6586,5839,6038,6838,7732,3285,3434,3810,3486,3781,4307,4963,2498,2564,2776,2353,2257,2531,2769
6072,Belize,84,WesternAsia,922,35,37,38,42,46,54,60,26,27,28,30,33,39,44,9,10,10,12,13,15,16
6073,CostaRica,188,WesternAsia,922,273,216,264,185,359,348,412,177,142,174,113,230,229,280,96,74,90,72,129,119,132
6074,ElSalvador,222,WesternAsia,922,252,181,109,98,85,89,89,112,79,46,40,33,35,35,140,102,63,58,52,54,54
6075,Guatemala,320,WesternAsia,922,210,213,211,255,294,323,353,96,111,124,155,185,204,231,114,102,87,100,109,119,122
6076,Honduras,340,WesternAsia,922,215,214,211,208,203,284,287,126,122,118,117,116,164,166,89,92,93,91,87,120,121
6077,Mexico,484,WesternAsia,922,3843,4020,4380,3457,2933,3273,3575,2129,2223,2425,1992,1789,2005,2208,1714,1797,1955,1465,1144,1268,1367
6078,Nicaragua,558,WesternAsia,922,26,22,35,51,53,56,56,16,13,18,22,23,25,27,10,9,17,29,30,31,29
6079,Panama,591,WesternAsia,922,929,1095,1338,1543,2065,2411,2900,603,717,877,1017,1372,1606,1972,326,378,461,526,693,805,928
6080,Argentina,32,WesternAsia,922,13926,10988,8053,5991,3905,3918,3948,6903,5487,4077,3038,2001,2007,2036,7023,5501,3976,2953,1904,1911,1912
6081,BoliviaPlurinationalStateof,68,WesternAsia,922,221,259,285,288,281,340,354,131,158,182,181,179,211,230,90,101,103,107,102,129,124
6082,Brazil,76,WesternAsia,922,25589,23745,21898,20257,18728,23083,29346,15065,14079,13093,12409,11825,14472,18375,10524,9666,8805,7848,6903,8611,10971
6083,Chile,152,WesternAsia,922,0,0,0,0,0,0,0,0,0,0,0,0,0,0,0,0,0,0,0,0,0
6084,Colombia,170,WesternAsia,922,0,0,0,0,0,0,0,0,0,0,0,0,0,0,0,0,0,0,0,0,0
6085,Ecuador,218,WesternAsia,922,456,513,566,680,1077,1356,1544,291,326,360,434,683,846,1010,165,187,206,246,394,510,534
6086,FalklandIslandsMalvinas,238,WesternAsia,922,0,0,0,0,0,0,0,0,0,0,0,0,0,0,0,0,0,0,0,0,0
6087,FrenchGuiana,254,WesternAsia,922,0,0,0,0,0,0,0,0,0,0,0,0,0,0,0,0,0,0,0,0,0
6088,Guyana,328,WesternAsia,922,0,0,0,0,0,0,0,0,0,0,0,0,0,0,0,0,0,0,0,0,0
6089,Paraguay,600,WesternAsia,922,0,0,0,0,0,0,0,0,0,0,0,0,0,0,0,0,0,0,0,0,0
6090,Peru,604,WesternAsia,922,441,447,527,621,691,730,1346,277,275,324,382,425,458,853,164,172,203,239,266,272,493
6091,Suriname,740,WesternAsia,922,0,0,0,0,0,0,0,0,0,0,0,0,0,0,0,0,0,0,0,0,0
6092,Uruguay,858,WesternAsia,922,0,0,0,0,0,0,0,0,0,0,0,0,0,0,0,0,0,0,0,0,0
6093,VenezuelaBolivarianRepublicof,862,WesternAsia,922,24552,23742,22863,23834,25136,26229,24713,15077,14502,13867,14588,15526,16065,14995,9475,9240,8996,9246,9610,10164,9718
6094,Bermuda,60,WesternAsia,922,41,67,79,53,23,22,15,25,45,56,34,11,12,8,16,22,23,19,12,10,7
6095,Canada,124,WesternAsia,922,119130,154169,192876,234715,276945,363171,393489,57995,74622,93046,120140,147038,189249,205062,61135,79547,99830,114575,129907,173922,188427
6096,Greenland,304,WesternAsia,922,0,0,0,0,0,0,0,0,0,0,0,0,0,0,0,0,0,0,0,0,0
6097,SaintPierreandMiquelon,666,WesternAsia,922,0,0,0,0,0,0,0,0,0,0,0,0,0,0,0,0,0,0,0,0,0
6098,UnitedStatesofAmerica,840,WesternAsia,922,457509,575757,696059,775088,879987,1381792,1226048,239667,305554,372985,407843,454484,672811,608165,217842,270203,323074,367245,425503,708981,617883
6099,Australia,36,WesternAsia,922,165803,178911,192300,220079,259080,296080,351410,87731,94223,101213,115719,137346,155670,184865,78072,84688,91087,104360,121734,140410,166545
6100,NewZealand,554,WesternAsia,922,1018,1890,4967,6359,7060,7649,7872,558,1094,2416,3087,3422,3700,3809,460,796,2551,3272,3638,3949,4063
6101,Melanesia,928,WesternAsia,922,0,0,0,0,0,0,0,0,0,0,0,0,0,0,0,0,0,0,0,0,0
6102,Fiji,242,WesternAsia,922,0,0,0,0,0,0,0,0,0,0,0,0,0,0,0,0,0,0,0,0,0
6103,NewCaledonia,540,WesternAsia,922,0,0,0,0,0,0,0,0,0,0,0,0,0,0,0,0,0,0,0,0,0
6104,PapuaNewGuinea,598,WesternAsia,922,0,0,0,0,0,0,0,0,0,0,0,0,0,0,0,0,0,0,0,0,0
6105,SolomonIslands,90,WesternAsia,922,0,0,0,0,0,0,0,0,0,0,0,0,0,0,0,0,0,0,0,0,0
6106,Vanuatu,548,WesternAsia,922,0,0,0,0,0,0,0,0,0,0,0,0,0,0,0,0,0,0,0,0,0
6107,Micronesia,954,WesternAsia,922,0,0,0,0,0,0,0,0,0,0,0,0,0,0,0,0,0,0,0,0,0
6108,Guam,316,WesternAsia,922,0,0,0,0,0,0,0,0,0,0,0,0,0,0,0,0,0,0,0,0,0
6109,Kiribati,296,WesternAsia,922,0,0,0,0,0,0,0,0,0,0,0,0,0,0,0,0,0,0,0,0,0
6110,MarshallIslands,584,WesternAsia,922,0,0,0,0,0,0,0,0,0,0,0,0,0,0,0,0,0,0,0,0,0
6111,MicronesiaFedStatesof,583,WesternAsia,922,0,0,0,0,0,0,0,0,0,0,0,0,0,0,0,0,0,0,0,0,0
6112,Nauru,520,WesternAsia,922,0,0,0,0,0,0,0,0,0,0,0,0,0,0,0,0,0,0,0,0,0
6113,NorthernMarianaIslands,580,WesternAsia,922,0,0,0,0,0,0,0,0,0,0,0,0,0,0,0,0,0,0,0,0,0
6114,Palau,585,WesternAsia,922,0,0,0,0,0,0,0,0,0,0,0,0,0,0,0,0,0,0,0,0,0
6115,Polynesia,957,WesternAsia,922,0,0,0,0,0,0,0,0,0,0,0,0,0,0,0,0,0,0,0,0,0
6116,AmericanSamoa,16,WesternAsia,922,0,0,0,0,0,0,0,0,0,0,0,0,0,0,0,0,0,0,0,0,0
6117,CookIslands,184,WesternAsia,922,0,0,0,0,0,0,0,0,0,0,0,0,0,0,0,0,0,0,0,0,0
6118,FrenchPolynesia,258,WesternAsia,922,0,0,0,0,0,0,0,0,0,0,0,0,0,0,0,0,0,0,0,0,0
6119,Niue,570,WesternAsia,922,0,0,0,0,0,0,0,0,0,0,0,0,0,0,0,0,0,0,0,0,0
6120,Samoa,882,WesternAsia,922,0,0,0,0,0,0,0,0,0,0,0,0,0,0,0,0,0,0,0,0,0
6121,Tokelau,772,WesternAsia,922,0,0,0,0,0,0,0,0,0,0,0,0,0,0,0,0,0,0,0,0,0
6122,Tonga,776,WesternAsia,922,0,0,0,0,0,0,0,0,0,0,0,0,0,0,0,0,0,0,0,0,0
6123,Tuvalu,798,WesternAsia,922,0,0,0,0,0,0,0,0,0,0,0,0,0,0,0,0,0,0,0,0,0
6124,WallisandFutunaIslands,876,WesternAsia,922,0,0,0,0,0,0,0,0,0,0,0,0,0,0,0,0,0,0,0,0,0
6125,Burundi,108,EasternEurope,923,0,0,0,0,0,0,0,0,0,0,0,0,0,0,0,0,0,0,0,0,0
6126,Comoros,174,EasternEurope,923,0,0,0,0,0,0,0,0,0,0,0,0,0,0,0,0,0,0,0,0,0
6127,Djibouti,262,EasternEurope,923,0,0,0,0,0,0,0,0,0,0,0,0,0,0,0,0,0,0,0,0,0
6128,Eritrea,232,EasternEurope,923,0,0,0,0,0,0,0,0,0,0,0,0,0,0,0,0,0,0,0,0,0
6129,Ethiopia,231,EasternEurope,923,0,0,0,0,0,0,0,0,0,0,0,0,0,0,0,0,0,0,0,0,0
6130,Kenya,404,EasternEurope,923,0,0,0,0,0,0,0,0,0,0,0,0,0,0,0,0,0,0,0,0,0
6131,Madagascar,450,EasternEurope,923,0,0,0,0,0,0,0,0,0,0,0,0,0,0,0,0,0,0,0,0,0
6132,Malawi,454,EasternEurope,923,0,0,0,0,0,0,0,0,0,0,0,0,0,0,0,0,0,0,0,0,0
6133,Mauritius,480,EasternEurope,923,34,28,38,39,43,49,48,9,10,12,14,18,22,22,25,18,26,25,25,27,26
6134,Mayotte,175,EasternEurope,923,0,0,0,0,0,0,0,0,0,0,0,0,0,0,0,0,0,0,0,0,0
6135,Mozambique,508,EasternEurope,923,0,0,0,0,0,0,0,0,0,0,0,0,0,0,0,0,0,0,0,0,0
6136,Reunion,638,EasternEurope,923,0,0,0,0,0,0,0,0,0,0,0,0,0,0,0,0,0,0,0,0,0
6137,Rwanda,646,EasternEurope,923,0,0,0,0,0,0,0,0,0,0,0,0,0,0,0,0,0,0,0,0,0
6138,Seychelles,690,EasternEurope,923,79,45,11,48,86,96,97,33,19,5,18,32,39,41,46,26,6,30,54,57,56
6139,Somalia,706,EasternEurope,923,0,0,0,0,0,0,0,0,0,0,0,0,0,0,0,0,0,0,0,0,0
6140,SouthSudan,728,EasternEurope,923,0,0,0,0,0,0,0,0,0,0,0,0,0,0,0,0,0,0,0,0,0
6141,Uganda,800,EasternEurope,923,305,288,288,278,279,280,260,142,130,119,113,112,111,102,163,158,169,165,167,169,158
6142,UnitedRepublicofTanzania,834,EasternEurope,923,0,0,0,0,0,0,0,0,0,0,0,0,0,0,0,0,0,0,0,0,0
6143,Zambia,894,EasternEurope,923,0,0,0,0,0,0,0,0,0,0,0,0,0,0,0,0,0,0,0,0,0
6144,Zimbabwe,716,EasternEurope,923,0,0,0,0,0,0,0,0,0,0,0,0,0,0,0,0,0,0,0,0,0
6145,MiddleAfrica,911,EasternEurope,923,953,1106,1487,976,2097,2712,2701,385,427,544,490,902,1092,1080,568,679,943,486,1195,1620,1621
6146,Angola,24,EasternEurope,923,0,0,0,0,0,0,0,0,0,0,0,0,0,0,0,0,0,0,0,0,0
6147,Cameroon,120,EasternEurope,923,0,0,0,0,0,0,0,0,0,0,0,0,0,0,0,0,0,0,0,0,0
6148,CentralAfricanRepublic,140,EasternEurope,923,163,193,207,162,159,136,143,81,102,114,89,88,74,77,82,91,93,73,71,62,66
6149,Chad,148,EasternEurope,923,0,0,0,0,0,0,0,0,0,0,0,0,0,0,0,0,0,0,0,0,0
6150,Congo,178,EasternEurope,923,790,913,1280,814,1938,2576,2558,304,325,430,401,814,1018,1003,486,588,850,413,1124,1558,1555
6151,DemocraticRepublicoftheCongo,180,EasternEurope,923,0,0,0,0,0,0,0,0,0,0,0,0,0,0,0,0,0,0,0,0,0
6152,EquatorialGuinea,226,EasternEurope,923,0,0,0,0,0,0,0,0,0,0,0,0,0,0,0,0,0,0,0,0,0
6153,Gabon,266,EasternEurope,923,0,0,0,0,0,0,0,0,0,0,0,0,0,0,0,0,0,0,0,0,0
6154,SaoTomeandPrincipe,678,EasternEurope,923,0,0,0,0,0,0,0,0,0,0,0,0,0,0,0,0,0,0,0,0,0
6155,Algeria,12,EasternEurope,923,6287,3545,802,634,696,757,785,2328,1340,351,278,288,314,325,3959,2205,451,356,408,443,460
6156,Egypt,818,EasternEurope,923,10820,8399,6649,7918,8520,5852,9133,3980,3090,2451,3230,3284,2754,3667,6840,5309,4198,4688,5236,3098,5466
6157,Libya,434,EasternEurope,923,29635,18524,7721,8514,9345,10458,11197,10833,7240,4029,5168,5705,6345,6896,18802,11284,3692,3346,3640,4113,4301
6158,Morocco,504,EasternEurope,923,0,0,0,0,0,0,0,0,0,0,0,0,0,0,0,0,0,0,0,0,0
6159,Sudan,729,EasternEurope,923,0,0,0,0,0,0,0,0,0,0,0,0,0,0,0,0,0,0,0,0,0
6160,Tunisia,788,EasternEurope,923,0,0,0,0,0,0,0,0,0,0,0,0,0,0,0,0,0,0,0,0,0
6161,WesternSahara,732,EasternEurope,923,0,0,0,0,0,0,0,0,0,0,0,0,0,0,0,0,0,0,0,0,0
6162,Botswana,72,EasternEurope,923,0,0,0,0,0,0,0,0,0,0,0,0,0,0,0,0,0,0,0,0,0
6163,Eswatini,748,EasternEurope,923,0,0,0,0,0,0,0,0,0,0,0,0,0,0,0,0,0,0,0,0,0
6164,Lesotho,426,EasternEurope,923,0,0,0,0,0,0,0,0,0,0,0,0,0,0,0,0,0,0,0,0,0
6165,Namibia,516,EasternEurope,923,1503,1436,1340,1057,1015,991,1054,874,841,780,615,593,582,623,629,595,560,442,422,409,431
6166,SouthAfrica,710,EasternEurope,923,10513,9183,10617,13964,20325,26219,30458,5010,4661,5519,6958,9722,12493,16445,5503,4522,5098,7006,10603,13726,14013
6167,Benin,204,EasternEurope,923,0,0,0,0,0,0,0,0,0,0,0,0,0,0,0,0,0,0,0,0,0
6168,BurkinaFaso,854,EasternEurope,923,0,0,0,0,0,0,0,0,0,0,0,0,0,0,0,0,0,0,0,0,0
6169,CaboVerde,132,EasternEurope,923,83,111,138,416,693,720,759,40,56,71,196,320,332,352,43,55,67,220,373,388,407
6170,CotedIvoire,384,EasternEurope,923,0,0,0,0,0,0,0,0,0,0,0,0,0,0,0,0,0,0,0,0,0
6171,Gambia,270,EasternEurope,923,0,0,0,0,0,0,0,0,0,0,0,0,0,0,0,0,0,0,0,0,0
6172,Ghana,288,EasternEurope,923,81,81,90,126,94,114,128,36,41,40,60,42,51,59,45,40,50,66,52,63,69
6173,Guinea,324,EasternEurope,923,562,647,700,348,174,60,48,337,417,447,272,136,45,41,225,230,253,76,38,15,7
6174,GuineaBissau,624,EasternEurope,923,0,0,0,0,0,0,0,0,0,0,0,0,0,0,0,0,0,0,0,0,0
6175,Liberia,430,EasternEurope,923,0,0,0,0,0,0,0,0,0,0,0,0,0,0,0,0,0,0,0,0,0
6176,Mali,466,EasternEurope,923,384,240,92,376,311,381,445,182,114,44,177,150,183,216,202,126,48,199,161,198,229
6177,Mauritania,478,EasternEurope,923,56,59,60,61,42,60,64,39,43,46,47,34,49,53,17,16,14,14,8,11,11
6178,Niger,562,EasternEurope,923,0,0,0,0,0,0,0,0,0,0,0,0,0,0,0,0,0,0,0,0,0
6179,Nigeria,566,EasternEurope,923,0,0,0,0,0,0,0,0,0,0,0,0,0,0,0,0,0,0,0,0,0
6180,SaintHelena,654,EasternEurope,923,0,0,0,0,0,0,0,0,0,0,0,0,0,0,0,0,0,0,0,0,0
6181,Senegal,686,EasternEurope,923,0,0,0,0,0,0,0,0,0,0,0,0,0,0,0,0,0,0,0,0,0
6182,SierraLeone,694,EasternEurope,923,75,73,71,56,61,67,68,25,23,21,27,34,41,45,50,50,50,29,27,26,23
6183,Togo,768,EasternEurope,923,0,0,0,0,0,0,0,0,0,0,0,0,0,0,0,0,0,0,0,0,0
6184,Kazakhstan,398,EasternEurope,923,2915868,2628327,2340785,2473396,2606006,2771804,2917208,1327252,1194395,1061539,1155572,1249606,1352724,1423732,1588616,1433932,1279246,1317824,1356400,1419080,1493476
6185,Kyrgyzstan,417,EasternEurope,923,480189,392522,294091,236778,175799,154825,150786,199534,162098,119860,95791,69842,60973,59382,280655,230424,174231,140987,105957,93852,91404
6186,Tajikistan,762,EasternEurope,923,370577,299176,254972,241468,240903,236867,237713,162342,128505,110032,102357,102683,100005,100477,208235,170671,144940,139111,138220,136862,137236
6187,Turkmenistan,795,EasternEurope,923,134259,111725,89764,88473,85619,85224,84594,56106,53633,41747,41578,38532,38888,39265,78153,58092,48017,46895,47087,46336,45329
6188,Uzbekistan,860,EasternEurope,923,1484471,1348614,1226730,1142273,1070930,1028824,1021035,645199,581394,524334,502640,485257,474936,472907,839272,767220,702396,639633,585673,553888,548128
6189,China,156,EasternEurope,923,274,580,939,1356,1713,2113,2297,157,322,514,805,1084,1373,1493,117,258,425,551,629,740,804
6190,DemPeoplesRepublicofKorea,408,EasternEurope,923,43,58,72,102,132,145,146,23,30,36,53,70,77,78,20,28,36,49,62,68,68
6191,Japan,392,EasternEurope,923,799,2784,5635,8292,8792,9745,10767,407,1336,2604,3777,3953,4348,4805,392,1448,3031,4515,4839,5397,5962
6192,Mongolia,496,EasternEurope,923,2773,3057,3381,2771,2484,3073,3289,1286,1500,1740,1295,1155,978,1029,1487,1557,1641,1476,1329,2095,2260
6193,RepublicofKorea,410,EasternEurope,923,37,1266,2899,2710,3594,3125,5472,21,250,623,753,1062,873,1526,16,1016,2276,1957,2532,2252,3946
6194,BruneiDarussalam,96,EasternEurope,923,0,0,0,0,0,0,0,0,0,0,0,0,0,0,0,0,0,0,0,0,0
6195,Cambodia,116,EasternEurope,923,14,37,59,46,33,30,30,6,16,25,20,15,14,14,8,21,34,26,18,16,16
6196,Indonesia,360,EasternEurope,923,0,0,0,0,0,0,0,0,0,0,0,0,0,0,0,0,0,0,0,0,0
6197,LaoPeoplesDemocraticRepublic,418,EasternEurope,923,0,0,0,0,0,0,0,0,0,0,0,0,0,0,0,0,0,0,0,0,0
6198,Malaysia,458,EasternEurope,923,0,0,0,0,0,0,0,0,0,0,0,0,0,0,0,0,0,0,0,0,0
6199,Myanmar,104,EasternEurope,923,0,0,0,0,0,0,0,0,0,0,0,0,0,0,0,0,0,0,0,0,0
6200,Philippines,608,EasternEurope,923,40,52,434,349,447,456,481,23,30,272,222,293,300,322,17,22,162,127,154,156,159
6201,Singapore,702,EasternEurope,923,0,0,0,0,0,0,0,0,0,0,0,0,0,0,0,0,0,0,0,0,0
6202,Thailand,764,EasternEurope,923,0,0,0,0,0,0,0,0,0,0,0,0,0,0,0,0,0,0,0,0,0
6203,TimorLeste,626,EasternEurope,923,0,0,0,0,0,0,0,0,0,0,0,0,0,0,0,0,0,0,0,0,0
6204,VietNam,704,EasternEurope,923,0,0,0,0,0,0,0,0,0,0,0,0,0,0,0,0,0,0,0,0,0
6205,Afghanistan,4,EasternEurope,923,0,0,0,0,0,0,0,0,0,0,0,0,0,0,0,0,0,0,0,0,0
6206,Bangladesh,50,EasternEurope,923,0,0,0,0,0,0,0,0,0,0,0,0,0,0,0,0,0,0,0,0,0
6207,Bhutan,64,EasternEurope,923,0,0,0,0,0,0,0,0,0,0,0,0,0,0,0,0,0,0,0,0,0
6208,India,356,EasternEurope,923,3445,2547,1649,1526,1433,1335,1248,1691,1244,797,703,645,587,537,1754,1303,852,823,788,748,711
6209,IranIslamicRepublicof,364,EasternEurope,923,0,0,0,0,0,0,0,0,0,0,0,0,0,0,0,0,0,0,0,0,0
6210,Maldives,462,EasternEurope,923,0,0,0,0,0,0,0,0,0,0,0,0,0,0,0,0,0,0,0,0,0
6211,Nepal,524,EasternEurope,923,0,0,0,0,0,0,0,0,0,0,0,0,0,0,0,0,0,0,0,0,0
6212,Pakistan,586,EasternEurope,923,0,0,0,0,0,0,0,0,0,0,0,0,0,0,0,0,0,0,0,0,0
6213,SriLanka,144,EasternEurope,923,1,18,36,72,147,148,150,1,14,23,27,56,55,59,0,4,13,45,91,93,91
6214,WesternAsia,922,EasternEurope,923,1497103,1368211,1256040,1178925,1123659,1137669,1334070,674194,613717,558774,517799,485364,443959,477932,822909,754494,697266,661126,638295,693710,856138
6215,Armenia,51,EasternEurope,923,73564,42631,24114,15956,13283,21940,21838,24223,13201,6491,4675,4209,6947,7047,49341,29430,17623,11281,9074,14993,14791
6216,Azerbaijan,31,EasternEurope,923,44088,38696,38998,37007,33882,32319,30844,11693,11983,11693,10297,10315,10323,9880,32395,26713,27305,26710,23567,21996,20964
6217,Bahrain,48,EasternEurope,923,0,0,0,0,0,0,0,0,0,0,0,0,0,0,0,0,0,0,0,0,0
6218,Cyprus,196,EasternEurope,923,7708,10901,14091,21188,32510,29848,30806,2852,3756,4662,6805,10769,10119,10577,4856,7145,9429,14383,21741,19729,20229
6219,Georgia,268,EasternEurope,923,222789,119115,49599,46115,47583,49957,51766,94548,50502,20787,19322,19947,20944,21776,128241,68613,28812,26793,27636,29013,29990
6220,Iraq,368,EasternEurope,923,210,248,235,273,280,273,274,142,148,117,174,184,195,191,68,100,118,99,96,78,83
6221,Israel,376,EasternEurope,923,665099,665449,628538,541687,461408,475864,462097,305875,300159,281556,240906,202568,207611,201615,359224,365290,346982,300781,258840,268253,260482
6222,Jordan,400,EasternEurope,923,1179,1847,2509,1886,3888,1606,2064,258,481,712,908,1690,455,582,921,1366,1797,978,2198,1151,1482
6223,Kuwait,414,EasternEurope,923,0,0,0,0,0,0,0,0,0,0,0,0,0,0,0,0,0,0,0,0,0
6224,Lebanon,422,EasternEurope,923,302,587,870,671,476,404,348,68,131,193,168,146,194,171,234,456,677,503,330,210,177
6225,Oman,512,EasternEurope,923,0,0,0,0,0,0,0,0,0,0,0,0,0,0,0,0,0,0,0,0,0
6226,Qatar,634,EasternEurope,923,0,0,0,0,0,0,0,0,0,0,0,0,0,0,0,0,0,0,0,0,0
6227,SaudiArabia,682,EasternEurope,923,0,0,0,0,0,0,0,0,0,0,0,0,0,0,0,0,0,0,0,0,0
6228,StateofPalestine,275,EasternEurope,923,0,0,0,0,0,0,0,0,0,0,0,0,0,0,0,0,0,0,0,0,0
6229,SyrianArabRepublic,760,EasternEurope,923,0,0,0,0,0,0,0,0,0,0,0,0,0,0,0,0,0,0,0,0,0
6230,Turkey,792,EasternEurope,923,482164,488737,497086,514142,530349,525458,734033,234535,233356,232563,234544,235536,187171,226093,247629,255381,264523,279598,294813,338287,507940
6231,UnitedArabEmirates,784,EasternEurope,923,0,0,0,0,0,0,0,0,0,0,0,0,0,0,0,0,0,0,0,0,0
6232,Yemen,887,EasternEurope,923,0,0,0,0,0,0,0,0,0,0,0,0,0,0,0,0,0,0,0,0,0
6233,EasternEurope,923,EasternEurope,923,12821259,12066901,11280907,10536332,9921835,10256237,10787095,5793768,5421090,5029715,4671947,4366704,4538845,4845557,7027491,6645811,6251192,5864385,5555131,5717392,5941538
6234,Belarus,112,EasternEurope,923,1062867,1007029,951186,937970,924747,916731,903416,480005,457328,434652,428501,422348,418912,412792,582862,549701,516534,509469,502399,497819,490624
6235,Bulgaria,100,EasternEurope,923,10102,14899,19692,26322,32555,37452,56101,2539,3842,5144,6882,8765,10138,18988,7563,11057,14548,19440,23790,27314,37113
6236,Czechia,203,EasternEurope,923,93963,140949,187930,237478,265022,268366,346740,47747,73557,99365,128064,149587,144045,189258,46216,67392,88565,109414,115435,124321,157482
6237,Hungary,348,EasternEurope,923,241389,215602,189811,232934,278204,258745,318172,107240,95280,83319,104331,126648,117500,156657,134149,120322,106492,128603,151556,141245,161515
6238,Poland,616,EasternEurope,923,684373,585425,500788,416296,344864,328507,438805,281990,235977,197304,159250,124494,122530,191401,402383,349448,303484,257046,220370,205977,247404
6239,RepublicofMoldova,498,EasternEurope,923,489556,330407,222990,153974,113168,88559,86943,209852,136743,88906,59674,44130,34476,33909,279704,193664,134084,94300,69038,54083,53034
6240,Romania,642,EasternEurope,923,110274,98489,86062,87194,100893,149076,363714,44709,39423,33873,35882,43285,71836,195764,65565,59066,52189,51312,57608,77240,167950
6241,RussianFederation,643,EasternEurope,923,4483077,4742096,4829149,4503215,4084593,4397474,4395138,2199900,2302746,2322998,2126349,1887382,2036780,2035653,2283177,2439350,2506151,2376866,2197211,2360694,2359485
6242,Slovakia,703,EasternEurope,923,38271,56457,90082,100317,113222,135480,140702,16574,23100,36124,40914,47512,63022,66097,21697,33357,53958,59403,65710,72458,74605
6243,Ukraine,804,EasternEurope,923,5607387,4875548,4203217,3840632,3664567,3675847,3737364,2403212,2053094,1728030,1582100,1512553,1519606,1545038,3204175,2822454,2475187,2258532,2152014,2156241,2192326
6244,ChannelIslands,830,EasternEurope,923,0,0,0,0,0,0,0,0,0,0,0,0,0,0,0,0,0,0,0,0,0
6245,Denmark,208,EasternEurope,923,13074,16534,19991,36506,50666,82637,111788,5208,6282,7358,16540,24584,42043,58668,7866,10252,12633,19966,26082,40594,53120
6246,Estonia,233,EasternEurope,923,352205,290911,229625,211928,192673,164920,157024,156379,123908,91433,83638,74753,63890,62740,195826,167003,138192,128290,117920,101030,94284
6247,FaroeIslands,234,EasternEurope,923,26,23,72,157,207,177,450,10,14,41,92,118,102,346,16,9,31,65,89,75,104
6248,Finland,246,EasternEurope,923,4217,4883,5862,10696,15232,24329,33348,1924,2296,2806,5176,7354,11805,16483,2293,2587,3056,5520,7878,12524,16865
6249,Iceland,352,EasternEurope,923,411,1365,2314,7042,11531,13015,26234,171,605,1037,3799,6435,6816,15642,240,760,1277,3243,5096,6199,10592
6250,Ireland,372,EasternEurope,923,5249,27701,65380,137529,187031,191057,219069,2568,13150,32117,77854,103202,102059,117680,2681,14551,33263,59675,83829,88998,101389
6251,IsleofMan,833,EasternEurope,923,0,0,0,0,0,0,0,0,0,0,0,0,0,0,0,0,0,0,0,0,0
6252,Latvia,428,EasternEurope,923,616802,493447,370042,320601,263007,222158,194319,276370,212611,148836,127821,100709,83764,74369,340432,280836,221206,192780,162298,138394,119950
6253,Lithuania,440,EasternEurope,923,288342,225109,176331,164369,130032,107712,109764,133790,104048,81313,75037,54038,43382,54362,154552,121061,95018,89332,75994,64330,55402
6254,Norway,578,EasternEurope,923,6602,8768,13222,24317,78087,141040,159572,3315,3738,4961,9187,44199,81788,89831,3287,5030,8261,15130,33888,59252,69741
6255,Sweden,752,EasternEurope,923,61759,73291,78603,91723,130127,156287,195252,24914,29233,31043,35815,55718,68085,89337,36845,44058,47560,55908,74409,88202,105915
6256,UnitedKingdom,826,EasternEurope,923,107448,117267,129065,524400,874092,1299889,1597521,61264,58882,57340,248212,435748,617066,763897,46184,58385,71725,276188,438344,682823,833624
6257,Albania,8,EasternEurope,923,0,0,0,0,0,0,0,0,0,0,0,0,0,0,0,0,0,0,0,0,0
6258,Andorra,20,EasternEurope,923,0,0,0,0,0,0,0,0,0,0,0,0,0,0,0,0,0,0,0,0,0
6259,BosniaandHerzegovina,70,EasternEurope,923,5809,6725,7640,4581,4158,4132,3856,2520,3046,3573,2100,1866,1854,1700,3289,3679,4067,2481,2292,2278,2156
6260,Croatia,191,EasternEurope,923,2321,3064,3481,4951,6413,6455,6053,624,763,852,1217,1579,1576,1482,1697,2301,2629,3734,4834,4879,4571
6261,Gibraltar,292,EasternEurope,923,0,0,0,0,0,0,0,0,0,0,0,0,0,0,0,0,0,0,0,0,0
6262,Greece,300,EasternEurope,923,85641,132358,181251,206579,240311,226453,231467,43324,58900,74116,78982,86538,75766,87543,42317,73458,107135,127597,153773,150687,143924
6263,HolySee,336,EasternEurope,923,0,0,0,0,0,0,0,0,0,0,0,0,0,0,0,0,0,0,0,0,0
6264,Italy,380,EasternEurope,923,74628,148893,223155,978645,1721479,1720367,1797252,19708,45732,71759,349391,626815,600314,613992,54920,103161,151396,629254,1094664,1120053,1183260
6265,Malta,470,EasternEurope,923,369,437,1104,1743,2823,4759,10352,125,153,395,627,1057,1995,4824,244,284,709,1116,1766,2764,5528
6266,Montenegro,499,EasternEurope,923,0,0,0,0,1437,1579,1565,0,0,0,0,749,822,828,0,0,0,0,688,757,737
6267,NorthMacedonia,807,EasternEurope,923,1656,1548,1445,1481,1523,1644,1640,690,645,603,620,638,687,689,966,903,842,861,885,957,951
6268,Portugal,620,EasternEurope,923,6014,12984,20491,60487,90445,102532,117614,4565,9845,15539,35691,49969,54288,64031,1449,3139,4952,24796,40476,48244,53583
6269,SanMarino,674,EasternEurope,923,72,131,196,204,216,267,283,23,23,22,27,28,24,31,49,108,174,177,188,243,252
6270,Serbia,688,EasternEurope,923,1566,9965,13555,13376,13078,12777,13009,410,2450,3103,2945,2865,2776,2841,1156,7515,10452,10431,10213,10001,10168
6271,Slovenia,705,EasternEurope,923,1299,1690,2669,3350,5054,7814,10650,499,558,956,1015,1779,3109,4427,800,1132,1713,2335,3275,4705,6223
6272,Spain,724,EasternEurope,923,12416,19975,36138,534582,1129481,1043905,1059961,5840,9536,17616,280169,578217,500295,492231,6576,10439,18522,254413,551264,543610,567730
6273,Austria,40,EasternEurope,923,150639,169949,189254,230109,273771,352373,439689,58664,67880,77097,95365,114518,148595,192804,91975,102069,112157,134744,159253,203778,246885
6274,Belgium,56,EasternEurope,923,10839,13732,15533,49777,110344,186896,233494,4876,5545,5861,23500,51281,89832,114265,5963,8187,9672,26277,59063,97064,119229
6275,France,250,EasternEurope,923,235343,242954,250559,227982,312713,364062,396995,91671,92139,92609,87848,124872,149920,163663,143672,150815,157950,140134,187841,214142,233332
6276,Germany,276,EasternEurope,923,1099733,1776680,2658301,3319076,3806888,3896644,5538725,552568,825503,1172024,1511967,1757788,1786393,2563218,547165,951177,1486277,1807109,2049100,2110251,2975507
6277,Liechtenstein,438,EasternEurope,923,73,97,122,191,281,376,471,53,65,75,73,72,98,126,20,32,47,118,209,278,345
6278,Luxembourg,442,EasternEurope,923,1661,1703,1773,3836,5949,9071,20897,582,565,554,1326,2109,3308,8085,1079,1138,1219,2510,3840,5763,12812
6279,Monaco,492,EasternEurope,923,0,0,0,0,0,0,0,0,0,0,0,0,0,0,0,0,0,0,0,0,0
6280,Netherlands,528,EasternEurope,923,22279,33900,46665,77249,127659,162865,237762,8013,11787,15893,27032,52124,73062,112053,14266,22113,30772,50217,75535,89803,125709
6281,Switzerland,756,EasternEurope,923,50022,61899,74014,87383,97676,138817,175526,21290,26532,31978,35427,36025,54434,71213,28732,35367,42036,51956,61651,84383,104313
6282,Anguilla,660,EasternEurope,923,0,0,0,0,0,0,0,0,0,0,0,0,0,0,0,0,0,0,0,0,0
6283,AntiguaandBarbuda,28,EasternEurope,923,0,0,0,0,0,0,0,0,0,0,0,0,0,0,0,0,0,0,0,0,0
6284,Aruba,533,EasternEurope,923,0,0,0,0,0,0,0,0,0,0,0,0,0,0,0,0,0,0,0,0,0
6285,Bahamas,44,EasternEurope,923,16,36,59,132,200,217,225,7,21,40,83,124,135,146,9,15,19,49,76,82,79
6286,Barbados,52,EasternEurope,923,0,0,0,0,0,0,0,0,0,0,0,0,0,0,0,0,0,0,0,0,0
6287,BritishVirginIslands,92,EasternEurope,923,0,0,0,0,0,0,0,0,0,0,0,0,0,0,0,0,0,0,0,0,0
6288,CaymanIslands,136,EasternEurope,923,0,0,0,0,0,0,0,0,0,0,0,0,0,0,0,0,0,0,0,0,0
6289,Cuba,192,EasternEurope,923,7079,5367,3683,2474,1590,979,591,2677,1891,1127,740,454,270,159,4402,3476,2556,1734,1136,709,432
6290,CuraÃao,531,EasternEurope,923,0,0,0,0,0,0,0,0,0,0,0,0,0,0,0,0,0,0,0,0,0
6291,Dominica,212,EasternEurope,923,0,0,0,0,0,0,0,0,0,0,0,0,0,0,0,0,0,0,0,0,0
6292,DominicanRepublic,214,EasternEurope,923,1339,1491,1636,1192,751,778,806,495,529,559,446,334,351,364,844,962,1077,746,417,427,442
6293,Grenada,308,EasternEurope,923,0,0,0,0,0,0,0,0,0,0,0,0,0,0,0,0,0,0,0,0,0
6294,Guadeloupe,312,EasternEurope,923,0,0,0,0,0,0,0,0,0,0,0,0,0,0,0,0,0,0,0,0,0
6295,Haiti,332,EasternEurope,923,0,0,0,0,0,0,0,0,0,0,0,0,0,0,0,0,0,0,0,0,0
6296,Jamaica,388,EasternEurope,923,0,0,0,0,0,0,0,0,0,0,0,0,0,0,0,0,0,0,0,0,0
6297,Martinique,474,EasternEurope,923,0,0,0,0,0,0,0,0,0,0,0,0,0,0,0,0,0,0,0,0,0
6298,Montserrat,500,EasternEurope,923,0,0,0,0,0,0,0,0,0,0,0,0,0,0,0,0,0,0,0,0,0
6299,PuertoRico,630,EasternEurope,923,36,37,40,31,19,18,7,17,18,19,15,9,9,4,19,19,21,16,10,9,3
6300,SaintBarthelemy,652,EasternEurope,923,0,0,0,0,0,0,0,0,0,0,0,0,0,0,0,0,0,0,0,0,0
6301,SaintKittsandNevis,659,EasternEurope,923,0,0,0,0,0,0,0,0,0,0,0,0,0,0,0,0,0,0,0,0,0
6302,SaintLucia,662,EasternEurope,923,0,0,0,0,0,0,0,0,0,0,0,0,0,0,0,0,0,0,0,0,0
6303,SaintMartinFrenchpart,663,EasternEurope,923,0,0,0,0,0,0,0,0,0,0,0,0,0,0,0,0,0,0,0,0,0
6304,SaintVincentandtheGrenadines,670,EasternEurope,923,0,0,0,0,0,0,0,0,0,0,0,0,0,0,0,0,0,0,0,0,0
6305,SintMaartenDutchpart,534,EasternEurope,923,0,0,0,0,0,0,0,0,0,0,0,0,0,0,0,0,0,0,0,0,0
6306,TrinidadandTobago,780,EasternEurope,923,0,0,0,0,0,0,0,0,0,0,0,0,0,0,0,0,0,0,0,0,0
6307,TurksandCaicosIslands,796,EasternEurope,923,0,0,0,0,0,0,0,0,0,0,0,0,0,0,0,0,0,0,0,0,0
6308,UnitedStatesVirginIslands,850,EasternEurope,923,0,0,0,0,0,0,0,0,0,0,0,0,0,0,0,0,0,0,0,0,0
6309,CentralAmerica,916,EasternEurope,923,6653,6581,7237,6532,7652,7989,9068,2917,2753,2891,2761,3417,3717,4379,3736,3828,4346,3771,4235,4272,4689
6310,Belize,84,EasternEurope,923,0,0,0,0,0,0,0,0,0,0,0,0,0,0,0,0,0,0,0,0,0
6311,CostaRica,188,EasternEurope,923,1178,878,1017,675,1322,1331,1593,486,367,410,264,523,527,682,692,511,607,411,799,804,911
6312,ElSalvador,222,EasternEurope,923,29,23,16,17,17,18,18,13,10,7,7,7,8,8,16,13,9,10,10,10,10
6313,Guatemala,320,EasternEurope,923,0,0,0,0,0,0,0,0,0,0,0,0,0,0,0,0,0,0,0,0,0
6314,Honduras,340,EasternEurope,923,19,19,19,19,18,25,25,11,11,11,11,10,15,15,8,8,8,8,8,10,10
6315,Mexico,484,EasternEurope,923,4168,4491,5018,4358,4202,4201,4599,1864,1839,1911,1629,1540,1613,1802,2304,2652,3107,2729,2662,2588,2797
6316,Nicaragua,558,EasternEurope,923,555,441,361,292,310,333,344,204,160,137,114,122,133,139,351,281,224,178,188,200,205
6317,Panama,591,EasternEurope,923,704,729,806,1171,1783,2081,2489,339,366,415,736,1215,1421,1733,365,363,391,435,568,660,756
6318,Argentina,32,EasternEurope,923,51722,43489,35260,26024,16762,18349,18522,23571,19369,15177,11431,7685,8415,8561,28151,24120,20083,14593,9077,9934,9961
6319,BoliviaPlurinationalStateof,68,EasternEurope,923,555,469,377,564,746,878,958,259,213,165,244,321,373,415,296,256,212,320,425,505,543
6320,Brazil,76,EasternEurope,923,38304,30069,21832,15384,9663,11385,12357,17722,13606,9491,6811,4438,5186,5802,20582,16463,12341,8573,5225,6199,6555
6321,Chile,152,EasternEurope,923,0,0,0,0,0,0,0,0,0,0,0,0,0,0,0,0,0,0,0,0,0
6322,Colombia,170,EasternEurope,923,493,518,542,538,578,616,646,222,219,216,202,214,226,235,271,299,326,336,364,390,411
6323,Ecuador,218,EasternEurope,923,1096,1232,1366,1636,2603,3284,3427,477,535,596,732,1130,1416,1700,619,697,770,904,1473,1868,1727
6324,FalklandIslandsMalvinas,238,EasternEurope,923,0,0,0,0,0,0,0,0,0,0,0,0,0,0,0,0,0,0,0,0,0
6325,FrenchGuiana,254,EasternEurope,923,0,0,0,0,0,0,0,0,0,0,0,0,0,0,0,0,0,0,0,0,0
6326,Guyana,328,EasternEurope,923,0,0,0,0,0,0,0,0,0,0,0,0,0,0,0,0,0,0,0,0,0
6327,Paraguay,600,EasternEurope,923,696,842,986,939,894,872,943,352,440,524,499,474,462,502,344,402,462,440,420,410,441
6328,Peru,604,EasternEurope,923,911,918,1077,1265,1414,1498,2772,387,383,444,528,591,651,1212,524,535,633,737,823,847,1560
6329,Suriname,740,EasternEurope,923,0,0,0,0,0,0,0,0,0,0,0,0,0,0,0,0,0,0,0,0,0
6330,Uruguay,858,EasternEurope,923,4878,3213,2008,1859,1722,1777,2118,2287,1465,911,844,774,798,981,2591,1748,1097,1015,948,979,1137
6331,VenezuelaBolivarianRepublicof,862,EasternEurope,923,3748,3697,3624,3806,4043,4239,3987,1752,1730,1692,1782,1897,1958,1813,1996,1967,1932,2024,2146,2281,2174
6332,Bermuda,60,EasternEurope,923,39,44,40,65,92,125,176,22,24,21,34,35,57,98,17,20,19,31,57,68,78
6333,Canada,124,EasternEurope,923,445991,436294,436969,446983,486060,505084,547270,217123,211423,210798,211272,226063,233048,252518,228868,224871,226171,235711,259997,272036,294752
6334,Greenland,304,EasternEurope,923,8,4,13,21,53,64,60,2,2,7,19,48,48,47,6,2,6,2,5,16,13
6335,SaintPierreandMiquelon,666,EasternEurope,923,0,0,0,0,0,0,0,0,0,0,0,0,0,0,0,0,0,0,0,0,0
6336,UnitedStatesofAmerica,840,EasternEurope,923,1062746,1291542,1523971,1585272,1696860,1699928,1680208,505316,619402,736261,771309,793785,814741,799774,557430,672140,787710,813963,903075,885187,880434
6337,Australia,36,EasternEurope,923,159578,170333,165450,163796,161630,162800,174903,83479,86284,80494,76745,72835,72779,77245,76099,84049,84956,87051,88795,90021,97658
6338,NewZealand,554,EasternEurope,923,2648,4681,8036,11633,13007,14177,19965,1386,2430,3909,5648,6306,6859,9662,1262,2251,4127,5985,6701,7318,10303
6339,Melanesia,928,EasternEurope,923,41,42,31,31,26,26,25,26,27,22,23,20,21,22,15,15,9,8,6,5,3
6340,Fiji,242,EasternEurope,923,0,0,0,0,0,0,0,0,0,0,0,0,0,0,0,0,0,0,0,0,0
6341,NewCaledonia,540,EasternEurope,923,0,0,0,0,0,0,0,0,0,0,0,0,0,0,0,0,0,0,0,0,0
6342,PapuaNewGuinea,598,EasternEurope,923,41,42,31,31,26,26,25,26,27,22,23,20,21,22,15,15,9,8,6,5,3
6343,SolomonIslands,90,EasternEurope,923,0,0,0,0,0,0,0,0,0,0,0,0,0,0,0,0,0,0,0,0,0
6344,Vanuatu,548,EasternEurope,923,0,0,0,0,0,0,0,0,0,0,0,0,0,0,0,0,0,0,0,0,0
6345,Micronesia,954,EasternEurope,923,0,0,0,0,0,0,0,0,0,0,0,0,0,0,0,0,0,0,0,0,0
6346,Guam,316,EasternEurope,923,0,0,0,0,0,0,0,0,0,0,0,0,0,0,0,0,0,0,0,0,0
6347,Kiribati,296,EasternEurope,923,0,0,0,0,0,0,0,0,0,0,0,0,0,0,0,0,0,0,0,0,0
6348,MarshallIslands,584,EasternEurope,923,0,0,0,0,0,0,0,0,0,0,0,0,0,0,0,0,0,0,0,0,0
6349,MicronesiaFedStatesof,583,EasternEurope,923,0,0,0,0,0,0,0,0,0,0,0,0,0,0,0,0,0,0,0,0,0
6350,Nauru,520,EasternEurope,923,0,0,0,0,0,0,0,0,0,0,0,0,0,0,0,0,0,0,0,0,0
6351,NorthernMarianaIslands,580,EasternEurope,923,0,0,0,0,0,0,0,0,0,0,0,0,0,0,0,0,0,0,0,0,0
6352,Palau,585,EasternEurope,923,0,0,0,0,0,0,0,0,0,0,0,0,0,0,0,0,0,0,0,0,0
6353,Polynesia,957,EasternEurope,923,0,0,0,0,0,0,0,0,0,0,0,0,0,0,0,0,0,0,0,0,0
6354,AmericanSamoa,16,EasternEurope,923,0,0,0,0,0,0,0,0,0,0,0,0,0,0,0,0,0,0,0,0,0
6355,CookIslands,184,EasternEurope,923,0,0,0,0,0,0,0,0,0,0,0,0,0,0,0,0,0,0,0,0,0
6356,FrenchPolynesia,258,EasternEurope,923,0,0,0,0,0,0,0,0,0,0,0,0,0,0,0,0,0,0,0,0,0
6357,Niue,570,EasternEurope,923,0,0,0,0,0,0,0,0,0,0,0,0,0,0,0,0,0,0,0,0,0
6358,Samoa,882,EasternEurope,923,0,0,0,0,0,0,0,0,0,0,0,0,0,0,0,0,0,0,0,0,0
6359,Tokelau,772,EasternEurope,923,0,0,0,0,0,0,0,0,0,0,0,0,0,0,0,0,0,0,0,0,0
6360,Tonga,776,EasternEurope,923,0,0,0,0,0,0,0,0,0,0,0,0,0,0,0,0,0,0,0,0,0
6361,Tuvalu,798,EasternEurope,923,0,0,0,0,0,0,0,0,0,0,0,0,0,0,0,0,0,0,0,0,0
6362,WallisandFutunaIslands,876,EasternEurope,923,0,0,0,0,0,0,0,0,0,0,0,0,0,0,0,0,0,0,0,0,0
6363,Burundi,108,CentralAmerica,916,0,0,0,0,0,0,0,0,0,0,0,0,0,0,0,0,0,0,0,0,0
6364,Comoros,174,CentralAmerica,916,0,0,0,0,0,0,0,0,0,0,0,0,0,0,0,0,0,0,0,0,0
6365,Djibouti,262,CentralAmerica,916,0,0,0,0,0,0,0,0,0,0,0,0,0,0,0,0,0,0,0,0,0
6366,Eritrea,232,CentralAmerica,916,0,0,0,0,0,0,0,0,0,0,0,0,0,0,0,0,0,0,0,0,0
6367,Ethiopia,231,CentralAmerica,916,0,0,0,0,0,0,0,0,0,0,0,0,0,0,0,0,0,0,0,0,0
6368,Kenya,404,CentralAmerica,916,0,0,0,0,0,0,0,0,0,0,0,0,0,0,0,0,0,0,0,0,0
6369,Madagascar,450,CentralAmerica,916,0,0,0,0,0,0,0,0,0,0,0,0,0,0,0,0,0,0,0,0,0
6370,Malawi,454,CentralAmerica,916,0,0,0,0,0,0,0,0,0,0,0,0,0,0,0,0,0,0,0,0,0
6371,Mauritius,480,CentralAmerica,916,0,0,0,0,0,0,0,0,0,0,0,0,0,0,0,0,0,0,0,0,0
6372,Mayotte,175,CentralAmerica,916,0,0,0,0,0,0,0,0,0,0,0,0,0,0,0,0,0,0,0,0,0
6373,Mozambique,508,CentralAmerica,916,0,0,0,0,0,0,0,0,0,0,0,0,0,0,0,0,0,0,0,0,0
6374,Reunion,638,CentralAmerica,916,0,0,0,0,0,0,0,0,0,0,0,0,0,0,0,0,0,0,0,0,0
6375,Rwanda,646,CentralAmerica,916,0,0,0,0,0,0,0,0,0,0,0,0,0,0,0,0,0,0,0,0,0
6376,Seychelles,690,CentralAmerica,916,0,0,0,0,0,0,0,0,0,0,0,0,0,0,0,0,0,0,0,0,0
6377,Somalia,706,CentralAmerica,916,0,0,0,0,0,0,0,0,0,0,0,0,0,0,0,0,0,0,0,0,0
6378,SouthSudan,728,CentralAmerica,916,0,0,0,0,0,0,0,0,0,0,0,0,0,0,0,0,0,0,0,0,0
6379,Uganda,800,CentralAmerica,916,0,0,0,0,0,0,0,0,0,0,0,0,0,0,0,0,0,0,0,0,0
6380,UnitedRepublicofTanzania,834,CentralAmerica,916,0,0,0,0,0,0,0,0,0,0,0,0,0,0,0,0,0,0,0,0,0
6381,Zambia,894,CentralAmerica,916,0,0,0,0,0,0,0,0,0,0,0,0,0,0,0,0,0,0,0,0,0
6382,Zimbabwe,716,CentralAmerica,916,0,0,0,0,0,0,0,0,0,0,0,0,0,0,0,0,0,0,0,0,0
6383,MiddleAfrica,911,CentralAmerica,916,0,0,0,0,0,0,0,0,0,0,0,0,0,0,0,0,0,0,0,0,0
6384,Angola,24,CentralAmerica,916,0,0,0,0,0,0,0,0,0,0,0,0,0,0,0,0,0,0,0,0,0
6385,Cameroon,120,CentralAmerica,916,0,0,0,0,0,0,0,0,0,0,0,0,0,0,0,0,0,0,0,0,0
6386,CentralAfricanRepublic,140,CentralAmerica,916,0,0,0,0,0,0,0,0,0,0,0,0,0,0,0,0,0,0,0,0,0
6387,Chad,148,CentralAmerica,916,0,0,0,0,0,0,0,0,0,0,0,0,0,0,0,0,0,0,0,0,0
6388,Congo,178,CentralAmerica,916,0,0,0,0,0,0,0,0,0,0,0,0,0,0,0,0,0,0,0,0,0
6389,DemocraticRepublicoftheCongo,180,CentralAmerica,916,0,0,0,0,0,0,0,0,0,0,0,0,0,0,0,0,0,0,0,0,0
6390,EquatorialGuinea,226,CentralAmerica,916,0,0,0,0,0,0,0,0,0,0,0,0,0,0,0,0,0,0,0,0,0
6391,Gabon,266,CentralAmerica,916,0,0,0,0,0,0,0,0,0,0,0,0,0,0,0,0,0,0,0,0,0
6392,SaoTomeandPrincipe,678,CentralAmerica,916,0,0,0,0,0,0,0,0,0,0,0,0,0,0,0,0,0,0,0,0,0
6393,Algeria,12,CentralAmerica,916,0,0,0,0,0,0,0,0,0,0,0,0,0,0,0,0,0,0,0,0,0
6394,Egypt,818,CentralAmerica,916,238,215,210,250,271,185,284,92,84,84,109,114,94,125,146,131,126,141,157,91,159
6395,Libya,434,CentralAmerica,916,458,485,520,574,631,706,754,188,239,298,372,411,457,495,270,246,222,202,220,249,259
6396,Morocco,504,CentralAmerica,916,0,0,0,0,0,0,0,0,0,0,0,0,0,0,0,0,0,0,0,0,0
6397,Sudan,729,CentralAmerica,916,0,0,0,0,0,0,0,0,0,0,0,0,0,0,0,0,0,0,0,0,0
6398,Tunisia,788,CentralAmerica,916,0,0,0,0,0,0,0,0,0,0,0,0,0,0,0,0,0,0,0,0,0
6399,WesternSahara,732,CentralAmerica,916,0,0,0,0,0,0,0,0,0,0,0,0,0,0,0,0,0,0,0,0,0
6400,Botswana,72,CentralAmerica,916,0,0,0,0,0,0,0,0,0,0,0,0,0,0,0,0,0,0,0,0,0
6401,Eswatini,748,CentralAmerica,916,0,0,0,0,0,0,0,0,0,0,0,0,0,0,0,0,0,0,0,0,0
6402,Lesotho,426,CentralAmerica,916,0,0,0,0,0,0,0,0,0,0,0,0,0,0,0,0,0,0,0,0,0
6403,Namibia,516,CentralAmerica,916,0,0,0,0,0,0,0,0,0,0,0,0,0,0,0,0,0,0,0,0,0
6404,SouthAfrica,710,CentralAmerica,916,333,244,229,300,435,559,647,151,119,115,147,206,265,349,182,125,114,153,229,294,298
6405,Benin,204,CentralAmerica,916,0,0,0,0,0,0,0,0,0,0,0,0,0,0,0,0,0,0,0,0,0
6406,BurkinaFaso,854,CentralAmerica,916,0,0,0,0,0,0,0,0,0,0,0,0,0,0,0,0,0,0,0,0,0
6407,CaboVerde,132,CentralAmerica,916,4,5,6,5,3,3,2,2,3,4,4,3,3,2,2,2,2,1,0,0,0
6408,CotedIvoire,384,CentralAmerica,916,0,0,0,0,0,0,0,0,0,0,0,0,0,0,0,0,0,0,0,0,0
6409,Gambia,270,CentralAmerica,916,0,0,0,0,0,0,0,0,0,0,0,0,0,0,0,0,0,0,0,0,0
6410,Ghana,288,CentralAmerica,916,0,0,0,0,0,0,0,0,0,0,0,0,0,0,0,0,0,0,0,0,0
6411,Guinea,324,CentralAmerica,916,0,0,0,0,0,427,402,0,0,0,0,0,246,237,0,0,0,0,0,181,165
6412,GuineaBissau,624,CentralAmerica,916,0,0,0,0,0,0,0,0,0,0,0,0,0,0,0,0,0,0,0,0,0
6413,Liberia,430,CentralAmerica,916,0,0,0,0,0,0,0,0,0,0,0,0,0,0,0,0,0,0,0,0,0
6414,Mali,466,CentralAmerica,916,0,0,0,0,0,0,0,0,0,0,0,0,0,0,0,0,0,0,0,0,0
6415,Mauritania,478,CentralAmerica,916,0,0,0,0,0,0,0,0,0,0,0,0,0,0,0,0,0,0,0,0,0
6416,Niger,562,CentralAmerica,916,0,0,0,0,0,0,0,0,0,0,0,0,0,0,0,0,0,0,0,0,0
6417,Nigeria,566,CentralAmerica,916,0,0,0,0,0,0,0,0,0,0,0,0,0,0,0,0,0,0,0,0,0
6418,SaintHelena,654,CentralAmerica,916,0,0,0,0,0,0,0,0,0,0,0,0,0,0,0,0,0,0,0,0,0
6419,Senegal,686,CentralAmerica,916,0,0,0,0,0,0,0,0,0,0,0,0,0,0,0,0,0,0,0,0,0
6420,SierraLeone,694,CentralAmerica,916,0,0,0,0,0,0,0,0,0,0,0,0,0,0,0,0,0,0,0,0,0
6421,Togo,768,CentralAmerica,916,0,0,0,0,0,0,0,0,0,0,0,0,0,0,0,0,0,0,0,0,0
6422,Kazakhstan,398,CentralAmerica,916,0,0,0,0,0,0,0,0,0,0,0,0,0,0,0,0,0,0,0,0,0
6423,Kyrgyzstan,417,CentralAmerica,916,0,0,0,0,0,0,0,0,0,0,0,0,0,0,0,0,0,0,0,0,0
6424,Tajikistan,762,CentralAmerica,916,0,0,0,0,0,0,0,0,0,0,0,0,0,0,0,0,0,0,0,0,0
6425,Turkmenistan,795,CentralAmerica,916,0,0,0,0,0,0,0,0,0,0,0,0,0,0,0,0,0,0,0,0,0
6426,Uzbekistan,860,CentralAmerica,916,0,0,0,0,0,0,0,0,0,0,0,0,0,0,0,0,0,0,0,0,0
6427,China,156,CentralAmerica,916,0,0,0,0,0,0,0,0,0,0,0,0,0,0,0,0,0,0,0,0,0
6428,DemPeoplesRepublicofKorea,408,CentralAmerica,916,0,0,0,0,0,0,0,0,0,0,0,0,0,0,0,0,0,0,0,0,0
6429,Japan,392,CentralAmerica,916,786,1255,1740,1845,1956,2141,2735,400,602,804,841,880,956,1222,386,653,936,1004,1076,1185,1513
6430,Mongolia,496,CentralAmerica,916,0,0,0,0,0,0,0,0,0,0,0,0,0,0,0,0,0,0,0,0,0
6431,RepublicofKorea,410,CentralAmerica,916,0,0,0,0,0,0,0,0,0,0,0,0,0,0,0,0,0,0,0,0,0
6432,BruneiDarussalam,96,CentralAmerica,916,0,0,0,0,0,0,0,0,0,0,0,0,0,0,0,0,0,0,0,0,0
6433,Cambodia,116,CentralAmerica,916,0,0,0,0,0,0,0,0,0,0,0,0,0,0,0,0,0,0,0,0,0
6434,Indonesia,360,CentralAmerica,916,0,0,0,0,0,0,0,0,0,0,0,0,0,0,0,0,0,0,0,0,0
6435,LaoPeoplesDemocraticRepublic,418,CentralAmerica,916,0,0,0,0,0,0,0,0,0,0,0,0,0,0,0,0,0,0,0,0,0
6436,Malaysia,458,CentralAmerica,916,0,0,0,0,0,0,0,0,0,0,0,0,0,0,0,0,0,0,0,0,0
6437,Myanmar,104,CentralAmerica,916,0,0,0,0,0,0,0,0,0,0,0,0,0,0,0,0,0,0,0,0,0
6438,Philippines,608,CentralAmerica,916,61,81,410,330,215,218,227,42,57,203,166,137,139,147,19,24,207,164,78,79,80
6439,Singapore,702,CentralAmerica,916,0,0,0,0,0,0,0,0,0,0,0,0,0,0,0,0,0,0,0,0,0
6440,Thailand,764,CentralAmerica,916,0,0,0,0,0,0,0,0,0,0,0,0,0,0,0,0,0,0,0,0,0
6441,TimorLeste,626,CentralAmerica,916,0,0,0,0,0,0,0,0,0,0,0,0,0,0,0,0,0,0,0,0,0
6442,VietNam,704,CentralAmerica,916,0,0,0,0,0,0,0,0,0,0,0,0,0,0,0,0,0,0,0,0,0
6443,Afghanistan,4,CentralAmerica,916,0,0,0,0,0,0,0,0,0,0,0,0,0,0,0,0,0,0,0,0,0
6444,Bangladesh,50,CentralAmerica,916,0,0,0,0,0,0,0,0,0,0,0,0,0,0,0,0,0,0,0,0,0
6445,Bhutan,64,CentralAmerica,916,0,0,0,0,0,0,0,0,0,0,0,0,0,0,0,0,0,0,0,0,0
6446,India,356,CentralAmerica,916,0,0,0,0,0,0,0,0,0,0,0,0,0,0,0,0,0,0,0,0,0
6447,IranIslamicRepublicof,364,CentralAmerica,916,0,0,0,0,0,0,0,0,0,0,0,0,0,0,0,0,0,0,0,0,0
6448,Maldives,462,CentralAmerica,916,0,0,0,0,0,0,0,0,0,0,0,0,0,0,0,0,0,0,0,0,0
6449,Nepal,524,CentralAmerica,916,0,0,0,0,0,0,0,0,0,0,0,0,0,0,0,0,0,0,0,0,0
6450,Pakistan,586,CentralAmerica,916,0,0,0,0,0,0,0,0,0,0,0,0,0,0,0,0,0,0,0,0,0
6451,SriLanka,144,CentralAmerica,916,0,0,0,0,0,0,0,0,0,0,0,0,0,0,0,0,0,0,0,0,0
6452,WesternAsia,922,CentralAmerica,916,1501,1883,2169,2487,2839,2903,2901,704,881,1026,1189,1370,1397,1389,797,1002,1143,1298,1469,1506,1512
6453,Armenia,51,CentralAmerica,916,0,0,0,0,0,0,0,0,0,0,0,0,0,0,0,0,0,0,0,0,0
6454,Azerbaijan,31,CentralAmerica,916,0,0,0,0,0,0,0,0,0,0,0,0,0,0,0,0,0,0,0,0,0
6455,Bahrain,48,CentralAmerica,916,0,0,0,0,0,0,0,0,0,0,0,0,0,0,0,0,0,0,0,0,0
6456,Cyprus,196,CentralAmerica,916,29,42,52,77,111,99,96,15,19,25,36,55,53,53,14,23,27,41,56,46,43
6457,Georgia,268,CentralAmerica,916,0,0,0,0,0,0,0,0,0,0,0,0,0,0,0,0,0,0,0,0,0
6458,Iraq,368,CentralAmerica,916,0,0,0,0,0,0,0,0,0,0,0,0,0,0,0,0,0,0,0,0,0
6459,Israel,376,CentralAmerica,916,1422,1721,1923,2209,2522,2601,2525,662,801,905,1056,1218,1250,1215,760,920,1018,1153,1304,1351,1310
6460,Jordan,400,CentralAmerica,916,0,0,0,0,0,0,0,0,0,0,0,0,0,0,0,0,0,0,0,0,0
6461,Kuwait,414,CentralAmerica,916,0,0,0,0,0,0,0,0,0,0,0,0,0,0,0,0,0,0,0,0,0
6462,Lebanon,422,CentralAmerica,916,0,0,0,0,0,0,0,0,0,0,0,0,0,0,0,0,0,0,0,0,0
6463,Oman,512,CentralAmerica,916,0,0,0,0,0,0,0,0,0,0,0,0,0,0,0,0,0,0,0,0,0
6464,Qatar,634,CentralAmerica,916,0,0,0,0,0,0,0,0,0,0,0,0,0,0,0,0,0,0,0,0,0
6465,SaudiArabia,682,CentralAmerica,916,0,0,0,0,0,0,0,0,0,0,0,0,0,0,0,0,0,0,0,0,0
6466,StateofPalestine,275,CentralAmerica,916,0,0,0,0,0,0,0,0,0,0,0,0,0,0,0,0,0,0,0,0,0
6467,SyrianArabRepublic,760,CentralAmerica,916,0,0,0,0,0,0,0,0,0,0,0,0,0,0,0,0,0,0,0,0,0
6468,Turkey,792,CentralAmerica,916,50,120,194,201,206,203,280,27,61,96,97,97,94,121,23,59,98,104,109,109,159
6469,UnitedArabEmirates,784,CentralAmerica,916,0,0,0,0,0,0,0,0,0,0,0,0,0,0,0,0,0,0,0,0,0
6470,Yemen,887,CentralAmerica,916,0,0,0,0,0,0,0,0,0,0,0,0,0,0,0,0,0,0,0,0,0
6471,EasternEurope,923,CentralAmerica,916,717,874,1032,1356,1665,2207,4316,388,488,589,783,971,1281,2344,329,386,443,573,694,926,1972
6472,Belarus,112,CentralAmerica,916,0,0,0,0,0,0,0,0,0,0,0,0,0,0,0,0,0,0,0,0,0
6473,Bulgaria,100,CentralAmerica,916,24,36,46,64,78,112,169,19,25,32,42,52,71,102,5,11,14,22,26,41,67
6474,Czechia,203,CentralAmerica,916,35,53,70,223,354,625,1252,21,32,44,132,213,391,738,14,21,26,91,141,234,514
6475,Hungary,348,CentralAmerica,916,64,220,372,459,548,556,925,42,118,196,245,297,299,504,22,102,176,214,251,257,421
6476,Poland,616,CentralAmerica,916,227,193,166,224,291,274,363,127,109,91,136,184,177,246,100,84,75,88,107,97,117
6477,RepublicofMoldova,498,CentralAmerica,916,0,0,0,0,0,0,0,0,0,0,0,0,0,0,0,0,0,0,0,0,0
6478,Romania,642,CentralAmerica,916,4,6,9,10,13,180,1082,1,2,3,4,4,69,431,3,4,6,6,9,111,651
6479,RussianFederation,643,CentralAmerica,916,360,342,316,316,314,321,313,177,186,188,184,176,178,178,183,156,128,132,138,143,135
6480,Slovakia,703,CentralAmerica,916,3,24,53,60,67,139,212,1,16,35,40,45,96,145,2,8,18,20,22,43,67
6481,Ukraine,804,CentralAmerica,916,0,0,0,0,0,0,0,0,0,0,0,0,0,0,0,0,0,0,0,0,0
6482,ChannelIslands,830,CentralAmerica,916,0,0,0,0,0,0,0,0,0,0,0,0,0,0,0,0,0,0,0,0,0
6483,Denmark,208,CentralAmerica,916,428,701,970,1359,1666,2085,2614,194,321,447,617,752,957,1179,234,380,523,742,914,1128,1435
6484,Estonia,233,CentralAmerica,916,0,0,0,0,42,84,180,0,0,0,0,29,51,115,0,0,0,0,13,33,65
6485,FaroeIslands,234,CentralAmerica,916,0,0,0,0,0,0,0,0,0,0,0,0,0,0,0,0,0,0,0,0,0
6486,Finland,246,CentralAmerica,916,117,191,261,564,761,1093,1466,73,105,137,308,420,601,797,44,86,124,256,341,492,669
6487,Iceland,352,CentralAmerica,916,36,67,92,130,161,197,313,19,32,43,60,75,94,142,17,35,49,70,86,103,171
6488,Ireland,372,CentralAmerica,916,99,273,598,600,504,514,573,38,94,218,241,181,181,202,61,179,380,359,323,333,371
6489,IsleofMan,833,CentralAmerica,916,0,0,0,0,0,0,0,0,0,0,0,0,0,0,0,0,0,0,0,0,0
6490,Latvia,428,CentralAmerica,916,7,10,13,28,46,16,27,3,5,7,22,38,13,20,4,5,6,6,8,3,7
6491,Lithuania,440,CentralAmerica,916,0,0,0,0,0,19,35,0,0,0,0,0,17,35,0,0,0,0,0,2,0
6492,Norway,578,CentralAmerica,916,704,875,1136,1441,1933,2529,3001,329,410,521,650,880,1160,1364,375,465,615,791,1053,1369,1637
6493,Sweden,752,CentralAmerica,916,4001,4749,5096,5881,6833,7653,9328,2017,2376,2531,2907,3333,3659,4461,1984,2373,2565,2974,3500,3994,4867
6494,UnitedKingdom,826,CentralAmerica,916,2256,5371,8587,11194,11811,14131,16255,1037,2261,3519,4688,5092,5856,6643,1219,3110,5068,6506,6719,8275,9612
6495,Albania,8,CentralAmerica,916,0,0,0,0,0,0,0,0,0,0,0,0,0,0,0,0,0,0,0,0,0
6496,Andorra,20,CentralAmerica,916,0,0,0,0,0,0,0,0,0,0,0,0,0,0,0,0,0,0,0,0,0
6497,BosniaandHerzegovina,70,CentralAmerica,916,0,0,0,0,0,0,0,0,0,0,0,0,0,0,0,0,0,0,0,0,0
6498,Croatia,191,CentralAmerica,916,0,8,15,27,39,39,36,0,3,5,10,16,16,15,0,5,10,17,23,23,21
6499,Gibraltar,292,CentralAmerica,916,0,0,0,0,0,0,0,0,0,0,0,0,0,0,0,0,0,0,0,0,0
6500,Greece,300,CentralAmerica,916,858,750,656,783,939,878,888,403,292,180,228,286,242,289,455,458,476,555,653,636,599
6501,HolySee,336,CentralAmerica,916,0,0,0,0,0,0,0,0,0,0,0,0,0,0,0,0,0,0,0,0,0
6502,Italy,380,CentralAmerica,916,5558,8792,12024,20751,28635,29982,36290,959,1939,2921,6373,9360,9729,12425,4599,6853,9103,14378,19275,20253,23865
6503,Malta,470,CentralAmerica,916,0,0,0,0,0,0,0,0,0,0,0,0,0,0,0,0,0,0,0,0,0
6504,Montenegro,499,CentralAmerica,916,0,0,0,0,0,0,0,0,0,0,0,0,0,0,0,0,0,0,0,0,0
6505,NorthMacedonia,807,CentralAmerica,916,0,0,0,0,0,0,0,0,0,0,0,0,0,0,0,0,0,0,0,0,0
6506,Portugal,620,CentralAmerica,916,110,238,379,405,367,414,467,44,94,147,157,141,145,172,66,144,232,248,226,269,295
6507,SanMarino,674,CentralAmerica,916,0,0,0,0,0,0,0,0,0,0,0,0,0,0,0,0,0,0,0,0,0
6508,Serbia,688,CentralAmerica,916,2,19,27,27,27,26,25,1,8,11,11,11,11,11,1,11,16,16,16,15,14
6509,Slovenia,705,CentralAmerica,916,5,10,14,17,48,85,110,3,6,6,7,21,48,48,2,4,8,10,27,37,62
6510,Spain,724,CentralAmerica,916,15873,19259,30998,60070,106541,134529,235745,6324,7789,12986,25131,40770,45733,75620,9549,11470,18012,34939,65771,88796,160125
6511,Austria,40,CentralAmerica,916,1400,1581,1758,1946,2160,2738,3511,599,689,780,840,902,1154,1495,801,892,978,1106,1258,1584,2016
6512,Belgium,56,CentralAmerica,916,8133,8072,7792,3020,3798,4785,6405,4293,4249,4114,1201,1569,1946,2610,3840,3823,3678,1819,2229,2839,3795
6513,France,250,CentralAmerica,916,10675,11023,11366,15529,18020,19967,21939,4386,4419,4452,6809,6788,7183,7921,6289,6604,6914,8720,11232,12784,14018
6514,Germany,276,CentralAmerica,916,6358,7782,9204,16235,21971,22549,30252,2658,2832,3007,6306,9075,9237,12996,3700,4950,6197,9929,12896,13312,17256
6515,Liechtenstein,438,CentralAmerica,916,0,0,0,10,39,46,46,0,0,0,5,17,17,13,0,0,0,5,22,29,33
6516,Luxembourg,442,CentralAmerica,916,27,25,24,20,18,27,685,7,7,6,6,6,9,279,20,18,18,14,12,18,406
6517,Monaco,492,CentralAmerica,916,0,0,0,0,0,0,0,0,0,0,0,0,0,0,0,0,0,0,0,0,0
6518,Netherlands,528,CentralAmerica,916,1523,2238,3036,4393,5544,7076,9704,696,991,1312,1839,2300,2957,4133,827,1247,1724,2554,3244,4119,5571
6519,Switzerland,756,CentralAmerica,916,4555,5901,7278,8233,9614,11085,13205,1755,2488,3239,3452,3683,4345,5267,2800,3413,4039,4781,5931,6740,7938
6520,Anguilla,660,CentralAmerica,916,0,0,0,0,0,0,0,0,0,0,0,0,0,0,0,0,0,0,0,0,0
6521,AntiguaandBarbuda,28,CentralAmerica,916,14,19,21,24,25,26,23,6,9,11,13,14,15,15,8,10,10,11,11,11,8
6522,Aruba,533,CentralAmerica,916,19,48,77,90,103,107,119,9,22,36,42,48,49,54,10,26,41,48,55,58,65
6523,Bahamas,44,CentralAmerica,916,107,156,208,311,411,445,464,40,72,105,172,243,262,280,67,84,103,139,168,183,184
6524,Barbados,52,CentralAmerica,916,0,0,0,15,21,22,21,0,0,0,7,10,11,11,0,0,0,8,11,11,10
6525,BritishVirginIslands,92,CentralAmerica,916,0,0,0,0,0,0,0,0,0,0,0,0,0,0,0,0,0,0,0,0,0
6526,CaymanIslands,136,CentralAmerica,916,1236,1604,2372,2403,2653,2887,3216,612,806,1201,1111,1119,1219,1366,624,798,1171,1292,1534,1668,1850
6527,Cuba,192,CentralAmerica,916,1821,1381,907,671,475,318,206,810,581,343,262,194,131,83,1011,800,564,409,281,187,123
6528,CuraÃao,531,CentralAmerica,916,0,0,0,0,13,13,15,0,0,0,0,3,4,6,0,0,0,0,10,9,9
6529,Dominica,212,CentralAmerica,916,0,0,0,0,0,0,0,0,0,0,0,0,0,0,0,0,0,0,0,0,0
6530,DominicanRepublic,214,CentralAmerica,916,5677,6308,6935,5364,3786,3971,4141,2761,2988,3215,2575,1930,2026,2113,2916,3320,3720,2789,1856,1945,2028
6531,Grenada,308,CentralAmerica,916,0,0,0,0,0,0,0,0,0,0,0,0,0,0,0,0,0,0,0,0,0
6532,Guadeloupe,312,CentralAmerica,916,0,0,0,0,0,0,0,0,0,0,0,0,0,0,0,0,0,0,0,0,0
6533,Haiti,332,CentralAmerica,916,580,550,521,494,518,543,566,237,225,213,202,212,223,234,343,325,308,292,306,320,332
6534,Jamaica,388,CentralAmerica,916,878,926,969,945,918,897,907,368,393,417,410,403,394,401,510,533,552,535,515,503,506
6535,Martinique,474,CentralAmerica,916,0,0,0,0,0,0,0,0,0,0,0,0,0,0,0,0,0,0,0,0,0
6536,Montserrat,500,CentralAmerica,916,0,0,0,0,0,0,0,0,0,0,0,0,0,0,0,0,0,0,0,0,0
6537,PuertoRico,630,CentralAmerica,916,6168,6442,6741,7093,6561,6122,4437,2922,3056,3200,3361,3077,2858,2066,3246,3386,3541,3732,3484,3264,2371
6538,SaintBarthelemy,652,CentralAmerica,916,0,0,0,0,0,0,0,0,0,0,0,0,0,0,0,0,0,0,0,0,0
6539,SaintKittsandNevis,659,CentralAmerica,916,0,0,0,0,0,0,0,0,0,0,0,0,0,0,0,0,0,0,0,0,0
6540,SaintLucia,662,CentralAmerica,916,19,23,35,34,32,28,22,8,11,17,15,11,10,8,11,12,18,19,21,18,14
6541,SaintMartinFrenchpart,663,CentralAmerica,916,0,0,0,0,0,0,0,0,0,0,0,0,0,0,0,0,0,0,0,0,0
6542,SaintVincentandtheGrenadines,670,CentralAmerica,916,0,0,0,0,0,0,0,0,0,0,0,0,0,0,0,0,0,0,0,0,0
6543,SintMaartenDutchpart,534,CentralAmerica,916,0,0,0,0,0,0,0,0,0,0,0,0,0,0,0,0,0,0,0,0,0
6544,TrinidadandTobago,780,CentralAmerica,916,0,0,0,0,0,0,0,0,0,0,0,0,0,0,0,0,0,0,0,0,0
6545,TurksandCaicosIslands,796,CentralAmerica,916,0,0,0,0,0,0,0,0,0,0,0,0,0,0,0,0,0,0,0,0,0
6546,UnitedStatesVirginIslands,850,CentralAmerica,916,0,0,0,0,0,0,0,0,0,0,0,0,0,0,0,0,0,0,0,0,0
6547,CentralAmerica,916,CentralAmerica,916,1195652,622093,450936,503647,572815,620056,743476,580584,301412,221229,242521,269544,291970,360785,615068,320681,229707,261126,303271,328086,382691
6548,Belize,84,CentralAmerica,916,25130,27893,30664,34220,37782,44555,50564,13429,14414,15401,17087,18861,22107,25087,11701,13479,15263,17133,18921,22448,25477
6549,CostaRica,188,CentralAmerica,916,170970,171137,256874,285726,322681,327379,393034,85674,86862,128019,139642,152644,153815,195025,85296,84275,128855,146084,170037,173564,198009
6550,ElSalvador,222,CentralAmerica,916,32718,27916,23110,26789,30463,31764,32303,14643,12553,10464,12237,14010,14630,14885,18075,15363,12646,14552,16453,17134,17418
6551,Guatemala,320,CentralAmerica,916,252094,143702,35309,42028,48743,53445,60342,108159,61407,14657,17712,20766,23414,26155,143935,82295,20652,24316,27977,30031,34187
6552,Honduras,340,CentralAmerica,916,262654,140383,18133,17761,17386,24418,24984,132872,70779,8687,8619,8553,12042,12323,129782,69604,9446,9142,8833,12376,12661
6553,Mexico,484,CentralAmerica,916,407679,78729,50000,52878,61878,77875,113516,204256,39909,26324,25930,28584,36579,53351,203423,38820,23676,26948,33294,41296,60165
6554,Nicaragua,558,CentralAmerica,916,31068,18369,21372,24847,26608,28692,30123,15398,9049,10593,12360,13316,14433,15104,15670,9320,10779,12487,13292,14259,15019
6555,Panama,591,CentralAmerica,916,13339,13964,15474,19398,27274,31928,38610,6153,6439,7084,8934,12810,14950,18855,7186,7525,8390,10464,14464,16978,19755
6556,Argentina,32,CentralAmerica,916,3766,4048,4333,3207,2060,2066,2081,2004,2079,2160,1619,1078,1081,1099,1762,1969,2173,1588,982,985,982
6557,BoliviaPlurinationalStateof,68,CentralAmerica,916,9811,10467,11013,10367,9699,11302,12574,4897,5199,5443,5105,4760,5544,6167,4914,5268,5570,5262,4939,5758,6407
6558,Brazil,76,CentralAmerica,916,3221,3280,3335,3977,4572,5382,5838,2072,2048,2024,2318,2578,3021,3346,1149,1232,1311,1659,1994,2361,2492
6559,Chile,152,CentralAmerica,916,746,1223,1700,2552,3403,5155,10558,365,614,848,1294,1739,2729,4913,381,609,852,1258,1664,2426,5645
6560,Colombia,170,CentralAmerica,916,5498,5682,5863,5698,7602,10050,12921,2608,2741,2873,2838,3883,5259,6852,2890,2941,2990,2860,3719,4791,6069
6561,Ecuador,218,CentralAmerica,916,1896,2190,2480,2969,4726,5973,6286,895,1037,1178,1444,2236,2807,3355,1001,1153,1302,1525,2490,3166,2931
6562,FalklandIslandsMalvinas,238,CentralAmerica,916,0,0,0,0,0,0,0,0,0,0,0,0,0,0,0,0,0,0,0,0,0
6563,FrenchGuiana,254,CentralAmerica,916,0,0,0,0,0,0,0,0,0,0,0,0,0,0,0,0,0,0,0,0,0
6564,Guyana,328,CentralAmerica,916,0,0,0,0,0,0,0,0,0,0,0,0,0,0,0,0,0,0,0,0,0
6565,Paraguay,600,CentralAmerica,916,3059,2440,1813,1727,1645,1605,1738,1512,1219,913,870,827,806,876,1547,1221,900,857,818,799,862
6566,Peru,604,CentralAmerica,916,1720,1727,2022,2376,3152,4595,8555,808,797,932,1107,1547,2526,4725,912,930,1090,1269,1605,2069,3830
6567,Suriname,740,CentralAmerica,916,0,0,0,0,0,0,0,0,0,0,0,0,0,0,0,0,0,0,0,0,0
6568,Uruguay,858,CentralAmerica,916,719,657,602,557,516,532,635,359,311,269,249,228,235,290,360,346,333,308,288,297,345
6569,VenezuelaBolivarianRepublicof,862,CentralAmerica,916,10594,9665,8870,9042,9337,9640,9077,4756,4358,4018,4080,4196,4259,3934,5838,5307,4852,4962,5141,5381,5143
6570,Bermuda,60,CentralAmerica,916,0,0,0,0,0,0,0,0,0,0,0,0,0,0,0,0,0,0,0,0,0
6571,Canada,124,CentralAmerica,916,66015,89631,115377,137120,151630,171095,185379,32138,43377,55657,66886,74789,81933,88781,33877,46254,59720,70234,76841,89162,96598
6572,Greenland,304,CentralAmerica,916,0,0,0,0,0,0,0,0,0,0,0,0,0,0,0,0,0,0,0,0,0
6573,SaintPierreandMiquelon,666,CentralAmerica,916,0,0,0,0,0,0,0,0,0,0,0,0,0,0,0,0,0,0,0,0,0
6574,UnitedStatesofAmerica,840,CentralAmerica,916,5425992,8422181,11480163,13103628,15171696,15137206,14758303,2865262,4473048,6120778,7013279,8016863,7920442,7665495,2560730,3949133,5359385,6090349,7154833,7216764,7092808
6575,Australia,36,CentralAmerica,916,11005,12746,13770,14529,16550,19290,22048,5383,6196,6686,7084,8129,9469,10718,5622,6550,7084,7445,8421,9821,11330
6576,NewZealand,554,CentralAmerica,916,0,0,0,0,0,0,0,0,0,0,0,0,0,0,0,0,0,0,0,0,0
6577,Melanesia,928,CentralAmerica,916,0,0,0,0,0,0,0,0,0,0,0,0,0,0,0,0,0,0,0,0,0
6578,Fiji,242,CentralAmerica,916,0,0,0,0,0,0,0,0,0,0,0,0,0,0,0,0,0,0,0,0,0
6579,NewCaledonia,540,CentralAmerica,916,0,0,0,0,0,0,0,0,0,0,0,0,0,0,0,0,0,0,0,0,0
6580,PapuaNewGuinea,598,CentralAmerica,916,0,0,0,0,0,0,0,0,0,0,0,0,0,0,0,0,0,0,0,0,0
6581,SolomonIslands,90,CentralAmerica,916,0,0,0,0,0,0,0,0,0,0,0,0,0,0,0,0,0,0,0,0,0
6582,Vanuatu,548,CentralAmerica,916,0,0,0,0,0,0,0,0,0,0,0,0,0,0,0,0,0,0,0,0,0
6583,Micronesia,954,CentralAmerica,916,0,0,0,0,0,0,0,0,0,0,0,0,0,0,0,0,0,0,0,0,0
6584,Guam,316,CentralAmerica,916,0,0,0,0,0,0,0,0,0,0,0,0,0,0,0,0,0,0,0,0,0
6585,Kiribati,296,CentralAmerica,916,0,0,0,0,0,0,0,0,0,0,0,0,0,0,0,0,0,0,0,0,0
6586,MarshallIslands,584,CentralAmerica,916,0,0,0,0,0,0,0,0,0,0,0,0,0,0,0,0,0,0,0,0,0
6587,MicronesiaFedStatesof,583,CentralAmerica,916,0,0,0,0,0,0,0,0,0,0,0,0,0,0,0,0,0,0,0,0,0
6588,Nauru,520,CentralAmerica,916,0,0,0,0,0,0,0,0,0,0,0,0,0,0,0,0,0,0,0,0,0
6589,NorthernMarianaIslands,580,CentralAmerica,916,0,0,0,0,0,0,0,0,0,0,0,0,0,0,0,0,0,0,0,0,0
6590,Palau,585,CentralAmerica,916,0,0,0,0,0,0,0,0,0,0,0,0,0,0,0,0,0,0,0,0,0
6591,Polynesia,957,CentralAmerica,916,0,0,0,0,0,0,0,0,0,0,0,0,0,0,0,0,0,0,0,0,0
6592,AmericanSamoa,16,CentralAmerica,916,0,0,0,0,0,0,0,0,0,0,0,0,0,0,0,0,0,0,0,0,0
6593,CookIslands,184,CentralAmerica,916,0,0,0,0,0,0,0,0,0,0,0,0,0,0,0,0,0,0,0,0,0
6594,FrenchPolynesia,258,CentralAmerica,916,0,0,0,0,0,0,0,0,0,0,0,0,0,0,0,0,0,0,0,0,0
6595,Niue,570,CentralAmerica,916,0,0,0,0,0,0,0,0,0,0,0,0,0,0,0,0,0,0,0,0,0
6596,Samoa,882,CentralAmerica,916,0,0,0,0,0,0,0,0,0,0,0,0,0,0,0,0,0,0,0,0,0
6597,Tokelau,772,CentralAmerica,916,0,0,0,0,0,0,0,0,0,0,0,0,0,0,0,0,0,0,0,0,0
6598,Tonga,776,CentralAmerica,916,0,0,0,0,0,0,0,0,0,0,0,0,0,0,0,0,0,0,0,0,0
6599,Tuvalu,798,CentralAmerica,916,0,0,0,0,0,0,0,0,0,0,0,0,0,0,0,0,0,0,0,0,0
6600,WallisandFutunaIslands,876,CentralAmerica,916,0,0,0,0,0,0,0,0,0,0,0,0,0,0,0,0,0,0,0,0,0
