,Destination,Destination_Code,Origin,Origin_Code,1990,1995,2000,2005,2010,2015,2020,1990.1,1995.1,2000.1,2005.1,2010.1,2015.1,2020.1,1990.2,1995.2,2000.2,2005.2,2010.2,2015.2,2020.2
0,SubSaharanAfrica,947,SubSaharanAfrica,947,11491413,12385544,11091197,11723891,12954574,16017580,17808594,6137524,6531078,5859981,6328179,6902119,8414178,9335728,5353889,5854466,5231216,5395712,6052455,7603402,8472866
1,SubSaharanAfrica,947,NorthernAfricaandWesternAsia,1833,269548,446209,533205,818996,613560,1145027,1239160,137100,227689,273080,409305,294282,554696,593971,132448,218520,260125,409691,319278,590331,645189
2,SubSaharanAfrica,947,CentralandSouthernAsia,921,37926,44360,57476,75963,121267,144452,128690,21805,26558,34986,45139,72177,90094,84521,16121,17802,22490,30824,49090,54358,44169
3,SubSaharanAfrica,947,EasternandSouthEasternAsia,1832,29235,28724,35275,37997,43826,48065,51394,15583,15287,17207,20052,24418,27324,30144,13652,13437,18068,17945,19408,20741,21250
4,SubSaharanAfrica,947,LatinAmericaandtheCaribbean,1830,8497,7946,8183,9240,17434,28430,30679,3786,3729,3879,4420,8324,14227,16055,4711,4217,4304,4820,9110,14203,14624
5,SubSaharanAfrica,947,OceaniaexcludingAustraliaandNewZealand,1835,178,109,76,94,735,1978,2068,80,55,46,54,367,1084,1148,98,54,30,40,368,894,920
6,SubSaharanAfrica,947,AustraliaandNewZealand,927,6774,5443,5418,6825,10093,9434,11054,2807,2429,2541,3086,4513,4599,5636,3967,3014,2877,3739,5580,4835,5418
7,SubSaharanAfrica,947,EuropeandNorthernAmerica,1829,451346,421399,464730,542868,508809,478832,527437,212917,212373,241694,277582,260125,245963,278517,238429,209026,223036,265286,248684,232869,248920
8,SubSaharanAfrica,947,Developedregions,901,459671,428086,471455,551191,521341,491242,541895,216563,215464,244903,281419,265793,251960,285895,243108,212622,226552,269772,255548,239282,256000
9,SubSaharanAfrica,947,Lessdevelopedregions,902,11835246,12911648,11724105,12664683,13748957,17382556,19257181,6315039,6803734,6188511,6806398,7300532,9100205,10059825,5520207,6107914,5535594,5858285,6448425,8282351,9197356
10,SubSaharanAfrica,947,Lessdevelopedregions,902,934,1486015,1673466,1910799,2402601,3021578,3799692,4090210,777617,871180,988812,1241273,1559794,1967424,2131044,708398,802286,921987,1161328,1461784,1832268
11,SubSaharanAfrica,947,Lessdevelopedregions,902,948,11815275,12890237,11695996,12634982,13718837,17352540,19226034,6303516,6791781,6174586,6790148,7282298,9081181,10039751,5511759,6098456,5521410,5844834,6436539,8271359
12,SubSaharanAfrica,947,Leastdevelopedcountries,941,10349231,11238182,9813306,10262082,10727379,13582864,15166971,5537422,5932554,5199699,5565125,5740738,7132781,7928781,4811809,5305628,4613607,4696957,4986641,6450083,7238190
13,SubSaharanAfrica,947,LandlockedDevelopingCountriesLLDC,1636,4544318,6239404,4861917,5115586,5567288,7665701,8887538,2489269,3311300,2623368,2838520,2997183,4085513,4692953,2055049,2928104,2238549,2277066,2570105,3580188,4194585
14,SubSaharanAfrica,947,SmallislanddevelopingStatesSIDS,1637,94183,112696,137118,164117,190540,215518,248644,47758,56650,69620,81134,92100,104429,121497,46425,56046,67498,82983,98440,111089,127147
15,SubSaharanAfrica,947,Highincomecountries,1503,473048,444472,490565,576651,557096,535733,590270,223954,224162,254644,293597,283181,274305,310892,249094,220310,235921,283054,273915,261428,279378
16,SubSaharanAfrica,947,Middleincomecountries,1517,3114727,3202066,3653833,4161144,4856430,5621984,6021306,1674484,1697777,1905558,2173378,2534970,2926464,3148962,1440243,1504289,1748275,1987766,2321460,2695520,2872344
17,SubSaharanAfrica,947,Uppermiddleincomecountries,1502,200693,220369,270088,313149,372607,386768,412419,110749,119410,142084,164359,194025,210503,229961,89944,100959,128004,148790,178582,176265,182458
18,SubSaharanAfrica,947,Lowermiddleincomecountries,1501,2914034,2981697,3383745,3847995,4483823,5235216,5608887,1563735,1578367,1763474,2009019,2340945,2715961,2919001,1350299,1403330,1620271,1838976,2142878,2519255,2689886
19,SubSaharanAfrica,947,Lowincomecountries,1500,8703001,9687644,8043817,8470451,8822395,11679184,13147474,4631025,5094513,4269714,4617198,4730538,6132520,6865282,4071976,4593131,3774103,3853253,4091857,5546664,6282192
20,SubSaharanAfrica,947,EasternAfrica,910,5617540,5578572,3912409,3787468,4353523,5984906,6865566,2966451,2910292,2064451,2090073,2334517,3116495,3557806,2651089,2668280,1847958,1697395,2019006,2868411,3307760
21,SubSaharanAfrica,947,MiddleAfrica,911,1259727,1240663,1757923,1877254,2063129,2762381,3155809,627046,623828,881791,967592,1035224,1410291,1617205,632681,616835,876132,909662,1027905,1352090,1538604
22,SubSaharanAfrica,947,NorthernAfrica,912,250443,428072,514762,802498,589508,1101911,1184951,126815,217635,262884,399743,281031,531548,563812,123628,210437,251878,402755,308477,570363,621139
23,SubSaharanAfrica,947,SouthernAfrica,913,335294,285854,305205,375017,526114,413393,435497,234681,180664,167886,200260,277709,201476,214253,100613,105190,137319,174757,248405,211917,221244
24,SubSaharanAfrica,947,WesternAfrica,914,4278852,5280455,5115660,5684152,6011808,6856900,7351722,2309346,2816294,2745853,3070254,3254669,3685916,3946464,1969506,2464161,2369807,2613898,2757139,3170984,3405258
25,SubSaharanAfrica,947,CentralAsia,5500,0,0,0,20,1517,1869,2188,0,0,0,8,867,1068,1254,0,0,0,12,650,801,934
26,SubSaharanAfrica,947,EasternAsia,906,23928,24440,31093,33217,36639,39098,41209,13395,13504,15525,18066,21374,23541,25336,10533,10936,15568,15151,15265,15557,15873
27,SubSaharanAfrica,947,SouthEasternAsia,920,5307,4284,4182,4780,7187,8967,10185,2188,1783,1682,1986,3044,3783,4808,3119,2501,2500,2794,4143,5184,5377
28,SubSaharanAfrica,947,SouthernAsia,5501,37926,44360,57476,75943,119750,142583,126502,21805,26558,34986,45131,71310,89026,83267,16121,17802,22490,30812,48440,53557,43235
29,SubSaharanAfrica,947,WesternAsia,922,19105,18137,18443,16498,24052,43116,54209,10285,10054,10196,9562,13251,23148,30159,8820,8083,8247,6936,10801,19968,24050
30,SubSaharanAfrica,947,EasternEurope,923,14628,13297,14932,17745,25220,31749,36130,7112,6782,7648,8987,12095,15040,19079,7516,6515,7284,8758,13125,16709,17051
31,SubSaharanAfrica,947,NorthernEurope,924,161639,146099,170840,208024,155281,105281,115166,70552,70124,85896,101946,75629,51118,57211,91087,75975,84944,106078,79652,54163,57955
32,SubSaharanAfrica,947,SouthernEurope,925,51009,47688,53747,66603,73210,76360,85347,25552,25881,30304,35859,38761,40140,47571,25457,21807,23443,30744,34449,36220,37776
33,SubSaharanAfrica,947,WesternEurope,926,198954,191686,201877,223885,228996,238807,261220,97714,98334,106206,117527,120328,125793,138784,101240,93352,95671,106358,108668,113014,122436
34,SubSaharanAfrica,947,Caribbean,915,2864,2836,2893,3004,7528,13068,13685,1305,1300,1299,1466,3695,6736,7149,1559,1536,1594,1538,3833,6332,6536
35,SubSaharanAfrica,947,CentralAmerica,916,337,249,235,305,438,989,1051,153,122,119,151,209,514,588,184,127,116,154,229,475,463
36,SubSaharanAfrica,947,SouthAmerica,931,5296,4861,5055,5931,9468,14373,15943,2328,2307,2461,2803,4420,6977,8318,2968,2554,2594,3128,5048,7396,7625
37,SubSaharanAfrica,947,Melanesia,928,106,65,45,57,82,136,146,41,29,25,29,41,75,90,65,36,20,28,41,61,56
38,SubSaharanAfrica,947,Micronesia,954,51,31,22,26,37,85,82,29,19,14,17,24,55,60,22,12,8,9,13,30,22
39,SubSaharanAfrica,947,Polynesia,957,21,13,9,11,616,1757,1840,10,7,7,8,302,954,998,11,6,2,3,314,803,842
40,SubSaharanAfrica,947,Burundi,108,332429,533207,748436,599707,255920,427361,513608,171451,273803,383523,376776,130369,212478,257385,160978,259404,364913,222931,125551,214883,256223
41,SubSaharanAfrica,947,Comoros,174,19472,28986,46425,61117,69422,78144,102762,11296,16135,24185,30913,33982,37645,49165,8176,12851,22240,30204,35440,40499,53597
42,SubSaharanAfrica,947,Djibouti,262,904,1901,3258,2389,2999,3720,3455,475,1154,2053,1362,1571,1901,1718,429,747,1205,1027,1428,1819,1737
43,SubSaharanAfrica,947,Eritrea,232,70202,35340,8068,11873,56412,221167,211752,36882,18888,4949,6809,28574,111958,104236,33320,16452,3119,5064,27838,109209,107516
44,SubSaharanAfrica,947,Ethiopia,231,504747,61479,34359,36038,103167,144646,127142,258359,32663,17621,19283,53080,80960,74740,246388,28816,16738,16755,50087,63686,52402
45,SubSaharanAfrica,947,Kenya,404,80749,83011,94099,99883,118344,124965,122582,36787,37511,43061,44802,54089,57468,57830,43962,45500,51038,55081,64255,67497,64752
46,SubSaharanAfrica,947,Madagascar,450,15847,20925,27202,31567,34653,36321,39185,7515,9926,12778,15070,16705,17524,18905,8332,10999,14424,16497,17948,18797,20280
47,SubSaharanAfrica,947,Malawi,454,131827,138232,172384,206036,243198,276696,287452,78419,82474,103311,121595,142550,162321,174136,53408,55758,69073,84441,100648,114375,113316
48,SubSaharanAfrica,947,Mauritius,480,6540,6941,8539,10843,12723,14964,16571,3990,3911,4463,5587,6290,7367,8765,2550,3030,4076,5256,6433,7597,7806
49,SubSaharanAfrica,947,Mayotte,175,1800,3893,6162,6410,6294,6507,6740,967,1924,2948,3107,3085,3173,3287,833,1969,3214,3303,3209,3334,3453
50,SubSaharanAfrica,947,Mozambique,508,2142318,731369,557159,575280,721335,509709,540877,1163469,446514,349894,368829,476674,308813,339967,978849,284855,207265,206451,244661,200896,200910
51,SubSaharanAfrica,947,Reunion,638,2100,1509,1079,1083,1126,1196,1246,1125,783,510,489,468,467,513,975,726,569,594,658,729,733
52,SubSaharanAfrica,947,Rwanda,646,539228,2048939,303299,261513,301556,465506,450482,272294,1015739,150664,129393,146791,229780,222146,266934,1033200,152635,132120,154765,235726,228336
53,SubSaharanAfrica,947,Seychelles,690,6626,9150,10752,14646,16618,17381,18267,3404,4704,5339,6646,7477,7846,8372,3222,4446,5413,8000,9141,9535,9895
54,SubSaharanAfrica,947,Somalia,706,731909,724472,645275,590237,877329,1137110,1033232,385929,371950,316253,301764,455954,582930,525738,345980,352522,329022,288473,421375,554180,507494
55,SubSaharanAfrica,947,SouthSudan,728,504409,427923,332587,217693,169963,762973,1648384,260393,227290,183682,117351,91603,391800,807546,244016,200633,148905,100342,78360,371173,840838
56,SubSaharanAfrica,947,Uganda,800,163864,224685,383256,431564,559655,591676,554097,83183,108892,187421,216655,274447,291720,274713,80681,115793,195835,214909,285208,299956,279384
57,SubSaharanAfrica,947,UnitedRepublicofTanzania,834,141273,162043,142133,150379,160206,166172,167621,75332,85191,71592,75922,79484,82377,84322,65941,76852,70541,74457,80722,83795,83299
58,SubSaharanAfrica,947,Zambia,894,58030,108452,121378,131127,121376,108933,107845,29152,52015,58622,63272,58219,52716,53168,28878,56437,62756,67855,63157,56217,54677
59,SubSaharanAfrica,947,Zimbabwe,716,163266,226115,266559,348083,521227,889759,912266,86029,118825,141582,184448,273105,475251,491154,77237,107290,124977,163635,248122,414508,421112
60,SubSaharanAfrica,947,Angola,24,651557,494821,690219,478238,441070,375315,385603,322029,251223,349764,237332,220526,193251,200330,329528,243598,340455,240906,220544,182064,185273
61,SubSaharanAfrica,947,Cameroon,120,65488,73520,83240,85604,100386,123463,159721,35263,39208,44231,44644,52422,67202,86510,30225,34312,39009,40960,47964,56261,73211
62,SubSaharanAfrica,947,CentralAfricanRepublic,140,19263,21181,26258,94192,211830,651956,767662,10319,10755,12703,42701,103280,331276,385346,8944,10426,13555,51491,108550,320680,382316
63,SubSaharanAfrica,947,Chad,148,123280,120656,118346,114053,104315,96567,96316,62955,61826,60947,62933,58536,54515,54471,60325,58830,57399,51120,45779,42052,41845
64,SubSaharanAfrica,947,Congo,178,33168,48124,62345,83843,79072,96061,103581,16915,24764,32259,41748,40549,48225,53649,16253,23360,30086,42095,38523,47836,49932
65,SubSaharanAfrica,947,DemocraticRepublicoftheCongo,180,324530,428263,711908,934138,1036341,1288899,1500845,158483,209253,349280,494342,514330,643566,757907,166047,219010,362628,439796,522011,645333,742938
66,SubSaharanAfrica,947,EquatorialGuinea,226,27732,36868,46102,53170,61609,96124,104343,13639,18111,22806,26549,31415,54995,59620,14093,18757,23296,26621,30194,41129,44723
67,SubSaharanAfrica,947,Gabon,266,6625,7186,7514,21212,14696,18259,20597,3467,3787,3964,11179,7558,9242,10440,3158,3399,3550,10033,7138,9017,10157
68,SubSaharanAfrica,947,SaoTomeandPrincipe,678,8084,10044,11991,12804,13810,15737,17141,3976,4901,5837,6164,6608,8019,8932,4108,5143,6154,6640,7202,7718,8209
69,SubSaharanAfrica,947,Algeria,12,6727,7044,6758,8680,6839,14864,15195,3080,3239,3091,4052,3302,8184,8400,3647,3805,3667,4628,3537,6680,6795
70,SubSaharanAfrica,947,Egypt,818,1663,1930,2558,3151,10119,11305,12418,913,1086,1422,1701,5497,6287,7208,750,844,1136,1450,4622,5018,5210
71,SubSaharanAfrica,947,Libya,434,6958,7036,7312,7195,8663,9490,10210,4063,4083,4249,4131,4999,5497,5909,2895,2953,3063,3064,3664,3993,4301
72,SubSaharanAfrica,947,Morocco,504,4990,4841,4381,4805,6083,7365,7893,2478,2405,2150,2427,3106,3852,4192,2512,2436,2231,2378,2977,3513,3701
73,SubSaharanAfrica,947,Sudan,729,229704,406823,493346,778232,531394,1029778,1107440,116106,206626,251753,387193,250227,492377,521277,113598,200197,241593,391039,281167,537401,586163
74,SubSaharanAfrica,947,Tunisia,788,401,398,407,435,409,1102,1143,175,196,219,239,230,627,665,226,202,188,196,179,475,478
75,SubSaharanAfrica,947,WesternSahara,732,0,0,0,0,26001,28007,30652,0,0,0,0,13670,14724,16161,0,0,0,0,12331,13283,14491
76,SubSaharanAfrica,947,Botswana,72,23203,20038,22882,28588,39272,49021,56567,17716,13966,14192,17456,23615,29472,36416,5487,6072,8690,11132,15657,19549,20151
77,SubSaharanAfrica,947,Eswatini,748,34614,29199,32371,42484,66228,42943,46394,25315,19307,18319,23548,36486,21041,22647,9299,9892,14052,18936,29742,21902,23747
78,SubSaharanAfrica,947,Lesotho,426,190957,136062,119801,158010,241995,190083,200642,145727,93856,66877,85006,129462,85451,88883,45230,42206,52924,73004,112533,104632,111759
79,SubSaharanAfrica,947,Namibia,516,14389,25820,46110,60945,94149,43747,39961,8598,13843,23287,30057,46312,21906,19986,5791,11977,22823,30888,47837,21841,19975
80,SubSaharanAfrica,947,SouthAfrica,710,72131,74735,84041,84990,84470,87599,91933,37325,39692,45211,44193,41834,43606,46321,34806,35043,38830,40797,42636,43993,45612
81,SubSaharanAfrica,947,Benin,204,219427,259605,310720,479471,512999,602769,644492,118687,139679,165129,266529,282391,323480,344394,100740,119926,145591,212942,230608,279289,300098
82,SubSaharanAfrica,947,BurkinaFaso,854,1014852,1205630,1265740,1331642,1408974,1489836,1565304,569592,675333,707505,744896,786065,831478,873271,445260,530297,558235,586746,622909,658358,692033
83,SubSaharanAfrica,947,CaboVerde,132,11070,11838,12211,14621,16304,17546,18189,5933,6177,6270,7258,8025,8589,9188,5137,5661,5941,7363,8279,8957,9001
84,SubSaharanAfrica,947,CotedIvoire,384,315601,385794,462179,601380,780089,869665,922034,160333,196388,232053,295731,383852,430161,456611,155268,189406,230126,305649,396237,439504,465423
85,SubSaharanAfrica,947,Gambia,270,23577,19795,19469,18800,18846,19881,20075,12193,10152,9791,9848,9692,10119,10208,11384,9643,9678,8952,9154,9762,9867
86,SubSaharanAfrica,947,Ghana,288,242520,250021,267001,375219,398307,455623,481028,112823,115619,124988,190204,197928,221625,234210,129697,134402,142013,185015,200379,233998,246818
87,SubSaharanAfrica,947,Guinea,324,336696,344620,349174,344960,371460,391492,410743,192143,195327,195596,193671,207682,217332,230345,144553,149293,153578,151289,163778,174160,180398
88,SubSaharanAfrica,947,GuineaBissau,624,38507,42151,43622,46218,51644,54496,57415,17417,19181,21905,22703,24762,26019,27383,21090,22970,21717,23515,26882,28477,30032
89,SubSaharanAfrica,947,Liberia,430,498483,507561,196585,282862,126969,100414,106383,250532,249031,95769,136723,62571,50732,53977,247951,258530,100816,146139,64398,49682,52406
90,SubSaharanAfrica,947,Mali,466,593691,764295,713669,818724,890388,1111543,1164370,325642,415576,392413,454213,492369,618768,647141,268049,348719,321256,364511,398019,492775,517229
91,SubSaharanAfrica,947,Mauritania,478,118648,134870,89062,76926,80087,79541,91846,64231,73614,52865,45168,47361,47616,54532,54417,61256,36197,31758,32726,31925,37314
92,SubSaharanAfrica,947,Niger,562,145923,172777,200144,295543,325538,362860,385170,92324,108675,123733,178649,195568,214448,227405,53599,64102,76411,116894,129970,148412,157765
93,SubSaharanAfrica,947,Nigeria,566,267662,262829,260227,313024,368664,555816,673280,148757,148168,147861,175365,209036,293799,351917,118905,114661,112366,137659,159628,262017,321363
94,SubSaharanAfrica,947,SaintHelena,654,220,137,95,124,180,232,269,37,32,33,40,59,76,110,183,105,62,84,121,156,159
95,SubSaharanAfrica,947,Senegal,686,235531,212318,233412,236216,242928,255018,277706,133897,119314,132434,134135,140242,149331,162490,101634,93004,100978,102081,102686,105687,115216
96,SubSaharanAfrica,947,SierraLeone,694,41976,422743,458216,85644,51631,51504,55152,20837,210561,226215,41033,25743,27006,29043,21139,212182,232001,44611,25888,24498,26109
97,SubSaharanAfrica,947,Togo,768,174468,283471,234134,362778,366800,438664,478266,83968,133467,111293,174088,181323,215337,234239,90500,150004,122841,188690,185477,223327,244027
98,SubSaharanAfrica,947,Kazakhstan,398,0,0,0,0,1488,1830,2146,0,0,0,0,856,1052,1235,0,0,0,0,632,778,911
99,SubSaharanAfrica,947,Kyrgyzstan,417,0,0,0,20,29,37,42,0,0,0,8,11,14,19,0,0,0,12,18,23,23
100,SubSaharanAfrica,947,Tajikistan,762,0,0,0,0,0,1,0,0,0,0,0,0,1,0,0,0,0,0,0,0,0
101,SubSaharanAfrica,947,Turkmenistan,795,0,0,0,0,0,0,0,0,0,0,0,0,0,0,0,0,0,0,0,0,0
102,SubSaharanAfrica,947,Uzbekistan,860,0,0,0,0,0,1,0,0,0,0,0,0,1,0,0,0,0,0,0,0,0
103,SubSaharanAfrica,947,China,156,18094,20291,27405,28788,28802,28319,29182,10623,11391,13556,15791,17598,18208,19007,7471,8900,13849,12997,11204,10111,10175
104,SubSaharanAfrica,947,China,156,344,1877,1120,704,913,1318,1697,1965,900,562,369,459,636,816,1067,977,558,335,454,682,881
105,SubSaharanAfrica,947,China,156,446,0,0,0,0,0,0,0,0,0,0,0,0,0,0,0,0,0,0,0,0
106,SubSaharanAfrica,947,China,156,158,0,0,0,0,0,0,0,0,0,0,0,0,0,0,0,0,0,0,0,0
107,SubSaharanAfrica,947,DemPeoplesRepublicofKorea,408,394,348,415,405,1884,3515,3800,231,237,305,277,929,1828,1970,163,111,110,128,955,1687,1830
108,SubSaharanAfrica,947,Japan,392,1551,1244,1307,1498,2439,2976,3404,839,662,668,751,1155,1398,1742,712,582,639,747,1284,1578,1662
109,SubSaharanAfrica,947,Mongolia,496,0,0,0,0,0,0,0,0,0,0,0,0,0,0,0,0,0,0,0,0,0
110,SubSaharanAfrica,947,RepublicofKorea,410,2012,1437,1262,1613,2196,2591,2858,802,652,627,788,1056,1291,1550,1210,785,635,825,1140,1300,1308
111,SubSaharanAfrica,947,BruneiDarussalam,96,23,14,10,12,17,21,24,9,6,4,5,7,9,12,14,8,6,7,10,12,12
112,SubSaharanAfrica,947,Cambodia,116,0,0,0,0,0,9,7,0,0,0,0,0,5,5,0,0,0,0,0,4,2
113,SubSaharanAfrica,947,Indonesia,360,1326,983,858,943,1195,1491,1702,523,489,535,532,602,751,947,803,494,323,411,593,740,755
114,SubSaharanAfrica,947,LaoPeoplesDemocraticRepublic,418,33,20,14,17,24,30,34,8,7,8,10,14,18,22,25,13,6,7,10,12,12
115,SubSaharanAfrica,947,Malaysia,458,925,587,431,552,785,1006,1156,78,97,125,142,178,227,363,847,490,306,410,607,779,793
116,SubSaharanAfrica,947,Myanmar,104,211,131,91,119,173,225,258,45,36,35,42,57,75,105,166,95,56,77,116,150,153
117,SubSaharanAfrica,947,Philippines,608,1930,1519,1375,1629,2104,2530,2809,1219,793,516,730,1018,1215,1464,711,726,859,899,1086,1315,1345
118,SubSaharanAfrica,947,Singapore,702,427,352,382,503,1395,1759,2051,177,164,192,242,701,880,1100,250,188,190,261,694,879,951
119,SubSaharanAfrica,947,Thailand,764,265,566,935,902,1356,1717,1942,81,150,226,237,410,529,693,184,416,709,665,946,1188,1249
120,SubSaharanAfrica,947,TimorLeste,626,11,14,17,13,8,8,7,6,8,10,8,5,5,5,5,6,7,5,3,3,2
121,SubSaharanAfrica,947,VietNam,704,156,98,69,90,130,171,195,42,33,31,38,52,69,92,114,65,38,52,78,102,103
122,SubSaharanAfrica,947,Afghanistan,4,123,97,88,97,503,614,709,63,49,43,48,359,443,521,60,48,45,49,144,171,188
123,SubSaharanAfrica,947,Bangladesh,50,2648,1795,1569,5339,19779,31670,24352,1828,1235,990,2389,11153,20229,17601,820,560,579,2950,8626,11441,6751
124,SubSaharanAfrica,947,Bhutan,64,0,0,0,0,0,3,1,0,0,0,0,0,2,1,0,0,0,0,0,1,0
125,SubSaharanAfrica,947,India,356,29089,35707,46937,58362,79214,81733,78397,16352,20833,27706,34540,46778,50204,48950,12737,14874,19231,23822,32436,31529,29447
126,SubSaharanAfrica,947,IranIslamicRepublicof,364,725,467,336,421,596,759,877,296,215,181,217,296,376,487,429,252,155,204,300,383,390
127,SubSaharanAfrica,947,Maldives,462,56,35,25,48,79,96,104,29,20,16,31,51,64,73,27,15,9,17,28,32,31
128,SubSaharanAfrica,947,Nepal,524,152,110,92,168,258,330,349,76,54,42,117,199,253,274,76,56,50,51,59,77,75
129,SubSaharanAfrica,947,Pakistan,586,3432,4644,6875,8915,16145,23684,17772,2362,3363,5130,6515,11032,15727,13432,1070,1281,1745,2400,5113,7957,4340
130,SubSaharanAfrica,947,SriLanka,144,1701,1505,1554,2593,3176,3694,3941,799,789,878,1274,1442,1728,1928,902,716,676,1319,1734,1966,2013
131,SubSaharanAfrica,947,Armenia,51,94,89,84,66,63,70,71,93,89,82,65,63,70,71,1,0,2,1,0,0,0
132,SubSaharanAfrica,947,Azerbaijan,31,0,0,0,0,0,5,3,0,0,0,0,0,5,3,0,0,0,0,0,0,0
133,SubSaharanAfrica,947,Bahrain,48,233,168,135,142,181,220,247,106,63,30,27,87,109,135,127,105,105,115,94,111,112
134,SubSaharanAfrica,947,Cyprus,196,949,1312,2076,2725,3962,5105,5924,369,645,1090,1373,1922,2468,3233,580,667,986,1352,2040,2637,2691
135,SubSaharanAfrica,947,Georgia,268,0,0,0,0,0,0,0,0,0,0,0,0,0,0,0,0,0,0,0,0,0
136,SubSaharanAfrica,947,Iraq,368,219,170,152,176,227,282,319,139,108,100,116,155,193,228,80,62,52,60,72,89,91
137,SubSaharanAfrica,947,Israel,376,2631,2062,2054,2629,4833,6143,7127,1297,1081,1116,1379,2479,3143,3974,1334,981,938,1250,2354,3000,3153
138,SubSaharanAfrica,947,Jordan,400,54,34,24,31,45,60,67,24,17,14,19,27,37,44,30,17,10,12,18,23,23
139,SubSaharanAfrica,947,Kuwait,414,119,86,69,82,94,123,139,66,49,42,51,63,82,98,53,37,27,31,31,41,41
140,SubSaharanAfrica,947,Lebanon,422,9964,9863,10025,6807,6790,8458,8758,5878,5770,5655,4441,4389,5570,5820,4086,4093,4370,2366,2401,2888,2938
141,SubSaharanAfrica,947,Oman,512,33,20,14,17,24,31,35,14,10,8,10,14,19,23,19,10,6,7,10,12,12
142,SubSaharanAfrica,947,Qatar,634,0,0,0,0,0,0,0,0,0,0,0,0,0,0,0,0,0,0,0,0,0
143,SubSaharanAfrica,947,SaudiArabia,682,2736,2684,2266,2127,3347,3855,4278,1300,1358,1179,1118,1638,1869,2115,1436,1326,1087,1009,1709,1986,2163
144,SubSaharanAfrica,947,StateofPalestine,275,232,204,189,203,189,260,289,66,80,93,96,81,113,137,166,124,96,107,108,147,152
145,SubSaharanAfrica,947,SyrianArabRepublic,760,314,286,278,297,266,527,835,137,144,153,165,145,296,487,177,142,125,132,121,231,348
146,SubSaharanAfrica,947,Turkey,792,850,608,533,670,952,1247,1519,516,381,345,427,597,786,1011,334,227,188,243,355,461,508
147,SubSaharanAfrica,947,UnitedArabEmirates,784,237,175,144,168,2655,3283,3842,91,78,75,85,1381,1706,2013,146,97,69,83,1274,1577,1829
148,SubSaharanAfrica,947,Yemen,887,440,376,400,358,424,13447,20756,189,181,214,190,210,6682,10767,251,195,186,168,214,6765,9989
149,SubSaharanAfrica,947,Belarus,112,113,93,101,132,192,247,286,55,47,51,63,88,113,150,58,46,50,69,104,134,136
150,SubSaharanAfrica,947,Bulgaria,100,3881,2436,1694,2206,3194,4113,4769,1590,1110,900,1133,1586,2038,2651,2291,1326,794,1073,1608,2075,2118
151,SubSaharanAfrica,947,Czechia,203,1065,886,939,1181,1680,2142,2479,549,467,498,614,854,1090,1404,516,419,441,567,826,1052,1075
152,SubSaharanAfrica,947,Hungary,348,10,9,9,8,8,8,7,1,1,0,0,0,0,0,9,8,9,8,8,8,7
153,SubSaharanAfrica,947,Poland,616,1905,2769,4401,5675,8136,10445,12127,880,1402,2264,2825,3911,5011,6573,1025,1367,2137,2850,4225,5434,5554
154,SubSaharanAfrica,947,RepublicofMoldova,498,0,0,0,0,0,3,1,0,0,0,0,0,2,1,0,0,0,0,0,1,0
155,SubSaharanAfrica,947,Romania,642,818,674,721,926,1331,1712,1981,391,335,357,438,599,769,1020,427,339,364,488,732,943,961
156,SubSaharanAfrica,947,RussianFederation,643,4321,4282,4802,4928,6973,8408,9089,2287,2210,2320,2513,3251,3784,4375,2034,2072,2482,2415,3722,4624,4714
157,SubSaharanAfrica,947,Slovakia,703,201,164,177,233,339,437,507,146,121,131,170,244,314,382,55,43,46,63,95,123,125
158,SubSaharanAfrica,947,Ukraine,804,2314,1984,2088,2456,3367,4234,4884,1213,1089,1127,1231,1562,1919,2523,1101,895,961,1225,1805,2315,2361
159,SubSaharanAfrica,947,ChannelIslands,830,0,0,0,0,0,0,0,0,0,0,0,0,0,0,0,0,0,0,0,0,0
160,SubSaharanAfrica,947,Denmark,208,1418,1307,1479,1872,2601,3278,3712,572,640,810,986,1326,1666,2072,846,667,669,886,1275,1612,1640
161,SubSaharanAfrica,947,Estonia,233,68,56,61,80,116,149,172,55,46,49,65,94,121,144,13,10,12,15,22,28,28
162,SubSaharanAfrica,947,FaroeIslands,234,0,0,0,0,0,0,0,0,0,0,0,0,0,0,0,0,0,0,0,0,0
163,SubSaharanAfrica,947,Finland,246,692,480,377,440,600,755,865,186,140,114,121,152,192,291,506,340,263,319,448,563,574
164,SubSaharanAfrica,947,Iceland,352,16,13,14,17,24,30,34,11,10,12,14,20,25,29,5,3,2,3,4,5,5
165,SubSaharanAfrica,947,Ireland,372,6093,5014,5377,7154,10396,13265,15328,2731,2340,2503,3180,4412,5589,7481,3362,2674,2874,3974,5984,7676,7847
166,SubSaharanAfrica,947,IsleofMan,833,0,0,0,0,0,0,0,0,0,0,0,0,0,0,0,0,0,0,0,0,0
167,SubSaharanAfrica,947,Latvia,428,199,163,176,232,337,457,523,135,112,120,156,223,299,364,64,51,56,76,114,158,159
168,SubSaharanAfrica,947,Lithuania,440,192,157,169,222,323,416,482,84,71,77,95,132,169,230,108,86,92,127,191,247,252
169,SubSaharanAfrica,947,Norway,578,737,629,665,905,1293,1590,1800,319,282,299,399,550,672,856,418,347,366,506,743,918,944
170,SubSaharanAfrica,947,Sweden,752,1553,1497,1487,1020,936,1054,1063,836,795,777,624,513,578,609,717,702,710,396,423,476,454
171,SubSaharanAfrica,947,UnitedKingdom,826,150671,136783,161035,196082,138655,84287,91187,65623,65688,81135,96306,68207,41807,45135,85048,71095,79900,99776,70448,42480,46052
172,SubSaharanAfrica,947,Albania,8,78,63,69,90,1159,1443,1686,34,28,31,38,514,640,765,44,35,38,52,645,803,921
173,SubSaharanAfrica,947,Andorra,20,0,0,0,0,835,1033,1208,0,0,0,0,439,544,639,0,0,0,0,396,489,569
174,SubSaharanAfrica,947,BosniaandHerzegovina,70,147,91,79,112,163,212,243,42,31,39,45,62,82,111,105,60,40,67,101,130,132
175,SubSaharanAfrica,947,Croatia,191,479,391,428,553,1597,2032,2364,254,213,232,288,908,1153,1417,225,178,196,265,689,879,947
176,SubSaharanAfrica,947,Gibraltar,292,26,21,23,30,43,55,63,21,17,17,23,33,43,51,5,4,6,7,10,12,12
177,SubSaharanAfrica,947,Greece,300,3231,3071,3831,5219,7454,9596,11130,1479,1605,2149,2852,3936,5040,6472,1752,1466,1682,2367,3518,4556,4658
178,SubSaharanAfrica,947,HolySee,336,0,0,0,0,0,0,0,0,0,0,0,0,0,0,0,0,0,0,0,0,0
179,SubSaharanAfrica,947,Italy,380,13577,11853,12880,16439,22362,28154,32186,7040,6458,7200,8965,11800,14741,18421,6537,5395,5680,7474,10562,13413,13765
180,SubSaharanAfrica,947,Malta,470,163,133,144,188,273,352,408,52,46,50,60,80,103,154,111,87,94,128,193,249,254
181,SubSaharanAfrica,947,Montenegro,499,0,0,0,0,0,0,0,0,0,0,0,0,0,0,0,0,0,0,0,0,0
182,SubSaharanAfrica,947,NorthMacedonia,807,59,48,51,66,96,124,143,46,38,39,51,74,96,115,13,10,12,15,22,28,28
183,SubSaharanAfrica,947,Portugal,620,29413,28492,32427,38874,32146,24543,25990,14799,15635,18477,20831,17219,13103,13857,14614,12857,13950,18043,14927,11440,12133
184,SubSaharanAfrica,947,SanMarino,674,0,0,0,0,0,0,0,0,0,0,0,0,0,0,0,0,0,0,0,0,0
185,SubSaharanAfrica,947,Serbia,688,1964,1550,1600,2143,3119,4025,4670,798,730,848,1085,1510,1941,2543,1166,820,752,1058,1609,2084,2127
186,SubSaharanAfrica,947,Slovenia,705,15,42,66,52,50,71,69,8,23,37,29,27,41,40,7,19,29,23,23,30,29
187,SubSaharanAfrica,947,Spain,724,1857,1933,2149,2837,3913,4720,5187,979,1057,1185,1592,2159,2613,2986,878,876,964,1245,1754,2107,2201
188,SubSaharanAfrica,947,Austria,40,4444,3408,3098,3638,4972,6213,7153,2010,1738,1773,2039,2722,3376,4245,2434,1670,1325,1599,2250,2837,2908
189,SubSaharanAfrica,947,Belgium,56,7385,5542,4672,5686,7768,9860,11352,3542,2843,2536,3003,3982,5061,6395,3843,2699,2136,2683,3786,4799,4957
190,SubSaharanAfrica,947,France,250,110678,124649,142424,154885,166650,182278,196790,58343,66410,76170,83070,89572,98099,106066,52335,58239,66254,71815,77078,84179,90724
191,SubSaharanAfrica,947,Germany,276,51856,41752,39600,44789,35594,27096,30434,23218,19573,19208,21499,16908,12708,14320,28638,22179,20392,23290,18686,14388,16114
192,SubSaharanAfrica,947,Liechtenstein,438,0,0,0,0,0,4,2,0,0,0,0,0,1,1,0,0,0,0,0,3,1
193,SubSaharanAfrica,947,Luxembourg,442,83,80,80,66,67,71,76,36,35,33,26,25,26,31,47,45,47,40,42,45,45
194,SubSaharanAfrica,947,Monaco,492,11,9,11,14,20,25,29,6,6,9,12,17,22,26,5,3,2,2,3,3,3
195,SubSaharanAfrica,947,Netherlands,528,19109,12920,10082,12805,11492,10343,12095,8117,6177,5569,6925,5997,5176,6047,10992,6743,4513,5880,5495,5167,6048
196,SubSaharanAfrica,947,Switzerland,756,5388,3326,1910,2002,2433,2917,3289,2442,1552,908,953,1105,1324,1653,2946,1774,1002,1049,1328,1593,1636
197,SubSaharanAfrica,947,Anguilla,660,0,0,0,0,0,0,0,0,0,0,0,0,0,0,0,0,0,0,0,0,0
198,SubSaharanAfrica,947,AntiguaandBarbuda,28,693,662,616,487,469,4911,4766,275,265,248,195,189,2731,2652,418,397,368,292,280,2180,2114
199,SubSaharanAfrica,947,Aruba,533,0,0,0,0,0,0,0,0,0,0,0,0,0,0,0,0,0,0,0,0,0
200,SubSaharanAfrica,947,Bahamas,44,74,70,67,52,50,61,61,19,18,17,13,13,18,18,55,52,50,39,37,43,43
201,SubSaharanAfrica,947,Barbados,52,30,18,13,16,23,40,42,19,12,11,13,13,27,30,11,6,2,3,10,13,12
202,SubSaharanAfrica,947,Bonaire,16,535,0,0,0,0,0,0,0,0,0,0,0,0,0,0,0,0,0,0,0,0
203,SubSaharanAfrica,947,BritishVirginIslands,92,23,14,10,12,424,521,609,12,8,8,9,185,227,266,11,6,2,3,239,294,343
204,SubSaharanAfrica,947,CaymanIslands,136,0,0,0,0,0,0,0,0,0,0,0,0,0,0,0,0,0,0,0,0,0
205,SubSaharanAfrica,947,Cuba,192,1780,1891,2044,2248,4328,4721,4947,890,924,946,1150,2291,2463,2684,890,967,1098,1098,2037,2258,2263
206,SubSaharanAfrica,947,CuraÃao,531,0,0,0,0,0,0,0,0,0,0,0,0,0,0,0,0,0,0,0,0,0
207,SubSaharanAfrica,947,Dominica,212,0,0,0,0,0,13,11,0,0,0,0,0,4,4,0,0,0,0,0,9,7
208,SubSaharanAfrica,947,DominicanRepublic,214,0,0,0,0,0,2,0,0,0,0,0,0,1,0,0,0,0,0,0,1,0
209,SubSaharanAfrica,947,Grenada,308,0,0,0,0,300,369,431,0,0,0,0,129,159,187,0,0,0,0,171,210,244
210,SubSaharanAfrica,947,Guadeloupe,312,0,0,0,0,760,935,1096,0,0,0,0,342,421,495,0,0,0,0,418,514,601
211,SubSaharanAfrica,947,Haiti,332,0,0,0,0,0,25,22,0,0,0,0,0,13,12,0,0,0,0,0,12,10
212,SubSaharanAfrica,947,Jamaica,388,192,119,82,107,155,199,231,51,39,36,42,57,73,103,141,80,46,65,98,126,128
213,SubSaharanAfrica,947,Martinique,474,0,0,0,0,0,0,0,0,0,0,0,0,0,0,0,0,0,0,0,0,0
214,SubSaharanAfrica,947,Montserrat,500,0,0,0,0,0,0,0,0,0,0,0,0,0,0,0,0,0,0,0,0,0
215,SubSaharanAfrica,947,PuertoRico,630,0,0,0,0,0,0,0,0,0,0,0,0,0,0,0,0,0,0,0,0,0
216,SubSaharanAfrica,947,SaintBarthelemy,652,0,0,0,0,0,0,0,0,0,0,0,0,0,0,0,0,0,0,0,0,0
217,SubSaharanAfrica,947,SaintKittsandNevis,659,26,16,11,14,20,25,29,14,9,7,9,13,16,20,12,7,4,5,7,9,9
218,SubSaharanAfrica,947,SaintLucia,662,0,0,0,0,0,0,0,0,0,0,0,0,0,0,0,0,0,0,0,0,0
219,SubSaharanAfrica,947,SaintMartinFrenchpart,663,0,0,0,0,0,0,0,0,0,0,0,0,0,0,0,0,0,0,0,0,0
220,SubSaharanAfrica,947,SaintVincentandtheGrenadines,670,0,0,0,0,0,30,27,0,0,0,0,0,19,18,0,0,0,0,0,11,9
221,SubSaharanAfrica,947,SintMaartenDutchpart,534,0,0,0,0,0,0,0,0,0,0,0,0,0,0,0,0,0,0,0,0,0
222,SubSaharanAfrica,947,TrinidadandTobago,780,26,16,11,14,20,25,29,15,9,5,7,10,13,17,11,7,6,7,10,12,12
223,SubSaharanAfrica,947,TurksandCaicosIslands,796,0,0,0,0,536,659,771,0,0,0,0,236,290,340,0,0,0,0,300,369,431
224,SubSaharanAfrica,947,UnitedStatesVirginIslands,850,20,30,39,54,443,532,613,10,16,21,28,217,261,303,10,14,18,26,226,271,310
225,SubSaharanAfrica,947,Belize,84,0,0,0,0,0,2,0,0,0,0,0,0,2,0,0,0,0,0,0,0,0
226,SubSaharanAfrica,947,CostaRica,188,0,0,0,0,0,118,112,0,0,0,0,0,73,71,0,0,0,0,0,45,41
227,SubSaharanAfrica,947,ElSalvador,222,0,0,0,0,0,4,2,0,0,0,0,0,2,2,0,0,0,0,0,2,0
228,SubSaharanAfrica,947,Guatemala,320,90,56,38,50,72,92,106,54,36,26,35,50,64,78,36,20,12,15,22,28,28
229,SubSaharanAfrica,947,Honduras,340,0,0,0,0,0,298,285,0,0,0,0,0,166,161,0,0,0,0,0,132,124
230,SubSaharanAfrica,947,Mexico,484,82,91,126,163,233,299,345,50,50,62,77,105,134,177,32,41,64,86,128,165,168
231,SubSaharanAfrica,947,Nicaragua,558,106,66,46,60,87,117,133,26,20,18,22,30,42,59,80,46,28,38,57,75,74
232,SubSaharanAfrica,947,Panama,591,59,36,25,32,46,59,68,23,16,13,17,24,31,40,36,20,12,15,22,28,28
233,SubSaharanAfrica,947,Argentina,32,762,844,1139,1436,2007,2689,3083,283,380,557,677,908,1228,1597,479,464,582,759,1099,1461,1486
234,SubSaharanAfrica,947,BoliviaPlurinationalStateof,68,158,98,69,90,131,173,198,69,37,13,14,17,23,47,89,61,56,76,114,150,151
235,SubSaharanAfrica,947,Brazil,76,2780,2823,2935,3233,3998,4689,5262,1122,1301,1421,1543,1845,2134,2634,1658,1522,1514,1690,2153,2555,2628
236,SubSaharanAfrica,947,Chile,152,698,450,325,403,1811,2262,2636,442,278,182,213,963,1201,1452,256,172,143,190,848,1061,1184
237,SubSaharanAfrica,947,Colombia,170,118,159,249,328,477,3238,3233,71,74,95,116,157,1718,1755,47,85,154,212,320,1520,1478
238,SubSaharanAfrica,947,Ecuador,218,0,0,0,0,0,2,0,0,0,0,0,0,2,0,0,0,0,0,0,0,0
239,SubSaharanAfrica,947,FalklandIslandsMalvinas,238,0,0,0,0,0,0,0,0,0,0,0,0,0,0,0,0,0,0,0,0,0
240,SubSaharanAfrica,947,FrenchGuiana,254,0,0,0,0,0,0,0,0,0,0,0,0,0,0,0,0,0,0,0,0,0
241,SubSaharanAfrica,947,Guyana,328,54,34,24,31,45,58,67,16,13,12,14,20,26,35,38,21,12,17,25,32,32
242,SubSaharanAfrica,947,Paraguay,600,116,72,50,65,94,121,140,44,31,26,32,45,58,76,72,41,24,33,49,63,64
243,SubSaharanAfrica,947,Peru,604,203,128,90,116,166,213,245,90,63,53,64,89,114,144,113,65,37,52,77,99,101
244,SubSaharanAfrica,947,Suriname,740,0,0,0,0,0,0,0,0,0,0,0,0,0,0,0,0,0,0,0,0,0
245,SubSaharanAfrica,947,Uruguay,858,111,69,48,63,498,618,720,73,48,36,46,258,322,381,38,21,12,17,240,296,339
246,SubSaharanAfrica,947,VenezuelaBolivarianRepublicof,862,296,184,126,166,241,310,359,118,82,66,84,118,151,197,178,102,60,82,123,159,162
247,SubSaharanAfrica,947,Bermuda,60,61,38,26,33,48,61,70,23,18,16,21,30,38,47,38,20,10,12,18,23,23
248,SubSaharanAfrica,947,Canada,124,4756,4369,4679,5509,6794,8219,9277,2148,2188,2452,2860,3389,4083,5030,2608,2181,2227,2649,3405,4136,4247
249,SubSaharanAfrica,947,Greenland,304,0,0,0,0,0,0,0,0,0,0,0,0,0,0,0,0,0,0,0,0,0
250,SubSaharanAfrica,947,SaintPierreandMiquelon,666,0,0,0,0,0,0,0,0,0,0,0,0,0,0,0,0,0,0,0,0,0
251,SubSaharanAfrica,947,UnitedStatesofAmerica,840,20299,18222,18629,21069,19260,18355,20227,9816,9046,9172,10382,9893,9751,10795,10483,9176,9457,10687,9367,8604,9432
252,SubSaharanAfrica,947,Australia,36,5294,4190,4032,5031,7506,6114,7204,2184,1820,1798,2163,3231,2960,3502,3110,2370,2234,2868,4275,3154,3702
253,SubSaharanAfrica,947,NewZealand,554,1480,1253,1386,1794,2587,3320,3850,623,609,743,923,1282,1639,2134,857,644,643,871,1305,1681,1716
254,SubSaharanAfrica,947,Fiji,242,47,29,20,25,36,49,54,20,14,12,14,20,28,34,27,15,8,11,16,21,20
255,SubSaharanAfrica,947,NewCaledonia,540,0,0,0,0,0,0,0,0,0,0,0,0,0,0,0,0,0,0,0,0,0
256,SubSaharanAfrica,947,PapuaNewGuinea,598,59,36,25,32,46,75,82,21,15,13,15,21,39,48,38,21,12,17,25,36,34
257,SubSaharanAfrica,947,SolomonIslands,90,0,0,0,0,0,12,10,0,0,0,0,0,8,8,0,0,0,0,0,4,2
258,SubSaharanAfrica,947,Vanuatu,548,0,0,0,0,0,0,0,0,0,0,0,0,0,0,0,0,0,0,0,0,0
259,SubSaharanAfrica,947,Guam,316,0,0,0,0,0,0,0,0,0,0,0,0,0,0,0,0,0,0,0,0,0
260,SubSaharanAfrica,947,Kiribati,296,0,0,0,0,0,3,1,0,0,0,0,0,3,1,0,0,0,0,0,0,0
261,SubSaharanAfrica,947,MarshallIslands,584,0,0,0,0,0,6,4,0,0,0,0,0,3,3,0,0,0,0,0,3,1
262,SubSaharanAfrica,947,MicronesiaFedStatesof,583,0,0,0,0,0,3,1,0,0,0,0,0,1,1,0,0,0,0,0,2,0
263,SubSaharanAfrica,947,Nauru,520,23,14,10,12,17,39,40,9,6,4,5,7,21,24,14,8,6,7,10,18,16
264,SubSaharanAfrica,947,NorthernMarianaIslands,580,28,17,12,14,20,25,29,20,13,10,12,17,22,26,8,4,2,2,3,3,3
265,SubSaharanAfrica,947,Palau,585,0,0,0,0,0,9,7,0,0,0,0,0,5,5,0,0,0,0,0,4,2
266,SubSaharanAfrica,947,AmericanSamoa,16,0,0,0,0,322,395,462,0,0,0,0,151,185,218,0,0,0,0,171,210,244
267,SubSaharanAfrica,947,CookIslands,184,0,0,0,0,0,0,0,0,0,0,0,0,0,0,0,0,0,0,0,0,0
268,SubSaharanAfrica,947,FrenchPolynesia,258,0,0,0,0,278,341,398,0,0,0,0,139,170,200,0,0,0,0,139,171,198
269,SubSaharanAfrica,947,Niue,570,21,13,9,11,16,20,23,10,7,7,8,12,15,18,11,6,2,3,4,5,5
270,SubSaharanAfrica,947,Samoa,882,0,0,0,0,0,28,25,0,0,0,0,0,17,16,0,0,0,0,0,11,9
271,SubSaharanAfrica,947,Tokelau,772,0,0,0,0,0,0,0,0,0,0,0,0,0,0,0,0,0,0,0,0,0
272,SubSaharanAfrica,947,Tonga,776,0,0,0,0,0,972,932,0,0,0,0,0,566,546,0,0,0,0,0,406,386
273,SubSaharanAfrica,947,Tuvalu,798,0,0,0,0,0,1,0,0,0,0,0,0,1,0,0,0,0,0,0,0,0
274,SubSaharanAfrica,947,WallisandFutunaIslands,876,0,0,0,0,0,0,0,0,0,0,0,0,0,0,0,0,0,0,0,0,0
275,NorthernAfricaandWesternAsia,1833,SubSaharanAfrica,947,1586768,1308852,1130342,935949,1237662,1411666,2263512,808848,684237,609216,533314,702556,794916,1239795,777920,624615,521126,402635,535106,616750,1023717
276,NorthernAfricaandWesternAsia,1833,NorthernAfricaandWesternAsia,1833,6256266,7111935,7874636,8929625,11660246,16701758,19145437,3377679,3873928,4359508,5037083,6782578,9691185,11095059,2878587,3238007,3515128,3892542,4877668,7010573,8050378
277,NorthernAfricaandWesternAsia,1833,CentralandSouthernAsia,921,4672214,5225211,5954934,7713984,12620065,16003389,19093586,3294880,3732681,4288544,5732137,9710505,12229844,14555041,1377334,1492530,1666390,1981847,2909560,3773545,4538545
278,NorthernAfricaandWesternAsia,1833,EasternandSouthEasternAsia,1832,1380676,1524907,1672811,2003462,2965584,3666905,4377077,851984,938368,1016124,1251398,1898321,2312129,2732713,528692,586539,656687,752064,1067263,1354776,1644364
279,NorthernAfricaandWesternAsia,1833,LatinAmericaandtheCaribbean,1830,44460,51498,55913,61466,67937,69539,68381,20886,23870,25922,28604,31559,32151,31559,23574,27628,29991,32862,36378,37388,36822
280,NorthernAfricaandWesternAsia,1833,OceaniaexcludingAustraliaandNewZealand,1835,1,2,2,3,3,2,1,0,0,0,0,0,0,0,1,2,2,3,3,2,1
281,NorthernAfricaandWesternAsia,1833,AustraliaandNewZealand,927,8200,8323,8377,9479,11383,10752,12329,4059,4032,3999,4599,5535,5159,5666,4141,4291,4378,4880,5848,5593,6663
282,NorthernAfricaandWesternAsia,1833,EuropeandNorthernAmerica,1829,2377910,2287605,2226917,2205508,2274064,2299628,2772902,1108878,1064902,1034380,1019979,1049751,1006796,1136212,1269032,1222703,1192537,1185529,1224313,1292832,1636690
283,NorthernAfricaandWesternAsia,1833,Developedregions,901,2392857,2301041,2238906,2218888,2289696,2314255,2790395,1116455,1071537,1040161,1026579,1057448,1013931,1144307,1276402,1229504,1198745,1192309,1232248,1300324,1646088
284,NorthernAfricaandWesternAsia,1833,Lessdevelopedregions,902,13933638,15217292,16685026,19640588,28547248,37849384,44942830,8350759,9250481,10297532,12580535,19123357,25058249,29651738,5582879,5966811,6387494,7060053,9423891,12791135,15291092
285,NorthernAfricaandWesternAsia,1833,Lessdevelopedregions,902,934,10290728,11709314,13174508,15705483,22727271,30609221,35578068,6050293,6960302,7941886,9793080,14866206,19812296,23014175,4240435,4749012,5232622,5912403,7861065,10796925
286,NorthernAfricaandWesternAsia,1833,Lessdevelopedregions,902,948,13927445,15201987,16660653,19619474,28518170,37822206,44909515,8347072,9245787,10291761,12572295,19112716,25047768,29639335,5580373,5956200,6368892,7047179,9405454,12774438
287,NorthernAfricaandWesternAsia,1833,Leastdevelopedcountries,941,3642910,3507978,3510518,3935105,5819977,7240163,9364762,2300466,2290179,2355646,2787455,4257151,5245953,6637563,1342444,1217799,1154872,1147650,1562826,1994210,2727199
288,NorthernAfricaandWesternAsia,1833,LandlockedDevelopingCountriesLLDC,1636,2644083,2207673,1828764,1768270,1909032,2319668,3442954,1352986,1122496,953858,976463,1132514,1443327,2072119,1291097,1085177,874906,791807,776518,876341,1370835
289,NorthernAfricaandWesternAsia,1833,SmallislanddevelopingStatesSIDS,1637,13528,15319,17289,18308,21028,22011,23802,7071,8427,9911,10872,12565,13004,14140,6457,6892,7378,7436,8463,9007,9662
290,NorthernAfricaandWesternAsia,1833,Highincomecountries,1503,1387365,1428904,1465155,1458725,1599769,1627091,1888301,688875,712218,734837,727639,811458,798186,889937,698490,716686,730318,731086,788311,828905,998364
291,NorthernAfricaandWesternAsia,1833,Middleincomecountries,1517,11805106,13202142,14697626,17598608,25415582,29098477,33927565,7031676,7957555,8983030,11146578,16964835,19724169,22914493,4773430,5244587,5714596,6452030,8450747,9374308,11013072
292,NorthernAfricaandWesternAsia,1833,Uppermiddleincomecountries,1502,3563305,3785994,3850951,4304892,5800092,5258274,6258527,1846642,1961969,1997507,2287818,3135731,2876567,3280595,1716663,1824025,1853444,2017074,2664361,2381707,2977932
293,NorthernAfricaandWesternAsia,1833,Lowermiddleincomecountries,1501,8241801,9416148,10846675,13293716,19615490,23840203,27669038,5185034,5995586,6985523,8858760,13829104,16847602,19633898,3056767,3420562,3861152,4434956,5786386,6992601,8035140
294,NorthernAfricaandWesternAsia,1833,Lowincomecountries,1500,2966108,2720357,2595196,2670934,3677421,9281367,11754346,1654267,1560538,1528806,1660935,2328262,5467016,6905572,1311841,1159819,1066390,1009999,1349159,3814351,4848774
295,NorthernAfricaandWesternAsia,1833,EasternAfrica,910,1287060,1120423,955719,743442,1032100,1221849,2016932,657044,586782,515921,430046,588653,688783,1104928,630016,533641,439798,313396,443447,533066,912004
296,NorthernAfricaandWesternAsia,1833,MiddleAfrica,911,245839,132774,116378,125052,132598,108165,155213,121540,66579,61189,65280,70833,57295,80766,124299,66195,55189,59772,61765,50870,74447
297,NorthernAfricaandWesternAsia,1833,NorthernAfrica,912,1848183,1984833,2159538,2229166,3136301,3759294,4303629,1107176,1219421,1355584,1421147,2075314,2412238,2770164,741007,765412,803954,808019,1060987,1347056,1533465
298,NorthernAfricaandWesternAsia,1833,SouthernAfrica,913,10982,12549,13625,15441,18102,17885,18068,5276,5926,6402,7217,8417,8341,8424,5706,6623,7223,8224,9685,9544,9644
299,NorthernAfricaandWesternAsia,1833,WesternAfrica,914,42887,43106,44620,52014,54862,63767,73299,24988,24950,25704,30771,34653,40497,45677,17899,18156,18916,21243,20209,23270,27622
300,NorthernAfricaandWesternAsia,1833,CentralAsia,5500,125398,107502,99801,95664,92069,93181,99664,56821,50802,47133,44794,43501,43986,46478,68577,56700,52668,50870,48568,49195,53186
301,NorthernAfricaandWesternAsia,1833,EasternAsia,906,14469,22037,29765,26885,35491,32957,40891,8206,8273,8542,11334,14073,13550,16149,6263,13764,21223,15551,21418,19407,24742
302,NorthernAfricaandWesternAsia,1833,SouthEasternAsia,920,1366207,1502870,1643046,1976577,2930093,3633948,4336186,843778,930095,1007582,1240064,1884248,2298579,2716564,522429,572775,635464,736513,1045845,1335369,1619622
303,NorthernAfricaandWesternAsia,1833,SouthernAsia,5501,4546816,5117709,5855133,7618320,12527996,15910208,18993922,3238059,3681879,4241411,5687343,9667004,12185858,14508563,1308757,1435830,1613722,1930977,2860992,3724350,4485359
304,NorthernAfricaandWesternAsia,1833,WesternAsia,922,4408083,5127102,5715098,6700459,8523945,12942464,14841808,2270503,2654507,3003924,3615936,4707264,7278947,8324895,2137580,2472595,2711174,3084523,3816681,5663517,6516913
305,NorthernAfricaandWesternAsia,1833,EasternEurope,923,1543845,1398679,1271212,1195991,1142220,1154736,1355185,691335,625387,565605,526475,494641,453372,488820,852510,773292,705607,669516,647579,701364,866365
306,NorthernAfricaandWesternAsia,1833,NorthernEurope,924,117412,123484,132883,138151,167796,171832,197411,58669,61731,66792,69246,86866,89531,101766,58743,61753,66091,68905,80930,82301,95645
307,NorthernAfricaandWesternAsia,1833,SouthernEurope,925,206837,225054,244420,257261,276287,272310,360268,101599,109252,117421,122549,129836,143123,178840,105238,115802,126999,134712,146451,129187,181428
308,NorthernAfricaandWesternAsia,1833,WesternEurope,926,391469,418871,455108,479349,528166,540141,687499,195230,205520,220545,230932,253135,235725,275058,196239,213351,234563,248417,275031,304416,412441
309,NorthernAfricaandWesternAsia,1833,Caribbean,915,86,151,230,259,292,268,329,39,69,104,113,126,119,140,47,82,126,146,166,149,189
310,NorthernAfricaandWesternAsia,1833,CentralAmerica,916,2197,2583,2899,3311,3741,3794,3939,984,1204,1408,1670,1895,1948,2009,1213,1379,1491,1641,1846,1846,1930
311,NorthernAfricaandWesternAsia,1833,SouthAmerica,931,42177,48764,52784,57896,63904,65477,64113,19863,22597,24410,26821,29538,30084,29410,22314,26167,28374,31075,34366,35393,34703
312,NorthernAfricaandWesternAsia,1833,Melanesia,928,1,2,2,3,3,2,1,0,0,0,0,0,0,0,1,2,2,3,3,2,1
313,NorthernAfricaandWesternAsia,1833,Micronesia,954,0,0,0,0,0,0,0,0,0,0,0,0,0,0,0,0,0,0,0,0,0
314,NorthernAfricaandWesternAsia,1833,Polynesia,957,0,0,0,0,0,0,0,0,0,0,0,0,0,0,0,0,0,0,0,0,0
315,NorthernAfricaandWesternAsia,1833,Burundi,108,48,38,29,35,38,26,36,43,34,26,32,35,25,35,5,4,3,3,3,1,1
316,NorthernAfricaandWesternAsia,1833,Comoros,174,1661,2705,3826,4276,4676,4866,5497,1469,2286,3175,3659,3999,4186,4721,192,419,651,617,677,680,776
317,NorthernAfricaandWesternAsia,1833,Djibouti,262,938,1112,1320,1481,1620,1662,1891,583,712,870,1048,1145,1201,1353,355,400,450,433,475,461,538
318,NorthernAfricaandWesternAsia,1833,Eritrea,232,74811,301159,450986,212990,173033,196881,279890,39816,159676,225442,109148,93412,106516,147956,34995,141483,225544,103842,79621,90365,131934
319,NorthernAfricaandWesternAsia,1833,Ethiopia,231,1068149,618965,256413,266790,278143,303775,364977,539228,311079,141787,151449,164993,180529,215533,528921,307886,114626,115341,113150,123246,149444
320,NorthernAfricaandWesternAsia,1833,Kenya,404,6687,6791,6914,6476,3504,3248,4372,3576,3592,3622,3421,1891,1759,2328,3111,3199,3292,3055,1613,1489,2044
321,NorthernAfricaandWesternAsia,1833,Madagascar,450,50,41,34,42,47,33,45,49,38,30,37,42,30,43,1,3,4,5,5,3,2
322,NorthernAfricaandWesternAsia,1833,Malawi,454,25,24,25,31,35,26,34,19,18,19,24,28,22,30,6,6,6,7,7,4,4
323,NorthernAfricaandWesternAsia,1833,Mauritius,480,3,4,5,7,10,9,8,2,2,3,4,7,7,7,1,2,2,3,3,2,1
324,NorthernAfricaandWesternAsia,1833,Mayotte,175,0,0,0,0,0,0,0,0,0,0,0,0,0,0,0,0,0,0,0,0,0
325,NorthernAfricaandWesternAsia,1833,Mozambique,508,17,17,18,22,26,20,23,9,9,9,10,11,9,11,8,8,9,12,15,11,12
326,NorthernAfricaandWesternAsia,1833,Reunion,638,0,0,0,0,0,0,0,0,0,0,0,0,0,0,0,0,0,0,0,0,0
327,NorthernAfricaandWesternAsia,1833,Rwanda,646,59,44,33,39,42,29,44,46,34,26,31,33,24,37,13,10,7,8,9,5,7
328,NorthernAfricaandWesternAsia,1833,Seychelles,690,17,17,19,24,27,20,25,10,10,12,15,17,14,18,7,7,7,9,10,6,7
329,NorthernAfricaandWesternAsia,1833,Somalia,706,48669,120702,177552,213184,334824,424169,445271,27747,73038,109385,139778,202848,248230,276011,20922,47664,68167,73406,131976,175939,169260
330,NorthernAfricaandWesternAsia,1833,SouthSudan,728,10533,10120,10039,10842,232627,284585,911626,6401,6411,6643,7258,118288,144799,455014,4132,3709,3396,3584,114339,139786,456612
331,NorthernAfricaandWesternAsia,1833,Uganda,800,74529,57853,47685,26192,2181,1324,1832,37387,29252,24328,13482,1133,704,956,37142,28601,23357,12710,1048,620,876
332,NorthernAfricaandWesternAsia,1833,UnitedRepublicofTanzania,834,690,623,576,656,746,714,870,564,490,434,497,551,533,661,126,133,142,159,195,181,209
333,NorthernAfricaandWesternAsia,1833,Zambia,894,60,70,81,117,169,148,160,31,32,34,47,66,58,65,29,38,47,70,103,90,95
334,NorthernAfricaandWesternAsia,1833,Zimbabwe,716,114,138,164,238,352,314,331,64,69,76,106,154,137,149,50,69,88,132,198,177,182
335,NorthernAfricaandWesternAsia,1833,Angola,24,23,21,21,25,27,19,28,12,10,10,13,14,11,16,11,11,11,12,13,8,12
336,NorthernAfricaandWesternAsia,1833,Cameroon,120,149,129,118,149,733,851,2769,126,104,90,113,416,470,1547,23,25,28,36,317,381,1222
337,NorthernAfricaandWesternAsia,1833,CentralAfricanRepublic,140,17966,18322,18689,20832,16134,13539,26032,9245,9444,9649,10732,8237,6938,13154,8721,8878,9040,10100,7897,6601,12878
338,NorthernAfricaandWesternAsia,1833,Chad,148,209901,98273,82822,87744,88025,82768,112188,103007,48705,43719,45903,47970,43327,57579,106894,49568,39103,41841,40055,39441,54609
339,NorthernAfricaandWesternAsia,1833,Congo,178,1386,1402,1595,1711,1862,2296,2529,770,779,882,958,1041,1264,1420,616,623,713,753,821,1032,1109
340,NorthernAfricaandWesternAsia,1833,DemocraticRepublicoftheCongo,180,16414,14627,13133,14591,25817,8692,11667,8380,7537,6839,7561,13155,5285,7050,8034,7090,6294,7030,12662,3407,4617
341,NorthernAfricaandWesternAsia,1833,EquatorialGuinea,226,0,0,0,0,0,0,0,0,0,0,0,0,0,0,0,0,0,0,0,0,0
342,NorthernAfricaandWesternAsia,1833,Gabon,266,0,0,0,0,0,0,0,0,0,0,0,0,0,0,0,0,0,0,0,0,0
343,NorthernAfricaandWesternAsia,1833,SaoTomeandPrincipe,678,0,0,0,0,0,0,0,0,0,0,0,0,0,0,0,0,0,0,0,0,0
344,NorthernAfricaandWesternAsia,1833,Algeria,12,45011,51020,53368,60659,68028,74463,75996,21820,24553,25673,29362,32679,35813,36902,23191,26467,27695,31297,35349,38650,39094
345,NorthernAfricaandWesternAsia,1833,Egypt,818,1044769,1167677,1334229,1372518,2077661,2555744,2936241,659155,761314,889109,923169,1441678,1692676,1947038,385614,406363,445120,449349,635983,863068,989203
346,NorthernAfricaandWesternAsia,1833,Libya,434,29805,32563,35173,33824,38540,53111,61432,15028,16274,17607,17051,19398,28752,33552,14777,16289,17566,16773,19142,24359,27880
347,NorthernAfricaandWesternAsia,1833,Morocco,504,172595,184153,186235,181261,182130,189360,187255,84616,88975,89768,87814,88990,92355,91538,87979,95178,96467,93447,93140,97005,95717
348,NorthernAfricaandWesternAsia,1833,Sudan,729,340112,334803,338777,409611,587845,689820,838498,210515,213229,219771,271455,396073,458490,552987,129597,121574,119006,138156,191772,231330,285511
349,NorthernAfricaandWesternAsia,1833,Tunisia,788,47986,47714,45845,40130,37972,40138,41255,23652,23383,22657,20355,20267,21364,22129,24334,24331,23188,19775,17705,18774,19126
350,NorthernAfricaandWesternAsia,1833,WesternSahara,732,167905,166903,165911,131163,144125,156658,162952,92390,91693,90999,71941,76229,82788,86018,75515,75210,74912,59222,67896,73870,76934
351,NorthernAfricaandWesternAsia,1833,Botswana,72,2,3,4,6,8,7,6,1,1,2,3,5,5,5,1,2,2,3,3,2,1
352,NorthernAfricaandWesternAsia,1833,Eswatini,748,18,44,71,74,76,75,103,7,16,25,25,25,24,29,11,28,46,49,51,51,74
353,NorthernAfricaandWesternAsia,1833,Lesotho,426,0,0,0,0,0,0,0,0,0,0,0,0,0,0,0,0,0,0,0,0,0
354,NorthernAfricaandWesternAsia,1833,Namibia,516,380,279,198,236,254,174,269,125,93,66,89,89,77,98,255,186,132,147,165,97,171
355,NorthernAfricaandWesternAsia,1833,SouthAfrica,710,10582,12223,13352,15125,17764,17629,17690,5143,5816,6309,7100,8298,8235,8292,5439,6407,7043,8025,9466,9394,9398
356,NorthernAfricaandWesternAsia,1833,Benin,204,48,38,31,38,43,31,41,46,37,30,37,42,31,41,2,1,1,1,1,0,0
357,NorthernAfricaandWesternAsia,1833,BurkinaFaso,854,67,55,48,57,62,42,64,64,50,41,49,53,37,57,3,5,7,8,9,5,7
358,NorthernAfricaandWesternAsia,1833,CaboVerde,132,0,0,0,0,0,0,0,0,0,0,0,0,0,0,0,0,0,0,0,0,0
359,NorthernAfricaandWesternAsia,1833,CotedIvoire,384,1352,1238,1238,1291,1251,1754,2123,853,764,742,817,812,1042,1197,499,474,496,474,439,712,926
360,NorthernAfricaandWesternAsia,1833,Gambia,270,36,28,22,26,28,19,28,29,22,16,19,20,14,21,7,6,6,7,8,5,7
361,NorthernAfricaandWesternAsia,1833,Ghana,288,923,864,830,925,1050,1006,1192,719,665,631,725,814,792,942,204,199,199,200,236,214,250
362,NorthernAfricaandWesternAsia,1833,Guinea,324,1350,1306,1362,1533,1713,2014,2202,829,789,806,917,1031,1191,1328,521,517,556,616,682,823,874
363,NorthernAfricaandWesternAsia,1833,GuineaBissau,624,793,860,938,1091,1237,1376,1474,468,507,556,654,744,823,898,325,353,382,437,493,553,576
364,NorthernAfricaandWesternAsia,1833,Liberia,430,40,36,35,42,45,31,47,37,27,20,25,26,20,28,3,9,15,17,19,11,19
365,NorthernAfricaandWesternAsia,1833,Mali,466,2381,2148,1975,2134,2334,2523,2961,1518,1307,1134,1256,1377,1471,1728,863,841,841,878,957,1052,1233
366,NorthernAfricaandWesternAsia,1833,Mauritania,478,2575,2428,2464,2629,2894,3344,3647,1605,1492,1457,1610,1795,2028,2235,970,936,1007,1019,1099,1316,1412
367,NorthernAfricaandWesternAsia,1833,Niger,562,374,358,354,399,437,438,502,355,309,275,323,354,356,412,19,49,79,76,83,82,90
368,NorthernAfricaandWesternAsia,1833,Nigeria,566,28828,29770,31224,37314,38817,45521,52780,15902,16514,17472,21481,24449,29144,32842,12926,13256,13752,15833,14368,16377,19938
369,NorthernAfricaandWesternAsia,1833,SaintHelena,654,0,0,0,0,0,0,0,0,0,0,0,0,0,0,0,0,0,0,0,0,0
370,NorthernAfricaandWesternAsia,1833,Senegal,686,3961,3789,3876,4284,4677,5389,5925,2507,2376,2396,2698,2961,3363,3743,1454,1413,1480,1586,1716,2026,2182
371,NorthernAfricaandWesternAsia,1833,SierraLeone,694,159,188,223,251,274,279,313,56,91,128,160,175,185,205,103,97,95,91,99,94,108
372,NorthernAfricaandWesternAsia,1833,Togo,768,0,0,0,0,0,0,0,0,0,0,0,0,0,0,0,0,0,0,0,0,0
373,NorthernAfricaandWesternAsia,1833,Kazakhstan,398,34839,20133,21742,23330,25268,25804,27384,14919,9189,9803,10530,11508,11710,12090,19920,10944,11939,12800,13760,14094,15294
374,NorthernAfricaandWesternAsia,1833,Kyrgyzstan,417,8402,6031,6672,6956,7178,7310,7911,3798,2865,3222,3292,3427,3504,3759,4604,3166,3450,3664,3751,3806,4152
375,NorthernAfricaandWesternAsia,1833,Tajikistan,762,8376,7765,5045,4122,3227,3317,3450,4034,3870,2628,2199,1768,1821,1939,4342,3895,2417,1923,1459,1496,1511
376,NorthernAfricaandWesternAsia,1833,Turkmenistan,795,5862,6478,6527,6695,7041,7316,7990,2565,3147,3347,3481,3728,3834,4295,3297,3331,3180,3214,3313,3482,3695
377,NorthernAfricaandWesternAsia,1833,Uzbekistan,860,67919,67095,59815,54561,49355,49434,52929,31505,31731,28133,25292,23070,23117,24395,36414,35364,31682,29269,26285,26317,28534
378,NorthernAfricaandWesternAsia,1833,China,156,6178,15248,24272,21022,28948,27093,33202,3679,4664,5717,8189,10566,10439,12350,2499,10584,18555,12833,18382,16654,20852
379,NorthernAfricaandWesternAsia,1833,China,156,344,15,57,101,92,130,85,113,8,30,54,51,75,42,53,7,27,47,41,55,43
380,NorthernAfricaandWesternAsia,1833,China,156,446,0,0,0,0,0,0,0,0,0,0,0,0,0,0,0,0,0,0,0,0
381,NorthernAfricaandWesternAsia,1833,China,156,158,0,0,0,0,0,0,0,0,0,0,0,0,0,0,0,0,0,0,0,0
382,NorthernAfricaandWesternAsia,1833,DemPeoplesRepublicofKorea,408,172,193,221,219,320,190,253,101,117,137,138,206,115,151,71,76,84,81,114,75,102
383,NorthernAfricaandWesternAsia,1833,Japan,392,6747,5113,3612,3901,4249,3875,5164,3518,2603,1782,2001,2162,1976,2429,3229,2510,1830,1900,2087,1899,2735
384,NorthernAfricaandWesternAsia,1833,Mongolia,496,47,117,218,224,230,225,300,25,60,103,106,107,102,129,22,57,115,118,123,123,171
385,NorthernAfricaandWesternAsia,1833,RepublicofKorea,410,1310,1309,1341,1427,1614,1489,1859,875,799,749,849,957,876,1037,435,510,592,578,657,613,822
386,NorthernAfricaandWesternAsia,1833,BruneiDarussalam,96,77,78,82,86,116,67,93,31,25,20,32,38,23,29,46,53,62,54,78,44,64
387,NorthernAfricaandWesternAsia,1833,Cambodia,116,0,0,0,0,0,0,0,0,0,0,0,0,0,0,0,0,0,0,0,0,0
388,NorthernAfricaandWesternAsia,1833,Indonesia,360,845748,923557,997829,1128276,1550791,1921596,2328157,550926,590353,622784,694111,935469,1142172,1388522,294822,333204,375045,434165,615322,779424,939635
389,NorthernAfricaandWesternAsia,1833,LaoPeoplesDemocraticRepublic,418,1,2,2,3,3,2,1,0,0,0,0,0,0,0,1,2,2,3,3,2,1
390,NorthernAfricaandWesternAsia,1833,Malaysia,458,12134,10618,9380,10120,11300,11058,12836,7620,7075,6762,7663,8485,8506,9714,4514,3543,2618,2457,2815,2552,3122
391,NorthernAfricaandWesternAsia,1833,Myanmar,104,89569,102012,104844,129499,167916,214478,267904,59582,68038,70078,89025,118181,148565,183880,29987,33974,34766,40474,49735,65913,84024
392,NorthernAfricaandWesternAsia,1833,Philippines,608,408002,455511,518178,695014,1178696,1462805,1700676,218327,257060,299324,439871,806985,982608,1115971,189675,198451,218854,255143,371711,480197,584705
393,NorthernAfricaandWesternAsia,1833,Singapore,702,323,554,797,882,963,985,1157,174,309,453,535,580,607,682,149,245,344,347,383,378,475
394,NorthernAfricaandWesternAsia,1833,Thailand,764,9624,10498,11867,12623,20185,22854,25249,6702,7224,8139,8809,14474,16070,17735,2922,3274,3728,3814,5711,6784,7514
395,NorthernAfricaandWesternAsia,1833,TimorLeste,626,0,0,0,0,0,0,0,0,0,0,0,0,0,0,0,0,0,0,0,0,0
396,NorthernAfricaandWesternAsia,1833,VietNam,704,729,40,67,74,123,103,113,416,11,22,18,36,28,31,313,29,45,56,87,75,82
397,NorthernAfricaandWesternAsia,1833,Afghanistan,4,181679,187983,192588,235449,308341,496736,617110,119281,123715,127325,159971,214263,329690,402688,62398,64268,65263,75478,94078,167046,214422
398,NorthernAfricaandWesternAsia,1833,Bangladesh,50,870123,979712,1116706,1441974,2373785,2888553,3463951,708074,789522,892050,1176498,1999222,2410003,2885854,162049,190190,224656,265476,374563,478550,578097
399,NorthernAfricaandWesternAsia,1833,Bhutan,64,0,0,0,0,0,0,0,0,0,0,0,0,0,0,0,0,0,0,0,0,0
400,NorthernAfricaandWesternAsia,1833,India,356,1980275,2319977,2772595,3748221,6484297,8287952,9606150,1415188,1671340,2007606,2787338,4974378,6336382,7333526,565087,648637,764989,960883,1509919,1951570,2272624
401,NorthernAfricaandWesternAsia,1833,IranIslamicRepublicof,364,99254,122433,122062,94011,93409,116825,161178,53130,64906,60169,47432,47788,62796,83209,46124,57527,61893,46579,45621,54029,77969
402,NorthernAfricaandWesternAsia,1833,Maldives,462,4,12,21,25,27,19,28,4,9,15,18,19,14,21,0,3,6,7,8,5,7
403,NorthernAfricaandWesternAsia,1833,Nepal,524,181517,186312,192207,266249,393421,605060,813031,138630,142571,147261,206244,305278,472532,634557,42887,43741,44946,60005,88143,132528,178474
404,NorthernAfricaandWesternAsia,1833,Pakistan,586,912260,1004263,1138282,1449797,2319134,2833252,3420338,647295,721561,824000,1073792,1774314,2141280,2583373,264965,282702,314282,376005,544820,691972,836965
405,NorthernAfricaandWesternAsia,1833,SriLanka,144,321704,317017,320672,382594,555582,681811,912136,156457,168255,182985,236050,351742,433161,585335,165247,148762,137687,146544,203840,248650,326801
406,NorthernAfricaandWesternAsia,1833,Armenia,51,207825,210061,202280,183644,169905,163151,157256,97265,91426,89292,88565,84961,83253,80264,110560,118635,112988,95079,84944,79898,76992
407,NorthernAfricaandWesternAsia,1833,Azerbaijan,31,491161,592093,561636,411918,166269,114842,120874,208420,251468,238736,172416,70550,49017,51470,282741,340625,322900,239502,95719,65825,69404
408,NorthernAfricaandWesternAsia,1833,Bahrain,48,10639,11012,11449,11738,13790,14464,15282,4905,5235,5593,5874,7073,7234,7653,5734,5777,5856,5864,6717,7230,7629
409,NorthernAfricaandWesternAsia,1833,Cyprus,196,9306,9583,9902,10207,10656,10389,14508,4477,4530,4595,4639,4728,4444,5589,4829,5053,5307,5568,5928,5945,8919
410,NorthernAfricaandWesternAsia,1833,Georgia,268,102710,122306,142625,121220,110922,119689,119935,46929,54804,61268,52837,50387,53949,53732,55781,67502,81357,68383,60535,65740,66203
411,NorthernAfricaandWesternAsia,1833,Iraq,368,204817,237004,252540,726784,1826980,795814,944294,107181,128014,139501,393953,948897,427953,411867,97636,108990,113039,332831,878083,367861,532427
412,NorthernAfricaandWesternAsia,1833,Israel,376,100047,99897,99842,84288,70978,68046,69710,43646,43648,43709,36189,31258,29174,29887,56401,56249,56133,48099,39720,38872,39823
413,NorthernAfricaandWesternAsia,1833,Jordan,400,237006,255746,277972,332680,473497,559150,638060,135099,149924,166643,206737,304383,357811,408734,101907,105822,111329,125943,169114,201339,229326
414,NorthernAfricaandWesternAsia,1833,Kuwait,414,48047,54120,60275,65308,104085,108618,119343,28468,33702,39033,42487,70112,72966,80685,19579,20418,21242,22821,33973,35652,38658
415,NorthernAfricaandWesternAsia,1833,Lebanon,422,95013,98971,104369,127146,179522,216514,255709,58144,61164,65161,82780,120536,144644,170008,36869,37807,39208,44366,58986,71870,85701
416,NorthernAfricaandWesternAsia,1833,Oman,512,11601,11532,11515,13134,13839,14445,15205,5921,5903,5928,6868,7316,7443,8157,5680,5629,5587,6266,6523,7002,7048
417,NorthernAfricaandWesternAsia,1833,Qatar,634,11233,11334,11490,12325,14308,14905,15634,5518,5654,5823,6276,7248,7374,7791,5715,5680,5667,6049,7060,7531,7843
418,NorthernAfricaandWesternAsia,1833,SaudiArabia,682,66169,80098,92057,82570,92410,90052,100614,37416,48721,58825,54100,60146,58146,65256,28753,31377,33232,28470,32264,31906,35358
419,NorthernAfricaandWesternAsia,1833,StateofPalestine,275,1775916,2235227,2725450,3210085,3485620,3701626,3922885,868624,1108179,1377380,1640370,1775544,1933331,2058967,907292,1127048,1348070,1569715,1710076,1768295,1863918
420,NorthernAfricaandWesternAsia,1833,SyrianArabRepublic,760,465816,483245,505366,582719,803874,5761963,6948827,262769,273938,288190,352519,502391,3261638,3983045,203047,209307,217176,230200,301483,2500325,2965782
421,NorthernAfricaandWesternAsia,1833,Turkey,792,63592,82453,82750,84904,106596,108805,116997,36467,47771,48803,50264,66821,66191,70848,27125,34682,33947,34640,39775,42614,46149
422,NorthernAfricaandWesternAsia,1833,UnitedArabEmirates,784,63604,71218,72798,59845,63985,73241,81724,36420,43134,45567,33257,35317,39652,44266,27184,28084,27231,26588,28668,33589,37458
423,NorthernAfricaandWesternAsia,1833,Yemen,887,443581,461202,490782,579944,816709,1006750,1184951,282834,297292,319877,385805,559596,674727,786676,160747,163910,170905,194139,257113,332023,398275
424,NorthernAfricaandWesternAsia,1833,Belarus,112,52580,37699,34594,29974,25918,26510,26127,23670,16460,15193,12976,10913,11145,10932,28910,21239,19401,16998,15005,15365,15195
425,NorthernAfricaandWesternAsia,1833,Bulgaria,100,483813,476705,470356,485418,500844,496354,684058,234334,228658,223071,224649,225767,178410,213644,249479,248047,247285,260769,275077,317944,470414
426,NorthernAfricaandWesternAsia,1833,Czechia,203,710,1116,1574,1784,2102,1946,2483,327,511,714,785,886,826,1008,383,605,860,999,1216,1120,1475
427,NorthernAfricaandWesternAsia,1833,Hungary,348,16392,17280,17341,15569,14748,14415,14447,7679,7895,7828,7069,6643,6353,6325,8713,9385,9513,8500,8105,8062,8122
428,NorthernAfricaandWesternAsia,1833,Poland,616,102017,97751,91545,76700,62901,64487,64329,46893,44188,41011,34112,27497,28003,27745,55124,53563,50534,42588,35404,36484,36584
429,NorthernAfricaandWesternAsia,1833,RepublicofMoldova,498,34217,32556,27015,20691,14756,14932,15580,15732,14521,11470,8390,5435,5474,5238,18485,18035,15545,12301,9321,9458,10342
430,NorthernAfricaandWesternAsia,1833,Romania,642,136820,146603,148924,137398,128283,130480,135947,62013,64817,64996,59326,54359,54877,55308,74807,81786,83928,78072,73924,75603,80639
431,NorthernAfricaandWesternAsia,1833,RussianFederation,643,486385,380761,290200,257245,235867,244270,252431,197556,156802,118772,104913,95829,99362,100992,288829,223959,171428,152332,140038,144908,151439
432,NorthernAfricaandWesternAsia,1833,Slovakia,703,193,308,429,473,559,497,646,87,135,188,207,238,209,254,106,173,241,266,321,288,392
433,NorthernAfricaandWesternAsia,1833,Ukraine,804,230718,207900,189234,170739,156242,160845,159137,103044,91400,82362,74048,67074,68713,67374,127674,116500,106872,96691,89168,92132,91763
434,NorthernAfricaandWesternAsia,1833,ChannelIslands,830,0,0,0,0,0,0,0,0,0,0,0,0,0,0,0,0,0,0,0,0,0
435,NorthernAfricaandWesternAsia,1833,Denmark,208,3020,4262,5473,5916,6443,6391,7822,1408,1970,2540,2723,2890,2821,3299,1612,2292,2933,3193,3553,3570,4523
436,NorthernAfricaandWesternAsia,1833,Estonia,233,1556,1392,843,820,790,758,787,685,625,358,337,331,322,323,871,767,485,483,459,436,464
437,NorthernAfricaandWesternAsia,1833,FaroeIslands,234,0,0,0,0,0,0,0,0,0,0,0,0,0,0,0,0,0,0,0,0,0
438,NorthernAfricaandWesternAsia,1833,Finland,246,1783,2415,3061,3234,3462,3426,4225,661,977,1316,1432,1505,1506,1761,1122,1438,1745,1802,1957,1920,2464
439,NorthernAfricaandWesternAsia,1833,Iceland,352,18,36,55,65,78,73,87,7,15,22,24,26,26,29,11,21,33,41,52,47,58
440,NorthernAfricaandWesternAsia,1833,Ireland,372,509,744,988,1181,1538,1378,1653,200,305,414,480,604,537,629,309,439,574,701,934,841,1024
441,NorthernAfricaandWesternAsia,1833,IsleofMan,833,0,0,0,0,0,0,0,0,0,0,0,0,0,0,0,0,0,0,0,0,0
442,NorthernAfricaandWesternAsia,1833,Latvia,428,10917,9441,8251,6193,4237,4349,4267,4978,4200,3655,2709,1800,1840,1798,5939,5241,4596,3484,2437,2509,2469
443,NorthernAfricaandWesternAsia,1833,Lithuania,440,17303,13095,11196,7694,4303,4417,4412,7887,5799,4934,3319,1739,1773,1749,9416,7296,6262,4375,2564,2644,2663
444,NorthernAfricaandWesternAsia,1833,Norway,578,1326,2548,3789,3978,4236,4135,5602,726,1288,1860,1941,2021,1930,2410,600,1260,1929,2037,2215,2205,3192
445,NorthernAfricaandWesternAsia,1833,Sweden,752,4157,5766,7359,7618,8093,7862,10148,2038,2713,3400,3516,3656,3497,4195,2119,3053,3959,4102,4437,4365,5953
446,NorthernAfricaandWesternAsia,1833,UnitedKingdom,826,76823,83785,91868,101452,134616,139043,158408,40079,43839,48293,52765,72294,75279,85573,36744,39946,43575,48687,62322,63764,72835
447,NorthernAfricaandWesternAsia,1833,Albania,8,1296,2399,3534,3742,3974,3914,5276,750,1282,1831,1929,2019,1955,2434,546,1117,1703,1813,1955,1959,2842
448,NorthernAfricaandWesternAsia,1833,Andorra,20,0,0,0,0,0,0,0,0,0,0,0,0,0,0,0,0,0,0,0,0,0
449,NorthernAfricaandWesternAsia,1833,BosniaandHerzegovina,70,7237,7407,3233,2720,2890,2809,3789,3984,4027,1664,1385,1444,1375,1705,3253,3380,1569,1335,1446,1434,2084
450,NorthernAfricaandWesternAsia,1833,Croatia,191,217,280,352,385,456,385,511,145,154,171,193,222,180,228,72,126,181,192,234,205,283
451,NorthernAfricaandWesternAsia,1833,Gibraltar,292,8,9,9,11,12,8,9,5,6,6,8,9,7,8,3,3,3,3,3,1,1
452,NorthernAfricaandWesternAsia,1833,Greece,300,119735,95743,73141,80577,91659,88899,113346,56266,45051,34397,37828,43116,41099,47993,63469,50692,38744,42749,48543,47800,65353
453,NorthernAfricaandWesternAsia,1833,HolySee,336,0,0,0,0,0,0,0,0,0,0,0,0,0,0,0,0,0,0,0,0,0
454,NorthernAfricaandWesternAsia,1833,Italy,380,31226,25381,19920,20932,22657,22869,26245,16616,13180,10096,11184,12009,12229,13895,14610,12201,9824,9748,10648,10640,12350
455,NorthernAfricaandWesternAsia,1833,Malta,470,18,36,55,65,78,73,87,9,16,23,28,36,33,35,9,20,32,37,42,40,52
456,NorthernAfricaandWesternAsia,1833,Montenegro,499,0,0,0,0,0,0,0,0,0,0,0,0,0,0,0,0,0,0,0,0,0
457,NorthernAfricaandWesternAsia,1833,NorthMacedonia,807,38007,84585,134576,138885,143357,141904,198228,19394,41170,64751,65253,65661,80810,106505,18613,43415,69825,73632,77696,61094,91723
458,NorthernAfricaandWesternAsia,1833,Portugal,620,114,192,272,300,331,308,409,53,89,124,133,138,130,162,61,103,148,167,193,178,247
459,NorthernAfricaandWesternAsia,1833,SanMarino,674,0,0,0,0,0,0,0,0,0,0,0,0,0,0,0,0,0,0,0,0,0
460,NorthernAfricaandWesternAsia,1833,Serbia,688,665,945,1224,1786,2767,2484,2575,308,419,530,785,1232,1118,1165,357,526,694,1001,1535,1366,1410
461,NorthernAfricaandWesternAsia,1833,Slovenia,705,39,91,143,151,160,157,212,20,44,67,69,72,69,86,19,47,76,82,88,88,126
462,NorthernAfricaandWesternAsia,1833,Spain,724,8275,7986,7961,7707,7946,8500,9581,4049,3814,3761,3754,3878,4118,4624,4226,4172,4200,3953,4068,4382,4957
463,NorthernAfricaandWesternAsia,1833,Austria,40,16278,18699,20884,20848,21009,20774,26530,7820,8992,10101,9998,9894,9599,11466,8458,9707,10783,10850,11115,11175,15064
464,NorthernAfricaandWesternAsia,1833,Belgium,56,12007,13460,14906,15939,17137,17351,20997,5790,6366,6986,7443,7898,7894,9026,6217,7094,7920,8496,9239,9457,11971
465,NorthernAfricaandWesternAsia,1833,France,250,63052,67253,73536,87061,121172,136401,150039,31998,33472,36272,43686,62275,69917,76678,31054,33781,37264,43375,58897,66484,73361
466,NorthernAfricaandWesternAsia,1833,Germany,276,259890,276166,299413,307487,316777,313358,423374,130256,135794,144707,146603,147970,123336,148007,129634,140372,154706,160884,168807,190022,275367
467,NorthernAfricaandWesternAsia,1833,Liechtenstein,438,0,0,0,0,0,0,0,0,0,0,0,0,0,0,0,0,0,0,0,0,0
468,NorthernAfricaandWesternAsia,1833,Luxembourg,442,14,30,47,51,55,53,67,7,14,20,20,21,21,25,7,16,27,31,34,32,42
469,NorthernAfricaandWesternAsia,1833,Monaco,492,238,246,262,295,323,329,375,112,129,152,188,206,218,244,126,117,110,107,117,111,131
470,NorthernAfricaandWesternAsia,1833,Netherlands,528,22228,26651,31059,31819,34760,35475,45168,10411,12877,15316,15610,17122,17382,20820,11817,13774,15743,16209,17638,18093,24348
471,NorthernAfricaandWesternAsia,1833,Switzerland,756,17762,16366,15001,15849,16933,16400,20949,8836,7876,6991,7384,7749,7358,8792,8926,8490,8010,8465,9184,9042,12157
472,NorthernAfricaandWesternAsia,1833,Anguilla,660,0,0,0,0,0,0,0,0,0,0,0,0,0,0,0,0,0,0,0,0,0
473,NorthernAfricaandWesternAsia,1833,AntiguaandBarbuda,28,14,13,13,15,16,11,15,7,6,6,7,7,6,8,7,7,7,8,9,5,7
474,NorthernAfricaandWesternAsia,1833,Aruba,533,0,0,0,0,0,0,0,0,0,0,0,0,0,0,0,0,0,0,0,0,0
475,NorthernAfricaandWesternAsia,1833,Bahamas,44,11,11,11,13,14,10,14,1,2,2,3,3,3,3,10,9,9,10,11,7,11
476,NorthernAfricaandWesternAsia,1833,Barbados,52,0,0,0,0,0,0,0,0,0,0,0,0,0,0,0,0,0,0,0,0,0
477,NorthernAfricaandWesternAsia,1833,Bonaire,16,535,0,0,0,0,0,0,0,0,0,0,0,0,0,0,0,0,0,0,0,0
478,NorthernAfricaandWesternAsia,1833,BritishVirginIslands,92,18,43,70,73,75,74,102,9,20,32,32,32,31,41,9,23,38,41,43,43,61
479,NorthernAfricaandWesternAsia,1833,CaymanIslands,136,0,0,0,0,0,0,0,0,0,0,0,0,0,0,0,0,0,0,0,0,0
480,NorthernAfricaandWesternAsia,1833,Cuba,192,19,37,69,79,94,88,101,11,20,36,41,49,46,51,8,17,33,38,45,42,50
481,NorthernAfricaandWesternAsia,1833,CuraÃao,531,0,0,0,0,0,0,0,0,0,0,0,0,0,0,0,0,0,0,0,0,0
482,NorthernAfricaandWesternAsia,1833,Dominica,212,0,0,0,0,0,0,0,0,0,0,0,0,0,0,0,0,0,0,0,0,0
483,NorthernAfricaandWesternAsia,1833,DominicanRepublic,214,3,4,5,7,10,9,8,1,1,1,1,2,2,2,2,3,4,6,8,7,6
484,NorthernAfricaandWesternAsia,1833,Grenada,308,0,0,0,0,0,0,0,0,0,0,0,0,0,0,0,0,0,0,0,0,0
485,NorthernAfricaandWesternAsia,1833,Guadeloupe,312,11,27,44,46,47,46,61,6,14,21,21,21,21,25,5,13,23,25,26,25,36
486,NorthernAfricaandWesternAsia,1833,Haiti,332,1,2,2,3,3,2,1,0,0,0,0,0,0,0,1,2,2,3,3,2,1
487,NorthernAfricaandWesternAsia,1833,Jamaica,388,4,6,7,10,15,13,13,2,3,3,4,7,6,7,2,3,4,6,8,7,6
488,NorthernAfricaandWesternAsia,1833,Martinique,474,0,0,0,0,0,0,0,0,0,0,0,0,0,0,0,0,0,0,0,0,0
489,NorthernAfricaandWesternAsia,1833,Montserrat,500,0,0,0,0,0,0,0,0,0,0,0,0,0,0,0,0,0,0,0,0,0
490,NorthernAfricaandWesternAsia,1833,PuertoRico,630,1,2,2,3,3,2,1,1,2,2,3,3,2,1,0,0,0,0,0,0,0
491,NorthernAfricaandWesternAsia,1833,SaintBarthelemy,652,0,0,0,0,0,0,0,0,0,0,0,0,0,0,0,0,0,0,0,0,0
492,NorthernAfricaandWesternAsia,1833,SaintKittsandNevis,659,0,0,0,0,0,0,0,0,0,0,0,0,0,0,0,0,0,0,0,0,0
493,NorthernAfricaandWesternAsia,1833,SaintLucia,662,0,0,0,0,0,0,0,0,0,0,0,0,0,0,0,0,0,0,0,0,0
494,NorthernAfricaandWesternAsia,1833,SaintMartinFrenchpart,663,0,0,0,0,0,0,0,0,0,0,0,0,0,0,0,0,0,0,0,0,0
495,NorthernAfricaandWesternAsia,1833,SaintVincentandtheGrenadines,670,0,0,0,0,0,0,0,0,0,0,0,0,0,0,0,0,0,0,0,0,0
496,NorthernAfricaandWesternAsia,1833,SintMaartenDutchpart,534,0,0,0,0,0,0,0,0,0,0,0,0,0,0,0,0,0,0,0,0,0
497,NorthernAfricaandWesternAsia,1833,TrinidadandTobago,780,4,6,7,10,15,13,13,1,1,1,1,2,2,2,3,5,6,9,13,11,11
498,NorthernAfricaandWesternAsia,1833,TurksandCaicosIslands,796,0,0,0,0,0,0,0,0,0,0,0,0,0,0,0,0,0,0,0,0,0
499,NorthernAfricaandWesternAsia,1833,UnitedStatesVirginIslands,850,0,0,0,0,0,0,0,0,0,0,0,0,0,0,0,0,0,0,0,0,0
500,NorthernAfricaandWesternAsia,1833,Belize,84,0,0,0,0,0,0,0,0,0,0,0,0,0,0,0,0,0,0,0,0,0
501,NorthernAfricaandWesternAsia,1833,CostaRica,188,14,33,53,56,57,54,73,8,17,27,27,27,26,35,6,16,26,29,30,28,38
502,NorthernAfricaandWesternAsia,1833,ElSalvador,222,621,640,680,766,841,852,974,255,303,366,460,505,535,598,366,337,314,306,336,317,376
503,NorthernAfricaandWesternAsia,1833,Guatemala,320,7,7,7,8,9,6,8,2,3,3,4,5,4,5,5,4,4,4,4,2,3
504,NorthernAfricaandWesternAsia,1833,Honduras,340,1,2,2,3,3,2,1,1,2,2,3,3,2,1,0,0,0,0,0,0,0
505,NorthernAfricaandWesternAsia,1833,Mexico,484,1546,1890,2143,2458,2801,2853,2857,712,872,1000,1162,1331,1358,1346,834,1018,1143,1296,1470,1495,1511
506,NorthernAfricaandWesternAsia,1833,Nicaragua,558,3,4,5,7,10,9,8,2,2,3,4,7,7,7,1,2,2,3,3,2,1
507,NorthernAfricaandWesternAsia,1833,Panama,591,5,7,9,13,20,18,18,4,5,7,10,17,16,17,1,2,2,3,3,2,1
508,NorthernAfricaandWesternAsia,1833,Argentina,32,25903,29858,32196,35202,38625,39737,38740,12539,14208,15278,16698,18269,18691,18224,13364,15650,16918,18504,20356,21046,20516
509,NorthernAfricaandWesternAsia,1833,BoliviaPlurinationalStateof,68,3,4,5,7,10,9,8,2,2,3,4,7,7,7,1,2,2,3,3,2,1
510,NorthernAfricaandWesternAsia,1833,Brazil,76,6592,7494,8034,8709,9612,9747,9704,2858,3221,3472,3812,4219,4237,4185,3734,4273,4562,4897,5393,5510,5519
511,NorthernAfricaandWesternAsia,1833,Chile,152,2656,2962,3107,3234,3403,3492,3417,1245,1366,1428,1487,1561,1595,1555,1411,1596,1679,1747,1842,1897,1862
512,NorthernAfricaandWesternAsia,1833,Colombia,170,1277,1666,1974,2433,2960,2985,2945,561,701,818,1010,1219,1214,1201,716,965,1156,1423,1741,1771,1744
513,NorthernAfricaandWesternAsia,1833,Ecuador,218,11,12,13,17,20,15,17,3,3,4,6,8,8,9,8,9,9,11,12,7,8
514,NorthernAfricaandWesternAsia,1833,FalklandIslandsMalvinas,238,0,0,0,0,0,0,0,0,0,0,0,0,0,0,0,0,0,0,0,0,0
515,NorthernAfricaandWesternAsia,1833,FrenchGuiana,254,0,0,0,0,0,0,0,0,0,0,0,0,0,0,0,0,0,0,0,0,0
516,NorthernAfricaandWesternAsia,1833,Guyana,328,0,0,0,0,0,0,0,0,0,0,0,0,0,0,0,0,0,0,0,0,0
517,NorthernAfricaandWesternAsia,1833,Paraguay,600,2,3,4,6,8,7,6,0,0,0,0,0,0,0,2,3,4,6,8,7,6
518,NorthernAfricaandWesternAsia,1833,Peru,604,670,1064,1423,1935,2474,2542,2488,273,451,613,860,1116,1140,1112,397,613,810,1075,1358,1402,1376
519,NorthernAfricaandWesternAsia,1833,Suriname,740,1,2,2,3,3,2,1,0,0,0,0,0,0,0,1,2,2,3,3,2,1
520,NorthernAfricaandWesternAsia,1833,Uruguay,858,4326,4963,5323,5743,6231,6423,6252,2053,2316,2478,2669,2887,2960,2882,2273,2647,2845,3074,3344,3463,3370
521,NorthernAfricaandWesternAsia,1833,VenezuelaBolivarianRepublicof,862,736,736,703,607,558,518,535,329,329,316,275,252,232,235,407,407,387,332,306,286,300
522,NorthernAfricaandWesternAsia,1833,Bermuda,60,0,0,0,0,0,0,0,0,0,0,0,0,0,0,0,0,0,0,0,0,0
523,NorthernAfricaandWesternAsia,1833,Canada,124,7014,9240,11209,12585,14625,14487,15352,3459,4546,5569,6464,7522,7415,7800,3555,4694,5640,6121,7103,7072,7552
524,NorthernAfricaandWesternAsia,1833,Greenland,304,0,0,0,0,0,0,0,0,0,0,0,0,0,0,0,0,0,0,0,0,0
525,NorthernAfricaandWesternAsia,1833,SaintPierreandMiquelon,666,0,0,0,0,0,0,0,0,0,0,0,0,0,0,0,0,0,0,0,0,0
526,NorthernAfricaandWesternAsia,1833,UnitedStatesofAmerica,840,111333,112277,112085,122171,144970,146122,157187,58586,58466,58448,64313,77751,77630,83928,52747,53811,53637,57858,67219,68492,73259
527,NorthernAfricaandWesternAsia,1833,Australia,36,7965,7980,7920,8995,10789,10269,11686,3929,3865,3791,4371,5257,4952,5404,4036,4115,4129,4624,5532,5317,6282
528,NorthernAfricaandWesternAsia,1833,NewZealand,554,235,343,457,484,594,483,643,130,167,208,228,278,207,262,105,176,249,256,316,276,381
529,NorthernAfricaandWesternAsia,1833,Fiji,242,1,2,2,3,3,2,1,0,0,0,0,0,0,0,1,2,2,3,3,2,1
530,NorthernAfricaandWesternAsia,1833,NewCaledonia,540,0,0,0,0,0,0,0,0,0,0,0,0,0,0,0,0,0,0,0,0,0
531,NorthernAfricaandWesternAsia,1833,PapuaNewGuinea,598,0,0,0,0,0,0,0,0,0,0,0,0,0,0,0,0,0,0,0,0,0
532,NorthernAfricaandWesternAsia,1833,SolomonIslands,90,0,0,0,0,0,0,0,0,0,0,0,0,0,0,0,0,0,0,0,0,0
533,NorthernAfricaandWesternAsia,1833,Vanuatu,548,0,0,0,0,0,0,0,0,0,0,0,0,0,0,0,0,0,0,0,0,0
534,NorthernAfricaandWesternAsia,1833,Guam,316,0,0,0,0,0,0,0,0,0,0,0,0,0,0,0,0,0,0,0,0,0
535,NorthernAfricaandWesternAsia,1833,Kiribati,296,0,0,0,0,0,0,0,0,0,0,0,0,0,0,0,0,0,0,0,0,0
536,NorthernAfricaandWesternAsia,1833,MarshallIslands,584,0,0,0,0,0,0,0,0,0,0,0,0,0,0,0,0,0,0,0,0,0
537,NorthernAfricaandWesternAsia,1833,MicronesiaFedStatesof,583,0,0,0,0,0,0,0,0,0,0,0,0,0,0,0,0,0,0,0,0,0
538,NorthernAfricaandWesternAsia,1833,Nauru,520,0,0,0,0,0,0,0,0,0,0,0,0,0,0,0,0,0,0,0,0,0
539,NorthernAfricaandWesternAsia,1833,NorthernMarianaIslands,580,0,0,0,0,0,0,0,0,0,0,0,0,0,0,0,0,0,0,0,0,0
540,NorthernAfricaandWesternAsia,1833,Palau,585,0,0,0,0,0,0,0,0,0,0,0,0,0,0,0,0,0,0,0,0,0
541,NorthernAfricaandWesternAsia,1833,AmericanSamoa,16,0,0,0,0,0,0,0,0,0,0,0,0,0,0,0,0,0,0,0,0,0
542,NorthernAfricaandWesternAsia,1833,CookIslands,184,0,0,0,0,0,0,0,0,0,0,0,0,0,0,0,0,0,0,0,0,0
543,NorthernAfricaandWesternAsia,1833,FrenchPolynesia,258,0,0,0,0,0,0,0,0,0,0,0,0,0,0,0,0,0,0,0,0,0
544,NorthernAfricaandWesternAsia,1833,Niue,570,0,0,0,0,0,0,0,0,0,0,0,0,0,0,0,0,0,0,0,0,0
545,NorthernAfricaandWesternAsia,1833,Samoa,882,0,0,0,0,0,0,0,0,0,0,0,0,0,0,0,0,0,0,0,0,0
546,NorthernAfricaandWesternAsia,1833,Tokelau,772,0,0,0,0,0,0,0,0,0,0,0,0,0,0,0,0,0,0,0,0,0
547,NorthernAfricaandWesternAsia,1833,Tonga,776,0,0,0,0,0,0,0,0,0,0,0,0,0,0,0,0,0,0,0,0,0
548,NorthernAfricaandWesternAsia,1833,Tuvalu,798,0,0,0,0,0,0,0,0,0,0,0,0,0,0,0,0,0,0,0,0,0
549,NorthernAfricaandWesternAsia,1833,WallisandFutunaIslands,876,0,0,0,0,0,0,0,0,0,0,0,0,0,0,0,0,0,0,0,0,0
550,CentralandSouthernAsia,921,SubSaharanAfrica,947,15147,10515,5889,38940,64296,59931,56069,7288,5068,2846,19438,23788,21464,19472,7859,5447,3043,19502,40508,38467,36597
551,CentralandSouthernAsia,921,NorthernAfricaandWesternAsia,1833,485915,455473,408649,369113,379759,346590,330579,245059,230665,214515,196509,200827,185116,169334,240856,224808,194134,172604,178932,161474,161245
552,CentralandSouthernAsia,921,CentralandSouthernAsia,921,18295243,14198434,13822486,12317671,12690299,12064784,11454177,9607707,7368902,7172434,6264986,6456223,6098738,5824079,8687536,6829532,6650052,6052685,6234076,5966046,5630098
553,CentralandSouthernAsia,921,EasternandSouthEasternAsia,1832,916281,1022902,1038507,1053982,1251284,1280110,1931473,469639,525672,536373,551393,643974,659175,1105665,446642,497230,502134,502589,607310,620935,825808
554,CentralandSouthernAsia,921,LatinAmericaandtheCaribbean,1830,589,5420,10255,12207,14144,14978,14684,316,2926,5538,6589,7633,8084,4545,273,2494,4717,5618,6511,6894,10139
555,CentralandSouthernAsia,921,OceaniaexcludingAustraliaandNewZealand,1835,2385,1298,210,598,895,833,779,985,538,91,298,362,327,298,1400,760,119,300,533,506,481
556,CentralandSouthernAsia,921,AustraliaandNewZealand,927,3400,2291,1196,3373,5216,4934,4677,1491,1059,623,1929,2652,2482,2334,1909,1232,573,1444,2564,2452,2343
557,CentralandSouthernAsia,921,EuropeandNorthernAmerica,1829,5515044,4903088,4321012,4334189,4364013,4462475,4590984,2453097,2180871,1915748,1978476,2041632,2123115,2167095,3061947,2722217,2405264,2355713,2322381,2339360,2423889
558,CentralandSouthernAsia,921,Developedregions,901,5528522,4915851,4333072,4351023,4385378,4484168,4612050,2459961,2187516,1922153,1987567,2052732,2134343,2174856,3068561,2728335,2410919,2363456,2332646,2349825,2437194
559,CentralandSouthernAsia,921,Lessdevelopedregions,902,19705482,15683570,15275132,13779050,14384528,13750467,13771372,10325621,8128185,7926015,7032051,7324359,6964158,7117966,9379861,7555385,7349117,6746999,7060169,6786309,6653406
560,CentralandSouthernAsia,921,Lessdevelopedregions,902,934,7003855,6463982,5888306,5664215,5483930,5368114,4974131,3620465,3276423,2972585,2859447,2804199,2797507,2472376,3383390,3187559,2915721,2804768,2679731,2570607
561,CentralandSouthernAsia,921,Lessdevelopedregions,902,948,19522760,15425851,15033679,13512356,14097398,13451127,13477994,10228436,7992236,7796672,6889434,7176087,6809174,7002898,9294324,7433615,7237007,6622922,6921311,6641953
562,CentralandSouthernAsia,921,Leastdevelopedcountries,941,12701627,9219588,9386826,8114835,8900598,8382353,8797241,6705156,4851762,4953430,4172604,4520160,4166651,4645590,5996471,4367826,4433396,3942231,4380438,4215702,4151651
563,CentralandSouthernAsia,921,LandlockedDevelopingCountriesLLDC,1636,8620182,5374939,5775708,5208639,6311443,5980283,5903309,4516118,2809361,3046872,2707314,3180079,2942571,2925481,4104064,2565578,2728836,2501325,3131364,3037712,2977828
564,CentralandSouthernAsia,921,SmallislanddevelopingStatesSIDS,1637,26810,30873,34939,43127,51497,52641,51228,13546,15880,18139,22437,26276,26809,17048,13264,14993,16800,20690,25221,25832,34180
565,CentralandSouthernAsia,921,Highincomecountries,1503,261776,256337,249607,326450,394604,391207,379595,128644,130213,130679,176241,206305,203612,163153,133132,126124,118928,150209,188299,187595,216442
566,CentralandSouthernAsia,921,Middleincomecountries,1517,17512955,16231909,14875034,14050122,13612014,13324074,13517912,8670943,7974634,7290317,6811470,6648386,6569155,6771507,8842012,8257275,7584717,7238652,6963628,6754919,6746405
567,CentralandSouthernAsia,921,Uppermiddleincomecountries,1502,5672330,5235992,4722984,4681095,4692853,4765935,4856366,2575157,2387385,2159355,2189334,2239181,2306722,2229033,3097173,2848607,2563629,2491761,2453672,2459213,2627333
568,CentralandSouthernAsia,921,Lowermiddleincomecountries,1501,11840625,10995917,10152050,9369027,8919161,8558139,8661546,6095786,5587249,5130962,4622136,4409205,4262433,4542474,5744839,5408668,5021088,4746891,4509956,4295706,4119072
569,CentralandSouthernAsia,921,Lowincomecountries,1500,7459273,4111175,4483563,3753501,4763288,4519354,4485915,3985995,2210854,2427172,2031907,2522400,2325734,2358162,3473278,1900321,2056391,1721594,2240888,2193620,2127753
570,CentralandSouthernAsia,921,EasternAfrica,910,13821,9414,5009,37859,62979,58683,54884,6535,4459,2386,18844,23052,20779,18828,7286,4955,2623,19015,39927,37904,36056
571,CentralandSouthernAsia,921,MiddleAfrica,911,0,0,0,0,0,0,0,0,0,0,0,0,0,0,0,0,0,0,0,0,0
572,CentralandSouthernAsia,921,NorthernAfrica,912,214,203,211,242,332,336,336,97,100,113,130,196,203,208,117,103,98,112,136,133,128
573,CentralandSouthernAsia,921,SouthernAfrica,913,3,33,64,127,257,260,262,2,25,40,51,106,104,106,1,8,24,76,151,156,156
574,CentralandSouthernAsia,921,WesternAfrica,914,1323,1068,816,954,1060,988,923,751,584,420,543,630,581,538,572,484,396,411,430,407,385
575,CentralandSouthernAsia,921,CentralAsia,5500,477950,473186,462131,496462,488597,488831,491804,224428,228038,220842,243095,246000,247167,250619,253522,245148,241289,253367,242597,241664,241185
576,CentralandSouthernAsia,921,EasternAsia,906,256169,335373,323267,361055,394268,412416,410936,132632,173797,169508,190024,202923,213402,172691,123537,161576,153759,171031,191345,199014,238245
577,CentralandSouthernAsia,921,SouthEasternAsia,920,660112,687529,715240,692927,857016,867694,1520537,337007,351875,366865,361369,441051,445773,932974,323105,335654,348375,331558,415965,421921,587563
578,CentralandSouthernAsia,921,SouthernAsia,5501,17817293,13725248,13360355,11821209,12201702,11575953,10962373,9383279,7140864,6951592,6021891,6210223,5851571,5573460,8434014,6584384,6408763,5799318,5991479,5724382,5388913
579,CentralandSouthernAsia,921,WesternAsia,922,485701,455270,408438,368871,379427,346254,330243,244962,230565,214402,196379,200631,184913,169126,240739,224705,194036,172492,178796,161341,161117
580,CentralandSouthernAsia,921,EasternEurope,923,5388810,4782929,4208027,4183986,4180837,4279027,4412734,2392125,2121283,1858332,1898668,1946621,2028168,2096359,2996685,2661646,2349695,2285318,2234216,2250859,2316375
581,CentralandSouthernAsia,921,NorthernEurope,924,35414,43975,52314,61948,70926,72558,71113,17550,22361,26953,32551,37033,37934,26309,17864,21614,25361,29397,33893,34624,44804
582,CentralandSouthernAsia,921,SouthernEurope,925,774,1333,1878,3241,5998,5787,5844,360,845,1204,1647,3054,2790,2843,414,488,674,1594,2944,2997,3001
583,CentralandSouthernAsia,921,WesternEurope,926,48734,35356,21078,20010,18745,17915,17547,21625,15577,9112,8998,8857,8597,8450,27109,19779,11966,11012,9888,9318,9097
584,CentralandSouthernAsia,921,Caribbean,915,37,33,34,42,61,59,56,17,17,18,19,28,27,27,20,16,16,23,33,32,29
585,CentralandSouthernAsia,921,CentralAmerica,916,0,0,0,0,0,0,0,0,0,0,0,0,0,0,0,0,0,0,0,0,0
586,CentralandSouthernAsia,921,SouthAmerica,931,552,5387,10221,12165,14083,14919,14628,299,2909,5520,6570,7605,8057,4518,253,2478,4701,5595,6478,6862,10110
587,CentralandSouthernAsia,921,Melanesia,928,2385,1298,210,598,895,833,779,985,538,91,298,362,327,298,1400,760,119,300,533,506,481
588,CentralandSouthernAsia,921,Micronesia,954,0,0,0,0,0,0,0,0,0,0,0,0,0,0,0,0,0,0,0,0,0
589,CentralandSouthernAsia,921,Polynesia,957,0,0,0,0,0,0,0,0,0,0,0,0,0,0,0,0,0,0,0,0,0
590,CentralandSouthernAsia,921,Burundi,108,0,0,0,0,0,0,0,0,0,0,0,0,0,0,0,0,0,0,0,0,0
591,CentralandSouthernAsia,921,Comoros,174,0,0,0,0,0,0,0,0,0,0,0,0,0,0,0,0,0,0,0,0,0
592,CentralandSouthernAsia,921,Djibouti,262,0,0,0,0,0,0,0,0,0,0,0,0,0,0,0,0,0,0,0,0,0
593,CentralandSouthernAsia,921,Eritrea,232,0,0,0,0,0,0,0,0,0,0,0,0,0,0,0,0,0,0,0,0,0
594,CentralandSouthernAsia,921,Ethiopia,231,0,0,0,0,0,0,0,0,0,0,0,0,0,0,0,0,0,0,0,0,0
595,CentralandSouthernAsia,921,Kenya,404,8170,5541,2912,6291,8874,8268,7733,3855,2625,1396,3399,4225,3855,3535,4315,2916,1516,2892,4649,4413,4198
596,CentralandSouthernAsia,921,Madagascar,450,0,0,0,0,0,0,0,0,0,0,0,0,0,0,0,0,0,0,0,0,0
597,CentralandSouthernAsia,921,Malawi,454,0,0,0,0,0,0,0,0,0,0,0,0,0,0,0,0,0,0,0,0,0
598,CentralandSouthernAsia,921,Mauritius,480,2547,1455,362,382,399,371,346,1297,719,141,150,152,137,124,1250,736,221,232,247,234,222
599,CentralandSouthernAsia,921,Mayotte,175,0,0,0,0,0,0,0,0,0,0,0,0,0,0,0,0,0,0,0,0,0
600,CentralandSouthernAsia,921,Mozambique,508,0,0,0,0,0,0,0,0,0,0,0,0,0,0,0,0,0,0,0,0,0
601,CentralandSouthernAsia,921,Reunion,638,0,0,0,0,0,0,0,0,0,0,0,0,0,0,0,0,0,0,0,0,0
602,CentralandSouthernAsia,921,Rwanda,646,0,0,0,0,0,0,0,0,0,0,0,0,0,0,0,0,0,0,0,0,0
603,CentralandSouthernAsia,921,Seychelles,690,0,2,5,12,26,25,24,0,2,4,6,14,13,13,0,0,1,6,12,12,11
604,CentralandSouthernAsia,921,Somalia,706,0,0,0,0,0,0,0,0,0,0,0,0,0,0,0,0,0,0,0,0,0
605,CentralandSouthernAsia,921,SouthSudan,728,0,0,0,0,0,0,0,0,0,0,0,0,0,0,0,0,0,0,0,0,0
606,CentralandSouthernAsia,921,Uganda,800,2058,1465,872,29845,51990,48444,45309,935,680,426,14670,18027,16201,14635,1123,785,446,15175,33963,32243,30674
607,CentralandSouthernAsia,921,UnitedRepublicofTanzania,834,0,0,0,0,0,0,0,0,0,0,0,0,0,0,0,0,0,0,0,0,0
608,CentralandSouthernAsia,921,Zambia,894,1046,951,858,1329,1690,1575,1472,448,433,419,619,634,573,521,598,518,439,710,1056,1002,951
609,CentralandSouthernAsia,921,Zimbabwe,716,0,0,0,0,0,0,0,0,0,0,0,0,0,0,0,0,0,0,0,0,0
610,CentralandSouthernAsia,921,Angola,24,0,0,0,0,0,0,0,0,0,0,0,0,0,0,0,0,0,0,0,0,0
611,CentralandSouthernAsia,921,Cameroon,120,0,0,0,0,0,0,0,0,0,0,0,0,0,0,0,0,0,0,0,0,0
612,CentralandSouthernAsia,921,CentralAfricanRepublic,140,0,0,0,0,0,0,0,0,0,0,0,0,0,0,0,0,0,0,0,0,0
613,CentralandSouthernAsia,921,Chad,148,0,0,0,0,0,0,0,0,0,0,0,0,0,0,0,0,0,0,0,0,0
614,CentralandSouthernAsia,921,Congo,178,0,0,0,0,0,0,0,0,0,0,0,0,0,0,0,0,0,0,0,0,0
615,CentralandSouthernAsia,921,DemocraticRepublicoftheCongo,180,0,0,0,0,0,0,0,0,0,0,0,0,0,0,0,0,0,0,0,0,0
616,CentralandSouthernAsia,921,EquatorialGuinea,226,0,0,0,0,0,0,0,0,0,0,0,0,0,0,0,0,0,0,0,0,0
617,CentralandSouthernAsia,921,Gabon,266,0,0,0,0,0,0,0,0,0,0,0,0,0,0,0,0,0,0,0,0,0
618,CentralandSouthernAsia,921,SaoTomeandPrincipe,678,0,0,0,0,0,0,0,0,0,0,0,0,0,0,0,0,0,0,0,0,0
619,CentralandSouthernAsia,921,Algeria,12,198,160,138,133,132,129,128,88,71,63,60,60,58,59,110,89,75,73,72,71,69
620,CentralandSouthernAsia,921,Egypt,818,16,39,64,90,160,167,169,9,25,43,58,111,120,124,7,14,21,32,49,47,45
621,CentralandSouthernAsia,921,Libya,434,0,4,9,19,40,40,39,0,4,7,12,25,25,25,0,0,2,7,15,15,14
622,CentralandSouthernAsia,921,Morocco,504,0,0,0,0,0,0,0,0,0,0,0,0,0,0,0,0,0,0,0,0,0
623,CentralandSouthernAsia,921,Sudan,729,0,0,0,0,0,0,0,0,0,0,0,0,0,0,0,0,0,0,0,0,0
624,CentralandSouthernAsia,921,Tunisia,788,0,0,0,0,0,0,0,0,0,0,0,0,0,0,0,0,0,0,0,0,0
625,CentralandSouthernAsia,921,WesternSahara,732,0,0,0,0,0,0,0,0,0,0,0,0,0,0,0,0,0,0,0,0,0
626,CentralandSouthernAsia,921,Botswana,72,0,0,0,0,0,0,0,0,0,0,0,0,0,0,0,0,0,0,0,0,0
627,CentralandSouthernAsia,921,Eswatini,748,0,0,0,0,0,0,0,0,0,0,0,0,0,0,0,0,0,0,0,0,0
628,CentralandSouthernAsia,921,Lesotho,426,0,0,0,0,0,0,0,0,0,0,0,0,0,0,0,0,0,0,0,0,0
629,CentralandSouthernAsia,921,Namibia,516,0,0,0,0,0,0,0,0,0,0,0,0,0,0,0,0,0,0,0,0,0
630,CentralandSouthernAsia,921,SouthAfrica,710,3,33,64,127,257,260,262,2,25,40,51,106,104,106,1,8,24,76,151,156,156
631,CentralandSouthernAsia,921,Benin,204,0,0,0,0,0,0,0,0,0,0,0,0,0,0,0,0,0,0,0,0,0
632,CentralandSouthernAsia,921,BurkinaFaso,854,0,0,0,0,0,0,0,0,0,0,0,0,0,0,0,0,0,0,0,0,0
633,CentralandSouthernAsia,921,CaboVerde,132,0,0,0,0,0,0,0,0,0,0,0,0,0,0,0,0,0,0,0,0,0
634,CentralandSouthernAsia,921,CotedIvoire,384,0,0,0,0,0,0,0,0,0,0,0,0,0,0,0,0,0,0,0,0,0
635,CentralandSouthernAsia,921,Gambia,270,0,0,0,0,0,0,0,0,0,0,0,0,0,0,0,0,0,0,0,0,0
636,CentralandSouthernAsia,921,Ghana,288,0,0,0,0,0,0,0,0,0,0,0,0,0,0,0,0,0,0,0,0,0
637,CentralandSouthernAsia,921,Guinea,324,0,0,0,0,0,0,0,0,0,0,0,0,0,0,0,0,0,0,0,0,0
638,CentralandSouthernAsia,921,GuineaBissau,624,0,0,0,0,0,0,0,0,0,0,0,0,0,0,0,0,0,0,0,0,0
639,CentralandSouthernAsia,921,Liberia,430,0,0,0,0,0,0,0,0,0,0,0,0,0,0,0,0,0,0,0,0,0
640,CentralandSouthernAsia,921,Mali,466,0,0,0,0,0,0,0,0,0,0,0,0,0,0,0,0,0,0,0,0,0
641,CentralandSouthernAsia,921,Mauritania,478,0,0,0,0,0,0,0,0,0,0,0,0,0,0,0,0,0,0,0,0,0
642,CentralandSouthernAsia,921,Niger,562,37,30,26,24,23,22,20,17,14,13,11,11,11,11,20,16,13,13,12,11,9
643,CentralandSouthernAsia,921,Nigeria,566,1286,1038,790,930,1037,966,903,734,570,407,532,619,570,527,552,468,383,398,418,396,376
644,CentralandSouthernAsia,921,SaintHelena,654,0,0,0,0,0,0,0,0,0,0,0,0,0,0,0,0,0,0,0,0,0
645,CentralandSouthernAsia,921,Senegal,686,0,0,0,0,0,0,0,0,0,0,0,0,0,0,0,0,0,0,0,0,0
646,CentralandSouthernAsia,921,SierraLeone,694,0,0,0,0,0,0,0,0,0,0,0,0,0,0,0,0,0,0,0,0,0
647,CentralandSouthernAsia,921,Togo,768,0,0,0,0,0,0,0,0,0,0,0,0,0,0,0,0,0,0,0,0,0
648,CentralandSouthernAsia,921,Kazakhstan,398,102334,85290,69330,60527,50549,47581,46958,43766,37010,28925,26063,22190,21275,21182,58568,48280,40405,34464,28359,26306,25776
649,CentralandSouthernAsia,921,Kyrgyzstan,417,31129,25806,22000,22342,22911,22929,23292,14331,12424,10420,10711,11147,11214,11387,16798,13382,11580,11631,11764,11715,11905
650,CentralandSouthernAsia,921,Tajikistan,762,58090,88119,101963,98329,56710,46026,36085,31159,44360,49988,47653,30553,22911,18673,26931,43759,51975,50676,26157,23115,17412
651,CentralandSouthernAsia,921,Turkmenistan,795,4930,4515,4830,6637,6368,5604,5233,2229,2138,2447,3618,3506,3120,2914,2701,2377,2383,3019,2862,2484,2319
652,CentralandSouthernAsia,921,Uzbekistan,860,281467,269456,264008,308627,352059,366691,380236,132943,132106,129062,155050,178604,188647,196463,148524,137350,134946,153577,173455,178044,183773
653,CentralandSouthernAsia,921,China,156,182722,257719,241453,266694,287130,299340,293378,97185,135949,129343,142617,148272,154984,115068,85537,121770,112110,124077,138858,144356,178310
654,CentralandSouthernAsia,921,China,156,344,0,0,0,0,0,0,0,0,0,0,0,0,0,0,0,0,0,0,0,0
655,CentralandSouthernAsia,921,China,156,446,0,0,0,0,0,0,0,0,0,0,0,0,0,0,0,0,0,0,0,0
656,CentralandSouthernAsia,921,China,156,158,0,0,0,0,0,0,0,0,0,0,0,0,0,0,0,0,0,0,0,0
657,CentralandSouthernAsia,921,DemPeoplesRepublicofKorea,408,20843,33776,46690,53393,60090,63532,66712,9780,16157,22498,26426,30349,32600,34246,11063,17619,24192,26967,29741,30932,32466
658,CentralandSouthernAsia,921,Japan,392,10078,10472,10864,13461,16149,16759,16389,5373,5586,5782,7162,8448,8746,5427,4705,4886,5082,6299,7701,8013,10962
659,CentralandSouthernAsia,921,Mongolia,496,0,0,0,0,0,0,0,0,0,0,0,0,0,0,0,0,0,0,0,0,0
660,CentralandSouthernAsia,921,RepublicofKorea,410,42526,33406,24260,27507,30899,32785,34457,20294,16105,11885,13819,15854,17072,17950,22232,17301,12375,13688,15045,15713,16507
661,CentralandSouthernAsia,921,BruneiDarussalam,96,16258,23670,31084,28782,27024,25181,23551,10536,15265,19993,18057,16766,15443,14289,5722,8405,11091,10725,10258,9738,9262
662,CentralandSouthernAsia,921,Cambodia,116,12924,13190,13455,16015,18541,19642,19259,6979,7123,7266,8649,10013,10607,5949,5945,6067,6189,7366,8528,9035,13310
663,CentralandSouthernAsia,921,Indonesia,360,73015,85988,99000,125254,145889,154998,151920,39255,46297,53349,67499,78548,83466,47166,33760,39691,45651,57755,67341,71532,104754
664,CentralandSouthernAsia,921,LaoPeoplesDemocraticRepublic,418,58722,59555,60387,71878,83217,88155,86447,31710,32160,32609,38815,44938,47604,26701,27012,27395,27778,33063,38279,40551,59746
665,CentralandSouthernAsia,921,Malaysia,458,104896,140202,175506,206388,221466,219116,214252,55107,72909,90683,108143,117280,115986,67228,49789,67293,84823,98245,104186,103130,147024
666,CentralandSouthernAsia,921,Myanmar,104,315171,304923,294958,195247,303105,300966,966906,152560,147027,141642,94291,143797,142122,752685,162611,157896,153316,100956,159308,158844,214221
667,CentralandSouthernAsia,921,Philippines,608,312,247,168,540,735,929,1009,174,127,96,335,327,318,346,138,120,72,205,408,611,663
668,CentralandSouthernAsia,921,Singapore,702,19921,16440,12957,15909,18786,18481,17775,9695,8000,6289,7874,8975,8801,6250,10226,8440,6668,8035,9811,9680,11525
669,CentralandSouthernAsia,921,Thailand,764,15601,12090,8575,9450,10781,11182,11006,8426,6536,4644,5109,5789,5961,3473,7175,5554,3931,4341,4992,5221,7533
670,CentralandSouthernAsia,921,TimorLeste,626,0,0,0,0,0,0,0,0,0,0,0,0,0,0,0,0,0,0,0,0,0
671,CentralandSouthernAsia,921,VietNam,704,43292,31224,19150,23464,27472,29044,28412,22565,16431,10294,12597,14618,15465,8887,20727,14793,8856,10867,12854,13579,19525
672,CentralandSouthernAsia,921,Afghanistan,4,7378245,3987774,4333987,3571857,4594364,4361220,4337681,3944104,2149633,2354230,1943122,2443407,2253960,2290546,3434141,1838141,1979757,1628735,2150957,2107260,2047135
673,CentralandSouthernAsia,921,Bangladesh,50,4377309,4131399,3885119,3319816,2884883,2698616,2529809,2325849,2182606,2039583,1671895,1499640,1386906,1281843,2051460,1948793,1845536,1647921,1385243,1311710,1247966
674,CentralandSouthernAsia,921,Bhutan,64,27895,117302,119383,118161,86517,39063,37173,13557,59421,60914,60291,44144,19844,18701,14338,57881,58469,57870,42373,19219,18472
675,CentralandSouthernAsia,921,India,356,3263013,2966706,2739271,2615309,2503940,2259132,2130862,1682334,1469089,1348146,1299701,1253666,1189228,1149504,1580679,1497617,1391125,1315608,1250274,1069904,981358
676,CentralandSouthernAsia,921,IranIslamicRepublicof,364,11672,9318,8104,7754,7902,7852,7533,5817,4813,4138,3994,4026,3988,3878,5855,4505,3966,3760,3876,3864,3655
677,CentralandSouthernAsia,921,Maldives,462,1827,1220,613,1398,2466,2314,2272,1501,961,371,710,1164,1012,990,326,259,242,688,1302,1302,1282
678,CentralandSouthernAsia,921,Nepal,524,528220,602996,677773,790645,876230,824613,773129,228997,272662,316323,340233,315532,288807,253982,299223,330334,361450,450412,560698,535806,519147
679,CentralandSouthernAsia,921,Pakistan,586,1942121,1666007,1397858,1186436,1025792,1178150,951137,1035084,879156,728097,595028,537549,604950,478493,907037,786851,669761,591408,488243,573200,472644
680,CentralandSouthernAsia,921,SriLanka,144,286991,242526,198247,209833,219608,204993,192777,146036,122523,99790,106917,111095,102876,95523,140955,120003,98457,102916,108513,102117,97254
681,CentralandSouthernAsia,921,Armenia,51,36272,31544,27609,27756,26477,25886,26001,17678,15982,14084,14420,13840,13774,13944,18594,15562,13525,13336,12637,12112,12057
682,CentralandSouthernAsia,921,Azerbaijan,31,86451,81095,77942,85721,87190,86979,88219,43273,41379,40023,44794,46050,46844,47735,43178,39716,37919,40927,41140,40135,40484
683,CentralandSouthernAsia,921,Bahrain,48,93,10425,20758,24786,28864,30558,29976,51,5643,11225,13380,15581,16492,9346,42,4782,9533,11406,13283,14066,20630
684,CentralandSouthernAsia,921,Cyprus,196,2,31,61,122,247,250,251,1,25,43,63,129,128,130,1,6,18,59,118,122,121
685,CentralandSouthernAsia,921,Georgia,268,14996,12209,9264,8393,7467,7209,7292,7265,6115,4829,4456,4045,3957,4024,7731,6094,4435,3937,3422,3252,3268
686,CentralandSouthernAsia,921,Iraq,368,292458,259093,206085,122457,100717,69805,55447,149832,131054,110338,65279,54338,38794,30786,142626,128039,95747,57178,46379,31011,24661
687,CentralandSouthernAsia,921,Israel,376,0,5,12,26,55,55,54,0,5,10,17,37,37,37,0,0,2,9,18,18,17
688,CentralandSouthernAsia,921,Jordan,400,3,34,67,134,271,274,276,2,27,45,62,127,126,128,1,7,22,72,144,148,148
689,CentralandSouthernAsia,921,Kuwait,414,16880,12373,7867,11733,15230,14328,13534,8110,6032,3902,6138,7505,6922,6440,8770,6341,3965,5595,7725,7406,7094
690,CentralandSouthernAsia,921,Lebanon,422,15,101,189,366,732,742,750,8,78,127,174,355,354,362,7,23,62,192,377,388,388
691,CentralandSouthernAsia,921,Oman,512,60,87,121,199,362,364,365,27,53,73,93,172,171,175,33,34,48,106,190,193,190
692,CentralandSouthernAsia,921,Qatar,634,3,34,67,134,270,273,275,2,28,48,74,150,149,152,1,6,19,60,120,124,123
693,CentralandSouthernAsia,921,SaudiArabia,682,6073,5934,5797,12404,17859,16845,15864,3023,3082,3105,7185,9382,8746,8125,3050,2852,2692,5219,8477,8099,7739
694,CentralandSouthernAsia,921,StateofPalestine,275,0,0,0,0,0,0,0,0,0,0,0,0,0,0,0,0,0,0,0,0,0
695,CentralandSouthernAsia,921,SyrianArabRepublic,760,0,8,17,35,73,73,72,0,7,12,17,36,35,35,0,1,5,18,37,38,37
696,CentralandSouthernAsia,921,Turkey,792,22436,29781,37507,42418,47826,49816,51709,10799,14738,18842,21814,25074,26517,27504,11637,15043,18665,20604,22752,23299,24205
697,CentralandSouthernAsia,921,UnitedArabEmirates,784,9959,12516,15075,32187,45787,42797,40158,4891,6317,7696,18413,23810,21867,20203,5068,6199,7379,13774,21977,20930,19955
698,CentralandSouthernAsia,921,Yemen,887,0,0,0,0,0,0,0,0,0,0,0,0,0,0,0,0,0,0,0,0,0
699,CentralandSouthernAsia,921,Belarus,112,143941,123210,100889,104512,106736,108354,111497,66618,56675,45694,48769,51139,52861,54527,77323,66535,55195,55743,55597,55493,56970
700,CentralandSouthernAsia,921,Bulgaria,100,0,0,0,0,0,0,0,0,0,0,0,0,0,0,0,0,0,0,0,0,0
701,CentralandSouthernAsia,921,Czechia,203,0,0,0,0,0,0,0,0,0,0,0,0,0,0,0,0,0,0,0,0,0
702,CentralandSouthernAsia,921,Hungary,348,0,0,0,0,0,0,0,0,0,0,0,0,0,0,0,0,0,0,0,0,0
703,CentralandSouthernAsia,921,Poland,616,6992,6289,5409,4578,3685,3249,3161,2550,2366,2107,1773,1408,1231,1199,4442,3923,3302,2805,2277,2018,1962
704,CentralandSouthernAsia,921,RepublicofMoldova,498,23286,19041,14740,14961,15148,15495,16054,10971,8959,6989,7244,7496,7786,8086,12315,10082,7751,7717,7652,7709,7968
705,CentralandSouthernAsia,921,Romania,642,713,718,701,628,547,482,468,314,324,324,289,248,217,212,399,394,377,339,299,265,256
706,CentralandSouthernAsia,921,RussianFederation,643,4575821,4095861,3645517,3592327,3567611,3652831,3766915,2025110,1811248,1605815,1624882,1655340,1725190,1783177,2550711,2284613,2039702,1967445,1912271,1927641,1983738
707,CentralandSouthernAsia,921,Slovakia,703,0,0,0,0,0,0,0,0,0,0,0,0,0,0,0,0,0,0,0,0,0
708,CentralandSouthernAsia,921,Ukraine,804,638057,537810,440771,466980,487110,498616,514639,286562,241711,197403,215711,230990,240883,249158,351495,296099,243368,251269,256120,257733,265481
709,CentralandSouthernAsia,921,ChannelIslands,830,0,0,0,0,0,0,0,0,0,0,0,0,0,0,0,0,0,0,0,0,0
710,CentralandSouthernAsia,921,Denmark,208,217,182,163,164,169,168,167,100,106,99,101,105,104,106,117,76,64,63,64,64,61
711,CentralandSouthernAsia,921,Estonia,233,1902,1895,1850,1780,1697,1686,1727,808,810,795,779,757,763,785,1094,1085,1055,1001,940,923,942
712,CentralandSouthernAsia,921,FaroeIslands,234,0,0,0,0,0,0,0,0,0,0,0,0,0,0,0,0,0,0,0,0,0
713,CentralandSouthernAsia,921,Finland,246,361,309,251,214,193,177,171,219,187,148,117,96,86,84,142,122,103,97,97,91,87
714,CentralandSouthernAsia,921,Iceland,352,0,0,0,0,0,0,0,0,0,0,0,0,0,0,0,0,0,0,0,0,0
715,CentralandSouthernAsia,921,Ireland,372,0,0,0,0,0,0,0,0,0,0,0,0,0,0,0,0,0,0,0,0,0
716,CentralandSouthernAsia,921,IsleofMan,833,0,0,0,0,0,0,0,0,0,0,0,0,0,0,0,0,0,0,0,0,0
717,CentralandSouthernAsia,921,Latvia,428,2884,2710,2475,2283,2070,2015,2047,1243,1193,1114,1049,973,963,985,1641,1517,1361,1234,1097,1052,1062
718,CentralandSouthernAsia,921,Lithuania,440,10969,9521,7908,7548,7132,7035,7193,5255,4493,3655,3579,3473,3488,3586,5714,5028,4253,3969,3659,3547,3607
719,CentralandSouthernAsia,921,Norway,578,4241,7036,9832,11726,13625,14428,14149,2291,3804,5315,6331,7354,7787,4395,1950,3232,4517,5395,6271,6641,9754
720,CentralandSouthernAsia,921,Sweden,752,51,76,101,120,180,188,189,30,46,61,71,114,124,128,21,30,40,49,66,64,61
721,CentralandSouthernAsia,921,UnitedKingdom,826,14789,22246,29734,38113,45860,46861,45470,7604,11722,15766,20524,24161,24619,16240,7185,10524,13968,17589,21699,22242,29230
722,CentralandSouthernAsia,921,Albania,8,0,0,0,0,0,0,0,0,0,0,0,0,0,0,0,0,0,0,0,0,0
723,CentralandSouthernAsia,921,Andorra,20,0,0,0,0,0,0,0,0,0,0,0,0,0,0,0,0,0,0,0,0,0
724,CentralandSouthernAsia,921,BosniaandHerzegovina,70,0,0,0,0,0,0,0,0,0,0,0,0,0,0,0,0,0,0,0,0,0
725,CentralandSouthernAsia,921,Croatia,191,0,0,0,0,0,0,0,0,0,0,0,0,0,0,0,0,0,0,0,0,0
726,CentralandSouthernAsia,921,Gibraltar,292,0,0,0,0,0,0,0,0,0,0,0,0,0,0,0,0,0,0,0,0,0
727,CentralandSouthernAsia,921,Greece,300,1,11,22,44,89,90,89,1,9,16,25,50,50,50,0,2,6,19,39,40,39
728,CentralandSouthernAsia,921,HolySee,336,0,0,0,0,0,0,0,0,0,0,0,0,0,0,0,0,0,0,0,0,0
729,CentralandSouthernAsia,921,Italy,380,319,996,1655,2875,5477,5273,5357,177,697,1093,1462,2807,2549,2616,142,299,562,1413,2670,2724,2741
730,CentralandSouthernAsia,921,Malta,470,0,0,0,0,0,0,0,0,0,0,0,0,0,0,0,0,0,0,0,0,0
731,CentralandSouthernAsia,921,Montenegro,499,0,0,0,0,0,0,0,0,0,0,0,0,0,0,0,0,0,0,0,0,0
732,CentralandSouthernAsia,921,NorthMacedonia,807,0,0,0,0,0,0,0,0,0,0,0,0,0,0,0,0,0,0,0,0,0
733,CentralandSouthernAsia,921,Portugal,620,454,323,193,305,396,389,364,182,136,90,153,181,176,162,272,187,103,152,215,213,202
734,CentralandSouthernAsia,921,SanMarino,674,0,0,0,0,0,0,0,0,0,0,0,0,0,0,0,0,0,0,0,0,0
735,CentralandSouthernAsia,921,Serbia,688,0,0,0,0,0,0,0,0,0,0,0,0,0,0,0,0,0,0,0,0,0
736,CentralandSouthernAsia,921,Slovenia,705,0,0,0,0,0,0,0,0,0,0,0,0,0,0,0,0,0,0,0,0,0
737,CentralandSouthernAsia,921,Spain,724,0,3,8,17,36,35,34,0,3,5,7,16,15,15,0,0,3,10,20,20,19
738,CentralandSouthernAsia,921,Austria,40,148,115,90,83,85,86,84,71,53,43,40,45,49,50,77,62,47,43,40,37,34
739,CentralandSouthernAsia,921,Belgium,56,0,0,0,0,0,0,0,0,0,0,0,0,0,0,0,0,0,0,0,0,0
740,CentralandSouthernAsia,921,France,250,5973,3793,1609,2007,2413,2298,2189,2760,1775,790,1013,1192,1136,1077,3213,2018,819,994,1221,1162,1112
741,CentralandSouthernAsia,921,Germany,276,42326,31156,19074,17553,15716,14979,14715,18648,13593,8106,7748,7315,7078,6976,23678,17563,10968,9805,8401,7901,7739
742,CentralandSouthernAsia,921,Liechtenstein,438,0,0,0,0,0,0,0,0,0,0,0,0,0,0,0,0,0,0,0,0,0
743,CentralandSouthernAsia,921,Luxembourg,442,0,0,0,0,0,0,0,0,0,0,0,0,0,0,0,0,0,0,0,0,0
744,CentralandSouthernAsia,921,Monaco,492,0,0,0,0,0,0,0,0,0,0,0,0,0,0,0,0,0,0,0,0,0
745,CentralandSouthernAsia,921,Netherlands,528,87,74,68,68,70,70,67,41,31,29,29,31,32,32,46,43,39,39,39,38,35
746,CentralandSouthernAsia,921,Switzerland,756,200,218,237,299,461,482,492,105,125,144,168,274,302,315,95,93,93,131,187,180,177
747,CentralandSouthernAsia,921,Anguilla,660,0,0,0,0,0,0,0,0,0,0,0,0,0,0,0,0,0,0,0,0,0
748,CentralandSouthernAsia,921,AntiguaandBarbuda,28,0,0,0,0,0,0,0,0,0,0,0,0,0,0,0,0,0,0,0,0,0
749,CentralandSouthernAsia,921,Aruba,533,0,0,0,0,0,0,0,0,0,0,0,0,0,0,0,0,0,0,0,0,0
750,CentralandSouthernAsia,921,Bahamas,44,0,0,0,0,0,0,0,0,0,0,0,0,0,0,0,0,0,0,0,0,0
751,CentralandSouthernAsia,921,Barbados,52,0,0,0,0,0,0,0,0,0,0,0,0,0,0,0,0,0,0,0,0,0
752,CentralandSouthernAsia,921,Bonaire,16,535,0,0,0,0,0,0,0,0,0,0,0,0,0,0,0,0,0,0,0,0
753,CentralandSouthernAsia,921,BritishVirginIslands,92,0,0,0,0,0,0,0,0,0,0,0,0,0,0,0,0,0,0,0,0,0
754,CentralandSouthernAsia,921,CaymanIslands,136,0,0,0,0,0,0,0,0,0,0,0,0,0,0,0,0,0,0,0,0,0
755,CentralandSouthernAsia,921,Cuba,192,0,0,0,0,0,0,0,0,0,0,0,0,0,0,0,0,0,0,0,0,0
756,CentralandSouthernAsia,921,CuraÃao,531,0,0,0,0,0,0,0,0,0,0,0,0,0,0,0,0,0,0,0,0,0
757,CentralandSouthernAsia,921,Dominica,212,0,0,0,0,0,0,0,0,0,0,0,0,0,0,0,0,0,0,0,0,0
758,CentralandSouthernAsia,921,DominicanRepublic,214,0,0,0,0,0,0,0,0,0,0,0,0,0,0,0,0,0,0,0,0,0
759,CentralandSouthernAsia,921,Grenada,308,0,0,0,0,0,0,0,0,0,0,0,0,0,0,0,0,0,0,0,0,0
760,CentralandSouthernAsia,921,Guadeloupe,312,0,0,0,0,0,0,0,0,0,0,0,0,0,0,0,0,0,0,0,0,0
761,CentralandSouthernAsia,921,Haiti,332,0,3,8,18,38,37,36,0,3,5,8,17,16,16,0,0,3,10,21,21,20
762,CentralandSouthernAsia,921,Jamaica,388,0,0,0,0,0,0,0,0,0,0,0,0,0,0,0,0,0,0,0,0,0
763,CentralandSouthernAsia,921,Martinique,474,0,0,0,0,0,0,0,0,0,0,0,0,0,0,0,0,0,0,0,0,0
764,CentralandSouthernAsia,921,Montserrat,500,0,0,0,0,0,0,0,0,0,0,0,0,0,0,0,0,0,0,0,0,0
765,CentralandSouthernAsia,921,PuertoRico,630,0,0,0,0,0,0,0,0,0,0,0,0,0,0,0,0,0,0,0,0,0
766,CentralandSouthernAsia,921,SaintBarthelemy,652,0,0,0,0,0,0,0,0,0,0,0,0,0,0,0,0,0,0,0,0,0
767,CentralandSouthernAsia,921,SaintKittsandNevis,659,0,0,0,0,0,0,0,0,0,0,0,0,0,0,0,0,0,0,0,0,0
768,CentralandSouthernAsia,921,SaintLucia,662,0,0,0,0,0,0,0,0,0,0,0,0,0,0,0,0,0,0,0,0,0
769,CentralandSouthernAsia,921,SaintMartinFrenchpart,663,0,0,0,0,0,0,0,0,0,0,0,0,0,0,0,0,0,0,0,0,0
770,CentralandSouthernAsia,921,SaintVincentandtheGrenadines,670,0,0,0,0,0,0,0,0,0,0,0,0,0,0,0,0,0,0,0,0,0
771,CentralandSouthernAsia,921,SintMaartenDutchpart,534,0,0,0,0,0,0,0,0,0,0,0,0,0,0,0,0,0,0,0,0,0
772,CentralandSouthernAsia,921,TrinidadandTobago,780,0,0,0,0,0,0,0,0,0,0,0,0,0,0,0,0,0,0,0,0,0
773,CentralandSouthernAsia,921,TurksandCaicosIslands,796,0,0,0,0,0,0,0,0,0,0,0,0,0,0,0,0,0,0,0,0,0
774,CentralandSouthernAsia,921,UnitedStatesVirginIslands,850,37,30,26,24,23,22,20,17,14,13,11,11,11,11,20,16,13,13,12,11,9
775,CentralandSouthernAsia,921,Belize,84,0,0,0,0,0,0,0,0,0,0,0,0,0,0,0,0,0,0,0,0,0
776,CentralandSouthernAsia,921,CostaRica,188,0,0,0,0,0,0,0,0,0,0,0,0,0,0,0,0,0,0,0,0,0
777,CentralandSouthernAsia,921,ElSalvador,222,0,0,0,0,0,0,0,0,0,0,0,0,0,0,0,0,0,0,0,0,0
778,CentralandSouthernAsia,921,Guatemala,320,0,0,0,0,0,0,0,0,0,0,0,0,0,0,0,0,0,0,0,0,0
779,CentralandSouthernAsia,921,Honduras,340,0,0,0,0,0,0,0,0,0,0,0,0,0,0,0,0,0,0,0,0,0
780,CentralandSouthernAsia,921,Mexico,484,0,0,0,0,0,0,0,0,0,0,0,0,0,0,0,0,0,0,0,0,0
781,CentralandSouthernAsia,921,Nicaragua,558,0,0,0,0,0,0,0,0,0,0,0,0,0,0,0,0,0,0,0,0,0
782,CentralandSouthernAsia,921,Panama,591,0,0,0,0,0,0,0,0,0,0,0,0,0,0,0,0,0,0,0,0,0
783,CentralandSouthernAsia,921,Argentina,32,0,0,0,0,0,0,0,0,0,0,0,0,0,0,0,0,0,0,0,0,0
784,CentralandSouthernAsia,921,BoliviaPlurinationalStateof,68,0,0,0,0,0,0,0,0,0,0,0,0,0,0,0,0,0,0,0,0,0
785,CentralandSouthernAsia,921,Brazil,76,552,5387,10221,12165,14083,14919,14628,299,2909,5520,6570,7605,8057,4518,253,2478,4701,5595,6478,6862,10110
786,CentralandSouthernAsia,921,Chile,152,0,0,0,0,0,0,0,0,0,0,0,0,0,0,0,0,0,0,0,0,0
787,CentralandSouthernAsia,921,Colombia,170,0,0,0,0,0,0,0,0,0,0,0,0,0,0,0,0,0,0,0,0,0
788,CentralandSouthernAsia,921,Ecuador,218,0,0,0,0,0,0,0,0,0,0,0,0,0,0,0,0,0,0,0,0,0
789,CentralandSouthernAsia,921,FalklandIslandsMalvinas,238,0,0,0,0,0,0,0,0,0,0,0,0,0,0,0,0,0,0,0,0,0
790,CentralandSouthernAsia,921,FrenchGuiana,254,0,0,0,0,0,0,0,0,0,0,0,0,0,0,0,0,0,0,0,0,0
791,CentralandSouthernAsia,921,Guyana,328,0,0,0,0,0,0,0,0,0,0,0,0,0,0,0,0,0,0,0,0,0
792,CentralandSouthernAsia,921,Paraguay,600,0,0,0,0,0,0,0,0,0,0,0,0,0,0,0,0,0,0,0,0,0
793,CentralandSouthernAsia,921,Peru,604,0,0,0,0,0,0,0,0,0,0,0,0,0,0,0,0,0,0,0,0,0
794,CentralandSouthernAsia,921,Suriname,740,0,0,0,0,0,0,0,0,0,0,0,0,0,0,0,0,0,0,0,0,0
795,CentralandSouthernAsia,921,Uruguay,858,0,0,0,0,0,0,0,0,0,0,0,0,0,0,0,0,0,0,0,0,0
796,CentralandSouthernAsia,921,VenezuelaBolivarianRepublicof,862,0,0,0,0,0,0,0,0,0,0,0,0,0,0,0,0,0,0,0,0,0
797,CentralandSouthernAsia,921,Bermuda,60,0,0,0,0,0,0,0,0,0,0,0,0,0,0,0,0,0,0,0,0,0
798,CentralandSouthernAsia,921,Canada,124,6582,4401,2225,3905,5295,4980,4691,3062,2093,1121,2152,2706,2519,2347,3520,2308,1104,1753,2589,2461,2344
799,CentralandSouthernAsia,921,Greenland,304,0,0,0,0,0,0,0,0,0,0,0,0,0,0,0,0,0,0,0,0,0
800,CentralandSouthernAsia,921,SaintPierreandMiquelon,666,0,0,0,0,0,0,0,0,0,0,0,0,0,0,0,0,0,0,0,0,0
801,CentralandSouthernAsia,921,UnitedStatesofAmerica,840,34730,35094,35490,61099,82212,82208,79055,18375,18712,19026,34460,43361,43107,30787,16355,16382,16464,26639,38851,39101,48268
802,CentralandSouthernAsia,921,Australia,36,3216,2122,1027,3175,4957,4673,4418,1406,973,534,1831,2519,2346,2195,1810,1149,493,1344,2438,2327,2223
803,CentralandSouthernAsia,921,NewZealand,554,184,169,169,198,259,261,259,85,86,89,98,133,136,139,99,83,80,100,126,125,120
804,CentralandSouthernAsia,921,Fiji,242,2385,1298,210,598,895,833,779,985,538,91,298,362,327,298,1400,760,119,300,533,506,481
805,CentralandSouthernAsia,921,NewCaledonia,540,0,0,0,0,0,0,0,0,0,0,0,0,0,0,0,0,0,0,0,0,0
806,CentralandSouthernAsia,921,PapuaNewGuinea,598,0,0,0,0,0,0,0,0,0,0,0,0,0,0,0,0,0,0,0,0,0
807,CentralandSouthernAsia,921,SolomonIslands,90,0,0,0,0,0,0,0,0,0,0,0,0,0,0,0,0,0,0,0,0,0
808,CentralandSouthernAsia,921,Vanuatu,548,0,0,0,0,0,0,0,0,0,0,0,0,0,0,0,0,0,0,0,0,0
809,CentralandSouthernAsia,921,Guam,316,0,0,0,0,0,0,0,0,0,0,0,0,0,0,0,0,0,0,0,0,0
810,CentralandSouthernAsia,921,Kiribati,296,0,0,0,0,0,0,0,0,0,0,0,0,0,0,0,0,0,0,0,0,0
811,CentralandSouthernAsia,921,MarshallIslands,584,0,0,0,0,0,0,0,0,0,0,0,0,0,0,0,0,0,0,0,0,0
812,CentralandSouthernAsia,921,MicronesiaFedStatesof,583,0,0,0,0,0,0,0,0,0,0,0,0,0,0,0,0,0,0,0,0,0
813,CentralandSouthernAsia,921,Nauru,520,0,0,0,0,0,0,0,0,0,0,0,0,0,0,0,0,0,0,0,0,0
814,CentralandSouthernAsia,921,NorthernMarianaIslands,580,0,0,0,0,0,0,0,0,0,0,0,0,0,0,0,0,0,0,0,0,0
815,CentralandSouthernAsia,921,Palau,585,0,0,0,0,0,0,0,0,0,0,0,0,0,0,0,0,0,0,0,0,0
816,CentralandSouthernAsia,921,AmericanSamoa,16,0,0,0,0,0,0,0,0,0,0,0,0,0,0,0,0,0,0,0,0,0
817,CentralandSouthernAsia,921,CookIslands,184,0,0,0,0,0,0,0,0,0,0,0,0,0,0,0,0,0,0,0,0,0
818,CentralandSouthernAsia,921,FrenchPolynesia,258,0,0,0,0,0,0,0,0,0,0,0,0,0,0,0,0,0,0,0,0,0
819,CentralandSouthernAsia,921,Niue,570,0,0,0,0,0,0,0,0,0,0,0,0,0,0,0,0,0,0,0,0,0
820,CentralandSouthernAsia,921,Samoa,882,0,0,0,0,0,0,0,0,0,0,0,0,0,0,0,0,0,0,0,0,0
821,CentralandSouthernAsia,921,Tokelau,772,0,0,0,0,0,0,0,0,0,0,0,0,0,0,0,0,0,0,0,0,0
822,CentralandSouthernAsia,921,Tonga,776,0,0,0,0,0,0,0,0,0,0,0,0,0,0,0,0,0,0,0,0,0
823,CentralandSouthernAsia,921,Tuvalu,798,0,0,0,0,0,0,0,0,0,0,0,0,0,0,0,0,0,0,0,0,0
824,CentralandSouthernAsia,921,WallisandFutunaIslands,876,0,0,0,0,0,0,0,0,0,0,0,0,0,0,0,0,0,0,0,0,0
825,EasternandSouthEasternAsia,1832,SubSaharanAfrica,947,1802,4211,8996,10175,10374,10449,14862,975,2167,4669,5287,5575,5622,7577,827,2044,4327,4888,4799,4827,7285
826,EasternandSouthEasternAsia,1832,NorthernAfricaandWesternAsia,1833,30176,21804,23741,25425,24771,27424,29006,14833,11156,12283,13980,13929,15603,16510,15343,10648,11458,11445,10842,11821,12496
827,EasternandSouthEasternAsia,1832,CentralandSouthernAsia,921,232067,357145,532492,907723,1395298,1880946,2051518,136266,209226,310350,517944,800307,1081254,1191694,95801,147919,222142,389779,594991,799692,859824
828,EasternandSouthEasternAsia,1832,EasternandSouthEasternAsia,1832,5482422,6651526,8333318,10440868,12687477,14290497,15367927,2817595,3349562,4097173,5107595,6187074,7021123,7527415,2664827,3301964,4236145,5333273,6500403,7269374,7840512
829,EasternandSouthEasternAsia,1832,LatinAmericaandtheCaribbean,1830,75239,236277,342745,322635,345923,293779,333438,38510,114320,160839,152644,164799,153262,173791,36729,121957,181906,169991,181124,140517,159647
830,EasternandSouthEasternAsia,1832,OceaniaexcludingAustraliaandNewZealand,1835,70,94,2615,2114,1085,1102,1168,50,67,1186,977,485,493,526,20,27,1429,1137,600,609,642
831,EasternandSouthEasternAsia,1832,AustraliaandNewZealand,927,31642,36922,46608,55832,70857,75917,84132,17401,20051,24764,30584,39610,41947,47438,14241,16871,21844,25248,31247,33970,36694
832,EasternandSouthEasternAsia,1832,EuropeandNorthernAmerica,1829,208066,247149,330879,370029,416756,458535,518524,116529,135546,176116,206031,233762,262996,296722,91537,111603,154763,163998,182994,195539,221802
833,EasternandSouthEasternAsia,1832,Developedregions,901,286149,333206,437089,493317,578892,632709,710241,161305,182811,231559,272816,322049,359744,401014,124844,150395,205530,220501,256843,272965,309227
834,EasternandSouthEasternAsia,1832,Lessdevelopedregions,902,5775335,7221922,9184305,11641484,14373649,16405940,17690334,2980854,3659284,4555821,5762226,7123492,8222556,8860659,2794481,3562638,4628484,5879258,7250157,8183384,8829675
835,EasternandSouthEasternAsia,1832,Lessdevelopedregions,902,934,5191700,6216481,7616475,8860795,10208138,11503421,12501179,2656330,3120169,3735037,4309603,4927541,5614180,6091530,2535370,3096312,3881438,4551192,5280597,5889241
836,EasternandSouthEasternAsia,1832,Lessdevelopedregions,902,948,3017821,4282524,5967464,7632106,9719949,11245712,12260107,1523732,2143270,2947490,3844036,4972450,5847836,6414303,1494089,2139254,3019974,3788070,4747499,5397876
837,EasternandSouthEasternAsia,1832,Leastdevelopedcountries,941,583635,1005441,1567830,2780689,4165511,4902519,5189155,324524,539115,820784,1452623,2195951,2608376,2769129,259111,466326,747046,1328066,1969560,2294143,2420026
838,EasternandSouthEasternAsia,1832,LandlockedDevelopingCountriesLLDC,1636,202297,267433,383792,724997,1202368,1589439,1700311,95434,129512,185671,344238,585411,804073,866965,106863,137921,198121,380759,616957,785366,833346
839,EasternandSouthEasternAsia,1832,SmallislanddevelopingStatesSIDS,1637,47244,120043,215220,174928,130707,151205,160140,23630,60095,107312,91533,69694,81608,87458,23614,59948,107908,83395,61013,69597,72682
840,EasternandSouthEasternAsia,1832,Highincomecountries,1503,1186080,1232500,1359642,1458584,1744343,1793861,1913544,614643,646949,691670,763320,920076,984493,1051445,571437,585551,667972,695264,824267,809368,862099
841,EasternandSouthEasternAsia,1832,Middleincomecountries,1517,4870344,6317966,8252645,10666977,13195648,15231006,16468832,2524959,3192702,4090982,5266652,6518715,7590333,8200791,2345385,3125264,4161663,5400325,6676933,7640673,8268041
842,EasternandSouthEasternAsia,1832,Uppermiddleincomecountries,1502,3485669,4308173,5369436,6379639,7303444,8168153,8696270,1821645,2168852,2622289,3057611,3440114,3879890,4109833,1664024,2139321,2747147,3322028,3863330,4288263,4586437
843,EasternandSouthEasternAsia,1832,Lowermiddleincomecountries,1501,1384675,2009793,2883209,4287338,5892204,7062853,7772562,703314,1023850,1468693,2209041,3078601,3710443,4090958,681361,985943,1414516,2078297,2813603,3352410,3681604
844,EasternandSouthEasternAsia,1832,Lowincomecountries,1500,5060,4662,9107,9240,12550,13782,18199,2557,2444,4728,5070,6750,7474,9437,2503,2218,4379,4170,5800,6308,8762
845,EasternandSouthEasternAsia,1832,EasternAfrica,910,57,135,528,880,1208,1700,3492,36,81,271,493,665,966,1500,21,54,257,387,543,734,1992
846,EasternandSouthEasternAsia,1832,MiddleAfrica,911,703,944,3082,2500,642,653,689,389,514,1727,1419,579,588,624,314,430,1355,1081,63,65,65
847,EasternandSouthEasternAsia,1832,NorthernAfrica,912,15122,11015,6770,5620,4919,5312,5715,7358,5520,3517,2994,2557,2779,2985,7764,5495,3253,2626,2362,2533,2730
848,EasternandSouthEasternAsia,1832,SouthernAfrica,913,186,440,1294,1519,2349,2025,3024,102,218,632,730,1067,914,1340,84,222,662,789,1282,1111,1684
849,EasternandSouthEasternAsia,1832,WesternAfrica,914,856,2692,4092,5276,6175,6071,7657,448,1354,2039,2645,3264,3154,4113,408,1338,2053,2631,2911,2917,3544
850,EasternandSouthEasternAsia,1832,CentralAsia,5500,655,3014,6156,11867,32244,45633,59664,339,2109,4503,8653,23868,33304,43336,316,905,1653,3214,8376,12329,16328
851,EasternandSouthEasternAsia,1832,EasternAsia,906,3553494,3722375,3996924,4741483,5499009,5939342,6238856,1862432,1924372,1997952,2289013,2579196,2793434,2879393,1691062,1798003,1998972,2452470,2919813,3145908,3359463
852,EasternandSouthEasternAsia,1832,SouthEasternAsia,920,1928928,2929151,4336394,5699385,7188468,8351155,9129071,955163,1425190,2099221,2818582,3607878,4227689,4648022,973765,1503961,2237173,2880803,3580590,4123466,4481049
853,EasternandSouthEasternAsia,1832,SouthernAsia,5501,231412,354131,526336,895856,1363054,1835313,1991854,135927,207117,305847,509291,776439,1047950,1148358,95485,147014,220489,386565,586615,787363,843496
854,EasternandSouthEasternAsia,1832,WesternAsia,922,15054,10789,16971,19805,19852,22112,23291,7475,5636,8766,10986,11372,12824,13525,7579,5153,8205,8819,8480,9288,9766
855,EasternandSouthEasternAsia,1832,EasternEurope,923,4039,7900,13491,15705,17281,18774,22572,1936,3498,5829,6939,7644,7973,9274,2103,4402,7662,8766,9637,10801,13298
856,EasternandSouthEasternAsia,1832,NorthernEurope,924,61617,64011,96422,103885,98079,105602,115133,35004,36162,51578,57029,54979,59586,64928,26613,27849,44844,46856,43100,46016,50205
857,EasternandSouthEasternAsia,1832,SouthernEurope,925,8300,9708,9002,10592,12763,14424,16859,4531,5132,4805,5536,6383,7018,8125,3769,4576,4197,5056,6380,7406,8734
858,EasternandSouthEasternAsia,1832,WesternEurope,926,21575,24310,32075,38662,47232,50308,58057,13614,14975,19180,22381,27264,28618,32304,7961,9335,12895,16281,19968,21690,25753
859,EasternandSouthEasternAsia,1832,Caribbean,915,102,114,222,204,223,143,145,53,60,110,101,108,75,79,49,54,112,103,115,68,66
860,EasternandSouthEasternAsia,1832,CentralAmerica,916,847,1336,2150,2175,2171,2359,2962,442,659,1007,1007,1017,1095,1369,405,677,1143,1168,1154,1264,1593
861,EasternandSouthEasternAsia,1832,SouthAmerica,931,74290,234827,340373,320256,343529,291277,330331,38015,113601,159722,151536,163674,152092,172343,36275,121226,180651,168720,179855,139185,157988
862,EasternandSouthEasternAsia,1832,Melanesia,928,9,12,373,301,59,60,62,9,12,171,141,27,27,28,0,0,202,160,32,33,34
863,EasternandSouthEasternAsia,1832,Micronesia,954,61,82,2242,1813,1026,1042,1106,41,55,1015,836,458,466,498,20,27,1227,977,568,576,608
864,EasternandSouthEasternAsia,1832,Polynesia,957,0,0,0,0,0,0,0,0,0,0,0,0,0,0,0,0,0,0,0,0,0
865,EasternandSouthEasternAsia,1832,Burundi,108,0,0,0,0,0,0,0,0,0,0,0,0,0,0,0,0,0,0,0,0,0
866,EasternandSouthEasternAsia,1832,Comoros,174,0,0,0,0,0,0,0,0,0,0,0,0,0,0,0,0,0,0,0,0,0
867,EasternandSouthEasternAsia,1832,Djibouti,262,0,0,0,0,0,0,0,0,0,0,0,0,0,0,0,0,0,0,0,0,0
868,EasternandSouthEasternAsia,1832,Eritrea,232,0,0,0,0,0,0,0,0,0,0,0,0,0,0,0,0,0,0,0,0,0
869,EasternandSouthEasternAsia,1832,Ethiopia,231,0,0,0,0,2,2,2,0,0,0,0,1,1,1,0,0,0,0,1,1,1
870,EasternandSouthEasternAsia,1832,Kenya,404,4,5,275,222,53,53,55,3,4,125,103,24,24,26,1,1,150,119,29,29,29
871,EasternandSouthEasternAsia,1832,Madagascar,450,0,0,0,0,0,0,0,0,0,0,0,0,0,0,0,0,0,0,0,0,0
872,EasternandSouthEasternAsia,1832,Malawi,454,0,0,0,0,0,0,0,0,0,0,0,0,0,0,0,0,0,0,0,0,0
873,EasternandSouthEasternAsia,1832,Mauritius,480,0,0,0,0,0,0,0,0,0,0,0,0,0,0,0,0,0,0,0,0,0
874,EasternandSouthEasternAsia,1832,Mayotte,175,0,0,0,0,0,0,0,0,0,0,0,0,0,0,0,0,0,0,0,0,0
875,EasternandSouthEasternAsia,1832,Mozambique,508,0,0,0,0,0,0,0,0,0,0,0,0,0,0,0,0,0,0,0,0,0
876,EasternandSouthEasternAsia,1832,Reunion,638,0,0,0,0,0,0,0,0,0,0,0,0,0,0,0,0,0,0,0,0,0
877,EasternandSouthEasternAsia,1832,Rwanda,646,0,0,1,2,4,4,4,0,0,0,1,2,2,2,0,0,1,1,2,2,2
878,EasternandSouthEasternAsia,1832,Seychelles,690,0,0,0,0,0,0,0,0,0,0,0,0,0,0,0,0,0,0,0,0,0
879,EasternandSouthEasternAsia,1832,Somalia,706,53,130,252,656,1148,1640,3430,33,77,146,389,637,938,1470,20,53,106,267,511,702,1960
880,EasternandSouthEasternAsia,1832,SouthSudan,728,0,0,0,0,0,0,0,0,0,0,0,0,0,0,0,0,0,0,0,0,0
881,EasternandSouthEasternAsia,1832,Uganda,800,0,0,0,0,0,0,0,0,0,0,0,0,0,0,0,0,0,0,0,0,0
882,EasternandSouthEasternAsia,1832,UnitedRepublicofTanzania,834,0,0,0,0,0,0,0,0,0,0,0,0,0,0,0,0,0,0,0,0,0
883,EasternandSouthEasternAsia,1832,Zambia,894,0,0,0,0,0,0,0,0,0,0,0,0,0,0,0,0,0,0,0,0,0
884,EasternandSouthEasternAsia,1832,Zimbabwe,716,0,0,0,0,1,1,1,0,0,0,0,1,1,1,0,0,0,0,0,0,0
885,EasternandSouthEasternAsia,1832,Angola,24,581,781,2523,2042,74,76,79,322,426,1170,964,34,35,37,259,355,1353,1078,40,41,42
886,EasternandSouthEasternAsia,1832,Cameroon,120,0,0,0,0,0,0,0,0,0,0,0,0,0,0,0,0,0,0,0,0,0
887,EasternandSouthEasternAsia,1832,CentralAfricanRepublic,140,0,0,0,0,0,0,0,0,0,0,0,0,0,0,0,0,0,0,0,0,0
888,EasternandSouthEasternAsia,1832,Chad,148,0,0,0,0,0,0,0,0,0,0,0,0,0,0,0,0,0,0,0,0,0
889,EasternandSouthEasternAsia,1832,Congo,178,121,162,555,449,521,529,561,66,87,555,449,521,529,561,55,75,0,0,0,0,0
890,EasternandSouthEasternAsia,1832,DemocraticRepublicoftheCongo,180,1,1,4,9,47,48,49,1,1,2,6,24,24,26,0,0,2,3,23,24,23
891,EasternandSouthEasternAsia,1832,EquatorialGuinea,226,0,0,0,0,0,0,0,0,0,0,0,0,0,0,0,0,0,0,0,0,0
892,EasternandSouthEasternAsia,1832,Gabon,266,0,0,0,0,0,0,0,0,0,0,0,0,0,0,0,0,0,0,0,0,0
893,EasternandSouthEasternAsia,1832,SaoTomeandPrincipe,678,0,0,0,0,0,0,0,0,0,0,0,0,0,0,0,0,0,0,0,0,0
894,EasternandSouthEasternAsia,1832,Algeria,12,795,1069,541,437,454,462,490,444,588,279,229,229,234,249,351,481,262,208,225,228,241
895,EasternandSouthEasternAsia,1832,Egypt,818,401,689,1439,1774,1751,1908,2129,212,343,673,819,792,856,957,189,346,766,955,959,1052,1172
896,EasternandSouthEasternAsia,1832,Libya,434,13892,9213,4524,3196,2092,2311,2428,6678,4557,2429,1835,1221,1369,1439,7214,4656,2095,1361,871,942,989
897,EasternandSouthEasternAsia,1832,Morocco,504,0,0,0,0,0,0,0,0,0,0,0,0,0,0,0,0,0,0,0,0,0
898,EasternandSouthEasternAsia,1832,Sudan,729,17,22,24,18,62,63,65,15,20,20,16,54,55,58,2,2,4,2,8,8,7
899,EasternandSouthEasternAsia,1832,Tunisia,788,17,22,242,195,560,568,603,9,12,116,95,261,265,282,8,10,126,100,299,303,321
900,EasternandSouthEasternAsia,1832,WesternSahara,732,0,0,0,0,0,0,0,0,0,0,0,0,0,0,0,0,0,0,0,0,0
901,EasternandSouthEasternAsia,1832,Botswana,72,0,0,0,0,0,0,0,0,0,0,0,0,0,0,0,0,0,0,0,0,0
902,EasternandSouthEasternAsia,1832,Eswatini,748,0,0,0,0,0,0,0,0,0,0,0,0,0,0,0,0,0,0,0,0,0
903,EasternandSouthEasternAsia,1832,Lesotho,426,0,0,0,0,0,0,0,0,0,0,0,0,0,0,0,0,0,0,0,0,0
904,EasternandSouthEasternAsia,1832,Namibia,516,0,0,0,0,0,0,0,0,0,0,0,0,0,0,0,0,0,0,0,0,0
905,EasternandSouthEasternAsia,1832,SouthAfrica,710,186,440,1294,1519,2349,2025,3024,102,218,632,730,1067,914,1340,84,222,662,789,1282,1111,1684
906,EasternandSouthEasternAsia,1832,Benin,204,0,0,0,0,0,0,0,0,0,0,0,0,0,0,0,0,0,0,0,0,0
907,EasternandSouthEasternAsia,1832,BurkinaFaso,854,0,0,0,0,0,0,0,0,0,0,0,0,0,0,0,0,0,0,0,0,0
908,EasternandSouthEasternAsia,1832,CaboVerde,132,12,16,11,8,128,131,139,7,10,11,8,128,131,139,5,6,0,0,0,0,0
909,EasternandSouthEasternAsia,1832,CotedIvoire,384,0,0,2,8,15,16,16,0,0,1,5,8,9,9,0,0,1,3,7,7,7
910,EasternandSouthEasternAsia,1832,Gambia,270,0,0,0,0,0,0,0,0,0,0,0,0,0,0,0,0,0,0,0,0,0
911,EasternandSouthEasternAsia,1832,Ghana,288,606,1197,1668,1784,1917,2039,2410,312,579,777,817,881,929,1096,294,618,891,967,1036,1110,1314
912,EasternandSouthEasternAsia,1832,Guinea,324,0,0,0,0,0,0,0,0,0,0,0,0,0,0,0,0,0,0,0,0,0
913,EasternandSouthEasternAsia,1832,GuineaBissau,624,0,0,0,0,0,0,0,0,0,0,0,0,0,0,0,0,0,0,0,0,0
914,EasternandSouthEasternAsia,1832,Liberia,430,0,0,1,0,1,1,1,0,0,0,0,1,1,1,0,0,1,0,0,0,0
915,EasternandSouthEasternAsia,1832,Mali,466,0,0,0,0,0,0,0,0,0,0,0,0,0,0,0,0,0,0,0,0,0
916,EasternandSouthEasternAsia,1832,Mauritania,478,0,0,0,0,0,0,0,0,0,0,0,0,0,0,0,0,0,0,0,0,0
917,EasternandSouthEasternAsia,1832,Niger,562,0,0,0,0,0,0,0,0,0,0,0,0,0,0,0,0,0,0,0,0,0
918,EasternandSouthEasternAsia,1832,Nigeria,566,238,1479,2410,3476,4112,3882,5089,129,765,1250,1815,2245,2083,2867,109,714,1160,1661,1867,1799,2222
919,EasternandSouthEasternAsia,1832,SaintHelena,654,0,0,0,0,0,0,0,0,0,0,0,0,0,0,0,0,0,0,0,0,0
920,EasternandSouthEasternAsia,1832,Senegal,686,0,0,0,0,0,0,0,0,0,0,0,0,0,0,0,0,0,0,0,0,0
921,EasternandSouthEasternAsia,1832,SierraLeone,694,0,0,0,0,0,0,0,0,0,0,0,0,0,0,0,0,0,0,0,0,0
922,EasternandSouthEasternAsia,1832,Togo,768,0,0,0,0,2,2,2,0,0,0,0,1,1,1,0,0,0,0,1,1,1
923,EasternandSouthEasternAsia,1832,Kazakhstan,398,625,1191,1958,1411,1315,1134,1937,315,704,1243,840,712,538,1002,310,487,715,571,603,596,935
924,EasternandSouthEasternAsia,1832,Kyrgyzstan,417,0,0,0,635,1524,851,2126,0,0,0,375,885,486,1216,0,0,0,260,639,365,910
925,EasternandSouthEasternAsia,1832,Tajikistan,762,0,0,0,0,0,0,0,0,0,0,0,0,0,0,0,0,0,0,0,0,0
926,EasternandSouthEasternAsia,1832,Turkmenistan,795,0,0,0,0,0,0,0,0,0,0,0,0,0,0,0,0,0,0,0,0,0
927,EasternandSouthEasternAsia,1832,Uzbekistan,860,30,1823,4198,9821,29405,43648,55601,24,1405,3260,7438,22271,32280,41118,6,418,938,2383,7134,11368,14483
928,EasternandSouthEasternAsia,1832,China,156,2657308,2819295,3072938,3782181,4318464,4770512,5016032,1406730,1456313,1537230,1801079,1973503,2163926,2222792,1250578,1362982,1535708,1981102,2344961,2606586,2793240
929,EasternandSouthEasternAsia,1832,China,156,344,28130,46531,68152,138551,232597,279495,299054,13957,22479,32912,74840,130740,161226,173117,14173,24052,35240,63711,101857,118269
930,EasternandSouthEasternAsia,1832,China,156,446,72076,73572,75751,88646,102639,110221,115141,36435,37222,38189,42271,46799,49568,50447,35641,36350,37562,46375,55840,60653
931,EasternandSouthEasternAsia,1832,China,156,158,0,0,0,0,0,0,0,0,0,0,0,0,0,0,0,0,0,0,0,0
932,EasternandSouthEasternAsia,1832,DemPeoplesRepublicofKorea,408,1448,2114,6828,6087,7470,7931,8428,788,1139,3518,3262,3926,4156,4427,660,975,3310,2825,3544,3775,4001
933,EasternandSouthEasternAsia,1832,Japan,392,46441,49135,59602,67456,91279,98257,107585,27375,27214,30679,36201,48677,54801,56854,19066,21921,28923,31255,42602,43456,50731
934,EasternandSouthEasternAsia,1832,Mongolia,496,112,703,1519,9094,20266,24452,31107,57,347,771,5422,11875,14037,17507,55,356,748,3672,8391,10415,13600
935,EasternandSouthEasternAsia,1832,RepublicofKorea,410,747979,731025,712134,649468,726294,648474,661509,377090,379658,354653,325938,363676,345720,354249,370889,351367,357481,323530,362618,302754,307260
936,EasternandSouthEasternAsia,1832,BruneiDarussalam,96,3340,3098,4230,5240,5540,6739,7139,1686,1680,2365,3066,3399,4175,4503,1654,1418,1865,2174,2141,2564,2636
937,EasternandSouthEasternAsia,1832,Cambodia,116,105753,152091,175928,388514,641972,730446,771682,53270,76961,86768,182599,302907,344471,362727,52483,75130,89160,205915,339065,385975,408955
938,EasternandSouthEasternAsia,1832,Indonesia,360,387284,598703,962248,1159663,1329551,1593534,1704764,203163,307538,499522,611722,710567,869274,940236,184121,291165,462726,547941,618984,724260,764528
939,EasternandSouthEasternAsia,1832,LaoPeoplesDemocraticRepublic,418,170498,213982,294430,545998,836068,907209,949225,77963,99892,136344,241275,369224,399756,417576,92535,114090,158086,304723,466844,507453,531649
940,EasternandSouthEasternAsia,1832,Malaysia,458,258453,498609,783003,893638,1051765,1197545,1223607,122580,219015,329932,387114,463891,526740,537760,135873,279594,453071,506524,587874,670805,685847
941,EasternandSouthEasternAsia,1832,Myanmar,104,235606,450686,762144,1327001,1899967,2124017,2241126,142037,253078,413924,734580,1070276,1202008,1270783,93569,197608,348220,592421,829691,922009,970343
942,EasternandSouthEasternAsia,1832,Philippines,608,257908,329656,487363,486077,490529,628022,707090,99988,129856,201507,187969,178868,234013,270012,157920,199800,285856,298108,311661,394009,437078
943,EasternandSouthEasternAsia,1832,Singapore,702,46277,48370,60115,85658,108553,126927,134610,23013,24172,29988,44449,57341,67833,72981,23264,24198,30127,41209,51212,59094,61629
944,EasternandSouthEasternAsia,1832,Thailand,764,81839,123677,178201,188102,217658,270872,368940,38163,56238,80298,88474,107442,146028,211393,43676,67439,97903,99628,110216,124844,157547
945,EasternandSouthEasternAsia,1832,TimorLeste,626,736,71387,143745,80055,20485,22666,23830,479,35749,71801,42531,11518,12960,13608,257,35638,71944,37524,8967,9706,10222
946,EasternandSouthEasternAsia,1832,VietNam,704,381234,438892,484987,539439,586380,743178,997058,192821,221011,246772,294803,332445,420431,546443,188413,217881,238215,244636,253935,322747,450615
947,EasternandSouthEasternAsia,1832,Afghanistan,4,57,78,851,914,1708,1766,3776,37,50,417,474,854,897,1982,20,28,434,440,854,869,1794
948,EasternandSouthEasternAsia,1832,Bangladesh,50,39509,66826,107779,278909,452066,504380,539533,33417,45862,66914,161667,260919,291240,314391,6092,20964,40865,117242,191147,213140,225142
949,EasternandSouthEasternAsia,1832,Bhutan,64,0,0,0,0,0,0,0,0,0,0,0,0,0,0,0,0,0,0,0,0,0
950,EasternandSouthEasternAsia,1832,India,356,109230,153687,221313,287059,355186,400812,427386,54167,84427,126788,160045,195827,221893,237134,55063,69260,94525,127014,159359,178919,190252
951,EasternandSouthEasternAsia,1832,IranIslamicRepublicof,364,1449,9058,7163,5371,5431,4958,6046,789,4424,3286,2441,2429,2201,2688,660,4634,3877,2930,3002,2757,3358
952,EasternandSouthEasternAsia,1832,Maldives,462,0,0,0,0,0,0,0,0,0,0,0,0,0,0,0,0,0,0,0,0,0
953,EasternandSouthEasternAsia,1832,Nepal,524,30824,49457,80148,156571,311905,610199,656351,16950,26999,43278,88121,179499,355987,386466,13874,22458,36870,68450,132406,254212,269885
954,EasternandSouthEasternAsia,1832,Pakistan,586,36118,55036,79379,126244,183610,248127,266840,23687,35403,50127,73235,103178,138703,152073,12431,19633,29252,53009,80432,109424,114767
955,EasternandSouthEasternAsia,1832,SriLanka,144,14225,19989,29703,40788,53148,65071,91922,6880,9952,15037,23308,33733,37029,53624,7345,10037,14666,17480,19415,28042,38298
956,EasternandSouthEasternAsia,1832,Armenia,51,31,41,141,114,133,135,143,17,22,72,60,66,67,72,14,19,69,54,67,68,71
957,EasternandSouthEasternAsia,1832,Azerbaijan,31,0,0,0,0,0,0,0,0,0,0,0,0,0,0,0,0,0,0,0,0,0
958,EasternandSouthEasternAsia,1832,Bahrain,48,19,25,8381,6783,110,111,117,13,17,4150,3412,54,54,58,6,8,4231,3371,56,57,59
959,EasternandSouthEasternAsia,1832,Cyprus,196,0,0,0,0,0,0,0,0,0,0,0,0,0,0,0,0,0,0,0,0,0
960,EasternandSouthEasternAsia,1832,Georgia,268,0,0,0,0,0,0,0,0,0,0,0,0,0,0,0,0,0,0,0,0,0
961,EasternandSouthEasternAsia,1832,Iraq,368,50,112,198,424,832,1396,1477,35,73,123,258,492,831,895,15,39,75,166,340,565,582
962,EasternandSouthEasternAsia,1832,Israel,376,59,79,555,449,605,614,652,47,63,266,219,283,287,306,12,16,289,230,322,327,346
963,EasternandSouthEasternAsia,1832,Jordan,400,5033,3453,1619,6041,10993,12153,12777,2501,1814,877,3622,6440,7226,7588,2532,1639,742,2419,4553,4927,5189
964,EasternandSouthEasternAsia,1832,Kuwait,414,47,63,56,45,168,171,181,35,47,30,25,88,90,97,12,16,26,20,80,81,84
965,EasternandSouthEasternAsia,1832,Lebanon,422,30,40,140,113,131,134,142,16,21,71,59,66,68,73,14,19,69,54,65,66,69
966,EasternandSouthEasternAsia,1832,Oman,512,93,125,428,346,401,408,433,51,68,217,178,198,203,217,42,57,211,168,203,205,216
967,EasternandSouthEasternAsia,1832,Qatar,634,27,36,126,101,119,120,126,15,20,64,52,60,60,64,12,16,62,49,59,60,62
968,EasternandSouthEasternAsia,1832,SaudiArabia,682,5771,3973,2669,2567,2768,2997,3158,2835,2042,1490,1516,1623,1778,1874,2936,1931,1179,1051,1145,1219,1284
969,EasternandSouthEasternAsia,1832,StateofPalestine,275,0,1,3,8,14,15,15,0,1,1,4,7,8,8,0,0,2,4,7,7,7
970,EasternandSouthEasternAsia,1832,SyrianArabRepublic,760,3484,2317,1146,1554,2106,2325,2442,1683,1157,625,922,1250,1399,1469,1801,1160,521,632,856,926,973
971,EasternandSouthEasternAsia,1832,Turkey,792,311,391,1056,894,1047,1102,1171,173,219,550,470,535,540,577,138,172,506,424,512,562,594
972,EasternandSouthEasternAsia,1832,UnitedArabEmirates,784,99,133,453,366,425,431,457,54,72,230,189,210,213,227,45,61,223,177,215,218,230
973,EasternandSouthEasternAsia,1832,Yemen,887,0,0,0,0,0,0,0,0,0,0,0,0,0,0,0,0,0,0,0,0,0
974,EasternandSouthEasternAsia,1832,Belarus,112,0,0,0,0,0,0,0,0,0,0,0,0,0,0,0,0,0,0,0,0,0
975,EasternandSouthEasternAsia,1832,Bulgaria,100,2,1,2,7,13,16,15,1,1,1,6,10,12,12,1,0,1,1,3,4,3
976,EasternandSouthEasternAsia,1832,Czechia,203,7,6,7,10,15,18,18,3,3,3,6,10,11,12,4,3,4,4,5,7,6
977,EasternandSouthEasternAsia,1832,Hungary,348,3,4,125,105,249,255,268,1,2,99,84,194,197,209,2,2,26,21,55,58,59
978,EasternandSouthEasternAsia,1832,Poland,616,376,605,822,989,1097,1776,1777,195,296,371,446,479,780,782,181,309,451,543,618,996,995
979,EasternandSouthEasternAsia,1832,RepublicofMoldova,498,0,0,0,0,0,0,0,0,0,0,0,0,0,0,0,0,0,0,0,0,0
980,EasternandSouthEasternAsia,1832,Romania,642,2,2,154,124,34,35,36,2,2,82,67,18,19,21,0,0,72,57,16,16,15
981,EasternandSouthEasternAsia,1832,RussianFederation,643,3645,7278,12376,14467,15870,16671,20456,1733,3192,5271,6328,6930,6951,8236,1912,4086,7105,8139,8940,9720,12220
982,EasternandSouthEasternAsia,1832,Slovakia,703,4,4,5,3,3,3,2,1,2,2,2,3,3,2,3,2,3,1,0,0,0
983,EasternandSouthEasternAsia,1832,Ukraine,804,0,0,0,0,0,0,0,0,0,0,0,0,0,0,0,0,0,0,0,0,0
984,EasternandSouthEasternAsia,1832,ChannelIslands,830,0,0,0,0,0,0,0,0,0,0,0,0,0,0,0,0,0,0,0,0,0
985,EasternandSouthEasternAsia,1832,Denmark,208,1061,1213,1825,1652,1528,1652,1845,677,729,956,889,837,902,996,384,484,869,763,691,750,849
986,EasternandSouthEasternAsia,1832,Estonia,233,0,0,0,0,0,0,0,0,0,0,0,0,0,0,0,0,0,0,0,0,0
987,EasternandSouthEasternAsia,1832,FaroeIslands,234,0,0,0,0,0,0,0,0,0,0,0,0,0,0,0,0,0,0,0,0,0
988,EasternandSouthEasternAsia,1832,Finland,246,461,475,1067,925,712,793,961,233,230,540,465,334,369,446,228,245,527,460,378,424,515
989,EasternandSouthEasternAsia,1832,Iceland,352,0,0,58,46,53,53,55,0,0,46,37,42,42,45,0,0,12,9,11,11,10
990,EasternandSouthEasternAsia,1832,Ireland,372,1172,1434,1762,1803,2174,2274,2603,652,767,920,925,1112,1147,1291,520,667,842,878,1062,1127,1312
991,EasternandSouthEasternAsia,1832,IsleofMan,833,0,0,0,0,0,0,0,0,0,0,0,0,0,0,0,0,0,0,0,0,0
992,EasternandSouthEasternAsia,1832,Latvia,428,0,0,0,0,0,0,0,0,0,0,0,0,0,0,0,0,0,0,0,0,0
993,EasternandSouthEasternAsia,1832,Lithuania,440,0,0,0,0,0,0,0,0,0,0,0,0,0,0,0,0,0,0,0,0,0
994,EasternandSouthEasternAsia,1832,Norway,578,1272,1245,2361,2052,1722,1821,2004,675,667,1226,1063,874,922,1011,597,578,1135,989,848,899,993
995,EasternandSouthEasternAsia,1832,Sweden,752,934,1409,1949,2196,2794,3102,3149,549,803,1086,1157,1515,1659,1697,385,606,863,1039,1279,1443,1452
996,EasternandSouthEasternAsia,1832,UnitedKingdom,826,56717,58235,87400,95211,89096,95907,104516,32218,32966,46804,52493,50265,54545,59442,24499,25269,40596,42718,38831,41362,45074
997,EasternandSouthEasternAsia,1832,Albania,8,421,566,582,471,114,116,122,209,276,286,236,55,56,60,212,290,296,235,59,60,62
998,EasternandSouthEasternAsia,1832,Andorra,20,0,0,0,0,0,0,0,0,0,0,0,0,0,0,0,0,0,0,0,0,0
999,EasternandSouthEasternAsia,1832,BosniaandHerzegovina,70,0,0,0,0,0,0,0,0,0,0,0,0,0,0,0,0,0,0,0,0,0
1000,EasternandSouthEasternAsia,1832,Croatia,191,0,0,0,0,0,0,0,0,0,0,0,0,0,0,0,0,0,0,0,0,0
1001,EasternandSouthEasternAsia,1832,Gibraltar,292,0,0,0,0,0,0,0,0,0,0,0,0,0,0,0,0,0,0,0,0,0
1002,EasternandSouthEasternAsia,1832,Greece,300,19,25,245,198,150,153,161,12,16,140,115,84,87,92,7,9,105,83,66,66,69
1003,EasternandSouthEasternAsia,1832,HolySee,336,0,0,0,0,0,0,0,0,0,0,0,0,0,0,0,0,0,0,0,0,0
1004,EasternandSouthEasternAsia,1832,Italy,380,2249,2657,3821,4603,5666,6553,7675,1377,1545,2091,2407,2872,3263,3775,872,1112,1730,2196,2794,3290,3900
1005,EasternandSouthEasternAsia,1832,Malta,470,0,0,0,0,0,0,0,0,0,0,0,0,0,0,0,0,0,0,0,0,0
1006,EasternandSouthEasternAsia,1832,Montenegro,499,0,0,0,0,0,0,0,0,0,0,0,0,0,0,0,0,0,0,0,0,0
1007,EasternandSouthEasternAsia,1832,NorthMacedonia,807,12,13,15,8,3,3,2,10,12,13,8,3,3,2,2,1,2,0,0,0,0
1008,EasternandSouthEasternAsia,1832,Portugal,620,4217,4656,2587,3084,3246,3398,3676,2219,2411,1447,1738,1805,1780,1918,1998,2245,1140,1346,1441,1618,1758
1009,EasternandSouthEasternAsia,1832,SanMarino,674,0,0,0,0,0,0,0,0,0,0,0,0,0,0,0,0,0,0,0,0,0
1010,EasternandSouthEasternAsia,1832,Serbia,688,0,0,0,0,0,0,0,0,0,0,0,0,0,0,0,0,0,0,0,0,0
1011,EasternandSouthEasternAsia,1832,Slovenia,705,0,0,0,0,0,0,0,0,0,0,0,0,0,0,0,0,0,0,0,0,0
1012,EasternandSouthEasternAsia,1832,Spain,724,1382,1791,1752,2228,3584,4201,5223,704,872,828,1032,1564,1829,2278,678,919,924,1196,2020,2372,2945
1013,EasternandSouthEasternAsia,1832,Austria,40,404,516,2137,1886,1077,1067,1228,216,266,1143,1006,535,530,607,188,250,994,880,542,537,621
1014,EasternandSouthEasternAsia,1832,Belgium,56,478,535,1373,1343,1221,1218,1416,262,284,637,625,550,548,638,216,251,736,718,671,670,778
1015,EasternandSouthEasternAsia,1832,France,250,6850,8280,11221,14128,16025,17798,21691,4123,4853,6415,7655,8609,9279,11098,2727,3427,4806,6473,7416,8519,10593
1016,EasternandSouthEasternAsia,1832,Germany,276,8898,9643,11437,12245,15388,15941,18306,5944,6241,7247,7467,9328,9487,10578,2954,3402,4190,4778,6060,6454,7728
1017,EasternandSouthEasternAsia,1832,Liechtenstein,438,0,0,0,0,0,0,0,0,0,0,0,0,0,0,0,0,0,0,0,0,0
1018,EasternandSouthEasternAsia,1832,Luxembourg,442,0,0,0,0,0,0,0,0,0,0,0,0,0,0,0,0,0,0,0,0,0
1019,EasternandSouthEasternAsia,1832,Monaco,492,0,0,0,0,0,0,0,0,0,0,0,0,0,0,0,0,0,0,0,0,0
1020,EasternandSouthEasternAsia,1832,Netherlands,528,2854,2878,3029,6169,9817,10511,11249,1741,1743,1833,3781,5926,6412,6815,1113,1135,1196,2388,3891,4099,4434
1021,EasternandSouthEasternAsia,1832,Switzerland,756,2091,2458,2878,2891,3704,3773,4167,1328,1588,1905,1847,2316,2362,2568,763,870,973,1044,1388,1411,1599
1022,EasternandSouthEasternAsia,1832,Anguilla,660,0,0,0,0,0,0,0,0,0,0,0,0,0,0,0,0,0,0,0,0,0
1023,EasternandSouthEasternAsia,1832,AntiguaandBarbuda,28,0,0,0,0,0,0,0,0,0,0,0,0,0,0,0,0,0,0,0,0,0
1024,EasternandSouthEasternAsia,1832,Aruba,533,9,12,67,54,62,63,65,6,8,38,31,34,35,37,3,4,29,23,28,28,28
1025,EasternandSouthEasternAsia,1832,Bahamas,44,0,0,0,0,0,0,0,0,0,0,0,0,0,0,0,0,0,0,0,0,0
1026,EasternandSouthEasternAsia,1832,Barbados,52,0,0,0,0,0,0,0,0,0,0,0,0,0,0,0,0,0,0,0,0,0
1027,EasternandSouthEasternAsia,1832,Bonaire,16,535,0,0,0,0,0,0,0,0,0,0,0,0,0,0,0,0,0,0,0,0
1028,EasternandSouthEasternAsia,1832,BritishVirginIslands,92,0,0,0,0,0,0,0,0,0,0,0,0,0,0,0,0,0,0,0,0,0
1029,EasternandSouthEasternAsia,1832,CaymanIslands,136,0,0,0,0,0,0,0,0,0,0,0,0,0,0,0,0,0,0,0,0,0
1030,EasternandSouthEasternAsia,1832,Cuba,192,85,92,101,107,110,29,27,41,44,47,50,51,17,17,44,48,54,57,59,12,10
1031,EasternandSouthEasternAsia,1832,CuraÃao,531,0,0,0,0,0,0,0,0,0,0,0,0,0,0,0,0,0,0,0,0,0
1032,EasternandSouthEasternAsia,1832,Dominica,212,0,0,0,0,0,0,0,0,0,0,0,0,0,0,0,0,0,0,0,0,0
1033,EasternandSouthEasternAsia,1832,DominicanRepublic,214,0,0,0,0,0,0,0,0,0,0,0,0,0,0,0,0,0,0,0,0,0
1034,EasternandSouthEasternAsia,1832,Grenada,308,0,0,0,0,0,0,0,0,0,0,0,0,0,0,0,0,0,0,0,0,0
1035,EasternandSouthEasternAsia,1832,Guadeloupe,312,0,0,0,0,0,0,0,0,0,0,0,0,0,0,0,0,0,0,0,0,0
1036,EasternandSouthEasternAsia,1832,Haiti,332,0,0,0,0,0,0,0,0,0,0,0,0,0,0,0,0,0,0,0,0,0
1037,EasternandSouthEasternAsia,1832,Jamaica,388,0,0,0,0,0,0,0,0,0,0,0,0,0,0,0,0,0,0,0,0,0
1038,EasternandSouthEasternAsia,1832,Martinique,474,0,0,0,0,0,0,0,0,0,0,0,0,0,0,0,0,0,0,0,0,0
1039,EasternandSouthEasternAsia,1832,Montserrat,500,0,0,0,0,0,0,0,0,0,0,0,0,0,0,0,0,0,0,0,0,0
1040,EasternandSouthEasternAsia,1832,PuertoRico,630,8,10,54,43,51,51,53,6,8,25,20,23,23,25,2,2,29,23,28,28,28
1041,EasternandSouthEasternAsia,1832,SaintBarthelemy,652,0,0,0,0,0,0,0,0,0,0,0,0,0,0,0,0,0,0,0,0,0
1042,EasternandSouthEasternAsia,1832,SaintKittsandNevis,659,0,0,0,0,0,0,0,0,0,0,0,0,0,0,0,0,0,0,0,0,0
1043,EasternandSouthEasternAsia,1832,SaintLucia,662,0,0,0,0,0,0,0,0,0,0,0,0,0,0,0,0,0,0,0,0,0
1044,EasternandSouthEasternAsia,1832,SaintMartinFrenchpart,663,0,0,0,0,0,0,0,0,0,0,0,0,0,0,0,0,0,0,0,0,0
1045,EasternandSouthEasternAsia,1832,SaintVincentandtheGrenadines,670,0,0,0,0,0,0,0,0,0,0,0,0,0,0,0,0,0,0,0,0,0
1046,EasternandSouthEasternAsia,1832,SintMaartenDutchpart,534,0,0,0,0,0,0,0,0,0,0,0,0,0,0,0,0,0,0,0,0,0
1047,EasternandSouthEasternAsia,1832,TrinidadandTobago,780,0,0,0,0,0,0,0,0,0,0,0,0,0,0,0,0,0,0,0,0,0
1048,EasternandSouthEasternAsia,1832,TurksandCaicosIslands,796,0,0,0,0,0,0,0,0,0,0,0,0,0,0,0,0,0,0,0,0,0
1049,EasternandSouthEasternAsia,1832,UnitedStatesVirginIslands,850,0,0,0,0,0,0,0,0,0,0,0,0,0,0,0,0,0,0,0,0,0
1050,EasternandSouthEasternAsia,1832,Belize,84,0,0,0,0,0,0,0,0,0,0,0,0,0,0,0,0,0,0,0,0,0
1051,EasternandSouthEasternAsia,1832,CostaRica,188,21,28,29,23,38,39,40,15,20,29,23,38,39,40,6,8,0,0,0,0,0
1052,EasternandSouthEasternAsia,1832,ElSalvador,222,0,0,0,0,0,0,0,0,0,0,0,0,0,0,0,0,0,0,0,0,0
1053,EasternandSouthEasternAsia,1832,Guatemala,320,9,12,276,223,34,34,35,4,6,111,92,14,13,15,5,6,165,131,20,21,20
1054,EasternandSouthEasternAsia,1832,Honduras,340,0,0,0,0,0,0,0,0,0,0,0,0,0,0,0,0,0,0,0,0,0
1055,EasternandSouthEasternAsia,1832,Mexico,484,817,1296,1845,1929,2099,2286,2887,423,633,867,892,965,1043,1314,394,663,978,1037,1134,1243,1573
1056,EasternandSouthEasternAsia,1832,Nicaragua,558,0,0,0,0,0,0,0,0,0,0,0,0,0,0,0,0,0,0,0,0,0
1057,EasternandSouthEasternAsia,1832,Panama,591,0,0,0,0,0,0,0,0,0,0,0,0,0,0,0,0,0,0,0,0,0
1058,EasternandSouthEasternAsia,1832,Argentina,32,2689,2993,3729,3531,3327,3072,3784,1375,1444,1815,1690,1518,1393,1713,1314,1549,1914,1841,1809,1679,2071
1059,EasternandSouthEasternAsia,1832,BoliviaPlurinationalStateof,68,108,145,531,429,34,35,36,61,81,273,224,18,18,20,47,64,258,205,16,17,16
1060,EasternandSouthEasternAsia,1832,Brazil,76,60256,192154,284050,257151,276365,229401,265492,30820,92946,133198,121803,131985,122477,141226,29436,99208,150852,135348,144380,106924,124266
1061,EasternandSouthEasternAsia,1832,Chile,152,9,12,108,87,92,93,97,3,4,46,38,38,39,41,6,8,62,49,54,54,56
1062,EasternandSouthEasternAsia,1832,Colombia,170,156,209,56,45,123,125,131,81,107,41,34,89,90,95,75,102,15,11,34,35,36
1063,EasternandSouthEasternAsia,1832,Ecuador,218,105,141,481,389,452,459,487,58,77,244,201,224,227,242,47,64,237,188,228,232,245
1064,EasternandSouthEasternAsia,1832,FalklandIslandsMalvinas,238,0,0,0,0,0,0,0,0,0,0,0,0,0,0,0,0,0,0,0,0,0
1065,EasternandSouthEasternAsia,1832,FrenchGuiana,254,0,0,0,0,0,0,0,0,0,0,0,0,0,0,0,0,0,0,0,0,0
1066,EasternandSouthEasternAsia,1832,Guyana,328,0,0,0,0,0,0,0,0,0,0,0,0,0,0,0,0,0,0,0,0,0
1067,EasternandSouthEasternAsia,1832,Paraguay,600,0,0,0,0,0,0,0,0,0,0,0,0,0,0,0,0,0,0,0,0,0
1068,EasternandSouthEasternAsia,1832,Peru,604,10932,39130,51280,58515,63012,57966,60173,5598,18918,24035,27489,29741,27785,28939,5334,20212,27245,31026,33271,30181,31234
1069,EasternandSouthEasternAsia,1832,Suriname,740,28,37,131,106,123,125,131,15,20,66,55,60,62,67,13,17,65,51,63,63,64
1070,EasternandSouthEasternAsia,1832,Uruguay,858,7,6,7,3,1,1,0,4,4,4,2,1,1,0,3,2,3,1,0,0,0
1071,EasternandSouthEasternAsia,1832,VenezuelaBolivarianRepublicof,862,0,0,0,0,0,0,0,0,0,0,0,0,0,0,0,0,0,0,0,0,0
1072,EasternandSouthEasternAsia,1832,Bermuda,60,0,0,0,0,0,0,0,0,0,0,0,0,0,0,0,0,0,0,0,0,0
1073,EasternandSouthEasternAsia,1832,Canada,124,17556,25797,36190,42079,56866,56760,67768,9578,13917,19531,24296,33843,33699,39387,7978,11880,16659,17783,23023,23061,28381
1074,EasternandSouthEasternAsia,1832,Greenland,304,0,0,0,0,0,0,0,0,0,0,0,0,0,0,0,0,0,0,0,0,0
1075,EasternandSouthEasternAsia,1832,SaintPierreandMiquelon,666,0,0,0,0,0,0,0,0,0,0,0,0,0,0,0,0,0,0,0,0,0
1076,EasternandSouthEasternAsia,1832,UnitedStatesofAmerica,840,94979,115423,143699,159106,184535,212667,238135,51866,61862,75193,89850,103649,126102,142704,43113,53561,68506,69256,80886,86565,95431
1077,EasternandSouthEasternAsia,1832,Australia,36,24131,27689,34380,42927,55896,60119,66080,13542,15238,18450,23711,31387,33325,37235,10589,12451,15930,19216,24509,26794,28845
1078,EasternandSouthEasternAsia,1832,NewZealand,554,7511,9233,12228,12905,14961,15798,18052,3859,4813,6314,6873,8223,8622,10203,3652,4420,5914,6032,6738,7176,7849
1079,EasternandSouthEasternAsia,1832,Fiji,242,0,0,0,0,0,0,0,0,0,0,0,0,0,0,0,0,0,0,0,0,0
1080,EasternandSouthEasternAsia,1832,NewCaledonia,540,0,0,0,0,0,0,0,0,0,0,0,0,0,0,0,0,0,0,0,0,0
1081,EasternandSouthEasternAsia,1832,PapuaNewGuinea,598,9,12,373,301,59,60,62,9,12,171,141,27,27,28,0,0,202,160,32,33,34
1082,EasternandSouthEasternAsia,1832,SolomonIslands,90,0,0,0,0,0,0,0,0,0,0,0,0,0,0,0,0,0,0,0,0,0
1083,EasternandSouthEasternAsia,1832,Vanuatu,548,0,0,0,0,0,0,0,0,0,0,0,0,0,0,0,0,0,0,0,0,0
1084,EasternandSouthEasternAsia,1832,Guam,316,58,78,1056,854,992,1008,1071,38,51,483,398,442,451,481,20,27,573,456,550,557,590
1085,EasternandSouthEasternAsia,1832,Kiribati,296,0,0,0,0,0,0,0,0,0,0,0,0,0,0,0,0,0,0,0,0,0
1086,EasternandSouthEasternAsia,1832,MarshallIslands,584,0,0,0,0,0,0,0,0,0,0,0,0,0,0,0,0,0,0,0,0,0
1087,EasternandSouthEasternAsia,1832,MicronesiaFedStatesof,583,0,0,0,0,0,0,0,0,0,0,0,0,0,0,0,0,0,0,0,0,0
1088,EasternandSouthEasternAsia,1832,Nauru,520,0,0,0,0,0,0,0,0,0,0,0,0,0,0,0,0,0,0,0,0,0
1089,EasternandSouthEasternAsia,1832,NorthernMarianaIslands,580,0,0,0,0,0,0,0,0,0,0,0,0,0,0,0,0,0,0,0,0,0
1090,EasternandSouthEasternAsia,1832,Palau,585,3,4,1186,959,34,34,35,3,4,532,438,16,15,17,0,0,654,521,18,19,18
1091,EasternandSouthEasternAsia,1832,AmericanSamoa,16,0,0,0,0,0,0,0,0,0,0,0,0,0,0,0,0,0,0,0,0,0
1092,EasternandSouthEasternAsia,1832,CookIslands,184,0,0,0,0,0,0,0,0,0,0,0,0,0,0,0,0,0,0,0,0,0
1093,EasternandSouthEasternAsia,1832,FrenchPolynesia,258,0,0,0,0,0,0,0,0,0,0,0,0,0,0,0,0,0,0,0,0,0
1094,EasternandSouthEasternAsia,1832,Niue,570,0,0,0,0,0,0,0,0,0,0,0,0,0,0,0,0,0,0,0,0,0
1095,EasternandSouthEasternAsia,1832,Samoa,882,0,0,0,0,0,0,0,0,0,0,0,0,0,0,0,0,0,0,0,0,0
1096,EasternandSouthEasternAsia,1832,Tokelau,772,0,0,0,0,0,0,0,0,0,0,0,0,0,0,0,0,0,0,0,0,0
1097,EasternandSouthEasternAsia,1832,Tonga,776,0,0,0,0,0,0,0,0,0,0,0,0,0,0,0,0,0,0,0,0,0
1098,EasternandSouthEasternAsia,1832,Tuvalu,798,0,0,0,0,0,0,0,0,0,0,0,0,0,0,0,0,0,0,0,0,0
1099,EasternandSouthEasternAsia,1832,WallisandFutunaIslands,876,0,0,0,0,0,0,0,0,0,0,0,0,0,0,0,0,0,0,0,0,0
1100,LatinAmericaandtheCaribbean,1830,SubSaharanAfrica,947,10072,11131,12546,14533,20198,30799,39576,5372,6005,6857,7679,11142,19154,25718,4700,5126,5689,6854,9056,11645,13858
1101,LatinAmericaandtheCaribbean,1830,NorthernAfricaandWesternAsia,1833,82498,76692,71416,67316,65784,73550,80477,47302,44147,41307,39779,39963,44539,49005,35196,32545,30109,27537,25821,29011,31472
1102,LatinAmericaandtheCaribbean,1830,CentralandSouthernAsia,921,7825,8921,10326,12146,16168,19851,30246,4592,5274,6174,7513,10291,13080,22078,3233,3647,4152,4633,5877,6771,8168
1103,LatinAmericaandtheCaribbean,1830,EasternandSouthEasternAsia,1832,182064,181626,184930,192798,211566,257140,300861,97294,96556,97808,102266,113374,143343,172456,84770,85070,87122,90532,98192,113797,128405
1104,LatinAmericaandtheCaribbean,1830,LatinAmericaandtheCaribbean,1830,3980808,3670383,3777576,4357513,5344184,6166726,11297173,1975515,1814401,1858809,2124686,2598130,3040982,5626827,2005293,1855982,1918767,2232827,2746054,3125744,5670346
1105,LatinAmericaandtheCaribbean,1830,OceaniaexcludingAustraliaandNewZealand,1835,65,111,153,148,156,172,179,36,57,76,76,86,98,106,29,54,77,72,70,74,73
1106,LatinAmericaandtheCaribbean,1830,AustraliaandNewZealand,927,2487,2801,3247,3437,4093,4551,5451,1254,1421,1657,1885,2413,2715,3309,1233,1380,1590,1552,1680,1836,2142
1107,LatinAmericaandtheCaribbean,1830,EuropeandNorthernAmerica,1829,2419971,2289656,2192784,2215736,2346204,2473848,2648939,1226784,1159008,1110105,1125958,1199691,1257645,1366537,1193187,1130648,1082679,1089778,1146513,1216203,1282402
1108,LatinAmericaandtheCaribbean,1830,Developedregions,901,2528120,2390150,2286385,2297059,2415773,2554631,2739482,1283376,1211150,1158201,1167800,1235568,1299410,1414526,1244744,1179000,1128184,1129259,1180205,1255221,1324956
1109,LatinAmericaandtheCaribbean,1830,Lessdevelopedregions,902,4157670,3851171,3966593,4566568,5592580,6472006,11663420,2074773,1915719,1964592,2242042,2739522,3222146,5851510,2082897,1935452,2002001,2324526,2853058,3249860,5811910
1110,LatinAmericaandtheCaribbean,1830,Lessdevelopedregions,902,934,3918912,3584665,3671473,4218434,5184764,5844693,10763261,1922660,1748741,1782265,2031470,2497033,2829290,5292971,1996252,1835924,1889208,2186964,2687731,3015403
1111,LatinAmericaandtheCaribbean,1830,Lessdevelopedregions,902,948,4105273,3791227,3896468,4483454,5487207,6336453,11497992,2045199,1882437,1926218,2196555,2681214,3142086,5751383,2060074,1908790,1970250,2286899,2805993,3194367
1112,LatinAmericaandtheCaribbean,1830,Leastdevelopedcountries,941,238758,266506,295120,348134,407816,627313,900159,152113,166978,182327,210572,242489,392856,558539,86645,99528,112793,137562,165327,234457,341620
1113,LatinAmericaandtheCaribbean,1830,LandlockedDevelopingCountriesLLDC,1636,481632,553998,627327,855360,1083498,1284210,1394221,228133,261380,295006,400848,506919,602112,653671,253499,292618,332321,454512,576579,682098,740550
1114,LatinAmericaandtheCaribbean,1830,SmallislanddevelopingStatesSIDS,1637,571702,633829,701284,779944,875616,1090305,1439985,306980,337474,370215,410860,458576,602936,804772,264722,296355,331069,369084,417040,487369,635213
1115,LatinAmericaandtheCaribbean,1830,Highincomecountries,1503,3090783,2923918,2799590,2806069,2940276,3147187,3360068,1575084,1484401,1417286,1421149,1493865,1590658,1724050,1515699,1439517,1382304,1384920,1446411,1556529,1636018
1116,LatinAmericaandtheCaribbean,1830,Middleincomecountries,1517,3314634,3007796,3113579,3665444,4612680,5207201,10099478,1608910,1453354,1500908,1756290,2215416,2518286,4967502,1705724,1554442,1612671,1909154,2397264,2688915,5131976
1117,LatinAmericaandtheCaribbean,1830,Uppermiddleincomecountries,1502,2061127,2246662,2453575,2868439,3672884,4125774,8799078,993684,1078149,1172360,1364534,1759602,1989365,4322648,1067443,1168513,1281215,1503905,1913282,2136409,4476430
1118,LatinAmericaandtheCaribbean,1830,Lowermiddleincomecountries,1501,1253507,761134,660004,797005,939796,1081427,1300400,615226,375205,328548,391756,455814,528921,644854,638281,385929,331456,405249,483982,552506,655546
1119,LatinAmericaandtheCaribbean,1830,Lowincomecountries,1500,256604,282538,309234,359807,418956,636121,905926,162736,176561,190802,218002,249828,397404,558605,93868,105977,118432,141805,169128,238717,347321
1120,LatinAmericaandtheCaribbean,1830,EasternAfrica,910,2286,2615,3006,3167,3628,4029,4229,1302,1389,1516,1425,1520,1667,1806,984,1226,1490,1742,2108,2362,2423
1121,LatinAmericaandtheCaribbean,1830,MiddleAfrica,911,5541,6225,6927,7324,7728,10862,13934,2817,3328,3858,3965,4063,6077,8334,2724,2897,3069,3359,3665,4785,5600
1122,LatinAmericaandtheCaribbean,1830,NorthernAfrica,912,9120,8347,7739,7317,7649,8734,9215,4841,4359,3972,3870,4258,4865,5240,4279,3988,3767,3447,3391,3869,3975
1123,LatinAmericaandtheCaribbean,1830,SouthernAfrica,913,925,999,1118,983,2552,2903,3208,486,532,605,533,1667,1913,2145,439,467,513,450,885,990,1063
1124,LatinAmericaandtheCaribbean,1830,WesternAfrica,914,1320,1292,1495,3059,6290,13005,18205,767,756,878,1756,3892,9497,13433,553,536,617,1303,2398,3508,4772
1125,LatinAmericaandtheCaribbean,1830,CentralAsia,5500,9,16,20,46,130,147,150,3,7,9,12,32,36,40,6,9,11,34,98,111,110
1126,LatinAmericaandtheCaribbean,1830,EasternAsia,906,177318,176130,178443,183522,199238,243598,285746,94683,93560,94275,97168,106558,135793,163792,82635,82570,84168,86354,92680,107805,121954
1127,LatinAmericaandtheCaribbean,1830,SouthEasternAsia,920,4746,5496,6487,9276,12328,13542,15115,2611,2996,3533,5098,6816,7550,8664,2135,2500,2954,4178,5512,5992,6451
1128,LatinAmericaandtheCaribbean,1830,SouthernAsia,5501,7816,8905,10306,12100,16038,19704,30096,4589,5267,6165,7501,10259,13044,22038,3227,3638,4141,4599,5779,6660,8058
1129,LatinAmericaandtheCaribbean,1830,WesternAsia,922,73378,68345,63677,59999,58135,64816,71262,42461,39788,37335,35909,35705,39674,43765,30917,28557,26342,24090,22430,25142,27497
1130,LatinAmericaandtheCaribbean,1830,EasternEurope,923,117526,97959,79727,62376,48637,52879,56427,53142,43172,33852,27118,21862,23967,26273,64384,54787,45875,35258,26775,28912,30154
1131,LatinAmericaandtheCaribbean,1830,NorthernEurope,924,44542,45784,48727,48691,51906,57581,64623,22445,23421,25383,25876,28011,31036,35704,22097,22363,23344,22815,23895,26545,28919
1132,LatinAmericaandtheCaribbean,1830,SouthernEurope,925,1416711,1206867,1003433,869921,757367,855748,895094,729488,620574,515639,447760,391244,440448,465663,687223,586293,487794,422161,366123,415300,429431
1133,LatinAmericaandtheCaribbean,1830,WesternEurope,926,238430,250088,264500,267704,289986,325507,339742,124997,130645,137877,138726,149728,167671,176851,113433,119443,126623,128978,140258,157836,162891
1134,LatinAmericaandtheCaribbean,1830,Caribbean,915,523950,579841,639148,703194,781155,993471,1335731,283320,311238,340577,374128,412885,555895,753206,240630,268603,298571,329066,368270,437576,582525
1135,LatinAmericaandtheCaribbean,1830,CentralAmerica,916,1253201,680929,511753,563563,635043,691735,827876,608633,329978,250645,271615,299880,327439,402979,644568,350951,261108,291948,335163,364296,424897
1136,LatinAmericaandtheCaribbean,1830,SouthAmerica,931,2203657,2409613,2626675,3090756,3927986,4481520,9133566,1083562,1173185,1267587,1478943,1885365,2157648,4470642,1120095,1236428,1359088,1611813,2042621,2323872,4662924
1137,LatinAmericaandtheCaribbean,1830,Melanesia,928,22,24,24,22,13,14,12,20,20,19,15,9,10,9,2,4,5,7,4,4,3
1138,LatinAmericaandtheCaribbean,1830,Micronesia,954,14,13,13,54,117,133,143,3,2,2,29,68,79,88,11,11,11,25,49,54,55
1139,LatinAmericaandtheCaribbean,1830,Polynesia,957,29,74,116,72,26,25,24,13,35,55,32,9,9,9,16,39,61,40,17,16,15
1140,LatinAmericaandtheCaribbean,1830,Burundi,108,3,5,5,15,26,28,30,0,0,0,10,22,25,27,3,5,5,5,4,3,3
1141,LatinAmericaandtheCaribbean,1830,Comoros,174,0,0,0,0,0,0,0,0,0,0,0,0,0,0,0,0,0,0,0,0,0
1142,LatinAmericaandtheCaribbean,1830,Djibouti,262,0,0,0,0,0,0,0,0,0,0,0,0,0,0,0,0,0,0,0,0,0
1143,LatinAmericaandtheCaribbean,1830,Eritrea,232,25,25,25,26,27,28,25,13,13,13,14,15,15,14,12,12,12,12,12,13,11
1144,LatinAmericaandtheCaribbean,1830,Ethiopia,231,145,171,227,245,244,256,254,74,85,116,127,128,134,135,71,86,111,118,116,122,119
1145,LatinAmericaandtheCaribbean,1830,Kenya,404,97,88,89,133,188,203,215,23,26,35,49,70,73,84,74,62,54,84,118,130,131
1146,LatinAmericaandtheCaribbean,1830,Madagascar,450,18,20,21,19,51,58,59,1,1,1,3,8,10,11,17,19,20,16,43,48,48
1147,LatinAmericaandtheCaribbean,1830,Malawi,454,0,3,5,6,16,19,18,0,1,2,1,10,11,11,0,2,3,5,6,8,7
1148,LatinAmericaandtheCaribbean,1830,Mauritius,480,0,0,0,0,0,0,0,0,0,0,0,0,0,0,0,0,0,0,0,0,0
1149,LatinAmericaandtheCaribbean,1830,Mayotte,175,0,0,0,0,0,0,0,0,0,0,0,0,0,0,0,0,0,0,0,0,0
1150,LatinAmericaandtheCaribbean,1830,Mozambique,508,1062,1234,1409,1456,1483,1739,1875,776,806,839,748,645,750,833,286,428,570,708,838,989,1042
1151,LatinAmericaandtheCaribbean,1830,Reunion,638,862,984,1106,1121,1134,1184,1219,382,419,457,415,371,365,381,480,565,649,706,763,819,838
1152,LatinAmericaandtheCaribbean,1830,Rwanda,646,3,3,2,3,17,19,19,0,1,1,0,14,16,17,3,2,1,3,3,3,2
1153,LatinAmericaandtheCaribbean,1830,Seychelles,690,0,0,0,0,30,35,37,0,0,0,0,30,35,37,0,0,0,0,0,0,0
1154,LatinAmericaandtheCaribbean,1830,Somalia,706,22,19,28,42,43,45,44,9,8,9,10,9,9,9,13,11,19,32,34,36,35
1155,LatinAmericaandtheCaribbean,1830,SouthSudan,728,0,0,0,0,0,0,0,0,0,0,0,0,0,0,0,0,0,0,0,0,0
1156,LatinAmericaandtheCaribbean,1830,Uganda,800,11,8,8,14,87,98,103,6,4,5,6,45,51,56,5,4,3,8,42,47,47
1157,LatinAmericaandtheCaribbean,1830,UnitedRepublicofTanzania,834,9,12,19,21,113,129,137,2,1,2,4,56,66,74,7,11,17,17,57,63,63
1158,LatinAmericaandtheCaribbean,1830,Zambia,894,3,9,15,15,13,13,13,3,7,10,10,8,8,9,0,2,5,5,5,5,4
1159,LatinAmericaandtheCaribbean,1830,Zimbabwe,716,26,34,47,51,156,175,181,13,17,26,28,89,99,108,13,17,21,23,67,76,73
1160,LatinAmericaandtheCaribbean,1830,Angola,24,5344,6036,6726,6777,6751,7895,8534,2699,3219,3739,3618,3453,4013,4444,2645,2817,2987,3159,3298,3882,4090
1161,LatinAmericaandtheCaribbean,1830,Cameroon,120,32,34,38,139,258,294,312,19,21,24,85,160,185,203,13,13,14,54,98,109,109
1162,LatinAmericaandtheCaribbean,1830,CentralAfricanRepublic,140,11,11,11,105,203,219,230,4,3,3,65,132,144,154,7,8,8,40,71,75,76
1163,LatinAmericaandtheCaribbean,1830,Chad,148,9,8,5,5,4,3,3,8,7,5,5,4,3,3,1,1,0,0,0,0,0
1164,LatinAmericaandtheCaribbean,1830,Congo,178,100,98,99,116,137,152,156,53,51,54,76,102,116,121,47,47,45,40,35,36,35
1165,LatinAmericaandtheCaribbean,1830,DemocraticRepublicoftheCongo,180,40,35,47,138,227,2128,4517,31,26,33,94,154,1549,3333,9,9,14,44,73,579,1184
1166,LatinAmericaandtheCaribbean,1830,EquatorialGuinea,226,0,0,0,27,56,65,70,0,0,0,7,14,16,20,0,0,0,20,42,49,50
1167,LatinAmericaandtheCaribbean,1830,Gabon,266,5,3,1,17,33,37,39,3,1,0,15,31,36,38,2,2,1,2,2,1,1
1168,LatinAmericaandtheCaribbean,1830,SaoTomeandPrincipe,678,0,0,0,0,59,69,73,0,0,0,0,13,15,18,0,0,0,0,46,54,55
1169,LatinAmericaandtheCaribbean,1830,Algeria,12,801,829,914,957,1007,1342,1417,431,448,494,502,524,723,780,370,381,420,455,483,619,637
1170,LatinAmericaandtheCaribbean,1830,Egypt,818,5613,5059,4554,4277,4002,4585,4921,3006,2625,2278,2236,2206,2511,2761,2607,2434,2276,2041,1796,2074,2160
1171,LatinAmericaandtheCaribbean,1830,Libya,434,262,259,261,239,327,351,358,159,165,173,155,198,210,219,103,94,88,84,129,141,139
1172,LatinAmericaandtheCaribbean,1830,Morocco,504,2310,2069,1880,1740,2157,2285,2348,1154,1032,938,906,1213,1289,1346,1156,1037,942,834,944,996,1002
1173,LatinAmericaandtheCaribbean,1830,Sudan,729,19,19,19,17,12,12,11,19,19,19,17,12,12,11,0,0,0,0,0,0,0
1174,LatinAmericaandtheCaribbean,1830,Tunisia,788,115,112,111,87,144,159,160,72,70,70,54,105,120,123,43,42,41,33,39,39,37
1175,LatinAmericaandtheCaribbean,1830,WesternSahara,732,0,0,0,0,0,0,0,0,0,0,0,0,0,0,0,0,0,0,0,0,0
1176,LatinAmericaandtheCaribbean,1830,Botswana,72,0,0,0,7,13,14,13,0,0,0,4,8,9,9,0,0,0,3,5,5,4
1177,LatinAmericaandtheCaribbean,1830,Eswatini,748,1,1,1,8,13,13,12,0,1,1,5,7,6,6,1,0,0,3,6,7,6
1178,LatinAmericaandtheCaribbean,1830,Lesotho,426,6,4,1,1,0,0,0,4,2,0,0,0,0,0,2,2,1,1,0,0,0
1179,LatinAmericaandtheCaribbean,1830,Namibia,516,4,4,4,4,51,59,63,4,4,4,4,41,48,52,0,0,0,0,10,11,11
1180,LatinAmericaandtheCaribbean,1830,SouthAfrica,710,914,990,1112,963,2475,2817,3120,478,525,600,520,1611,1850,2078,436,465,512,443,864,967,1042
1181,LatinAmericaandtheCaribbean,1830,Benin,204,1,1,1,16,30,34,34,0,0,0,9,18,21,22,1,1,1,7,12,13,12
1182,LatinAmericaandtheCaribbean,1830,BurkinaFaso,854,26,25,24,31,37,41,42,4,4,4,8,13,15,15,22,21,20,23,24,26,27
1183,LatinAmericaandtheCaribbean,1830,CaboVerde,132,54,55,55,690,1323,1553,1684,19,19,19,297,575,671,750,35,36,36,393,748,882,934
1184,LatinAmericaandtheCaribbean,1830,CotedIvoire,384,146,76,10,185,364,422,455,72,38,7,133,263,306,334,74,38,3,52,101,116,121
1185,LatinAmericaandtheCaribbean,1830,Gambia,270,11,13,14,17,27,33,34,9,10,11,13,22,28,30,2,3,3,4,5,5,4
1186,LatinAmericaandtheCaribbean,1830,Ghana,288,86,120,154,188,229,255,2639,57,76,95,126,161,181,1845,29,44,59,62,68,74,794
1187,LatinAmericaandtheCaribbean,1830,Guinea,324,5,4,2,35,67,79,83,0,0,0,19,38,45,50,5,4,2,16,29,34,33
1188,LatinAmericaandtheCaribbean,1830,GuineaBissau,624,0,0,0,468,938,1105,1199,0,0,0,311,623,732,805,0,0,0,157,315,373,394
1189,LatinAmericaandtheCaribbean,1830,Liberia,430,1,1,1,2,37,44,45,0,0,0,1,20,24,25,1,1,1,1,17,20,20
1190,LatinAmericaandtheCaribbean,1830,Mali,466,0,0,0,1,8,9,8,0,0,0,0,7,7,7,0,0,0,1,1,2,1
1191,LatinAmericaandtheCaribbean,1830,Mauritania,478,0,0,0,1,1,2,1,0,0,0,0,0,0,0,0,0,0,1,1,2,1
1192,LatinAmericaandtheCaribbean,1830,Niger,562,10,18,30,29,43,46,50,10,18,30,29,43,46,50,0,0,0,0,0,0,0
1193,LatinAmericaandtheCaribbean,1830,Nigeria,566,730,738,808,929,2363,3475,4889,456,463,509,576,1608,2422,3509,274,275,299,353,755,1053,1380
1194,LatinAmericaandtheCaribbean,1830,SaintHelena,654,125,137,248,257,388,420,502,66,71,135,139,212,229,277,59,66,113,118,176,191,225
1195,LatinAmericaandtheCaribbean,1830,Senegal,686,124,102,146,207,415,5464,6519,74,57,68,93,269,4747,5693,50,45,78,114,146,717,826
1196,LatinAmericaandtheCaribbean,1830,SierraLeone,694,0,0,0,1,9,10,9,0,0,0,1,9,10,9,0,0,0,0,0,0,0
1197,LatinAmericaandtheCaribbean,1830,Togo,768,1,2,2,2,11,13,12,0,0,0,1,11,13,12,1,2,2,1,0,0,0
1198,LatinAmericaandtheCaribbean,1830,Kazakhstan,398,8,9,10,34,62,68,71,3,5,6,9,13,14,16,5,4,4,25,49,54,55
1199,LatinAmericaandtheCaribbean,1830,Kyrgyzstan,417,0,0,0,2,4,6,5,0,0,0,1,2,3,3,0,0,0,1,2,3,2
1200,LatinAmericaandtheCaribbean,1830,Tajikistan,762,0,2,3,2,9,10,9,0,1,1,0,8,8,8,0,1,2,2,1,2,1
1201,LatinAmericaandtheCaribbean,1830,Turkmenistan,795,0,1,1,1,22,25,27,0,0,0,0,6,7,8,0,1,1,1,16,18,19
1202,LatinAmericaandtheCaribbean,1830,Uzbekistan,860,1,4,6,7,33,38,38,0,1,2,2,3,4,5,1,3,4,5,30,34,33
1203,LatinAmericaandtheCaribbean,1830,China,156,50049,57421,66610,80522,101066,131093,160260,28282,31884,36451,44078,55978,77660,97247,21767,25537,30159,36444,45088,53433,63013
1204,LatinAmericaandtheCaribbean,1830,China,156,344,2346,2522,3514,2590,4305,4459,5167,1291,1397,1922,1407,2328,2399,2879,1055,1125,1592,1183,1977,2060
1205,LatinAmericaandtheCaribbean,1830,China,156,446,2,1,1,2,2,1,1,1,1,1,2,2,1,1,1,0,0,0,0,0
1206,LatinAmericaandtheCaribbean,1830,China,156,158,0,0,0,0,0,0,0,0,0,0,0,0,0,0,0,0,0,0,0,0
1207,LatinAmericaandtheCaribbean,1830,DemPeoplesRepublicofKorea,408,814,1656,2569,1556,790,2630,2906,430,871,1351,837,450,1625,1836,384,785,1218,719,340,1005,1070
1208,LatinAmericaandtheCaribbean,1830,Japan,392,105662,97693,90354,77886,65476,76232,85092,55338,50721,46439,39957,33464,39050,44680,50324,46972,43915,37929,32012,37182,40412
1209,LatinAmericaandtheCaribbean,1830,Mongolia,496,7,8,12,9,17,17,19,5,5,8,5,11,11,14,2,3,4,4,6,6,5
1210,LatinAmericaandtheCaribbean,1830,RepublicofKorea,410,18438,16829,15383,20957,27582,29166,32301,9336,8681,8103,10882,14325,15047,17135,9102,8148,7280,10075,13257,14119,15166
1211,LatinAmericaandtheCaribbean,1830,BruneiDarussalam,96,2,2,2,73,143,168,181,2,2,2,8,11,12,18,0,0,0,65,132,156,163
1212,LatinAmericaandtheCaribbean,1830,Cambodia,116,166,178,190,178,168,177,184,93,97,103,95,87,93,98,73,81,87,83,81,84,86
1213,LatinAmericaandtheCaribbean,1830,Indonesia,360,324,357,409,832,1480,1675,1857,170,183,207,415,739,836,958,154,174,202,417,741,839,899
1214,LatinAmericaandtheCaribbean,1830,LaoPeoplesDemocraticRepublic,418,1462,1486,1511,2194,1089,1143,1248,730,741,755,1101,530,561,612,732,745,756,1093,559,582,636
1215,LatinAmericaandtheCaribbean,1830,Malaysia,458,164,199,251,238,364,399,451,65,87,122,120,185,205,244,99,112,129,118,179,194,207
1216,LatinAmericaandtheCaribbean,1830,Myanmar,104,53,60,72,80,120,133,154,45,54,66,75,102,117,138,8,6,6,5,18,16,16
1217,LatinAmericaandtheCaribbean,1830,Philippines,608,1958,2554,3315,4911,7362,8048,9139,1165,1481,1897,2870,4334,4780,5570,793,1073,1418,2041,3028,3268,3569
1218,LatinAmericaandtheCaribbean,1830,Singapore,702,65,84,114,107,232,260,280,29,40,59,52,81,89,104,36,44,55,55,151,171,176
1219,LatinAmericaandtheCaribbean,1830,Thailand,764,302,333,381,413,929,1046,1132,171,179,197,230,524,595,659,131,154,184,183,405,451,473
1220,LatinAmericaandtheCaribbean,1830,TimorLeste,626,0,0,0,0,50,58,62,0,0,0,0,0,10,1,0,0,0,0,50,48,61
1221,LatinAmericaandtheCaribbean,1830,VietNam,704,250,243,242,250,391,435,427,141,132,125,132,223,252,262,109,111,117,118,168,183,165
1222,LatinAmericaandtheCaribbean,1830,Afghanistan,4,92,75,83,130,174,256,316,40,33,39,69,99,142,183,52,42,44,61,75,114,133
1223,LatinAmericaandtheCaribbean,1830,Bangladesh,50,71,59,52,103,166,184,5528,45,44,46,91,145,162,5505,26,15,6,12,21,22,23
1224,LatinAmericaandtheCaribbean,1830,Bhutan,64,12,12,14,13,14,12,12,11,11,13,11,12,11,11,1,1,1,2,2,1,1
1225,LatinAmericaandtheCaribbean,1830,India,356,6121,7094,8254,9783,13182,16504,19415,3466,4028,4726,5957,8386,10972,13302,2655,3066,3528,3826,4796,5532,6113
1226,LatinAmericaandtheCaribbean,1830,IranIslamicRepublicof,364,896,956,1074,1231,1547,1712,1881,571,635,739,789,961,1062,1199,325,321,335,442,586,650,682
1227,LatinAmericaandtheCaribbean,1830,Maldives,462,1,1,1,2,12,12,12,0,0,0,0,0,0,0,1,1,1,2,12,12,12
1228,LatinAmericaandtheCaribbean,1830,Nepal,524,7,6,7,8,65,74,78,6,4,5,4,60,69,74,1,2,2,4,5,5,4
1229,LatinAmericaandtheCaribbean,1830,Pakistan,586,585,676,800,796,836,905,2809,430,495,582,557,570,598,1736,155,181,218,239,266,307,1073
1230,LatinAmericaandtheCaribbean,1830,SriLanka,144,31,26,21,34,42,45,45,20,17,15,23,26,28,28,11,9,6,11,16,17,17
1231,LatinAmericaandtheCaribbean,1830,Armenia,51,1345,1322,1304,1034,783,807,820,657,651,648,530,421,436,451,688,671,656,504,362,371,369
1232,LatinAmericaandtheCaribbean,1830,Azerbaijan,31,2,3,4,4,5,5,4,1,1,2,1,2,2,2,1,2,2,3,3,3,2
1233,LatinAmericaandtheCaribbean,1830,Bahrain,48,50,53,54,59,62,65,66,38,40,41,47,54,58,59,12,13,13,12,8,7,7
1234,LatinAmericaandtheCaribbean,1830,Cyprus,196,128,122,116,91,68,68,64,57,55,53,42,34,33,32,71,67,63,49,34,35,32
1235,LatinAmericaandtheCaribbean,1830,Georgia,268,22,20,21,73,141,161,175,8,8,8,37,74,86,101,14,12,13,36,67,75,74
1236,LatinAmericaandtheCaribbean,1830,Iraq,368,212,230,255,498,764,870,967,114,134,159,323,506,564,636,98,96,96,175,258,306,331
1237,LatinAmericaandtheCaribbean,1830,Israel,376,7516,7153,7033,6637,6720,8187,9287,4402,4178,4104,3944,4088,4983,5764,3114,2975,2929,2693,2632,3204,3523
1238,LatinAmericaandtheCaribbean,1830,Jordan,400,994,916,887,1303,1741,1961,2061,605,562,546,859,1198,1361,1466,389,354,341,444,543,600,595
1239,LatinAmericaandtheCaribbean,1830,Kuwait,414,65,66,66,78,92,101,96,38,39,39,40,42,45,42,27,27,27,38,50,56,54
1240,LatinAmericaandtheCaribbean,1830,Lebanon,422,32132,30089,28132,25493,23339,25567,26697,19093,17903,16773,15447,14425,15784,16651,13039,12186,11359,10046,8914,9783,10046
1241,LatinAmericaandtheCaribbean,1830,Oman,512,3,3,3,3,24,26,27,2,2,3,3,15,16,17,1,1,0,0,9,10,10
1242,LatinAmericaandtheCaribbean,1830,Qatar,634,8,8,7,5,5,5,4,6,6,5,2,3,4,3,2,2,2,3,2,1,1
1243,LatinAmericaandtheCaribbean,1830,SaudiArabia,682,1391,1536,1712,1777,2242,2438,2426,904,1015,1145,1207,1557,1689,1689,487,521,567,570,685,749,737
1244,LatinAmericaandtheCaribbean,1830,StateofPalestine,275,925,954,987,935,933,1050,1065,528,547,567,546,553,620,641,397,407,420,389,380,430,424
1245,LatinAmericaandtheCaribbean,1830,SyrianArabRepublic,760,24318,22366,20322,19793,19494,21669,25550,13929,12971,11952,11748,11698,12881,15001,10389,9395,8370,8045,7796,8788,10549
1246,LatinAmericaandtheCaribbean,1830,Turkey,792,4253,3491,2754,2188,1661,1767,1883,2073,1670,1282,1124,994,1064,1160,2180,1821,1472,1064,667,703,723
1247,LatinAmericaandtheCaribbean,1830,UnitedArabEmirates,784,0,1,2,1,33,39,40,0,1,2,1,33,39,40,0,0,0,0,0,0,0
1248,LatinAmericaandtheCaribbean,1830,Yemen,887,14,12,18,27,28,30,30,6,5,6,8,8,9,10,8,7,12,19,20,21,20
1249,LatinAmericaandtheCaribbean,1830,Belarus,112,674,659,645,483,322,325,328,287,284,282,217,154,156,160,387,375,363,266,168,169,168
1250,LatinAmericaandtheCaribbean,1830,Bulgaria,100,2506,2361,2273,1796,1486,1588,1711,1339,1210,1107,880,727,785,882,1167,1151,1166,916,759,803,829
1251,LatinAmericaandtheCaribbean,1830,Czechia,203,6884,6449,6046,4684,3444,3605,3757,3027,2770,2530,2014,1563,1659,1772,3857,3679,3516,2670,1881,1946,1985
1252,LatinAmericaandtheCaribbean,1830,Hungary,348,10289,8222,6200,5086,4107,4491,4706,4522,3639,2779,2334,1945,2112,2259,5767,4583,3421,2752,2162,2379,2447
1253,LatinAmericaandtheCaribbean,1830,Poland,616,51554,38847,26799,20582,14748,16349,17364,24251,17586,11275,8949,6775,7583,8221,27303,21261,15524,11633,7973,8766,9143
1254,LatinAmericaandtheCaribbean,1830,RepublicofMoldova,498,1012,989,967,723,478,480,482,430,424,422,321,223,225,228,582,565,545,402,255,255,254
1255,LatinAmericaandtheCaribbean,1830,Romania,642,12738,10404,8120,6738,5526,6025,6536,5950,4807,3693,3080,2543,2764,3079,6788,5597,4427,3658,2983,3261,3457
1256,LatinAmericaandtheCaribbean,1830,RussianFederation,643,25665,21852,18419,14181,11273,11887,12947,10818,8939,7212,5639,4547,4847,5517,14847,12913,11207,8542,6726,7040,7430
1257,LatinAmericaandtheCaribbean,1830,Slovakia,703,132,115,109,152,448,508,548,55,55,58,66,199,227,257,77,60,51,86,249,281,291
1258,LatinAmericaandtheCaribbean,1830,Ukraine,804,6072,8061,10149,7951,6805,7621,8048,2463,3458,4494,3618,3186,3609,3898,3609,4603,5655,4333,3619,4012,4150
1259,LatinAmericaandtheCaribbean,1830,ChannelIslands,830,101,81,100,71,126,126,148,35,29,35,25,42,43,54,66,52,65,46,84,83,94
1260,LatinAmericaandtheCaribbean,1830,Denmark,208,1885,1937,2061,1914,1892,2090,2427,1021,1091,1196,1139,1155,1287,1514,864,846,865,775,737,803,913
1261,LatinAmericaandtheCaribbean,1830,Estonia,233,166,165,166,243,319,357,379,57,56,58,78,99,110,126,109,109,108,165,220,247,253
1262,LatinAmericaandtheCaribbean,1830,FaroeIslands,234,0,0,0,0,0,0,0,0,0,0,0,0,0,0,0,0,0,0,0,0,0
1263,LatinAmericaandtheCaribbean,1830,Finland,246,657,689,742,893,1101,1243,1384,289,297,313,401,507,578,674,368,392,429,492,594,665,710
1264,LatinAmericaandtheCaribbean,1830,Iceland,352,30,31,33,271,505,591,649,11,11,13,173,332,389,437,19,20,20,98,173,202,212
1265,LatinAmericaandtheCaribbean,1830,Ireland,372,979,1160,1436,1391,1452,1596,1884,545,663,838,823,861,958,1143,434,497,598,568,591,638,741
1266,LatinAmericaandtheCaribbean,1830,IsleofMan,833,0,0,0,1,2,3,2,0,0,0,1,2,3,2,0,0,0,0,0,0,0
1267,LatinAmericaandtheCaribbean,1830,Latvia,428,416,411,407,418,434,466,474,161,160,161,154,154,161,167,255,251,246,264,280,305,307
1268,LatinAmericaandtheCaribbean,1830,Lithuania,440,2211,1644,1089,858,1275,1404,1470,797,605,418,340,421,453,489,1414,1039,671,518,854,951,981
1269,LatinAmericaandtheCaribbean,1830,Norway,578,861,847,871,1107,1469,1663,1868,561,541,542,699,926,1049,1202,300,306,329,408,543,614,666
1270,LatinAmericaandtheCaribbean,1830,Sweden,752,2712,2887,3168,2817,2708,3232,3720,1405,1445,1546,1497,1575,1900,2231,1307,1442,1622,1320,1133,1332,1489
1271,LatinAmericaandtheCaribbean,1830,UnitedKingdom,826,34524,35932,38654,38707,40623,44810,50218,17563,18523,20263,20546,21937,24105,27665,16961,17409,18391,18161,18686,20705,22553
1272,LatinAmericaandtheCaribbean,1830,Albania,8,423,368,415,200,153,163,161,233,202,223,113,87,91,95,190,166,192,87,66,72,66
1273,LatinAmericaandtheCaribbean,1830,Andorra,20,3,2,1,7,12,13,14,2,1,1,7,12,13,14,1,1,0,0,0,0,0
1274,LatinAmericaandtheCaribbean,1830,BosniaandHerzegovina,70,27,27,27,65,106,121,123,18,18,18,37,56,62,66,9,9,9,28,50,59,57
1275,LatinAmericaandtheCaribbean,1830,Croatia,191,2738,2719,2720,2478,2293,2458,2607,1373,1381,1402,1273,1181,1258,1372,1365,1338,1318,1205,1112,1200,1235
1276,LatinAmericaandtheCaribbean,1830,Gibraltar,292,35,34,35,27,19,18,18,11,11,12,8,5,5,5,24,23,23,19,14,13,13
1277,LatinAmericaandtheCaribbean,1830,Greece,300,8570,7480,6454,5240,4116,4484,4759,4795,4247,3742,3058,2447,2665,2879,3775,3233,2712,2182,1669,1819,1880
1278,LatinAmericaandtheCaribbean,1830,HolySee,336,0,0,0,0,0,0,0,0,0,0,0,0,0,0,0,0,0,0,0,0,0
1279,LatinAmericaandtheCaribbean,1830,Italy,380,514773,437391,360908,306394,259895,295752,298783,266365,226613,187300,158894,135162,153616,156499,248408,210778,173608,147500,124733,142136,142284
1280,LatinAmericaandtheCaribbean,1830,Malta,470,55,58,62,58,79,87,104,32,31,32,33,64,73,91,23,27,30,25,15,14,13
1281,LatinAmericaandtheCaribbean,1830,Montenegro,499,241,238,233,245,285,301,284,117,116,113,120,139,146,137,124,122,120,125,146,155,147
1282,LatinAmericaandtheCaribbean,1830,NorthMacedonia,807,13225,8183,3151,2342,1588,1601,1636,6488,3930,1379,1047,749,759,785,6737,4253,1772,1295,839,842,851
1283,LatinAmericaandtheCaribbean,1830,Portugal,620,362534,320507,279256,239210,198237,224649,236099,195972,172025,148436,126923,104880,117033,124459,166562,148482,130820,112287,93357,107616,111640
1284,LatinAmericaandtheCaribbean,1830,SanMarino,674,37,36,35,27,51,57,59,32,31,30,22,14,14,15,5,5,5,5,37,43,44
1285,LatinAmericaandtheCaribbean,1830,Serbia,688,942,962,987,964,1392,1519,1524,488,498,511,488,628,673,676,454,464,476,476,764,846,848
1286,LatinAmericaandtheCaribbean,1830,Slovenia,705,1929,1894,1865,1427,1168,1213,1254,912,906,904,702,599,624,656,1017,988,961,725,569,589,598
1287,LatinAmericaandtheCaribbean,1830,Spain,724,511179,426968,347284,311237,287973,323312,347669,252650,210564,171536,155035,145221,163416,177914,258529,216404,175748,156202,142752,159896,169755
1288,LatinAmericaandtheCaribbean,1830,Austria,40,12299,10625,9055,7450,6122,6763,7280,6019,5358,4765,3834,3073,3370,3723,6280,5267,4290,3616,3049,3393,3557
1289,LatinAmericaandtheCaribbean,1830,Belgium,56,6433,6487,6746,6460,6753,7502,8505,3484,3478,3589,3612,3929,4379,5052,2949,3009,3157,2848,2824,3123,3453
1290,LatinAmericaandtheCaribbean,1830,France,250,113537,131794,150791,158326,169122,185902,194065,59460,67861,76630,79003,83123,90839,95391,54077,63933,74161,79323,85999,95063,98674
1291,LatinAmericaandtheCaribbean,1830,Germany,276,80796,73932,67940,65947,67949,81194,80610,41414,38173,35489,35009,36734,43655,43972,39382,35759,32451,30938,31215,37539,36638
1292,LatinAmericaandtheCaribbean,1830,Liechtenstein,438,175,170,166,125,100,101,102,111,108,108,80,71,73,74,64,62,58,45,29,28,28
1293,LatinAmericaandtheCaribbean,1830,Luxembourg,442,232,230,233,179,185,196,214,64,63,67,55,84,93,107,168,167,166,124,101,103,107
1294,LatinAmericaandtheCaribbean,1830,Monaco,492,26,24,22,19,138,159,171,2,2,2,3,49,56,64,24,22,20,16,89,103,107
1295,LatinAmericaandtheCaribbean,1830,Netherlands,528,12123,13463,15252,16419,27064,29708,33166,6907,7679,8694,9427,15018,16649,18785,5216,5784,6558,6992,12046,13059,14381
1296,LatinAmericaandtheCaribbean,1830,Switzerland,756,12809,13363,14295,12779,12553,13982,15629,7536,7923,8533,7703,7647,8557,9683,5273,5440,5762,5076,4906,5425,5946
1297,LatinAmericaandtheCaribbean,1830,Anguilla,660,1292,1316,1345,1387,1471,1493,1515,673,685,697,727,766,780,794,619,631,648,660,705,713,721
1298,LatinAmericaandtheCaribbean,1830,AntiguaandBarbuda,28,6114,6560,7089,7340,7542,7763,7933,2779,2974,3214,3364,3456,3553,3636,3335,3586,3875,3976,4086,4210,4297
1299,LatinAmericaandtheCaribbean,1830,Aruba,533,1239,1322,1412,1923,4036,4258,4592,580,614,652,876,1697,1786,1947,659,708,760,1047,2339,2472,2645
1300,LatinAmericaandtheCaribbean,1830,Bahamas,44,1676,1654,1694,1554,1511,1564,1648,845,832,849,780,766,799,853,831,822,845,774,745,765,795
1301,LatinAmericaandtheCaribbean,1830,Barbados,52,5173,5149,4868,5023,4504,4634,4873,2687,2695,2558,2636,2293,2375,2596,2486,2454,2310,2387,2211,2259,2277
1302,LatinAmericaandtheCaribbean,1830,Bonaire,16,535,306,401,506,614,2883,3099,3524,162,212,263,318,1252,1345,1559,144,189,243,296,1631,1754
1303,LatinAmericaandtheCaribbean,1830,BritishVirginIslands,92,2895,2981,3093,3463,3924,3992,4065,1235,1276,1333,1518,1715,1747,1781,1660,1705,1760,1945,2209,2245,2284
1304,LatinAmericaandtheCaribbean,1830,CaymanIslands,136,87,85,86,93,105,131,131,46,46,48,52,61,76,78,41,39,38,41,44,55,53
1305,LatinAmericaandtheCaribbean,1830,Cuba,192,58757,61341,66833,66067,71697,70131,110555,30005,31464,34390,34086,37276,36745,60534,28752,29877,32443,31981,34421,33386,50021
1306,LatinAmericaandtheCaribbean,1830,CuraÃao,531,1673,2416,3318,4150,5113,5341,5687,816,1197,1661,2110,2622,2734,2894,857,1219,1657,2040,2491,2607,2793
1307,LatinAmericaandtheCaribbean,1830,Dominica,212,16749,18529,20484,20665,20686,20920,20787,7195,8237,9351,9272,9075,9093,8993,9554,10292,11133,11393,11611,11827,11794
1308,LatinAmericaandtheCaribbean,1830,DominicanRepublic,214,70452,85391,101148,108957,117123,116191,145936,29825,36972,44355,47983,50223,48976,59753,40627,48419,56793,60974,66900,67215,86183
1309,LatinAmericaandtheCaribbean,1830,Grenada,308,19411,17949,14047,14784,10406,10722,11654,8806,8132,6192,6552,4543,4756,5905,10605,9817,7855,8232,5863,5966,5749
1310,LatinAmericaandtheCaribbean,1830,Guadeloupe,312,5592,6460,7329,8381,9522,10481,10813,2471,2751,3031,3389,3785,3977,4158,3121,3709,4298,4992,5737,6504,6655
1311,LatinAmericaandtheCaribbean,1830,Haiti,332,229944,256803,284354,335622,394844,605494,868445,147367,161674,176362,203857,235581,379090,535950,82577,95129,107992,131765,159263,226404,332495
1312,LatinAmericaandtheCaribbean,1830,Jamaica,388,13122,16278,21040,24721,32263,34751,37747,5430,6699,8669,10270,13495,14492,15966,7692,9579,12371,14451,18768,20259,21781
1313,LatinAmericaandtheCaribbean,1830,Martinique,474,10720,12193,13692,13895,14107,11994,12228,5449,5886,6340,6395,6451,5200,5282,5271,6307,7352,7500,7656,6794,6946
1314,LatinAmericaandtheCaribbean,1830,Montserrat,500,2004,2270,2573,2750,2908,3054,3157,950,1092,1255,1355,1438,1516,1572,1054,1178,1318,1395,1470,1538,1585
1315,LatinAmericaandtheCaribbean,1830,PuertoRico,630,18192,19548,21219,17769,15584,14542,15328,8738,9228,9883,8675,8129,7715,8218,9454,10320,11336,9094,7455,6827,7110
1316,LatinAmericaandtheCaribbean,1830,SaintBarthelemy,652,0,0,0,0,0,0,0,0,0,0,0,0,0,0,0,0,0,0,0,0,0
1317,LatinAmericaandtheCaribbean,1830,SaintKittsandNevis,659,8706,9673,10654,11730,11426,11774,12114,4166,4621,5083,5573,5336,5506,5679,4540,5052,5571,6157,6090,6268,6435
1318,LatinAmericaandtheCaribbean,1830,SaintLucia,662,11891,13020,14080,13606,12946,13113,13471,5457,5925,6341,6175,5873,5834,6077,6434,7095,7739,7431,7073,7279,7394
1319,LatinAmericaandtheCaribbean,1830,SaintMartinFrenchpart,663,0,0,0,0,0,0,0,0,0,0,0,0,0,0,0,0,0,0,0,0,0
1320,LatinAmericaandtheCaribbean,1830,SaintVincentandtheGrenadines,670,18586,18371,17105,17410,14626,15400,16603,8470,8408,7837,7961,6638,7066,8199,10116,9963,9268,9449,7988,8334,8404
1321,LatinAmericaandtheCaribbean,1830,SintMaartenDutchpart,534,594,806,1080,1141,1698,1793,1945,289,394,540,574,825,874,953,305,412,540,567,873,919,992
1322,LatinAmericaandtheCaribbean,1830,TrinidadandTobago,780,14506,15196,16056,15813,15701,16103,16286,6898,7103,7388,7280,7230,7413,7428,7608,8093,8668,8533,8471,8690,8858
1323,LatinAmericaandtheCaribbean,1830,TurksandCaicosIslands,796,2087,1293,497,982,1466,1585,1695,897,564,230,414,597,639,685,1190,729,267,568,869,946,1010
1324,LatinAmericaandtheCaribbean,1830,UnitedStatesVirginIslands,850,2182,2836,3546,3354,3063,3148,2999,1084,1557,2055,1936,1762,1808,1716,1098,1279,1491,1418,1301,1340,1283
1325,LatinAmericaandtheCaribbean,1830,Belize,84,3918,3989,4233,4505,5143,5144,5635,1795,1790,1872,2107,2528,2573,2845,2123,2199,2361,2398,2615,2571,2790
1326,LatinAmericaandtheCaribbean,1830,CostaRica,188,21208,20341,23406,25119,26846,30608,34188,9548,9127,10719,11931,13120,15103,17144,11660,11214,12687,13188,13726,15505,17044
1327,LatinAmericaandtheCaribbean,1830,ElSalvador,222,733576,230238,47368,49203,62182,69997,83569,351004,106082,21183,20662,25348,29205,35730,382572,124156,26185,28541,36834,40792,47839
1328,LatinAmericaandtheCaribbean,1830,Guatemala,320,102786,80518,61792,64930,73545,88762,97570,51768,41587,33389,32708,34962,42448,47147,51018,38931,28403,32222,38583,46314,50423
1329,LatinAmericaandtheCaribbean,1830,Honduras,340,42043,40515,41649,46978,56540,65560,94543,18449,17903,18565,21213,25775,29821,42961,23594,22612,23084,25765,30765,35739,51582
1330,LatinAmericaandtheCaribbean,1830,Mexico,484,43110,47163,52433,55290,62554,72149,86799,19860,22374,25404,27811,32409,37869,45573,23250,24789,27029,27479,30145,34280,41226
1331,LatinAmericaandtheCaribbean,1830,Nicaragua,558,262376,227794,259709,301669,327401,337326,400268,133866,115718,128723,147175,155152,158974,198069,128510,112076,130986,154494,172249,178352,202199
1332,LatinAmericaandtheCaribbean,1830,Panama,591,44184,30371,21163,15869,20832,22189,25304,22343,15397,10790,8008,10586,11446,13510,21841,14974,10373,7861,10246,10743,11794
1333,LatinAmericaandtheCaribbean,1830,Argentina,32,180150,201184,223927,240015,257500,275296,331629,89536,101035,113449,122306,132171,142889,171485,90614,100149,110478,117709,125329,132407,160144
1334,LatinAmericaandtheCaribbean,1830,BoliviaPlurinationalStateof,68,181152,224671,268983,354574,442095,542979,638440,94152,115771,137864,178449,220123,271151,313659,87000,108900,131119,176125,221972,271828,324781
1335,LatinAmericaandtheCaribbean,1830,Brazil,76,194655,186962,179653,193794,208899,236791,265651,100754,94622,87700,94486,102221,117360,132167,93901,92340,91953,99308,106678,119431,133484
1336,LatinAmericaandtheCaribbean,1830,Chile,152,297969,283564,271294,259330,253090,291395,306240,157174,145822,135547,127385,122303,140754,150292,140795,137742,135747,131945,130787,150641,155948
1337,LatinAmericaandtheCaribbean,1830,Colombia,170,642457,701109,760123,860205,1290719,1389675,1454013,300558,331697,362856,407007,622934,671330,703374,341899,369412,397267,453198,667785,718345,750639
1338,LatinAmericaandtheCaribbean,1830,Ecuador,218,48291,55695,63952,70484,83380,95867,123527,24348,27528,31119,34369,41175,47499,61234,23943,28167,32833,36115,42205,48368,62293
1339,LatinAmericaandtheCaribbean,1830,FalklandIslandsMalvinas,238,18,20,22,27,42,52,54,9,10,11,13,21,26,31,9,10,11,14,21,26,23
1340,LatinAmericaandtheCaribbean,1830,FrenchGuiana,254,2779,3164,3576,3726,3860,4219,4276,1221,1363,1517,1573,1621,1701,1748,1558,1801,2059,2153,2239,2518,2528
1341,LatinAmericaandtheCaribbean,1830,Guyana,328,26399,31514,38353,45598,57239,61244,64810,12639,15008,18099,21752,27825,29774,32391,13760,16506,20254,23846,29414,31470,32419
1342,LatinAmericaandtheCaribbean,1830,Paraguay,600,283053,316927,350890,493747,636180,735736,750040,125484,139652,153659,219000,284127,328135,337005,157569,177275,197231,274747,352053,407601,413035
1343,LatinAmericaandtheCaribbean,1830,Peru,604,83613,143233,204352,296680,396767,459723,556177,46967,70948,96312,139050,186058,217315,271776,36646,72285,108040,157630,210709,242408,284401
1344,LatinAmericaandtheCaribbean,1830,Suriname,740,17448,18524,19611,25688,31973,30084,33607,9227,9455,9688,12348,15053,14250,15925,8221,9069,9923,13340,16920,15834,17682
1345,LatinAmericaandtheCaribbean,1830,Uruguay,858,176204,165688,155461,156126,157333,183014,187104,87730,82583,77573,77056,76855,88972,91934,88474,83105,77888,79070,80478,94042,95170
1346,LatinAmericaandtheCaribbean,1830,VenezuelaBolivarianRepublicof,862,69469,77358,86478,90762,108909,175445,4417998,33763,37691,42193,44149,52878,86492,2187621,35706,39667,44285,46613,56031,88953,2230377
1347,LatinAmericaandtheCaribbean,1830,Bermuda,60,70,72,83,112,139,143,145,45,46,54,66,80,86,89,25,26,29,46,59,57,56
1348,LatinAmericaandtheCaribbean,1830,Canada,124,24182,28557,34089,33820,38011,40607,46593,11844,14371,17517,17644,20512,21843,25911,12338,14186,16572,16176,17499,18764,20682
1349,LatinAmericaandtheCaribbean,1830,Greenland,304,507,449,512,355,373,403,451,184,173,213,165,192,213,240,323,276,299,190,181,190,211
1350,LatinAmericaandtheCaribbean,1830,SaintPierreandMiquelon,666,50,59,71,85,104,111,122,27,33,40,48,57,62,70,23,26,31,37,47,49,52
1351,LatinAmericaandtheCaribbean,1830,UnitedStatesofAmerica,840,577953,659821,761642,932672,1159681,1140869,1245742,284612,326573,379530,468555,588005,572319,635736,293341,333248,382112,464117,571676,568550,610006
1352,LatinAmericaandtheCaribbean,1830,Australia,36,2179,2416,2763,2917,3281,3635,4393,1103,1222,1397,1610,1927,2153,2647,1076,1194,1366,1307,1354,1482,1746
1353,LatinAmericaandtheCaribbean,1830,NewZealand,554,308,385,484,520,812,916,1058,151,199,260,275,486,562,662,157,186,224,245,326,354,396
1354,LatinAmericaandtheCaribbean,1830,Fiji,242,2,3,4,5,3,2,2,0,0,0,0,0,0,0,2,3,4,5,3,2,2
1355,LatinAmericaandtheCaribbean,1830,NewCaledonia,540,0,1,1,1,0,0,0,0,1,1,1,0,0,0,0,0,0,0,0,0,0
1356,LatinAmericaandtheCaribbean,1830,PapuaNewGuinea,598,0,1,1,1,1,2,1,0,0,0,0,1,2,1,0,1,1,1,0,0,0
1357,LatinAmericaandtheCaribbean,1830,SolomonIslands,90,0,0,0,1,1,2,1,0,0,0,0,0,0,0,0,0,0,1,1,2,1
1358,LatinAmericaandtheCaribbean,1830,Vanuatu,548,20,19,18,14,8,8,8,20,19,18,14,8,8,8,0,0,0,0,0,0,0
1359,LatinAmericaandtheCaribbean,1830,Guam,316,5,4,4,4,6,5,6,3,2,2,2,2,2,3,2,2,2,2,4,3,3
1360,LatinAmericaandtheCaribbean,1830,Kiribati,296,0,0,0,42,86,100,108,0,0,0,27,54,63,70,0,0,0,15,32,37,38
1361,LatinAmericaandtheCaribbean,1830,MarshallIslands,584,0,0,0,0,0,0,0,0,0,0,0,0,0,0,0,0,0,0,0,0,0
1362,LatinAmericaandtheCaribbean,1830,MicronesiaFedStatesof,583,9,9,9,8,4,4,4,0,0,0,0,0,0,0,9,9,9,8,4,4,4
1363,LatinAmericaandtheCaribbean,1830,Nauru,520,0,0,0,0,0,0,0,0,0,0,0,0,0,0,0,0,0,0,0,0,0
1364,LatinAmericaandtheCaribbean,1830,NorthernMarianaIslands,580,0,0,0,0,0,0,0,0,0,0,0,0,0,0,0,0,0,0,0,0,0
1365,LatinAmericaandtheCaribbean,1830,Palau,585,0,0,0,0,21,24,25,0,0,0,0,12,14,15,0,0,0,0,9,10,10
1366,LatinAmericaandtheCaribbean,1830,AmericanSamoa,16,0,0,0,0,0,0,0,0,0,0,0,0,0,0,0,0,0,0,0,0,0
1367,LatinAmericaandtheCaribbean,1830,CookIslands,184,9,10,11,10,9,8,8,3,3,3,3,2,2,2,6,7,8,7,7,6,6
1368,LatinAmericaandtheCaribbean,1830,FrenchPolynesia,258,0,0,0,0,0,0,0,0,0,0,0,0,0,0,0,0,0,0,0,0,0
1369,LatinAmericaandtheCaribbean,1830,Niue,570,0,41,81,41,1,2,1,0,21,41,20,0,0,0,0,20,40,21,1,2,1
1370,LatinAmericaandtheCaribbean,1830,Samoa,882,0,0,0,0,0,0,0,0,0,0,0,0,0,0,0,0,0,0,0,0,0
1371,LatinAmericaandtheCaribbean,1830,Tokelau,772,0,0,0,0,0,0,0,0,0,0,0,0,0,0,0,0,0,0,0,0,0
1372,LatinAmericaandtheCaribbean,1830,Tonga,776,0,1,1,1,0,0,0,0,0,0,0,0,0,0,0,1,1,1,0,0,0
1373,LatinAmericaandtheCaribbean,1830,Tuvalu,798,8,8,8,7,4,4,4,4,4,4,3,2,2,2,4,4,4,4,2,2,2
1374,LatinAmericaandtheCaribbean,1830,WallisandFutunaIslands,876,12,14,15,13,12,11,11,6,7,7,6,5,5,5,6,7,8,7,7,6,6
1375,OceaniaexcludingAustraliaandNewZealand,1835,SubSaharanAfrica,947,73,82,80,92,69,66,54,41,47,47,55,42,47,40,32,35,33,37,27,19,14
1376,OceaniaexcludingAustraliaandNewZealand,1835,NorthernAfricaandWesternAsia,1833,2143,2446,2737,2901,3008,2440,2546,1259,1418,1569,1667,1737,1329,1383,884,1028,1168,1234,1271,1111,1163
1377,OceaniaexcludingAustraliaandNewZealand,1835,CentralandSouthernAsia,921,5227,5431,5546,5496,5645,5849,6020,2827,3084,3300,3344,3343,3490,3613,2400,2347,2246,2152,2302,2359,2407
1378,OceaniaexcludingAustraliaandNewZealand,1835,EasternandSouthEasternAsia,1832,70540,81210,92451,91476,82438,80083,82715,38798,42255,44620,44293,41937,40628,41896,31742,38955,47831,47183,40501,39455,40819
1379,OceaniaexcludingAustraliaandNewZealand,1835,LatinAmericaandtheCaribbean,1830,1117,1327,1606,3473,4933,4861,5094,555,670,785,1698,2437,2407,2527,562,657,821,1775,2496,2454,2567
1380,OceaniaexcludingAustraliaandNewZealand,1835,OceaniaexcludingAustraliaandNewZealand,1835,55191,61890,68468,68242,65111,67700,69783,28327,31742,34827,34709,33223,34236,35269,26864,30148,33641,33533,31888,33464,34514
1381,OceaniaexcludingAustraliaandNewZealand,1835,AustraliaandNewZealand,927,25034,25995,22277,22675,21187,21043,21372,14104,14980,13087,13462,12581,12562,12745,10930,11015,9190,9213,8606,8481,8627
1382,OceaniaexcludingAustraliaandNewZealand,1835,EuropeandNorthernAmerica,1829,78727,80022,79730,85857,89303,97412,101312,47385,47333,46419,48572,49356,53803,55821,31342,32689,33311,37285,39947,43609,45491
1383,OceaniaexcludingAustraliaandNewZealand,1835,Developedregions,901,107527,109870,106042,112346,113822,121702,126045,63476,64350,61626,64067,63718,68106,70365,44051,45520,44416,48279,50104,53596,55680
1384,OceaniaexcludingAustraliaandNewZealand,1835,Lessdevelopedregions,902,130525,148533,166853,167866,157872,157752,162851,69820,77179,83028,83733,80938,80396,82929,60705,71354,83825,84133,76934,77356,79922
1385,OceaniaexcludingAustraliaandNewZealand,1835,Lessdevelopedregions,902,934,118368,135652,153335,154454,145626,146871,151564,63293,70199,75612,76321,74201,74618,76931,55075,65453,77723,78133,71425,72253
1386,OceaniaexcludingAustraliaandNewZealand,1835,Lessdevelopedregions,902,948,123205,135082,146514,152051,149117,149316,154219,66222,71998,76395,78441,77352,76854,79288,56983,63084,70119,73610,71765,72462
1387,OceaniaexcludingAustraliaandNewZealand,1835,Leastdevelopedcountries,941,12157,12881,13518,13412,12246,10881,11287,6527,6980,7416,7412,6737,5778,5998,5630,5901,6102,6000,5509,5103,5289
1388,OceaniaexcludingAustraliaandNewZealand,1835,LandlockedDevelopingCountriesLLDC,1636,671,788,918,944,908,715,749,377,443,517,523,476,343,357,294,345,401,421,432,372,392
1389,OceaniaexcludingAustraliaandNewZealand,1835,SmallislanddevelopingStatesSIDS,1637,50630,56649,62605,64216,62515,61289,62921,25936,29044,31822,32685,32002,31263,32112,24694,27605,30783,31531,30513,30026,30809
1390,OceaniaexcludingAustraliaandNewZealand,1835,Highincomecountries,1503,128132,131074,128149,135090,135164,142778,147904,73553,74910,72572,75335,74415,78747,81398,54579,56164,55577,59755,60749,64031,66506
1391,OceaniaexcludingAustraliaandNewZealand,1835,Middleincomecountries,1517,104084,120587,137107,137438,128840,125249,128897,56702,63149,68199,68641,66493,64281,66124,47382,57438,68908,68797,62347,60968,62773
1392,OceaniaexcludingAustraliaandNewZealand,1835,Uppermiddleincomecountries,1502,38847,46432,54884,52896,48238,48290,48703,20716,23066,24754,24158,24082,24102,24382,18131,23366,30130,28738,24156,24188,24321
1393,OceaniaexcludingAustraliaandNewZealand,1835,Lowermiddleincomecountries,1501,65237,74155,82223,84542,80602,76959,80194,35986,40083,43445,44483,42411,40179,41742,29251,34072,38778,40059,38191,36780,38452
1394,OceaniaexcludingAustraliaandNewZealand,1835,Lowincomecountries,1500,0,0,0,0,0,0,0,0,0,0,0,0,0,0,0,0,0,0,0,0,0
1395,OceaniaexcludingAustraliaandNewZealand,1835,EasternAfrica,910,73,82,80,92,69,66,54,41,47,47,55,42,47,40,32,35,33,37,27,19,14
1396,OceaniaexcludingAustraliaandNewZealand,1835,MiddleAfrica,911,0,0,0,0,0,0,0,0,0,0,0,0,0,0,0,0,0,0,0,0,0
1397,OceaniaexcludingAustraliaandNewZealand,1835,NorthernAfrica,912,2143,2446,2737,2901,3008,2440,2546,1259,1418,1569,1667,1737,1329,1383,884,1028,1168,1234,1271,1111,1163
1398,OceaniaexcludingAustraliaandNewZealand,1835,SouthernAfrica,913,0,0,0,0,0,0,0,0,0,0,0,0,0,0,0,0,0,0,0,0,0
1399,OceaniaexcludingAustraliaandNewZealand,1835,WesternAfrica,914,0,0,0,0,0,0,0,0,0,0,0,0,0,0,0,0,0,0,0,0,0
1400,OceaniaexcludingAustraliaandNewZealand,1835,CentralAsia,5500,0,0,0,0,0,0,0,0,0,0,0,0,0,0,0,0,0,0,0,0,0
1401,OceaniaexcludingAustraliaandNewZealand,1835,EasternAsia,906,17492,23049,29667,24927,16896,16335,16808,8809,10184,11511,9993,7743,7587,7830,8683,12865,18156,14934,9153,8748,8978
1402,OceaniaexcludingAustraliaandNewZealand,1835,SouthEasternAsia,920,53048,58161,62784,66549,65542,63748,65907,29989,32071,33109,34300,34194,33041,34066,23059,26090,29675,32249,31348,30707,31841
1403,OceaniaexcludingAustraliaandNewZealand,1835,SouthernAsia,5501,5227,5431,5546,5496,5645,5849,6020,2827,3084,3300,3344,3343,3490,3613,2400,2347,2246,2152,2302,2359,2407
1404,OceaniaexcludingAustraliaandNewZealand,1835,WesternAsia,922,0,0,0,0,0,0,0,0,0,0,0,0,0,0,0,0,0,0,0,0,0
1405,OceaniaexcludingAustraliaandNewZealand,1835,EasternEurope,923,41,42,31,31,26,26,25,26,27,22,23,20,21,22,15,15,9,8,6,5,3
1406,OceaniaexcludingAustraliaandNewZealand,1835,NorthernEurope,924,3537,3389,2624,2603,2329,2356,2372,1952,1816,1399,1469,1352,1381,1401,1585,1573,1225,1134,977,975,971
1407,OceaniaexcludingAustraliaandNewZealand,1835,SouthernEurope,925,529,599,668,706,725,598,617,379,426,471,501,514,414,427,150,173,197,205,211,184,190
1408,OceaniaexcludingAustraliaandNewZealand,1835,WesternEurope,926,38252,43269,47828,54830,60013,68250,71028,22907,25516,27867,31128,33535,38059,39484,15345,17753,19961,23702,26478,30191,31544
1409,OceaniaexcludingAustraliaandNewZealand,1835,Caribbean,915,1117,1327,1606,3473,4933,4861,5094,555,670,785,1698,2437,2407,2527,562,657,821,1775,2496,2454,2567
1410,OceaniaexcludingAustraliaandNewZealand,1835,CentralAmerica,916,0,0,0,0,0,0,0,0,0,0,0,0,0,0,0,0,0,0,0,0,0
1411,OceaniaexcludingAustraliaandNewZealand,1835,SouthAmerica,931,0,0,0,0,0,0,0,0,0,0,0,0,0,0,0,0,0,0,0,0,0
1412,OceaniaexcludingAustraliaandNewZealand,1835,Melanesia,928,10732,11692,12474,13106,13211,12281,12567,5601,6092,6451,6856,7009,6352,6515,5131,5600,6023,6250,6202,5929,6052
1413,OceaniaexcludingAustraliaandNewZealand,1835,Micronesia,954,15672,18146,20691,22304,21808,21672,22707,7670,9065,10288,11108,10958,10947,11445,8002,9081,10403,11196,10850,10725,11262
1414,OceaniaexcludingAustraliaandNewZealand,1835,Polynesia,957,28787,32052,35303,32832,30092,33747,34509,15056,16585,18088,16745,15256,16937,17309,13731,15467,17215,16087,14836,16810,17200
1415,OceaniaexcludingAustraliaandNewZealand,1835,Burundi,108,0,0,0,0,0,0,0,0,0,0,0,0,0,0,0,0,0,0,0,0,0
1416,OceaniaexcludingAustraliaandNewZealand,1835,Comoros,174,0,0,0,0,0,0,0,0,0,0,0,0,0,0,0,0,0,0,0,0,0
1417,OceaniaexcludingAustraliaandNewZealand,1835,Djibouti,262,0,0,0,0,0,0,0,0,0,0,0,0,0,0,0,0,0,0,0,0,0
1418,OceaniaexcludingAustraliaandNewZealand,1835,Eritrea,232,0,0,0,0,0,0,0,0,0,0,0,0,0,0,0,0,0,0,0,0,0
1419,OceaniaexcludingAustraliaandNewZealand,1835,Ethiopia,231,0,0,0,0,0,0,0,0,0,0,0,0,0,0,0,0,0,0,0,0,0
1420,OceaniaexcludingAustraliaandNewZealand,1835,Kenya,404,0,0,0,0,0,0,0,0,0,0,0,0,0,0,0,0,0,0,0,0,0
1421,OceaniaexcludingAustraliaandNewZealand,1835,Madagascar,450,0,0,0,0,0,0,0,0,0,0,0,0,0,0,0,0,0,0,0,0,0
1422,OceaniaexcludingAustraliaandNewZealand,1835,Malawi,454,0,0,0,0,0,0,0,0,0,0,0,0,0,0,0,0,0,0,0,0,0
1423,OceaniaexcludingAustraliaandNewZealand,1835,Mauritius,480,0,0,0,0,0,0,0,0,0,0,0,0,0,0,0,0,0,0,0,0,0
1424,OceaniaexcludingAustraliaandNewZealand,1835,Mayotte,175,35,44,52,58,41,38,27,19,24,28,30,23,26,18,16,20,24,28,18,12,9
1425,OceaniaexcludingAustraliaandNewZealand,1835,Mozambique,508,0,0,0,0,0,0,0,0,0,0,0,0,0,0,0,0,0,0,0,0,0
1426,OceaniaexcludingAustraliaandNewZealand,1835,Reunion,638,0,0,0,0,0,0,0,0,0,0,0,0,0,0,0,0,0,0,0,0,0
1427,OceaniaexcludingAustraliaandNewZealand,1835,Rwanda,646,0,0,0,0,0,0,0,0,0,0,0,0,0,0,0,0,0,0,0,0,0
1428,OceaniaexcludingAustraliaandNewZealand,1835,Seychelles,690,0,0,0,0,0,0,0,0,0,0,0,0,0,0,0,0,0,0,0,0,0
1429,OceaniaexcludingAustraliaandNewZealand,1835,Somalia,706,0,0,0,0,0,0,0,0,0,0,0,0,0,0,0,0,0,0,0,0,0
1430,OceaniaexcludingAustraliaandNewZealand,1835,SouthSudan,728,0,0,0,0,0,0,0,0,0,0,0,0,0,0,0,0,0,0,0,0,0
1431,OceaniaexcludingAustraliaandNewZealand,1835,Uganda,800,0,0,0,0,0,0,0,0,0,0,0,0,0,0,0,0,0,0,0,0,0
1432,OceaniaexcludingAustraliaandNewZealand,1835,UnitedRepublicofTanzania,834,38,38,28,34,28,28,27,22,23,19,25,19,21,22,16,15,9,9,9,7,5
1433,OceaniaexcludingAustraliaandNewZealand,1835,Zambia,894,0,0,0,0,0,0,0,0,0,0,0,0,0,0,0,0,0,0,0,0,0
1434,OceaniaexcludingAustraliaandNewZealand,1835,Zimbabwe,716,0,0,0,0,0,0,0,0,0,0,0,0,0,0,0,0,0,0,0,0,0
1435,OceaniaexcludingAustraliaandNewZealand,1835,Angola,24,0,0,0,0,0,0,0,0,0,0,0,0,0,0,0,0,0,0,0,0,0
1436,OceaniaexcludingAustraliaandNewZealand,1835,Cameroon,120,0,0,0,0,0,0,0,0,0,0,0,0,0,0,0,0,0,0,0,0,0
1437,OceaniaexcludingAustraliaandNewZealand,1835,CentralAfricanRepublic,140,0,0,0,0,0,0,0,0,0,0,0,0,0,0,0,0,0,0,0,0,0
1438,OceaniaexcludingAustraliaandNewZealand,1835,Chad,148,0,0,0,0,0,0,0,0,0,0,0,0,0,0,0,0,0,0,0,0,0
1439,OceaniaexcludingAustraliaandNewZealand,1835,Congo,178,0,0,0,0,0,0,0,0,0,0,0,0,0,0,0,0,0,0,0,0,0
1440,OceaniaexcludingAustraliaandNewZealand,1835,DemocraticRepublicoftheCongo,180,0,0,0,0,0,0,0,0,0,0,0,0,0,0,0,0,0,0,0,0,0
1441,OceaniaexcludingAustraliaandNewZealand,1835,EquatorialGuinea,226,0,0,0,0,0,0,0,0,0,0,0,0,0,0,0,0,0,0,0,0,0
1442,OceaniaexcludingAustraliaandNewZealand,1835,Gabon,266,0,0,0,0,0,0,0,0,0,0,0,0,0,0,0,0,0,0,0,0,0
1443,OceaniaexcludingAustraliaandNewZealand,1835,SaoTomeandPrincipe,678,0,0,0,0,0,0,0,0,0,0,0,0,0,0,0,0,0,0,0,0,0
1444,OceaniaexcludingAustraliaandNewZealand,1835,Algeria,12,1118,1258,1386,1462,1480,1267,1302,677,751,817,864,882,731,749,441,507,569,598,598,536,553
1445,OceaniaexcludingAustraliaandNewZealand,1835,Egypt,818,0,0,0,0,0,0,0,0,0,0,0,0,0,0,0,0,0,0,0,0,0
1446,OceaniaexcludingAustraliaandNewZealand,1835,Libya,434,0,0,0,0,0,0,0,0,0,0,0,0,0,0,0,0,0,0,0,0,0
1447,OceaniaexcludingAustraliaandNewZealand,1835,Morocco,504,479,555,631,672,714,548,581,274,314,354,378,403,282,299,205,241,277,294,311,266,282
1448,OceaniaexcludingAustraliaandNewZealand,1835,Sudan,729,0,0,0,0,0,0,0,0,0,0,0,0,0,0,0,0,0,0,0,0,0
1449,OceaniaexcludingAustraliaandNewZealand,1835,Tunisia,788,546,633,720,767,814,625,663,308,353,398,425,452,316,335,238,280,322,342,362,309,328
1450,OceaniaexcludingAustraliaandNewZealand,1835,WesternSahara,732,0,0,0,0,0,0,0,0,0,0,0,0,0,0,0,0,0,0,0,0,0
1451,OceaniaexcludingAustraliaandNewZealand,1835,Botswana,72,0,0,0,0,0,0,0,0,0,0,0,0,0,0,0,0,0,0,0,0,0
1452,OceaniaexcludingAustraliaandNewZealand,1835,Eswatini,748,0,0,0,0,0,0,0,0,0,0,0,0,0,0,0,0,0,0,0,0,0
1453,OceaniaexcludingAustraliaandNewZealand,1835,Lesotho,426,0,0,0,0,0,0,0,0,0,0,0,0,0,0,0,0,0,0,0,0,0
1454,OceaniaexcludingAustraliaandNewZealand,1835,Namibia,516,0,0,0,0,0,0,0,0,0,0,0,0,0,0,0,0,0,0,0,0,0
1455,OceaniaexcludingAustraliaandNewZealand,1835,SouthAfrica,710,0,0,0,0,0,0,0,0,0,0,0,0,0,0,0,0,0,0,0,0,0
1456,OceaniaexcludingAustraliaandNewZealand,1835,Benin,204,0,0,0,0,0,0,0,0,0,0,0,0,0,0,0,0,0,0,0,0,0
1457,OceaniaexcludingAustraliaandNewZealand,1835,BurkinaFaso,854,0,0,0,0,0,0,0,0,0,0,0,0,0,0,0,0,0,0,0,0,0
1458,OceaniaexcludingAustraliaandNewZealand,1835,CaboVerde,132,0,0,0,0,0,0,0,0,0,0,0,0,0,0,0,0,0,0,0,0,0
1459,OceaniaexcludingAustraliaandNewZealand,1835,CotedIvoire,384,0,0,0,0,0,0,0,0,0,0,0,0,0,0,0,0,0,0,0,0,0
1460,OceaniaexcludingAustraliaandNewZealand,1835,Gambia,270,0,0,0,0,0,0,0,0,0,0,0,0,0,0,0,0,0,0,0,0,0
1461,OceaniaexcludingAustraliaandNewZealand,1835,Ghana,288,0,0,0,0,0,0,0,0,0,0,0,0,0,0,0,0,0,0,0,0,0
1462,OceaniaexcludingAustraliaandNewZealand,1835,Guinea,324,0,0,0,0,0,0,0,0,0,0,0,0,0,0,0,0,0,0,0,0,0
1463,OceaniaexcludingAustraliaandNewZealand,1835,GuineaBissau,624,0,0,0,0,0,0,0,0,0,0,0,0,0,0,0,0,0,0,0,0,0
1464,OceaniaexcludingAustraliaandNewZealand,1835,Liberia,430,0,0,0,0,0,0,0,0,0,0,0,0,0,0,0,0,0,0,0,0,0
1465,OceaniaexcludingAustraliaandNewZealand,1835,Mali,466,0,0,0,0,0,0,0,0,0,0,0,0,0,0,0,0,0,0,0,0,0
1466,OceaniaexcludingAustraliaandNewZealand,1835,Mauritania,478,0,0,0,0,0,0,0,0,0,0,0,0,0,0,0,0,0,0,0,0,0
1467,OceaniaexcludingAustraliaandNewZealand,1835,Niger,562,0,0,0,0,0,0,0,0,0,0,0,0,0,0,0,0,0,0,0,0,0
1468,OceaniaexcludingAustraliaandNewZealand,1835,Nigeria,566,0,0,0,0,0,0,0,0,0,0,0,0,0,0,0,0,0,0,0,0,0
1469,OceaniaexcludingAustraliaandNewZealand,1835,SaintHelena,654,0,0,0,0,0,0,0,0,0,0,0,0,0,0,0,0,0,0,0,0,0
1470,OceaniaexcludingAustraliaandNewZealand,1835,Senegal,686,0,0,0,0,0,0,0,0,0,0,0,0,0,0,0,0,0,0,0,0,0
1471,OceaniaexcludingAustraliaandNewZealand,1835,SierraLeone,694,0,0,0,0,0,0,0,0,0,0,0,0,0,0,0,0,0,0,0,0,0
1472,OceaniaexcludingAustraliaandNewZealand,1835,Togo,768,0,0,0,0,0,0,0,0,0,0,0,0,0,0,0,0,0,0,0,0,0
1473,OceaniaexcludingAustraliaandNewZealand,1835,Kazakhstan,398,0,0,0,0,0,0,0,0,0,0,0,0,0,0,0,0,0,0,0,0,0
1474,OceaniaexcludingAustraliaandNewZealand,1835,Kyrgyzstan,417,0,0,0,0,0,0,0,0,0,0,0,0,0,0,0,0,0,0,0,0,0
1475,OceaniaexcludingAustraliaandNewZealand,1835,Tajikistan,762,0,0,0,0,0,0,0,0,0,0,0,0,0,0,0,0,0,0,0,0,0
1476,OceaniaexcludingAustraliaandNewZealand,1835,Turkmenistan,795,0,0,0,0,0,0,0,0,0,0,0,0,0,0,0,0,0,0,0,0,0
1477,OceaniaexcludingAustraliaandNewZealand,1835,Uzbekistan,860,0,0,0,0,0,0,0,0,0,0,0,0,0,0,0,0,0,0,0,0,0
1478,OceaniaexcludingAustraliaandNewZealand,1835,China,156,7312,13444,20331,15800,8737,8415,8612,3595,5177,6629,5283,3573,3528,3627,3717,8267,13702,10517,5164,4887,4985
1479,OceaniaexcludingAustraliaandNewZealand,1835,China,156,344,8,7,8,15,18,21,20,3,4,4,9,13,14,14,5,3,4,6,5,7
1480,OceaniaexcludingAustraliaandNewZealand,1835,China,156,446,0,0,0,0,0,0,0,0,0,0,0,0,0,0,0,0,0,0,0,0
1481,OceaniaexcludingAustraliaandNewZealand,1835,China,156,158,0,0,0,0,0,0,0,0,0,0,0,0,0,0,0,0,0,0,0,0
1482,OceaniaexcludingAustraliaandNewZealand,1835,DemPeoplesRepublicofKorea,408,0,0,0,0,0,0,0,0,0,0,0,0,0,0,0,0,0,0,0,0,0
1483,OceaniaexcludingAustraliaandNewZealand,1835,Japan,392,3766,3853,4035,3814,3332,3247,3361,1987,2037,2120,2033,1781,1741,1799,1779,1816,1915,1781,1551,1506,1562
1484,OceaniaexcludingAustraliaandNewZealand,1835,Mongolia,496,0,0,0,0,0,0,0,0,0,0,0,0,0,0,0,0,0,0,0,0,0
1485,OceaniaexcludingAustraliaandNewZealand,1835,RepublicofKorea,410,6406,5745,5293,5298,4809,4652,4815,3224,2966,2758,2668,2376,2304,2390,3182,2779,2535,2630,2433,2348,2425
1486,OceaniaexcludingAustraliaandNewZealand,1835,BruneiDarussalam,96,0,0,0,0,0,0,0,0,0,0,0,0,0,0,0,0,0,0,0,0,0
1487,OceaniaexcludingAustraliaandNewZealand,1835,Cambodia,116,482,558,635,676,718,551,584,231,263,295,316,338,226,239,251,295,340,360,380,325,345
1488,OceaniaexcludingAustraliaandNewZealand,1835,Indonesia,360,9027,8343,7841,11049,14532,14551,14670,5233,4971,4256,5431,7712,7526,7620,3794,3372,3585,5618,6820,7025,7050
1489,OceaniaexcludingAustraliaandNewZealand,1835,LaoPeoplesDemocraticRepublic,418,515,597,679,723,768,590,625,247,282,316,339,362,242,256,268,315,363,384,406,348,369
1490,OceaniaexcludingAustraliaandNewZealand,1835,Malaysia,458,248,249,213,210,194,187,183,190,189,165,143,111,109,109,58,60,48,67,83,78,74
1491,OceaniaexcludingAustraliaandNewZealand,1835,Myanmar,104,0,0,0,0,0,0,0,0,0,0,0,0,0,0,0,0,0,0,0,0,0
1492,OceaniaexcludingAustraliaandNewZealand,1835,Philippines,608,41853,47310,52151,52565,47963,46670,48595,23646,25844,27475,27424,24989,24376,25256,18207,21466,24676,25141,22974,22294,23339
1493,OceaniaexcludingAustraliaandNewZealand,1835,Singapore,702,71,72,53,61,51,51,50,50,48,35,41,32,33,34,21,24,18,20,19,18,16
1494,OceaniaexcludingAustraliaandNewZealand,1835,Thailand,764,0,0,0,0,0,0,0,0,0,0,0,0,0,0,0,0,0,0,0,0,0
1495,OceaniaexcludingAustraliaandNewZealand,1835,TimorLeste,626,0,0,0,0,0,0,0,0,0,0,0,0,0,0,0,0,0,0,0,0,0
1496,OceaniaexcludingAustraliaandNewZealand,1835,VietNam,704,852,1032,1212,1265,1316,1148,1200,392,474,567,606,650,529,552,460,558,645,659,666,619,648
1497,OceaniaexcludingAustraliaandNewZealand,1835,Afghanistan,4,0,0,0,0,0,0,0,0,0,0,0,0,0,0,0,0,0,0,0,0,0
1498,OceaniaexcludingAustraliaandNewZealand,1835,Bangladesh,50,1802,1924,2070,1933,1739,1736,1769,1075,1217,1397,1322,1101,1090,1109,727,707,673,611,638,646,660
1499,OceaniaexcludingAustraliaandNewZealand,1835,Bhutan,64,0,0,0,0,0,0,0,0,0,0,0,0,0,0,0,0,0,0,0,0,0
1500,OceaniaexcludingAustraliaandNewZealand,1835,India,356,1857,1814,1692,1599,1670,1674,1692,896,917,884,894,936,947,959,961,897,808,705,734,727,733
1501,OceaniaexcludingAustraliaandNewZealand,1835,IranIslamicRepublicof,364,0,0,0,0,31,372,356,0,0,0,0,23,274,268,0,0,0,0,8,98,88
1502,OceaniaexcludingAustraliaandNewZealand,1835,Maldives,462,0,0,0,0,0,0,0,0,0,0,0,0,0,0,0,0,0,0,0,0,0
1503,OceaniaexcludingAustraliaandNewZealand,1835,Nepal,524,156,191,239,221,140,125,124,130,161,201,184,114,101,101,26,30,38,37,26,24,23
1504,OceaniaexcludingAustraliaandNewZealand,1835,Pakistan,586,1294,1382,1456,1650,1771,1824,1867,653,708,750,871,946,984,1008,641,674,706,779,825,840,859
1505,OceaniaexcludingAustraliaandNewZealand,1835,SriLanka,144,118,120,89,93,294,118,212,73,81,68,73,223,94,168,45,39,21,20,71,24,44
1506,OceaniaexcludingAustraliaandNewZealand,1835,Armenia,51,0,0,0,0,0,0,0,0,0,0,0,0,0,0,0,0,0,0,0,0,0
1507,OceaniaexcludingAustraliaandNewZealand,1835,Azerbaijan,31,0,0,0,0,0,0,0,0,0,0,0,0,0,0,0,0,0,0,0,0,0
1508,OceaniaexcludingAustraliaandNewZealand,1835,Bahrain,48,0,0,0,0,0,0,0,0,0,0,0,0,0,0,0,0,0,0,0,0,0
1509,OceaniaexcludingAustraliaandNewZealand,1835,Cyprus,196,0,0,0,0,0,0,0,0,0,0,0,0,0,0,0,0,0,0,0,0,0
1510,OceaniaexcludingAustraliaandNewZealand,1835,Georgia,268,0,0,0,0,0,0,0,0,0,0,0,0,0,0,0,0,0,0,0,0,0
1511,OceaniaexcludingAustraliaandNewZealand,1835,Iraq,368,0,0,0,0,0,0,0,0,0,0,0,0,0,0,0,0,0,0,0,0,0
1512,OceaniaexcludingAustraliaandNewZealand,1835,Israel,376,0,0,0,0,0,0,0,0,0,0,0,0,0,0,0,0,0,0,0,0,0
1513,OceaniaexcludingAustraliaandNewZealand,1835,Jordan,400,0,0,0,0,0,0,0,0,0,0,0,0,0,0,0,0,0,0,0,0,0
1514,OceaniaexcludingAustraliaandNewZealand,1835,Kuwait,414,0,0,0,0,0,0,0,0,0,0,0,0,0,0,0,0,0,0,0,0,0
1515,OceaniaexcludingAustraliaandNewZealand,1835,Lebanon,422,0,0,0,0,0,0,0,0,0,0,0,0,0,0,0,0,0,0,0,0,0
1516,OceaniaexcludingAustraliaandNewZealand,1835,Oman,512,0,0,0,0,0,0,0,0,0,0,0,0,0,0,0,0,0,0,0,0,0
1517,OceaniaexcludingAustraliaandNewZealand,1835,Qatar,634,0,0,0,0,0,0,0,0,0,0,0,0,0,0,0,0,0,0,0,0,0
1518,OceaniaexcludingAustraliaandNewZealand,1835,SaudiArabia,682,0,0,0,0,0,0,0,0,0,0,0,0,0,0,0,0,0,0,0,0,0
1519,OceaniaexcludingAustraliaandNewZealand,1835,StateofPalestine,275,0,0,0,0,0,0,0,0,0,0,0,0,0,0,0,0,0,0,0,0,0
1520,OceaniaexcludingAustraliaandNewZealand,1835,SyrianArabRepublic,760,0,0,0,0,0,0,0,0,0,0,0,0,0,0,0,0,0,0,0,0,0
1521,OceaniaexcludingAustraliaandNewZealand,1835,Turkey,792,0,0,0,0,0,0,0,0,0,0,0,0,0,0,0,0,0,0,0,0,0
1522,OceaniaexcludingAustraliaandNewZealand,1835,UnitedArabEmirates,784,0,0,0,0,0,0,0,0,0,0,0,0,0,0,0,0,0,0,0,0,0
1523,OceaniaexcludingAustraliaandNewZealand,1835,Yemen,887,0,0,0,0,0,0,0,0,0,0,0,0,0,0,0,0,0,0,0,0,0
1524,OceaniaexcludingAustraliaandNewZealand,1835,Belarus,112,0,0,0,0,0,0,0,0,0,0,0,0,0,0,0,0,0,0,0,0,0
1525,OceaniaexcludingAustraliaandNewZealand,1835,Bulgaria,100,0,0,0,0,0,0,0,0,0,0,0,0,0,0,0,0,0,0,0,0,0
1526,OceaniaexcludingAustraliaandNewZealand,1835,Czechia,203,0,0,0,0,0,0,0,0,0,0,0,0,0,0,0,0,0,0,0,0,0
1527,OceaniaexcludingAustraliaandNewZealand,1835,Hungary,348,0,0,0,0,0,0,0,0,0,0,0,0,0,0,0,0,0,0,0,0,0
1528,OceaniaexcludingAustraliaandNewZealand,1835,Poland,616,0,0,0,0,0,0,0,0,0,0,0,0,0,0,0,0,0,0,0,0,0
1529,OceaniaexcludingAustraliaandNewZealand,1835,RepublicofMoldova,498,0,0,0,0,0,0,0,0,0,0,0,0,0,0,0,0,0,0,0,0,0
1530,OceaniaexcludingAustraliaandNewZealand,1835,Romania,642,0,0,0,0,0,0,0,0,0,0,0,0,0,0,0,0,0,0,0,0,0
1531,OceaniaexcludingAustraliaandNewZealand,1835,RussianFederation,643,41,42,31,31,26,26,25,26,27,22,23,20,21,22,15,15,9,8,6,5,3
1532,OceaniaexcludingAustraliaandNewZealand,1835,Slovakia,703,0,0,0,0,0,0,0,0,0,0,0,0,0,0,0,0,0,0,0,0,0
1533,OceaniaexcludingAustraliaandNewZealand,1835,Ukraine,804,0,0,0,0,0,0,0,0,0,0,0,0,0,0,0,0,0,0,0,0,0
1534,OceaniaexcludingAustraliaandNewZealand,1835,ChannelIslands,830,0,0,0,0,0,0,0,0,0,0,0,0,0,0,0,0,0,0,0,0,0
1535,OceaniaexcludingAustraliaandNewZealand,1835,Denmark,208,0,0,0,0,0,0,0,0,0,0,0,0,0,0,0,0,0,0,0,0,0
1536,OceaniaexcludingAustraliaandNewZealand,1835,Estonia,233,0,0,0,0,0,0,0,0,0,0,0,0,0,0,0,0,0,0,0,0,0
1537,OceaniaexcludingAustraliaandNewZealand,1835,FaroeIslands,234,0,0,0,0,0,0,0,0,0,0,0,0,0,0,0,0,0,0,0,0,0
1538,OceaniaexcludingAustraliaandNewZealand,1835,Finland,246,0,0,0,0,0,0,0,0,0,0,0,0,0,0,0,0,0,0,0,0,0
1539,OceaniaexcludingAustraliaandNewZealand,1835,Iceland,352,0,0,0,0,0,0,0,0,0,0,0,0,0,0,0,0,0,0,0,0,0
1540,OceaniaexcludingAustraliaandNewZealand,1835,Ireland,372,67,68,50,50,42,42,41,35,33,20,22,19,20,21,32,35,30,28,23,22,20
1541,OceaniaexcludingAustraliaandNewZealand,1835,IsleofMan,833,0,0,0,0,0,0,0,0,0,0,0,0,0,0,0,0,0,0,0,0,0
1542,OceaniaexcludingAustraliaandNewZealand,1835,Latvia,428,0,0,0,0,0,0,0,0,0,0,0,0,0,0,0,0,0,0,0,0,0
1543,OceaniaexcludingAustraliaandNewZealand,1835,Lithuania,440,0,0,0,0,0,0,0,0,0,0,0,0,0,0,0,0,0,0,0,0,0
1544,OceaniaexcludingAustraliaandNewZealand,1835,Norway,578,0,0,0,0,0,0,0,0,0,0,0,0,0,0,0,0,0,0,0,0,0
1545,OceaniaexcludingAustraliaandNewZealand,1835,Sweden,752,0,0,0,0,0,0,0,0,0,0,0,0,0,0,0,0,0,0,0,0,0
1546,OceaniaexcludingAustraliaandNewZealand,1835,UnitedKingdom,826,3470,3321,2574,2553,2287,2314,2331,1917,1783,1379,1447,1333,1361,1380,1553,1538,1195,1106,954,953,951
1547,OceaniaexcludingAustraliaandNewZealand,1835,Albania,8,0,0,0,0,0,0,0,0,0,0,0,0,0,0,0,0,0,0,0,0,0
1548,OceaniaexcludingAustraliaandNewZealand,1835,Andorra,20,0,0,0,0,0,0,0,0,0,0,0,0,0,0,0,0,0,0,0,0,0
1549,OceaniaexcludingAustraliaandNewZealand,1835,BosniaandHerzegovina,70,0,0,0,0,0,0,0,0,0,0,0,0,0,0,0,0,0,0,0,0,0
1550,OceaniaexcludingAustraliaandNewZealand,1835,Croatia,191,0,0,0,0,0,0,0,0,0,0,0,0,0,0,0,0,0,0,0,0,0
1551,OceaniaexcludingAustraliaandNewZealand,1835,Gibraltar,292,0,0,0,0,0,0,0,0,0,0,0,0,0,0,0,0,0,0,0,0,0
1552,OceaniaexcludingAustraliaandNewZealand,1835,Greece,300,0,0,0,0,0,0,0,0,0,0,0,0,0,0,0,0,0,0,0,0,0
1553,OceaniaexcludingAustraliaandNewZealand,1835,HolySee,336,0,0,0,0,0,0,0,0,0,0,0,0,0,0,0,0,0,0,0,0,0
1554,OceaniaexcludingAustraliaandNewZealand,1835,Italy,380,363,411,459,486,500,411,425,273,307,341,363,374,301,311,90,104,118,123,126,110,114
1555,OceaniaexcludingAustraliaandNewZealand,1835,Malta,470,0,0,0,0,0,0,0,0,0,0,0,0,0,0,0,0,0,0,0,0,0
1556,OceaniaexcludingAustraliaandNewZealand,1835,Montenegro,499,0,0,0,0,0,0,0,0,0,0,0,0,0,0,0,0,0,0,0,0,0
1557,OceaniaexcludingAustraliaandNewZealand,1835,NorthMacedonia,807,0,0,0,0,0,0,0,0,0,0,0,0,0,0,0,0,0,0,0,0,0
1558,OceaniaexcludingAustraliaandNewZealand,1835,Portugal,620,0,0,0,0,0,0,0,0,0,0,0,0,0,0,0,0,0,0,0,0,0
1559,OceaniaexcludingAustraliaandNewZealand,1835,SanMarino,674,0,0,0,0,0,0,0,0,0,0,0,0,0,0,0,0,0,0,0,0,0
1560,OceaniaexcludingAustraliaandNewZealand,1835,Serbia,688,0,0,0,0,0,0,0,0,0,0,0,0,0,0,0,0,0,0,0,0,0
1561,OceaniaexcludingAustraliaandNewZealand,1835,Slovenia,705,0,0,0,0,0,0,0,0,0,0,0,0,0,0,0,0,0,0,0,0,0
1562,OceaniaexcludingAustraliaandNewZealand,1835,Spain,724,166,188,209,220,225,187,192,106,119,130,138,140,113,116,60,69,79,82,85,74,76
1563,OceaniaexcludingAustraliaandNewZealand,1835,Austria,40,0,0,0,0,0,0,0,0,0,0,0,0,0,0,0,0,0,0,0,0,0
1564,OceaniaexcludingAustraliaandNewZealand,1835,Belgium,56,0,0,0,0,0,0,0,0,0,0,0,0,0,0,0,0,0,0,0,0,0
1565,OceaniaexcludingAustraliaandNewZealand,1835,France,250,37781,42746,47261,54242,59445,67716,70496,22560,25134,27457,30700,33118,37666,39091,15221,17612,19804,23542,26327,30050,31405
1566,OceaniaexcludingAustraliaandNewZealand,1835,Germany,276,354,395,430,443,424,397,394,245,270,291,302,292,274,273,109,125,139,141,132,123,121
1567,OceaniaexcludingAustraliaandNewZealand,1835,Liechtenstein,438,0,0,0,0,0,0,0,0,0,0,0,0,0,0,0,0,0,0,0,0,0
1568,OceaniaexcludingAustraliaandNewZealand,1835,Luxembourg,442,0,0,0,0,0,0,0,0,0,0,0,0,0,0,0,0,0,0,0,0,0
1569,OceaniaexcludingAustraliaandNewZealand,1835,Monaco,492,0,0,0,0,0,0,0,0,0,0,0,0,0,0,0,0,0,0,0,0,0
1570,OceaniaexcludingAustraliaandNewZealand,1835,Netherlands,528,10,11,11,14,17,17,18,8,9,9,11,13,13,14,2,2,2,3,4,4,4
1571,OceaniaexcludingAustraliaandNewZealand,1835,Switzerland,756,107,117,126,131,127,120,120,94,103,110,115,112,106,106,13,14,16,16,15,14,14
1572,OceaniaexcludingAustraliaandNewZealand,1835,Anguilla,660,0,0,0,0,0,0,0,0,0,0,0,0,0,0,0,0,0,0,0,0,0
1573,OceaniaexcludingAustraliaandNewZealand,1835,AntiguaandBarbuda,28,0,0,0,0,0,0,0,0,0,0,0,0,0,0,0,0,0,0,0,0,0
1574,OceaniaexcludingAustraliaandNewZealand,1835,Aruba,533,0,0,0,0,0,0,0,0,0,0,0,0,0,0,0,0,0,0,0,0,0
1575,OceaniaexcludingAustraliaandNewZealand,1835,Bahamas,44,0,0,0,0,0,0,0,0,0,0,0,0,0,0,0,0,0,0,0,0,0
1576,OceaniaexcludingAustraliaandNewZealand,1835,Barbados,52,0,0,0,0,0,0,0,0,0,0,0,0,0,0,0,0,0,0,0,0,0
1577,OceaniaexcludingAustraliaandNewZealand,1835,Bonaire,16,535,0,0,0,0,0,0,0,0,0,0,0,0,0,0,0,0,0,0,0,0
1578,OceaniaexcludingAustraliaandNewZealand,1835,BritishVirginIslands,92,0,0,0,0,0,0,0,0,0,0,0,0,0,0,0,0,0,0,0,0,0
1579,OceaniaexcludingAustraliaandNewZealand,1835,CaymanIslands,136,0,0,0,0,0,0,0,0,0,0,0,0,0,0,0,0,0,0,0,0,0
1580,OceaniaexcludingAustraliaandNewZealand,1835,Cuba,192,0,0,0,0,0,0,0,0,0,0,0,0,0,0,0,0,0,0,0,0,0
1581,OceaniaexcludingAustraliaandNewZealand,1835,CuraÃao,531,0,0,0,0,0,0,0,0,0,0,0,0,0,0,0,0,0,0,0,0,0
1582,OceaniaexcludingAustraliaandNewZealand,1835,Dominica,212,0,0,0,0,0,0,0,0,0,0,0,0,0,0,0,0,0,0,0,0,0
1583,OceaniaexcludingAustraliaandNewZealand,1835,DominicanRepublic,214,0,0,0,0,0,0,0,0,0,0,0,0,0,0,0,0,0,0,0,0,0
1584,OceaniaexcludingAustraliaandNewZealand,1835,Grenada,308,0,0,0,0,0,0,0,0,0,0,0,0,0,0,0,0,0,0,0,0,0
1585,OceaniaexcludingAustraliaandNewZealand,1835,Guadeloupe,312,0,0,0,0,0,0,0,0,0,0,0,0,0,0,0,0,0,0,0,0,0
1586,OceaniaexcludingAustraliaandNewZealand,1835,Haiti,332,0,0,0,0,0,0,0,0,0,0,0,0,0,0,0,0,0,0,0,0,0
1587,OceaniaexcludingAustraliaandNewZealand,1835,Jamaica,388,0,0,0,0,0,0,0,0,0,0,0,0,0,0,0,0,0,0,0,0,0
1588,OceaniaexcludingAustraliaandNewZealand,1835,Martinique,474,0,0,0,0,0,0,0,0,0,0,0,0,0,0,0,0,0,0,0,0,0
1589,OceaniaexcludingAustraliaandNewZealand,1835,Montserrat,500,0,0,0,0,0,0,0,0,0,0,0,0,0,0,0,0,0,0,0,0,0
1590,OceaniaexcludingAustraliaandNewZealand,1835,PuertoRico,630,1117,1327,1606,3473,4933,4861,5094,555,670,785,1698,2437,2407,2527,562,657,821,1775,2496,2454,2567
1591,OceaniaexcludingAustraliaandNewZealand,1835,SaintBarthelemy,652,0,0,0,0,0,0,0,0,0,0,0,0,0,0,0,0,0,0,0,0,0
1592,OceaniaexcludingAustraliaandNewZealand,1835,SaintKittsandNevis,659,0,0,0,0,0,0,0,0,0,0,0,0,0,0,0,0,0,0,0,0,0
1593,OceaniaexcludingAustraliaandNewZealand,1835,SaintLucia,662,0,0,0,0,0,0,0,0,0,0,0,0,0,0,0,0,0,0,0,0,0
1594,OceaniaexcludingAustraliaandNewZealand,1835,SaintMartinFrenchpart,663,0,0,0,0,0,0,0,0,0,0,0,0,0,0,0,0,0,0,0,0,0
1595,OceaniaexcludingAustraliaandNewZealand,1835,SaintVincentandtheGrenadines,670,0,0,0,0,0,0,0,0,0,0,0,0,0,0,0,0,0,0,0,0,0
1596,OceaniaexcludingAustraliaandNewZealand,1835,SintMaartenDutchpart,534,0,0,0,0,0,0,0,0,0,0,0,0,0,0,0,0,0,0,0,0,0
1597,OceaniaexcludingAustraliaandNewZealand,1835,TrinidadandTobago,780,0,0,0,0,0,0,0,0,0,0,0,0,0,0,0,0,0,0,0,0,0
1598,OceaniaexcludingAustraliaandNewZealand,1835,TurksandCaicosIslands,796,0,0,0,0,0,0,0,0,0,0,0,0,0,0,0,0,0,0,0,0,0
1599,OceaniaexcludingAustraliaandNewZealand,1835,UnitedStatesVirginIslands,850,0,0,0,0,0,0,0,0,0,0,0,0,0,0,0,0,0,0,0,0,0
1600,OceaniaexcludingAustraliaandNewZealand,1835,Belize,84,0,0,0,0,0,0,0,0,0,0,0,0,0,0,0,0,0,0,0,0,0
1601,OceaniaexcludingAustraliaandNewZealand,1835,CostaRica,188,0,0,0,0,0,0,0,0,0,0,0,0,0,0,0,0,0,0,0,0,0
1602,OceaniaexcludingAustraliaandNewZealand,1835,ElSalvador,222,0,0,0,0,0,0,0,0,0,0,0,0,0,0,0,0,0,0,0,0,0
1603,OceaniaexcludingAustraliaandNewZealand,1835,Guatemala,320,0,0,0,0,0,0,0,0,0,0,0,0,0,0,0,0,0,0,0,0,0
1604,OceaniaexcludingAustraliaandNewZealand,1835,Honduras,340,0,0,0,0,0,0,0,0,0,0,0,0,0,0,0,0,0,0,0,0,0
1605,OceaniaexcludingAustraliaandNewZealand,1835,Mexico,484,0,0,0,0,0,0,0,0,0,0,0,0,0,0,0,0,0,0,0,0,0
1606,OceaniaexcludingAustraliaandNewZealand,1835,Nicaragua,558,0,0,0,0,0,0,0,0,0,0,0,0,0,0,0,0,0,0,0,0,0
1607,OceaniaexcludingAustraliaandNewZealand,1835,Panama,591,0,0,0,0,0,0,0,0,0,0,0,0,0,0,0,0,0,0,0,0,0
1608,OceaniaexcludingAustraliaandNewZealand,1835,Argentina,32,0,0,0,0,0,0,0,0,0,0,0,0,0,0,0,0,0,0,0,0,0
1609,OceaniaexcludingAustraliaandNewZealand,1835,BoliviaPlurinationalStateof,68,0,0,0,0,0,0,0,0,0,0,0,0,0,0,0,0,0,0,0,0,0
1610,OceaniaexcludingAustraliaandNewZealand,1835,Brazil,76,0,0,0,0,0,0,0,0,0,0,0,0,0,0,0,0,0,0,0,0,0
1611,OceaniaexcludingAustraliaandNewZealand,1835,Chile,152,0,0,0,0,0,0,0,0,0,0,0,0,0,0,0,0,0,0,0,0,0
1612,OceaniaexcludingAustraliaandNewZealand,1835,Colombia,170,0,0,0,0,0,0,0,0,0,0,0,0,0,0,0,0,0,0,0,0,0
1613,OceaniaexcludingAustraliaandNewZealand,1835,Ecuador,218,0,0,0,0,0,0,0,0,0,0,0,0,0,0,0,0,0,0,0,0,0
1614,OceaniaexcludingAustraliaandNewZealand,1835,FalklandIslandsMalvinas,238,0,0,0,0,0,0,0,0,0,0,0,0,0,0,0,0,0,0,0,0,0
1615,OceaniaexcludingAustraliaandNewZealand,1835,FrenchGuiana,254,0,0,0,0,0,0,0,0,0,0,0,0,0,0,0,0,0,0,0,0,0
1616,OceaniaexcludingAustraliaandNewZealand,1835,Guyana,328,0,0,0,0,0,0,0,0,0,0,0,0,0,0,0,0,0,0,0,0,0
1617,OceaniaexcludingAustraliaandNewZealand,1835,Paraguay,600,0,0,0,0,0,0,0,0,0,0,0,0,0,0,0,0,0,0,0,0,0
1618,OceaniaexcludingAustraliaandNewZealand,1835,Peru,604,0,0,0,0,0,0,0,0,0,0,0,0,0,0,0,0,0,0,0,0,0
1619,OceaniaexcludingAustraliaandNewZealand,1835,Suriname,740,0,0,0,0,0,0,0,0,0,0,0,0,0,0,0,0,0,0,0,0,0
1620,OceaniaexcludingAustraliaandNewZealand,1835,Uruguay,858,0,0,0,0,0,0,0,0,0,0,0,0,0,0,0,0,0,0,0,0,0
1621,OceaniaexcludingAustraliaandNewZealand,1835,VenezuelaBolivarianRepublicof,862,0,0,0,0,0,0,0,0,0,0,0,0,0,0,0,0,0,0,0,0,0
1622,OceaniaexcludingAustraliaandNewZealand,1835,Bermuda,60,0,0,0,0,0,0,0,0,0,0,0,0,0,0,0,0,0,0,0,0,0
1623,OceaniaexcludingAustraliaandNewZealand,1835,Canada,124,488,506,422,426,378,372,370,299,325,288,295,265,264,266,189,181,134,131,113,108,104
1624,OceaniaexcludingAustraliaandNewZealand,1835,Greenland,304,0,0,0,0,0,0,0,0,0,0,0,0,0,0,0,0,0,0,0,0,0
1625,OceaniaexcludingAustraliaandNewZealand,1835,SaintPierreandMiquelon,666,0,0,0,0,0,0,0,0,0,0,0,0,0,0,0,0,0,0,0,0,0
1626,OceaniaexcludingAustraliaandNewZealand,1835,UnitedStatesofAmerica,840,35880,32217,28157,27261,25832,25810,26900,21822,19223,16372,15156,13670,13664,14221,14058,12994,11785,12105,12162,12146,12679
1627,OceaniaexcludingAustraliaandNewZealand,1835,Australia,36,16948,17525,14166,14542,13045,13177,13317,9776,10422,8728,9034,8189,8328,8424,7172,7103,5438,5508,4856,4849,4893
1628,OceaniaexcludingAustraliaandNewZealand,1835,NewZealand,554,8086,8470,8111,8133,8142,7866,8055,4328,4558,4359,4428,4392,4234,4321,3758,3912,3752,3705,3750,3632,3734
1629,OceaniaexcludingAustraliaandNewZealand,1835,Fiji,242,1729,1864,1973,2262,2383,2673,2734,924,1005,1062,1208,1258,1438,1481,805,859,911,1054,1125,1235,1253
1630,OceaniaexcludingAustraliaandNewZealand,1835,NewCaledonia,540,2880,3180,3469,3712,3606,3546,3551,1391,1527,1635,1809,1833,1799,1804,1489,1653,1834,1903,1773,1747,1747
1631,OceaniaexcludingAustraliaandNewZealand,1835,PapuaNewGuinea,598,1194,1200,1166,924,731,688,671,606,620,600,483,394,372,364,588,580,566,441,337,316,307
1632,OceaniaexcludingAustraliaandNewZealand,1835,SolomonIslands,90,1097,1078,981,1013,1068,1118,1141,604,602,551,574,604,642,661,493,476,430,439,464,476,480
1633,OceaniaexcludingAustraliaandNewZealand,1835,Vanuatu,548,3832,4370,4885,5195,5423,4256,4470,2076,2338,2603,2782,2920,2101,2205,1756,2032,2282,2413,2503,2155,2265
1634,OceaniaexcludingAustraliaandNewZealand,1835,Guam,316,1269,1493,1683,1595,1111,999,1009,630,780,874,787,508,462,458,639,713,809,808,603,537,551
1635,OceaniaexcludingAustraliaandNewZealand,1835,Kiribati,296,3064,2979,2869,2513,1502,1597,1639,1493,1466,1413,1259,804,862,889,1571,1513,1456,1254,698,735,750
1636,OceaniaexcludingAustraliaandNewZealand,1835,MarshallIslands,584,311,384,468,434,378,372,383,160,208,241,216,187,184,192,151,176,227,218,191,188,191
1637,OceaniaexcludingAustraliaandNewZealand,1835,MicronesiaFedStatesof,583,4940,7116,9334,11237,12463,12396,13032,2583,3669,4737,5664,6274,6263,6570,2357,3447,4597,5573,6189,6133,6462
1638,OceaniaexcludingAustraliaandNewZealand,1835,Nauru,520,931,1000,1070,1264,1460,1483,1595,401,459,517,624,731,743,795,530,541,553,640,729,740,800
1639,OceaniaexcludingAustraliaandNewZealand,1835,NorthernMarianaIslands,580,2215,2350,2476,2547,2542,2532,2664,1043,1123,1189,1256,1292,1296,1354,1172,1227,1287,1291,1250,1236,1310
1640,OceaniaexcludingAustraliaandNewZealand,1835,Palau,585,2942,2824,2791,2714,2352,2293,2385,1360,1360,1317,1302,1162,1137,1187,1582,1464,1474,1412,1190,1156,1198
1641,OceaniaexcludingAustraliaandNewZealand,1835,AmericanSamoa,16,1014,1523,2022,1908,1671,1402,1329,544,812,1068,997,864,718,684,470,711,954,911,807,684,645
1642,OceaniaexcludingAustraliaandNewZealand,1835,CookIslands,184,36,41,47,46,46,44,41,16,19,18,18,20,20,20,20,22,29,28,26,24,21
1643,OceaniaexcludingAustraliaandNewZealand,1835,FrenchPolynesia,258,2807,3248,3689,2096,486,664,701,1446,1650,1854,1097,333,467,492,1361,1598,1835,999,153,197,209
1644,OceaniaexcludingAustraliaandNewZealand,1835,Niue,570,16,17,18,20,23,22,21,10,11,12,13,15,15,16,6,6,6,7,8,7,5
1645,OceaniaexcludingAustraliaandNewZealand,1835,Samoa,882,15303,16787,18264,17400,16642,16604,16669,7944,8635,9310,8818,8380,8315,8349,7359,8152,8954,8582,8262,8289,8320
1646,OceaniaexcludingAustraliaandNewZealand,1835,Tokelau,772,161,162,162,151,132,111,104,81,81,80,75,65,54,52,80,81,82,76,67,57,52
1647,OceaniaexcludingAustraliaandNewZealand,1835,Tonga,776,2691,2650,2609,2698,2784,2808,2834,1451,1414,1380,1428,1479,1496,1514,1240,1236,1229,1270,1305,1312,1320
1648,OceaniaexcludingAustraliaandNewZealand,1835,Tuvalu,798,1171,1146,1132,1104,860,880,908,649,628,621,611,475,493,516,522,518,511,493,385,387,392
1649,OceaniaexcludingAustraliaandNewZealand,1835,WallisandFutunaIslands,876,5588,6478,7360,7409,7448,11212,11902,2915,3335,3745,3688,3625,5359,5666,2673,3143,3615,3721,3823,5853,6236
1650,AustraliaandNewZealand,927,SubSaharanAfrica,947,114334,132399,178757,260831,357588,430302,504945,57379,66137,89113,130260,178469,216390,252742,56955,66262,89644,130571,179119,213912,252203
1651,AustraliaandNewZealand,927,NorthernAfricaandWesternAsia,1833,212229,227892,244553,290285,340843,376683,439410,112068,119930,128314,152732,180753,197710,230761,100161,107962,116239,137553,160090,178973,208649
1652,AustraliaandNewZealand,927,CentralandSouthernAsia,921,158890,193198,237302,361003,660720,937913,1241100,83288,101314,124573,193822,370673,509557,676776,75602,91884,112729,167181,290047,428356,564324
1653,AustraliaandNewZealand,927,EasternandSouthEasternAsia,1832,682414,806339,927636,1177717,1560647,1904449,2361394,327894,379061,427579,533502,698591,854826,1057477,354520,427278,500057,644215,862056,1049623,1303917
1654,AustraliaandNewZealand,927,LatinAmericaandtheCaribbean,1830,81984,86585,87624,99412,127221,159787,209475,40231,42039,42224,47727,61363,77186,100853,41753,44546,45400,51685,65858,82601,108622
1655,AustraliaandNewZealand,927,OceaniaexcludingAustraliaandNewZealand,1835,152771,163102,191159,220023,251340,283916,319996,73909,77752,92245,106174,121308,138085,155254,78862,85350,98914,113849,130032,145831,164742
1656,AustraliaandNewZealand,927,AustraliaandNewZealand,927,346087,364148,419804,483479,580866,640591,696555,176303,184244,213068,245924,297123,327826,354848,169784,179904,206736,237555,283743,312765,341707
1657,AustraliaandNewZealand,927,EuropeandNorthernAmerica,1829,2699258,2707003,2693870,2732969,2845434,2904774,3136402,1387138,1382072,1362865,1373475,1424105,1461513,1568549,1312120,1324931,1331005,1359494,1421329,1443261,1567853
1658,AustraliaandNewZealand,927,Developedregions,901,3069242,3101960,3147363,3258707,3476542,3603595,3902982,1574284,1580820,1589587,1635254,1740151,1810225,1948834,1494958,1521140,1557776,1623453,1736391,1793370,1954148
1659,AustraliaandNewZealand,927,Lessdevelopedregions,902,1378725,1578706,1833342,2367012,3248117,4034820,5006295,683926,771729,890394,1148362,1592234,1972868,2448426,694799,806977,942948,1218650,1655883,2061952,2557869
1660,AustraliaandNewZealand,927,Lessdevelopedregions,902,934,1301107,1483754,1723622,2197587,2986111,3681497,4564617,644012,722632,833511,1059996,1454776,1788117,2215040,657095,761122,890111,1137591,1531335,1893380
1661,AustraliaandNewZealand,927,Lessdevelopedregions,902,948,1207750,1369298,1562286,1975459,2696817,3328184,4086761,596473,668067,759452,963804,1336524,1647944,2026425,611277,701231,802834,1011655,1360293,1680240
1662,AustraliaandNewZealand,927,Leastdevelopedcountries,941,77618,94952,109720,169425,262006,353323,441678,39914,49097,56883,88366,137458,184751,233386,37704,45855,52837,81059,124548,168572,208292
1663,AustraliaandNewZealand,927,LandlockedDevelopingCountriesLLDC,1636,72026,90490,106362,139497,200881,271549,339810,37284,47063,55442,71975,104838,142363,179913,34742,43427,50920,67522,96043,129186,159897
1664,AustraliaandNewZealand,927,SmallislanddevelopingStatesSIDS,1637,218119,227260,254954,306968,356876,398564,447858,105641,108673,122676,147702,171296,193850,216482,112478,118587,132278,159266,185580,204714,231376
1665,AustraliaandNewZealand,927,Highincomecountries,1503,3158976,3199443,3250620,3405921,3699343,3874747,4224660,1616248,1626197,1637506,1705327,1850750,1945725,2109393,1542728,1573246,1613114,1700594,1848593,1929022,2115267
1666,AustraliaandNewZealand,927,Middleincomecountries,1517,1248207,1428643,1661962,2119760,2889873,3587529,4470771,621473,699525,807296,1026096,1412190,1745302,2173979,626734,729118,854666,1093664,1477683,1842227,2296792
1667,AustraliaandNewZealand,927,Uppermiddleincomecountries,1502,726691,831307,1004243,1271906,1628116,1952793,2399850,366953,412482,492885,614181,775409,927540,1136318,359738,418825,511358,657725,852707,1025253,1263532
1668,AustraliaandNewZealand,927,Lowermiddleincomecountries,1501,521516,597336,657719,847854,1261757,1634736,2070921,254520,287043,314411,411915,636781,817762,1037661,266996,310293,343308,435939,624976,816974,1033260
1669,AustraliaandNewZealand,927,Lowincomecountries,1500,15817,28273,40873,73026,107172,146834,185156,8473,15179,21899,39006,55592,77546,99677,7344,13094,18974,34020,51580,69288,85479
1670,AustraliaandNewZealand,927,EasternAfrica,910,46161,54645,65437,93109,128743,161525,187620,23448,27523,32824,46652,64206,80988,93271,22713,27122,32613,46457,64537,80537,94349
1671,AustraliaandNewZealand,927,MiddleAfrica,911,808,871,1000,1730,4410,7040,8737,457,470,524,935,2325,3607,4459,351,401,476,795,2085,3433,4278
1672,AustraliaandNewZealand,927,NorthernAfrica,912,45408,47091,47286,63847,74703,72954,80128,23779,24613,24685,33926,39985,38340,42087,21629,22478,22601,29921,34718,34614,38041
1673,AustraliaandNewZealand,927,SouthernAfrica,913,64817,73182,107439,156056,207124,237076,277311,31919,35923,52894,77230,102683,118147,137726,32898,37259,54545,78826,104441,118929,139585
1674,AustraliaandNewZealand,927,WesternAfrica,914,2548,3701,4881,9936,17311,24661,31277,1555,2221,2871,5443,9255,13648,17286,993,1480,2010,4493,8056,11013,13991
1675,AustraliaandNewZealand,927,CentralAsia,5500,709,868,1050,1800,3040,4510,5389,322,370,499,766,1287,1820,2175,387,498,551,1034,1753,2690,3214
1676,AustraliaandNewZealand,927,EasternAsia,906,219476,281171,358873,513174,714440,901056,1149596,110401,138014,170320,237716,328270,410717,523960,109075,143157,188553,275458,386170,490339,625636
1677,AustraliaandNewZealand,927,SouthEasternAsia,920,462938,525168,568763,664543,846207,1003393,1211798,217493,241047,257259,295786,370321,444109,533517,245445,284121,311504,368757,475886,559284,678281
1678,AustraliaandNewZealand,927,SouthernAsia,5501,158181,192330,236252,359203,657680,933403,1235711,82966,100944,124074,193056,369386,507737,674601,75215,91386,112178,166147,288294,425666,561110
1679,AustraliaandNewZealand,927,WesternAsia,922,166821,180801,197267,226438,266140,303729,359282,88289,95317,103629,118806,140768,159370,188674,78532,85484,93638,107632,125372,144359,170608
1680,AustraliaandNewZealand,927,EasternEurope,923,162226,175014,173486,175429,174637,176977,194868,84865,88714,84403,82393,79141,79638,86907,77361,86300,89083,93036,95496,97339,107961
1681,AustraliaandNewZealand,927,NorthernEurope,924,1446003,1427933,1447427,1460116,1564893,1622399,1734126,731920,720653,726871,733690,789892,824396,879516,714083,707280,720556,726426,775001,798003,854610
1682,AustraliaandNewZealand,927,SouthernEurope,925,678065,687603,657698,650851,621958,596652,624909,357501,359451,342516,334559,315384,303781,315618,320564,328152,315182,316292,306574,292871,309291
1683,AustraliaandNewZealand,927,WesternEurope,926,316715,314364,304372,313788,324422,318676,355450,163521,160760,153513,156925,161164,159004,176416,153194,153604,150859,156863,163258,159672,179034
1684,AustraliaandNewZealand,927,Caribbean,915,2804,3527,4269,4679,5229,6069,6593,1420,1815,2176,2395,2673,3193,3377,1384,1712,2093,2284,2556,2876,3216
1685,AustraliaandNewZealand,927,CentralAmerica,916,11005,12746,13770,14529,16550,19290,22048,5383,6196,6686,7084,8129,9469,10718,5622,6550,7084,7445,8421,9821,11330
1686,AustraliaandNewZealand,927,SouthAmerica,931,68175,70312,69585,80204,105442,134428,180834,33428,34028,33362,38248,50561,64524,86758,34747,36284,36223,41956,54881,69904,94076
1687,AustraliaandNewZealand,927,Melanesia,928,58153,63686,76516,96137,115782,134054,152722,28198,30111,36407,45755,54999,64097,72759,29955,33575,40109,50382,60783,69957,79963
1688,AustraliaandNewZealand,927,Micronesia,954,1479,1705,1532,1996,2568,3083,4096,672,769,693,943,1224,1450,1930,807,936,839,1053,1344,1633,2166
1689,AustraliaandNewZealand,927,Polynesia,957,93139,97711,113111,121890,132990,146779,163178,45039,46872,55145,59476,65085,72538,80565,48100,50839,57966,62414,67905,74241,82613
1690,AustraliaandNewZealand,927,Burundi,108,15,7,30,430,1860,2390,2789,9,4,15,232,942,1228,1422,6,3,15,198,918,1162,1367
1691,AustraliaandNewZealand,927,Comoros,174,0,0,0,0,0,0,0,0,0,0,0,0,0,0,0,0,0,0,0,0,0
1692,AustraliaandNewZealand,927,Djibouti,262,34,63,80,120,130,190,214,16,28,40,51,60,99,113,18,35,40,69,70,91,101
1693,AustraliaandNewZealand,927,Eritrea,232,1272,1562,1780,2280,3090,4660,5879,664,815,929,1171,1538,2308,2940,608,747,851,1109,1552,2352,2939
1694,AustraliaandNewZealand,927,Ethiopia,231,1489,2748,4275,6998,10016,14317,17471,856,1462,2197,3588,4965,7025,8544,633,1286,2078,3410,5051,7292,8927
1695,AustraliaandNewZealand,927,Kenya,404,4950,6448,8310,12292,16961,21434,26512,2607,3351,4284,6327,8526,10705,13024,2343,3097,4026,5965,8435,10729,13488
1696,AustraliaandNewZealand,927,Madagascar,450,137,153,180,220,260,290,343,73,79,83,105,117,116,134,64,74,97,115,143,174,209
1697,AustraliaandNewZealand,927,Malawi,454,360,468,540,760,1020,1400,1658,199,246,284,370,512,698,827,161,222,256,390,508,702,831
1698,AustraliaandNewZealand,927,Mauritius,480,20215,19621,18530,20307,26980,28660,31947,9945,9569,8974,9962,13504,14323,15853,10270,10052,9556,10345,13476,14337,16094
1699,AustraliaandNewZealand,927,Mayotte,175,0,0,0,0,0,0,0,0,0,0,0,0,0,0,0,0,0,0,0,0,0
1700,AustraliaandNewZealand,927,Mozambique,508,386,528,630,770,860,1010,1108,212,284,332,405,445,501,542,174,244,298,365,415,509,566
1701,AustraliaandNewZealand,927,Reunion,638,51,52,90,140,210,220,268,26,14,45,54,96,99,125,25,38,45,86,114,121,143
1702,AustraliaandNewZealand,927,Rwanda,646,44,27,50,180,620,980,1173,27,14,25,84,295,480,547,17,13,25,96,325,500,626
1703,AustraliaandNewZealand,927,Seychelles,690,2610,2797,2790,2890,2970,3030,3231,1288,1350,1330,1336,1360,1395,1472,1322,1447,1460,1554,1610,1635,1759
1704,AustraliaandNewZealand,927,Somalia,706,776,2617,5474,6275,7662,9797,11320,441,1362,2775,3084,3712,4794,5486,335,1255,2699,3191,3950,5003,5834
1705,AustraliaandNewZealand,927,SouthSudan,728,0,0,0,0,0,7480,9510,0,0,0,0,0,4171,5106,0,0,0,0,0,3309,4404
1706,AustraliaandNewZealand,927,Uganda,800,925,1218,1420,1880,2860,3800,4480,508,657,767,977,1450,1936,2247,417,561,653,903,1410,1864,2233
1707,AustraliaandNewZealand,927,UnitedRepublicofTanzania,834,1422,1768,1970,2300,3820,4500,5061,788,976,1084,1297,2075,2410,2676,634,792,886,1003,1745,2090,2385
1708,AustraliaandNewZealand,927,Zambia,894,2534,3248,4371,5796,7544,8781,9747,1282,1623,2174,2880,3786,4354,4800,1252,1625,2197,2916,3758,4427,4947
1709,AustraliaandNewZealand,927,Zimbabwe,716,8941,11320,14917,29471,41880,48586,54909,4507,5689,7486,14729,20823,24346,27413,4434,5631,7431,14742,21057,24240,27496
1710,AustraliaandNewZealand,927,Angola,24,310,370,420,450,530,560,602,177,204,229,229,280,293,324,133,166,191,221,250,267,278
1711,AustraliaandNewZealand,927,Cameroon,120,68,55,70,130,270,450,548,46,34,35,81,168,268,331,22,21,35,49,102,182,217
1712,AustraliaandNewZealand,927,CentralAfricanRepublic,140,6,3,10,10,20,30,42,6,3,5,5,10,18,23,0,0,5,5,10,12,19
1713,AustraliaandNewZealand,927,Chad,148,15,12,40,40,60,70,63,9,9,20,20,30,40,34,6,3,20,20,30,30,29
1714,AustraliaandNewZealand,927,Congo,178,134,130,130,710,1030,1610,1884,75,69,71,413,580,809,880,59,61,59,297,450,801,1004
1715,AustraliaandNewZealand,927,DemocraticRepublicoftheCongo,180,255,291,310,360,2470,4270,5535,130,144,154,172,1242,2150,2833,125,147,156,188,1228,2120,2702
1716,AustraliaandNewZealand,927,EquatorialGuinea,226,0,0,0,0,0,0,0,0,0,0,0,0,0,0,0,0,0,0,0,0,0
1717,AustraliaandNewZealand,927,Gabon,266,20,10,20,30,30,50,63,14,7,10,15,15,29,34,6,3,10,15,15,21,29
1718,AustraliaandNewZealand,927,SaoTomeandPrincipe,678,0,0,0,0,0,0,0,0,0,0,0,0,0,0,0,0,0,0,0,0,0
1719,AustraliaandNewZealand,927,Algeria,12,665,950,1170,1330,1380,1600,1776,397,595,750,811,847,982,1051,268,355,420,519,533,618,725
1720,AustraliaandNewZealand,927,Egypt,818,40862,40336,38746,40016,43143,46004,51031,21221,20793,19835,20509,22875,24118,26740,19641,19543,18911,19507,20268,21886,24291
1721,AustraliaandNewZealand,927,Libya,434,1268,1390,1400,1570,2370,2790,3079,689,756,765,842,1315,1500,1649,579,634,635,728,1055,1290,1430
1722,AustraliaandNewZealand,927,Morocco,504,984,1212,1380,1560,1800,2170,2497,599,761,875,944,1054,1206,1375,385,451,505,616,746,964,1122
1723,AustraliaandNewZealand,927,Sudan,729,1218,2734,4090,18831,25440,19730,20992,638,1438,2171,10493,13558,10142,10851,580,1296,1919,8338,11882,9588,10141
1724,AustraliaandNewZealand,927,Tunisia,788,411,469,500,540,570,660,753,235,270,289,327,336,392,421,176,199,211,213,234,268,332
1725,AustraliaandNewZealand,927,WesternSahara,732,0,0,0,0,0,0,0,0,0,0,0,0,0,0,0,0,0,0,0,0,0
1726,AustraliaandNewZealand,927,Botswana,72,153,413,670,970,1120,1320,1539,85,229,355,546,588,668,763,68,184,315,424,532,652,776
1727,AustraliaandNewZealand,927,Eswatini,748,117,178,240,270,340,390,408,48,86,114,134,168,181,197,69,92,126,136,172,209,211
1728,AustraliaandNewZealand,927,Lesotho,426,43,32,70,90,110,150,160,26,24,35,45,57,83,83,17,8,35,45,53,67,77
1729,AustraliaandNewZealand,927,Namibia,516,265,394,450,740,1090,1430,1668,125,198,228,381,548,713,824,140,196,222,359,542,717,844
1730,AustraliaandNewZealand,927,SouthAfrica,710,64239,72165,106009,153986,204464,233786,273536,31635,35386,52162,76124,101322,116502,135859,32604,36779,53847,77862,103142,117284,137677
1731,AustraliaandNewZealand,927,Benin,204,17,13,30,30,80,110,117,14,12,15,15,40,76,84,3,1,15,15,40,34,33
1732,AustraliaandNewZealand,927,BurkinaFaso,854,30,15,10,20,40,60,63,18,9,5,10,20,34,34,12,6,5,10,20,26,29
1733,AustraliaandNewZealand,927,CaboVerde,132,20,10,30,30,30,40,42,14,7,15,15,15,23,23,6,3,15,15,15,17,19
1734,AustraliaandNewZealand,927,CotedIvoire,384,34,43,60,200,480,600,688,20,26,30,110,241,313,355,14,17,30,90,239,287,333
1735,AustraliaandNewZealand,927,Gambia,270,18,9,30,80,100,130,138,11,6,15,40,59,77,90,7,3,15,40,41,53,48
1736,AustraliaandNewZealand,927,Ghana,288,994,1625,2160,2820,4210,5900,7194,665,986,1261,1564,2274,3264,4000,329,639,899,1256,1936,2636,3194
1737,AustraliaandNewZealand,927,Guinea,324,33,17,30,220,660,940,1129,16,9,15,126,325,487,546,17,8,15,94,335,453,583
1738,AustraliaandNewZealand,927,GuineaBissau,624,13,11,20,20,20,20,20,10,10,10,10,10,12,12,3,1,10,10,10,8,8
1739,AustraliaandNewZealand,927,Liberia,430,63,83,110,1700,2930,3520,3973,39,56,74,844,1399,1699,1897,24,27,36,856,1531,1821,2076
1740,AustraliaandNewZealand,927,Mali,466,24,12,20,40,60,80,96,7,4,10,20,30,45,50,17,8,10,20,30,35,46
1741,AustraliaandNewZealand,927,Mauritania,478,16,8,20,20,50,60,63,2,1,10,10,25,34,34,14,7,10,10,25,26,29
1742,AustraliaandNewZealand,927,Niger,562,15,7,20,10,20,30,42,15,7,10,5,10,18,23,0,0,10,5,10,12,19
1743,AustraliaandNewZealand,927,Nigeria,566,959,1431,1800,2580,4640,8360,12354,553,860,1104,1551,2740,5073,7431,406,571,696,1029,1900,3287,4923
1744,AustraliaandNewZealand,927,SaintHelena,654,31,21,21,21,21,21,20,12,7,7,7,7,13,13,19,14,14,14,14,8,7
1745,AustraliaandNewZealand,927,Senegal,686,149,195,240,280,370,430,483,79,108,142,176,233,277,275,70,87,98,104,137,153,208
1746,AustraliaandNewZealand,927,SierraLeone,694,120,195,260,1835,3320,3990,4447,71,108,138,925,1682,2010,2217,49,87,122,910,1638,1980,2230
1747,AustraliaandNewZealand,927,Togo,768,12,6,20,30,280,370,408,9,5,10,15,145,193,202,3,1,10,15,135,177,206
1748,AustraliaandNewZealand,927,Kazakhstan,398,297,353,380,670,1190,1920,2304,132,144,156,252,452,722,839,165,209,224,418,738,1198,1465
1749,AustraliaandNewZealand,927,Kyrgyzstan,417,101,88,100,240,360,490,602,39,25,50,99,148,190,225,62,63,50,141,212,300,377
1750,AustraliaandNewZealand,927,Tajikistan,762,41,26,50,70,100,160,171,19,10,25,35,36,59,71,22,16,25,35,64,101,100
1751,AustraliaandNewZealand,927,Turkmenistan,795,25,18,30,60,90,100,127,9,5,15,30,45,29,35,16,13,15,30,45,71,92
1752,AustraliaandNewZealand,927,Uzbekistan,860,245,383,490,760,1300,1840,2185,123,186,253,350,606,820,1005,122,197,237,410,694,1020,1180
1753,AustraliaandNewZealand,927,China,156,106585,127337,182590,302266,455879,601472,797439,55676,63434,87437,141014,209488,273773,362690,50909,63903,95153,161252,246391,327699,434749
1754,AustraliaandNewZealand,927,China,156,344,62691,80124,86416,87187,92861,102384,118801,31010,39351,42578,42588,45041,49917,57797,31681,40773,43838,44599,47820,52467
1755,AustraliaandNewZealand,927,China,156,446,1699,1947,2050,2100,2560,2780,3294,767,877,927,956,1181,1234,1514,932,1070,1123,1144,1379,1546
1756,AustraliaandNewZealand,927,China,156,158,0,0,0,0,0,0,0,0,0,0,0,0,0,0,0,0,0,0,0,0
1757,AustraliaandNewZealand,927,DemPeoplesRepublicofKorea,408,50,237,380,430,230,220,268,25,126,213,254,113,99,134,25,111,167,176,117,121,134
1758,AustraliaandNewZealand,927,Japan,392,23897,30809,33689,42259,50242,58230,70025,10843,14504,13654,15855,18923,20886,25437,13054,16305,20035,26404,31319,37344,44588
1759,AustraliaandNewZealand,927,Mongolia,496,36,80,120,240,700,1780,3854,22,37,64,104,298,792,1798,14,43,56,136,402,988,2056
1760,AustraliaandNewZealand,927,RepublicofKorea,410,24518,40637,53628,78692,111968,134190,155915,12058,19685,25447,36945,53226,64016,74590,12460,20952,28181,41747,58742,70174,81325
1761,AustraliaandNewZealand,927,BruneiDarussalam,96,1620,1911,2100,2570,3040,2890,3294,849,986,1069,1262,1504,1406,1587,771,925,1031,1308,1536,1484,1707
1762,AustraliaandNewZealand,927,Cambodia,116,24765,26885,29613,33206,37983,41246,46900,12504,13261,14331,15758,17693,19152,21597,12261,13624,15282,17448,20290,22094,25303
1763,AustraliaandNewZealand,927,Indonesia,360,41126,48292,62339,64652,75966,82105,96333,21196,24317,30119,29943,33579,36353,42407,19930,23975,32220,34709,42387,45752,53926
1764,AustraliaandNewZealand,927,LaoPeoplesDemocraticRepublic,418,11172,11315,10450,10599,11110,11030,11912,5757,5778,5197,5186,5300,5232,5577,5415,5537,5253,5413,5810,5798,6335
1765,AustraliaandNewZealand,927,Malaysia,458,80796,92362,95801,115284,145455,160411,198603,39306,43853,45164,53741,67936,76513,95028,41490,48509,50637,61543,77519,83898,103575
1766,AustraliaandNewZealand,927,Myanmar,104,10247,11940,12782,14134,24775,34360,41262,5008,5785,6318,6896,12097,17064,21091,5239,6155,6464,7238,12678,17296,20171
1767,AustraliaandNewZealand,927,Philippines,608,94959,110304,122040,149174,210672,279886,356715,33581,38634,43844,55342,81219,115107,147631,61378,71670,78196,93832,129453,164779,209084
1768,AustraliaandNewZealand,927,Singapore,702,30236,33194,38043,47707,58702,65059,73173,14228,15635,17868,22141,26657,30907,34039,16008,17559,20175,25566,32045,34152,39134
1769,AustraliaandNewZealand,927,Thailand,764,18505,23292,28054,37435,58582,74423,93497,7460,9283,10961,13960,21129,25985,32253,11045,14009,17093,23475,37453,48438,61244
1770,AustraliaandNewZealand,927,TimorLeste,626,9518,4904,0,10709,10580,10000,10555,4868,2503,0,5346,5240,5019,5276,4650,2401,0,5363,5340,4981,5279
1771,AustraliaandNewZealand,927,VietNam,704,139994,160769,167541,179073,209342,241983,279554,72736,81012,82388,86211,97967,111371,127031,67258,79757,85153,92862,111375,130612,152523
1772,AustraliaandNewZealand,927,Afghanistan,4,2885,8382,13294,20668,33154,52090,64706,1558,4800,7677,11592,17995,29816,39144,1327,3582,5617,9076,15159,22274,25562
1773,AustraliaandNewZealand,927,Bangladesh,50,2567,6353,9645,17502,31013,44620,55559,1552,3778,5638,10581,18306,24752,30850,1015,2575,4007,6921,12707,19868,24709
1774,AustraliaandNewZealand,927,Bhutan,64,25,33,70,130,1690,5850,7937,19,25,35,79,845,3017,4037,6,8,35,51,845,2833,3900
1775,AustraliaandNewZealand,927,India,356,79220,90756,111009,190383,385583,518840,701770,40930,46688,57174,102445,219661,280359,376767,38290,44068,53835,87938,165922,238481,325003
1776,AustraliaandNewZealand,927,IranIslamicRepublicof,364,17993,19992,23285,29387,39439,64891,79073,9802,10841,12517,15477,20820,34281,42978,8191,9151,10768,13910,18619,30610,36095
1777,AustraliaandNewZealand,927,Maldives,462,80,113,170,280,430,610,656,39,51,78,108,194,284,306,41,62,92,172,236,326,350
1778,AustraliaandNewZealand,927,Nepal,524,476,1467,2335,4383,28217,51615,83242,306,975,1539,2689,17582,28843,45793,170,492,796,1694,10635,22772,37449
1779,AustraliaandNewZealand,927,Pakistan,586,5977,8797,12233,18922,33158,65231,88396,3589,5130,6921,10686,20008,39423,53486,2388,3667,5312,8236,13150,25808,34910
1780,AustraliaandNewZealand,927,SriLanka,144,48958,56437,64211,77548,104996,129656,154372,25171,28656,32495,39399,53975,66962,81240,23787,27781,31716,38149,51021,62694,73132
1781,AustraliaandNewZealand,927,Armenia,51,388,710,980,1110,1200,1460,1658,180,340,465,528,552,638,750,208,370,515,582,648,822,908
1782,AustraliaandNewZealand,927,Azerbaijan,31,99,128,190,300,420,650,753,44,54,81,126,176,273,340,55,74,109,174,244,377,413
1783,AustraliaandNewZealand,927,Bahrain,48,493,650,770,1080,1330,1730,2055,248,338,414,603,737,933,1123,245,312,356,477,593,797,932
1784,AustraliaandNewZealand,927,Cyprus,196,24036,23918,22810,22447,21350,20100,20884,12420,12265,11552,11229,10568,9995,10300,11616,11653,11258,11218,10782,10105,10584
1785,AustraliaandNewZealand,927,Georgia,268,17,168,290,400,490,620,720,6,85,150,190,233,296,334,11,83,140,210,257,324,386
1786,AustraliaandNewZealand,927,Iraq,368,6169,18129,31197,42854,57605,76568,96679,3373,10152,17150,22819,29687,39569,50029,2796,7977,14047,20035,27918,36999,46650
1787,AustraliaandNewZealand,927,Israel,376,7756,7358,7380,8949,10700,11240,12666,4205,3959,4049,4949,5974,6356,7112,3551,3399,3331,4000,4726,4884,5554
1788,AustraliaandNewZealand,927,Jordan,400,2175,2918,3480,4160,5250,6530,8012,1184,1606,1949,2354,2990,3660,4470,991,1312,1531,1806,2260,2870,3542
1789,AustraliaandNewZealand,927,Kuwait,414,919,1761,2510,3120,4320,6580,7754,472,937,1352,1709,2494,3928,4630,447,824,1158,1411,1826,2652,3124
1790,AustraliaandNewZealand,927,Lebanon,422,81858,79925,79070,84886,89640,93290,101508,43397,41939,41310,44522,47157,49037,53450,38461,37986,37760,40364,42483,44253,48058
1791,AustraliaandNewZealand,927,Oman,512,45,188,340,840,1250,1560,2260,29,113,196,489,743,836,1294,16,75,144,351,507,724,966
1792,AustraliaandNewZealand,927,Qatar,634,97,183,250,440,660,1100,1507,55,105,145,261,380,606,799,42,78,105,179,280,494,708
1793,AustraliaandNewZealand,927,SaudiArabia,682,637,1185,1780,3559,13885,16431,17417,331,623,921,1922,8671,9071,9532,306,562,859,1637,5214,7360,7885
1794,AustraliaandNewZealand,927,StateofPalestine,275,2753,3005,3060,3260,3070,3190,3424,1618,1732,1743,1840,1741,1814,1933,1135,1273,1317,1420,1329,1376,1491
1795,AustraliaandNewZealand,927,SyrianArabRepublic,760,5351,6538,7320,8259,9330,14170,26291,2743,3296,3666,4084,4592,6922,13133,2608,3242,3654,4175,4738,7248,13158
1796,AustraliaandNewZealand,927,Turkey,792,33246,32718,34060,37454,39810,39710,43655,17541,17046,17518,19298,20708,20737,22938,15705,15672,16542,18156,19102,18973,20717
1797,AustraliaandNewZealand,927,UnitedArabEmirates,784,561,1005,1390,2800,5240,8090,11136,305,538,739,1588,3048,4295,5993,256,467,651,1212,2192,3795,5143
1798,AustraliaandNewZealand,927,Yemen,887,221,314,390,520,590,710,903,138,189,229,295,317,404,514,83,125,161,225,273,306,389
1799,AustraliaandNewZealand,927,Belarus,112,260,829,1360,1600,1840,2180,2433,128,379,614,697,752,900,969,132,450,746,903,1088,1280,1464
1800,AustraliaandNewZealand,927,Bulgaria,100,1755,2465,3020,3440,3600,3930,4361,1087,1423,1672,1754,1698,1844,2014,668,1042,1348,1686,1902,2086,2347
1801,AustraliaandNewZealand,927,Czechia,203,17955,16181,13754,14552,14724,14577,16801,10157,8890,7274,7379,7175,6931,7961,7798,7291,6480,7173,7549,7646,8840
1802,AustraliaandNewZealand,927,Hungary,348,29394,29068,27092,25535,24170,22541,23805,16206,15795,14314,13138,12179,11207,11667,13188,13273,12778,12397,11991,11334,12138
1803,AustraliaandNewZealand,927,Poland,616,75526,75380,68764,65186,60923,56549,60030,38615,37550,32781,30055,27085,24974,26391,36911,37830,35983,35131,33838,31575,33639
1804,AustraliaandNewZealand,927,RepublicofMoldova,498,15,316,570,810,1000,1160,1269,9,153,273,373,441,529,554,6,163,297,437,559,631,715
1805,AustraliaandNewZealand,927,Romania,642,12512,13519,15072,17858,18917,19389,20774,6798,7182,7653,8898,9211,9414,10013,5714,6337,7419,8960,9706,9975,10761
1806,AustraliaandNewZealand,927,RussianFederation,643,9437,15551,19637,22487,25850,31439,37411,3844,6557,8257,9272,10528,12775,15168,5593,8994,11380,13215,15322,18664,22243
1807,AustraliaandNewZealand,927,Slovakia,703,2697,4671,6360,6059,5990,6720,7366,1557,2564,3413,3064,2803,3143,3409,1140,2107,2947,2995,3187,3577,3957
1808,AustraliaandNewZealand,927,Ukraine,804,12675,17034,17857,17902,17623,18492,20618,6464,8221,8152,7763,7269,7921,8761,6211,8813,9705,10139,10354,10571,11857
1809,AustraliaandNewZealand,927,ChannelIslands,830,0,0,0,0,0,0,0,0,0,0,0,0,0,0,0,0,0,0,0,0,0
1810,AustraliaandNewZealand,927,Denmark,208,10520,10968,11315,11904,12066,11695,13135,5952,6101,6082,6288,6281,6055,6706,4568,4867,5233,5616,5785,5640,6429
1811,AustraliaandNewZealand,927,Estonia,233,2731,2556,1970,1660,2240,3440,3887,1251,1161,882,737,1028,1472,1638,1480,1395,1088,923,1212,1968,2249
1812,AustraliaandNewZealand,927,FaroeIslands,234,17,19,30,40,40,30,20,5,8,15,20,20,18,12,12,11,15,20,20,12,8
1813,AustraliaandNewZealand,927,Finland,246,9718,9656,9420,9489,9520,9210,9779,4790,4718,4380,4269,4068,3793,3962,4928,4938,5040,5220,5452,5417,5817
1814,AustraliaandNewZealand,927,Iceland,352,342,480,560,670,700,610,613,179,257,308,352,356,333,320,163,223,252,318,344,277,293
1815,AustraliaandNewZealand,927,Ireland,372,59052,60553,60127,62278,79027,99928,105103,30653,31325,31016,32256,42349,53332,56013,28399,29228,29111,30022,36678,46596,49090
1816,AustraliaandNewZealand,927,IsleofMan,833,731,737,710,760,880,810,1000,383,377,361,395,467,453,523,348,360,349,365,413,357,477
1817,AustraliaandNewZealand,927,Latvia,428,10144,9573,7370,6309,5590,4990,5072,5154,4728,3463,2869,2352,2020,2067,4990,4845,3907,3440,3238,2970,3005
1818,AustraliaandNewZealand,927,Lithuania,440,4818,4843,3850,3300,3090,3370,3822,2592,2519,1898,1516,1314,1392,1561,2226,2324,1952,1784,1776,1978,2261
1819,AustraliaandNewZealand,927,Norway,578,2622,3411,3990,4380,4350,4360,4748,1539,1907,2168,2188,2080,1961,2175,1083,1504,1822,2192,2270,2399,2573
1820,AustraliaandNewZealand,927,Sweden,752,6216,7256,8043,9673,11323,12882,15052,3304,3752,4059,4628,5103,5567,6474,2912,3504,3984,5045,6220,7315,8578
1821,AustraliaandNewZealand,927,UnitedKingdom,826,1339092,1317881,1340042,1349653,1436067,1471074,1571895,676118,663800,672239,678172,724474,748000,798065,662974,654081,667803,671481,711593,723074,773830
1822,AustraliaandNewZealand,927,Albania,8,984,1315,1530,2270,2880,3460,3941,681,803,873,1214,1476,1793,2052,303,512,657,1056,1404,1667,1889
1823,AustraliaandNewZealand,927,Andorra,20,333,181,30,30,20,20,30,163,94,15,15,10,12,17,170,87,15,15,10,8,13
1824,AustraliaandNewZealand,927,BosniaandHerzegovina,70,22312,26278,28650,38394,39730,36750,38485,11394,13418,14675,19453,19885,18404,19186,10918,12860,13975,18941,19845,18346,19299
1825,AustraliaandNewZealand,927,Croatia,191,49238,55933,60428,71468,70392,63615,65511,25896,29318,31636,36913,35807,32241,32839,23342,26615,28792,34555,34585,31374,32672
1826,AustraliaandNewZealand,927,Gibraltar,292,409,447,480,490,480,490,515,198,215,221,243,247,244,266,211,232,259,247,233,246,249
1827,AustraliaandNewZealand,927,Greece,300,148090,142981,130780,128988,122520,115820,119831,76044,72846,66357,64526,60391,57050,58397,72046,70135,64423,64462,62129,58770,61434
1828,AustraliaandNewZealand,927,HolySee,336,0,0,0,0,0,0,0,0,0,0,0,0,0,0,0,0,0,0,0,0,0
1829,AustraliaandNewZealand,927,Italy,380,271520,261260,235440,221984,206461,200554,210070,145403,138378,124481,115769,106425,104606,108788,126117,122882,110959,106215,100036,95948,101282
1830,AustraliaandNewZealand,927,Malta,470,57407,57450,52610,51372,48660,44070,45357,30665,30363,27462,26543,24889,22558,23106,26742,27087,25148,24829,23771,21512,22251
1831,AustraliaandNewZealand,927,Montenegro,499,1297,3419,5330,4020,1880,2030,2196,650,1758,2770,2064,962,1033,1089,647,1661,2560,1956,918,997,1107
1832,AustraliaandNewZealand,927,NorthMacedonia,807,40724,46518,49560,51312,51470,49990,53144,21072,23997,25607,26331,26066,25344,26787,19652,22521,23953,24981,25404,24646,26357
1833,AustraliaandNewZealand,927,Portugal,620,19115,18951,17990,18157,18470,19140,20550,10098,9974,9375,9419,9500,9921,10603,9017,8977,8615,8738,8970,9219,9947
1834,AustraliaandNewZealand,927,SanMarino,674,0,0,0,0,0,0,0,0,0,0,0,0,0,0,0,0,0,0,0,0,0
1835,AustraliaandNewZealand,927,Serbia,688,44312,49660,52060,39289,35725,34923,36878,23142,25817,27056,20170,17959,17436,18240,21170,23843,25004,19119,17766,17487,18638
1836,AustraliaandNewZealand,927,Slovenia,705,7227,8185,8640,8759,8380,8060,8454,3914,4356,4540,4501,4215,4080,4183,3313,3829,4100,4258,4165,3980,4271
1837,AustraliaandNewZealand,927,Spain,724,15097,15025,14170,14318,14890,17730,19947,8181,8114,7448,7398,7552,9059,10065,6916,6911,6722,6920,7338,8671,9882
1838,AustraliaandNewZealand,927,Austria,40,23632,23972,22810,22316,21480,19330,20323,12900,12959,12141,11791,11327,10076,10574,10732,11013,10669,10525,10153,9254,9749
1839,AustraliaandNewZealand,927,Belgium,56,4620,5131,5320,5790,6510,7290,8067,2294,2525,2609,2856,3234,3722,4087,2326,2606,2711,2934,3276,3568,3980
1840,AustraliaandNewZealand,927,France,250,16414,17470,19683,23481,31279,40575,51976,8530,9042,9920,11832,16034,21207,26692,7884,8428,9763,11649,15245,19368,25284
1841,AustraliaandNewZealand,927,Germany,276,131750,131971,127192,133280,138224,132547,149642,64863,64530,62020,64456,66194,63579,71547,66887,67441,65172,68824,72030,68968,78095
1842,AustraliaandNewZealand,927,Liechtenstein,438,16,8,20,20,30,20,20,13,7,10,10,15,12,12,3,1,10,10,15,8,8
1843,AustraliaandNewZealand,927,Luxembourg,442,125,151,150,170,210,250,301,63,73,78,79,104,115,145,62,78,72,91,106,135,156
1844,AustraliaandNewZealand,927,Monaco,492,37,19,30,50,70,80,96,23,12,15,25,35,45,50,14,7,15,25,35,35,46
1845,AustraliaandNewZealand,927,Netherlands,528,128711,123030,114429,112743,109532,101209,105343,68519,64715,58932,57547,55438,51319,53205,60192,58315,55497,55196,54094,49890,52138
1846,AustraliaandNewZealand,927,Switzerland,756,11410,12612,14738,15938,17087,17375,19682,6316,6897,7788,8329,8783,8929,10104,5094,5715,6950,7609,8304,8446,9578
1847,AustraliaandNewZealand,927,Anguilla,660,0,0,0,0,0,0,0,0,0,0,0,0,0,0,0,0,0,0,0,0,0
1848,AustraliaandNewZealand,927,AntiguaandBarbuda,28,21,15,30,30,40,60,63,6,3,15,15,20,34,34,15,12,15,15,20,26,29
1849,AustraliaandNewZealand,927,Aruba,533,26,28,60,50,60,70,75,16,18,30,25,30,40,40,10,10,30,25,30,30,35
1850,AustraliaandNewZealand,927,Bahamas,44,178,230,270,270,280,310,332,92,109,126,121,120,144,155,86,121,144,149,160,166,177
1851,AustraliaandNewZealand,927,Barbados,52,301,345,370,380,430,450,483,169,195,207,209,231,246,271,132,150,163,171,199,204,212
1852,AustraliaandNewZealand,927,Bonaire,16,535,0,0,0,0,0,0,0,0,0,0,0,0,0,0,0,0,0,0,0,0
1853,AustraliaandNewZealand,927,BritishVirginIslands,92,6,3,0,0,0,0,0,3,2,0,0,0,0,0,3,1,0,0,0,0,0
1854,AustraliaandNewZealand,927,CaymanIslands,136,3,1,20,40,80,130,160,0,0,10,20,40,67,68,3,1,10,20,40,63,92
1855,AustraliaandNewZealand,927,Cuba,192,361,438,510,610,750,880,990,197,235,268,325,403,489,548,164,203,242,285,347,391,442
1856,AustraliaandNewZealand,927,CuraÃao,531,35,54,90,100,120,150,160,17,30,45,45,52,65,70,18,24,45,55,68,85,90
1857,AustraliaandNewZealand,927,Dominica,212,6,3,20,20,30,40,42,6,3,10,10,15,23,23,0,0,10,10,15,17,19
1858,AustraliaandNewZealand,927,DominicanRepublic,214,23,42,70,110,140,210,235,9,20,35,51,59,90,85,14,22,35,59,81,120,150
1859,AustraliaandNewZealand,927,Grenada,308,89,92,130,130,130,140,150,46,44,60,67,75,75,81,43,48,70,63,55,65,69
1860,AustraliaandNewZealand,927,Guadeloupe,312,9,4,10,20,20,20,20,3,1,5,10,10,12,12,6,3,5,10,10,8,8
1861,AustraliaandNewZealand,927,Haiti,332,43,53,90,90,100,120,138,22,27,45,45,43,64,74,21,26,45,45,57,56,64
1862,AustraliaandNewZealand,927,Jamaica,388,662,830,930,1000,1090,1290,1409,321,427,486,518,576,696,738,341,403,444,482,514,594,671
1863,AustraliaandNewZealand,927,Martinique,474,20,20,40,30,40,40,42,13,17,20,15,20,23,23,7,3,20,15,20,17,19
1864,AustraliaandNewZealand,927,Montserrat,500,0,0,0,0,0,0,0,0,0,0,0,0,0,0,0,0,0,0,0,0,0
1865,AustraliaandNewZealand,927,PuertoRico,630,46,85,140,160,150,170,204,24,33,54,71,71,96,109,22,52,86,89,79,74,95
1866,AustraliaandNewZealand,927,SaintBarthelemy,652,0,0,0,0,0,0,0,0,0,0,0,0,0,0,0,0,0,0,0,0,0
1867,AustraliaandNewZealand,927,SaintKittsandNevis,659,17,19,19,19,19,19,18,6,9,9,9,9,12,12,11,10,10,10,10,7,6
1868,AustraliaandNewZealand,927,SaintLucia,662,16,13,13,13,13,13,12,12,11,11,11,11,9,9,4,2,2,2,2,4,3
1869,AustraliaandNewZealand,927,SaintMartinFrenchpart,663,0,0,0,0,0,0,0,0,0,0,0,0,0,0,0,0,0,0,0,0,0
1870,AustraliaandNewZealand,927,SaintVincentandtheGrenadines,670,22,47,47,47,47,47,47,12,37,37,37,37,27,28,10,10,10,10,10,20,19
1871,AustraliaandNewZealand,927,SintMaartenDutchpart,534,0,0,0,0,0,0,0,0,0,0,0,0,0,0,0,0,0,0,0,0,0
1872,AustraliaandNewZealand,927,TrinidadandTobago,780,920,1205,1410,1560,1690,1910,2013,446,594,703,791,851,981,997,474,611,707,769,839,929,1016
1873,AustraliaandNewZealand,927,TurksandCaicosIslands,796,0,0,0,0,0,0,0,0,0,0,0,0,0,0,0,0,0,0,0,0,0
1874,AustraliaandNewZealand,927,UnitedStatesVirginIslands,850,0,0,0,0,0,0,0,0,0,0,0,0,0,0,0,0,0,0,0,0,0
1875,AustraliaandNewZealand,927,Belize,84,34,17,50,60,60,80,85,13,7,25,30,30,45,44,21,10,25,30,30,35,41
1876,AustraliaandNewZealand,927,CostaRica,188,236,307,350,380,440,500,580,122,161,189,200,227,254,299,114,146,161,180,213,246,281
1877,AustraliaandNewZealand,927,ElSalvador,222,8774,10028,10670,10749,10960,11350,12310,4331,4898,5193,5242,5349,5565,5984,4443,5130,5477,5507,5611,5785,6326
1878,AustraliaandNewZealand,927,Guatemala,320,217,276,310,350,410,540,613,108,138,154,162,192,258,296,109,138,156,188,218,282,317
1879,AustraliaandNewZealand,927,Honduras,340,124,146,180,230,240,320,343,68,71,94,128,122,153,163,56,75,86,102,118,167,180
1880,AustraliaandNewZealand,927,Mexico,484,777,1049,1270,1820,3400,5390,6881,330,462,583,862,1695,2650,3336,447,587,687,958,1705,2740,3545
1881,AustraliaandNewZealand,927,Nicaragua,558,725,785,800,770,820,860,947,349,380,378,363,384,410,458,376,405,422,407,436,450,489
1882,AustraliaandNewZealand,927,Panama,591,118,138,140,170,220,250,289,62,79,70,97,130,134,138,56,59,70,73,90,116,151
1883,AustraliaandNewZealand,927,Argentina,32,13574,13057,12393,13957,15060,17280,22036,6806,6503,6101,6836,7402,8472,10696,6768,6554,6292,7121,7658,8808,11340
1884,AustraliaandNewZealand,927,BoliviaPlurinationalStateof,68,509,622,700,770,860,1050,1183,245,300,339,363,404,500,558,264,322,361,407,456,550,625
1885,AustraliaandNewZealand,927,Brazil,76,3644,4845,5388,9215,19278,30518,51640,1803,2274,2461,4345,9212,14606,24928,1841,2571,2927,4870,10066,15912,26712
1886,AustraliaandNewZealand,927,Chile,152,29971,28801,26815,28182,30204,32683,38578,14739,14047,12953,13585,14628,15983,18833,15232,14754,13862,14597,15576,16700,19745
1887,AustraliaandNewZealand,927,Colombia,170,2341,3436,4209,6182,13200,21007,31101,1100,1631,2031,2899,6296,9863,14651,1241,1805,2178,3283,6904,11144,16450
1888,AustraliaandNewZealand,927,Ecuador,218,1085,1316,1460,1650,1940,2810,2949,573,665,723,804,954,1397,1468,512,651,737,846,986,1413,1481
1889,AustraliaandNewZealand,927,FalklandIslandsMalvinas,238,78,112,130,120,130,120,117,42,58,66,59,65,60,58,36,54,64,61,65,60,59
1890,AustraliaandNewZealand,927,FrenchGuiana,254,6,3,10,10,10,20,20,0,0,5,5,5,12,12,6,3,5,5,5,8,8
1891,AustraliaandNewZealand,927,Guyana,328,426,492,520,560,600,660,709,202,227,233,267,279,312,346,224,265,287,293,321,348,363
1892,AustraliaandNewZealand,927,Paraguay,600,277,343,360,410,450,500,613,148,168,164,193,206,234,287,129,175,196,217,244,266,326
1893,AustraliaandNewZealand,927,Peru,604,3795,4928,5770,6679,9610,11270,12698,1640,2142,2520,2916,4319,4974,5549,2155,2786,3250,3763,5291,6296,7149
1894,AustraliaandNewZealand,927,Suriname,740,68,76,90,100,120,170,181,31,32,45,51,52,71,71,37,44,45,49,68,99,110
1895,AustraliaandNewZealand,927,Uruguay,858,11795,11366,10570,10789,10630,10580,11449,5821,5550,5161,5199,5108,5129,5506,5974,5816,5409,5590,5522,5451,5943
1896,AustraliaandNewZealand,927,VenezuelaBolivarianRepublicof,862,606,915,1170,1580,3350,5760,7560,278,431,560,726,1631,2911,3795,328,484,610,854,1719,2849,3765
1897,AustraliaandNewZealand,927,Bermuda,60,351,392,410,460,520,580,623,180,196,200,226,262,290,302,171,196,210,234,258,290,321
1898,AustraliaandNewZealand,927,Canada,124,34018,35154,37803,44845,53880,62540,73817,16589,17004,18321,21601,25563,29606,34580,17429,18150,19482,23244,28317,32934,39237
1899,AustraliaandNewZealand,927,Greenland,304,0,0,0,0,0,0,0,0,0,0,0,0,0,0,0,0,0,0,0,0,0
1900,AustraliaandNewZealand,927,SaintPierreandMiquelon,666,0,0,0,0,0,0,0,0,0,0,0,0,0,0,0,0,0,0,0,0,0
1901,AustraliaandNewZealand,927,UnitedStatesofAmerica,840,61880,66543,72674,87480,105124,126950,152609,32562,35294,37041,44081,52699,64798,75210,29318,31249,35633,43399,52425,62152,77399
1902,AustraliaandNewZealand,927,Australia,36,47778,53227,54744,60001,63086,65161,85289,22335,24935,26608,29123,30570,31511,41245,25443,28292,28136,30878,32516,33650,44044
1903,AustraliaandNewZealand,927,NewZealand,554,298309,310921,365060,423478,517780,575430,611266,153968,159309,186460,216801,266553,296315,313603,144341,151612,178600,206677,251227,279115,297663
1904,AustraliaandNewZealand,927,Fiji,242,53890,58606,71729,90858,109783,127415,145131,26265,27793,34196,43338,52209,60958,69202,27625,30813,37533,47520,57574,66457,75929
1905,AustraliaandNewZealand,927,NewCaledonia,540,1190,1252,1210,1260,1460,1560,1754,495,522,509,552,676,693,795,695,730,701,708,784,867,959
1906,AustraliaandNewZealand,927,PapuaNewGuinea,598,1160,1560,1117,1199,1309,1399,1618,540,733,543,582,635,677,783,620,827,574,617,674,722,835
1907,AustraliaandNewZealand,927,SolomonIslands,90,1052,1263,1400,1640,1930,2300,2627,493,582,634,720,864,1055,1179,559,681,766,920,1066,1245,1448
1908,AustraliaandNewZealand,927,Vanuatu,548,861,1005,1060,1180,1300,1380,1592,405,481,525,563,615,714,800,456,524,535,617,685,666,792
1909,AustraliaandNewZealand,927,Guam,316,40,36,50,80,100,120,127,19,15,25,40,50,66,65,21,21,25,40,50,54,62
1910,AustraliaandNewZealand,927,Kiribati,296,938,1149,932,1276,1778,2183,3102,419,514,402,574,799,992,1437,519,635,530,702,979,1191,1665
1911,AustraliaandNewZealand,927,MarshallIslands,584,26,18,30,40,40,50,52,12,6,15,20,20,29,28,14,12,15,20,20,21,24
1912,AustraliaandNewZealand,927,MicronesiaFedStatesof,583,6,8,20,30,20,40,30,3,2,10,15,10,23,17,3,6,10,15,10,17,13
1913,AustraliaandNewZealand,927,Nauru,520,463,491,500,570,630,690,785,216,230,241,294,345,340,383,247,261,259,276,285,350,402
1914,AustraliaandNewZealand,927,NorthernMarianaIslands,580,6,3,0,0,0,0,0,3,2,0,0,0,0,0,3,1,0,0,0,0,0
1915,AustraliaandNewZealand,927,Palau,585,0,0,0,0,0,0,0,0,0,0,0,0,0,0,0,0,0,0,0,0,0
1916,AustraliaandNewZealand,927,AmericanSamoa,16,64,94,120,120,120,120,0,33,58,60,60,60,67,0,31,36,60,60,60,53,0
1917,AustraliaandNewZealand,927,CookIslands,184,17431,16949,19411,19515,20498,21500,21054,8354,8123,9467,9528,10043,10669,10431,9077,8826,9944,9987,10455,10831,10623
1918,AustraliaandNewZealand,927,FrenchPolynesia,258,236,317,350,390,470,530,590,91,134,149,151,186,231,268,145,183,201,239,284,299,322
1919,AustraliaandNewZealand,927,Niue,570,5821,5500,5641,5219,5307,5304,5141,2812,2609,2728,2547,2582,2590,2521,3009,2891,2913,2672,2725,2714,2620
1920,AustraliaandNewZealand,927,Samoa,882,47973,50726,58929,65054,71386,80420,90701,22992,24074,28627,31620,34779,39459,44525,24981,26652,30302,33434,36607,40961,46176
1921,AustraliaandNewZealand,927,Tokelau,772,1520,1646,1897,1937,2035,2060,2008,754,819,937,962,1025,1042,1016,766,827,960,975,1010,1018,992
1922,AustraliaandNewZealand,927,Tonga,776,18997,21010,25654,28342,31690,35171,41567,9490,10363,12637,13970,15700,17661,20783,9507,10647,13017,14372,15990,17510,20784
1923,AustraliaandNewZealand,927,Tuvalu,798,1097,1469,1109,1313,1484,1674,2117,513,692,540,638,710,819,1021,584,777,569,675,774,855,1096
1924,AustraliaandNewZealand,927,WallisandFutunaIslands,876,0,0,0,0,0,0,0,0,0,0,0,0,0,0,0,0,0,0,0,0,0
1925,EuropeandNorthernAmerica,1829,SubSaharanAfrica,947,2115198,2636239,3210207,4290574,5297963,6236418,7596926,1119417,1383067,1673846,2202846,2707429,3106577,3851730,995781,1253172,1536361,2087728,2590534,3129841,3745196
1926,EuropeandNorthernAmerica,1829,NorthernAfricaandWesternAsia,1833,9026443,9726986,10278117,11364130,12225740,13932575,16297205,4894713,5320328,5705831,6246186,6735394,7487125,8785027,4131730,4406658,4572286,5117944,5490346,6445450,7512178
1927,EuropeandNorthernAmerica,1829,CentralandSouthernAsia,921,7694628,9037283,10277132,11953704,13572926,15423946,17224212,3903307,4595424,5239011,6130999,7020648,7945049,8853775,3791321,4441859,5038121,5822705,6552278,7478897,8370437
1928,EuropeandNorthernAmerica,1829,EasternandSouthEasternAsia,1832,6030787,7563689,9155926,10558683,12174384,13678341,13927899,2795964,3514998,4263548,4876552,5523275,6091885,6134146,3234823,4048691,4892378,5682131,6651109,7586456,7793753
1929,EuropeandNorthernAmerica,1829,LatinAmericaandtheCaribbean,1830,11080705,15610268,20344798,24472260,28715874,29467900,30931557,5464890,7724208,10084543,12128999,13983373,14253840,14741118,5615815,7886060,10260255,12343261,14732501,15214060,16190439
1930,EuropeandNorthernAmerica,1829,OceaniaexcludingAustraliaandNewZealand,1835,61856,86455,112493,115916,122578,139517,171307,30236,42147,54848,56604,59035,66492,81202,31620,44308,57645,59312,63543,73025,90105
1931,EuropeandNorthernAmerica,1829,AustraliaandNewZealand,927,265406,312311,364733,399180,445570,488980,569354,117932,138493,161388,180457,209512,225406,261866,147474,173818,203345,218723,236058,263574,307488
1932,EuropeandNorthernAmerica,1829,EuropeandNorthernAmerica,1829,36782091,38646242,40567781,42361934,45836521,47416898,53305121,17151806,17966653,18788777,19652725,21078830,21817875,24900932,19630285,20679589,21779004,22709209,24757691,25599023,28404189
1933,EuropeandNorthernAmerica,1829,Developedregions,901,37454158,39413527,41437984,43269305,46805717,48410710,54392280,17463564,18321274,19189844,20070006,21526332,22265964,25387360,19990594,21092253,22248140,23199299,25279385,26144746,29004920
1934,EuropeandNorthernAmerica,1829,Lessdevelopedregions,902,35602956,44205946,52873203,62247076,71585839,78373865,85631301,18014701,22364044,26781948,31405362,35791164,38728285,42222436,17588255,21841902,26091255,30841714,35794675,39645580,43408865
1935,EuropeandNorthernAmerica,1829,Lessdevelopedregions,902,934,33385520,41434136,49507552,57920859,66383673,71990601,77897957,16837838,20894750,24998926,29133039,33076631,35449908,38198093,16547682,20539386,24508626,28787820,33307042,36540693
1936,EuropeandNorthernAmerica,1829,Lessdevelopedregions,902,948,33932838,41984927,50080150,58866567,67550978,73409850,80898812,17193020,21270886,25406101,29750069,33846217,36375483,39992891,16739818,20714041,24674049,29116498,33704761,37034367
1937,EuropeandNorthernAmerica,1829,Leastdevelopedcountries,941,2217436,2771810,3365651,4326217,5202166,6383264,7733344,1176863,1469294,1783022,2272323,2714533,3278377,4024343,1040573,1302516,1582629,2053894,2487633,3104887,3709001
1938,EuropeandNorthernAmerica,1829,LandlockedDevelopingCountriesLLDC,1636,8520806,9140052,9549691,10474769,11465487,12224724,13608876,4159038,4541049,4820753,5269296,5719863,6069338,6755975,4361768,4599003,4728938,5205473,5745624,6155386,6852901
1939,EuropeandNorthernAmerica,1829,SmallislanddevelopingStatesSIDS,1637,4430287,5375692,6370413,6949708,7712376,8475629,9124830,2074711,2468861,2878812,3143319,3422890,3849623,4124341,2355576,2906831,3491601,3806389,4289486,4626006,5000489
1940,EuropeandNorthernAmerica,1829,Highincomecountries,1503,24322817,26061319,28281157,30714724,34578601,35844115,40303677,11469697,12240903,13211747,14449856,16144300,16834777,19226192,12853120,13820416,15069410,16264868,18434301,19009338,21077485
1941,EuropeandNorthernAmerica,1829,Middleincomecountries,1517,46988942,55418649,63488168,71513186,79870832,85786444,92761073,23100593,27312249,31399474,35283636,39116243,41464977,44652474,23888349,28106400,32088694,36229550,40754589,44321467,48108599
1942,EuropeandNorthernAmerica,1829,Uppermiddleincomecountries,1502,30503056,36384342,41859657,45863225,50657181,52870153,56177305,14764790,17718634,20510293,22455073,24518440,25270572,26669214,15738266,18665708,21349364,23408152,26138741,27599581,29508091
1943,EuropeandNorthernAmerica,1829,Lowermiddleincomecountries,1501,16485886,19034307,21628511,25649961,29213651,32916291,36583768,8335803,9593615,10889181,12828563,14597803,16194405,17983260,8150083,9440692,10739330,12821398,14615848,16721886,18600508
1944,EuropeandNorthernAmerica,1829,Lowincomecountries,1500,1736585,2124834,2521105,3268664,3916834,5123305,6922656,903340,1125416,1351637,1733153,2045638,2681050,3715485,833245,999418,1169468,1535511,1871196,2442255,3207171
1945,EuropeandNorthernAmerica,1829,EasternAfrica,910,817745,968888,1137804,1526730,1941942,2391532,2894512,402129,471673,549888,733408,920157,1112221,1358261,415616,497215,587916,793322,1021785,1279311,1536251
1946,EuropeandNorthernAmerica,1829,MiddleAfrica,911,409625,476125,554050,712696,799036,927889,1086280,206478,238985,275758,346991,382598,432903,512178,203147,237140,278292,365705,416438,494986,574102
1947,EuropeandNorthernAmerica,1829,NorthernAfrica,912,3116024,3370414,3702946,4854830,5434708,5963767,6696105,1807677,1922606,2086429,2687852,3062657,3239517,3611151,1308347,1447808,1616517,2166978,2372051,2724250,3084954
1948,EuropeandNorthernAmerica,1829,SouthernAfrica,913,164545,231399,303567,355471,443315,456409,541065,77767,109941,144658,170766,218584,214711,264892,86778,121458,158909,184705,224731,241698,276173
1949,EuropeandNorthernAmerica,1829,WesternAfrica,914,723283,959827,1214786,1695677,2113670,2460588,3075069,433043,562468,703542,951681,1186090,1346742,1716399,290240,397359,511244,743996,927580,1113846,1358670
1950,EuropeandNorthernAmerica,1829,CentralAsia,5500,5115171,5575273,5893187,6313040,6614698,6793861,7176645,2475834,2697343,2849330,3075443,3242512,3313066,3463477,2639337,2877930,3043857,3237597,3372186,3480795,3713168
1951,EuropeandNorthernAmerica,1829,EasternAsia,906,2786678,3582100,4404656,5135711,5967313,6832923,6635962,1357915,1746924,2150905,2497321,2858916,3222680,3109013,1428763,1835176,2253751,2638390,3108397,3610243,3526949
1952,EuropeandNorthernAmerica,1829,SouthEasternAsia,920,3244109,3981589,4751270,5422972,6207071,6845418,7291937,1438049,1768074,2112643,2379231,2664359,2869205,3025133,1806060,2213515,2638627,3043741,3542712,3976213,4266804
1953,EuropeandNorthernAmerica,1829,SouthernAsia,5501,2579457,3462010,4383945,5640664,6958228,8630085,10047567,1427473,1898081,2389681,3055556,3778136,4631983,5390298,1151984,1563929,1994264,2585108,3180092,3998102,4657269
1954,EuropeandNorthernAmerica,1829,WesternAsia,922,5910419,6356572,6575171,6509300,6791032,7968808,9601100,3087036,3397722,3619402,3558334,3672737,4247608,5173876,2823383,2958850,2955769,2950966,3118295,3721200,4427224
1955,EuropeandNorthernAmerica,1829,EasternEurope,923,17548558,17692768,18059753,19903523,21989284,23108447,26116411,7998189,7968375,8019712,8873074,9784382,10256687,11741395,9550369,9724393,10040041,11030449,12204902,12851760,14375016
1956,EuropeandNorthernAmerica,1829,NorthernEurope,924,4357087,4347572,4471303,4756676,5067570,5177538,5584836,2021091,2009357,2069082,2232810,2369565,2434227,2653756,2335996,2338215,2402221,2523866,2698005,2743311,2931080
1957,EuropeandNorthernAmerica,1829,SouthernEurope,925,8260601,9711104,10680499,9676043,9979817,10223374,12028173,4206373,4906671,5375594,4870946,4959540,5066878,6090492,4054228,4804433,5304905,4805097,5020277,5156496,5937681
1958,EuropeandNorthernAmerica,1829,WesternEurope,926,4846399,5097268,5506402,6068658,6728694,6835134,7386877,2185594,2333752,2556042,2856924,3119993,3207193,3503252,2660805,2763516,2950360,3211734,3608701,3627941,3883625
1959,EuropeandNorthernAmerica,1829,Caribbean,915,3608815,4448024,5318085,5791816,6474081,7117368,7717139,1686815,2032115,2384077,2599445,2852982,3234465,3486462,1922000,2415909,2934008,3192371,3621099,3882903,4230677
1960,EuropeandNorthernAmerica,1829,CentralAmerica,916,5555449,8590621,11697896,13394767,15546508,15573055,15341098,2923626,4548323,6217613,7142816,8178368,8099017,7894872,2631823,4042298,5480283,6251951,7368140,7474038,7446226
1961,EuropeandNorthernAmerica,1829,SouthAmerica,931,1916441,2571623,3328817,5285677,6695285,6777477,7873320,854449,1143770,1482853,2386738,2952023,2920358,3359784,1061992,1427853,1845964,2898939,3743262,3857119,4513536
1962,EuropeandNorthernAmerica,1829,Melanesia,928,33089,46521,60727,66796,74233,82389,89732,15960,22419,29290,32175,35286,38635,41827,17129,24102,31437,34621,38947,43754,47905
1963,EuropeandNorthernAmerica,1829,Micronesia,954,4183,9177,14534,13739,13474,15935,22864,2052,4546,7238,6901,6716,7872,11158,2131,4631,7296,6838,6758,8063,11706
1964,EuropeandNorthernAmerica,1829,Polynesia,957,24584,30757,37232,35381,34871,41193,58711,12224,15182,18320,17528,17033,19985,28217,12360,15575,18912,17853,17838,21208,30494
1965,EuropeandNorthernAmerica,1829,Burundi,108,4605,7301,10173,19729,26234,30174,34642,2389,3583,4881,9595,12368,13970,16044,2216,3718,5292,10134,13866,16204,18598
1966,EuropeandNorthernAmerica,1829,Comoros,174,18946,19599,20251,30750,35027,38739,42564,9295,9448,9598,15267,16209,17345,19116,9651,10151,10653,15483,18818,21394,23448
1967,EuropeandNorthernAmerica,1829,Djibouti,262,3432,3888,4397,7997,9048,11397,12805,1816,2010,2238,3832,4402,5458,6109,1616,1878,2159,4165,4646,5939,6696
1968,EuropeandNorthernAmerica,1829,Eritrea,232,24293,37171,50647,72142,95804,202021,305276,12243,18021,24120,35920,48917,105606,167735,12050,19150,26527,36222,46887,96415,137541
1969,EuropeandNorthernAmerica,1829,Ethiopia,231,115411,133057,150612,213967,288718,379500,436283,57777,67725,77644,109564,145876,183323,211309,57634,65332,72968,104403,142842,196177,224974
1970,EuropeandNorthernAmerica,1829,Kenya,404,149675,175763,204835,236734,294708,322476,373879,76193,88241,101685,115468,145154,153333,175932,73482,87522,103150,121266,149554,169143,197947
1971,EuropeandNorthernAmerica,1829,Madagascar,450,43363,46185,49652,116957,125808,139166,153894,17953,18567,19426,49188,47721,50539,55883,25410,27618,30226,67769,78087,88627,98011
1972,EuropeandNorthernAmerica,1829,Malawi,454,11224,12098,13275,15190,16262,19330,21890,5805,6133,6601,7396,8091,9270,10422,5419,5965,6674,7794,8171,10060,11468
1973,EuropeandNorthernAmerica,1829,Mauritius,480,81402,86052,91567,99110,108074,121865,134101,36230,37746,39725,44076,47614,52725,58041,45172,48306,51842,55034,60460,69140,76060
1974,EuropeandNorthernAmerica,1829,Mayotte,175,0,0,0,0,7,0,0,0,0,0,0,5,0,0,0,0,0,0,2,0,0
1975,EuropeandNorthernAmerica,1829,Mozambique,508,78571,79537,85205,85423,74104,84471,96277,37580,37650,40116,40278,35061,38027,44587,40991,41887,45089,45145,39043,46444,51690
1976,EuropeandNorthernAmerica,1829,Reunion,638,74,78,85,212,279,307,331,38,41,45,110,148,156,170,36,37,40,102,131,151,161
1977,EuropeandNorthernAmerica,1829,Rwanda,646,8383,11350,14813,27363,32005,37129,40767,4465,5686,7210,12947,14578,16853,18438,3918,5664,7603,14416,17427,20276,22329
1978,EuropeandNorthernAmerica,1829,Seychelles,690,26380,15832,5678,5915,6261,6992,7674,12519,7205,2062,2168,2271,2480,2712,13861,8627,3616,3747,3990,4512,4962
1979,EuropeandNorthernAmerica,1829,Somalia,706,66626,121016,177547,250559,374322,435729,540924,34692,61383,89122,123845,176645,204084,256072,31934,59633,88425,126714,197677,231645,284852
1980,EuropeandNorthernAmerica,1829,SouthSudan,728,1,1,2,2,26,5640,6350,0,0,1,2,11,3052,3438,1,1,1,0,15,2588,2912
1981,EuropeandNorthernAmerica,1829,Uganda,800,70204,76740,84535,97107,114995,140887,175619,35846,38393,41517,46091,54338,65339,80128,34358,38347,43018,51016,60657,75548,95491
1982,EuropeandNorthernAmerica,1829,UnitedRepublicofTanzania,834,59611,64667,70734,81528,97259,122559,154147,30464,32761,35522,40899,49324,59915,74720,29147,31906,35212,40629,47935,62644,79427
1983,EuropeandNorthernAmerica,1829,Zambia,894,23528,28165,33498,43115,51974,64921,81463,11682,13626,15870,20148,23439,28456,35058,11846,14539,17628,22967,28535,36465,46405
1984,EuropeandNorthernAmerica,1829,Zimbabwe,716,32016,50388,70298,122930,191027,228229,275626,15142,23454,32505,56614,87985,102290,122347,16874,26934,37793,66316,103042,125939,153279
1985,EuropeandNorthernAmerica,1829,Angola,24,167071,186552,213297,229234,202931,234423,273220,80226,89681,102964,111303,98055,108323,129235,86845,96871,110333,117931,104876,126100,143985
1986,EuropeandNorthernAmerica,1829,Cameroon,120,50098,65198,80830,135210,177251,223916,277665,24604,32508,40719,65776,83164,103745,130788,25494,32690,40111,69434,94087,120171,146877
1987,EuropeandNorthernAmerica,1829,CentralAfricanRepublic,140,9108,9688,10448,16271,17746,20480,22702,4628,4830,5133,8012,8576,9700,10809,4480,4858,5315,8259,9170,10780,11893
1988,EuropeandNorthernAmerica,1829,Chad,148,3593,4147,4839,8819,10019,11861,13733,2122,2419,2803,4957,5768,6608,7807,1471,1728,2036,3862,4251,5253,5926
1989,EuropeandNorthernAmerica,1829,Congo,178,61461,65761,70511,85781,95489,104181,115056,33636,35061,36741,42981,48412,51343,56822,27825,30700,33770,42800,47077,52838,58234
1990,EuropeandNorthernAmerica,1829,DemocraticRepublicoftheCongo,180,95273,116607,136637,181636,233642,268185,309456,50185,61348,70250,89695,111794,125695,145030,45088,55259,66387,91941,121848,142490,164426
1991,EuropeandNorthernAmerica,1829,EquatorialGuinea,226,8443,9544,13828,18592,22725,20758,24361,4069,4360,6093,7255,8680,7948,9113,4374,5184,7735,11337,14045,12810,15248
1992,EuropeandNorthernAmerica,1829,Gabon,266,8697,9411,10506,20098,22174,24729,27693,4248,4528,5011,9262,10461,11329,12693,4449,4883,5495,10836,11713,13400,15000
1993,EuropeandNorthernAmerica,1829,SaoTomeandPrincipe,678,5881,9217,13154,17055,17059,19356,22394,2760,4250,6044,7750,7688,8212,9881,3121,4967,7110,9305,9371,11144,12513
1994,EuropeandNorthernAmerica,1829,Algeria,12,866350,917311,973710,1525989,1575944,1742375,1926033,494365,519965,549136,799922,875330,938870,1037461,371985,397346,424574,726067,700614,803505,888572
1995,EuropeandNorthernAmerica,1829,Egypt,818,228591,276274,326706,386115,449807,531356,603552,138272,164466,192157,235906,274526,315055,357058,90319,111808,134549,150209,175281,216301,246494
1996,EuropeandNorthernAmerica,1829,Libya,434,24054,26933,31335,54205,75367,84451,107972,13464,14936,17417,29216,39930,44284,58333,10590,11997,13918,24989,35437,40167,49639
1997,EuropeandNorthernAmerica,1829,Morocco,504,1566758,1691094,1882503,2280618,2667818,2770042,3061648,895478,946888,1040223,1275321,1485512,1476268,1608678,671280,744206,842280,1005297,1182306,1293774,1452970
1998,EuropeandNorthernAmerica,1829,Sudan,729,13865,30974,49404,70923,90440,103199,137881,8833,18494,29023,39443,47543,52912,70500,5032,12480,20381,31480,42897,50287,67381
1999,EuropeandNorthernAmerica,1829,Tunisia,788,416073,427585,439139,536855,575263,731124,857691,257000,257688,258400,307981,339783,411508,478449,159073,169897,180739,228874,235480,319616,379242
2000,EuropeandNorthernAmerica,1829,WesternSahara,732,333,243,149,125,69,1220,1328,265,169,73,63,33,620,672,68,74,76,62,36,600,656
2001,EuropeandNorthernAmerica,1829,Botswana,72,2690,2861,3127,3710,3836,4932,5436,1431,1488,1591,1806,1894,2323,2537,1259,1373,1536,1904,1942,2609,2899
2002,EuropeandNorthernAmerica,1829,Eswatini,748,429,918,1433,2025,2373,2815,3122,219,437,668,931,1116,1314,1460,210,481,765,1094,1257,1501,1662
2003,EuropeandNorthernAmerica,1829,Lesotho,426,322,495,693,970,1023,1224,1362,153,220,299,411,436,544,601,169,275,394,559,587,680,761
2004,EuropeandNorthernAmerica,1829,Namibia,516,1039,1723,2586,3673,4055,5000,5809,508,836,1244,1664,1864,2298,2652,531,887,1342,2009,2191,2702,3157
2005,EuropeandNorthernAmerica,1829,SouthAfrica,710,160065,225402,295728,345093,432028,442438,525336,75456,106960,140856,165954,213274,208232,257642,84609,118442,154872,179139,218754,234206,267694
2006,EuropeandNorthernAmerica,1829,Benin,204,14821,16039,17264,24610,28000,31979,37143,8505,9041,9581,14090,15703,17529,20797,6316,6998,7683,10520,12297,14450,16346
2007,EuropeandNorthernAmerica,1829,BurkinaFaso,854,6356,9940,13592,20542,25415,28589,33874,3617,5974,8378,12622,15818,17277,20962,2739,3966,5214,7920,9597,11312,12912
2008,EuropeandNorthernAmerica,1829,CaboVerde,132,80207,95035,112516,126635,135078,152159,167504,36708,44164,53013,59037,61431,67276,74932,43499,50871,59503,67598,73647,84883,92572
2009,EuropeandNorthernAmerica,1829,CotedIvoire,384,49203,62347,75745,128898,157596,183923,223982,24351,31364,38528,64483,78521,89080,112713,24852,30983,37217,64415,79075,94843,111269
2010,EuropeandNorthernAmerica,1829,Gambia,270,12638,18539,25892,42286,58439,76900,118935,8566,11957,16404,27040,38072,50234,83065,4072,6582,9488,15246,20367,26666,35870
2011,EuropeandNorthernAmerica,1829,Ghana,288,126028,174224,224074,284795,356289,427430,509861,72799,97870,123828,161669,202665,239375,287339,53229,76354,100246,123126,153624,188055,222522
2012,EuropeandNorthernAmerica,1829,Guinea,324,14679,19915,26451,57929,81966,98886,136633,8542,11618,15415,34096,47397,53987,79793,6137,8297,11036,23833,34569,44899,56840
2013,EuropeandNorthernAmerica,1829,GuineaBissau,624,16093,24127,33084,35049,37707,41154,51682,9534,14440,20006,21650,23071,23960,31534,6559,9687,13078,13399,14636,17194,20148
2014,EuropeandNorthernAmerica,1829,Liberia,430,18291,34614,51680,70186,89157,101731,123115,10031,18476,27432,36407,45036,50470,60307,8260,16138,24248,33779,44121,51261,62808
2015,EuropeandNorthernAmerica,1829,Mali,466,51330,54109,57202,74461,102042,114389,136076,33374,34893,36689,49448,69567,76025,93131,17956,19216,20513,25013,32475,38364,42945
2016,EuropeandNorthernAmerica,1829,Mauritania,478,13239,14404,16061,23531,31160,31683,34669,9329,10154,11373,17010,22603,21677,23258,3910,4250,4688,6521,8557,10006,11411
2017,EuropeandNorthernAmerica,1829,Niger,562,3418,3877,4662,8081,9836,11597,13923,2065,2354,2905,4756,5814,6736,8415,1353,1523,1757,3325,4022,4861,5508
2018,EuropeandNorthernAmerica,1829,Nigeria,566,147050,227250,312871,459139,577281,688506,921160,88826,134814,183957,239249,294391,349616,478594,58224,92436,128914,219890,282890,338890,442566
2019,EuropeandNorthernAmerica,1829,SaintHelena,654,508,1912,3351,2866,3018,3612,4094,271,777,1293,1133,1232,1413,1581,237,1135,2058,1733,1786,2199,2513
2020,EuropeandNorthernAmerica,1829,Senegal,686,130478,142657,156934,229521,299105,328206,403132,94260,99683,106818,149570,200730,210405,258241,36218,42974,50116,79951,98375,117801,144891
2021,EuropeandNorthernAmerica,1829,SierraLeone,694,19598,34701,50399,64155,71496,83513,92565,11003,19481,28315,34565,35358,40064,44669,8595,15220,22084,29590,36138,43449,47896
2022,EuropeandNorthernAmerica,1829,Togo,768,19346,26137,33008,42993,50085,56331,66721,11262,15408,19607,24856,28681,31618,37068,8084,10729,13401,18137,21404,24713,29653
2023,EuropeandNorthernAmerica,1829,Kazakhstan,398,2833531,3188181,3461064,3631677,3717655,3807239,4123099,1368346,1510142,1612796,1698627,1742564,1774727,1898344,1465185,1678039,1848268,1933050,1975091,2032512,2224755
2024,EuropeandNorthernAmerica,1829,Kyrgyzstan,417,482942,518097,537543,622657,694538,711218,740399,234469,250729,259342,301439,337204,343343,351657,248473,267368,278201,321218,357334,367875,388742
2025,EuropeandNorthernAmerica,1829,Tajikistan,762,471192,459514,434122,483712,524601,535546,547136,229213,241468,246477,277856,304209,309396,316702,241979,218046,187645,205856,220392,226150,230434
2026,EuropeandNorthernAmerica,1829,Turkmenistan,795,249188,232511,213010,218546,221114,225486,229177,122626,114228,104190,105496,105330,106836,108344,126562,118283,108820,113050,115784,118650,120833
2027,EuropeandNorthernAmerica,1829,Uzbekistan,860,1078318,1176970,1247448,1356448,1456790,1514372,1536834,521180,580776,626525,692025,753205,778764,788430,557138,596194,620923,664423,703585,735608,748404
2028,EuropeandNorthernAmerica,1829,China,156,1203377,1719566,2249320,2839938,3485622,4374573,4123065,591795,846391,1108381,1388993,1675733,2066661,1935731,611582,873175,1140939,1450945,1809889,2307912,2187334
2029,EuropeandNorthernAmerica,1829,China,156,344,454058,486876,527018,523128,530841,569148,582668,223727,239712,259389,257817,260303,276581,281179,230331,247164,267629,265311,270538,292567
2030,EuropeandNorthernAmerica,1829,China,156,446,12683,14577,16715,17443,18398,20294,26756,6159,7055,8077,8483,8911,9560,12635,6524,7522,8638,8960,9487,10734
2031,EuropeandNorthernAmerica,1829,China,156,158,0,0,0,0,0,0,0,0,0,0,0,0,0,0,0,0,0,0,0,0
2032,EuropeandNorthernAmerica,1829,DemPeoplesRepublicofKorea,408,15662,15473,15247,24673,25675,25880,28010,7701,7833,7964,12885,14301,14507,15398,7961,7640,7283,11788,11374,11373,12612
2033,EuropeandNorthernAmerica,1829,Japan,392,406661,454974,505470,508191,523626,504832,517805,193826,216128,239679,236824,237990,222683,224562,212835,238846,265791,271367,285636,282149,293243
2034,EuropeandNorthernAmerica,1829,Mongolia,496,24264,26786,28779,32787,36192,39011,46818,11653,12423,12924,14120,15102,16057,19918,12611,14363,15855,18667,21090,22954,26900
2035,EuropeandNorthernAmerica,1829,RepublicofKorea,410,669973,863848,1062107,1189551,1346959,1299185,1310840,323054,417382,514491,578199,646576,616631,619590,346919,446466,547616,611352,700383,682554,691250
2036,EuropeandNorthernAmerica,1829,BruneiDarussalam,96,5003,6279,7734,8551,8661,10044,11058,2492,3071,3733,4156,4323,4932,5387,2511,3208,4001,4395,4338,5112,5671
2037,EuropeandNorthernAmerica,1829,Cambodia,116,211338,225311,239800,235847,253677,282501,266203,101672,108173,115031,112261,119347,131164,122389,109666,117138,124769,123586,134330,151337,143814
2038,EuropeandNorthernAmerica,1829,Indonesia,360,264409,271010,284553,290618,296559,295145,301966,127792,129139,133504,134571,136326,131853,132914,136617,141871,151049,156047,160233,163292,169052
2039,EuropeandNorthernAmerica,1829,LaoPeoplesDemocraticRepublic,418,240605,260829,281814,265590,266583,280020,246559,120897,131355,142335,134733,133432,138818,120448,119708,129474,139479,130857,133151,141202,126111
2040,EuropeandNorthernAmerica,1829,Malaysia,458,102737,118382,136550,152875,167732,191316,208949,50406,57940,66695,74235,81296,87879,94711,52331,60442,69855,78640,86436,103437,114238
2041,EuropeandNorthernAmerica,1829,Myanmar,104,34451,41693,49419,70510,96218,168315,194141,16831,20590,24608,35535,48403,83477,95217,17620,21103,24811,34975,47815,84838,98924
2042,EuropeandNorthernAmerica,1829,Philippines,608,1205577,1534862,1878075,2294618,2754634,3069342,3268274,448534,588139,732950,894496,1051974,1170652,1238717,757043,946723,1145125,1400122,1702660,1898690,2029557
2043,EuropeandNorthernAmerica,1829,Singapore,702,59124,69034,80469,84856,93739,111117,119368,27183,31426,36309,37960,41817,48464,51641,31941,37608,44160,46896,51922,62653,67727
2044,EuropeandNorthernAmerica,1829,Thailand,764,180788,241422,303015,382753,459766,539596,585219,60068,76175,92736,113194,132685,152910,157250,120720,165247,210279,269559,327081,386686,427969
2045,EuropeandNorthernAmerica,1829,TimorLeste,626,996,2745,4577,4184,3914,4593,5134,568,1574,2625,2369,2260,2591,2906,428,1171,1952,1815,1654,2002,2228
2046,EuropeandNorthernAmerica,1829,VietNam,704,939081,1210022,1485264,1632570,1805588,1893429,2085066,481606,620492,762117,835721,912496,916465,1003553,457475,589530,723147,796849,893092,976964,1081513
2047,EuropeandNorthernAmerica,1829,Afghanistan,4,116501,162660,209786,287624,331274,488234,829540,68149,94274,121049,167701,190577,287965,491255,48352,68386,88737,119923,140697,200269,338285
2048,EuropeandNorthernAmerica,1829,Bangladesh,50,156414,235460,318154,426898,556440,661523,781262,90614,137504,186381,238754,314397,371290,434777,65800,97956,131773,188144,242043,290233,346485
2049,EuropeandNorthernAmerica,1829,Bhutan,64,529,620,716,2015,3713,6463,6875,334,394,452,1133,1978,3344,3545,195,226,264,882,1735,3119,3330
2050,EuropeandNorthernAmerica,1829,India,356,1150626,1577698,2026980,2677817,3398891,4319010,4903820,593113,816361,1051236,1412938,1801077,2266588,2571899,557513,761337,975744,1264879,1597814,2052422,2331921
2051,EuropeandNorthernAmerica,1829,IranIslamicRepublicof,364,499207,584515,669181,751327,837336,958248,1068169,291746,333929,375583,422733,453901,512032,574157,207461,250586,293598,328594,383435,446216,494012
2052,EuropeandNorthernAmerica,1829,Maldives,462,224,306,386,459,529,555,643,124,174,218,259,284,311,355,100,132,168,200,245,244,288
2053,EuropeandNorthernAmerica,1829,Nepal,524,6701,15489,24595,71384,102461,178150,273397,4197,10092,16191,38846,55349,92562,140449,2504,5397,8404,32538,47112,85588,132948
2054,EuropeandNorthernAmerica,1829,Pakistan,586,439299,599352,769551,985070,1210138,1447037,1579241,256214,347619,444787,543844,688869,802198,863470,183085,251733,324764,441226,521269,644839,715771
2055,EuropeandNorthernAmerica,1829,SriLanka,144,209956,285910,364596,438070,517446,570865,604620,122982,157734,193784,229348,271704,295693,310391,86974,128176,170812,208722,245742,275172,294229
2056,EuropeandNorthernAmerica,1829,Armenia,51,653723,658092,644750,686924,718482,753011,772241,320923,347849,365344,383474,393945,408905,417885,332800,310243,279406,303450,324537,344106,354356
2057,EuropeandNorthernAmerica,1829,Azerbaijan,31,1056444,1038895,990817,957237,906979,927867,954069,516167,550156,568084,539362,501614,510589,523850,540277,488739,422733,417875,405365,417278,430219
2058,EuropeandNorthernAmerica,1829,Bahrain,48,1290,3681,6189,7247,7898,9573,10527,757,1917,3129,3748,4141,4942,5397,533,1764,3060,3499,3757,4631,5130
2059,EuropeandNorthernAmerica,1829,Cyprus,196,139949,128309,118596,118381,127188,130673,131579,73405,65954,59078,59038,64428,62041,63730,66544,62355,59518,59343,62760,68632,67849
2060,EuropeandNorthernAmerica,1829,Georgia,268,801693,818577,814822,755437,686519,701252,732955,392292,419818,436362,396359,350768,353042,370603,409401,398759,378460,359078,335751,348210,362352
2061,EuropeandNorthernAmerica,1829,Iraq,368,139008,237866,337987,447406,567804,730878,978793,82454,141833,202094,263468,331544,402318,543569,56554,96033,135893,183938,236260,328560,435224
2062,EuropeandNorthernAmerica,1829,Israel,376,161616,173811,186984,214031,240077,237041,259195,84668,91279,98487,114178,127848,125919,138133,76948,82532,88497,99853,112229,111122,121062
2063,EuropeandNorthernAmerica,1829,Jordan,400,68356,75925,84250,96439,110302,126704,153656,47771,51625,56064,63620,70005,78844,94524,20585,24300,28186,32819,40297,47860,59132
2064,EuropeandNorthernAmerica,1829,Kuwait,414,15506,28540,42572,48639,53827,65113,71224,8030,14680,21926,25650,28540,34245,37622,7476,13860,20646,22989,25287,30868,33602
2065,EuropeandNorthernAmerica,1829,Lebanon,422,288710,312549,336966,364045,399550,412478,463250,165142,175582,186375,204967,227074,232213,260535,123568,136967,150591,159078,172476,180265,202715
2066,EuropeandNorthernAmerica,1829,Oman,512,669,1889,3202,4285,4852,5963,6774,387,1079,1813,2361,2707,3279,3691,282,810,1389,1924,2145,2684,3083
2067,EuropeandNorthernAmerica,1829,Qatar,634,807,1707,2740,4126,5312,7171,8159,422,877,1404,2250,2872,3709,4336,385,830,1336,1876,2440,3462,3823
2068,EuropeandNorthernAmerica,1829,SaudiArabia,682,24268,35501,47333,73740,82827,150288,155511,11875,17363,23166,38417,42965,73013,76592,12393,18138,24167,35323,39862,77275,78919
2069,EuropeandNorthernAmerica,1829,StateofPalestine,275,32847,35198,37642,43611,50082,67847,95113,17260,18740,20274,24021,27834,36679,50568,15587,16458,17368,19590,22248,31168,44545
2070,EuropeandNorthernAmerica,1829,SyrianArabRepublic,760,121002,146518,172621,200704,222179,647116,1453197,73321,87661,102638,114869,127249,380863,856805,47681,58857,69983,85835,94930,266253,596392
2071,EuropeandNorthernAmerica,1829,Turkey,792,2388256,2622289,2688674,2408777,2511038,2871087,3194474,1282106,1388831,1437753,1280798,1318020,1471575,1641988,1106150,1233458,1250921,1127979,1193018,1399512,1552486
2072,EuropeandNorthernAmerica,1829,UnitedArabEmirates,784,5039,12880,21220,30251,37484,50443,65857,2910,7275,11917,16029,20085,26628,34713,2129,5605,9303,14222,17399,23815,31144
2073,EuropeandNorthernAmerica,1829,Yemen,887,11236,24345,37806,48020,58632,74303,94526,7146,15203,23494,25725,31098,38804,49335,4090,9142,14312,22295,27534,35499,45191
2074,EuropeandNorthernAmerica,1829,Belarus,112,1570032,1574003,1548057,1444459,1329694,1332266,1342955,724789,706374,674032,620480,559560,558494,563280,845243,867629,874025,823979,770134,773772,779675
2075,EuropeandNorthernAmerica,1829,Bulgaria,100,121003,165462,211337,414954,597346,673624,988160,61999,80555,99753,198377,282392,313631,473653,59004,84907,111584,216577,314954,359993,514507
2076,EuropeandNorthernAmerica,1829,Czechia,203,538125,595648,701013,729847,757473,797488,1000570,258362,277198,313587,325792,325425,342769,424071,279763,318450,387426,404055,432048,454719,576499
2077,EuropeandNorthernAmerica,1829,Hungary,348,335495,349558,370192,420227,467917,559177,671187,168150,174064,185563,206112,226632,272654,332035,167345,175494,184629,214115,241285,286523,339152
2078,EuropeandNorthernAmerica,1829,Poland,616,1435056,1554133,1849886,2710947,3564848,3924183,4666308,649533,688971,792431,1230211,1665989,1816535,2228084,785523,865162,1057455,1480736,1898859,2107648,2438224
2079,EuropeandNorthernAmerica,1829,RepublicofMoldova,498,567150,567128,559481,678311,796027,897689,1126057,263467,273811,280113,325925,370250,416850,540213,303683,293317,279368,352386,425777,480839,585844
2080,EuropeandNorthernAmerica,1829,Romania,642,648250,804812,965133,1942234,3208723,3262591,3821351,301322,382020,465367,914826,1513790,1499749,1804362,346928,422792,499766,1027408,1694933,1762842,2016989
2081,EuropeandNorthernAmerica,1829,RussianFederation,643,7548016,7062332,6673782,6397282,6255210,6214467,6657423,3271574,2995724,2762214,2671457,2596432,2596338,2737534,4276442,4066608,3911568,3725825,3658778,3618129,3919889
2082,EuropeandNorthernAmerica,1829,Slovakia,703,129750,186348,244453,264908,253317,339220,410582,64069,92319,121446,125010,115793,153207,191260,65681,94029,123007,139898,137524,186013,219322
2083,EuropeandNorthernAmerica,1829,Ukraine,804,4655681,4833344,4936419,4900354,4758729,5107742,5431818,2234924,2297339,2325206,2254884,2128119,2286460,2446903,2420757,2536005,2611213,2645470,2630610,2821282,2984915
2084,EuropeandNorthernAmerica,1829,ChannelIslands,830,18625,15545,12725,14744,15573,16343,17010,8720,7448,6281,7142,7702,8249,8782,9905,8097,6444,7602,7871,8094,8228
2085,EuropeandNorthernAmerica,1829,Denmark,208,183393,187838,195445,201040,208832,211558,227917,81778,84024,88662,94201,98884,99055,107407,101615,103814,106783,106839,109948,112503,120510
2086,EuropeandNorthernAmerica,1829,Estonia,233,107437,123522,136931,145518,148471,182719,199679,51438,57823,62915,65828,66343,81325,88421,55999,65699,74016,79690,82128,101394,111258
2087,EuropeandNorthernAmerica,1829,FaroeIslands,234,7501,9984,12380,12444,12324,13377,12907,2984,4105,5221,5180,5169,5718,5499,4517,5879,7159,7264,7155,7659,7408
2088,EuropeandNorthernAmerica,1829,Finland,246,236938,274631,300943,285367,276295,266619,294504,95455,109600,118957,114474,108899,102270,116580,141483,165031,181986,170893,167396,164349,177924
2089,EuropeandNorthernAmerica,1829,Iceland,352,17191,20873,25453,27600,31094,35649,41813,8405,10141,12363,13560,15384,17533,20313,8786,10732,13090,14040,15710,18116,21500
2090,EuropeandNorthernAmerica,1829,Ireland,372,849229,794568,750917,696085,634837,618156,607705,378307,349900,325851,304720,278653,273201,275029,470922,444668,425066,391365,356184,344955,332676
2091,EuropeandNorthernAmerica,1829,IsleofMan,833,10004,8266,6667,7723,8151,9767,11030,4715,3986,3314,3771,4065,4729,5291,5289,4280,3353,3952,4086,5038,5739
2092,EuropeandNorthernAmerica,1829,Latvia,428,190510,206660,219962,255547,265500,356961,367627,88246,94987,100448,114936,117167,160032,167214,102264,111673,119514,140611,148333,196929,200413
2093,EuropeandNorthernAmerica,1829,Lithuania,440,305480,313129,324352,392749,501623,539650,640678,135953,137275,140596,170883,218047,237629,281037,169527,175854,183756,221866,283576,302021,359641
2094,EuropeandNorthernAmerica,1829,Norway,578,127230,135325,142326,149915,153276,157581,161221,53661,56781,59622,64707,66530,67947,70740,73569,78544,82704,85208,86746,89634,90481
2095,EuropeandNorthernAmerica,1829,Sweden,752,190319,206764,234503,244509,265870,274088,294260,79243,87486,101574,107442,117019,122655,132204,111076,119278,132929,137067,148851,151433,162056
2096,EuropeandNorthernAmerica,1829,UnitedKingdom,826,2113230,2050467,2108699,2323435,2545724,2495070,2708485,1032186,1005801,1043278,1165966,1265703,1253884,1375239,1081044,1044666,1065421,1157469,1280021,1241186,1333246
2097,EuropeandNorthernAmerica,1829,Albania,8,177002,496355,818312,959259,1109660,1133748,1239265,107507,279375,451529,513839,576761,571685,637220,69495,216980,366783,445420,532899,562063,602045
2098,EuropeandNorthernAmerica,1829,Andorra,20,3404,3959,5544,5690,7042,7674,9880,1572,1844,2631,2719,3387,3631,4632,1832,2115,2913,2971,3655,4043,5248
2099,EuropeandNorthernAmerica,1829,BosniaandHerzegovina,70,832037,1338723,1464702,1459745,1530036,1553538,1644999,411929,651226,715614,705780,738565,743227,799664,420108,687497,749088,753965,791471,810311,845335
2100,EuropeandNorthernAmerica,1829,Croatia,191,372872,675890,843103,764200,745669,737752,968533,186441,331881,402242,360535,345353,340918,459677,186431,344009,440861,403665,400316,396834,508856
2101,EuropeandNorthernAmerica,1829,Gibraltar,292,11511,9619,7904,9085,9643,11345,12784,5435,4640,3918,4461,4836,5467,6104,6076,4979,3986,4624,4807,5878,6680
2102,EuropeandNorthernAmerica,1829,Greece,300,742479,754890,768212,647353,563469,601077,839191,394816,396805,399365,341791,298295,315182,451158,347663,358085,368847,305562,265174,285895,388033
2103,EuropeandNorthernAmerica,1829,HolySee,336,10,26,41,110,175,310,174,5,17,28,54,76,115,71,5,9,13,56,99,195,103
2104,EuropeandNorthernAmerica,1829,Italy,380,2516955,2467779,2432415,2124773,2036215,2103095,2678090,1302137,1276693,1258259,1114202,1058753,1109277,1452697,1214818,1191086,1174156,1010571,977462,993818,1225393
2105,EuropeandNorthernAmerica,1829,Malta,470,53095,52162,51998,48562,50204,48972,56837,25732,25068,24744,23155,24327,24430,28298,27363,27094,27254,25407,25877,24542,28539
2106,EuropeandNorthernAmerica,1829,Montenegro,499,75846,140983,177888,143748,146589,131697,130485,38052,68643,82520,68148,66640,60149,60321,37794,72340,95368,75600,79949,71548,70164
2107,EuropeandNorthernAmerica,1829,NorthMacedonia,807,340043,352645,344779,266209,329637,369732,440743,169987,176687,175148,137217,166689,184266,223545,170056,175958,169631,128992,162948,185466,217198
2108,EuropeandNorthernAmerica,1829,Portugal,620,1456022,1547744,1661068,1443079,1674571,1699228,1794331,740855,786199,843775,740162,853653,868138,922937,715167,761545,817293,702917,820918,831090,871394
2109,EuropeandNorthernAmerica,1829,SanMarino,674,1376,2420,3459,2880,2215,3631,2348,536,1101,1663,1276,850,1255,971,840,1319,1796,1604,1365,2376,1377
2110,EuropeandNorthernAmerica,1829,Serbia,688,694664,860995,1076048,916439,892998,783940,958315,369131,453454,563951,468679,442505,385173,474940,325533,407541,512097,447760,450493,398767,483375
2111,EuropeandNorthernAmerica,1829,Slovenia,705,82237,98399,107945,109010,113190,127037,150208,35102,42167,46657,47501,49523,56359,68422,47135,56232,61288,61509,63667,70678,81786
2112,EuropeandNorthernAmerica,1829,Spain,724,901048,908515,917081,775901,768504,910598,1101990,417136,410871,403550,341427,329327,397606,499835,483912,497644,513531,434474,439177,512992,602155
2113,EuropeandNorthernAmerica,1829,Austria,40,448009,432710,420017,437128,462656,461001,538142,205283,198596,192968,198780,204175,206867,250658,242726,234114,227049,238348,258481,254134,287484
2114,EuropeandNorthernAmerica,1829,Belgium,56,333047,343579,365847,402483,444643,472572,527126,141110,145880,156377,185111,198459,222352,251556,191937,197699,209470,217372,246184,250220,275570
2115,EuropeandNorthernAmerica,1829,France,250,861552,957312,1108866,1231086,1390712,1486298,1654662,384707,436846,514975,576234,649365,695578,783016,476845,520466,593891,654852,741347,790720,871646
2116,EuropeandNorthernAmerica,1829,Germany,276,2353578,2480339,2670161,2861189,3106566,3044766,3137793,1056495,1135170,1243428,1346547,1434926,1429209,1488814,1297083,1345169,1426733,1514642,1671640,1615557,1648979
2117,EuropeandNorthernAmerica,1829,Liechtenstein,438,3234,2840,2502,2790,3460,3411,3582,1322,1189,1084,1217,1480,1479,1568,1912,1651,1418,1573,1980,1932,2014
2118,EuropeandNorthernAmerica,1829,Luxembourg,442,35654,37384,39252,52340,61531,68796,81099,18372,19055,19793,26134,28655,32467,40152,17282,18329,19459,26206,32876,36329,40947
2119,EuropeandNorthernAmerica,1829,Monaco,492,4163,4486,4799,18725,26403,28724,31881,2112,2239,2352,9352,12787,13574,15089,2051,2247,2447,9373,13616,15150,16792
2120,EuropeandNorthernAmerica,1829,Netherlands,528,531349,547829,573701,610517,661636,679760,763297,257650,268021,282078,304561,328032,338647,379021,273699,279808,291623,305956,333604,341113,384276
2121,EuropeandNorthernAmerica,1829,Switzerland,756,275813,290789,321257,452400,571087,589806,649295,118543,126756,142987,208988,262114,267020,293378,157270,164033,178270,243412,308973,322786,355917
2122,EuropeandNorthernAmerica,1829,Anguilla,660,540,850,1163,1038,802,1060,990,280,431,579,493,393,570,499,260,419,584,545,409,490,491
2123,EuropeandNorthernAmerica,1829,AntiguaandBarbuda,28,14540,19715,25034,28526,33280,39444,53784,6589,8946,11373,12999,14996,17468,23618,7951,10769,13661,15527,18284,21976,30166
2124,EuropeandNorthernAmerica,1829,Aruba,533,4613,5343,6123,7455,9366,12230,16724,2004,2326,2675,3298,4119,5396,7302,2609,3017,3448,4157,5247,6834,9422
2125,EuropeandNorthernAmerica,1829,Bahamas,44,23198,27629,32259,32826,34135,41020,51738,9649,11637,13743,14126,14486,17151,21300,13549,15992,18516,18700,19649,23869,30438
2126,EuropeandNorthernAmerica,1829,Barbados,52,79262,84100,89747,87556,91236,96755,94213,37225,39521,42216,41093,42481,44504,43009,42037,44579,47531,46463,48755,52251,51204
2127,EuropeandNorthernAmerica,1829,Bonaire,16,535,139,139,141,139,4182,4196,4624,64,62,63,60,1898,1902,2098,75,77,78,79,2284,2294
2128,EuropeandNorthernAmerica,1829,BritishVirginIslands,92,152,327,510,460,498,531,579,81,156,230,217,241,240,255,71,171,280,243,257,291,324
2129,EuropeandNorthernAmerica,1829,CaymanIslands,136,266,708,1172,1157,1219,1448,1617,141,317,501,518,557,653,717,125,391,671,639,662,795,900
2130,EuropeandNorthernAmerica,1829,Cuba,192,774173,870369,978232,1091198,1237760,1429978,1640680,367889,412959,463903,517813,577986,662630,758872,406284,457410,514329,573385,659774,767348,881808
2131,EuropeandNorthernAmerica,1829,CuraÃao,531,396,379,371,368,40015,748,1764,192,183,179,172,18255,342,836,204,196,192,196,21760,406,928
2132,EuropeandNorthernAmerica,1829,Dominica,212,23808,25678,27771,43352,52867,51612,57351,11375,12159,13023,19490,22195,21322,23436,12433,13519,14748,23862,30672,30290,33915
2133,EuropeandNorthernAmerica,1829,DominicanRepublic,214,387543,581578,788228,904996,1067144,1338190,1462388,166333,246866,331645,382541,446461,559411,604566,221210,334712,456583,522455,620683,778779,857822
2134,EuropeandNorthernAmerica,1829,Grenada,308,23737,36034,49614,49732,53094,57824,49969,10747,16350,22631,22239,23158,25035,21399,12990,19684,26983,27493,29936,32789,28570
2135,EuropeandNorthernAmerica,1829,Guadeloupe,312,153,257,367,464,430,511,552,78,127,178,242,235,243,263,75,130,189,222,195,268,289
2136,EuropeandNorthernAmerica,1829,Haiti,332,294723,404493,517764,632161,728205,861364,901029,145298,200144,257017,311744,352103,414166,428844,149425,204349,260747,320417,376102,447198,472185
2137,EuropeandNorthernAmerica,1829,Jamaica,388,574470,701129,835806,879332,956267,995343,1079531,262141,317233,376294,391993,412912,425080,458208,312329,383896,459512,487339,543355,570263,621323
2138,EuropeandNorthernAmerica,1829,Martinique,474,296,288,287,415,490,641,693,145,140,138,227,285,293,318,151,148,149,188,205,348,375
2139,EuropeandNorthernAmerica,1829,Montserrat,500,5174,9316,13559,13060,14470,17082,21425,2413,4101,5828,5735,6406,7347,9108,2761,5215,7731,7325,8064,9735,12317
2140,EuropeandNorthernAmerica,1829,PuertoRico,630,1180881,1384647,1577037,1618567,1711097,1696191,1829849,565255,627652,677422,700335,727009,831368,894802,615626,756995,899615,918232,984088,864823,935047
2141,EuropeandNorthernAmerica,1829,SaintBarthelemy,652,0,0,0,0,0,0,0,0,0,0,0,0,0,0,0,0,0,0,0,0,0
2142,EuropeandNorthernAmerica,1829,SaintKittsandNevis,659,9869,14954,20183,21554,24330,28393,38124,4516,6827,9210,9688,10762,12580,16648,5353,8127,10973,11866,13568,15813,21476
2143,EuropeandNorthernAmerica,1829,SaintLucia,662,10092,17639,25463,33278,37359,44813,57744,4581,7886,11319,14307,15488,18358,23546,5511,9753,14144,18971,21871,26455,34198
2144,EuropeandNorthernAmerica,1829,SaintMartinFrenchpart,663,0,0,0,0,0,0,0,0,0,0,0,0,0,0,0,0,0,0,0,0,0
2145,EuropeandNorthernAmerica,1829,SaintVincentandtheGrenadines,670,18402,27251,36391,38154,40762,46815,38848,9407,13800,18341,18631,19275,21950,17523,8995,13451,18050,19523,21487,24865,21325
2146,EuropeandNorthernAmerica,1829,SintMaartenDutchpart,534,113,108,106,105,1605,136,246,55,52,51,49,738,58,112,58,56,55,56,867,78,134
2147,EuropeandNorthernAmerica,1829,TrinidadandTobago,780,181984,234719,290311,305509,333091,350582,312178,80211,102061,125311,131224,140341,146165,128933,101773,132658,165000,174285,192750,204417,183245
2148,EuropeandNorthernAmerica,1829,TurksandCaicosIslands,796,221,240,243,208,195,210,223,107,115,115,111,116,107,111,114,125,128,97,79,103,112
2149,EuropeandNorthernAmerica,1829,UnitedStatesVirginIslands,850,70,134,203,206,182,251,276,39,64,92,100,86,126,139,31,70,111,106,96,125,137
2150,EuropeandNorthernAmerica,1829,Belize,84,32149,37944,43928,47318,52168,57873,47036,13276,15843,18524,20119,21799,23995,19208,18873,22101,25404,27199,30369,33878,27828
2151,EuropeandNorthernAmerica,1829,CostaRica,188,47804,64271,81389,92040,104936,106918,115248,19359,26301,33582,38402,43221,43621,46540,28445,37970,47807,53638,61715,63297,68708
2152,EuropeandNorthernAmerica,1829,ElSalvador,222,498878,692197,890324,1058075,1263102,1430692,1502203,252883,351721,453442,542012,638999,718154,751854,245995,340476,436882,516063,624103,712538,750349
2153,EuropeandNorthernAmerica,1829,Guatemala,320,245080,381022,520373,671154,850828,1028681,1270099,123878,193036,264171,342250,428398,515067,629101,121202,187986,256202,328904,422430,513614,640998
2154,EuropeandNorthernAmerica,1829,Honduras,340,114211,205912,300272,401671,530720,663675,889905,48283,88337,129726,174398,224072,275525,357787,65928,117575,170546,227273,306648,388150,532118
2155,EuropeandNorthernAmerica,1829,Mexico,484,4349023,6897787,9505061,10756150,12344135,11840257,11085968,2336736,3722483,5145074,5846331,6631892,6315065,5896127,2012287,3175304,4359987,4909819,5712243,5525192,5189841
2156,EuropeandNorthernAmerica,1829,Nicaragua,558,178278,209062,240957,253026,281893,317265,316798,85261,100281,115970,122118,131990,145672,139895,93017,108781,124987,130908,149903,171593,176903
2157,EuropeandNorthernAmerica,1829,Panama,591,90026,102426,115592,115333,118726,127694,113841,43950,50321,57124,57186,57997,61918,54360,46076,52105,58468,58147,60729,65776,59481
2158,EuropeandNorthernAmerica,1829,Argentina,32,207077,234032,282158,511150,622120,605769,676876,93041,106697,131187,249333,302910,290153,322176,114036,127335,150971,261817,319210,315616,354700
2159,EuropeandNorthernAmerica,1829,BoliviaPlurinationalStateof,68,42763,58000,74414,187896,336831,279762,287379,20917,28275,36227,86835,148113,119158,121044,21846,29725,38187,101061,188718,160604,166335
2160,EuropeandNorthernAmerica,1829,Brazil,76,222880,330826,450177,710308,963169,978166,1284751,83738,125744,172996,279163,375155,368167,492264,139142,205082,277181,431145,588014,609999,792487
2161,EuropeandNorthernAmerica,1829,Chile,152,161723,183418,210348,250509,283242,288090,292832,74828,84465,96715,117328,131774,131623,134031,86895,98953,113633,133181,151468,156467,158801
2162,EuropeandNorthernAmerica,1829,Colombia,170,362799,509388,667329,1014711,1246541,1281658,1532850,156268,221916,292409,448252,547158,550003,655366,206531,287472,374920,566459,699383,731655,877484
2163,EuropeandNorthernAmerica,1829,Ecuador,218,164516,269066,380474,914059,1067105,1031621,1000911,80664,131392,185644,443420,513962,489020,468553,83852,137674,194830,470639,553143,542601,532358
2164,EuropeandNorthernAmerica,1829,FalklandIslandsMalvinas,238,159,628,1110,948,1002,1198,1347,88,268,451,395,429,492,547,71,360,659,553,573,706,800
2165,EuropeandNorthernAmerica,1829,FrenchGuiana,254,55,54,54,64,70,278,299,29,27,26,34,40,134,144,26,27,28,30,30,144,155
2166,EuropeandNorthernAmerica,1829,Guyana,328,206439,263252,323260,346366,381349,419296,372827,97734,124592,153075,163021,176021,192273,168460,108705,138660,170185,183345,205328,227023,204367
2167,EuropeandNorthernAmerica,1829,Paraguay,600,14294,18500,23371,51470,129079,109227,145685,5798,7175,8861,19207,44627,34678,47440,8496,11325,14510,32263,84452,74549,98245
2168,EuropeandNorthernAmerica,1829,Peru,604,213996,316991,431229,605077,827066,878485,887854,94868,138911,188076,266764,342606,354625,357587,119128,178080,243153,338313,484460,523860,530267
2169,EuropeandNorthernAmerica,1829,Suriname,740,160312,172896,191385,222885,226496,224231,239289,77337,81810,88939,102833,100952,98401,104720,82975,91086,102446,120052,125544,125830,134569
2170,EuropeandNorthernAmerica,1829,Uruguay,858,45043,51901,64232,126262,163745,152589,161535,20818,24067,30166,61469,76200,69863,74098,24225,27834,34066,64793,87545,82726,87437
2171,EuropeandNorthernAmerica,1829,VenezuelaBolivarianRepublicof,862,114385,162671,229276,343972,447470,527107,988885,48321,68431,98081,148684,192076,221768,413354,66064,94240,131195,195288,255394,305339,575531
2172,EuropeandNorthernAmerica,1829,Bermuda,60,71199,42085,13560,14302,14606,15441,20269,34443,20445,6692,7078,7216,7593,9874,36756,21640,6868,7224,7390,7848,10395
2173,EuropeandNorthernAmerica,1829,Canada,124,899658,956281,1016024,1041987,1092208,1075587,1074461,317851,339367,362702,377270,389178,379734,383717,581807,616914,653322,664717,703030,695853,690744
2174,EuropeandNorthernAmerica,1829,Greenland,304,8997,10912,12876,14263,15018,16308,17415,3587,4379,5199,5873,6292,6941,7418,5410,6533,7677,8390,8726,9367,9997
2175,EuropeandNorthernAmerica,1829,SaintPierreandMiquelon,666,433,418,413,341,286,289,311,211,213,220,171,132,160,172,222,205,193,170,154,129,139
2176,EuropeandNorthernAmerica,1829,UnitedStatesofAmerica,840,789159,787834,806951,886141,949038,964780,1076368,384467,384094,393534,428579,442532,458462,510856,404692,403740,413417,457562,506506,506318,565512
2177,EuropeandNorthernAmerica,1829,Australia,36,193502,226163,262804,291181,328389,355010,406378,84961,98789,114247,129211,153364,162550,186457,108541,127374,148557,161970,175025,192460,219921
2178,EuropeandNorthernAmerica,1829,NewZealand,554,71904,86148,101929,107999,117181,133970,162976,32971,39704,47141,51246,56148,62856,75409,38933,46444,54788,56753,61033,71114,87567
2179,EuropeandNorthernAmerica,1829,Fiji,242,32107,44686,57970,63294,70504,77594,85155,15432,21505,27947,30489,33590,36560,39801,16675,23181,30023,32805,36914,41034,45354
2180,EuropeandNorthernAmerica,1829,NewCaledonia,540,78,167,261,246,311,478,534,41,84,129,124,155,233,256,37,83,132,122,156,245,278
2181,EuropeandNorthernAmerica,1829,PapuaNewGuinea,598,685,1250,1870,2036,2085,2756,2376,394,655,952,1003,1012,1234,1129,291,595,918,1033,1073,1522,1247
2182,EuropeandNorthernAmerica,1829,SolomonIslands,90,63,201,347,345,372,454,491,37,97,161,162,177,208,224,26,104,186,183,195,246,267
2183,EuropeandNorthernAmerica,1829,Vanuatu,548,156,217,279,875,961,1107,1176,56,78,101,397,352,400,417,100,139,178,478,609,707,759
2184,EuropeandNorthernAmerica,1829,Guam,316,3,3,4,2,0,0,0,3,3,3,1,0,0,0,0,0,1,1,0,0,0
2185,EuropeandNorthernAmerica,1829,Kiribati,296,51,118,190,190,199,244,253,25,53,83,80,82,97,98,26,65,107,110,117,147,155
2186,EuropeandNorthernAmerica,1829,MarshallIslands,584,1089,3752,6478,6180,6074,7197,10447,535,1866,3233,3101,3007,3547,5092,554,1886,3245,3079,3067,3650,5355
2187,EuropeandNorthernAmerica,1829,MicronesiaFedStatesof,583,2758,5005,7551,7071,6917,8190,11878,1349,2479,3771,3548,3427,4025,5773,1409,2526,3780,3523,3490,4165,6105
2188,EuropeandNorthernAmerica,1829,Nauru,520,2,6,13,23,23,55,34,1,3,7,10,11,24,12,1,3,6,13,12,31,22
2189,EuropeandNorthernAmerica,1829,NorthernMarianaIslands,580,268,277,277,164,49,50,48,133,136,134,78,20,21,21,135,141,143,86,29,29,27
2190,EuropeandNorthernAmerica,1829,Palau,585,12,16,21,109,212,199,204,6,6,7,83,169,158,162,6,10,14,26,43,41,42
2191,EuropeandNorthernAmerica,1829,AmericanSamoa,16,963,1021,1044,560,44,44,41,472,495,501,270,22,22,22,491,526,543,290,22,22,19
2192,EuropeandNorthernAmerica,1829,CookIslands,184,9,9,9,9,3,3,3,4,4,3,1,0,0,0,5,5,6,8,3,3,3
2193,EuropeandNorthernAmerica,1829,FrenchPolynesia,258,89,173,261,231,316,443,468,46,84,122,122,175,214,227,43,89,139,109,141,229,241
2194,EuropeandNorthernAmerica,1829,Niue,570,0,0,0,0,0,0,0,0,0,0,0,0,0,0,0,0,0,0,0,0,0
2195,EuropeandNorthernAmerica,1829,Samoa,882,11585,14439,17348,16776,16792,19803,28337,5666,7132,8634,8401,8294,9718,13781,5919,7307,8714,8375,8498,10085,14556
2196,EuropeandNorthernAmerica,1829,Tokelau,772,3,2,2,2,1,0,0,1,0,0,0,0,0,0,2,2,2,2,1,0,0
2197,EuropeandNorthernAmerica,1829,Tonga,776,10977,14547,18180,17296,17047,20252,29217,5255,7038,8862,8499,8251,9753,13908,5722,7509,9318,8797,8796,10499,15309
2198,EuropeandNorthernAmerica,1829,Tuvalu,798,74,115,362,493,663,644,641,37,56,189,230,288,278,277,37,59,173,263,375,366,364
2199,EuropeandNorthernAmerica,1829,WallisandFutunaIslands,876,884,451,26,14,5,4,4,743,373,9,5,3,0,2,141,78,17,9,2,4,2
2200,SouthAmerica,931,SubSaharanAfrica,947,7693,8624,9653,11346,16485,26951,35569,4109,4699,5364,6093,9301,17241,23635,3584,3925,4289,5253,7184,9710,11934
2201,SouthAmerica,931,NorthernAfricaandWesternAsia,1833,73318,67027,60792,57834,56213,63084,69095,42109,38668,35264,34260,34162,38156,41908,31209,28359,25528,23574,22051,24928,27187
2202,SouthAmerica,931,CentralandSouthernAsia,921,2409,2437,2496,2889,3687,5253,13949,1435,1443,1473,1738,2297,3541,11256,974,994,1023,1151,1390,1712,2693
2203,SouthAmerica,931,EasternandSouthEasternAsia,1832,151493,145856,141512,147285,155232,192162,227462,79702,76705,74379,77570,82521,106074,129638,71791,69151,67133,69715,72711,86088,97824
2204,SouthAmerica,931,LatinAmericaandtheCaribbean,1830,2184506,2371579,2560966,3009341,3792591,4366500,9052250,1071900,1153314,1235173,1439879,1820657,2108476,4462244,1112606,1218265,1325793,1569462,1971934,2258024,4590006
2205,SouthAmerica,931,OceaniaexcludingAustraliaandNewZealand,1835,38,82,122,119,127,147,153,24,45,64,65,77,89,96,14,37,58,54,50,58,57
2206,SouthAmerica,931,AustraliaandNewZealand,927,1832,1956,2138,2247,2653,3004,3737,960,1017,1107,1257,1620,1853,2328,872,939,1031,990,1033,1151,1409
2207,SouthAmerica,931,EuropeandNorthernAmerica,1829,1685459,1459101,1238490,1110242,1013391,1162116,1245614,858316,742919,630985,570108,526170,599542,653869,827143,716182,607505,540134,487221,562574,591745
2208,SouthAmerica,931,Developedregions,901,1787533,1552580,1323792,1184812,1076787,1235721,1328307,911652,791419,674864,608481,558815,637183,697269,875881,761161,648928,576331,517972,598538,631038
2209,SouthAmerica,931,Lessdevelopedregions,902,2319215,2504082,2692377,3156491,3963592,4583496,9319522,1146903,1227391,1308945,1522489,1917990,2237789,4627705,1172312,1276691,1383432,1634002,2045602,2345707,4691817
2210,SouthAmerica,931,Lessdevelopedregions,902,934,2299169,2481609,2667433,3128637,3934053,4501391,8995398,1136131,1215490,1295877,1508665,1903948,2191907,4434545,1163038,1266119,1371556,1619972,2030105,2309484
2211,SouthAmerica,931,Lessdevelopedregions,902,948,2287812,2467359,2649497,3102026,3894810,4491736,9204272,1129570,1207147,1285355,1492382,1879316,2182399,4556334,1158242,1260212,1364142,1609644,2015494,2309337
2212,SouthAmerica,931,Leastdevelopedcountries,941,20046,22473,24944,27854,29539,82105,324124,10772,11901,13068,13824,14042,45882,193160,9274,10572,11876,14030,15497,36223,130964
2213,SouthAmerica,931,LandlockedDevelopingCountriesLLDC,1636,477865,550093,622943,851060,1078605,1279516,1389099,225895,259161,292602,398561,504364,599789,651082,251970,290932,330341,452499,574241,679727,738017
2214,SouthAmerica,931,SmallislanddevelopingStatesSIDS,1637,97079,101477,107261,120484,135555,176065,486599,47708,49743,52336,58242,65121,88289,265129,49371,51734,54925,62242,70434,87776,221470
2215,SouthAmerica,931,Highincomecountries,1503,2244778,1985677,1734552,1596610,1493966,1718435,1831285,1150267,1014128,882571,812805,762502,873039,946695,1094511,971549,851981,783805,731464,845396,884590
2216,SouthAmerica,931,Middleincomecountries,1517,1816982,2026155,2236900,2698698,3498523,4005981,8482200,883057,979864,1076813,1293640,1689290,1949773,4183049,933925,1046291,1160087,1405058,1809233,2056208,4299151
2217,SouthAmerica,931,Uppermiddleincomecountries,1502,1608818,1772575,1937073,2313863,3024760,3419002,7784035,775506,849678,923491,1099793,1452487,1652974,3830971,833312,922897,1013582,1214070,1572273,1766028,3953064
2218,SouthAmerica,931,Lowermiddleincomecountries,1501,208164,253580,299827,384835,473763,586979,698165,107551,130186,153322,193847,236803,296799,352078,100613,123394,146505,190988,236960,290180,346087
2219,SouthAmerica,931,Lowincomecountries,1500,37031,36577,36055,37750,39924,88388,327145,20918,20472,19980,20312,20955,48891,191540,16113,16105,16075,17438,18969,39497,135605
2220,SouthAmerica,931,EasternAfrica,910,1607,1808,2003,2055,2413,2758,2952,1042,1078,1115,1019,1114,1259,1386,565,730,888,1036,1299,1499,1566
2221,SouthAmerica,931,MiddleAfrica,911,5207,5947,6685,6978,7259,10405,13468,2615,3166,3721,3766,3787,5798,8040,2592,2781,2964,3212,3472,4607,5428
2222,SouthAmerica,931,NorthernAfrica,912,8133,7333,6600,6163,6395,7428,7844,4365,3841,3361,3228,3523,4097,4409,3768,3492,3239,2935,2872,3331,3435
2223,SouthAmerica,931,SouthernAfrica,913,481,470,470,437,2043,2369,2632,244,243,251,241,1404,1633,1835,237,227,219,196,639,736,797
2224,SouthAmerica,931,WesternAfrica,914,398,399,495,1876,4770,11419,16517,208,212,277,1067,2996,8551,12374,190,187,218,809,1774,2868,4143
2225,SouthAmerica,931,CentralAsia,5500,0,7,11,33,111,131,133,0,3,5,8,27,31,34,0,4,6,25,84,100,99
2226,SouthAmerica,931,EasternAsia,906,148929,143244,138814,143461,150802,187186,221827,78416,75400,73021,75670,80391,103683,126833,70513,67844,65793,67791,70411,83503,94994
2227,SouthAmerica,931,SouthEasternAsia,920,2564,2612,2698,3824,4430,4976,5635,1286,1305,1358,1900,2130,2391,2805,1278,1307,1340,1924,2300,2585,2830
2228,SouthAmerica,931,SouthernAsia,5501,2409,2430,2485,2856,3576,5122,13816,1435,1440,1468,1730,2270,3510,11222,974,990,1017,1126,1306,1612,2594
2229,SouthAmerica,931,WesternAsia,922,65185,59694,54192,51671,49818,55656,61251,37744,34827,31903,31032,30639,34059,37499,27441,24867,22289,20639,19179,21597,23752
2230,SouthAmerica,931,EasternEurope,923,102403,84447,67072,52015,38425,42898,45730,47029,37960,29216,23073,17524,19485,21221,55374,46487,37856,28942,20901,23413,24509
2231,SouthAmerica,931,NorthernEurope,924,20551,19910,19639,20452,23012,27004,31806,10295,10377,10670,11298,12670,14965,18038,10256,9533,8969,9154,10342,12039,13768
2232,SouthAmerica,931,SouthernEurope,925,1342721,1136638,933593,809695,697910,792507,825718,686745,579873,475048,412645,356591,401966,423079,655976,556765,458545,397050,341319,390541,402639
2233,SouthAmerica,931,WesternEurope,926,137258,131251,125822,128290,135235,160494,170236,71661,68959,66576,69142,74073,88244,94611,65597,62292,59246,59148,61162,72250,75625
2234,SouthAmerica,931,Caribbean,915,66348,67312,69258,72725,79135,118757,424484,31609,32254,33289,34534,37299,59932,234353,34739,35058,35969,38191,41836,58825,190131
2235,SouthAmerica,931,CentralAmerica,916,41030,41379,42031,42472,46712,56300,70263,20276,20403,20658,20924,23072,28267,35557,20754,20976,21373,21548,23640,28033,34706
2236,SouthAmerica,931,SouthAmerica,931,2077128,2262888,2449677,2894144,3666744,4191443,8557503,1020015,1100657,1181226,1384421,1760286,2020277,4192334,1057113,1162231,1268451,1509723,1906458,2171166,4365169
2237,SouthAmerica,931,Melanesia,928,21,23,23,20,11,13,11,20,20,19,15,9,10,9,1,3,4,5,2,3,2
2238,SouthAmerica,931,Micronesia,954,9,9,9,50,111,128,137,0,0,0,27,66,77,85,9,9,9,23,45,51,52
2239,SouthAmerica,931,Polynesia,957,8,50,90,49,5,6,5,4,25,45,23,2,2,2,4,25,45,26,3,4,3
2240,SouthAmerica,931,Burundi,108,0,1,1,11,22,25,27,0,0,0,10,22,25,27,0,1,1,1,0,0,0
2241,SouthAmerica,931,Comoros,174,0,0,0,0,0,0,0,0,0,0,0,0,0,0,0,0,0,0,0,0,0
2242,SouthAmerica,931,Djibouti,262,0,0,0,0,0,0,0,0,0,0,0,0,0,0,0,0,0,0,0,0,0
2243,SouthAmerica,931,Eritrea,232,25,25,25,26,27,28,25,13,13,13,14,15,15,14,12,12,12,12,12,13,11
2244,SouthAmerica,931,Ethiopia,231,104,101,99,88,78,82,78,49,48,49,43,39,41,39,55,53,50,45,39,41,39
2245,SouthAmerica,931,Kenya,404,8,12,15,38,60,70,73,2,4,6,6,7,7,10,6,8,9,32,53,63,63
2246,SouthAmerica,931,Madagascar,450,16,18,19,17,47,55,56,1,1,1,3,8,10,11,15,17,18,14,39,45,45
2247,SouthAmerica,931,Malawi,454,0,3,5,6,16,19,18,0,1,2,1,10,11,11,0,2,3,5,6,8,7
2248,SouthAmerica,931,Mauritius,480,0,0,0,0,0,0,0,0,0,0,0,0,0,0,0,0,0,0,0,0,0
2249,SouthAmerica,931,Mayotte,175,0,0,0,0,0,0,0,0,0,0,0,0,0,0,0,0,0,0,0,0,0
2250,SouthAmerica,931,Mozambique,508,1059,1232,1406,1453,1478,1735,1871,775,806,838,747,644,749,832,284,426,568,706,834,986,1039
2251,SouthAmerica,931,Reunion,638,365,381,396,374,351,353,396,188,188,187,176,164,163,183,177,193,209,198,187,190,213
2252,SouthAmerica,931,Rwanda,646,2,2,1,1,15,18,18,0,1,1,0,14,16,17,2,1,0,1,1,2,1
2253,SouthAmerica,931,Seychelles,690,0,0,0,0,30,35,37,0,0,0,0,30,35,37,0,0,0,0,0,0,0
2254,SouthAmerica,931,Somalia,706,4,4,4,6,5,6,5,4,4,4,4,2,2,2,0,0,0,2,3,4,3
2255,SouthAmerica,931,SouthSudan,728,0,0,0,0,0,0,0,0,0,0,0,0,0,0,0,0,0,0,0,0,0
2256,SouthAmerica,931,Uganda,800,3,2,1,2,66,77,81,0,0,0,0,36,42,45,3,2,1,2,30,35,36
2257,SouthAmerica,931,UnitedRepublicofTanzania,834,2,2,1,4,93,110,117,1,1,1,2,53,63,70,1,1,0,2,40,47,47
2258,SouthAmerica,931,Zambia,894,1,3,4,5,3,4,3,1,2,2,3,2,2,2,0,1,2,2,1,2,1
2259,SouthAmerica,931,Zimbabwe,716,18,22,26,24,122,141,147,8,9,11,10,68,78,86,10,13,15,14,54,63,61
2260,SouthAmerica,931,Angola,24,5083,5826,6569,6643,6632,7794,8444,2545,3100,3655,3552,3400,3968,4403,2538,2726,2914,3091,3232,3826,4041
2261,SouthAmerica,931,Cameroon,120,16,19,21,98,185,221,234,10,12,14,60,114,136,149,6,7,7,38,71,85,85
2262,SouthAmerica,931,CentralAfricanRepublic,140,0,0,0,33,68,79,84,0,0,0,22,47,54,59,0,0,0,11,21,25,25
2263,SouthAmerica,931,Chad,148,6,4,1,1,0,0,0,5,3,1,1,0,0,0,1,1,0,0,0,0,0
2264,SouthAmerica,931,Congo,178,93,93,93,111,128,144,147,48,48,50,73,97,111,115,45,45,43,38,31,33,32
2265,SouthAmerica,931,DemocraticRepublicoftheCongo,180,5,3,1,50,100,1997,4378,4,2,1,36,71,1462,3238,1,1,0,14,29,535,1140
2266,SouthAmerica,931,EquatorialGuinea,226,0,0,0,27,56,65,70,0,0,0,7,14,16,20,0,0,0,20,42,49,50
2267,SouthAmerica,931,Gabon,266,4,2,0,15,31,36,38,3,1,0,15,31,36,38,1,1,0,0,0,0,0
2268,SouthAmerica,931,SaoTomeandPrincipe,678,0,0,0,0,59,69,73,0,0,0,0,13,15,18,0,0,0,0,46,54,55
2269,SouthAmerica,931,Algeria,12,438,436,437,475,519,844,913,248,246,248,260,280,478,527,190,190,189,215,239,366,386
2270,SouthAmerica,931,Egypt,818,5264,4733,4233,3945,3629,4191,4514,2844,2463,2104,2041,1965,2256,2487,2420,2270,2129,1904,1664,1935,2027
2271,SouthAmerica,931,Libya,434,239,236,231,208,281,302,300,147,152,155,135,166,175,176,92,84,76,73,115,127,124
2272,SouthAmerica,931,Morocco,504,2062,1800,1573,1436,1817,1925,1951,1037,892,767,724,998,1058,1087,1025,908,806,712,819,867,864
2273,SouthAmerica,931,Sudan,729,18,18,18,15,10,11,10,18,18,18,15,10,11,10,0,0,0,0,0,0,0
2274,SouthAmerica,931,Tunisia,788,112,110,108,84,139,155,156,71,70,69,53,104,119,122,41,40,39,31,35,36,34
2275,SouthAmerica,931,WesternSahara,732,0,0,0,0,0,0,0,0,0,0,0,0,0,0,0,0,0,0,0,0,0
2276,SouthAmerica,931,Botswana,72,0,0,0,0,0,0,0,0,0,0,0,0,0,0,0,0,0,0,0,0,0
2277,SouthAmerica,931,Eswatini,748,0,0,0,0,0,0,0,0,0,0,0,0,0,0,0,0,0,0,0,0,0
2278,SouthAmerica,931,Lesotho,426,6,4,1,1,0,0,0,4,2,0,0,0,0,0,2,2,1,1,0,0,0
2279,SouthAmerica,931,Namibia,516,4,4,4,4,51,59,63,4,4,4,4,41,48,52,0,0,0,0,10,11,11
2280,SouthAmerica,931,SouthAfrica,710,471,462,465,432,1992,2310,2569,236,237,247,237,1363,1585,1783,235,225,218,195,629,725,786
2281,SouthAmerica,931,Benin,204,0,0,0,14,28,33,33,0,0,0,9,18,21,22,0,0,0,5,10,12,11
2282,SouthAmerica,931,BurkinaFaso,854,26,25,24,31,37,41,42,4,4,4,8,13,15,15,22,21,20,23,24,26,27
2283,SouthAmerica,931,CaboVerde,132,51,51,51,686,1319,1550,1681,19,19,19,297,575,671,750,32,32,32,389,744,879,931
2284,SouthAmerica,931,CotedIvoire,384,5,4,2,168,334,393,425,1,1,1,122,243,285,312,4,3,1,46,91,108,113
2285,SouthAmerica,931,Gambia,270,11,13,14,17,27,33,34,9,10,11,13,22,28,30,2,3,3,4,5,5,4
2286,SouthAmerica,931,Ghana,288,42,44,45,85,135,157,2542,33,34,35,63,97,114,1775,9,10,10,22,38,43,767
2287,SouthAmerica,931,Guinea,324,5,4,2,35,67,79,83,0,0,0,19,38,45,50,5,4,2,16,29,34,33
2288,SouthAmerica,931,GuineaBissau,624,0,0,0,468,938,1105,1199,0,0,0,311,623,732,805,0,0,0,157,315,373,394
2289,SouthAmerica,931,Liberia,430,1,1,1,2,37,44,45,0,0,0,1,20,24,25,1,1,1,1,17,20,20
2290,SouthAmerica,931,Mali,466,0,0,0,1,8,9,8,0,0,0,0,7,7,7,0,0,0,1,1,2,1
2291,SouthAmerica,931,Mauritania,478,0,0,0,1,1,2,1,0,0,0,0,0,0,0,0,0,0,1,1,2,1
2292,SouthAmerica,931,Niger,562,2,2,1,2,15,17,18,2,2,1,2,15,17,18,0,0,0,0,0,0,0
2293,SouthAmerica,931,Nigeria,566,206,207,208,194,1304,2368,3696,113,117,122,124,964,1743,2731,93,90,86,70,340,625,965
2294,SouthAmerica,931,SaintHelena,654,31,32,133,153,295,323,402,18,19,79,88,167,181,227,13,13,54,65,128,142,175
2295,SouthAmerica,931,Senegal,686,17,14,12,16,205,5242,6287,9,6,5,8,174,4645,5586,8,8,7,8,31,597,701
2296,SouthAmerica,931,SierraLeone,694,0,0,0,1,9,10,9,0,0,0,1,9,10,9,0,0,0,0,0,0,0
2297,SouthAmerica,931,Togo,768,1,2,2,2,11,13,12,0,0,0,1,11,13,12,1,2,2,1,0,0,0
2298,SouthAmerica,931,Kazakhstan,398,0,1,2,23,45,53,55,0,1,2,5,8,9,10,0,0,0,18,37,44,45
2299,SouthAmerica,931,Kyrgyzstan,417,0,0,0,2,4,6,5,0,0,0,1,2,3,3,0,0,0,1,2,3,2
2300,SouthAmerica,931,Tajikistan,762,0,2,3,2,9,10,9,0,1,1,0,8,8,8,0,1,2,2,1,2,1
2301,SouthAmerica,931,Turkmenistan,795,0,1,1,1,22,25,27,0,0,0,0,6,7,8,0,1,1,1,16,18,19
2302,SouthAmerica,931,Uzbekistan,860,0,3,5,5,31,37,37,0,1,2,2,3,4,5,0,2,3,3,28,33,32
2303,SouthAmerica,931,China,156,30854,36169,42325,53884,68152,91083,114604,17009,19917,23261,29764,38304,54997,70993,13845,16252,19064,24120,29848,36086,43611
2304,SouthAmerica,931,China,156,344,549,554,555,581,630,677,646,324,327,329,343,370,393,378,225,227,226,238,260,284
2305,SouthAmerica,931,China,156,446,0,0,0,0,0,0,0,0,0,0,0,0,0,0,0,0,0,0,0,0
2306,SouthAmerica,931,China,156,158,0,0,0,0,0,0,0,0,0,0,0,0,0,0,0,0,0,0,0,0
2307,SouthAmerica,931,DemPeoplesRepublicofKorea,408,409,369,338,458,678,813,917,233,213,197,267,385,459,550,176,156,141,191,293,354,367
2308,SouthAmerica,931,Japan,392,100242,91523,83164,72323,60743,70601,78956,52376,47483,42772,37116,31025,35788,41072,47866,44040,40392,35207,29718,34813,37884
2309,SouthAmerica,931,Mongolia,496,0,1,1,1,1,2,1,0,0,0,0,0,0,0,0,1,1,1,1,2,1
2310,SouthAmerica,931,RepublicofKorea,410,16875,14628,12431,16214,20598,24010,26703,8474,7460,6462,8180,10307,12046,13840,8401,7168,5969,8034,10291,11964,12863
2311,SouthAmerica,931,BruneiDarussalam,96,2,2,2,73,143,168,181,2,2,2,8,11,12,18,0,0,0,65,132,156,163
2312,SouthAmerica,931,Cambodia,116,46,45,44,46,48,53,55,30,29,29,28,28,31,33,16,16,15,18,20,22,22
2313,SouthAmerica,931,Indonesia,360,158,162,169,530,901,1049,1152,65,67,70,240,416,482,547,93,95,99,290,485,567,605
2314,SouthAmerica,931,LaoPeoplesDemocraticRepublic,418,1459,1484,1508,2191,1084,1139,1244,729,741,754,1100,529,560,611,730,743,754,1091,555,579,633
2315,SouthAmerica,931,Malaysia,458,79,82,89,98,232,265,310,38,38,42,48,115,132,163,41,44,47,50,117,133,147
2316,SouthAmerica,931,Myanmar,104,20,20,19,15,22,23,23,19,19,19,15,15,16,16,1,1,0,0,7,7,7
2317,SouthAmerica,931,Philippines,608,527,540,584,612,1013,1138,1451,269,276,306,336,546,607,822,258,264,278,276,467,531,629
2318,SouthAmerica,931,Singapore,702,26,25,25,23,135,157,164,12,10,10,9,32,36,40,14,15,15,14,103,121,124
2319,SouthAmerica,931,Thailand,764,209,210,213,185,611,699,754,102,101,102,88,320,363,397,107,109,111,97,291,336,357
2320,SouthAmerica,931,TimorLeste,626,0,0,0,0,50,58,62,0,0,0,0,0,10,1,0,0,0,0,50,48,61
2321,SouthAmerica,931,VietNam,704,38,42,45,51,191,227,239,20,22,24,28,118,142,157,18,20,21,23,73,85,82
2322,SouthAmerica,931,Afghanistan,4,40,42,43,73,112,191,250,13,15,17,39,67,107,147,27,27,26,34,45,84,103
2323,SouthAmerica,931,Bangladesh,50,5,11,16,42,70,82,5414,3,9,15,41,69,80,5413,2,2,1,1,1,2,1
2324,SouthAmerica,931,Bhutan,64,0,0,0,0,0,0,0,0,0,0,0,0,0,0,0,0,0,0,0,0,0
2325,SouthAmerica,931,India,356,1470,1504,1553,1605,1893,3155,4486,852,861,878,952,1211,2300,3447,618,643,675,653,682,855,1039
2326,SouthAmerica,931,IranIslamicRepublicof,364,622,585,564,775,1026,1166,1274,354,341,337,451,594,675,760,268,244,227,324,432,491,514
2327,SouthAmerica,931,Maldives,462,0,0,0,0,10,11,11,0,0,0,0,0,0,0,0,0,0,0,10,11,11
2328,SouthAmerica,931,Nepal,524,0,1,1,3,56,66,69,0,0,0,1,53,62,66,0,1,1,2,3,4,3
2329,SouthAmerica,931,Pakistan,586,266,278,297,349,405,446,2308,207,206,212,238,272,281,1385,59,72,85,111,133,165,923
2330,SouthAmerica,931,SriLanka,144,6,9,11,9,4,5,4,6,8,9,8,4,5,4,0,1,2,1,0,0,0
2331,SouthAmerica,931,Armenia,51,1279,1252,1224,949,678,700,704,620,614,607,487,368,382,391,659,638,617,462,310,318,313
2332,SouthAmerica,931,Azerbaijan,31,0,1,2,2,1,2,1,0,0,1,1,0,0,0,0,1,1,1,1,2,1
2333,SouthAmerica,931,Bahrain,48,28,28,27,34,39,43,44,19,19,18,26,35,39,40,9,9,9,8,4,4,4
2334,SouthAmerica,931,Cyprus,196,126,120,114,89,64,65,61,56,53,51,40,30,30,29,70,67,63,49,34,35,32
2335,SouthAmerica,931,Georgia,268,12,12,12,44,78,91,93,4,4,4,14,25,28,32,8,8,8,30,53,63,61
2336,SouthAmerica,931,Iraq,368,173,175,177,422,673,779,870,101,103,105,269,440,495,562,72,72,72,153,233,284,308
2337,SouthAmerica,931,Israel,376,5206,4711,4320,4165,4091,4595,5260,3048,2727,2469,2424,2426,2727,3191,2158,1984,1851,1741,1665,1868,2069
2338,SouthAmerica,931,Jordan,400,689,574,488,956,1439,1632,1757,423,363,318,659,1013,1155,1262,266,211,170,297,426,477,495
2339,SouthAmerica,931,Kuwait,414,65,66,66,78,92,101,96,38,39,39,40,42,45,42,27,27,27,38,50,56,54
2340,SouthAmerica,931,Lebanon,422,29090,26911,24699,22708,20684,23247,24151,17350,16088,14813,13838,12841,14384,15090,11740,10823,9886,8870,7843,8863,9061
2341,SouthAmerica,931,Oman,512,1,1,1,1,20,23,24,0,0,1,1,11,13,14,1,1,0,0,9,10,10
2342,SouthAmerica,931,Qatar,634,6,6,5,3,1,2,1,5,5,4,2,1,2,1,1,1,1,1,0,0,0
2343,SouthAmerica,931,SaudiArabia,682,1130,1279,1446,1554,2031,2216,2183,762,856,961,1048,1402,1523,1503,368,423,485,506,629,693,680
2344,SouthAmerica,931,StateofPalestine,275,458,456,451,486,547,592,568,291,289,285,307,343,368,358,167,167,166,179,204,224,210
2345,SouthAmerica,931,SyrianArabRepublic,760,23243,21170,18971,18481,18148,20249,24041,13278,12289,11216,11024,10938,12088,14143,9965,8881,7755,7457,7210,8161,9898
2346,SouthAmerica,931,Turkey,792,3678,2930,2187,1698,1199,1280,1357,1748,1376,1009,851,691,741,801,1930,1554,1178,847,508,539,556
2347,SouthAmerica,931,UnitedArabEmirates,784,0,1,2,1,33,39,40,0,1,2,1,33,39,40,0,0,0,0,0,0,0
2348,SouthAmerica,931,Yemen,887,1,1,0,0,0,0,0,1,1,0,0,0,0,0,0,0,0,0,0,0,0
2349,SouthAmerica,931,Belarus,112,669,655,641,479,316,320,322,284,282,280,215,152,154,157,385,373,361,264,164,166,165
2350,SouthAmerica,931,Bulgaria,100,1632,1397,1170,1020,906,1004,1085,903,735,572,510,463,509,574,729,662,598,510,443,495,511
2351,SouthAmerica,931,Czechia,203,6102,5776,5456,4187,2971,3150,3283,2604,2451,2302,1826,1389,1491,1591,3498,3325,3154,2361,1582,1659,1692
2352,SouthAmerica,931,Hungary,348,9648,7638,5627,4584,3563,3935,4096,4219,3377,2537,2120,1705,1866,1981,5429,4261,3090,2464,1858,2069,2115
2353,SouthAmerica,931,Poland,616,48731,36303,24343,18828,13311,15066,15938,23304,16756,10477,8328,6165,6952,7495,25427,19547,13866,10500,7146,8114,8443
2354,SouthAmerica,931,RepublicofMoldova,498,1003,980,957,711,461,465,467,425,420,417,316,215,217,220,578,560,540,395,246,248,247
2355,SouthAmerica,931,Romania,642,12177,9825,7489,6061,4669,5118,5536,5662,4533,3413,2757,2111,2298,2548,6515,5292,4076,3304,2558,2820,2988
2356,SouthAmerica,931,RussianFederation,643,18350,15477,12664,9456,6542,7261,8064,7891,6541,5218,3899,2670,2931,3380,10459,8936,7446,5557,3872,4330,4684
2357,SouthAmerica,931,Slovakia,703,38,45,52,59,290,342,362,15,20,24,28,140,164,184,23,25,28,31,150,178,178
2358,SouthAmerica,931,Ukraine,804,4053,6351,8673,6630,5396,6237,6577,1722,2845,3976,3074,2514,2903,3091,2331,3506,4697,3556,2882,3334,3486
2359,SouthAmerica,931,ChannelIslands,830,0,0,0,0,0,0,0,0,0,0,0,0,0,0,0,0,0,0,0,0,0
2360,SouthAmerica,931,Denmark,208,1425,1417,1432,1373,1341,1505,1776,726,769,816,805,806,911,1085,699,648,616,568,535,594,691
2361,SouthAmerica,931,Estonia,233,164,163,164,233,300,338,361,57,56,58,75,93,104,120,107,107,106,158,207,234,241
2362,SouthAmerica,931,FaroeIslands,234,0,0,0,0,0,0,0,0,0,0,0,0,0,0,0,0,0,0,0,0,0
2363,SouthAmerica,931,Finland,246,550,533,523,678,853,986,1099,233,220,211,307,410,475,554,317,313,312,371,443,511,545
2364,SouthAmerica,931,Iceland,352,28,30,32,269,503,590,648,10,11,13,173,332,389,437,18,19,19,96,171,201,211
2365,SouthAmerica,931,Ireland,372,526,606,707,697,720,819,1031,288,356,438,427,432,498,630,238,250,269,270,288,321,401
2366,SouthAmerica,931,IsleofMan,833,0,0,0,1,2,3,2,0,0,0,1,2,3,2,0,0,0,0,0,0,0
2367,SouthAmerica,931,Latvia,428,394,387,380,388,398,430,435,150,149,150,144,142,148,152,244,238,230,244,256,282,283
2368,SouthAmerica,931,Lithuania,440,2110,1531,953,746,1166,1288,1340,753,556,361,291,369,394,419,1357,975,592,455,797,894,921
2369,SouthAmerica,931,Norway,578,674,591,518,781,1085,1259,1418,442,385,334,504,690,799,917,232,206,184,277,395,460,501
2370,SouthAmerica,931,Sweden,752,1746,1748,1787,1739,1748,1990,2340,1017,998,999,990,1007,1152,1381,729,750,788,749,741,838,959
2371,SouthAmerica,931,UnitedKingdom,826,12934,12904,13143,13547,14896,17796,21356,6619,6877,7290,7581,8387,10092,12341,6315,6027,5853,5966,6509,7704,9015
2372,SouthAmerica,931,Albania,8,179,182,186,157,142,158,157,99,102,107,88,78,86,91,80,80,79,69,64,72,66
2373,SouthAmerica,931,Andorra,20,3,2,1,7,12,13,14,2,1,1,7,12,13,14,1,1,0,0,0,0,0
2374,SouthAmerica,931,BosniaandHerzegovina,70,21,20,20,59,100,116,118,12,11,11,31,50,57,61,9,9,9,28,50,59,57
2375,SouthAmerica,931,Croatia,191,2617,2593,2574,2341,2128,2277,2400,1295,1300,1310,1186,1077,1139,1233,1322,1293,1264,1155,1051,1138,1167
2376,SouthAmerica,931,Gibraltar,292,32,32,32,24,14,14,14,11,11,12,8,5,5,5,21,21,20,16,9,9,9
2377,SouthAmerica,931,Greece,300,7886,6796,5732,4575,3409,3711,3884,4357,3791,3244,2585,1929,2093,2221,3529,3005,2488,1990,1480,1618,1663
2378,SouthAmerica,931,HolySee,336,0,0,0,0,0,0,0,0,0,0,0,0,0,0,0,0,0,0,0,0,0
2379,SouthAmerica,931,Italy,380,498803,420140,341541,290362,244780,278749,280286,255769,215173,174495,148202,125042,141709,143438,243034,204967,167046,142160,119738,137040,136848
2380,SouthAmerica,931,Malta,470,22,21,22,26,54,62,79,19,17,18,20,51,59,77,3,4,4,6,3,3,2
2381,SouthAmerica,931,Montenegro,499,241,238,233,245,285,301,284,117,116,113,120,139,146,137,124,122,120,125,146,155,147
2382,SouthAmerica,931,NorthMacedonia,807,13193,8158,3124,2312,1535,1549,1579,6465,3912,1361,1029,720,729,752,6728,4246,1763,1283,815,820,827
2383,SouthAmerica,931,Portugal,620,361511,319316,277853,237804,195857,222035,233217,195339,171320,147635,126128,103602,115573,122824,166172,147996,130218,111676,92255,106462,110393
2384,SouthAmerica,931,SanMarino,674,37,36,35,27,51,57,59,32,31,30,22,14,14,15,5,5,5,5,37,43,44
2385,SouthAmerica,931,Serbia,688,730,720,711,755,1240,1359,1353,356,351,347,371,553,592,588,374,369,364,384,687,767,765
2386,SouthAmerica,931,Slovenia,705,1890,1851,1816,1379,1116,1159,1197,889,881,876,678,576,599,629,1001,970,940,701,540,560,568
2387,SouthAmerica,931,Spain,724,455556,376533,299713,269622,247187,280947,301077,221983,182856,145488,132170,122743,139152,150994,233573,193677,154225,137452,124444,141795,150083
2388,SouthAmerica,931,Austria,40,10506,8594,6705,5768,4908,5489,5895,4718,3899,3093,2693,2334,2593,2866,5788,4695,3612,3075,2574,2896,3029
2389,SouthAmerica,931,Belgium,56,4561,4370,4243,4210,4322,4960,5752,2429,2341,2288,2396,2562,2959,3484,2132,2029,1955,1814,1760,2001,2268
2390,SouthAmerica,931,France,250,42608,45482,48610,51446,56018,64587,72243,23358,24761,26252,27951,30579,35408,39691,19250,20721,22358,23495,25439,29179,32552
2391,SouthAmerica,931,Germany,276,63558,56732,49920,50406,52461,65460,63678,32006,28617,25286,26147,27806,34906,34384,31552,28115,24634,24259,24655,30554,29294
2392,SouthAmerica,931,Liechtenstein,438,172,168,163,122,95,97,98,109,107,106,79,68,70,71,63,61,57,43,27,27,27
2393,SouthAmerica,931,Luxembourg,442,223,222,222,171,169,181,196,61,61,64,53,80,89,102,162,161,158,118,89,92,94
2394,SouthAmerica,931,Monaco,492,25,23,21,17,136,158,170,1,1,1,1,47,55,63,24,22,20,16,89,103,107
2395,SouthAmerica,931,Netherlands,528,7563,7777,8129,8553,9240,10498,11948,4389,4560,4804,5172,5663,6464,7426,3174,3217,3325,3381,3577,4034,4522
2396,SouthAmerica,931,Switzerland,756,8042,7883,7809,7597,7886,9064,10256,4590,4612,4682,4650,4934,5700,6524,3452,3271,3127,2947,2952,3364,3732
2397,SouthAmerica,931,Anguilla,660,0,0,0,0,0,0,0,0,0,0,0,0,0,0,0,0,0,0,0,0,0
2398,SouthAmerica,931,AntiguaandBarbuda,28,15,13,10,13,9,9,9,10,7,4,5,4,4,4,5,6,6,8,5,5,5
2399,SouthAmerica,931,Aruba,533,431,427,420,441,466,490,460,179,177,173,182,194,201,185,252,250,247,259,272,289,275
2400,SouthAmerica,931,Bahamas,44,29,29,28,43,62,74,77,18,17,15,21,30,38,43,11,12,13,22,32,36,34
2401,SouthAmerica,931,Barbados,52,420,348,315,292,200,197,204,201,168,154,144,98,98,103,219,180,161,148,102,99,101
2402,SouthAmerica,931,Bonaire,16,535,58,61,76,63,66,72,68,28,30,37,31,32,34,33,30,31,39,32,34,38
2403,SouthAmerica,931,BritishVirginIslands,92,0,0,0,0,0,0,0,0,0,0,0,0,0,0,0,0,0,0,0,0,0
2404,SouthAmerica,931,CaymanIslands,136,0,0,0,0,0,0,0,0,0,0,0,0,0,0,0,0,0,0,0,0,0
2405,SouthAmerica,931,Cuba,192,16908,18491,20446,23008,28008,24838,61417,8638,9714,10950,12332,15032,13327,34779,8270,8777,9496,10676,12976,11511,26638
2406,SouthAmerica,931,CuraÃao,531,746,765,890,783,838,886,862,357,368,431,375,404,421,406,389,397,459,408,434,465,456
2407,SouthAmerica,931,Dominica,212,671,564,584,626,653,471,524,252,190,177,189,193,133,149,419,374,407,437,460,338,375
2408,SouthAmerica,931,DominicanRepublic,214,19580,18093,16717,16644,16980,17981,54232,7476,6942,6408,6347,6485,6827,20901,12104,11151,10309,10297,10495,11154,33331
2409,SouthAmerica,931,Grenada,308,516,428,368,371,316,312,307,171,144,128,149,139,141,140,345,284,240,222,177,171,167
2410,SouthAmerica,931,Guadeloupe,312,2089,2180,2271,2140,2009,2021,2271,1179,1188,1198,1121,1044,1039,1168,910,992,1073,1019,965,982,1103
2411,SouthAmerica,931,Haiti,332,12050,13533,15075,16468,17896,61642,293827,6509,7040,7605,7730,7881,32900,171416,5541,6493,7470,8738,10015,28742,122411
2412,SouthAmerica,931,Jamaica,388,372,377,391,461,441,479,493,198,206,217,270,276,305,321,174,171,174,191,165,174,172
2413,SouthAmerica,931,Martinique,474,4608,4808,5007,4722,4438,2697,3022,2487,2499,2510,2349,2189,1312,1472,2121,2309,2497,2373,2249,1385,1550
2414,SouthAmerica,931,Montserrat,500,0,0,0,0,0,0,0,0,0,0,0,0,0,0,0,0,0,0,0,0,0
2415,SouthAmerica,931,PuertoRico,630,1406,1195,1042,1002,1072,1172,1290,669,571,498,480,515,563,651,737,624,544,522,557,609,639
2416,SouthAmerica,931,SaintBarthelemy,652,0,0,0,0,0,0,0,0,0,0,0,0,0,0,0,0,0,0,0,0,0
2417,SouthAmerica,931,SaintKittsandNevis,659,1,1,0,0,31,36,38,1,1,0,0,26,31,33,0,0,0,0,5,5,5
2418,SouthAmerica,931,SaintLucia,662,2073,1880,1697,1568,1517,1083,1197,1119,986,860,791,730,474,529,954,894,837,777,787,609,668
2419,SouthAmerica,931,SaintMartinFrenchpart,663,0,0,0,0,0,0,0,0,0,0,0,0,0,0,0,0,0,0,0,0,0
2420,SouthAmerica,931,SaintVincentandtheGrenadines,670,223,273,325,388,361,384,406,124,151,179,214,187,197,206,99,122,146,174,174,187,200
2421,SouthAmerica,931,SintMaartenDutchpart,534,258,263,297,269,287,305,293,124,125,143,129,137,145,139,134,138,154,140,150,160,154
2422,SouthAmerica,931,TrinidadandTobago,780,3894,3583,3299,3423,3485,3608,3487,1869,1730,1602,1675,1703,1742,1675,2025,1853,1697,1748,1782,1866,1812
2423,SouthAmerica,931,TurksandCaicosIslands,796,0,0,0,0,0,0,0,0,0,0,0,0,0,0,0,0,0,0,0,0,0
2424,SouthAmerica,931,UnitedStatesVirginIslands,850,0,0,0,0,0,0,0,0,0,0,0,0,0,0,0,0,0,0,0,0,0
2425,SouthAmerica,931,Belize,84,1021,991,951,879,808,938,1036,548,517,480,440,402,467,517,473,474,471,439,406,471,519
2426,SouthAmerica,931,CostaRica,188,3826,3518,3272,3373,3923,4572,5330,1825,1639,1487,1586,1888,2212,2687,2001,1879,1785,1787,2035,2360,2643
2427,SouthAmerica,931,ElSalvador,222,2198,2228,2263,2175,2328,2701,2988,1154,1161,1173,1112,1160,1349,1537,1044,1067,1090,1063,1168,1352,1451
2428,SouthAmerica,931,Guatemala,320,1402,1477,1577,1651,1921,2265,2639,670,722,787,822,958,1151,1399,732,755,790,829,963,1114,1240
2429,SouthAmerica,931,Honduras,340,1614,1488,1383,1388,1597,1900,2248,816,729,655,662,751,889,1073,798,759,728,726,846,1011,1175
2430,SouthAmerica,931,Mexico,484,22153,23615,25115,25820,28310,35045,46160,10917,11660,12403,12770,14060,17785,23322,11236,11955,12712,13050,14250,17260,22838
2431,SouthAmerica,931,Nicaragua,558,3296,3098,2990,2954,3008,3233,3317,1566,1493,1456,1413,1409,1503,1556,1730,1605,1534,1541,1599,1730,1761
2432,SouthAmerica,931,Panama,591,5520,4964,4480,4232,4817,5646,6545,2780,2482,2217,2119,2444,2911,3466,2740,2482,2263,2113,2373,2735,3079
2433,SouthAmerica,931,Argentina,32,168593,188547,209423,222994,235592,251968,306242,83528,94470,105938,113389,120618,130780,158087,85065,94077,103485,109605,114974,121188,148155
2434,SouthAmerica,931,BoliviaPlurinationalStateof,68,178252,221632,265599,351466,438742,539885,635043,92428,114032,135985,176765,218326,269626,311949,85824,107600,129614,174701,220416,270259,323094
2435,SouthAmerica,931,Brazil,76,190023,181396,172808,186635,200362,225982,253696,98713,92212,84760,91315,98314,112281,126430,91310,89184,88048,95320,102048,113701,127266
2436,SouthAmerica,931,Chile,152,288080,272802,258842,248398,241630,278910,292722,151964,140249,129207,121736,116274,134364,143225,136116,132553,129635,126662,125356,144546,149497
2437,SouthAmerica,931,Colombia,170,606648,658020,706190,790935,1183394,1268849,1329616,283142,310990,337186,375140,573957,616604,647056,323506,347030,369004,415795,609437,652245,682560
2438,SouthAmerica,931,Ecuador,218,43033,49680,56664,63509,75296,86351,113372,21531,24381,27362,30776,36954,42744,56014,21502,25299,29302,32733,38342,43607,57358
2439,SouthAmerica,931,FalklandIslandsMalvinas,238,18,20,22,27,42,52,54,9,10,11,13,21,26,31,9,10,11,14,21,26,23
2440,SouthAmerica,931,FrenchGuiana,254,788,730,676,725,764,893,985,404,391,382,415,441,514,576,384,339,294,310,323,379,409
2441,SouthAmerica,931,Guyana,328,13051,15717,18810,21691,24703,27126,28551,6718,8028,9518,11065,12681,13824,14593,6333,7689,9292,10626,12022,13302,13958
2442,SouthAmerica,931,Paraguay,600,282471,316366,350309,493113,635374,734874,749084,125142,139352,153384,218715,283786,327767,336586,157329,177014,196925,274398,351588,407107,412498
2443,SouthAmerica,931,Peru,604,72234,129761,187398,281108,378551,441574,534230,40654,63681,87371,130769,176297,206927,259181,31580,66080,100027,150339,202254,234647,275049
2444,SouthAmerica,931,Suriname,740,16574,17331,18092,23921,28268,26141,29172,8787,8881,8975,11526,13386,12473,13912,7787,8450,9117,12395,14882,13668,15260
2445,SouthAmerica,931,Uruguay,858,172502,161463,150521,151909,153277,177996,181532,85977,80629,75316,74988,74670,86708,89359,86525,80834,75205,76921,78607,91288,92173
2446,SouthAmerica,931,VenezuelaBolivarianRepublicof,862,44861,49423,54323,57713,70749,130842,4103204,21018,23351,25831,27809,34561,65639,2035335,23843,26072,28492,29904,36188,65203,2067869
2447,SouthAmerica,931,Bermuda,60,0,1,1,1,0,0,0,0,0,0,0,0,0,0,0,1,1,1,0,0,0
2448,SouthAmerica,931,Canada,124,8699,9690,10778,10737,12169,14473,18109,4407,5103,5850,5911,7026,8434,10991,4292,4587,4928,4826,5143,6039,7118
2449,SouthAmerica,931,Greenland,304,36,35,34,26,15,15,15,6,6,6,5,3,3,3,30,29,28,21,12,12,12
2450,SouthAmerica,931,SaintPierreandMiquelon,666,0,0,0,0,0,0,0,0,0,0,0,0,0,0,0,0,0,0,0,0,0
2451,SouthAmerica,931,UnitedStatesofAmerica,840,73791,77129,81551,89026,106625,124725,154000,38173,40641,43619,48034,58283,66445,85926,35618,36488,37932,40992,48342,58280,68074
2452,SouthAmerica,931,Australia,36,1625,1732,1898,1959,2095,2357,2973,865,906,982,1111,1274,1443,1838,760,826,916,848,821,914,1135
2453,SouthAmerica,931,NewZealand,554,207,224,240,288,558,647,764,95,111,125,146,346,410,490,112,113,115,142,212,237,274
2454,SouthAmerica,931,Fiji,242,1,2,3,3,1,1,1,0,0,0,0,0,0,0,1,2,3,3,1,1,1
2455,SouthAmerica,931,NewCaledonia,540,0,1,1,1,0,0,0,0,1,1,1,0,0,0,0,0,0,0,0,0,0
2456,SouthAmerica,931,PapuaNewGuinea,598,0,1,1,1,1,2,1,0,0,0,0,1,2,1,0,1,1,1,0,0,0
2457,SouthAmerica,931,SolomonIslands,90,0,0,0,1,1,2,1,0,0,0,0,0,0,0,0,0,0,1,1,2,1
2458,SouthAmerica,931,Vanuatu,548,20,19,18,14,8,8,8,20,19,18,14,8,8,8,0,0,0,0,0,0,0
2459,SouthAmerica,931,Guam,316,0,0,0,0,0,0,0,0,0,0,0,0,0,0,0,0,0,0,0,0,0
2460,SouthAmerica,931,Kiribati,296,0,0,0,42,86,100,108,0,0,0,27,54,63,70,0,0,0,15,32,37,38
2461,SouthAmerica,931,MarshallIslands,584,0,0,0,0,0,0,0,0,0,0,0,0,0,0,0,0,0,0,0,0,0
2462,SouthAmerica,931,MicronesiaFedStatesof,583,9,9,9,8,4,4,4,0,0,0,0,0,0,0,9,9,9,8,4,4,4
2463,SouthAmerica,931,Nauru,520,0,0,0,0,0,0,0,0,0,0,0,0,0,0,0,0,0,0,0,0,0
2464,SouthAmerica,931,NorthernMarianaIslands,580,0,0,0,0,0,0,0,0,0,0,0,0,0,0,0,0,0,0,0,0,0
2465,SouthAmerica,931,Palau,585,0,0,0,0,21,24,25,0,0,0,0,12,14,15,0,0,0,0,9,10,10
2466,SouthAmerica,931,AmericanSamoa,16,0,0,0,0,0,0,0,0,0,0,0,0,0,0,0,0,0,0,0,0,0
2467,SouthAmerica,931,CookIslands,184,0,0,0,0,0,0,0,0,0,0,0,0,0,0,0,0,0,0,0,0,0
2468,SouthAmerica,931,FrenchPolynesia,258,0,0,0,0,0,0,0,0,0,0,0,0,0,0,0,0,0,0,0,0,0
2469,SouthAmerica,931,Niue,570,0,41,81,41,1,2,1,0,21,41,20,0,0,0,0,20,40,21,1,2,1
2470,SouthAmerica,931,Samoa,882,0,0,0,0,0,0,0,0,0,0,0,0,0,0,0,0,0,0,0,0,0
2471,SouthAmerica,931,Tokelau,772,0,0,0,0,0,0,0,0,0,0,0,0,0,0,0,0,0,0,0,0,0
2472,SouthAmerica,931,Tonga,776,0,1,1,1,0,0,0,0,0,0,0,0,0,0,0,1,1,1,0,0,0
2473,SouthAmerica,931,Tuvalu,798,8,8,8,7,4,4,4,4,4,4,3,2,2,2,4,4,4,4,2,2,2
2474,SouthAmerica,931,WallisandFutunaIslands,876,0,0,0,0,0,0,0,0,0,0,0,0,0,0,0,0,0,0,0,0,0
2475,Caribbean,915,SubSaharanAfrica,947,1610,1881,2220,2251,2469,2566,2625,845,965,1134,1073,1128,1163,1252,765,916,1086,1178,1341,1403,1373
2476,Caribbean,915,NorthernAfricaandWesternAsia,1833,2743,3012,3286,2872,2657,2702,2630,1600,1703,1806,1574,1467,1486,1471,1143,1309,1480,1298,1190,1216,1159
2477,Caribbean,915,CentralandSouthernAsia,921,3075,3586,4136,4808,6283,6509,6924,1723,2063,2454,3037,4112,4258,4616,1352,1523,1682,1771,2171,2251,2308
2478,Caribbean,915,EasternandSouthEasternAsia,1832,9483,11044,12791,12179,12707,15343,16230,5421,6111,6907,6452,6604,8417,9003,4062,4933,5884,5727,6103,6926,7227
2479,Caribbean,915,LatinAmericaandtheCaribbean,1830,519266,583063,647814,703367,771209,940613,1050647,282073,313549,345290,373914,406395,525103,579635,237193,269514,302524,329453,364814,415510,471012
2480,Caribbean,915,OceaniaexcludingAustraliaandNewZealand,1835,21,24,26,23,21,19,19,9,10,10,9,7,7,7,12,14,16,14,14,12,12
2481,Caribbean,915,AustraliaandNewZealand,927,205,282,381,405,447,478,507,116,157,214,220,235,255,278,89,125,167,185,212,223,229
2482,Caribbean,915,EuropeandNorthernAmerica,1829,426110,448158,474449,464604,441216,420384,420836,213029,222603,234437,227333,213555,201973,203141,213081,225555,240012,237271,227661,218411,217695
2483,Caribbean,915,Developedregions,901,427979,450275,476842,466362,442477,421711,422187,214043,223731,235696,228247,214190,202648,203846,213936,226544,241146,238115,228287,219063,218341
2484,Caribbean,915,Lessdevelopedregions,902,534534,600775,668261,724147,794532,966903,1078231,290773,323430,356556,385365,419313,540014,595557,243761,277345,311705,338782,375219,426889,482674
2485,Caribbean,915,Lessdevelopedregions,902,934,317031,357863,399362,405644,418693,423897,509804,150247,169073,188050,189629,192265,194241,234226,166784,188790,211312,216015,226428,229656
2486,Caribbean,915,Lessdevelopedregions,902,948,528587,593899,660358,717338,788104,958230,1068943,287297,319565,352246,381715,415924,535022,590169,241290,274334,308112,335623,372180,423208
2487,Caribbean,915,Leastdevelopedcountries,941,217503,242912,268899,318503,375839,543006,568427,140526,154357,168506,195736,227048,345773,361331,76977,88555,100393,122767,148791,197233,207096
2488,Caribbean,915,LandlockedDevelopingCountriesLLDC,1636,716,799,877,789,690,700,674,400,439,479,440,390,402,398,316,360,398,349,300,298,276
2489,Caribbean,915,SmallislanddevelopingStatesSIDS,1637,451326,506338,561634,626831,697794,868395,897170,247885,275539,303124,337176,372646,492160,511425,203441,230799,258510,289655,325148,376235,385745
2490,Caribbean,915,Highincomecountries,1503,485141,513539,546203,535372,511383,491901,494333,242257,254796,269602,262057,247645,236658,238793,242884,258743,276601,273315,263738,255243,255540
2491,Caribbean,915,Middleincomecountries,1517,244024,275603,307768,312122,320760,323407,406849,114934,129729,144644,145400,146587,147989,186796,129090,145874,163124,166722,174173,175418,220053
2492,Caribbean,915,Uppermiddleincomecountries,1502,231905,262642,293553,296341,302312,304593,387820,108954,123275,137466,137217,136759,137918,176352,122951,139367,156087,159124,165553,166675,211468
2493,Caribbean,915,Lowermiddleincomecountries,1501,12119,12961,14215,15781,18448,18814,19029,5980,6454,7178,8183,9828,10071,10444,6139,6507,7037,7598,8620,8743,8585
2494,Caribbean,915,Lowincomecountries,1500,217573,243131,269270,319011,376473,543678,569103,140534,154446,168679,195995,227387,346120,361677,77039,88685,100591,123016,149086,197558,207426
2495,Caribbean,915,EasternAfrica,910,531,698,880,935,996,1052,1048,207,269,340,318,293,293,296,324,429,540,617,703,759,752
2496,Caribbean,915,MiddleAfrica,911,230,180,121,169,219,205,196,138,105,67,95,123,118,116,92,75,54,74,96,87,80
2497,Caribbean,915,NorthernAfrica,912,333,359,387,383,378,380,351,168,176,184,183,182,178,168,165,183,203,200,196,202,183
2498,Caribbean,915,SouthernAfrica,913,297,378,469,342,215,228,233,173,218,272,190,108,117,123,124,160,197,152,107,111,110
2499,Caribbean,915,WesternAfrica,914,552,625,750,805,1039,1081,1148,327,373,455,470,604,635,717,225,252,295,335,435,446,431
2500,Caribbean,915,CentralAsia,5500,3,4,4,7,11,10,10,3,4,4,4,5,5,5,0,0,0,3,6,5,5
2501,Caribbean,915,EasternAsia,906,8231,9398,10669,8868,7887,10200,10723,4729,5226,5778,4737,4144,5787,6150,3502,4172,4891,4131,3743,4413,4573
2502,Caribbean,915,SouthEasternAsia,920,1252,1646,2122,3311,4820,5143,5507,692,885,1129,1715,2460,2630,2853,560,761,993,1596,2360,2513,2654
2503,Caribbean,915,SouthernAsia,5501,3072,3582,4132,4801,6272,6499,6914,1720,2059,2450,3033,4107,4253,4611,1352,1523,1682,1768,2165,2246,2303
2504,Caribbean,915,WesternAsia,922,2410,2653,2899,2489,2279,2322,2279,1432,1527,1622,1391,1285,1308,1303,978,1126,1277,1098,994,1014,976
2505,Caribbean,915,EasternEurope,923,8470,6931,5418,3829,2560,1992,1629,3196,2459,1745,1284,921,765,673,5274,4472,3673,2545,1639,1227,956
2506,Caribbean,915,NorthernEurope,924,18646,19637,21383,20681,19949,20690,21639,9216,9751,10743,10363,10010,10400,11118,9430,9886,10640,10318,9939,10290,10521
2507,Caribbean,915,SouthernEurope,925,34670,33199,32202,25314,20155,19796,20794,20448,19660,19095,15105,11931,12196,12811,14222,13539,13107,10209,8224,7600,7983
2508,Caribbean,915,WesternEurope,926,82505,98826,115203,115713,125202,133508,134296,43397,50898,58459,56604,59317,61642,62037,39108,47928,56744,59109,65885,71866,72259
2509,Caribbean,915,Caribbean,915,437177,489402,540565,601238,663895,832854,859403,241569,268017,293818,325697,356795,475462,492844,195608,221385,246747,275541,307100,357392,366559
2510,Caribbean,915,CentralAmerica,916,16519,17457,18786,17444,15516,15379,14137,7773,8163,8758,8170,7264,7202,6637,8746,9294,10028,9274,8252,8177,7500
2511,Caribbean,915,SouthAmerica,931,65570,76204,88463,84685,91798,92380,177107,32731,37369,42714,40047,42336,42439,80154,32839,38835,45749,44638,49462,49941,96953
2512,Caribbean,915,Melanesia,928,0,0,0,0,0,0,0,0,0,0,0,0,0,0,0,0,0,0,0,0,0
2513,Caribbean,915,Micronesia,954,0,0,0,0,0,0,0,0,0,0,0,0,0,0,0,0,0,0,0,0,0
2514,Caribbean,915,Polynesia,957,21,24,26,23,21,19,19,9,10,10,9,7,7,7,12,14,16,14,14,12,12
2515,Caribbean,915,Burundi,108,3,4,4,4,4,3,3,0,0,0,0,0,0,0,3,4,4,4,4,3,3
2516,Caribbean,915,Comoros,174,0,0,0,0,0,0,0,0,0,0,0,0,0,0,0,0,0,0,0,0,0
2517,Caribbean,915,Djibouti,262,0,0,0,0,0,0,0,0,0,0,0,0,0,0,0,0,0,0,0,0,0
2518,Caribbean,915,Eritrea,232,0,0,0,0,0,0,0,0,0,0,0,0,0,0,0,0,0,0,0,0,0
2519,Caribbean,915,Ethiopia,231,3,40,78,83,88,92,92,0,17,35,38,40,42,43,3,23,43,45,48,50,49
2520,Caribbean,915,Kenya,404,16,26,42,46,53,57,60,6,8,13,15,16,18,21,10,18,29,31,37,39,39
2521,Caribbean,915,Madagascar,450,0,0,0,0,0,0,0,0,0,0,0,0,0,0,0,0,0,0,0,0,0
2522,Caribbean,915,Malawi,454,0,0,0,0,0,0,0,0,0,0,0,0,0,0,0,0,0,0,0,0,0
2523,Caribbean,915,Mauritius,480,0,0,0,0,0,0,0,0,0,0,0,0,0,0,0,0,0,0,0,0,0
2524,Caribbean,915,Mayotte,175,0,0,0,0,0,0,0,0,0,0,0,0,0,0,0,0,0,0,0,0,0
2525,Caribbean,915,Mozambique,508,0,0,0,0,0,0,0,0,0,0,0,0,0,0,0,0,0,0,0,0,0
2526,Caribbean,915,Reunion,638,497,603,710,747,783,831,823,194,231,270,239,207,202,198,303,372,440,508,576,629,625
2527,Caribbean,915,Rwanda,646,0,0,0,0,0,0,0,0,0,0,0,0,0,0,0,0,0,0,0,0,0
2528,Caribbean,915,Seychelles,690,0,0,0,0,0,0,0,0,0,0,0,0,0,0,0,0,0,0,0,0,0
2529,Caribbean,915,Somalia,706,0,0,0,0,0,0,0,0,0,0,0,0,0,0,0,0,0,0,0,0,0
2530,Caribbean,915,SouthSudan,728,0,0,0,0,0,0,0,0,0,0,0,0,0,0,0,0,0,0,0,0,0
2531,Caribbean,915,Uganda,800,0,0,0,6,11,12,11,0,0,0,2,3,3,3,0,0,0,4,8,9,8
2532,Caribbean,915,UnitedRepublicofTanzania,834,4,8,15,14,15,15,16,0,0,0,1,2,2,3,4,8,15,13,13,13,13
2533,Caribbean,915,Zambia,894,2,6,11,10,10,9,10,2,5,8,7,6,6,7,0,1,3,3,4,3,3
2534,Caribbean,915,Zimbabwe,716,6,11,20,25,32,33,33,5,8,14,16,19,20,21,1,3,6,9,13,13,12
2535,Caribbean,915,Angola,24,218,165,106,84,63,44,30,132,97,59,43,27,17,11,86,68,47,41,36,27,19
2536,Caribbean,915,Cameroon,120,3,4,4,13,23,23,23,3,4,4,7,11,12,12,0,0,0,6,12,11,11
2537,Caribbean,915,CentralAfricanRepublic,140,6,7,7,68,129,135,140,0,0,0,41,81,86,90,6,7,7,27,48,49,50
2538,Caribbean,915,Chad,148,3,4,4,4,4,3,3,3,4,4,4,4,3,3,0,0,0,0,0,0,0
2539,Caribbean,915,Congo,178,0,0,0,0,0,0,0,0,0,0,0,0,0,0,0,0,0,0,0,0,0
2540,Caribbean,915,DemocraticRepublicoftheCongo,180,0,0,0,0,0,0,0,0,0,0,0,0,0,0,0,0,0,0,0,0,0
2541,Caribbean,915,EquatorialGuinea,226,0,0,0,0,0,0,0,0,0,0,0,0,0,0,0,0,0,0,0,0,0
2542,Caribbean,915,Gabon,266,0,0,0,0,0,0,0,0,0,0,0,0,0,0,0,0,0,0,0,0,0
2543,Caribbean,915,SaoTomeandPrincipe,678,0,0,0,0,0,0,0,0,0,0,0,0,0,0,0,0,0,0,0,0,0
2544,Caribbean,915,Algeria,12,222,245,269,267,271,271,263,113,119,125,121,120,114,111,109,126,144,146,151,157,152
2545,Caribbean,915,Egypt,818,90,90,92,87,74,76,54,43,43,44,43,38,39,31,47,47,48,44,36,37,23
2546,Caribbean,915,Libya,434,0,0,0,0,0,0,0,0,0,0,0,0,0,0,0,0,0,0,0,0,0
2547,Caribbean,915,Morocco,504,21,24,26,29,33,33,34,12,14,15,19,24,25,26,9,10,11,10,9,8,8
2548,Caribbean,915,Sudan,729,0,0,0,0,0,0,0,0,0,0,0,0,0,0,0,0,0,0,0,0,0
2549,Caribbean,915,Tunisia,788,0,0,0,0,0,0,0,0,0,0,0,0,0,0,0,0,0,0,0,0,0
2550,Caribbean,915,WesternSahara,732,0,0,0,0,0,0,0,0,0,0,0,0,0,0,0,0,0,0,0,0,0
2551,Caribbean,915,Botswana,72,0,0,0,7,13,14,13,0,0,0,4,8,9,9,0,0,0,3,5,5,4
2552,Caribbean,915,Eswatini,748,0,0,0,6,11,12,11,0,0,0,3,5,5,5,0,0,0,3,6,7,6
2553,Caribbean,915,Lesotho,426,0,0,0,0,0,0,0,0,0,0,0,0,0,0,0,0,0,0,0,0,0
2554,Caribbean,915,Namibia,516,0,0,0,0,0,0,0,0,0,0,0,0,0,0,0,0,0,0,0,0,0
2555,Caribbean,915,SouthAfrica,710,297,378,469,329,191,202,209,173,218,272,183,95,103,109,124,160,197,146,96,99,100
2556,Caribbean,915,Benin,204,0,0,0,0,0,0,0,0,0,0,0,0,0,0,0,0,0,0,0,0,0
2557,Caribbean,915,BurkinaFaso,854,0,0,0,0,0,0,0,0,0,0,0,0,0,0,0,0,0,0,0,0,0
2558,Caribbean,915,CaboVerde,132,3,4,4,4,4,3,3,0,0,0,0,0,0,0,3,4,4,4,4,3,3
2559,Caribbean,915,CotedIvoire,384,0,0,0,0,0,0,0,0,0,0,0,0,0,0,0,0,0,0,0,0,0
2560,Caribbean,915,Gambia,270,0,0,0,0,0,0,0,0,0,0,0,0,0,0,0,0,0,0,0,0,0
2561,Caribbean,915,Ghana,288,43,75,108,101,92,97,96,23,41,59,61,62,66,69,20,34,49,40,30,31,27
2562,Caribbean,915,Guinea,324,0,0,0,0,0,0,0,0,0,0,0,0,0,0,0,0,0,0,0,0,0
2563,Caribbean,915,GuineaBissau,624,0,0,0,0,0,0,0,0,0,0,0,0,0,0,0,0,0,0,0,0,0
2564,Caribbean,915,Liberia,430,0,0,0,0,0,0,0,0,0,0,0,0,0,0,0,0,0,0,0,0,0
2565,Caribbean,915,Mali,466,0,0,0,0,0,0,0,0,0,0,0,0,0,0,0,0,0,0,0,0,0
2566,Caribbean,915,Mauritania,478,0,0,0,0,0,0,0,0,0,0,0,0,0,0,0,0,0,0,0,0,0
2567,Caribbean,915,Niger,562,8,16,29,27,28,29,32,8,16,29,27,28,29,32,0,0,0,0,0,0,0
2568,Caribbean,915,Nigeria,566,404,425,494,569,822,855,917,248,264,311,331,469,492,566,156,161,183,238,353,363,351
2569,Caribbean,915,SaintHelena,654,94,105,115,104,93,97,100,48,52,56,51,45,48,50,46,53,59,53,48,49,50
2570,Caribbean,915,Senegal,686,0,0,0,0,0,0,0,0,0,0,0,0,0,0,0,0,0,0,0,0,0
2571,Caribbean,915,SierraLeone,694,0,0,0,0,0,0,0,0,0,0,0,0,0,0,0,0,0,0,0,0,0
2572,Caribbean,915,Togo,768,0,0,0,0,0,0,0,0,0,0,0,0,0,0,0,0,0,0,0,0,0
2573,Caribbean,915,Kazakhstan,398,3,4,4,7,11,10,10,3,4,4,4,5,5,5,0,0,0,3,6,5,5
2574,Caribbean,915,Kyrgyzstan,417,0,0,0,0,0,0,0,0,0,0,0,0,0,0,0,0,0,0,0,0,0
2575,Caribbean,915,Tajikistan,762,0,0,0,0,0,0,0,0,0,0,0,0,0,0,0,0,0,0,0,0,0
2576,Caribbean,915,Turkmenistan,795,0,0,0,0,0,0,0,0,0,0,0,0,0,0,0,0,0,0,0,0,0
2577,Caribbean,915,Uzbekistan,860,0,0,0,0,0,0,0,0,0,0,0,0,0,0,0,0,0,0,0,0,0
2578,Caribbean,915,China,156,5901,6841,7878,6784,6300,8536,9133,3448,3844,4294,3636,3311,4908,5290,2453,2997,3584,3148,2989,3628,3843
2579,Caribbean,915,China,156,344,46,35,25,25,128,137,155,28,21,16,14,78,84,98,18,14,9,11,50,53
2580,Caribbean,915,China,156,446,0,0,0,0,0,0,0,0,0,0,0,0,0,0,0,0,0,0,0,0
2581,Caribbean,915,China,156,158,0,0,0,0,0,0,0,0,0,0,0,0,0,0,0,0,0,0,0,0
2582,Caribbean,915,DemPeoplesRepublicofKorea,408,0,0,0,0,0,0,0,0,0,0,0,0,0,0,0,0,0,0,0,0,0
2583,Caribbean,915,Japan,392,1664,1835,2012,1353,814,849,844,898,971,1045,694,400,420,427,766,864,967,659,414,429,417
2584,Caribbean,915,Mongolia,496,0,0,0,0,0,0,0,0,0,0,0,0,0,0,0,0,0,0,0,0,0
2585,Caribbean,915,RepublicofKorea,410,620,687,754,706,645,678,591,355,390,423,393,355,375,335,265,297,331,313,290,303,256
2586,Caribbean,915,BruneiDarussalam,96,0,0,0,0,0,0,0,0,0,0,0,0,0,0,0,0,0,0,0,0,0
2587,Caribbean,915,Cambodia,116,118,131,144,130,116,121,126,63,68,74,67,59,62,65,55,63,70,63,57,59,61
2588,Caribbean,915,Indonesia,360,8,7,6,46,256,275,307,6,5,4,25,127,137,157,2,2,2,21,129,138,150
2589,Caribbean,915,LaoPeoplesDemocraticRepublic,418,0,0,0,0,0,0,0,0,0,0,0,0,0,0,0,0,0,0,0,0,0
2590,Caribbean,915,Malaysia,458,47,57,74,60,47,45,44,15,18,26,26,25,26,27,32,39,48,34,22,19,17
2591,Caribbean,915,Myanmar,104,0,0,0,0,0,0,0,0,0,0,0,0,0,0,0,0,0,0,0,0,0
2592,Caribbean,915,Philippines,608,904,1253,1665,2886,4267,4565,4936,517,685,890,1484,2165,2316,2532,387,568,775,1402,2102,2249,2404
2593,Caribbean,915,Singapore,702,0,0,0,0,0,0,0,0,0,0,0,0,0,0,0,0,0,0,0,0,0
2594,Caribbean,915,Thailand,764,51,68,95,81,69,73,67,32,47,69,61,53,59,59,19,21,26,20,16,14,8
2595,Caribbean,915,TimorLeste,626,0,0,0,0,0,0,0,0,0,0,0,0,0,0,0,0,0,0,0,0,0
2596,Caribbean,915,VietNam,704,124,130,138,108,65,64,27,59,62,66,52,31,30,13,65,68,72,56,34,34,14
2597,Caribbean,915,Afghanistan,4,0,0,0,0,0,0,0,0,0,0,0,0,0,0,0,0,0,0,0,0,0
2598,Caribbean,915,Bangladesh,50,0,0,0,0,0,0,0,0,0,0,0,0,0,0,0,0,0,0,0,0,0
2599,Caribbean,915,Bhutan,64,9,10,11,10,9,8,8,9,10,11,10,9,8,8,0,0,0,0,0,0,0
2600,Caribbean,915,India,356,2737,3194,3674,4445,6006,6222,6623,1455,1753,2093,2767,3926,4061,4408,1282,1441,1581,1678,2080,2161,2215
2601,Caribbean,915,IranIslamicRepublicof,364,72,84,96,67,40,39,41,66,76,85,57,29,30,32,6,8,11,10,11,9,9
2602,Caribbean,915,Maldives,462,0,0,0,0,0,0,0,0,0,0,0,0,0,0,0,0,0,0,0,0,0
2603,Caribbean,915,Nepal,524,0,0,0,0,0,0,0,0,0,0,0,0,0,0,0,0,0,0,0,0,0
2604,Caribbean,915,Pakistan,586,230,278,342,256,181,191,202,177,212,256,186,123,132,140,53,66,86,70,58,59,62
2605,Caribbean,915,SriLanka,144,24,16,9,23,36,39,40,13,8,5,13,20,22,23,11,8,4,10,16,17,17
2606,Caribbean,915,Armenia,51,0,0,0,0,0,0,0,0,0,0,0,0,0,0,0,0,0,0,0,0,0
2607,Caribbean,915,Azerbaijan,31,0,0,0,0,0,0,0,0,0,0,0,0,0,0,0,0,0,0,0,0,0
2608,Caribbean,915,Bahrain,48,21,24,26,23,21,21,21,18,20,22,19,17,18,18,3,4,4,4,4,3,3
2609,Caribbean,915,Cyprus,196,0,0,0,0,0,0,0,0,0,0,0,0,0,0,0,0,0,0,0,0,0
2610,Caribbean,915,Georgia,268,0,0,0,0,0,0,0,0,0,0,0,0,0,0,0,0,0,0,0,0,0
2611,Caribbean,915,Iraq,368,6,7,7,17,27,27,27,6,7,7,13,18,19,19,0,0,0,4,9,8,8
2612,Caribbean,915,Israel,376,275,304,336,231,117,118,94,190,208,227,150,65,68,57,85,96,109,81,52,50,37
2613,Caribbean,915,Jordan,400,175,185,196,153,92,90,38,83,88,93,73,43,43,19,92,97,103,80,49,47,19
2614,Caribbean,915,Kuwait,414,0,0,0,0,0,0,0,0,0,0,0,0,0,0,0,0,0,0,0,0,0
2615,Caribbean,915,Lebanon,422,1070,1170,1270,1056,1075,1101,1148,635,684,733,610,637,655,692,435,486,537,446,438,446,456
2616,Caribbean,915,Oman,512,0,0,0,0,0,0,0,0,0,0,0,0,0,0,0,0,0,0,0,0,0
2617,Caribbean,915,Qatar,634,0,0,0,0,0,0,0,0,0,0,0,0,0,0,0,0,0,0,0,0,0
2618,Caribbean,915,SaudiArabia,682,24,27,29,23,18,17,17,24,27,29,21,14,14,14,0,0,0,2,4,3,3
2619,Caribbean,915,StateofPalestine,275,188,209,230,124,19,18,18,93,101,109,60,11,11,11,95,108,121,64,8,7,7
2620,Caribbean,915,SyrianArabRepublic,760,421,539,658,756,847,869,866,214,269,325,387,442,442,440,207,270,333,369,405,427,426
2621,Caribbean,915,Turkey,792,230,188,147,106,63,61,50,169,123,77,58,38,38,33,61,65,70,48,25,23,17
2622,Caribbean,915,UnitedArabEmirates,784,0,0,0,0,0,0,0,0,0,0,0,0,0,0,0,0,0,0,0,0,0
2623,Caribbean,915,Yemen,887,0,0,0,0,0,0,0,0,0,0,0,0,0,0,0,0,0,0,0,0,0
2624,Caribbean,915,Belarus,112,0,0,0,0,0,0,0,0,0,0,0,0,0,0,0,0,0,0,0,0,0
2625,Caribbean,915,Bulgaria,100,653,622,600,359,142,121,110,328,312,299,179,68,65,65,325,310,301,180,74,56,45
2626,Caribbean,915,Czechia,203,418,322,234,158,109,73,53,183,134,88,59,41,29,23,235,188,146,99,68,44,30
2627,Caribbean,915,Hungary,348,206,175,146,91,49,37,30,96,81,65,44,26,22,19,110,94,81,47,23,15,11
2628,Caribbean,915,Poland,616,734,735,744,426,120,103,83,169,141,118,84,53,51,45,565,594,626,342,67,52,38
2629,Caribbean,915,RepublicofMoldova,498,6,7,7,9,12,11,11,3,3,3,4,5,5,5,3,4,4,5,7,6,6
2630,Caribbean,915,Romania,642,183,162,127,167,205,211,212,64,63,59,93,127,136,141,119,99,68,74,78,75,71
2631,Caribbean,915,RussianFederation,643,4782,3737,2718,2007,1501,1131,904,1844,1352,877,650,486,373,311,2938,2385,1841,1357,1015,758,593
2632,Caribbean,915,Slovakia,703,0,0,0,0,0,0,0,0,0,0,0,0,0,0,0,0,0,0,0,0,0
2633,Caribbean,915,Ukraine,804,1488,1171,842,612,422,305,226,509,373,236,171,115,84,64,979,798,606,441,307,221,162
2634,Caribbean,915,ChannelIslands,830,4,8,15,14,15,15,16,3,4,7,7,7,8,8,1,4,8,7,8,7,8
2635,Caribbean,915,Denmark,208,83,111,141,99,58,59,59,68,84,104,69,33,35,36,15,27,37,30,25,24,23
2636,Caribbean,915,Estonia,233,0,0,0,8,15,16,15,0,0,0,3,6,6,6,0,0,0,5,9,10,9
2637,Caribbean,915,FaroeIslands,234,0,0,0,0,0,0,0,0,0,0,0,0,0,0,0,0,0,0,0,0,0
2638,Caribbean,915,Finland,246,47,56,66,51,37,36,37,32,37,42,29,14,15,16,15,19,24,22,23,21,21
2639,Caribbean,915,Iceland,352,0,0,0,0,0,0,0,0,0,0,0,0,0,0,0,0,0,0,0,0,0
2640,Caribbean,915,Ireland,372,195,279,408,353,317,339,366,110,153,220,185,157,170,185,85,126,188,168,160,169,181
2641,Caribbean,915,IsleofMan,833,0,0,0,0,0,0,0,0,0,0,0,0,0,0,0,0,0,0,0,0,0
2642,Caribbean,915,Latvia,428,0,0,0,0,0,0,0,0,0,0,0,0,0,0,0,0,0,0,0,0,0
2643,Caribbean,915,Lithuania,440,0,0,0,0,0,0,0,0,0,0,0,0,0,0,0,0,0,0,0,0,0
2644,Caribbean,915,Norway,578,80,86,92,78,64,66,67,54,57,60,47,34,35,37,26,29,32,31,30,31,30
2645,Caribbean,915,Sweden,752,380,431,483,291,98,102,105,89,95,103,79,54,57,60,291,336,380,212,44,45,45
2646,Caribbean,915,UnitedKingdom,826,17857,18666,20178,19787,19345,20057,20974,8860,9321,10207,9944,9705,10074,10770,8997,9345,9971,9843,9640,9983,10204
2647,Caribbean,915,Albania,8,242,184,226,40,6,1,0,133,98,113,22,4,1,0,109,86,113,18,2,0,0
2648,Caribbean,915,Andorra,20,0,0,0,0,0,0,0,0,0,0,0,0,0,0,0,0,0,0,0,0,0
2649,Caribbean,915,BosniaandHerzegovina,70,6,7,7,6,6,5,5,6,7,7,6,6,5,5,0,0,0,0,0,0,0
2650,Caribbean,915,Croatia,191,0,0,0,0,0,0,0,0,0,0,0,0,0,0,0,0,0,0,0,0,0
2651,Caribbean,915,Gibraltar,292,0,0,0,0,0,0,0,0,0,0,0,0,0,0,0,0,0,0,0,0,0
2652,Caribbean,915,Greece,300,166,168,170,158,145,154,161,104,106,110,105,98,105,112,62,62,60,53,47,49,49
2653,Caribbean,915,HolySee,336,0,0,0,0,0,0,0,0,0,0,0,0,0,0,0,0,0,0,0,0,0
2654,Caribbean,915,Italy,380,9504,10167,10791,8336,5970,6664,6842,6614,7018,7398,5695,4058,4670,4831,2890,3149,3393,2641,1912,1994,2011
2655,Caribbean,915,Malta,470,33,37,40,32,25,25,25,13,14,14,13,13,14,14,20,23,26,19,12,11,11
2656,Caribbean,915,Montenegro,499,0,0,0,0,0,0,0,0,0,0,0,0,0,0,0,0,0,0,0,0,0
2657,Caribbean,915,NorthMacedonia,807,6,7,7,16,26,26,26,6,7,7,11,15,16,16,0,0,0,5,11,10,10
2658,Caribbean,915,Portugal,620,592,685,778,774,1607,1671,1817,323,372,420,400,786,809,892,269,313,358,374,821,862,925
2659,Caribbean,915,SanMarino,674,0,0,0,0,0,0,0,0,0,0,0,0,0,0,0,0,0,0,0,0,0
2660,Caribbean,915,Serbia,688,180,200,220,145,70,72,75,110,120,131,81,31,32,34,70,80,89,64,39,40,41
2661,Caribbean,915,Slovenia,705,0,0,0,0,0,0,0,0,0,0,0,0,0,0,0,0,0,0,0,0,0
2662,Caribbean,915,Spain,724,23941,21744,19963,15807,12300,11178,11843,13139,11918,10895,8772,6920,6544,6907,10802,9826,9068,7035,5380,4634,4936
2663,Caribbean,915,Austria,40,1171,1289,1416,921,444,465,482,972,1065,1168,735,316,334,351,199,224,248,186,128,131,131
2664,Caribbean,915,Belgium,56,750,905,1067,967,953,973,988,429,503,582,525,505,504,515,321,402,485,442,448,469,473
2665,Caribbean,915,France,250,65198,80074,94931,98575,102210,109086,108253,33202,39904,46606,46821,47035,48663,48084,31996,40170,48325,51754,55175,60423,60169
2666,Caribbean,915,Germany,276,9544,9439,9364,6783,4385,4675,4540,5345,5307,5288,3842,2505,2631,2617,4199,4132,4076,2941,1880,2044,1923
2667,Caribbean,915,Liechtenstein,438,0,0,0,0,0,0,0,0,0,0,0,0,0,0,0,0,0,0,0,0,0
2668,Caribbean,915,Luxembourg,442,0,0,0,0,0,0,0,0,0,0,0,0,0,0,0,0,0,0,0,0,0
2669,Caribbean,915,Monaco,492,0,0,0,0,0,0,0,0,0,0,0,0,0,0,0,0,0,0,0,0,0
2670,Caribbean,915,Netherlands,528,3122,4093,5075,5852,15294,16308,17950,1708,2212,2725,3087,7833,8342,9252,1414,1881,2350,2765,7461,7966,8698
2671,Caribbean,915,Switzerland,756,2720,3026,3350,2615,1916,2001,2083,1741,1907,2090,1594,1123,1168,1218,979,1119,1260,1021,793,833,865
2672,Caribbean,915,Anguilla,660,1292,1316,1345,1387,1471,1493,1515,673,685,697,727,766,780,794,619,631,648,660,705,713,721
2673,Caribbean,915,AntiguaandBarbuda,28,6064,6519,7014,7223,7422,7635,7801,2751,2953,3178,3309,3398,3491,3571,3313,3566,3836,3914,4024,4144,4230
2674,Caribbean,915,Aruba,533,779,873,967,1465,3537,3736,4094,381,422,462,683,1482,1564,1737,398,451,505,782,2055,2172,2357
2675,Caribbean,915,Bahamas,44,1614,1598,1612,1431,1358,1394,1471,808,799,804,718,688,709,754,806,799,808,713,670,685,717
2676,Caribbean,915,Barbados,52,4544,4657,4464,4654,4225,4354,4578,2396,2465,2365,2457,2155,2235,2444,2148,2192,2099,2197,2070,2119,2134
2677,Caribbean,915,Bonaire,16,535,248,340,430,551,2817,3027,3456,134,182,226,287,1220,1311,1526,114,158,204,264,1597,1716
2678,Caribbean,915,BritishVirginIslands,92,2895,2981,3093,3463,3924,3992,4065,1235,1276,1333,1518,1715,1747,1781,1660,1705,1760,1945,2209,2245,2284
2679,Caribbean,915,CaymanIslands,136,11,11,13,22,32,33,31,4,6,9,15,21,22,22,7,5,4,7,11,11,9
2680,Caribbean,915,Cuba,192,29699,30438,31346,27440,21770,22053,24045,15093,15352,15698,13559,10549,10714,11802,14606,15086,15648,13881,11221,11339,12243
2681,Caribbean,915,CuraÃao,531,866,1563,2306,3299,4248,4424,4788,447,812,1206,1718,2205,2297,2467,419,751,1100,1581,2043,2127,2321
2682,Caribbean,915,Dominica,212,16063,17945,19872,20002,19977,20386,20189,6939,8041,9165,9071,8864,8939,8817,9124,9904,10707,10931,11113,11447,11372
2683,Caribbean,915,DominicanRepublic,214,48058,62087,76268,84343,90217,85805,77174,21320,28260,35270,38891,40128,37796,33477,26738,33827,40998,45452,50089,48009,43697
2684,Caribbean,915,Grenada,308,18867,17505,13671,14397,10058,10375,11307,8624,7982,6060,6394,4386,4593,5739,10243,9523,7611,8003,5672,5782,5568
2685,Caribbean,915,Guadeloupe,312,3503,4280,5058,6241,7513,8460,8542,1292,1563,1833,2268,2741,2938,2990,2211,2717,3225,3973,4772,5522,5552
2686,Caribbean,915,Haiti,332,217129,242521,268490,318063,375362,542535,567956,140309,154140,168286,195496,226789,345515,361066,76820,88381,100204,122567,148573,197020,206890
2687,Caribbean,915,Jamaica,388,10816,14365,19353,23052,30416,32673,35404,4335,5759,7814,9375,12472,13335,14638,6481,8606,11539,13677,17944,19338,20766
2688,Caribbean,915,Martinique,474,6109,7383,8682,9170,9664,9293,9202,2960,3386,3828,4045,4259,3885,3807,3149,3997,4854,5125,5405,5408,5395
2689,Caribbean,915,Montserrat,500,2001,2268,2570,2747,2903,3050,3153,949,1092,1254,1354,1437,1515,1571,1052,1176,1316,1393,1466,1535,1582
2690,Caribbean,915,PuertoRico,630,14648,15673,16733,14028,11915,10827,11161,6966,7326,7703,6772,6126,5619,5800,7682,8347,9030,7256,5789,5208,5361
2691,Caribbean,915,SaintBarthelemy,652,0,0,0,0,0,0,0,0,0,0,0,0,0,0,0,0,0,0,0,0,0
2692,Caribbean,915,SaintKittsandNevis,659,8704,9671,10653,11728,11393,11737,12075,4165,4620,5083,5573,5310,5475,5646,4539,5051,5570,6155,6083,6262,6429
2693,Caribbean,915,SaintLucia,662,9816,11139,12382,12036,11427,12029,12273,4337,4939,5481,5384,5143,5360,5548,5479,6200,6901,6652,6284,6669,6725
2694,Caribbean,915,SaintMartinFrenchpart,663,0,0,0,0,0,0,0,0,0,0,0,0,0,0,0,0,0,0,0,0,0
2695,Caribbean,915,SaintVincentandtheGrenadines,670,18362,18097,16779,17020,14263,15015,16196,8345,8256,7657,7745,6449,6868,7992,10017,9841,9122,9275,7814,8147,8204
2696,Caribbean,915,SintMaartenDutchpart,534,336,543,783,872,1411,1488,1652,165,269,397,445,688,729,814,171,274,386,427,723,759,838
2697,Caribbean,915,TrinidadandTobago,780,10490,11504,12643,12272,12051,12314,12589,4963,5313,5726,5544,5448,5581,5644,5527,6191,6917,6728,6603,6733,6945
2698,Caribbean,915,TurksandCaicosIslands,796,2087,1293,497,982,1466,1585,1695,897,564,230,414,597,639,685,1190,729,267,568,869,946,1010
2699,Caribbean,915,UnitedStatesVirginIslands,850,2176,2832,3541,3350,3055,3141,2991,1081,1555,2053,1935,1759,1805,1712,1095,1277,1488,1415,1296,1336,1279
2700,Caribbean,915,Belize,84,156,247,391,388,406,439,478,76,127,208,204,213,232,256,80,120,183,184,193,207,222
2701,Caribbean,915,CostaRica,188,2506,2819,3175,2285,1359,1531,1811,1072,1202,1361,1018,658,740,875,1434,1617,1814,1267,701,791,936
2702,Caribbean,915,ElSalvador,222,1020,1052,1086,1496,1784,1318,618,492,506,518,721,864,648,325,528,546,568,775,920,670,293
2703,Caribbean,915,Guatemala,320,1419,1480,1540,1457,1305,1176,1139,768,805,842,755,632,573,558,651,675,698,702,673,603,581
2704,Caribbean,915,Honduras,340,1782,1785,1958,2184,2471,2875,3231,861,859,940,964,1006,1178,1331,921,926,1018,1220,1465,1697,1900
2705,Caribbean,915,Mexico,484,4879,5280,5676,5645,5278,4802,4020,2268,2416,2565,2644,2547,2326,1968,2611,2864,3111,3001,2731,2476,2052
2706,Caribbean,915,Nicaragua,558,1857,2027,2298,1786,1280,1271,1167,822,891,1010,779,546,547,499,1035,1136,1288,1007,734,724,668
2707,Caribbean,915,Panama,591,2900,2767,2662,2203,1633,1967,1673,1414,1357,1314,1085,798,958,825,1486,1410,1348,1118,835,1009,848
2708,Caribbean,915,Argentina,32,4726,4920,5117,4128,3031,2890,2588,2595,2677,2761,2191,1566,1508,1377,2131,2243,2356,1937,1465,1382,1211
2709,Caribbean,915,BoliviaPlurinationalStateof,68,600,615,620,457,277,278,246,320,320,315,238,149,151,137,280,295,305,219,128,127,109
2710,Caribbean,915,Brazil,76,1248,1419,1605,1327,1033,1083,1065,577,644,718,611,496,518,515,671,775,887,716,537,565,550
2711,Caribbean,915,Chile,152,3550,3602,3641,2924,2108,1861,1542,2108,2138,2163,1656,1104,991,844,1442,1464,1478,1268,1004,870,698
2712,Caribbean,915,Colombia,170,11226,14484,17780,18653,23317,22850,24732,5389,6739,8116,8234,9775,9443,10051,5837,7745,9664,10419,13542,13407,14681
2713,Caribbean,915,Ecuador,218,1668,1844,2013,1895,1651,1528,1044,780,844,907,887,802,745,521,888,1000,1106,1008,849,783,523
2714,Caribbean,915,FalklandIslandsMalvinas,238,0,0,0,0,0,0,0,0,0,0,0,0,0,0,0,0,0,0,0,0,0
2715,Caribbean,915,FrenchGuiana,254,1972,2415,2878,2979,3066,3294,3257,810,964,1125,1148,1166,1171,1154,1162,1451,1753,1831,1900,2123,2103
2716,Caribbean,915,Guyana,328,13282,15743,19489,23858,32465,34042,36169,5878,6943,8544,10659,15109,15911,17750,7404,8800,10945,13199,17356,18131,18419
2717,Caribbean,915,Paraguay,600,61,68,75,50,25,25,25,41,45,49,31,13,14,14,20,23,26,19,12,11,11
2718,Caribbean,915,Peru,604,3424,4195,4961,4398,3825,4064,5708,1937,2325,2712,2388,2052,2177,2947,1487,1870,2249,2010,1773,1887,2761
2719,Caribbean,915,Suriname,740,861,1182,1504,1756,3684,3923,4412,433,568,705,817,1656,1766,2000,428,614,799,939,2028,2157,2412
2720,Caribbean,915,Uruguay,858,1913,2078,2244,1335,446,467,485,779,821,864,527,198,208,219,1134,1257,1380,808,248,259,266
2721,Caribbean,915,VenezuelaBolivarianRepublicof,862,21039,23639,26536,20925,16870,16075,95834,11084,12341,13735,10660,8250,7836,42625,9955,11298,12801,10265,8620,8239,53209
2722,Caribbean,915,Bermuda,60,65,66,74,105,127,132,132,42,43,50,64,74,80,81,23,23,24,41,53,52,51
2723,Caribbean,915,Canada,124,9662,11205,13128,11619,10950,11411,12025,4650,5455,6459,5780,5599,5837,6302,5012,5750,6669,5839,5351,5574,5723
2724,Caribbean,915,Greenland,304,195,148,220,25,3,0,0,88,63,86,7,0,0,0,107,85,134,18,3,0,0
2725,Caribbean,915,SaintPierreandMiquelon,666,38,43,48,55,62,64,66,22,25,28,32,36,38,40,16,18,20,23,26,26,26
2726,Caribbean,915,UnitedStatesofAmerica,840,271859,278103,286773,287263,262208,232791,230255,131970,134249,137772,138094,125667,111015,110079,139889,143854,149001,149169,136541,121776,120176
2727,Caribbean,915,Australia,36,170,226,293,319,359,384,409,96,125,160,171,187,202,221,74,101,133,148,172,182,188
2728,Caribbean,915,NewZealand,554,35,56,88,86,88,94,98,20,32,54,49,48,53,57,15,24,34,37,40,41,41
2729,Caribbean,915,Fiji,242,0,0,0,0,0,0,0,0,0,0,0,0,0,0,0,0,0,0,0,0,0
2730,Caribbean,915,NewCaledonia,540,0,0,0,0,0,0,0,0,0,0,0,0,0,0,0,0,0,0,0,0,0
2731,Caribbean,915,PapuaNewGuinea,598,0,0,0,0,0,0,0,0,0,0,0,0,0,0,0,0,0,0,0,0,0
2732,Caribbean,915,SolomonIslands,90,0,0,0,0,0,0,0,0,0,0,0,0,0,0,0,0,0,0,0,0,0
2733,Caribbean,915,Vanuatu,548,0,0,0,0,0,0,0,0,0,0,0,0,0,0,0,0,0,0,0,0,0
2734,Caribbean,915,Guam,316,0,0,0,0,0,0,0,0,0,0,0,0,0,0,0,0,0,0,0,0,0
2735,Caribbean,915,Kiribati,296,0,0,0,0,0,0,0,0,0,0,0,0,0,0,0,0,0,0,0,0,0
2736,Caribbean,915,MarshallIslands,584,0,0,0,0,0,0,0,0,0,0,0,0,0,0,0,0,0,0,0,0,0
2737,Caribbean,915,MicronesiaFedStatesof,583,0,0,0,0,0,0,0,0,0,0,0,0,0,0,0,0,0,0,0,0,0
2738,Caribbean,915,Nauru,520,0,0,0,0,0,0,0,0,0,0,0,0,0,0,0,0,0,0,0,0,0
2739,Caribbean,915,NorthernMarianaIslands,580,0,0,0,0,0,0,0,0,0,0,0,0,0,0,0,0,0,0,0,0,0
2740,Caribbean,915,Palau,585,0,0,0,0,0,0,0,0,0,0,0,0,0,0,0,0,0,0,0,0,0
2741,Caribbean,915,AmericanSamoa,16,0,0,0,0,0,0,0,0,0,0,0,0,0,0,0,0,0,0,0,0,0
2742,Caribbean,915,CookIslands,184,9,10,11,10,9,8,8,3,3,3,3,2,2,2,6,7,8,7,7,6,6
2743,Caribbean,915,FrenchPolynesia,258,0,0,0,0,0,0,0,0,0,0,0,0,0,0,0,0,0,0,0,0,0
2744,Caribbean,915,Niue,570,0,0,0,0,0,0,0,0,0,0,0,0,0,0,0,0,0,0,0,0,0
2745,Caribbean,915,Samoa,882,0,0,0,0,0,0,0,0,0,0,0,0,0,0,0,0,0,0,0,0,0
2746,Caribbean,915,Tokelau,772,0,0,0,0,0,0,0,0,0,0,0,0,0,0,0,0,0,0,0,0,0
2747,Caribbean,915,Tonga,776,0,0,0,0,0,0,0,0,0,0,0,0,0,0,0,0,0,0,0,0,0
2748,Caribbean,915,Tuvalu,798,0,0,0,0,0,0,0,0,0,0,0,0,0,0,0,0,0,0,0,0,0
2749,Caribbean,915,WallisandFutunaIslands,876,12,14,15,13,12,11,11,6,7,7,6,5,5,5,6,7,8,7,7,6,6
2750,WesternEurope,926,SubSaharanAfrica,947,789643,862659,934703,1254064,1455333,1699578,2063490,432778,466273,497650,639753,717906,823642,1026984,356865,396386,437053,614311,737427,875936,1036506
2751,WesternEurope,926,NorthernAfricaandWesternAsia,1833,4823067,5118715,5239964,5647130,5881511,6542694,8396175,2681713,2813844,2885208,3016288,3177020,3496914,4513004,2141354,2304871,2354756,2630842,2704491,3045780,3883171
2752,WesternEurope,926,CentralandSouthernAsia,921,467671,803356,1140768,1435346,1678020,1822208,2629353,296848,435119,574339,740354,876377,952433,1369015,170823,368237,566429,694992,801643,869775,1260338
2753,WesternEurope,926,EasternandSouthEasternAsia,1832,854025,914351,981165,1083590,1193294,1266256,1514913,397694,411194,425919,451870,476952,493964,583616,456331,503157,555246,631720,716342,772292,931297
2754,WesternEurope,926,LatinAmericaandtheCaribbean,1830,437356,494910,558682,768926,866017,932925,1093750,196932,214325,234571,323052,350254,369925,432918,240424,280585,324111,445874,515763,563000,660832
2755,WesternEurope,926,OceaniaexcludingAustraliaandNewZealand,1835,1022,1021,1024,1550,1921,2256,2357,506,495,488,730,744,881,912,516,526,536,820,1177,1375,1445
2756,WesternEurope,926,AustraliaandNewZealand,927,29621,32438,35643,42997,48496,51134,61115,14630,15916,17388,21417,24226,25266,30746,14991,16522,18255,21580,24270,25868,30369
2757,WesternEurope,926,EuropeandNorthernAmerica,1829,8935410,10150884,11607953,11573707,12460443,13116789,16906759,4508668,5013580,5606325,5591594,5887924,6241346,8158615,4426742,5137304,6001628,5982113,6572519,6875443,8748144
2758,WesternEurope,926,Developedregions,901,9020596,10244747,11710966,11682199,12575643,13238040,17052746,4548442,5055907,5651434,5638646,5936156,6290920,8218808,4472154,5188840,6059532,6043553,6639487,6947120,8833938
2759,WesternEurope,926,Lessdevelopedregions,902,7317219,8133587,8788936,10125111,11009392,12195800,15615166,3981327,4314839,4590454,5146412,5575247,6113451,7897002,3335892,3818748,4198482,4978699,5434145,6082349,7718164
2760,WesternEurope,926,Lessdevelopedregions,902,934,6617337,7353586,7929850,9012235,9748180,10659721,13553686,3588161,3882483,4121001,4559319,4928198,5331807,6801158,3029176,3471103,3808849,4452916,4819982,5327914
2761,WesternEurope,926,Lessdevelopedregions,902,948,7208743,7999687,8628843,9901036,10723572,11878578,15204286,3924699,4247444,4511924,5043407,5451844,5978987,7721695,3284044,3752243,4116919,4857629,5271728,5899591
2762,WesternEurope,926,Leastdevelopedcountries,941,699882,780001,859086,1112876,1261212,1536079,2061480,393166,432356,469453,587093,647049,781644,1095844,306716,347645,389633,525783,614163,754435,965636
2763,WesternEurope,926,LandlockedDevelopingCountriesLLDC,1636,444299,776627,1110009,1310790,1576289,1731664,2462576,246993,388315,530184,646447,790024,868021,1223334,197306,388312,579825,664343,786265,863643,1239242
2764,WesternEurope,926,SmallislanddevelopingStatesSIDS,1637,319229,346896,380727,485861,507661,537076,595599,147918,156747,168345,214068,213980,221440,246121,171311,190149,212382,271793,293681,315636,349478
2765,WesternEurope,926,Highincomecountries,1503,7908712,8445029,9182861,9369775,10251490,10940877,13781757,3958041,4179522,4466801,4556717,4853931,5232484,6766253,3950671,4265507,4716060,4813058,5397559,5708393,7015504
2766,WesternEurope,926,Middleincomecountries,1517,7981786,9407234,10713264,11591102,12355657,13067287,16370446,4317422,4897752,5444541,5781899,6158841,6421752,7936184,3664364,4509482,5268723,5809203,6196816,6645535,8434262
2767,WesternEurope,926,Uppermiddleincomecountries,1502,4481483,5668406,6739196,6711270,7167293,7359185,9715774,2363988,2855871,3317681,3277651,3461588,3513807,4559095,2117495,2812535,3421515,3433619,3705705,3845378,5156679
2768,WesternEurope,926,Lowermiddleincomecountries,1501,3500303,3738828,3974068,4879832,5188364,5708102,6654672,1953434,2041881,2126860,2504248,2697253,2907945,3377089,1546869,1696947,1847208,2375584,2491111,2800157,3277583
2769,WesternEurope,926,Lowincomecountries,1500,447195,525941,603639,846127,977698,1424346,2514175,254254,293418,330490,446321,498544,749485,1412624,192941,232523,273149,399806,479154,674861,1101551
2770,WesternEurope,926,EasternAfrica,910,187428,209322,231601,334091,381206,496877,640050,91213,99022,107053,152801,164753,217964,298276,96215,110300,124548,181290,216453,278913,341774
2771,WesternEurope,926,MiddleAfrica,911,230776,249015,265175,363189,431414,482990,540512,121781,130585,136705,177903,202568,221144,247958,108995,118430,128470,185286,228846,261846,292554
2772,WesternEurope,926,NorthernAfrica,912,2428771,2486433,2540323,3166083,3250192,3587755,4011942,1371705,1391838,1409776,1668316,1770407,1912097,2138348,1057066,1094595,1130547,1497767,1479785,1675658,1873594
2773,WesternEurope,926,SouthernAfrica,913,22398,25758,29362,39386,46897,49337,62164,10190,11666,13243,18296,21586,22519,28454,12208,14092,16119,21090,25311,26818,33710
2774,WesternEurope,926,WesternAfrica,914,349041,378564,408565,517398,595816,670374,820764,209594,225000,240649,290753,328999,362015,452296,139447,153564,167916,226645,266817,308359,368468
2775,WesternEurope,926,CentralAsia,5500,21633,291804,562220,782305,954385,982036,1327858,10582,125111,239755,366826,469094,479317,610970,11051,166693,322465,415479,485291,502719,716888
2776,WesternEurope,926,EasternAsia,906,214501,248635,283734,349474,419022,459009,583269,104150,116479,129266,152104,172342,184867,237447,110351,132156,154468,197370,246680,274142,345822
2777,WesternEurope,926,SouthEasternAsia,920,639524,665716,697431,734116,774272,807247,931644,293544,294715,296653,299766,304610,309097,346169,345980,371001,400778,434350,469662,498150,585475
2778,WesternEurope,926,SouthernAsia,5501,446038,511552,578548,653041,723635,840172,1301495,286266,310008,334584,373528,407283,473116,758045,159772,201544,243964,279513,316352,367056,543450
2779,WesternEurope,926,WesternAsia,922,2394296,2632282,2699641,2481047,2631319,2954939,4384233,1310008,1422006,1475432,1347972,1406613,1584817,2374656,1084288,1210276,1224209,1133075,1224706,1370122,2009577
2780,WesternEurope,926,EasternEurope,923,1570589,2300914,3236221,3995603,4735281,5111104,7043559,737717,1030016,1396091,1782538,2138789,2305642,3225427,832872,1270898,1840130,2213065,2596492,2805462,3818132
2781,WesternEurope,926,NorthernEurope,924,441962,494636,548446,596007,643747,667479,786526,215234,237760,260912,289345,305985,319870,382241,226728,256876,287534,306662,337762,347609,404285
2782,WesternEurope,926,SouthernEurope,925,4871285,5171636,5507896,4390778,4226213,4322241,5652638,2597955,2719272,2857976,2286515,2143785,2209031,2926530,2273330,2452364,2649920,2104263,2082428,2113210,2726108
2783,WesternEurope,926,WesternEurope,926,1812908,1927398,2041136,2295834,2542909,2683893,3021381,835654,895814,951808,1082323,1143662,1243855,1425548,977254,1031584,1089328,1213511,1399247,1440038,1595833
2784,WesternEurope,926,Caribbean,915,55110,65350,75744,142912,153838,171273,197987,23169,26508,29904,57842,59510,65226,76085,31941,38842,45840,85070,94328,106047,121902
2785,WesternEurope,926,CentralAmerica,916,32671,36622,40458,49386,61164,68273,85747,14394,15675,16910,20458,24340,26848,34714,18277,20947,23548,28928,36824,41425,51033
2786,WesternEurope,926,SouthAmerica,931,349575,392938,442480,576628,651015,693379,810016,159369,172142,187757,244752,266404,277851,322119,190206,220796,254723,331876,384611,415528,487897
2787,WesternEurope,926,Melanesia,928,798,786,777,1424,1638,1850,1967,411,398,388,664,632,706,752,387,388,389,760,1006,1144,1215
2788,WesternEurope,926,Micronesia,954,6,6,6,14,21,53,33,2,2,2,11,8,23,13,4,4,4,3,13,30,20
2789,WesternEurope,926,Polynesia,957,218,229,241,112,262,353,357,93,95,98,55,104,152,147,125,134,143,57,158,201,210
2790,WesternEurope,926,Burundi,108,3409,3967,4498,9078,11497,12194,14446,1783,2018,2245,4565,5316,5471,6499,1626,1949,2253,4513,6181,6723,7947
2791,WesternEurope,926,Comoros,174,18874,19486,20099,30407,34515,38268,42068,9254,9388,9522,15095,15942,17105,18857,9620,10098,10577,15312,18573,21163,23211
2792,WesternEurope,926,Djibouti,262,3216,3352,3489,6514,7055,8251,9245,1707,1755,1802,3185,3551,4056,4524,1509,1597,1687,3329,3504,4195,4721
2793,WesternEurope,926,Eritrea,232,4183,7173,10179,15768,22251,75082,128544,2310,4124,5948,8470,11795,39557,75196,1873,3049,4231,7298,10456,35525,53348
2794,WesternEurope,926,Ethiopia,231,33045,32598,32264,35815,41493,47601,66660,19258,17922,16644,18035,19679,22571,32964,13787,14676,15620,17780,21814,25030,33696
2795,WesternEurope,926,Kenya,404,5961,8383,10845,16265,21254,23053,29124,2618,3340,4085,5759,7071,7525,9134,3343,5043,6760,10506,14183,15528,19990
2796,WesternEurope,926,Madagascar,450,41199,42761,44298,110496,117931,130777,144431,16912,17145,17373,46658,44592,47285,52265,24287,25616,26925,63838,73339,83492,92166
2797,WesternEurope,926,Malawi,454,280,353,431,553,577,660,787,148,187,226,282,292,326,395,132,166,205,271,285,334,392
2798,WesternEurope,926,Mauritius,480,43049,44925,46717,44819,47822,52759,57998,17449,17720,17975,17577,17637,18785,20822,25600,27205,28742,27242,30185,33974,37176
2799,WesternEurope,926,Mayotte,175,0,0,0,0,6,0,0,0,0,0,0,4,0,0,0,0,0,0,2,0,0
2800,WesternEurope,926,Mozambique,508,2199,2439,2686,2879,3459,3853,4498,971,1106,1240,1402,1587,1748,2041,1228,1333,1446,1477,1872,2105,2457
2801,WesternEurope,926,Reunion,638,0,0,0,0,0,0,0,0,0,0,0,0,0,0,0,0,0,0,0,0,0
2802,WesternEurope,926,Rwanda,646,7118,7587,8002,18225,21105,23833,25817,3816,3879,3911,8697,9558,10701,11531,3302,3708,4091,9528,11547,13132,14286
2803,WesternEurope,926,Seychelles,690,721,751,781,896,989,1048,1129,232,240,245,314,288,296,313,489,511,536,582,701,752,816
2804,WesternEurope,926,Somalia,706,14721,25092,35768,29406,35112,61718,93508,9812,14858,20062,16437,19862,34443,53944,4909,10234,15706,12969,15250,27275,39564
2805,WesternEurope,926,SouthSudan,728,0,0,0,0,0,24,50,0,0,0,0,0,12,32,0,0,0,0,0,12,18
2806,WesternEurope,926,Uganda,800,2480,2887,3304,4056,5269,6076,7943,1376,1527,1682,1967,2432,2706,3495,1104,1360,1622,2089,2837,3370,4448
2807,WesternEurope,926,UnitedRepublicofTanzania,834,2827,3257,3708,3406,4343,4849,5867,1509,1681,1861,1683,2118,2317,2723,1318,1576,1847,1723,2225,2532,3144
2808,WesternEurope,926,Zambia,894,1438,1739,2055,2568,2793,2956,3486,774,901,1035,1235,1270,1279,1486,664,838,1020,1333,1523,1677,2000
2809,WesternEurope,926,Zimbabwe,716,2708,2572,2477,2940,3735,3875,4449,1284,1231,1197,1440,1759,1781,2055,1424,1341,1280,1500,1976,2094,2394
2810,WesternEurope,926,Angola,24,18468,19843,21291,32703,33291,40532,46180,10484,11261,12089,17944,17142,20576,23372,7984,8582,9202,14759,16149,19956,22808
2811,WesternEurope,926,Cameroon,120,44227,50452,56648,88969,110950,126742,148288,21472,24613,27740,40551,46700,51867,61577,22755,25839,28908,48418,64250,74875,86711
2812,WesternEurope,926,CentralAfricanRepublic,140,8832,9125,9419,15093,16276,18092,19994,4487,4568,4650,7450,7846,8495,9401,4345,4557,4769,7643,8430,9597,10593
2813,WesternEurope,926,Chad,148,3213,3354,3493,7145,7980,8877,10377,1912,1976,2037,3911,4411,4798,5764,1301,1378,1456,3234,3569,4079,4613
2814,WesternEurope,926,Congo,178,58681,58483,58164,67603,75432,82271,90832,32253,31380,30434,33825,38276,40685,44968,26428,27103,27730,33778,37156,41586,45864
2815,WesternEurope,926,DemocraticRepublicoftheCongo,180,86219,96675,105183,131905,166667,183245,198808,45405,51253,54491,65320,78705,84475,91372,40814,45422,50692,66585,87962,98770,107436
2816,WesternEurope,926,EquatorialGuinea,226,2324,1884,1394,434,484,612,717,1479,1122,730,143,196,217,255,845,762,664,291,288,395,462
2817,WesternEurope,926,Gabon,266,8555,8908,9259,18357,19886,22075,24515,4176,4282,4391,8294,9099,9792,10877,4379,4626,4868,10063,10787,12283,13638
2818,WesternEurope,926,SaoTomeandPrincipe,678,257,291,324,980,448,544,801,113,130,143,465,193,239,372,144,161,181,515,255,305,429
2819,WesternEurope,926,Algeria,12,831391,860500,889023,1385769,1398508,1548574,1707576,473092,484541,495718,708090,762091,824792,911801,358299,375959,393305,677679,636417,723782,795775
2820,WesternEurope,926,Egypt,818,51934,57271,62809,72707,81298,87890,104194,35297,39017,42896,49009,53911,57716,67953,16637,18254,19913,23698,27387,30174,36241
2821,WesternEurope,926,Libya,434,4097,4945,5799,7070,8327,9846,22014,2611,3124,3641,4336,4856,5682,13401,1486,1821,2158,2734,3471,4164,8613
2822,WesternEurope,926,Morocco,504,1206475,1222392,1235111,1275017,1325511,1452970,1610983,661992,664714,665443,668199,698386,749484,827110,544483,557678,569668,606818,627125,703486,783873
2823,WesternEurope,926,Sudan,729,3808,4833,5940,9492,9530,15561,36154,2648,3377,4163,6448,6115,8641,19197,1160,1456,1777,3044,3415,6920,16957
2824,WesternEurope,926,Tunisia,788,331051,336476,341625,415991,426981,471776,529759,196059,197059,197909,232214,245023,265213,298251,134992,139417,143716,183777,181958,206563,231508
2825,WesternEurope,926,WesternSahara,732,15,16,16,37,37,1138,1262,6,6,6,20,25,569,635,9,10,10,17,12,569,627
2826,WesternEurope,926,Botswana,72,329,390,454,350,363,410,448,162,191,216,167,177,192,207,167,199,238,183,186,218,241
2827,WesternEurope,926,Eswatini,748,101,134,172,213,272,295,289,43,58,74,86,98,113,107,58,76,98,127,174,182,182
2828,WesternEurope,926,Lesotho,426,142,147,158,224,241,287,318,70,73,77,106,113,148,163,72,74,81,118,128,139,155
2829,WesternEurope,926,Namibia,516,429,507,592,725,852,986,1224,188,233,279,313,380,419,541,241,274,313,412,472,567,683
2830,WesternEurope,926,SouthAfrica,710,21397,24580,27986,37874,45169,47359,59885,9727,11111,12597,17624,20818,21647,27436,11670,13469,15389,20250,24351,25712,32449
2831,WesternEurope,926,Benin,204,14105,14489,14839,20483,22628,25361,29279,8136,8209,8261,11618,12367,13573,15933,5969,6280,6578,8865,10261,11788,13346
2832,WesternEurope,926,BurkinaFaso,854,5246,6264,7276,10105,11331,12865,15430,3098,3912,4721,5784,6203,6881,8487,2148,2352,2555,4321,5128,5984,6943
2833,WesternEurope,926,CaboVerde,132,26983,29193,31730,33086,36260,39657,48479,12990,13849,14862,15476,16485,17597,21530,13993,15344,16868,17610,19775,22060,26949
2834,WesternEurope,926,CotedIvoire,384,43591,46765,49928,84026,95479,107145,119565,21380,22766,24150,40326,44187,48095,54058,22211,23999,25778,43700,51292,59050,65507
2835,WesternEurope,926,Gambia,270,4046,4696,5347,6400,7473,9962,23164,3174,3625,4074,4724,5191,6883,18072,872,1071,1273,1676,2282,3079,5092
2836,WesternEurope,926,Ghana,288,38166,41600,45236,49857,54607,59406,71737,23998,23991,24088,25681,27562,29674,36178,14168,17609,21148,24176,27045,29732,35559
2837,WesternEurope,926,Guinea,324,10241,11547,12852,30006,40661,52095,67880,6272,7187,8104,17775,23125,28233,38336,3969,4360,4748,12231,17536,23862,29544
2838,WesternEurope,926,GuineaBissau,624,8422,8758,9098,3161,3609,4303,6475,5017,5164,5315,2043,2117,2519,3853,3405,3594,3783,1118,1492,1784,2622
2839,WesternEurope,926,Liberia,430,5242,5988,6776,6358,5709,5861,6514,3604,4341,5108,4441,3664,3703,4204,1638,1647,1668,1917,2045,2158,2310
2840,WesternEurope,926,Mali,466,50478,52243,54003,59132,73351,81565,92479,32787,33617,34442,35903,43856,47902,55034,17691,18626,19561,23229,29495,33663,37445
2841,WesternEurope,926,Mauritania,478,12418,12859,13286,13732,18508,21115,23267,8723,8985,9238,9229,12400,13995,15333,3695,3874,4048,4503,6108,7120,7934
2842,WesternEurope,926,Niger,562,3197,3375,3530,6381,7611,8774,10275,1934,2072,2194,3642,4346,4882,5816,1263,1303,1336,2739,3265,3892,4459
2843,WesternEurope,926,Nigeria,566,24781,27956,31179,39340,47384,51138,87463,17509,19815,22152,25763,29730,31124,53008,7272,8141,9027,13577,17654,20014,34455
2844,WesternEurope,926,SaintHelena,654,1,1,1,8,4,6,5,0,0,0,1,1,3,3,1,1,1,7,3,3,2
2845,WesternEurope,926,Senegal,686,78625,81894,85140,107458,120548,135331,153468,46831,48235,49632,58903,68336,75310,86081,31794,33659,35508,48555,52212,60021,67387
2846,WesternEurope,926,SierraLeone,694,4795,6763,8721,11739,10148,10544,11885,3273,4921,6567,8768,6774,6781,7710,1522,1842,2154,2971,3374,3763,4175
2847,WesternEurope,926,Togo,768,18704,24173,29623,36126,40505,45246,53399,10868,14311,17741,20676,22655,24860,28660,7836,9862,11882,15450,17850,20386,24739
2848,WesternEurope,926,Kazakhstan,398,11487,250594,489703,675905,818536,840876,1139268,5489,106668,207848,317436,403918,412204,526707,5998,143926,281855,358469,414618,428672,612561
2849,WesternEurope,926,Kyrgyzstan,417,706,17273,33840,53415,69284,71658,95874,268,7253,14238,24746,33451,34311,40303,438,10020,19602,28669,35833,37347,55571
2850,WesternEurope,926,Tajikistan,762,516,4516,8522,16998,24035,25003,33500,245,2029,3815,8169,11842,12246,18069,271,2487,4707,8829,12193,12757,15431
2851,WesternEurope,926,Turkmenistan,795,341,2119,3895,4859,5733,6029,8039,146,901,1653,2141,2623,2709,3464,195,1218,2242,2718,3110,3320,4575
2852,WesternEurope,926,Uzbekistan,860,8583,17302,26260,31128,36797,38470,51177,4434,8260,12201,14334,17260,17847,22427,4149,9042,14059,16794,19537,20623,28750
2853,WesternEurope,926,China,156,105975,131302,157399,222366,285068,316670,410277,55468,66211,77319,102233,123066,134233,175055,50507,65091,80080,120133,162002,182437,235222
2854,WesternEurope,926,China,156,344,2381,2473,2565,1630,723,535,587,1102,1125,1150,734,325,223,245,1279,1348,1415,896,398,312
2855,WesternEurope,926,China,156,446,120,125,129,79,29,17,16,58,59,61,38,12,8,7,62,66,68,41,17,9
2856,WesternEurope,926,China,156,158,0,0,0,0,0,0,0,0,0,0,0,0,0,0,0,0,0,0,0,0
2857,WesternEurope,926,DemPeoplesRepublicofKorea,408,4713,5213,5668,5803,5444,3272,3971,2079,2246,2405,2283,1953,1189,1533,2634,2967,3263,3520,3491,2083,2438
2858,WesternEurope,926,Japan,392,55565,61425,67370,65495,66704,70117,84872,25144,26411,27721,25635,24006,24308,29447,30421,35014,39649,39860,42698,45809,55425
2859,WesternEurope,926,Mongolia,496,1503,1806,2112,3163,4370,5329,6401,575,679,784,1156,1558,1768,2154,928,1127,1328,2007,2812,3561,4247
2860,WesternEurope,926,RepublicofKorea,410,44244,46291,48491,50938,56684,63069,77145,19724,19748,19826,20025,21422,23138,29006,24520,26543,28665,30913,35262,39931,48139
2861,WesternEurope,926,BruneiDarussalam,96,341,471,616,710,664,741,768,175,240,310,363,329,371,384,166,231,306,347,335,370,384
2862,WesternEurope,926,Cambodia,116,74312,76414,78513,64868,66913,73541,81265,38030,38481,38938,31311,32182,34355,37722,36282,37933,39575,33557,34731,39186,43543
2863,WesternEurope,926,Indonesia,360,203886,192297,186887,179057,168320,154581,154495,97350,89771,84820,79426,73490,66254,65031,106536,102526,102067,99631,94830,88327,89464
2864,WesternEurope,926,LaoPeoplesDemocraticRepublic,418,54495,55545,56572,46007,45324,49797,55340,27973,28030,28081,22777,21936,23433,25686,26522,27515,28491,23230,23388,26364,29654
2865,WesternEurope,926,Malaysia,458,8355,9360,10444,12288,13978,14759,17818,4209,4545,4917,5715,6315,6471,7698,4146,4815,5527,6573,7663,8288,10120
2866,WesternEurope,926,Myanmar,104,1233,1478,1725,2340,3387,4081,5046,737,872,1006,1412,2077,2416,2948,496,606,719,928,1310,1665,2098
2867,WesternEurope,926,Philippines,608,56430,61499,65826,84227,102622,110528,135756,12724,15555,16371,22557,27296,28609,37334,43706,45944,49455,61670,75326,81919,98422
2868,WesternEurope,926,Singapore,702,5608,6700,7854,8904,9976,11007,13603,2613,2916,3254,3918,4226,4643,5608,2995,3784,4600,4986,5750,6364,7995
2869,WesternEurope,926,Thailand,764,47104,61857,76675,99347,120252,128875,158727,12303,13869,15486,19968,24882,26047,27905,34801,47988,61189,79379,95370,102828,130822
2870,WesternEurope,926,TimorLeste,626,1,1,1,6,14,68,68,1,1,1,6,12,35,31,0,0,0,0,2,33,37
2871,WesternEurope,926,VietNam,704,187759,200094,212318,236362,242822,259269,308758,97429,100435,103469,112313,111865,116463,135822,90330,99659,108849,124049,130957,142806,172936
2872,WesternEurope,926,Afghanistan,4,53087,77202,101806,123813,133620,188083,409957,33241,44704,56433,69803,75643,111716,251329,19846,32498,45373,54010,57977,76367,158628
2873,WesternEurope,926,Bangladesh,50,10187,11766,13350,15467,18052,22953,37262,7915,8673,9426,10189,11439,13336,22412,2272,3093,3924,5278,6613,9617,14850
2874,WesternEurope,926,Bhutan,64,479,491,501,405,643,836,844,299,306,313,274,401,477,473,180,185,188,131,242,359,371
2875,WesternEurope,926,India,356,85602,93548,101653,134228,161032,182487,271246,51949,55492,59117,76869,87800,98335,151398,33653,38056,42536,57359,73232,84152,119848
2876,WesternEurope,926,IranIslamicRepublicof,364,140871,154191,167857,176305,187465,202395,263659,88717,91905,95292,99791,105629,112613,149351,52154,62286,72565,76514,81836,89782,114308
2877,WesternEurope,926,Maldives,462,42,50,58,66,90,103,131,30,36,41,50,64,77,90,12,14,17,16,26,26,41
2878,WesternEurope,926,Nepal,524,2545,3364,4196,6223,8994,11457,16589,1496,2060,2632,3666,5092,6168,8669,1049,1304,1564,2557,3902,5289,7920
2879,WesternEurope,926,Pakistan,586,57252,65209,73343,79543,90630,99526,145544,41675,44303,47034,50146,56493,61558,94061,15577,20906,26309,29397,34137,37968,51483
2880,WesternEurope,926,SriLanka,144,95973,105731,115784,116991,123109,132332,156263,60944,62529,64296,62740,64722,68836,80262,35029,43202,51488,54251,58387,63496,76001
2881,WesternEurope,926,Armenia,51,14233,17030,19831,27601,33795,36463,54823,7291,8413,9536,13224,15393,16174,24666,6942,8617,10295,14377,18402,20289,30157
2882,WesternEurope,926,Azerbaijan,31,1759,7991,14231,21032,22808,23003,35057,912,4060,7213,10519,11420,11394,17555,847,3931,7018,10513,11388,11609,17502
2883,WesternEurope,926,Bahrain,48,249,346,421,565,624,618,716,156,205,228,313,303,303,348,93,141,193,252,321,315,368
2884,WesternEurope,926,Cyprus,196,1987,2435,2887,3219,3890,4381,6541,1081,1305,1526,1762,2070,2330,3380,906,1130,1361,1457,1820,2051,3161
2885,WesternEurope,926,Georgia,268,5083,9986,14888,23521,29435,31439,40153,2428,4577,6726,10348,12626,13106,16749,2655,5409,8162,13173,16809,18333,23404
2886,WesternEurope,926,Iraq,368,19013,60401,102250,129916,155583,175995,330919,12856,39125,65675,80266,94930,105692,199548,6157,21276,36575,49650,60653,70303,131371
2887,WesternEurope,926,Israel,376,25782,26637,27507,32970,34878,36310,43280,14726,14965,15221,18646,19910,20547,24357,11056,11672,12286,14324,14968,15763,18923
2888,WesternEurope,926,Jordan,400,15014,14188,13376,14127,14471,15358,20593,10889,9964,9047,9278,9421,9903,12602,4125,4224,4329,4849,5050,5455,7991
2889,WesternEurope,926,Kuwait,414,1779,2185,2625,2627,2584,2942,4184,1075,1310,1564,1534,1513,1727,2447,704,875,1061,1093,1071,1215,1737
2890,WesternEurope,926,Lebanon,422,94851,98395,101931,112888,124098,132286,164493,58890,58882,58869,66431,73849,77775,95754,35961,39513,43062,46457,50249,54511,68739
2891,WesternEurope,926,Oman,512,230,336,449,599,649,1013,1160,123,175,228,324,343,580,638,107,161,221,275,306,433,522
2892,WesternEurope,926,Qatar,634,192,224,257,171,307,459,748,94,110,124,99,152,237,384,98,114,133,72,155,222,364
2893,WesternEurope,926,SaudiArabia,682,3497,3773,4069,6552,8305,9891,14780,2034,2152,2277,3744,4629,5497,8293,1463,1621,1792,2808,3676,4394,6487
2894,WesternEurope,926,StateofPalestine,275,1285,1253,1222,1303,1550,2550,5113,822,790,757,846,947,1612,3299,463,463,465,457,603,938,1814
2895,WesternEurope,926,SyrianArabRepublic,760,35858,42787,49776,64967,75484,301115,926562,22868,25880,28928,38199,44505,183494,564245,12990,16907,20848,26768,30979,117621,362317
2896,WesternEurope,926,Turkey,792,2170676,2340932,2339957,2034174,2117166,2173971,2721502,1171984,1248019,1265141,1089462,1111119,1130186,1392190,998692,1092913,1074816,944712,1006047,1043785,1329312
2897,WesternEurope,926,UnitedArabEmirates,784,507,605,707,1512,1969,2877,5298,289,344,402,788,1041,1494,2850,218,261,305,724,928,1383,2448
2898,WesternEurope,926,Yemen,887,2301,2778,3257,3303,3723,4268,8311,1490,1730,1970,2189,2442,2766,5351,811,1048,1287,1114,1281,1502,2960
2899,WesternEurope,926,Belarus,112,3580,13377,23176,25273,26777,28617,37428,1241,4737,8237,8634,9163,9573,11307,2339,8640,14939,16639,17614,19044,26121
2900,WesternEurope,926,Bulgaria,100,49469,55073,60703,99226,147968,190638,457591,24855,27103,29367,46203,69189,89239,225342,24614,27970,31336,53023,78779,101399,232249
2901,WesternEurope,926,Czechia,203,370596,411248,488050,495865,507057,513551,667865,178922,193370,220322,223163,215558,216794,277845,191674,217878,267728,272702,291499,296757,390020
2902,WesternEurope,926,Hungary,348,100486,117549,139514,177096,217524,256727,365057,55493,63597,76513,91023,108298,125608,186944,44993,53952,63001,86073,109226,131119,178113
2903,WesternEurope,926,Poland,616,606262,670070,898123,1377191,1822747,1944932,2585872,268599,288641,365190,614497,841554,897446,1253844,337663,381429,532933,762694,981193,1047486,1332028
2904,WesternEurope,926,RepublicofMoldova,498,3264,11035,18807,23748,27658,30680,43071,1158,5102,9046,10843,12754,13905,18770,2106,5933,9761,12905,14904,16775,24301
2905,WesternEurope,926,Romania,642,243785,324546,404657,525177,674644,794413,1065625,122426,163855,205089,251045,313757,372053,534746,121359,160691,199568,274132,360887,422360,530879
2906,WesternEurope,926,RussianFederation,643,124764,550387,976296,998179,1000181,1004686,1347641,56125,222358,388700,427095,445838,445290,537318,68639,328029,587596,571084,554343,559396,810323
2907,WesternEurope,926,Slovakia,703,37534,44842,52166,63015,70849,92761,133621,16683,20761,24851,26278,27026,36027,55632,20851,24081,27315,36737,43823,56734,77989
2908,WesternEurope,926,Ukraine,804,30849,102787,174729,210833,239876,254099,339788,12215,40492,68776,83757,95652,99707,123679,18634,62295,105953,127076,144224,154392,216109
2909,WesternEurope,926,ChannelIslands,830,0,0,0,0,0,0,0,0,0,0,0,0,0,0,0,0,0,0,0,0,0
2910,WesternEurope,926,Denmark,208,33280,36595,39960,40449,41037,42506,49738,13397,14973,16575,17512,17525,18599,22102,19883,21622,23385,22937,23512,23907,27636
2911,WesternEurope,926,Estonia,233,2868,6876,10891,11574,12452,14304,18656,1277,2310,3343,3996,4610,5229,6495,1591,4566,7548,7578,7842,9075,12161
2912,WesternEurope,926,FaroeIslands,234,4,4,4,3,9,12,11,1,1,1,0,2,5,5,3,3,3,3,7,7,6
2913,WesternEurope,926,Finland,246,21798,26057,30349,29088,29201,30651,36598,5916,7443,8989,8704,8283,8974,11077,15882,18614,21360,20384,20918,21677,25521
2914,WesternEurope,926,Iceland,352,2437,2736,3047,3133,3075,3481,4461,1168,1277,1389,1523,1476,1697,2197,1269,1459,1658,1610,1599,1784,2264
2915,WesternEurope,926,Ireland,372,26575,29768,33049,32063,30898,34037,43199,12585,14060,15579,15806,14314,17097,22224,13990,15708,17470,16257,16584,16940,20975
2916,WesternEurope,926,IsleofMan,833,12,13,13,12,15,20,21,3,3,3,2,3,5,5,9,10,10,10,12,15,16
2917,WesternEurope,926,Latvia,428,5531,10904,16284,24108,31566,37234,54018,2152,4232,6312,9740,12954,15179,23262,3379,6672,9972,14368,18612,22055,30756
2918,WesternEurope,926,Lithuania,440,5078,12502,19934,34702,47729,54083,73698,1832,4004,6177,11972,17289,19576,28019,3246,8498,13757,22730,30440,34507,45679
2919,WesternEurope,926,Norway,578,14361,15550,16793,17012,17813,18433,22123,6196,6577,6976,7389,7371,7567,9337,8165,8973,9817,9623,10442,10866,12786
2920,WesternEurope,926,Sweden,752,36073,41604,47183,45248,47061,47908,53107,14384,16895,19430,19120,19228,19995,22865,21689,24709,27753,26128,27833,27913,30242
2921,WesternEurope,926,UnitedKingdom,826,293945,312027,330939,358615,382891,384810,430896,156323,165985,176138,193581,202930,205947,234653,137622,146042,154801,165034,179961,178863,196243
2922,WesternEurope,926,Albania,8,14296,17760,21179,26983,32440,56384,94108,9334,10362,11372,14108,16635,28837,49197,4962,7398,9807,12875,15805,27547,44911
2923,WesternEurope,926,Andorra,20,1254,1300,1347,1019,1015,1180,1349,576,588,600,469,446,509,585,678,712,747,550,569,671,764
2924,WesternEurope,926,BosniaandHerzegovina,70,253291,285550,317976,344249,366221,391186,468944,131946,146477,161152,173600,182987,192349,231984,121345,139073,156824,170649,183234,198837,236960
2925,WesternEurope,926,Croatia,191,226534,258920,291376,258658,232650,243191,463760,114736,129087,143500,124485,108547,112241,225726,111798,129833,147876,134173,124103,130950,238034
2926,WesternEurope,926,Gibraltar,292,74,81,90,54,107,124,134,31,36,40,32,45,46,52,43,45,50,22,62,78,82
2927,WesternEurope,926,Greece,300,384764,393338,401615,301434,220886,239353,469739,214413,213800,213088,162632,119418,128899,251406,170351,179538,188527,138802,101468,110454,218333
2928,WesternEurope,926,HolySee,336,0,0,0,0,0,6,6,0,0,0,0,0,5,5,0,0,0,0,0,1,1
2929,WesternEurope,926,Italy,380,1442449,1442397,1438399,1170966,1096449,1123182,1507637,801720,795544,786103,649273,594436,618831,845579,640729,646853,652296,521693,502013,504351,662058
2930,WesternEurope,926,Malta,470,1721,1892,2062,1788,2261,2573,2902,798,852,904,772,1019,1174,1367,923,1040,1158,1016,1242,1399,1535
2931,WesternEurope,926,Montenegro,499,46301,57607,66379,46387,46047,30366,26646,24410,30350,35102,24427,21503,14723,13659,21891,27257,31277,21960,24544,15643,12987
2932,WesternEurope,926,NorthMacedonia,807,161845,175107,188609,90251,121751,154622,213240,87017,91879,96873,47891,61195,76700,109349,74828,83228,91736,42360,60556,77922,103891
2933,WesternEurope,926,Portugal,620,1015637,1094552,1174095,931861,1027101,1095006,1147084,532410,570014,608151,487686,528238,570078,596217,483227,524538,565944,444175,498863,524928,550867
2934,WesternEurope,926,SanMarino,674,262,270,277,294,222,275,299,140,142,143,127,108,132,146,122,128,134,167,114,143,153
2935,WesternEurope,926,Serbia,688,596095,711826,870192,653220,542258,405946,545605,323570,380864,461320,339229,268058,197147,266027,272525,330962,408872,313991,274200,208799,279578
2936,WesternEurope,926,Slovenia,705,32674,40555,48448,51126,53683,61443,79143,15288,18778,22274,23243,24229,27906,37946,17386,21777,26174,27883,29454,33537,41197
2937,WesternEurope,926,Spain,724,694088,690481,685852,512488,483122,517404,632042,341566,330499,317354,238541,216921,239454,297285,352522,359982,368498,273947,266201,277950,334757
2938,WesternEurope,926,Austria,40,260202,255304,250730,271198,291977,297676,370882,134994,129574,124341,129762,132401,136441,175698,125208,125730,126389,141436,159576,161235,195184
2939,WesternEurope,926,Belgium,56,213757,220632,229175,237811,250489,273579,306134,94521,96074,98328,107076,106201,126826,144252,119236,124558,130847,130735,144288,146753,161882
2940,WesternEurope,926,France,250,326111,358773,388670,424588,480626,530552,612470,151662,169180,184631,200980,219298,246395,291081,174449,189593,204039,223608,261328,284157,321389
2941,WesternEurope,926,Germany,276,631209,692345,756116,854837,943706,974599,1017717,264642,303368,341485,394361,412690,447340,473246,366567,388977,414631,460476,531016,527259,544471
2942,WesternEurope,926,Liechtenstein,438,3139,2691,2251,2435,2874,2862,2978,1275,1126,985,1010,1112,1115,1175,1864,1565,1266,1425,1762,1747,1803
2943,WesternEurope,926,Luxembourg,442,28493,28884,28944,38776,45071,51069,58915,15093,15021,14778,19596,20755,24777,29344,13400,13863,14166,19180,24316,26292,29571
2944,WesternEurope,926,Monaco,492,3512,3662,3816,16964,23872,26496,29191,1793,1847,1902,8487,11537,12448,13738,1719,1815,1914,8477,12335,14048,15453
2945,WesternEurope,926,Netherlands,528,229135,242380,253414,279529,309729,319122,375993,118756,125665,130437,143868,154408,159356,191424,110379,116715,122977,135661,155321,159766,184569
2946,WesternEurope,926,Switzerland,756,117350,122727,128020,169696,194565,207938,247101,52918,53959,54921,77183,85260,89157,105590,64432,68768,73099,92513,109305,118781,141511
2947,WesternEurope,926,Anguilla,660,15,18,23,150,33,32,27,9,11,12,51,14,13,9,6,7,11,99,19,19,18
2948,WesternEurope,926,AntiguaandBarbuda,28,54,90,128,223,197,184,180,28,44,61,98,77,71,72,26,46,67,125,120,113,108
2949,WesternEurope,926,Aruba,533,567,640,737,1483,2506,4191,5566,307,340,386,760,1253,2113,2824,260,300,351,723,1253,2078,2742
2950,WesternEurope,926,Bahamas,44,189,208,223,235,242,267,300,93,106,111,121,119,133,155,96,102,112,114,123,134,145
2951,WesternEurope,926,Barbados,52,155,178,205,248,250,273,324,75,90,107,128,126,141,171,80,88,98,120,124,132,153
2952,WesternEurope,926,Bonaire,16,535,82,85,88,87,87,126,217,36,36,37,36,36,53,94,46,49,51,51,51,73
2953,WesternEurope,926,BritishVirginIslands,92,0,0,0,0,17,20,19,0,0,0,0,5,6,5,0,0,0,0,12,14,14
2954,WesternEurope,926,CaymanIslands,136,0,0,0,0,13,19,25,0,0,0,0,6,10,12,0,0,0,0,7,9,13
2955,WesternEurope,926,Cuba,192,6956,10198,13450,18791,22360,24117,29793,3499,4711,5930,8001,9158,9832,12050,3457,5487,7520,10790,13202,14285,17743
2956,WesternEurope,926,CuraÃao,531,0,0,0,0,0,280,1259,0,0,0,0,0,148,625,0,0,0,0,0,132,634
2957,WesternEurope,926,Dominica,212,1080,1181,1285,7994,6602,7461,8094,386,418,454,2662,2110,2260,2448,694,763,831,5332,4492,5201,5646
2958,WesternEurope,926,DominicanRepublic,214,12181,16974,21866,30750,34247,38034,45122,3516,4976,6472,9344,10424,11808,14316,8665,11998,15394,21406,23823,26226,30806
2959,WesternEurope,926,Grenada,308,57,62,72,87,105,111,114,28,31,35,38,40,46,46,29,31,37,49,65,65,68
2960,WesternEurope,926,Guadeloupe,312,0,0,0,0,0,0,0,0,0,0,0,0,0,0,0,0,0,0,0,0,0
2961,WesternEurope,926,Haiti,332,29643,30794,31919,71924,75847,83797,92356,13466,13739,14001,32280,32038,34201,37829,16177,17055,17918,39644,43809,49596,54527
2962,WesternEurope,926,Jamaica,388,2365,2925,3499,4250,4393,4702,5815,983,1193,1408,1747,1839,1972,2554,1382,1732,2091,2503,2554,2730,3261
2963,WesternEurope,926,Martinique,474,0,0,0,0,0,0,0,0,0,0,0,0,0,0,0,0,0,0,0,0,0
2964,WesternEurope,926,Montserrat,500,5,6,6,18,14,14,11,0,0,0,13,4,5,3,5,6,6,5,10,9,8
2965,WesternEurope,926,PuertoRico,630,293,304,313,55,52,53,57,150,154,156,28,24,25,28,143,150,157,27,28,28,29
2966,WesternEurope,926,SaintBarthelemy,652,0,0,0,0,0,0,0,0,0,0,0,0,0,0,0,0,0,0,0,0,0
2967,WesternEurope,926,SaintKittsandNevis,659,27,37,49,186,78,91,87,13,17,22,69,28,31,30,14,20,27,117,50,60,57
2968,WesternEurope,926,SaintLucia,662,237,245,258,4448,4595,5090,5599,105,105,107,1708,1409,1470,1620,132,140,151,2740,3186,3620,3979
2969,WesternEurope,926,SaintMartinFrenchpart,663,0,0,0,0,0,0,0,0,0,0,0,0,0,0,0,0,0,0,0,0,0
2970,WesternEurope,926,SaintVincentandtheGrenadines,670,119,131,146,107,99,121,129,41,44,48,42,34,45,49,78,87,98,65,65,76,80
2971,WesternEurope,926,SintMaartenDutchpart,534,0,0,0,0,0,32,135,0,0,0,0,0,18,69,0,0,0,0,0,14,66
2972,WesternEurope,926,TrinidadandTobago,780,1077,1266,1469,1852,2091,2248,2751,430,489,553,700,760,818,1072,647,777,916,1152,1331,1430,1679
2973,WesternEurope,926,TurksandCaicosIslands,796,7,7,7,1,9,9,7,3,3,3,0,5,6,4,4,4,4,1,4,3,3
2974,WesternEurope,926,UnitedStatesVirginIslands,850,1,1,1,23,1,1,0,1,1,1,16,1,1,0,0,0,0,7,0,0,0
2975,WesternEurope,926,Belize,84,40,60,82,93,136,97,100,20,29,40,53,57,39,44,20,31,42,40,79,58,56
2976,WesternEurope,926,CostaRica,188,1791,2131,2478,3388,4033,4452,5632,795,910,1027,1419,1722,1936,2534,996,1221,1451,1969,2311,2516,3098
2977,WesternEurope,926,ElSalvador,222,2340,2476,2615,3508,3558,4141,5451,1042,1059,1081,1684,1465,1697,2285,1298,1417,1534,1824,2093,2444,3166
2978,WesternEurope,926,Guatemala,320,8772,9028,9137,6175,7100,7783,9237,4841,4926,4937,3022,3284,3577,4284,3931,4102,4200,3153,3816,4206,4953
2979,WesternEurope,926,Honduras,340,1445,1652,1864,2299,2864,3248,4049,561,619,680,815,1038,1149,1459,884,1033,1184,1484,1826,2099,2590
2980,WesternEurope,926,Mexico,484,15445,18146,20846,29719,38273,42840,54071,5884,6801,7723,11732,14646,16140,21130,9561,11345,13123,17987,23627,26700,32941
2981,WesternEurope,926,Nicaragua,558,1772,1928,2094,2584,3209,3562,4530,756,795,839,1049,1303,1419,1853,1016,1133,1255,1535,1906,2143,2677
2982,WesternEurope,926,Panama,591,1066,1201,1342,1620,1991,2150,2677,495,536,583,684,825,891,1125,571,665,759,936,1166,1259,1552
2983,WesternEurope,926,Argentina,32,22792,24250,25757,34454,41157,44382,53969,10739,11212,11715,16009,18890,20088,24572,12053,13038,14042,18445,22267,24294,29397
2984,WesternEurope,926,BoliviaPlurinationalStateof,68,5324,6073,6814,9689,12363,13787,17059,2558,2808,3059,4275,5321,5715,6921,2766,3265,3755,5414,7042,8072,10138
2985,WesternEurope,926,Brazil,76,53762,68875,84188,132468,164966,182632,228689,20592,24453,28429,47739,57705,62623,78428,33170,44422,55759,84729,107261,120009,150261
2986,WesternEurope,926,Chile,152,33123,33676,34197,37292,41426,44031,51635,16692,16580,16456,17981,19590,20538,24159,16431,17096,17741,19311,21836,23493,27476
2987,WesternEurope,926,Colombia,170,32027,38514,45188,61847,72957,80773,95954,14052,16034,18105,25621,29360,31794,37593,17975,22480,27083,36226,43597,48979,58361
2988,WesternEurope,926,Ecuador,218,6713,9026,11322,17265,21677,26305,32273,2706,3623,4541,6830,8268,10070,12621,4007,5403,6781,10435,13409,16235,19652
2989,WesternEurope,926,FalklandIslandsMalvinas,238,0,0,0,0,2,2,1,0,0,0,0,1,1,0,0,0,0,0,1,1,1
2990,WesternEurope,926,FrenchGuiana,254,0,0,0,0,0,0,0,0,0,0,0,0,0,0,0,0,0,0,0,0,0
2991,WesternEurope,926,Guyana,328,2031,2252,2541,6834,6989,7428,7986,748,809,893,2975,2625,2712,2924,1283,1443,1648,3859,4364,4716,5062
2992,WesternEurope,926,Paraguay,600,2116,2444,2774,4675,6684,7187,9089,959,1031,1108,1923,2861,2996,3356,1157,1413,1666,2752,3823,4191,5733
2993,WesternEurope,926,Peru,604,20966,24392,27835,35703,42559,46183,55637,8461,9495,10544,13296,15264,16304,19373,12505,14897,17291,22407,27295,29879,36264
2994,WesternEurope,926,Suriname,740,156830,167717,184252,211539,210340,207572,215689,75628,79262,85437,97202,93750,90961,94340,81202,88455,98815,114337,116590,116611,121349
2995,WesternEurope,926,Uruguay,858,4621,4903,5192,6516,7875,8300,9834,2251,2364,2481,3094,3647,3798,4534,2370,2539,2711,3422,4228,4502,5300
2996,WesternEurope,926,VenezuelaBolivarianRepublicof,862,9270,10816,12420,18346,22020,24797,32201,3983,4471,4989,7807,9122,10251,13298,5287,6345,7431,10539,12898,14546,18903
2997,WesternEurope,926,Bermuda,60,72,80,89,130,181,203,231,28,31,34,45,65,75,86,44,49,55,85,116,128,145
2998,WesternEurope,926,Canada,124,43184,47286,51575,61300,67331,71543,82924,20770,22535,24399,28863,31008,32395,37605,22414,24751,27176,32437,36323,39148,45319
2999,WesternEurope,926,Greenland,304,12,13,13,8,21,24,23,3,3,3,0,3,6,2,9,10,10,8,18,18,21
3000,WesternEurope,926,SaintPierreandMiquelon,666,0,0,0,0,0,1,0,0,0,0,0,0,1,0,0,0,0,0,0,0,0
3001,WesternEurope,926,UnitedStatesofAmerica,840,195398,208921,222577,234047,244760,260301,319477,101307,108149,115102,121965,124627,130471,161176,94091,100772,107475,112082,120133,129830,158301
3002,WesternEurope,926,Australia,36,23148,25379,27891,33584,37953,40032,47993,11339,12339,13473,16554,18807,19597,23907,11809,13040,14418,17030,19146,20435,24086
3003,WesternEurope,926,NewZealand,554,6473,7059,7752,9413,10543,11102,13122,3291,3577,3915,4863,5419,5669,6839,3182,3482,3837,4550,5124,5433,6283
3004,WesternEurope,926,Fiji,242,257,220,187,201,314,362,403,127,104,82,74,119,144,163,130,116,105,127,195,218,240
3005,WesternEurope,926,NewCaledonia,540,0,0,0,0,87,92,118,0,0,0,0,38,37,47,0,0,0,0,49,55,71
3006,WesternEurope,926,PapuaNewGuinea,598,398,416,435,524,481,522,517,234,244,255,283,244,261,265,164,172,180,241,237,261,252
3007,WesternEurope,926,SolomonIslands,90,12,13,14,16,35,46,45,7,7,8,7,16,19,20,5,6,6,9,19,27,25
3008,WesternEurope,926,Vanuatu,548,131,137,141,683,721,828,884,43,43,43,300,215,245,257,88,94,98,383,506,583,627
3009,WesternEurope,926,Guam,316,1,1,1,0,0,0,0,1,1,1,0,0,0,0,0,0,0,0,0,0,0
3010,WesternEurope,926,Kiribati,296,1,1,1,12,12,17,12,0,0,0,9,0,2,3,1,1,1,3,12,15,9
3011,WesternEurope,926,MarshallIslands,584,0,0,0,0,5,6,4,0,0,0,0,4,4,3,0,0,0,0,1,2,1
3012,WesternEurope,926,MicronesiaFedStatesof,583,2,2,2,2,3,4,3,1,1,1,2,3,3,2,1,1,1,0,0,1,1
3013,WesternEurope,926,Nauru,520,1,1,1,0,1,23,11,0,0,0,0,1,12,4,1,1,1,0,0,11,7
3014,WesternEurope,926,NorthernMarianaIslands,580,0,0,0,0,0,0,0,0,0,0,0,0,0,0,0,0,0,0,0,0,0
3015,WesternEurope,926,Palau,585,1,1,1,0,0,3,3,0,0,0,0,0,2,1,1,1,1,0,0,1,2
3016,WesternEurope,926,AmericanSamoa,16,1,1,1,12,1,1,0,0,0,0,6,0,0,0,1,1,1,6,1,1,0
3017,WesternEurope,926,CookIslands,184,4,4,4,6,3,3,3,1,1,1,0,0,0,0,3,3,3,6,3,3,3
3018,WesternEurope,926,FrenchPolynesia,258,0,0,0,0,95,134,138,0,0,0,0,44,62,63,0,0,0,0,51,72,75
3019,WesternEurope,926,Niue,570,0,0,0,0,0,0,0,0,0,0,0,0,0,0,0,0,0,0,0,0,0
3020,WesternEurope,926,Samoa,882,37,40,46,24,42,74,70,14,15,16,12,11,30,26,23,25,30,12,31,44,44
3021,WesternEurope,926,Tokelau,772,0,0,0,0,0,0,0,0,0,0,0,0,0,0,0,0,0,0,0,0,0
3022,WesternEurope,926,Tonga,776,168,175,180,55,105,134,140,76,77,78,28,44,56,56,92,98,102,27,61,78,84
3023,WesternEurope,926,Tuvalu,798,8,9,10,15,12,5,4,2,2,3,9,3,4,2,6,7,7,6,9,1,2
3024,WesternEurope,926,WallisandFutunaIslands,876,0,0,0,0,4,2,2,0,0,0,0,2,0,0,0,0,0,0,2,2,2
3025,SouthernEurope,925,SubSaharanAfrica,947,433960,506809,611719,802384,933344,971534,1213104,226420,261771,315610,445203,544777,545653,717809,207540,245038,296109,357181,388567,425881,495295
3026,SouthernEurope,925,NorthernAfricaandWesternAsia,1833,664303,797778,1020922,1467195,1890875,1812693,2060227,426099,476513,580797,878670,1120439,1012113,1136430,238204,321265,440125,588525,770436,800580,923797
3027,SouthernEurope,925,CentralandSouthernAsia,921,135199,177939,228345,437808,638241,681169,851401,82536,107848,137574,289639,431118,443710,534848,52663,70091,90771,148169,207123,237459,316553
3028,SouthernEurope,925,EasternandSouthEasternAsia,1832,152167,185438,229287,423685,611453,628387,720192,47546,66840,90704,187959,276257,274907,313915,104621,118598,138583,235726,335196,353480,406277
3029,SouthernEurope,925,LatinAmericaandtheCaribbean,1830,365575,484471,718500,2214175,3208746,2997487,3688480,136874,184362,284542,973727,1403077,1255255,1543175,228701,300109,433958,1240448,1805669,1742232,2145305
3030,SouthernEurope,925,OceaniaexcludingAustraliaandNewZealand,1835,1063,732,974,964,1217,1717,1215,830,494,474,492,672,798,659,233,238,500,472,545,919,556
3031,SouthernEurope,925,AustraliaandNewZealand,927,35770,36576,38256,46999,57072,58605,69575,16787,16840,17050,21261,26074,26694,33531,18983,19736,21206,25738,30998,31911,36044
3032,SouthernEurope,925,EuropeandNorthernAmerica,1829,2423277,3685402,4619133,6508233,8815681,8621005,9009737,1064050,1694273,2166099,3004277,4049537,3846324,4047745,1359227,1991129,2453034,3503956,4766144,4774681,4961992
3033,SouthernEurope,925,Developedregions,901,2475159,3735261,4668731,6568992,8888897,8694889,9097740,1086887,1715959,2187236,3030349,4081340,3877915,4087270,1388272,2019302,2481495,3538643,4807557,4816974,5010470
3034,SouthernEurope,925,Lessdevelopedregions,902,1736155,2139884,2798405,5332451,7267732,7077708,8516191,914255,1092982,1405614,2770879,3770611,3527539,4240842,821900,1046902,1392791,2561572,3497121,3550169,4275349
3035,SouthernEurope,925,Lessdevelopedregions,902,934,1394577,1754412,2343568,4719735,6532541,6282660,7492628,730087,884400,1157320,2402672,3298733,3033731,3591867,664490,870012,1186248,2317063,3233808,3248929
3036,SouthernEurope,925,Lessdevelopedregions,902,948,1693225,2076530,2713253,5099893,6900167,6702835,8081451,893731,1062478,1364389,2652673,3585634,3346333,4033637,799494,1014052,1348864,2447220,3314533,3356502
3037,SouthernEurope,925,Leastdevelopedcountries,941,341578,385472,454837,612716,735191,795048,1023563,184168,208582,248294,368207,471878,493808,648975,157410,176890,206543,244509,263313,301240,374588
3038,SouthernEurope,925,LandlockedDevelopingCountriesLLDC,1636,201546,215572,215533,491190,860550,797290,933259,96842,102292,102565,227475,381559,344933,416833,104704,113280,112968,263715,478991,452357,516426
3039,SouthernEurope,925,SmallislanddevelopingStatesSIDS,1637,111557,153124,222720,326263,447873,511474,603400,45788,61929,89550,133116,184769,208375,252022,65769,91195,133170,193147,263104,303099,351378
3040,SouthernEurope,925,Highincomecountries,1503,1715195,2059274,2499720,3934140,5664160,5455973,5697665,705122,888928,1113361,1797875,2630731,2460701,2578735,1010073,1170346,1386359,2136265,3033429,2995272,3118930
3041,SouthernEurope,925,Middleincomecountries,1517,2357047,3663400,4786022,7717276,10176571,9969528,11393783,1229443,1844657,2385806,3858550,5026607,4735807,5427539,1127604,1818743,2400216,3858726,5149964,5233721,5966244
3042,SouthernEurope,925,Uppermiddleincomecountries,1502,1445912,2490669,3245314,5018939,6418276,6228956,7020324,690220,1181396,1534436,2339031,2958432,2782003,3160666,755692,1309273,1710878,2679908,3459844,3446953,3859658
3043,SouthernEurope,925,Lowermiddleincomecountries,1501,911135,1172731,1540708,2698337,3758295,3740572,4373459,539223,663261,851370,1519519,2068175,1953804,2266873,371912,509470,689338,1178818,1690120,1786768,2106586
3044,SouthernEurope,925,Lowincomecountries,1500,137895,151798,181213,249797,315624,346700,522223,65580,74803,93569,144684,194489,208794,321726,72315,76995,87644,105113,121135,137906,200497
3045,SouthernEurope,925,EasternAfrica,910,120515,118789,124826,144627,163805,170661,196293,51168,50363,53561,65489,77090,79017,92179,69347,68426,71265,79138,86715,91644,104114
3046,SouthernEurope,925,MiddleAfrica,911,158968,184386,222195,236451,219305,235980,281276,74439,86720,105377,111858,104338,106694,131680,84529,97666,116818,124593,114967,129286,149596
3047,SouthernEurope,925,NorthernAfrica,912,460688,570623,758803,1183899,1577294,1501684,1657632,311001,357551,453284,739508,963202,868197,937224,149687,213072,305519,444391,614092,633487,720408
3048,SouthernEurope,925,SouthernAfrica,913,9511,14231,19932,23942,26599,27982,31366,4594,6611,9092,11006,12275,12494,14650,4917,7620,10840,12936,14324,15488,16716
3049,SouthernEurope,925,WesternAfrica,914,144966,189403,244766,397364,523635,536911,704169,96219,118077,147580,256850,351074,347448,479300,48747,71326,97186,140514,172561,189463,224869
3050,SouthernEurope,925,CentralAsia,5500,45480,38503,32855,40235,49692,49456,53359,25120,19678,14558,17056,20396,19145,21758,20360,18825,18297,23179,29296,30311,31601
3051,SouthernEurope,925,EasternAsia,906,61551,80950,103723,254133,393380,399600,465123,28000,37320,48392,126292,194922,189951,218083,33551,43630,55331,127841,198458,209649,247040
3052,SouthernEurope,925,SouthEasternAsia,920,90616,104488,125564,169552,218073,228787,255069,19546,29520,42312,61667,81335,84956,95832,71070,74968,83252,107885,136738,143831,159237
3053,SouthernEurope,925,SouthernAsia,5501,89719,139436,195490,397573,588549,631713,798042,57416,88170,123016,272583,410722,424565,513090,32303,51266,72474,124990,177827,207148,284952
3054,SouthernEurope,925,WesternAsia,922,203615,227155,262119,283296,313581,311009,402595,115098,118962,127513,139162,157237,143916,199206,88517,108193,134606,144134,156344,167093,203389
3055,SouthernEurope,925,EasternEurope,923,191791,337770,491125,1809979,3216418,3132684,3253702,78328,131651,188534,752784,1352100,1243506,1274619,113463,206119,302591,1057195,1864318,1889178,1979083
3056,SouthernEurope,925,NorthernEurope,924,216382,212990,252073,419058,578333,570343,603637,83851,86911,110720,194536,273857,266979,285895,132531,126079,141353,224522,304476,303364,317742
3057,SouthernEurope,925,SouthernEurope,925,1177322,2260434,2816043,2868972,3226996,3163927,3305291,566734,1105795,1389355,1410466,1593540,1533347,1629061,610588,1154639,1426688,1458506,1633456,1630580,1676230
3058,SouthernEurope,925,WesternEurope,926,672348,734905,938381,1256152,1608121,1566312,1630782,262793,308186,422676,576017,745327,718197,758021,409555,426719,515705,680135,862794,848115,872761
3059,SouthernEurope,925,Caribbean,915,49533,72539,117839,202899,320388,372394,443198,17500,23403,37701,72005,122225,143405,173733,32033,49136,80138,130894,198163,228989,269465
3060,SouthernEurope,925,CentralAmerica,916,22406,29076,44113,82080,136596,165953,273561,7734,10131,16256,31917,50605,55924,88580,14672,18945,27857,50163,85991,110029,184981
3061,SouthernEurope,925,SouthAmerica,931,293636,382856,556548,1929196,2751762,2459140,2971721,111640,150828,230585,869805,1230247,1055926,1280862,181996,232028,325963,1059391,1521515,1403214,1690859
3062,SouthernEurope,925,Melanesia,928,35,61,192,187,236,816,259,15,24,97,96,133,327,143,20,37,95,91,103,489,116
3063,SouthernEurope,925,Micronesia,954,64,66,320,259,329,322,357,32,30,162,158,230,209,226,32,36,158,101,99,113,131
3064,SouthernEurope,925,Polynesia,957,964,605,462,518,652,579,599,783,440,215,238,309,262,290,181,165,247,280,343,317,309
3065,SouthernEurope,925,Burundi,108,150,425,793,967,1230,1248,1493,62,158,312,411,560,550,670,88,267,481,556,670,698,823
3066,SouthernEurope,925,Comoros,174,3,7,11,62,118,102,98,1,2,3,37,77,68,70,2,5,8,25,41,34,28
3067,SouthernEurope,925,Djibouti,262,6,28,87,108,165,144,141,3,12,49,52,77,65,67,3,16,38,56,88,79,74
3068,SouthernEurope,925,Eritrea,232,932,4237,7659,10778,15350,14998,19978,358,1138,1993,4811,8305,8160,9901,574,3099,5666,5967,7045,6838,10077
3069,SouthernEurope,925,Ethiopia,231,20271,14276,8420,21296,36552,36082,36730,5670,4170,2712,8529,15367,15330,16026,14601,10106,5708,12767,21185,20752,20704
3070,SouthernEurope,925,Kenya,404,910,1440,2118,3730,5469,5828,7077,563,646,796,1455,2127,2160,2542,347,794,1322,2275,3342,3668,4535
3071,SouthernEurope,925,Madagascar,450,305,828,2007,2262,2900,2966,3500,119,206,531,655,894,906,1057,186,622,1476,1607,2006,2060,2443
3072,SouthernEurope,925,Malawi,454,66,154,312,468,619,692,803,24,59,129,191,258,273,321,42,95,183,277,361,419,482
3073,SouthernEurope,925,Mauritius,480,9658,10143,10949,10237,9685,9146,9046,3944,4191,4619,4396,4245,3958,3890,5714,5952,6330,5841,5440,5188,5156
3074,SouthernEurope,925,Mayotte,175,0,0,0,0,0,0,0,0,0,0,0,0,0,0,0,0,0,0,0,0,0
3075,SouthernEurope,925,Mozambique,508,74807,73989,77806,76529,64089,72920,83173,35791,35040,36666,36072,30336,32725,38581,39016,38949,41140,40457,33753,40195,44592
3076,SouthernEurope,925,Reunion,638,5,5,6,3,0,0,0,3,3,3,1,0,0,0,2,2,3,2,0,0,0
3077,SouthernEurope,925,Rwanda,646,323,563,1200,1031,1148,1162,1341,155,276,667,546,606,577,667,168,287,533,485,542,585,674
3078,SouthernEurope,925,Seychelles,690,225,563,971,986,1094,992,1015,87,125,186,199,241,209,226,138,438,785,787,853,783,789
3079,SouthernEurope,925,Somalia,706,11432,9195,7268,9792,17450,16412,22753,3666,3013,2582,5004,9868,9920,13358,7766,6182,4686,4788,7582,6492,9395
3080,SouthernEurope,925,SouthSudan,728,0,0,0,0,24,29,41,0,0,0,0,9,18,29,0,0,0,0,15,11,12
3081,SouthernEurope,925,Uganda,800,188,360,730,931,1365,1330,1594,89,147,308,396,625,572,698,99,213,422,535,740,758,896
3082,SouthernEurope,925,UnitedRepublicofTanzania,834,479,938,1352,1972,2405,2414,2811,227,411,568,893,1129,1082,1279,252,527,784,1079,1276,1332,1532
3083,SouthernEurope,925,Zambia,894,228,368,712,966,1407,1360,1438,160,204,343,457,654,631,671,68,164,369,509,753,729,767
3084,SouthernEurope,925,Zimbabwe,716,527,1270,2425,2509,2735,2836,3261,246,562,1094,1384,1712,1813,2126,281,708,1331,1125,1023,1023,1135
3085,SouthernEurope,925,Angola,24,143098,156829,177480,174852,143777,161627,186249,67155,73806,84090,82570,67892,71863,85971,75943,83023,93390,92282,75885,89764,100278
3086,SouthernEurope,925,Cameroon,120,886,2889,5201,11303,17587,17013,24251,429,1490,2731,6179,9817,9134,13348,457,1399,2470,5124,7770,7879,10903
3087,SouthernEurope,925,CentralAfricanRepublic,140,73,146,395,514,803,811,907,39,75,210,271,431,431,514,34,71,185,243,372,380,393
3088,SouthernEurope,925,Chad,148,42,103,289,435,647,666,757,20,52,171,305,468,498,566,22,51,118,130,179,168,191
3089,SouthernEurope,925,Congo,178,1168,3775,6567,7390,7730,7293,7989,493,1862,3349,3857,4022,3594,4043,675,1913,3218,3533,3708,3699,3946
3090,SouthernEurope,925,DemocraticRepublicoftheCongo,180,1955,4014,6542,7720,9639,9486,15717,1068,2043,3296,4066,5278,5035,8338,887,1971,3246,3654,4361,4451,7379
3091,SouthernEurope,925,EquatorialGuinea,226,6064,7574,12316,17855,21868,19679,22962,2564,3200,5315,6977,8302,7522,8571,3500,4374,7001,10878,13566,12157,14391
3092,SouthernEurope,925,Gabon,266,75,185,669,798,1163,1223,1555,34,91,343,531,836,880,1074,41,94,326,267,327,343,481
3093,SouthernEurope,925,SaoTomeandPrincipe,678,5607,8871,12736,15584,16091,18182,20889,2637,4101,5872,7102,7292,7737,9255,2970,4770,6864,8482,8799,10445,11634
3094,SouthernEurope,925,Algeria,12,17978,24147,35786,68505,85518,79484,84939,10702,15695,24215,48876,58360,50200,51502,7276,8452,11571,19629,27158,29284,33437
3095,SouthernEurope,925,Egypt,818,55847,67510,80102,112457,144041,144303,167574,37076,41928,47216,73172,98800,96658,111537,18771,25582,32886,39285,45241,47645,56037
3096,SouthernEurope,925,Libya,434,7141,6198,6475,22377,39178,38897,40977,3881,3216,3396,11162,19378,18927,20441,3260,2982,3079,11215,19800,19970,20536
3097,SouthernEurope,925,Morocco,504,306189,396341,556161,882221,1186252,1128258,1244489,204955,244757,328268,544114,707714,632673,679090,101234,151584,227893,338107,478538,495585,565399
3098,SouthernEurope,925,Sudan,729,1232,1757,2908,3897,5900,5358,5933,1009,1167,1775,2617,4152,3702,4111,223,590,1133,1280,1748,1656,1822
3099,SouthernEurope,925,Tunisia,788,72098,74567,77367,94440,116404,105378,113713,53175,50686,48412,59566,74797,66033,70539,18923,23881,28955,34874,41607,39345,43174
3100,SouthernEurope,925,WesternSahara,732,203,103,4,2,1,6,7,203,102,2,1,1,4,4,0,1,2,1,0,2,3
3101,SouthernEurope,925,Botswana,72,4,9,13,33,55,55,60,1,4,5,15,28,28,36,3,5,8,18,27,27,24
3102,SouthernEurope,925,Eswatini,748,55,117,185,408,570,628,728,24,50,78,223,334,358,423,31,67,107,185,236,270,305
3103,SouthernEurope,925,Lesotho,426,3,5,8,20,29,24,30,1,2,4,10,13,12,15,2,3,4,10,16,12,15
3104,SouthernEurope,925,Namibia,516,28,43,193,145,213,221,264,13,15,76,64,104,107,123,15,28,117,81,109,114,141
3105,SouthernEurope,925,SouthAfrica,710,9421,14057,19533,23336,25732,27054,30284,4555,6540,8929,10694,11796,11989,14053,4866,7517,10604,12642,13936,15065,16231
3106,SouthernEurope,925,Benin,204,149,727,1330,2236,2985,2969,3831,67,402,753,1377,1878,1828,2514,82,325,577,859,1107,1141,1317
3107,SouthernEurope,925,BurkinaFaso,854,482,2812,5221,8842,12304,12845,15270,196,1632,3117,6010,8671,8945,10844,286,1180,2104,2832,3633,3900,4426
3108,SouthernEurope,925,CaboVerde,132,38284,44174,52213,61873,63287,70048,80679,16861,20266,24796,28686,28492,30149,35975,21423,23908,27417,33187,34795,39899,44704
3109,SouthernEurope,925,CotedIvoire,384,1620,7247,12985,20577,28018,28252,40521,640,3552,6538,11711,16911,16760,27071,980,3695,6447,8866,11107,11492,13450
3110,SouthernEurope,925,Gambia,270,2929,3986,6576,12409,20098,27166,42771,2081,2828,4702,9763,16570,22610,37579,848,1158,1874,2646,3528,4556,5192
3111,SouthernEurope,925,Ghana,288,26191,31054,36231,50873,60422,59074,69572,15405,17729,20282,32798,40303,37993,46892,10786,13325,15949,18075,20119,21081,22680
3112,SouthernEurope,925,Guinea,324,2516,3718,6152,13293,20009,18307,29930,1280,2057,3516,8760,13346,11356,22026,1236,1661,2636,4533,6663,6951,7904
3113,SouthernEurope,925,GuineaBissau,624,7165,14697,23159,30170,32321,34673,42609,4243,8888,14199,18687,19986,20289,26276,2922,5809,8960,11483,12335,14384,16333
3114,SouthernEurope,925,Liberia,430,667,1024,1758,2420,3135,2683,2901,503,759,1310,1833,2477,2074,2204,164,265,448,587,658,609,697
3115,SouthernEurope,925,Mali,466,421,1023,1936,13573,26694,29961,40029,331,799,1542,12566,24602,26527,35952,90,224,394,1007,2092,3434,4077
3116,SouthernEurope,925,Mauritania,478,759,1392,2524,9267,11928,9312,9832,566,1078,1993,7449,9733,6846,6869,193,314,531,1818,2195,2466,2963
3117,SouthernEurope,925,Niger,562,65,180,608,851,1180,1323,1975,42,114,453,647,871,1029,1667,23,66,155,204,309,294,308
3118,SouthernEurope,925,Nigeria,566,14223,23064,32758,68576,93516,92120,136812,8180,10930,14325,35249,49330,47592,80367,6043,12134,18433,33327,44186,44528,56445
3119,SouthernEurope,925,SaintHelena,654,26,19,13,9,4,3,1,15,11,7,5,3,3,1,11,8,6,4,1,0,0
3120,SouthernEurope,925,Senegal,686,48571,52234,57887,95657,139475,139870,176030,45290,45851,48045,77134,112511,108121,135192,3281,6383,9842,18523,26964,31749,40838
3121,SouthernEurope,925,SierraLeone,694,751,1216,1858,3057,2834,2624,4071,444,739,1169,1837,1825,1677,2913,307,477,689,1220,1009,947,1158
3122,SouthernEurope,925,Togo,768,147,836,1557,3681,5425,5681,7335,75,442,833,2338,3565,3649,4958,72,394,724,1343,1860,2032,2377
3123,SouthernEurope,925,Kazakhstan,398,3631,14200,24963,29110,34325,33887,36120,2000,6775,11523,12880,14701,13713,15465,1631,7425,13440,16230,19624,20174,20655
3124,SouthernEurope,925,Kyrgyzstan,417,94,208,614,1248,2028,2304,2968,48,80,234,351,532,563,737,46,128,380,897,1496,1741,2231
3125,SouthernEurope,925,Tajikistan,762,23,62,137,211,340,385,484,9,24,56,67,101,120,150,14,38,81,144,239,265,334
3126,SouthernEurope,925,Turkmenistan,795,40207,20032,198,276,379,434,517,22266,11148,55,72,99,106,132,17941,8884,143,204,280,328,385
3127,SouthernEurope,925,Uzbekistan,860,1525,4001,6943,9390,12620,12446,13270,797,1651,2690,3686,4963,4643,5274,728,2350,4253,5704,7657,7803,7996
3128,SouthernEurope,925,China,156,42031,61441,82145,229899,365689,372746,432306,20119,29647,39876,117015,184137,180312,206140,21912,31794,42269,112884,181552,192434,226166
3129,SouthernEurope,925,China,156,344,57,97,142,138,116,132,149,27,44,63,59,47,51,60,30,53,79,79,69,81
3130,SouthernEurope,925,China,156,446,842,1816,2865,2521,1760,1995,2285,378,813,1286,1132,793,843,1005,464,1003,1579,1389,967,1152
3131,SouthernEurope,925,China,156,158,0,0,0,0,0,0,0,0,0,0,0,0,0,0,0,0,0,0,0,0
3132,SouthernEurope,925,DemPeoplesRepublicofKorea,408,560,324,390,305,308,332,350,551,292,200,147,134,151,172,9,32,190,158,174,181,178
3133,SouthernEurope,925,Japan,392,16112,13283,11342,13760,16144,15279,18428,6050,4846,4087,4811,5729,4897,5994,10062,8437,7255,8949,10415,10382,12434
3134,SouthernEurope,925,Mongolia,496,24,57,262,271,629,721,889,8,14,86,82,208,233,284,16,43,176,189,421,488,605
3135,SouthernEurope,925,RepublicofKorea,410,1925,3932,6577,7239,8734,8395,10716,867,1664,2794,3046,3874,3464,4428,1058,2268,3783,4193,4860,4931,6288
3136,SouthernEurope,925,BruneiDarussalam,96,1,6,44,38,52,55,63,1,2,25,20,23,26,26,0,4,19,18,29,29,37
3137,SouthernEurope,925,Cambodia,116,54,184,405,873,1405,1436,1532,22,69,169,480,811,809,837,32,115,236,393,594,627,695
3138,SouthernEurope,925,Indonesia,360,1000,1705,2702,3859,5880,5908,7265,333,534,855,1104,2035,1857,2357,667,1171,1847,2755,3845,4051,4908
3139,SouthernEurope,925,LaoPeoplesDemocraticRepublic,418,103,165,561,425,515,481,544,39,69,268,197,242,223,244,64,96,293,228,273,258,300
3140,SouthernEurope,925,Malaysia,458,197,362,1201,968,1298,1382,1731,84,138,527,413,565,584,710,113,224,674,555,733,798,1021
3141,SouthernEurope,925,Myanmar,104,77,140,331,394,485,564,649,39,69,180,181,205,224,257,38,71,151,213,280,340,392
3142,SouthernEurope,925,Philippines,608,85418,95018,109284,146828,187083,195600,214075,17482,26527,37209,54722,71355,74727,82570,67936,68491,72075,92106,115728,120873,131505
3143,SouthernEurope,925,Singapore,702,155,269,956,815,1147,1216,1528,70,84,328,273,400,422,549,85,185,628,542,747,794,979
3144,SouthernEurope,925,Thailand,764,1230,2971,4877,8476,12031,12927,16843,307,327,396,1178,1943,2046,3609,923,2644,4481,7298,10088,10881,13234
3145,SouthernEurope,925,TimorLeste,626,664,1441,2277,2216,1815,2031,2263,318,687,1087,1041,830,879,1001,346,754,1190,1175,985,1152,1262
3146,SouthernEurope,925,VietNam,704,1717,2227,2926,4660,6362,7187,8576,851,1014,1268,2058,2926,3159,3672,866,1213,1658,2602,3436,4028,4904
3147,SouthernEurope,925,Afghanistan,4,917,747,987,7004,12697,21186,64633,731,603,769,6061,10944,17193,40523,186,144,218,943,1753,3993,24110
3148,SouthernEurope,925,Bangladesh,50,13416,21050,28960,72766,111385,126195,154639,9352,15016,20862,54937,84375,94885,114926,4064,6034,8098,17829,27010,31310,39713
3149,SouthernEurope,925,Bhutan,64,18,28,39,39,35,40,30,7,17,27,27,23,26,18,11,11,12,12,12,14,12
3150,SouthernEurope,925,India,356,15027,39049,65427,124744,182530,191846,235081,8629,22712,38138,77697,116576,117402,142038,6398,16337,27289,47047,65954,74444,93043
3151,SouthernEurope,925,IranIslamicRepublicof,364,23588,18330,14017,17861,21670,23103,32257,13521,10640,8338,10489,12826,13232,17420,10067,7690,5679,7372,8844,9871,14837
3152,SouthernEurope,925,Maldives,462,9,12,15,27,86,36,38,5,8,10,20,45,28,29,4,4,5,7,41,8,9
3153,SouthernEurope,925,Nepal,524,94,211,365,1979,4774,5607,13399,48,117,206,1233,3126,3406,8482,46,94,159,746,1648,2201,4917
3154,SouthernEurope,925,Pakistan,586,15275,27877,42022,108320,170052,177128,200250,12610,21840,32303,86534,134381,130335,136866,2665,6037,9719,21786,35671,46793,63384
3155,SouthernEurope,925,SriLanka,144,21375,32132,43658,64833,85320,86572,97715,12513,17217,22363,35585,48426,48058,52788,8862,14915,21295,29248,36894,38514,44927
3156,SouthernEurope,925,Armenia,51,12501,11416,10729,19996,26763,25436,29632,6904,5956,5153,9802,12623,11235,13665,5597,5460,5576,10194,14140,14201,15967
3157,SouthernEurope,925,Azerbaijan,31,214,388,1150,1210,1765,1893,2389,112,171,521,482,698,717,944,102,217,629,728,1067,1176,1445
3158,SouthernEurope,925,Bahrain,48,8,23,101,87,106,371,167,5,12,61,49,62,209,97,3,11,40,38,44,162,70
3159,SouthernEurope,925,Cyprus,196,45826,34138,23020,23068,24133,22809,23318,24115,16991,9840,10051,10691,9618,10691,21711,17147,13180,13017,13442,13191,12627
3160,SouthernEurope,925,Georgia,268,36201,53664,72108,90001,109171,106505,114122,20053,26688,33340,38601,44062,39069,45502,16148,26976,38768,51400,65109,67436,68620
3161,SouthernEurope,925,Iraq,368,7526,8555,9982,10034,15274,10945,28160,4880,5751,6848,7212,11728,6687,16656,2646,2804,3134,2822,3546,4258,11504
3162,SouthernEurope,925,Israel,376,9408,6907,4742,6502,8468,7810,9314,5463,4022,2810,3963,5241,4751,5643,3945,2885,1932,2539,3227,3059,3671
3163,SouthernEurope,925,Jordan,400,8423,6802,5663,6024,6582,6282,7491,7055,5392,4102,4410,4930,4544,5332,1368,1410,1561,1614,1652,1738,2159
3164,SouthernEurope,925,Kuwait,414,135,289,1104,928,1256,1314,1794,71,172,692,566,767,818,1108,64,117,412,362,489,496,686
3165,SouthernEurope,925,Lebanon,422,16241,12194,8851,10587,12757,12603,14852,10586,7857,5628,6724,8165,7900,9408,5655,4337,3223,3863,4592,4703,5444
3166,SouthernEurope,925,Oman,512,42,45,85,70,75,109,136,15,18,40,32,40,59,74,27,27,45,38,35,50,62
3167,SouthernEurope,925,Qatar,634,11,18,113,659,1298,1649,1392,6,13,71,316,609,720,691,5,5,42,343,689,929,701
3168,SouthernEurope,925,SaudiArabia,682,717,752,882,1452,2025,2290,2912,408,432,513,821,1120,1288,1670,309,320,369,631,905,1002,1242
3169,SouthernEurope,925,StateofPalestine,275,465,674,864,1214,1612,6184,8271,254,448,621,989,1388,3620,4474,211,226,243,225,224,2564,3797
3170,SouthernEurope,925,SyrianArabRepublic,760,9127,10663,13267,16216,18744,23442,72385,6812,7864,9717,11567,13354,13522,40204,2315,2799,3550,4649,5390,9920,32181
3171,SouthernEurope,925,Turkey,792,56599,80336,108746,94495,82421,80062,84076,28238,37011,47164,43170,41125,38422,41811,28361,43325,61582,51325,41296,41640,42265
3172,SouthernEurope,925,UnitedArabEmirates,784,41,106,398,449,701,855,1309,21,57,218,240,375,465,725,20,49,180,209,326,390,584
3173,SouthernEurope,925,Yemen,887,130,185,314,304,430,450,875,100,107,174,167,259,272,511,30,78,140,137,171,178,364
3174,SouthernEurope,925,Belarus,112,812,1826,2852,21484,39436,38015,21588,413,484,564,10294,19583,18277,5457,399,1342,2288,11190,19853,19738,16131
3175,SouthernEurope,925,Bulgaria,100,10578,32805,56052,182536,289054,266836,268564,7056,14391,22159,83932,130568,113941,115438,3522,18414,33893,98604,158486,152895,153126
3176,SouthernEurope,925,Czechia,203,4478,8554,13033,18628,26048,25716,28082,1689,2399,3262,5238,8156,7605,8825,2789,6155,9771,13390,17892,18111,19257
3177,SouthernEurope,925,Hungary,348,4845,8455,11729,17311,26756,27777,32162,1507,2283,2965,4954,9097,9256,11130,3338,6172,8764,12357,17659,18521,21032
3178,SouthernEurope,925,Poland,616,59709,63688,70276,132405,218675,197372,197173,20819,20625,21629,43061,76498,62235,61062,38890,43063,48647,89344,142177,135137,136111
3179,SouthernEurope,925,RepublicofMoldova,498,10216,13277,16495,115135,205715,218265,249927,5865,6050,6277,42785,74834,76534,89991,4351,7227,10218,72350,130881,141731,159936
3180,SouthernEurope,925,Romania,642,50285,105337,161369,916867,1819132,1733400,1742712,16599,43949,72166,424740,850597,767464,756166,33686,61388,89203,492127,968535,965936,986546
3181,SouthernEurope,925,RussianFederation,643,40660,70302,102034,160755,207712,227016,252815,18457,28147,38413,53477,62223,68964,81217,22203,42155,63621,107278,145489,158052,171598
3182,SouthernEurope,925,Slovakia,703,5865,9039,12078,16319,24915,24194,26663,2873,3716,4573,5622,9000,8121,8841,2992,5323,7505,10697,15915,16073,17822
3183,SouthernEurope,925,Ukraine,804,4343,24487,45207,228539,358975,374093,434016,3050,9607,16526,78681,111544,111109,136492,1293,14880,28681,149858,247431,262984,297524
3184,SouthernEurope,925,ChannelIslands,830,2,3,4,3,2,1,0,2,1,0,0,0,0,0,0,2,4,3,2,1,0
3185,SouthernEurope,925,Denmark,208,10735,10052,11336,13025,16724,16598,17169,3512,3654,4747,5694,7663,7705,8113,7223,6398,6589,7331,9061,8893,9056
3186,SouthernEurope,925,Estonia,233,261,516,807,1753,2911,3582,4380,126,154,199,469,753,1008,1249,135,362,608,1284,2158,2574,3131
3187,SouthernEurope,925,FaroeIslands,234,3,2,2,2,1,0,0,1,0,0,0,0,0,0,2,2,2,2,1,0,0
3188,SouthernEurope,925,Finland,246,4897,6627,10054,12242,14652,16351,17526,1848,2279,3463,4485,5557,6379,6848,3049,4348,6591,7757,9095,9972,10678
3189,SouthernEurope,925,Iceland,352,241,423,716,984,1354,1394,1804,109,166,276,425,632,614,789,132,257,440,559,722,780,1015
3190,SouthernEurope,925,Ireland,372,7454,7055,7870,13982,19839,21113,23261,2418,2569,3288,6552,9726,10357,11542,5036,4486,4582,7430,10113,10756,11719
3191,SouthernEurope,925,IsleofMan,833,18,15,12,9,5,4,2,9,8,7,5,3,3,2,9,7,5,4,2,1,0
3192,SouthernEurope,925,Latvia,428,190,566,994,3632,6874,7929,9976,96,130,190,1022,2106,2340,3085,94,436,804,2610,4768,5589,6891
3193,SouthernEurope,925,Lithuania,440,392,749,1153,15193,25091,22979,24006,219,250,301,6755,11081,9026,8798,173,499,852,8438,14010,13953,15208
3194,SouthernEurope,925,Norway,578,4350,5521,8492,14220,17643,18868,18221,1987,2405,3696,6694,8509,9083,8827,2363,3116,4796,7526,9134,9785,9394
3195,SouthernEurope,925,Sweden,752,16058,18527,23954,28492,34236,34790,37979,5251,6913,9883,11931,14389,14697,16778,10807,11614,14071,16561,19847,20093,21201
3196,SouthernEurope,925,UnitedKingdom,826,171781,162934,186679,315521,439001,426734,449313,68273,68382,84670,150504,213438,205767,219864,103508,94552,102009,165017,225563,220967,229449
3197,SouthernEurope,925,Albania,8,154187,448827,745587,856287,978740,954925,1007396,93516,252212,410879,455995,506882,480793,517947,60671,196615,334708,400292,471858,474132,489449
3198,SouthernEurope,925,Andorra,20,2138,2635,4157,4620,5972,6381,8434,987,1241,2010,2223,2912,3061,3997,1151,1394,2147,2397,3060,3320,4437
3199,SouthernEurope,925,BosniaandHerzegovina,70,433078,864373,924687,876553,904471,896645,920068,207631,411094,444387,413139,426698,420008,441261,225447,453279,480300,463414,477773,476637,478807
3200,SouthernEurope,925,Croatia,191,113598,350728,450195,401020,402719,385708,389369,55209,170231,209128,184714,182626,173837,175846,58389,180497,241067,216306,220093,211871,213523
3201,SouthernEurope,925,Gibraltar,292,12,12,12,9,5,4,2,6,5,4,4,3,3,2,6,7,8,5,2,1,0
3202,SouthernEurope,925,Greece,300,61047,60243,59449,56745,57546,54270,54133,29341,28071,26840,27713,28997,26395,26633,31706,32172,32609,29032,28549,27875,27500
3203,SouthernEurope,925,HolySee,336,10,26,41,110,173,298,166,5,17,28,54,75,106,65,5,9,13,56,98,192,101
3204,SouthernEurope,925,Italy,380,48143,49569,60280,80752,121195,140390,191211,24740,26183,33226,46605,71865,82489,111150,23403,23386,27054,34147,49330,57901,80061
3205,SouthernEurope,925,Malta,470,591,1032,1510,1865,2568,2357,2599,262,294,337,493,794,711,851,329,738,1173,1372,1774,1646,1748
3206,SouthernEurope,925,Montenegro,499,26589,80128,107970,94112,96987,96453,97881,12048,36562,45549,42004,43238,42865,43554,14541,43566,62421,52108,53749,53588,54327
3207,SouthernEurope,925,NorthMacedonia,807,106119,123957,120242,131792,156044,154888,155227,49666,59339,60165,66668,78711,76714,76803,56453,64618,60077,65124,77333,78174,78424
3208,SouthernEurope,925,Portugal,620,47398,54178,78083,92747,155875,129473,126978,20864,25026,38160,48486,91069,72281,69200,26534,29152,39923,44261,64806,57192,57778
3209,SouthernEurope,925,SanMarino,674,1073,2104,3132,2533,1932,3280,1980,376,939,1500,1130,720,1097,803,697,1165,1632,1403,1212,2183,1177
3210,SouthernEurope,925,Serbia,688,77741,114049,155987,157765,225853,226836,230458,34750,54878,77766,77122,112220,109834,113588,42991,59171,78221,80643,113633,117002,116870
3211,SouthernEurope,925,Slovenia,705,35775,41903,41110,39254,40124,40435,39606,13021,15601,15454,15199,15859,15831,15520,22754,26302,25656,24055,24265,24604,24086
3212,SouthernEurope,925,Spain,724,69823,66670,63601,72808,76792,71584,79783,24312,24102,23922,28917,30871,27322,31841,45511,42568,39679,43891,45921,44262,47942
3213,SouthernEurope,925,Austria,40,28846,30158,33226,38347,46901,42909,46049,8429,10272,12698,15237,19160,17299,19009,20417,19886,20528,23110,27741,25610,27040
3214,SouthernEurope,925,Belgium,56,38642,39880,50113,74172,98408,99297,108595,15126,16628,22637,34216,45621,46060,51289,23516,23252,27476,39956,52787,53237,57306
3215,SouthernEurope,925,France,250,242845,260798,331473,382999,449590,442073,475101,97477,109955,147736,171316,204092,197893,216115,145368,150843,183737,211683,245498,244180,258986
3216,SouthernEurope,925,Germany,276,234643,274665,369519,504097,646244,616795,621021,91387,116430,168584,234275,302113,284112,290479,143256,158235,200935,269822,344131,332683,330542
3217,SouthernEurope,925,Liechtenstein,438,74,110,195,294,498,450,506,33,46,79,183,333,320,355,41,64,116,111,165,130,151
3218,SouthernEurope,925,Luxembourg,442,3258,4126,5401,7840,10060,10448,11465,1412,1895,2579,3715,4745,4845,5418,1846,2231,2822,4125,5315,5603,6047
3219,SouthernEurope,925,Monaco,492,247,319,379,1126,1934,1574,1947,102,134,156,515,895,730,905,145,185,223,611,1039,844,1042
3220,SouthernEurope,925,Netherlands,528,39158,38643,45555,55619,70411,70029,76948,14700,15612,20206,25981,33865,33784,37612,24458,23031,25349,29638,36546,36245,39336
3221,SouthernEurope,925,Switzerland,756,84635,86206,102520,191658,284075,282737,289150,34127,37214,48001,90579,134503,133154,136839,50508,48992,54519,101079,149572,149583,152311
3222,SouthernEurope,925,Anguilla,660,6,11,17,14,11,10,8,3,6,9,7,5,5,5,3,5,8,7,6,5,3
3223,SouthernEurope,925,AntiguaandBarbuda,28,13,19,25,39,55,822,51,7,9,10,17,27,284,25,6,10,15,22,28,538,26
3224,SouthernEurope,925,Aruba,533,41,66,92,47,1,6,0,23,37,50,26,1,4,0,18,29,42,21,0,2,0
3225,SouthernEurope,925,Bahamas,44,32,47,164,138,167,339,185,17,20,81,61,73,133,87,15,27,83,77,94,206,98
3226,SouthernEurope,925,Barbados,52,12,26,102,81,106,197,117,5,14,53,42,54,81,58,7,12,49,39,52,116,59
3227,SouthernEurope,925,Bonaire,16,535,0,0,0,0,0,0,0,0,0,0,0,0,0,0,0,0,0,0,0,0
3228,SouthernEurope,925,BritishVirginIslands,92,12,10,8,5,1,0,0,6,4,1,1,1,0,0,6,6,7,4,0,0,0
3229,SouthernEurope,925,CaymanIslands,136,15,12,10,5,0,0,0,7,5,3,1,0,0,0,8,7,7,4,0,0,0
3230,SouthernEurope,925,Cuba,192,23613,35341,58034,95500,137393,166817,203238,9927,13372,21831,37143,54717,67091,82937,13686,21969,36203,58357,82676,99726,120301
3231,SouthernEurope,925,CuraÃao,531,0,0,0,0,0,0,0,0,0,0,0,0,0,0,0,0,0,0,0,0,0
3232,SouthernEurope,925,Dominica,212,769,831,1076,1153,1220,1280,1516,322,253,238,309,391,401,469,447,578,838,844,829,879,1047
3233,SouthernEurope,925,DominicanRepublic,214,24451,35301,54952,103533,178230,199554,233842,6901,9299,13818,33344,65547,73909,88222,17550,26002,41134,70189,112683,125645,145620
3234,SouthernEurope,925,Grenada,308,3,99,1109,543,534,638,851,2,48,585,280,269,313,412,1,51,524,263,265,325,439
3235,SouthernEurope,925,Guadeloupe,312,20,20,20,10,0,0,0,11,11,10,5,0,0,0,9,9,10,5,0,0,0
3236,SouthernEurope,925,Haiti,332,219,278,964,841,1389,1482,1885,112,111,460,360,627,683,910,107,167,504,481,762,799,975
3237,SouthernEurope,925,Jamaica,388,137,221,644,512,677,672,820,64,90,267,214,291,291,356,73,131,377,298,386,381,464
3238,SouthernEurope,925,Martinique,474,0,0,0,0,0,0,0,0,0,0,0,0,0,0,0,0,0,0,0,0,0
3239,SouthernEurope,925,Montserrat,500,2,2,2,41,83,78,78,2,2,2,19,39,34,37,0,0,0,22,44,44,41
3240,SouthernEurope,925,PuertoRico,630,18,19,20,10,0,0,0,9,10,10,5,0,0,0,9,9,10,5,0,0,0
3241,SouthernEurope,925,SaintBarthelemy,652,0,0,0,0,0,0,0,0,0,0,0,0,0,0,0,0,0,0,0,0,0
3242,SouthernEurope,925,SaintKittsandNevis,659,8,12,15,11,6,5,4,4,4,4,3,2,2,1,4,8,11,8,4,3,3
3243,SouthernEurope,925,SaintLucia,662,4,12,92,56,84,65,82,1,4,41,26,45,36,42,3,8,51,30,39,29,40
3244,SouthernEurope,925,SaintMartinFrenchpart,663,0,0,0,0,0,0,0,0,0,0,0,0,0,0,0,0,0,0,0,0,0
3245,SouthernEurope,925,SaintVincentandtheGrenadines,670,92,105,120,74,32,25,18,51,74,99,54,9,8,5,41,31,21,20,23,17,13
3246,SouthernEurope,925,SintMaartenDutchpart,534,0,0,0,0,0,0,0,0,0,0,0,0,0,0,0,0,0,0,0,0,0
3247,SouthernEurope,925,TrinidadandTobago,780,52,93,358,278,399,404,503,18,25,126,86,127,130,167,34,68,232,192,272,274,336
3248,SouthernEurope,925,TurksandCaicosIslands,796,0,0,0,0,0,0,0,0,0,0,0,0,0,0,0,0,0,0,0,0,0
3249,SouthernEurope,925,UnitedStatesVirginIslands,850,14,14,15,8,0,0,0,8,5,3,2,0,0,0,6,9,12,6,0,0,0
3250,SouthernEurope,925,Belize,84,12,18,84,56,57,96,85,6,10,44,28,25,42,42,6,8,40,28,32,54,43
3251,SouthernEurope,925,CostaRica,188,762,1105,1786,3158,4668,4853,6205,322,426,690,1303,2016,2064,2627,440,679,1096,1855,2652,2789,3578
3252,SouthernEurope,925,ElSalvador,222,1943,4494,7666,13350,19786,22347,29226,656,1367,2314,4553,6953,7732,10488,1287,3127,5352,8797,12833,14615,18738
3253,SouthernEurope,925,Guatemala,320,1131,1619,2633,5070,8607,9586,12395,407,530,862,1932,3473,3640,4609,724,1089,1771,3138,5134,5946,7786
3254,SouthernEurope,925,Honduras,340,1309,1881,3109,9304,29072,43862,102694,416,561,941,3196,8986,11623,27594,893,1320,2168,6108,20086,32239,75100
3255,SouthernEurope,925,Mexico,484,14428,16373,23335,42932,54571,57939,71596,4695,5779,9185,17672,22578,23377,28389,9733,10594,14150,25260,31993,34562,43207
3256,SouthernEurope,925,Nicaragua,558,1121,1532,2479,4059,14200,21712,44331,476,626,1026,1559,4284,5266,12087,645,906,1453,2500,9916,16446,32244
3257,SouthernEurope,925,Panama,591,1700,2054,3021,4151,5635,5558,7029,756,832,1194,1674,2290,2180,2744,944,1222,1827,2477,3345,3378,4285
3258,SouthernEurope,925,Argentina,32,75613,78421,101870,293707,364597,325123,360927,31197,34407,48131,148291,184633,162118,179059,44416,44014,53739,145416,179964,163005,181868
3259,SouthernEurope,925,BoliviaPlurinationalStateof,68,1924,3530,6201,101904,231690,166563,175821,866,1452,2554,44454,97064,64623,68214,1058,2078,3647,57450,134626,101940,107607
3260,SouthernEurope,925,Brazil,76,64256,82215,109013,229173,364408,335785,423698,20377,29322,42193,89574,143971,123919,166176,43879,52893,66820,139599,220437,211866,257522
3261,SouthernEurope,925,Chile,152,21596,22001,28511,59035,78005,67421,75496,8779,9263,12725,28473,37540,31434,34894,12817,12738,15786,30562,40465,35987,40602
3262,SouthernEurope,925,Colombia,170,22732,34639,55889,298226,416441,387345,493092,5937,10333,18435,124860,177975,157729,200771,16795,24306,37454,173366,238466,229616,292321
3263,SouthernEurope,925,Ecuador,218,4847,23167,46504,511815,587151,501128,514049,1925,8885,18229,241502,276435,228041,232336,2922,14282,28275,270313,310716,273087,281713
3264,SouthernEurope,925,FalklandIslandsMalvinas,238,0,0,0,0,0,0,0,0,0,0,0,0,0,0,0,0,0,0,0,0,0
3265,SouthernEurope,925,FrenchGuiana,254,2,3,4,2,0,0,0,2,2,2,1,0,0,0,0,1,2,1,0,0,0
3266,SouthernEurope,925,Guyana,328,31,47,212,146,201,196,228,14,14,78,46,82,73,85,17,33,134,100,119,123,143
3267,SouthernEurope,925,Paraguay,600,1038,1482,2400,18356,82869,61702,80952,416,522,836,6667,27481,17292,24682,622,960,1564,11689,55388,44410,56270
3268,SouthernEurope,925,Peru,604,32009,55796,89370,183285,313602,298401,343770,11090,19971,33140,75653,137489,124903,143071,20919,35825,56230,107632,176113,173498,200699
3269,SouthernEurope,925,Suriname,740,25,37,245,149,253,267,337,9,13,96,56,92,104,131,16,24,149,93,161,163,206
3270,SouthernEurope,925,Uruguay,858,11773,14577,22851,71112,93178,81258,89299,5556,6883,11053,36051,47150,40623,44256,6217,7694,11798,35061,46028,40635,45043
3271,SouthernEurope,925,VenezuelaBolivarianRepublicof,862,57790,66941,93478,162286,219367,233951,414052,25472,29761,43113,74177,100335,105067,187187,32318,37180,50365,88109,119032,128884,226865
3272,SouthernEurope,925,Bermuda,60,2,4,6,7,8,8,5,2,4,5,4,4,5,4,0,0,1,3,4,3,1
3273,SouthernEurope,925,Canada,124,34647,33543,34071,45339,55546,56757,63940,15748,15342,15611,20862,25471,25629,29885,18899,18201,18460,24477,30075,31128,34055
3274,SouthernEurope,925,Greenland,304,8,8,8,6,3,2,0,5,5,4,3,1,1,0,3,3,4,3,2,1,0
3275,SouthernEurope,925,SaintPierreandMiquelon,666,11,26,41,21,1,0,0,6,23,40,20,0,0,0,5,3,1,1,1,0,0
3276,SouthernEurope,925,UnitedStatesofAmerica,840,130766,105722,87385,108699,130255,130972,152380,56583,46356,39154,49585,59237,58660,70260,74183,59366,48231,59114,71018,72312,82120
3277,SouthernEurope,925,Australia,36,34881,35483,36889,45143,54521,55914,66363,16366,16364,16491,20427,24866,25419,31939,18515,19119,20398,24716,29655,30495,34424
3278,SouthernEurope,925,NewZealand,554,889,1093,1367,1856,2551,2691,3212,421,476,559,834,1208,1275,1592,468,617,808,1022,1343,1416,1620
3279,SouthernEurope,925,Fiji,242,17,26,98,71,72,71,81,8,10,46,28,26,27,30,9,16,52,43,46,44,51
3280,SouthernEurope,925,NewCaledonia,540,0,0,0,0,0,0,0,0,0,0,0,0,0,0,0,0,0,0,0,0,0
3281,SouthernEurope,925,PapuaNewGuinea,598,7,14,62,49,67,650,80,3,6,37,25,33,229,38,4,8,25,24,34,421,42
3282,SouthernEurope,925,SolomonIslands,90,7,15,24,15,3,4,7,3,6,11,6,0,0,3,4,9,13,9,3,4,4
3283,SouthernEurope,925,Vanuatu,548,4,6,8,52,94,91,91,1,2,3,37,74,71,72,3,4,5,15,20,20,19
3284,SouthernEurope,925,Guam,316,2,2,3,2,0,0,0,2,2,2,1,0,0,0,0,0,1,1,0,0,0
3285,SouthernEurope,925,Kiribati,296,21,16,11,8,5,5,3,7,4,1,1,1,2,0,14,12,10,7,4,3,3
3286,SouthernEurope,925,MarshallIslands,584,2,1,0,0,5,1,0,2,1,0,0,1,0,0,0,0,0,0,4,1,0
3287,SouthernEurope,925,MicronesiaFedStatesof,583,15,23,282,136,109,119,158,7,11,149,71,60,53,68,8,12,133,65,49,66,90
3288,SouthernEurope,925,Nauru,520,0,1,2,2,2,6,2,0,1,2,1,1,1,0,0,0,0,1,1,5,2
3289,SouthernEurope,925,NorthernMarianaIslands,580,14,9,4,2,0,0,0,8,5,2,1,0,0,0,6,4,2,1,0,0,0
3290,SouthernEurope,925,Palau,585,10,14,18,109,208,191,194,6,6,6,83,167,153,158,4,8,12,26,41,38,36
3291,SouthernEurope,925,AmericanSamoa,16,3,8,14,7,0,0,0,1,2,3,1,0,0,0,2,6,11,6,0,0,0
3292,SouthernEurope,925,CookIslands,184,5,5,5,3,0,0,0,3,3,2,1,0,0,0,2,2,3,2,0,0,0
3293,SouthernEurope,925,FrenchPolynesia,258,17,16,16,13,11,9,7,9,8,7,6,6,5,5,8,8,9,7,5,4,2
3294,SouthernEurope,925,Niue,570,0,0,0,0,0,0,0,0,0,0,0,0,0,0,0,0,0,0,0,0,0
3295,SouthernEurope,925,Samoa,882,15,44,73,301,554,502,518,7,18,29,138,260,221,244,8,26,44,163,294,281,274
3296,SouthernEurope,925,Tokelau,772,3,2,2,1,0,0,0,1,0,0,0,0,0,0,2,2,2,1,0,0,0
3297,SouthernEurope,925,Tonga,776,5,11,16,19,23,18,21,2,2,1,4,7,7,9,3,9,15,15,16,11,12
3298,SouthernEurope,925,Tuvalu,798,32,68,310,160,63,49,53,17,34,164,83,35,29,32,15,34,146,77,28,20,21
3299,SouthernEurope,925,WallisandFutunaIslands,876,884,451,26,14,1,1,0,743,373,9,5,1,0,0,141,78,17,9,0,1,0
3300,NorthernEurope,924,SubSaharanAfrica,947,481746,648720,829519,1064189,1367005,1574603,1829908,245833,324027,408433,517324,666443,744802,876151,235913,324693,421086,546865,700562,829801,953757
3301,NorthernEurope,924,NorthernAfricaandWesternAsia,1833,369243,460498,550757,696475,803159,1026032,1281913,208418,258552,308203,390357,452651,573720,715583,160825,201946,242554,306118,350508,452312,566330
3302,NorthernEurope,924,CentralandSouthernAsia,921,955864,1087913,1241249,1565012,1896303,2247701,2398039,491861,556689,630979,809396,1002862,1195648,1261690,464003,531224,610270,755616,893441,1052053,1136349
3303,NorthernEurope,924,EasternandSouthEasternAsia,1832,350174,474594,602490,742560,870281,1050012,1185220,156559,207821,260351,308679,361878,415288,464384,193615,266773,342139,433881,508403,634724,720836
3304,NorthernEurope,924,LatinAmericaandtheCaribbean,1830,290476,349688,410637,457405,493859,541580,589887,139919,163479,187224,207391,221520,234806,252972,150557,186209,223413,250014,272339,306774,336915
3305,NorthernEurope,924,OceaniaexcludingAustraliaandNewZealand,1835,948,3371,5867,7026,7465,8905,9968,561,1718,2900,3526,3818,4458,4936,387,1653,2967,3500,3647,4447,5032
3306,NorthernEurope,924,AustraliaandNewZealand,927,118861,144645,173869,180841,202489,220728,246328,54757,66929,80651,85842,104439,111149,122206,64104,77716,93218,94999,98050,109579,124122
3307,NorthernEurope,924,EuropeandNorthernAmerica,1829,3967820,3860460,3875128,4668255,5436415,6311494,7206366,1823487,1745259,1732229,2144240,2530750,2970903,3453875,2144333,2115201,2142899,2524015,2905665,3340591,3752491
3308,NorthernEurope,924,Developedregions,901,4118305,4041679,4091041,4890252,5682859,6583974,7511623,1892499,1827581,1829591,2245260,2651705,3100637,3596945,2225806,2214098,2261450,2644992,3031154,3483337,3914678
3309,NorthernEurope,924,Lessdevelopedregions,902,2416827,2988210,3598475,4491511,5394117,6397081,7236006,1228896,1496893,1781379,2221495,2692656,3150137,3554852,1187931,1491317,1817096,2270016,2701461,3246944,3681154
3310,NorthernEurope,924,Lessdevelopedregions,902,934,2123448,2583493,3076799,3798256,4534325,5293968,5946150,1071834,1285664,1513501,1867303,2258506,2592599,2904134,1051614,1297829,1563298,1930953,2275819,2701369
3311,NorthernEurope,924,Lessdevelopedregions,902,948,2307931,2811634,3351488,4211430,5083342,6010571,6810578,1174230,1409884,1660816,2086823,2542546,2977682,3360839,1133701,1401750,1690672,2124607,2540796,3032889
3312,NorthernEurope,924,Leastdevelopedcountries,941,293379,404717,521676,693255,859792,1103113,1289856,157062,211229,267878,354192,434150,557538,650718,136317,193488,253798,339063,425642,545575,639138
3313,NorthernEurope,924,LandlockedDevelopingCountriesLLDC,1636,185609,221194,268102,388994,474810,609857,700076,97756,113858,135411,194833,238215,304141,351090,87853,107336,132691,194161,236595,305716,348986
3314,NorthernEurope,924,SmallislanddevelopingStatesSIDS,1637,335094,341648,354247,360706,381830,418025,444420,161750,161584,163762,164728,172304,182179,190635,173344,180064,190485,195978,209526,235846,253785
3315,NorthernEurope,924,Highincomecountries,1503,3132057,3282135,3552080,4361905,5270258,6233136,7132615,1456474,1508681,1625084,2049710,2520805,2990060,3456406,1675583,1773454,1926996,2312195,2749453,3243076,3676209
3316,NorthernEurope,924,Middleincomecountries,1517,3258582,3518068,3820889,4577459,5248990,5873430,6466266,1586106,1695644,1823745,2193373,2547820,2816065,3103403,1672476,1822424,1997144,2384086,2701170,3057365,3362863
3317,NorthernEurope,924,Uppermiddleincomecountries,1502,1862502,1921055,1983530,2260573,2411977,2617872,2912786,876926,895347,913589,1042941,1116530,1181742,1342568,985576,1025708,1069941,1217632,1295447,1436130,1570218
3318,NorthernEurope,924,Lowermiddleincomecountries,1501,1396080,1597013,1837359,2316886,2837013,3255558,3553480,709180,800297,910156,1150432,1431290,1634323,1760835,686900,796716,927203,1166454,1405723,1621235,1792645
3319,NorthernEurope,924,Lowincomecountries,1500,142437,221690,302469,430382,545049,859279,1131617,77671,116679,156301,218566,270204,438249,584875,64766,105011,146168,211816,274845,421030,546742
3320,NorthernEurope,924,EasternAfrica,910,307072,378977,456553,556612,719518,872893,1010801,159394,191348,225666,267262,341274,401802,464967,147678,187629,230887,289350,378244,471091,545834
3321,NorthernEurope,924,MiddleAfrica,911,5303,15614,26709,45576,52298,63560,74790,3106,8061,13419,21925,25709,30181,35257,2197,7553,13290,23651,26589,33379,39533
3322,NorthernEurope,924,NorthernAfrica,912,64811,81536,99296,124410,137138,168395,200986,38791,48930,59501,74520,82422,99131,117321,26020,32606,39795,49890,54716,69264,83665
3323,NorthernEurope,924,SouthernAfrica,913,72713,109854,150075,177615,242491,229140,276484,34023,52055,71526,85214,122484,106651,139081,38690,57799,78549,92401,120007,122489,137403
3324,NorthernEurope,924,WesternAfrica,914,96658,144275,196182,284386,352698,409010,467833,49310,72563,97822,142923,176976,206168,236846,47348,71712,98360,141463,175722,202842,230987
3325,NorthernEurope,924,CentralAsia,5500,38725,31909,33388,38217,38119,38968,42629,19398,15445,15517,17394,16842,16952,19068,19327,16464,17871,20823,21277,22016,23561
3326,NorthernEurope,924,EasternAsia,906,161776,242612,326327,365470,401358,491231,544672,76624,113475,151599,167235,185406,212196,239061,85152,129137,174728,198235,215952,279035,305611
3327,NorthernEurope,924,SouthEasternAsia,920,188398,231982,276163,377090,468923,558781,640548,79935,94346,108752,141444,176472,203092,225323,108463,137636,167411,235646,292451,355689,415225
3328,NorthernEurope,924,SouthernAsia,5501,917139,1056004,1207861,1526795,1858184,2208733,2355410,472463,541244,615462,792002,986020,1178696,1242622,444676,514760,592399,734793,872164,1030037,1112788
3329,NorthernEurope,924,WesternAsia,922,304432,378962,451461,572065,666021,857637,1080927,169627,209622,248702,315837,370229,474589,598262,134805,169340,202759,256228,295792,383048,482665
3330,NorthernEurope,924,EasternEurope,923,1456135,1259299,1090507,1529268,1932685,2403221,2804341,665913,554767,458285,683171,906858,1120800,1343355,790222,704532,632222,846097,1025827,1282421,1460986
3331,NorthernEurope,924,NorthernEurope,924,1397623,1372966,1426435,1586970,1719876,1885586,2037623,645174,622658,643703,731260,793017,881994,959564,752449,750308,782732,855710,926859,1003592,1078059
3332,NorthernEurope,924,SouthernEurope,925,319200,384633,446082,552320,634517,788876,1036509,160832,193314,223638,277948,314610,391505,547531,158368,191319,222444,274372,319907,397371,488978
3333,NorthernEurope,924,WesternEurope,926,456425,524000,601177,661371,770507,829519,912528,187820,221959,260073,293840,349086,387310,415698,268605,302041,341104,367531,421421,442209,496830
3334,NorthernEurope,924,Caribbean,915,188868,214725,244318,240782,253482,265394,271966,91134,100611,111487,108217,110478,110896,110900,97734,114114,132831,132565,143004,154498,161066
3335,NorthernEurope,924,CentralAmerica,916,7648,12237,16753,21197,23757,28321,33792,3710,5604,7423,9493,10800,12589,14958,3938,6633,9330,11704,12957,15732,18834
3336,NorthernEurope,924,SouthAmerica,931,93960,122726,149566,195426,216620,247865,284129,45075,57264,68314,89681,100242,111321,127114,48885,65462,81252,105745,116378,136544,157015
3337,NorthernEurope,924,Melanesia,928,801,2925,5108,6243,6615,7890,8868,481,1490,2523,3134,3387,3945,4382,320,1435,2585,3109,3228,3945,4486
3338,NorthernEurope,924,Micronesia,954,29,102,184,183,200,238,257,17,49,84,75,87,100,104,12,53,100,108,113,138,153
3339,NorthernEurope,924,Polynesia,957,118,344,575,600,650,777,843,63,179,293,317,344,413,450,55,165,282,283,306,364,393
3340,NorthernEurope,924,Burundi,108,382,1349,2397,5155,7135,8151,9407,220,644,1109,2365,3295,3675,4246,162,705,1288,2790,3840,4476,5161
3341,NorthernEurope,924,Comoros,174,33,61,87,121,131,146,154,23,34,44,55,60,62,65,10,27,43,66,71,84,89
3342,NorthernEurope,924,Djibouti,262,97,204,320,426,492,773,999,50,95,144,181,212,338,427,47,109,176,245,280,435,572
3343,NorthernEurope,924,Eritrea,232,3412,6589,10057,18489,25842,60621,88815,1871,3324,4917,9095,12753,32258,49060,1541,3265,5140,9394,13089,28363,39755
3344,NorthernEurope,924,Ethiopia,231,12927,18917,23874,27525,32729,41085,51064,7303,10176,12522,13883,16647,20229,25189,5624,8741,11352,13642,16082,20856,25875
3345,NorthernEurope,924,Kenya,404,112018,119568,129197,129584,152942,140673,150449,57593,60719,64767,63439,77276,65585,69336,54425,58849,64430,66145,75666,75088,81113
3346,NorthernEurope,924,Madagascar,450,521,894,1250,1408,1499,1734,1947,266,383,497,535,581,647,711,255,511,753,873,918,1087,1236
3347,NorthernEurope,924,Malawi,454,10568,11237,12125,13618,14428,17268,19529,5482,5714,6047,6604,7138,8290,9288,5086,5523,6078,7014,7290,8978,10241
3348,NorthernEurope,924,Mauritius,480,23305,24924,27041,34229,37265,43986,49702,12212,12878,13780,17266,19149,21970,24620,11093,12046,13261,16963,18116,22016,25082
3349,NorthernEurope,924,Mayotte,175,0,0,0,0,1,0,0,0,0,0,0,1,0,0,0,0,0,0,0,0,0
3350,NorthernEurope,924,Mozambique,508,726,2187,3693,4869,5245,6248,7011,395,1039,1696,2207,2438,2817,3146,331,1148,1997,2662,2807,3431,3865
3351,NorthernEurope,924,Reunion,638,6,10,15,13,14,14,15,4,8,12,10,11,12,14,2,2,3,3,3,2,1
3352,NorthernEurope,924,Rwanda,646,454,1566,2803,4154,4762,5988,6931,255,730,1257,1877,2174,2690,3101,199,836,1546,2277,2588,3298,3830
3353,NorthernEurope,924,Seychelles,690,2948,2895,2890,3096,3273,3907,4398,1254,1184,1130,1212,1323,1515,1676,1694,1711,1760,1884,1950,2392,2722
3354,NorthernEurope,924,Somalia,706,18383,47513,77311,113476,178436,236847,273990,10451,24213,38195,54110,77184,101443,116540,7932,23300,39116,59366,101252,135404,157450
3355,NorthernEurope,924,SouthSudan,728,1,1,2,2,2,81,294,0,0,1,2,2,46,152,1,1,1,0,0,35,142
3356,NorthernEurope,924,Uganda,800,52082,54346,57376,58058,61768,74418,85090,27258,27923,28913,28362,30729,36010,40831,24824,26423,28463,29696,31039,38408,44259
3357,NorthernEurope,924,UnitedRepublicofTanzania,834,30582,32026,34000,34700,37070,44197,49815,16010,16539,17298,17193,18719,21751,24298,14572,15487,16702,17507,18351,22446,25517
3358,NorthernEurope,924,Zambia,894,17152,19395,22048,24667,26305,31431,35663,8523,9335,10309,11259,12242,14149,15912,8629,10060,11739,13408,14063,17282,19751
3359,NorthernEurope,924,Zimbabwe,716,21475,35295,50067,83022,130179,155325,175528,10224,16410,23028,37607,59340,68315,76355,11251,18885,27039,45415,70839,87010,99173
3360,NorthernEurope,924,Angola,24,1350,4084,7033,11181,12043,14234,15992,762,2058,3469,5327,5844,6724,7482,588,2026,3564,5854,6199,7510,8510
3361,NorthernEurope,924,Cameroon,120,762,2309,3999,8194,9746,11678,13805,457,1192,2005,4268,5283,6043,7069,305,1117,1994,3926,4463,5635,6736
3362,NorthernEurope,924,CentralAfricanRepublic,140,53,187,325,290,335,429,535,27,72,118,110,136,175,229,26,115,207,180,199,254,306
3363,NorthernEurope,924,Chad,148,58,145,232,326,364,428,558,49,113,175,219,248,281,352,9,32,57,107,116,147,206
3364,NorthernEurope,924,Congo,178,920,2763,4998,9111,9835,11294,12568,511,1368,2439,4243,4569,5090,5627,409,1395,2559,4868,5266,6204,6941
3365,NorthernEurope,924,DemocraticRepublicoftheCongo,180,2102,5949,9821,15545,18964,24247,29908,1266,3180,5090,7399,9225,11383,13964,836,2769,4731,8146,9739,12864,15944
3366,NorthernEurope,924,EquatorialGuinea,226,15,40,65,192,216,282,331,6,17,26,70,80,103,115,9,23,39,122,136,179,216
3367,NorthernEurope,924,Gabon,266,26,82,142,247,277,342,393,18,42,68,107,123,150,167,8,40,74,140,154,192,226
3368,NorthernEurope,924,SaoTomeandPrincipe,678,17,55,94,490,518,626,700,10,19,29,182,201,232,252,7,36,65,308,317,394,448
3369,NorthernEurope,924,Algeria,12,6250,10384,14735,21461,23040,27104,30934,4293,7262,10362,14566,15676,18156,20606,1957,3122,4373,6895,7364,8948,10328
3370,NorthernEurope,924,Egypt,818,25492,26847,28627,31490,34271,42762,50977,14001,14949,16104,18304,20263,24923,29622,11491,11898,12523,13186,14008,17839,21355
3371,NorthernEurope,924,Libya,434,7004,8391,10025,13415,14741,18391,22437,4077,4873,5802,7777,8757,10741,12956,2927,3518,4223,5638,5984,7650,9481
3372,NorthernEurope,924,Morocco,504,18271,22331,26311,32428,35717,41899,49043,11178,13274,15226,18035,19631,22268,25738,7093,9057,11085,14393,16086,19631,23305
3373,NorthernEurope,924,Sudan,729,2302,7109,12265,16194,18677,25536,32658,1478,4095,6920,9313,10785,14491,18507,824,3014,5345,6881,7892,11045,14151
3374,NorthernEurope,924,Tunisia,788,5492,6473,7331,9415,10691,12659,14907,3764,4476,5085,6518,7309,8513,9866,1728,1997,2246,2897,3382,4146,5041
3375,NorthernEurope,924,WesternSahara,732,0,1,2,7,1,44,30,0,1,2,7,1,39,26,0,0,0,0,0,5,4
3376,NorthernEurope,924,Botswana,72,2078,2121,2263,2770,2930,3468,3912,1130,1120,1165,1355,1456,1669,1867,948,1001,1098,1415,1474,1799,2045
3377,NorthernEurope,924,Eswatini,748,171,533,909,1165,1248,1490,1666,102,265,436,532,590,682,755,69,268,473,633,658,808,911
3378,NorthernEurope,924,Lesotho,426,99,255,426,623,655,800,899,44,102,167,245,264,318,357,55,153,259,378,391,482,542
3379,NorthernEurope,924,Namibia,516,306,838,1405,2012,2160,2594,3015,172,416,680,932,1022,1193,1362,134,422,725,1080,1138,1401,1653
3380,NorthernEurope,924,SouthAfrica,710,70059,106107,145072,171045,235498,220788,266992,32575,50152,69078,82150,119152,102789,134740,37484,55955,75994,88895,116346,117999,132252
3381,NorthernEurope,924,Benin,204,81,193,328,525,592,721,815,55,107,173,282,330,397,443,26,86,155,243,262,324,372
3382,NorthernEurope,924,BurkinaFaso,854,61,111,172,266,311,425,494,44,70,107,155,178,249,291,17,41,65,111,133,176,203
3383,NorthernEurope,924,CaboVerde,132,467,667,912,1349,1541,1723,1923,242,328,447,631,734,810,899,225,339,465,718,807,913,1024
3384,NorthernEurope,924,CotedIvoire,384,817,2206,3643,6157,6803,8171,9325,553,1308,2077,3172,3535,4093,4612,264,898,1566,2985,3268,4078,4713
3385,NorthernEurope,924,Gambia,270,4160,6051,7809,11728,13053,15910,18439,2576,3618,4562,6639,7446,8947,10477,1584,2433,3247,5089,5607,6963,7962
3386,NorthernEurope,924,Ghana,288,33951,45844,58104,75027,103324,124320,141349,16901,22587,28344,36363,54582,64115,72390,17050,23257,29760,38664,48742,60205,68959
3387,NorthernEurope,924,Guinea,324,193,352,525,1623,1934,2555,2976,128,210,300,910,1108,1454,1674,65,142,225,713,826,1101,1302
3388,NorthernEurope,924,GuineaBissau,624,132,316,500,1429,1531,1890,2161,87,184,278,726,797,961,1098,45,132,222,703,734,929,1063
3389,NorthernEurope,924,Liberia,430,798,1609,2417,4273,4594,5193,5747,428,874,1319,2291,2475,2773,3076,370,735,1098,1982,2119,2420,2671
3390,NorthernEurope,924,Mali,466,77,163,251,400,411,571,682,62,107,156,239,238,329,395,15,56,95,161,173,242,287
3391,NorthernEurope,924,Mauritania,478,27,59,96,190,227,324,378,23,44,64,124,153,230,260,4,15,32,66,74,94,118
3392,NorthernEurope,924,Niger,562,57,154,284,354,370,428,502,33,80,136,188,202,235,279,24,74,148,166,168,193,223
3393,NorthernEurope,924,Nigeria,566,48002,71321,98156,154536,189516,212629,244284,24224,35772,49095,78726,91482,105560,122853,23778,35549,49061,75810,98034,107069,121431
3394,NorthernEurope,924,SaintHelena,654,481,1892,3337,2849,3010,3600,4058,256,766,1286,1127,1228,1406,1562,225,1126,2051,1722,1782,2194,2496
3395,NorthernEurope,924,Senegal,686,373,754,1147,1894,2250,2935,3537,239,449,665,1087,1323,1761,2155,134,305,482,807,927,1174,1382
3396,NorthernEurope,924,SierraLeone,694,6612,11891,17430,20181,21487,25569,28852,3203,5616,8147,9318,10135,11661,13040,3409,6275,9283,10863,11352,13908,15812
3397,NorthernEurope,924,Togo,768,369,692,1071,1605,1744,2046,2311,256,443,666,945,1030,1187,1342,113,249,405,660,714,859,969
3398,NorthernEurope,924,Kazakhstan,398,21597,19542,20534,22477,21684,21038,21846,10815,9435,9543,10165,9411,8860,9278,10782,10107,10991,12312,12273,12178,12568
3399,NorthernEurope,924,Kyrgyzstan,417,2781,2665,2627,3189,3347,3634,4094,1361,1248,1174,1355,1378,1459,1658,1420,1417,1453,1834,1969,2175,2436
3400,NorthernEurope,924,Tajikistan,762,2552,1881,1902,2100,2093,2028,2280,1336,952,949,1036,997,952,1100,1216,929,953,1064,1096,1076,1180
3401,NorthernEurope,924,Turkmenistan,795,4421,1750,1844,2159,2067,1990,2031,2013,799,829,939,863,804,804,2408,951,1015,1220,1204,1186,1227
3402,NorthernEurope,924,Uzbekistan,860,7374,6071,6481,8292,8928,10278,12378,3873,3011,3022,3899,4193,4877,6228,3501,3060,3459,4393,4735,5401,6150
3403,NorthernEurope,924,China,156,34757,101283,169197,189396,217052,274660,299144,16172,48329,81074,88332,101415,115887,130711,18585,52954,88123,101064,115637,158773,168433
3404,NorthernEurope,924,China,156,344,74117,75268,77762,90624,93723,111850,126284,38479,38666,39475,46300,48695,56568,63302,35638,36602,38287,44324,45028,55282
3405,NorthernEurope,924,China,156,446,22,25,28,61,0,0,0,15,14,14,40,0,0,0,7,11,14,21,0,0
3406,NorthernEurope,924,China,156,158,0,0,0,0,0,0,0,0,0,0,0,0,0,0,0,0,0,0,0,0
3407,NorthernEurope,924,DemPeoplesRepublicofKorea,408,465,472,518,8559,9043,10736,12085,210,216,241,3631,3939,4496,4992,255,256,277,4928,5104,6240,7093
3408,NorthernEurope,924,Japan,392,31624,36574,42044,41156,43955,51752,58929,14255,15393,16711,15178,16516,18585,20864,17369,21181,25333,25978,27439,33167,38065
3409,NorthernEurope,924,Mongolia,496,333,656,1050,1826,2252,4229,6383,146,272,432,696,829,1620,2599,187,384,618,1130,1423,2609,3784
3410,NorthernEurope,924,RepublicofKorea,410,20458,28334,35728,33848,35333,38004,41847,7347,10585,13652,13058,14012,15040,16593,13111,17749,22076,20790,21321,22964,25254
3411,NorthernEurope,924,BruneiDarussalam,96,415,1560,2736,3784,3999,4787,5397,249,773,1305,1754,1897,2201,2451,166,787,1431,2030,2102,2586,2946
3412,NorthernEurope,924,Cambodia,116,573,1012,1403,1819,2146,2591,3074,287,471,625,770,900,1038,1198,286,541,778,1049,1246,1553,1876
3413,NorthernEurope,924,Indonesia,360,3185,6403,9667,11633,12929,15193,17715,1645,2845,4056,4575,5096,5647,6527,1540,3558,5611,7058,7833,9546,11188
3414,NorthernEurope,924,LaoPeoplesDemocraticRepublic,418,428,697,930,1077,1196,1379,1547,220,337,434,445,478,504,543,208,360,496,632,718,875,1004
3415,NorthernEurope,924,Malaysia,458,44314,47700,52307,61006,65400,77520,87696,20216,21393,23118,26937,29412,33614,37580,24098,26307,29189,34069,35988,43906,50116
3416,NorthernEurope,924,Myanmar,104,10549,10172,9961,12357,16599,20309,22376,4969,4802,4700,5978,8307,9817,10679,5580,5370,5261,6379,8292,10492,11697
3417,NorthernEurope,924,Philippines,608,32365,46183,61460,113820,165276,193441,218318,8497,12159,16580,36129,56741,65926,68867,23868,34024,44880,77691,108535,127515,149451
3418,NorthernEurope,924,Singapore,702,34304,37186,40700,39952,42583,50799,57622,16280,17630,19219,18448,20088,23204,26045,18024,19556,21481,21504,22495,27595,31577
3419,NorthernEurope,924,Thailand,764,19176,28603,37961,66944,88955,112665,133112,5173,7450,9647,15643,20570,24540,28968,14003,21153,28314,51301,68385,88125,104144
3420,NorthernEurope,924,TimorLeste,626,331,1302,2298,1961,2085,2493,2802,249,885,1536,1321,1418,1677,1874,82,417,762,640,667,816,928
3421,NorthernEurope,924,VietNam,704,42758,51164,56740,62737,67755,77604,90889,22150,25601,27532,29444,31565,34924,40591,20608,25563,29208,33293,36190,42680,50298
3422,NorthernEurope,924,Afghanistan,4,6145,14447,22765,57743,71934,129468,143086,3883,8956,14075,34455,43236,77767,89105,2262,5491,8690,23288,28698,51701,53981
3423,NorthernEurope,924,Bangladesh,50,105761,129103,154677,178027,220818,229971,262335,56318,67109,78962,92613,115178,122944,136410,49443,61994,75715,85414,105640,107027,125925
3424,NorthernEurope,924,Bhutan,64,31,77,128,438,795,1341,1388,27,59,88,268,437,709,738,4,18,40,170,358,632,650
3425,NorthernEurope,924,India,356,416717,444407,480093,590514,740079,876368,933502,202792,214743,230288,292271,380974,449745,472128,213925,229664,249805,298243,359105,426623,461374
3426,NorthernEurope,924,IranIslamicRepublicof,364,85633,101942,114878,139598,151044,176437,207005,49867,58440,64925,78888,85079,97704,114827,35766,43502,49953,60710,65965,78733,92178
3427,NorthernEurope,924,Maldives,462,37,119,203,285,303,361,410,22,60,96,143,154,181,204,15,59,107,142,149,180,206
3428,NorthernEurope,924,Nepal,524,1089,3684,6435,28324,31374,40617,49104,770,2482,4289,16306,18481,23395,27777,319,1202,2146,12018,12893,17222,21327
3429,NorthernEurope,924,Pakistan,586,248663,292038,341139,417906,508071,587200,603396,129611,150818,174805,216377,271194,318386,320120,119052,141220,166334,201529,236877,268814,283276
3430,NorthernEurope,924,SriLanka,144,53063,70187,87543,113960,133766,166970,155184,29173,38577,47934,60681,71287,87865,81313,23890,31610,39609,53279,62479,79105,73871
3431,NorthernEurope,924,Armenia,51,3846,3962,3837,5021,5806,6755,7841,2356,2377,2231,2749,3107,3418,3862,1490,1585,1606,2272,2699,3337,3979
3432,NorthernEurope,924,Azerbaijan,31,6124,6399,6847,8389,9411,10012,11276,3992,3967,4050,4678,5027,5171,5833,2132,2432,2797,3711,4384,4841,5443
3433,NorthernEurope,924,Bahrain,48,716,2486,4314,4881,5135,6145,6949,437,1296,2182,2494,2670,3114,3493,279,1190,2132,2387,2465,3031,3456
3434,NorthernEurope,924,Cyprus,196,76899,75840,76038,73271,77483,76460,63115,39925,38980,38587,36744,39636,35185,28412,36974,36860,37451,36527,37847,41275,34703
3435,NorthernEurope,924,Georgia,268,5231,5055,5586,6977,7156,7823,8988,2924,2758,3016,3651,3663,3938,4468,2307,2297,2570,3326,3493,3885,4520
3436,NorthernEurope,924,Iraq,368,57415,80794,103710,159712,218108,251523,283109,33691,47415,60992,92227,124374,142513,160659,23724,33379,42718,67485,93734,109010,122450
3437,NorthernEurope,924,Israel,376,15060,15365,15714,18999,20467,23546,26686,8200,8397,8579,10432,11343,12709,14254,6860,6968,7135,8567,9124,10837,12432
3438,NorthernEurope,924,Jordan,400,4018,4713,5413,7203,8723,10779,13372,2514,2894,3281,4324,5302,6413,7782,1504,1819,2132,2879,3421,4366,5590
3439,NorthernEurope,924,Kuwait,414,1632,4748,7894,11429,12511,15081,18467,978,2634,4297,6538,7262,8601,10507,654,2114,3597,4891,5249,6480,7960
3440,NorthernEurope,924,Lebanon,422,33150,39548,44295,47959,50976,54867,63071,19198,22432,24690,26758,28569,30527,34926,13952,17116,19605,21201,22407,24340,28145
3441,NorthernEurope,924,Oman,512,308,1162,2061,2524,2672,3230,3659,209,714,1241,1424,1530,1821,2038,99,448,820,1100,1142,1409,1621
3442,NorthernEurope,924,Qatar,634,182,645,1138,1815,1959,2444,3007,111,346,599,1058,1155,1412,1706,71,299,539,757,804,1032,1301
3443,NorthernEurope,924,SaudiArabia,682,5038,7586,10399,21683,23389,29203,36573,2661,4049,5570,12250,13360,16380,20359,2377,3537,4829,9433,10029,12823,16214
3444,NorthernEurope,924,StateofPalestine,275,866,1012,1146,4022,5972,8375,11722,550,634,714,2405,3764,4958,7039,316,378,432,1617,2208,3417,4683
3445,NorthernEurope,924,SyrianArabRepublic,760,14705,18096,20394,25905,30074,139075,279828,7696,9372,10503,13619,15968,81658,159306,7009,8724,9891,12286,14106,57417,120522
3446,NorthernEurope,924,Turkey,792,76082,100775,124052,148735,160711,180265,203288,42125,55073,67533,81397,89148,99033,111569,33957,45702,56519,67338,71563,81232,91719
3447,NorthernEurope,924,UnitedArabEmirates,784,1183,3600,6133,8946,9743,12374,16242,742,2058,3439,5023,5520,6898,9007,441,1542,2694,3923,4223,5476,7235
3448,NorthernEurope,924,Yemen,887,1977,7176,12490,14594,15725,19680,23734,1318,4226,7198,8066,8831,10840,13042,659,2950,5292,6528,6894,8840,10692
3449,NorthernEurope,924,Belarus,112,165553,161609,150981,138455,115669,101830,96867,72710,68505,61150,54934,42456,36098,37561,92843,93104,89831,83521,73213,65732,59306
3450,NorthernEurope,924,Bulgaria,100,5912,8823,11796,34274,40727,91301,136377,3037,4291,5525,16675,20569,45453,66676,2875,4532,6271,17599,20158,45848,69701
3451,NorthernEurope,924,Czechia,203,9794,12732,16864,31427,34746,54811,60793,4393,4951,6093,12959,14832,22477,22454,5401,7781,10771,18468,19914,32334,38339
3452,NorthernEurope,924,Hungary,348,27075,30370,33315,54519,61654,115706,122727,15002,16037,16871,27527,31437,60676,60369,12073,14333,16444,26992,30217,55030,62358
3453,NorthernEurope,924,Poland,616,155528,157232,164540,504440,821872,1153864,1249981,73472,70136,70833,248145,426553,570333,624027,82056,87096,93707,256295,395319,583531,625954
3454,NorthernEurope,924,RepublicofMoldova,498,5229,5318,6207,9089,10194,11199,14376,3030,2904,3218,4601,4988,5315,7206,2199,2414,2989,4488,5206,5884,7170
3455,NorthernEurope,924,Romania,642,18475,23170,28520,75445,223863,250802,498607,8918,10857,13212,36883,115350,130508,262873,9557,12313,15308,38562,108513,120294,235734
3456,NorthernEurope,924,RussianFederation,643,928353,734520,553311,522335,462395,415845,394208,411671,313513,220584,205110,174046,153944,147930,516682,421007,332727,317225,288349,261901,246278
3457,NorthernEurope,924,Slovakia,703,2182,5873,10934,42327,49069,95473,95499,1052,2041,3753,19898,24111,45044,47036,1130,3832,7181,22429,24958,50429,48463
3458,NorthernEurope,924,Ukraine,804,138034,119652,114039,116957,112496,112390,134906,72628,61532,57046,56439,52516,50952,67223,65406,58120,56993,60518,59980,61438,67683
3459,NorthernEurope,924,ChannelIslands,830,18623,15542,12721,14741,15571,16342,17010,8718,7447,6281,7142,7702,8249,8782,9905,8095,6440,7599,7869,8093,8228
3460,NorthernEurope,924,Denmark,208,71414,78031,84163,91289,97607,101010,104215,34153,37180,40352,45216,49145,49896,51766,37261,40851,43811,46073,48462,51114,52449
3461,NorthernEurope,924,Estonia,233,12010,19442,26253,39635,47099,77705,83817,5524,8789,11757,17492,20972,34756,37675,6486,10653,14496,22143,26127,42949,46142
3462,NorthernEurope,924,FaroeIslands,234,7233,9700,12117,12249,12060,13081,12620,2774,3891,5028,5023,4961,5482,5269,4459,5809,7089,7226,7099,7599,7351
3463,NorthernEurope,924,Finland,246,168268,200419,219177,206525,197641,182366,191532,70521,82946,89648,83163,78629,69538,75758,97747,117473,129529,123362,119012,112828,115774
3464,NorthernEurope,924,Iceland,352,8763,11617,15136,16932,19993,23583,25407,4300,5680,7396,8283,9918,11649,12316,4463,5937,7740,8649,10075,11934,13091
3465,NorthernEurope,924,Ireland,372,617577,565109,522071,471386,410817,403240,385916,283715,254905,229551,207395,182193,178583,174116,333862,310204,292520,263991,228624,224657,211800
3466,NorthernEurope,924,IsleofMan,833,9974,8238,6642,7702,8131,9738,10983,4703,3975,3304,3764,4059,4718,5268,5271,4263,3338,3938,4072,5020,5715
3467,NorthernEurope,924,Latvia,428,20963,25018,29326,65279,75365,158958,151811,10208,12032,14059,30258,34483,74662,73155,10755,12986,15267,35021,40882,84296,78656
3468,NorthernEurope,924,Lithuania,440,23772,36140,52335,115479,221875,254417,323908,11396,16312,23290,53458,102466,121161,148579,12376,19828,29045,62021,119409,133256,175329
3469,NorthernEurope,924,Norway,578,56348,67023,74676,79806,81499,82642,91071,22949,27303,30394,33499,34860,34986,39334,33399,39720,44282,46307,46639,47656,51737
3470,NorthernEurope,924,Sweden,752,74840,84347,101939,110939,124852,127794,148124,33048,37324,45919,50536,57935,60994,68810,41792,47023,56020,60403,66917,66800,79314
3471,NorthernEurope,924,UnitedKingdom,826,307838,252340,269879,355008,407366,434710,491209,153165,124874,136724,186031,205694,227320,258736,154673,127466,133155,168977,201672,207390,232473
3472,NorthernEurope,924,Albania,8,546,1851,3242,8964,10079,13317,20271,306,1108,1972,5580,6291,8180,12217,240,743,1270,3384,3788,5137,8054
3473,NorthernEurope,924,Andorra,20,8,18,32,46,54,71,80,7,12,17,24,28,38,40,1,6,15,22,26,33,40
3474,NorthernEurope,924,BosniaandHerzegovina,70,58852,79641,89382,93439,95226,95105,103445,30015,39929,44315,46041,46847,46294,50742,28837,39712,45067,47398,48379,48811,52703
3475,NorthernEurope,924,Croatia,191,6624,10146,14702,17011,17991,18498,28898,3703,5089,7056,8069,8500,9782,14686,2921,5057,7646,8942,9491,8716,14212
3476,NorthernEurope,924,Gibraltar,292,11222,9299,7545,8747,9235,11043,12454,5299,4490,3751,4273,4606,5340,5963,5923,4809,3794,4474,4629,5703,6491
3477,NorthernEurope,924,Greece,300,24770,36170,47256,46934,49925,74625,104802,13927,20503,26862,26464,28396,40202,64530,10843,15667,20394,20470,21529,34423,40272
3478,NorthernEurope,924,HolySee,336,0,0,0,0,2,2,0,0,0,0,0,1,1,0,0,0,0,0,1,1,0
3479,NorthernEurope,924,Italy,380,98988,108073,119522,134873,136729,185021,297348,51058,56265,62642,71830,72782,97853,165681,47930,51808,56880,63043,63947,87168,131667
3480,NorthernEurope,924,Malta,470,30817,29921,29575,28105,29767,28001,30588,14771,14336,14135,13366,14465,14374,15568,16046,15585,15440,14739,15302,13627,15020
3481,NorthernEurope,924,Montenegro,499,2097,2380,2670,1838,1583,2474,3251,1135,1261,1390,942,817,1249,1636,962,1119,1280,896,766,1225,1615
3482,NorthernEurope,924,NorthMacedonia,807,3487,4610,6235,9887,11923,14680,19109,1858,2338,3102,5041,6076,7452,9782,1629,2272,3133,4846,5847,7228,9327
3483,NorthernEurope,924,Portugal,620,25982,34572,43972,74232,151036,155056,171693,12343,16680,21366,36763,69521,71751,89595,13639,17892,22606,37469,81515,83305,82098
3484,NorthernEurope,924,SanMarino,674,8,7,6,6,10,12,10,5,4,4,3,5,4,3,3,3,2,3,5,8,7
3485,NorthernEurope,924,Serbia,688,7615,9855,12169,41679,25987,30369,44641,4247,5151,6090,20468,13050,15238,22392,3368,4704,6079,21211,12937,15131,22249
3486,NorthernEurope,924,Slovenia,705,947,1515,2104,2830,3292,5700,6458,533,723,916,1251,1507,3119,2750,414,792,1188,1579,1785,2581,3708
3487,NorthernEurope,924,Spain,724,47237,56575,67670,83729,91678,154902,193461,21625,25425,30020,37833,41718,70628,91946,25612,31150,37650,45896,49960,84274,101515
3488,NorthernEurope,924,Austria,40,27677,27948,28331,28124,29853,30758,32834,9510,10194,10843,11189,12035,14249,15406,18167,17754,17488,16935,17818,16509,17428
3489,NorthernEurope,924,Belgium,56,19200,22038,25389,28327,31120,32602,42255,7115,8853,10788,12734,14334,15891,20329,12085,13185,14601,15593,16786,16711,21926
3490,NorthernEurope,924,France,250,65365,87798,113133,135900,168640,188328,216724,25839,36376,48073,60838,80158,88276,97598,39526,51422,65060,75062,88482,100052,119126
3491,NorthernEurope,924,Germany,276,285357,317301,353483,372080,432110,443629,460173,119790,135454,152911,162657,189315,203002,209032,165567,181847,200572,209423,242795,240627,251141
3492,NorthernEurope,924,Liechtenstein,438,20,34,49,51,77,85,82,13,14,16,19,30,35,30,7,20,33,32,47,50,52
3493,NorthernEurope,924,Luxembourg,442,999,1373,1788,2328,2664,3337,4972,450,659,884,1137,1328,890,2542,549,714,904,1191,1336,2447,2430
3494,NorthernEurope,924,Monaco,492,78,162,248,332,365,451,501,58,98,137,192,210,253,278,20,64,111,140,155,198,223
3495,NorthernEurope,924,Netherlands,528,40348,47554,56178,69723,79198,99408,119532,18263,22205,26855,34360,39792,51321,55177,22085,25349,29323,35363,39406,48087,64355
3496,NorthernEurope,924,Switzerland,756,17381,19792,22578,24506,26480,30921,35455,6782,8106,9566,10714,11884,13393,15306,10599,11686,13012,13792,14596,17528,20149
3497,NorthernEurope,924,Anguilla,660,99,384,677,574,600,718,807,60,189,320,276,294,342,381,39,195,357,298,306,376,426
3498,NorthernEurope,924,AntiguaandBarbuda,28,549,2144,3773,3523,3724,4457,5026,322,1008,1703,1583,1717,1984,2211,227,1136,2070,1940,2007,2473,2815
3499,NorthernEurope,924,Aruba,533,118,445,781,671,720,864,959,68,199,333,293,329,382,414,50,246,448,378,391,482,545
3500,NorthernEurope,924,Bahamas,44,281,1030,1804,1802,1902,2274,2559,168,505,854,849,917,1063,1179,113,525,950,953,985,1211,1380
3501,NorthernEurope,924,Barbados,52,21851,21284,21070,18856,19907,23789,26847,10831,10473,10255,9128,9845,11407,12739,11020,10811,10815,9728,10062,12382,14108
3502,NorthernEurope,924,Bonaire,16,535,0,0,0,0,0,1,0,0,0,0,0,0,0,0,0,0,0,0,0,1
3503,NorthernEurope,924,BritishVirginIslands,92,47,189,337,287,306,367,409,26,83,140,122,134,157,170,21,106,197,165,172,210,239
3504,NorthernEurope,924,CaymanIslands,136,155,604,1072,920,964,1153,1295,87,267,455,401,428,495,548,68,337,617,519,536,658,747
3505,NorthernEurope,924,Cuba,192,1464,2305,3217,4666,5624,6723,7797,856,1265,1672,2322,2767,3258,3816,608,1040,1545,2344,2857,3465,3981
3506,NorthernEurope,924,CuraÃao,531,0,0,0,0,0,1,0,0,0,0,0,0,0,0,0,0,0,0,0,1,0
3507,NorthernEurope,924,Dominica,212,981,3749,6576,6109,6463,7720,8717,588,1851,3136,2857,3095,3574,3997,393,1898,3440,3252,3368,4146,4720
3508,NorthernEurope,924,DominicanRepublic,214,366,728,1113,1859,2286,2934,3577,178,329,491,861,1066,1356,1664,188,399,622,998,1220,1578,1913
3509,NorthernEurope,924,Grenada,308,1403,5417,9524,8874,9365,11214,12639,840,2624,4446,4104,4427,5123,5707,563,2793,5078,4770,4938,6091,6932
3510,NorthernEurope,924,Guadeloupe,312,8,4,0,0,0,0,0,6,3,0,0,0,0,0,2,1,0,0,0,0,0
3511,NorthernEurope,924,Haiti,332,163,290,410,513,559,624,703,90,149,207,267,289,305,342,73,141,203,246,270,319,361
3512,NorthernEurope,924,Jamaica,388,139218,139493,142136,142283,148430,139729,129790,67195,65868,65458,63957,62182,55073,48371,72023,73625,76678,78326,86248,84656,81419
3513,NorthernEurope,924,Martinique,474,8,4,0,0,0,0,0,4,2,0,0,0,0,0,4,2,0,0,0,0,0
3514,NorthernEurope,924,Montserrat,500,1290,5070,8937,7626,8051,9635,10876,723,2231,3769,3291,3568,4109,4583,567,2839,5168,4335,4483,5526,6293
3515,NorthernEurope,924,PuertoRico,630,5,4,14,17,0,0,0,2,2,8,8,0,0,0,3,2,6,9,0,0,0
3516,NorthernEurope,924,SaintBarthelemy,652,0,0,0,0,0,0,0,0,0,0,0,0,0,0,0,0,0,0,0,0,0
3517,NorthernEurope,924,SaintKittsandNevis,659,910,3577,6308,5616,5930,7097,8003,542,1730,2944,2600,2810,3251,3625,368,1847,3364,3016,3120,3846,4378
3518,NorthernEurope,924,SaintLucia,662,1179,4568,8031,8068,8535,10214,11522,686,2124,3589,3636,3941,4551,5075,493,2444,4442,4432,4594,5663,6447
3519,NorthernEurope,924,SaintMartinFrenchpart,663,0,0,0,0,0,0,0,0,0,0,0,0,0,0,0,0,0,0,0,0,0
3520,NorthernEurope,924,SaintVincentandtheGrenadines,670,1010,3913,6880,6730,7123,8500,9586,614,1937,3284,3235,3500,4042,4510,396,1976,3596,3495,3623,4458,5076
3521,NorthernEurope,924,SintMaartenDutchpart,534,0,0,0,0,0,0,0,0,0,0,0,0,0,0,0,0,0,0,0,0,0
3522,NorthernEurope,924,TrinidadandTobago,780,17725,19367,21378,21548,22743,27082,30522,7224,7696,8291,8311,9046,10283,11412,10501,11671,13087,13237,13697,16799,19110
3523,NorthernEurope,924,TurksandCaicosIslands,796,17,71,128,110,114,137,151,11,35,61,54,57,66,72,6,36,67,56,57,71,79
3524,NorthernEurope,924,UnitedStatesVirginIslands,850,21,85,152,130,136,161,181,13,41,71,62,66,75,84,8,44,81,68,70,86,97
3525,NorthernEurope,924,Belize,84,1204,1196,1207,1212,1293,1544,1727,439,400,365,378,429,478,519,765,796,842,834,864,1066,1208
3526,NorthernEurope,924,CostaRica,188,399,644,871,1166,1320,1554,1825,210,321,418,572,657,771,883,189,323,453,594,663,783,942
3527,NorthernEurope,924,ElSalvador,222,2001,2641,3108,3364,3649,3998,4946,1052,1334,1526,1627,1758,1892,2317,949,1307,1582,1737,1891,2106,2629
3528,NorthernEurope,924,Guatemala,320,870,1305,1754,2121,2287,2555,2838,466,658,850,1019,1100,1203,1340,404,647,904,1102,1187,1352,1498
3529,NorthernEurope,924,Honduras,340,329,570,794,986,1122,1325,1569,164,255,342,413,483,556,650,165,315,452,573,639,769,919
3530,NorthernEurope,924,Mexico,484,2140,4680,7336,10310,11747,14562,17623,1052,2108,3206,4607,5366,6514,7870,1088,2572,4130,5703,6381,8048,9753
3531,NorthernEurope,924,Nicaragua,558,429,671,909,1134,1338,1604,1911,182,279,370,481,573,684,814,247,392,539,653,765,920,1097
3532,NorthernEurope,924,Panama,591,276,530,774,904,1001,1179,1353,145,249,346,396,434,491,565,131,281,428,508,567,688,788
3533,NorthernEurope,924,Argentina,32,4405,7793,11113,13041,13833,16245,19553,2250,3657,5022,5977,6486,7497,9111,2155,4136,6091,7064,7347,8748,10442
3534,NorthernEurope,924,BoliviaPlurinationalStateof,68,2213,3144,3941,5657,6843,8209,9214,1191,1623,1973,2790,3381,3980,4408,1022,1521,1968,2867,3462,4229,4806
3535,NorthernEurope,924,Brazil,76,14290,19007,24407,47578,56151,66111,78873,5938,7732,9892,21132,25149,28560,33971,8352,11275,14515,26446,31002,37551,44902
3536,NorthernEurope,924,Chile,152,28583,34578,38979,40918,42470,42889,46376,14866,17519,19402,20385,21234,21170,22976,13717,17059,19577,20533,21236,21719,23400
3537,NorthernEurope,924,Colombia,170,13897,19816,24968,33703,37376,43632,49351,6547,9454,11852,15721,17554,19798,22291,7350,10362,13116,17982,19822,23834,27060
3538,NorthernEurope,924,Ecuador,218,1544,3157,4745,7907,8922,10724,12219,807,1511,2202,3706,4269,5011,5668,737,1646,2543,4201,4653,5713,6551
3539,NorthernEurope,924,FalklandIslandsMalvinas,238,159,628,1110,948,1000,1196,1345,88,268,451,395,428,491,547,71,360,659,553,572,705,798
3540,NorthernEurope,924,FrenchGuiana,254,5,3,0,0,0,0,0,3,2,0,0,0,0,0,2,1,0,0,0,0,0
3541,NorthernEurope,924,Guyana,328,20222,20199,20520,20050,21152,25250,28469,9055,8803,8673,8285,8992,10310,11474,11167,11396,11847,11765,12160,14940,16995
3542,NorthernEurope,924,Paraguay,600,264,516,785,931,1031,1214,1369,129,237,356,408,454,516,570,135,279,429,523,577,698,799
3543,NorthernEurope,924,Peru,604,4784,7496,9914,12719,14725,16898,19351,2309,3354,4238,5306,6112,6859,7857,2475,4142,5676,7413,8613,10039,11494
3544,NorthernEurope,924,Suriname,740,84,203,336,419,457,534,601,48,93,147,172,191,217,242,36,110,189,247,266,317,359
3545,NorthernEurope,924,Uruguay,858,2265,3038,3667,3894,3972,4098,4484,1184,1548,1829,1937,1974,2005,2208,1081,1490,1838,1957,1998,2093,2276
3546,NorthernEurope,924,VenezuelaBolivarianRepublicof,862,1245,3148,5081,7661,8688,10865,12924,660,1463,2277,3467,4018,4907,5791,585,1685,2804,4194,4670,5958,7133
3547,NorthernEurope,924,Bermuda,60,61478,31943,2960,3424,3616,4323,4868,29697,15461,1449,1672,1802,2094,2338,31781,16482,1511,1752,1814,2229,2530
3548,NorthernEurope,924,Canada,124,71367,75811,82005,84887,90894,106605,120825,32778,34621,37214,37948,41226,46789,52558,38589,41190,44791,46939,49668,59816,68267
3549,NorthernEurope,924,Greenland,304,8976,10889,12853,14246,14990,16275,17387,3578,4369,5190,5867,6284,6928,7412,5398,6520,7663,8379,8706,9347,9975
3550,NorthernEurope,924,SaintPierreandMiquelon,666,0,0,0,0,0,0,0,0,0,0,0,0,0,0,0,0,0,0,0,0,0
3551,NorthernEurope,924,UnitedStatesofAmerica,840,196616,200919,213109,235769,269330,277089,272285,97695,98110,102677,112534,117867,133483,125419,98921,102809,110432,123235,151463,143606,146866
3552,NorthernEurope,924,Australia,36,77198,94578,114299,120992,138913,145173,160903,35105,43054,52070,56344,72470,74233,80835,42093,51524,62229,64648,66443,70940,80068
3553,NorthernEurope,924,NewZealand,554,41663,50067,59570,59849,63576,75555,85425,19652,23875,28581,29498,31969,36916,41371,22011,26192,30989,30351,31607,38639,44054
3554,NorthernEurope,924,Fiji,242,544,1981,3453,4607,4878,5817,6562,326,1024,1739,2354,2544,2963,3309,218,957,1714,2253,2334,2854,3253
3555,NorthernEurope,924,NewCaledonia,540,20,82,147,127,139,165,179,13,43,74,64,72,85,90,7,39,73,63,67,80,89
3556,NorthernEurope,924,PapuaNewGuinea,598,173,617,1072,1058,1120,1337,1504,104,307,515,508,547,637,705,69,310,557,550,573,700,799
3557,NorthernEurope,924,SolomonIslands,90,44,173,309,314,334,401,437,27,84,142,149,161,187,200,17,89,167,165,173,214,237
3558,NorthernEurope,924,Vanuatu,548,20,72,127,137,144,170,186,11,32,53,59,63,73,78,9,40,74,78,81,97,108
3559,NorthernEurope,924,Guam,316,0,0,0,0,0,0,0,0,0,0,0,0,0,0,0,0,0,0,0,0,0
3560,NorthernEurope,924,Kiribati,296,27,98,174,165,176,209,229,16,47,79,68,78,88,93,11,51,95,97,98,121,136
3561,NorthernEurope,924,MarshallIslands,584,1,1,0,0,0,1,1,1,1,0,0,0,1,1,0,0,0,0,0,0,0
3562,NorthernEurope,924,MicronesiaFedStatesof,583,0,0,0,0,2,2,0,0,0,0,0,0,0,0,0,0,0,0,2,2,0
3563,NorthernEurope,924,Nauru,520,0,2,8,18,18,21,20,0,1,4,7,7,8,7,0,1,4,11,11,13,13
3564,NorthernEurope,924,NorthernMarianaIslands,580,0,0,0,0,0,0,0,0,0,0,0,0,0,0,0,0,0,0,0,0,0
3565,NorthernEurope,924,Palau,585,1,1,2,0,4,5,7,0,0,1,0,2,3,3,1,1,1,0,2,2,4
3566,NorthernEurope,924,AmericanSamoa,16,0,0,0,0,0,0,0,0,0,0,0,0,0,0,0,0,0,0,0,0,0
3567,NorthernEurope,924,CookIslands,184,0,0,0,0,0,0,0,0,0,0,0,0,0,0,0,0,0,0,0,0,0
3568,NorthernEurope,924,FrenchPolynesia,258,19,60,101,87,95,119,124,11,29,45,40,45,56,60,8,31,56,47,50,63,64
3569,NorthernEurope,924,Niue,570,0,0,0,0,0,0,0,0,0,0,0,0,0,0,0,0,0,0,0,0,0
3570,NorthernEurope,924,Samoa,882,61,180,306,281,301,349,386,33,96,162,147,157,186,207,28,84,144,134,144,163,179
3571,NorthernEurope,924,Tokelau,772,0,0,0,0,0,0,0,0,0,0,0,0,0,0,0,0,0,0,0,0,0
3572,NorthernEurope,924,Tonga,776,38,104,168,231,251,304,331,19,54,86,130,141,170,183,19,50,82,101,110,134,148
3573,NorthernEurope,924,Tuvalu,798,0,0,0,1,3,5,2,0,0,0,0,1,1,0,0,0,0,1,2,4,2
3574,NorthernEurope,924,WallisandFutunaIslands,876,0,0,0,0,0,0,0,0,0,0,0,0,0,0,0,0,0,0,0,0,0
3575,SouthernAsia,5501,SubSaharanAfrica,947,15072,10454,5836,38891,64249,59886,56028,7253,5039,2819,19415,23765,21441,19449,7819,5415,3017,19476,40484,38445,36579
3576,SouthernAsia,5501,NorthernAfricaandWesternAsia,1833,327611,302868,261663,215485,221186,184497,163471,166917,153418,139579,116436,116852,97920,79170,160694,149450,122084,99049,104334,86577,84301
3577,SouthernAsia,5501,CentralandSouthernAsia,921,17847071,13746068,13375836,11838356,12213766,11578095,10952962,9401073,7153538,6961113,6032597,6218617,5852165,5568941,8445998,6592530,6414723,5805759,5995149,5725930,5384021
3578,SouthernAsia,5501,EasternandSouthEasternAsia,1832,850985,953692,965444,970993,1158386,1181818,1828243,438675,492402,500863,509978,596668,608339,1052256,412310,461290,464581,461015,561718,573479,775987
3579,SouthernAsia,5501,LatinAmericaandtheCaribbean,1830,552,5390,10229,12183,14121,14956,14664,299,2912,5525,6578,7622,8073,4534,253,2478,4704,5605,6499,6883,10130
3580,SouthernAsia,5501,OceaniaexcludingAustraliaandNewZealand,1835,2385,1298,210,598,895,833,779,985,538,91,298,362,327,298,1400,760,119,300,533,506,481
3581,SouthernAsia,5501,AustraliaandNewZealand,927,3234,2156,1079,3261,5105,4825,4570,1417,996,567,1876,2599,2430,2282,1817,1160,512,1385,2506,2395,2288
3582,SouthernAsia,5501,EuropeandNorthernAmerica,1829,75749,80434,85080,124656,160577,161546,156174,38700,41928,44987,68094,84352,84419,60050,37049,38506,40093,56562,76225,77127,96124
3583,SouthernAsia,5501,Developedregions,901,89061,93062,97023,141378,181831,183130,177133,45490,48510,51336,77132,95399,95595,67759,43571,44552,45687,64246,86432,87535,109374
3584,SouthernAsia,5501,Lessdevelopedregions,902,19033598,15009298,14608354,13063045,13656454,13003326,12999758,10009829,7802261,7604208,6678140,6955438,6579519,6719221,9023769,7207037,7004146,6384905,6701016,6423807,6280537
3585,SouthernAsia,5501,Lessdevelopedregions,902,934,6340852,5805229,5240483,4961703,4768854,4633642,4215189,3308592,2957429,2659419,2511595,2441160,2418557,2079319,3032260,2847800,2581064,2450108,2327694,2215085
3586,SouthernAsia,5501,Lessdevelopedregions,902,948,18852415,14753393,14368979,12798587,13371714,12706467,12708962,9913369,7667236,7475975,6536742,6808491,6425929,6605607,8939046,7086157,6893004,6261845,6563223,6280538
3587,SouthernAsia,5501,Leastdevelopedcountries,941,12692746,9204069,9367871,8101342,8887600,8369684,8784569,6701237,4844832,4944789,4166545,4514278,4160962,4639902,5991509,4359237,4423082,3934797,4373322,4208722,4144667
3588,SouthernAsia,5501,LandlockedDevelopingCountriesLLDC,1636,8033018,4796891,5216879,4614201,5718585,5375941,5281364,4240734,2530738,2778722,2415275,2881181,2632943,2605399,3792284,2266153,2438157,2198926,2837404,2742998,2675965
3589,SouthernAsia,5501,SmallislanddevelopingStatesSIDS,1637,26773,30843,34913,43103,51474,52619,51208,13529,15866,18126,22426,26265,26798,17037,13244,14977,16787,20677,25209,25821,34171
3590,SouthernAsia,5501,Highincomecountries,1503,157338,173487,189607,266715,335726,331752,318497,81398,92456,103124,147980,177653,174139,132735,75940,81031,86483,118735,158073,157613,185762
3591,SouthernAsia,5501,Middleincomecountries,1517,11553287,10918348,10166859,9320937,8845054,8442523,8483505,6009887,5594160,5187775,4639447,4404015,4230065,4352943,5543400,5324188,4979084,4681490,4441039,4212458,4130562
3592,SouthernAsia,5501,Uppermiddleincomecountries,1502,686295,774081,755804,764444,802935,788345,756933,358518,401818,400413,405842,422969,416422,276055,327777,372263,355391,358602,379966,371923,480878
3593,SouthernAsia,5501,Lowermiddleincomecountries,1501,10866992,10144267,9411055,8556493,8042119,7654178,7726572,5651369,5192342,4787362,4233605,3981046,3813643,4076888,5215623,4951925,4623693,4322888,4061073,3840535,3649684
3594,SouthernAsia,5501,Lowincomecountries,1500,7412034,4010525,4348911,3616771,4657505,4412181,4374889,3964034,2164155,2364645,1967845,2469169,2270910,2301302,3448000,1846370,1984266,1648926,2188336,2141271,2073587
3595,SouthernAsia,5501,EasternAfrica,910,13783,9383,4982,37834,62955,58660,54863,6517,4444,2372,18832,23040,20767,18816,7266,4939,2610,19002,39915,37893,36047
3596,SouthernAsia,5501,MiddleAfrica,911,0,0,0,0,0,0,0,0,0,0,0,0,0,0,0,0,0,0,0,0,0
3597,SouthernAsia,5501,NorthernAfrica,912,16,43,73,109,200,207,208,9,29,50,70,136,145,149,7,14,23,39,64,62,59
3598,SouthernAsia,5501,SouthernAfrica,913,3,33,64,127,257,260,262,2,25,40,51,106,104,106,1,8,24,76,151,156,156
3599,SouthernAsia,5501,WesternAfrica,914,1286,1038,790,930,1037,966,903,734,570,407,532,619,570,527,552,468,383,398,418,396,376
3600,SouthernAsia,5501,CentralAsia,5500,44209,40859,38215,34321,28686,18589,7028,24203,21966,20140,18717,16170,8260,3157,20006,18893,18075,15604,12516,10329,3871
3601,SouthernAsia,5501,EasternAsia,906,191283,266472,250409,278241,301516,314254,307829,101844,140681,134127,148718,155707,162646,119359,89439,125791,116282,129523,145809,151608,188470
3602,SouthernAsia,5501,SouthEasternAsia,920,659702,687220,715035,692752,856870,867564,1520414,336831,351721,366736,361260,440961,445693,932897,322871,335499,348299,331492,415909,421871,587517
3603,SouthernAsia,5501,SouthernAsia,5501,17802862,13705209,13337621,11804035,12185080,11559506,10945934,9376870,7131572,6940973,6013880,6202447,5843905,5565784,8425992,6573637,6396648,5790155,5982633,5715601,5380150
3604,SouthernAsia,5501,WesternAsia,922,327595,302825,261590,215376,220986,184290,163263,166908,153389,139529,116366,116716,97775,79021,160687,149436,122061,99010,104270,86515,84242
3605,SouthernAsia,5501,EasternEurope,923,3446,2565,1685,1598,1580,1483,1398,1692,1258,820,730,701,642,596,1754,1307,865,868,879,841,802
3606,SouthernAsia,5501,NorthernEurope,924,18622,28998,39372,49697,59442,61262,59593,9727,15345,20936,26718,31437,32343,20576,8895,13653,18436,22979,28005,28919,39017
3607,SouthernAsia,5501,SouthernEurope,925,774,1333,1878,3241,5998,5787,5844,360,845,1204,1647,3054,2790,2843,414,488,674,1594,2944,2997,3001
3608,SouthernAsia,5501,WesternEurope,926,12089,8443,4775,5447,6379,6149,5913,5703,3881,2063,2563,3269,3191,3074,6386,4562,2712,2884,3110,2958,2839
3609,SouthernAsia,5501,Caribbean,915,0,3,8,18,38,37,36,0,3,5,8,17,16,16,0,0,3,10,21,21,20
3610,SouthernAsia,5501,CentralAmerica,916,0,0,0,0,0,0,0,0,0,0,0,0,0,0,0,0,0,0,0,0,0
3611,SouthernAsia,5501,SouthAmerica,931,552,5387,10221,12165,14083,14919,14628,299,2909,5520,6570,7605,8057,4518,253,2478,4701,5595,6478,6862,10110
3612,SouthernAsia,5501,Melanesia,928,2385,1298,210,598,895,833,779,985,538,91,298,362,327,298,1400,760,119,300,533,506,481
3613,SouthernAsia,5501,Micronesia,954,0,0,0,0,0,0,0,0,0,0,0,0,0,0,0,0,0,0,0,0,0
3614,SouthernAsia,5501,Polynesia,957,0,0,0,0,0,0,0,0,0,0,0,0,0,0,0,0,0,0,0,0,0
3615,SouthernAsia,5501,Burundi,108,0,0,0,0,0,0,0,0,0,0,0,0,0,0,0,0,0,0,0,0,0
3616,SouthernAsia,5501,Comoros,174,0,0,0,0,0,0,0,0,0,0,0,0,0,0,0,0,0,0,0,0,0
3617,SouthernAsia,5501,Djibouti,262,0,0,0,0,0,0,0,0,0,0,0,0,0,0,0,0,0,0,0,0,0
3618,SouthernAsia,5501,Eritrea,232,0,0,0,0,0,0,0,0,0,0,0,0,0,0,0,0,0,0,0,0,0
3619,SouthernAsia,5501,Ethiopia,231,0,0,0,0,0,0,0,0,0,0,0,0,0,0,0,0,0,0,0,0,0
3620,SouthernAsia,5501,Kenya,404,8170,5541,2912,6291,8874,8268,7733,3855,2625,1396,3399,4225,3855,3535,4315,2916,1516,2892,4649,4413,4198
3621,SouthernAsia,5501,Madagascar,450,0,0,0,0,0,0,0,0,0,0,0,0,0,0,0,0,0,0,0,0,0
3622,SouthernAsia,5501,Malawi,454,0,0,0,0,0,0,0,0,0,0,0,0,0,0,0,0,0,0,0,0,0
3623,SouthernAsia,5501,Mauritius,480,2547,1455,362,382,399,371,346,1297,719,141,150,152,137,124,1250,736,221,232,247,234,222
3624,SouthernAsia,5501,Mayotte,175,0,0,0,0,0,0,0,0,0,0,0,0,0,0,0,0,0,0,0,0,0
3625,SouthernAsia,5501,Mozambique,508,0,0,0,0,0,0,0,0,0,0,0,0,0,0,0,0,0,0,0,0,0
3626,SouthernAsia,5501,Reunion,638,0,0,0,0,0,0,0,0,0,0,0,0,0,0,0,0,0,0,0,0,0
3627,SouthernAsia,5501,Rwanda,646,0,0,0,0,0,0,0,0,0,0,0,0,0,0,0,0,0,0,0,0,0
3628,SouthernAsia,5501,Seychelles,690,0,2,5,12,26,25,24,0,2,4,6,14,13,13,0,0,1,6,12,12,11
3629,SouthernAsia,5501,Somalia,706,0,0,0,0,0,0,0,0,0,0,0,0,0,0,0,0,0,0,0,0,0
3630,SouthernAsia,5501,SouthSudan,728,0,0,0,0,0,0,0,0,0,0,0,0,0,0,0,0,0,0,0,0,0
3631,SouthernAsia,5501,Uganda,800,2058,1465,872,29845,51990,48444,45309,935,680,426,14670,18027,16201,14635,1123,785,446,15175,33963,32243,30674
3632,SouthernAsia,5501,UnitedRepublicofTanzania,834,0,0,0,0,0,0,0,0,0,0,0,0,0,0,0,0,0,0,0,0,0
3633,SouthernAsia,5501,Zambia,894,1008,920,831,1304,1666,1552,1451,430,418,405,607,622,561,509,578,502,426,697,1044,991,942
3634,SouthernAsia,5501,Zimbabwe,716,0,0,0,0,0,0,0,0,0,0,0,0,0,0,0,0,0,0,0,0,0
3635,SouthernAsia,5501,Angola,24,0,0,0,0,0,0,0,0,0,0,0,0,0,0,0,0,0,0,0,0,0
3636,SouthernAsia,5501,Cameroon,120,0,0,0,0,0,0,0,0,0,0,0,0,0,0,0,0,0,0,0,0,0
3637,SouthernAsia,5501,CentralAfricanRepublic,140,0,0,0,0,0,0,0,0,0,0,0,0,0,0,0,0,0,0,0,0,0
3638,SouthernAsia,5501,Chad,148,0,0,0,0,0,0,0,0,0,0,0,0,0,0,0,0,0,0,0,0,0
3639,SouthernAsia,5501,Congo,178,0,0,0,0,0,0,0,0,0,0,0,0,0,0,0,0,0,0,0,0,0
3640,SouthernAsia,5501,DemocraticRepublicoftheCongo,180,0,0,0,0,0,0,0,0,0,0,0,0,0,0,0,0,0,0,0,0,0
3641,SouthernAsia,5501,EquatorialGuinea,226,0,0,0,0,0,0,0,0,0,0,0,0,0,0,0,0,0,0,0,0,0
3642,SouthernAsia,5501,Gabon,266,0,0,0,0,0,0,0,0,0,0,0,0,0,0,0,0,0,0,0,0,0
3643,SouthernAsia,5501,SaoTomeandPrincipe,678,0,0,0,0,0,0,0,0,0,0,0,0,0,0,0,0,0,0,0,0,0
3644,SouthernAsia,5501,Algeria,12,0,0,0,0,0,0,0,0,0,0,0,0,0,0,0,0,0,0,0,0,0
3645,SouthernAsia,5501,Egypt,818,16,39,64,90,160,167,169,9,25,43,58,111,120,124,7,14,21,32,49,47,45
3646,SouthernAsia,5501,Libya,434,0,4,9,19,40,40,39,0,4,7,12,25,25,25,0,0,2,7,15,15,14
3647,SouthernAsia,5501,Morocco,504,0,0,0,0,0,0,0,0,0,0,0,0,0,0,0,0,0,0,0,0,0
3648,SouthernAsia,5501,Sudan,729,0,0,0,0,0,0,0,0,0,0,0,0,0,0,0,0,0,0,0,0,0
3649,SouthernAsia,5501,Tunisia,788,0,0,0,0,0,0,0,0,0,0,0,0,0,0,0,0,0,0,0,0,0
3650,SouthernAsia,5501,WesternSahara,732,0,0,0,0,0,0,0,0,0,0,0,0,0,0,0,0,0,0,0,0,0
3651,SouthernAsia,5501,Botswana,72,0,0,0,0,0,0,0,0,0,0,0,0,0,0,0,0,0,0,0,0,0
3652,SouthernAsia,5501,Eswatini,748,0,0,0,0,0,0,0,0,0,0,0,0,0,0,0,0,0,0,0,0,0
3653,SouthernAsia,5501,Lesotho,426,0,0,0,0,0,0,0,0,0,0,0,0,0,0,0,0,0,0,0,0,0
3654,SouthernAsia,5501,Namibia,516,0,0,0,0,0,0,0,0,0,0,0,0,0,0,0,0,0,0,0,0,0
3655,SouthernAsia,5501,SouthAfrica,710,3,33,64,127,257,260,262,2,25,40,51,106,104,106,1,8,24,76,151,156,156
3656,SouthernAsia,5501,Benin,204,0,0,0,0,0,0,0,0,0,0,0,0,0,0,0,0,0,0,0,0,0
3657,SouthernAsia,5501,BurkinaFaso,854,0,0,0,0,0,0,0,0,0,0,0,0,0,0,0,0,0,0,0,0,0
3658,SouthernAsia,5501,CaboVerde,132,0,0,0,0,0,0,0,0,0,0,0,0,0,0,0,0,0,0,0,0,0
3659,SouthernAsia,5501,CotedIvoire,384,0,0,0,0,0,0,0,0,0,0,0,0,0,0,0,0,0,0,0,0,0
3660,SouthernAsia,5501,Gambia,270,0,0,0,0,0,0,0,0,0,0,0,0,0,0,0,0,0,0,0,0,0
3661,SouthernAsia,5501,Ghana,288,0,0,0,0,0,0,0,0,0,0,0,0,0,0,0,0,0,0,0,0,0
3662,SouthernAsia,5501,Guinea,324,0,0,0,0,0,0,0,0,0,0,0,0,0,0,0,0,0,0,0,0,0
3663,SouthernAsia,5501,GuineaBissau,624,0,0,0,0,0,0,0,0,0,0,0,0,0,0,0,0,0,0,0,0,0
3664,SouthernAsia,5501,Liberia,430,0,0,0,0,0,0,0,0,0,0,0,0,0,0,0,0,0,0,0,0,0
3665,SouthernAsia,5501,Mali,466,0,0,0,0,0,0,0,0,0,0,0,0,0,0,0,0,0,0,0,0,0
3666,SouthernAsia,5501,Mauritania,478,0,0,0,0,0,0,0,0,0,0,0,0,0,0,0,0,0,0,0,0,0
3667,SouthernAsia,5501,Niger,562,0,0,0,0,0,0,0,0,0,0,0,0,0,0,0,0,0,0,0,0,0
3668,SouthernAsia,5501,Nigeria,566,1286,1038,790,930,1037,966,903,734,570,407,532,619,570,527,552,468,383,398,418,396,376
3669,SouthernAsia,5501,SaintHelena,654,0,0,0,0,0,0,0,0,0,0,0,0,0,0,0,0,0,0,0,0,0
3670,SouthernAsia,5501,Senegal,686,0,0,0,0,0,0,0,0,0,0,0,0,0,0,0,0,0,0,0,0,0
3671,SouthernAsia,5501,SierraLeone,694,0,0,0,0,0,0,0,0,0,0,0,0,0,0,0,0,0,0,0,0,0
3672,SouthernAsia,5501,Togo,768,0,0,0,0,0,0,0,0,0,0,0,0,0,0,0,0,0,0,0,0,0
3673,SouthernAsia,5501,Kazakhstan,398,1408,2052,2696,1449,497,463,433,73,88,103,89,209,190,174,1335,1964,2593,1360,288,273,259
3674,SouthernAsia,5501,Kyrgyzstan,417,0,0,0,0,0,0,0,0,0,0,0,0,0,0,0,0,0,0,0,0,0
3675,SouthernAsia,5501,Tajikistan,762,40537,36733,32929,28460,23991,15031,4422,22879,20733,18586,16064,13541,6364,1735,17658,16000,14343,12396,10450,8667,2687
3676,SouthernAsia,5501,Turkmenistan,795,237,238,944,2990,2999,2344,1954,107,109,522,1761,1743,1388,1162,130,129,422,1229,1256,956,792
3677,SouthernAsia,5501,Uzbekistan,860,2027,1836,1646,1422,1199,751,219,1144,1036,929,803,677,318,86,883,800,717,619,522,433,133
3678,SouthernAsia,5501,China,156,181183,255905,239375,264458,284740,296859,290796,96460,135025,128233,141398,146947,153590,113614,84723,120880,111142,123060,137793,143269,177182
3679,SouthernAsia,5501,China,156,344,0,0,0,0,0,0,0,0,0,0,0,0,0,0,0,0,0,0,0,0
3680,SouthernAsia,5501,China,156,446,0,0,0,0,0,0,0,0,0,0,0,0,0,0,0,0,0,0,0,0
3681,SouthernAsia,5501,China,156,158,0,0,0,0,0,0,0,0,0,0,0,0,0,0,0,0,0,0,0,0
3682,SouthernAsia,5501,DemPeoplesRepublicofKorea,408,0,0,0,0,0,0,0,0,0,0,0,0,0,0,0,0,0,0,0,0,0
3683,SouthernAsia,5501,Japan,392,10078,10472,10864,13461,16149,16759,16389,5373,5586,5782,7162,8448,8746,5427,4705,4886,5082,6299,7701,8013,10962
3684,SouthernAsia,5501,Mongolia,496,0,0,0,0,0,0,0,0,0,0,0,0,0,0,0,0,0,0,0,0,0
3685,SouthernAsia,5501,RepublicofKorea,410,22,95,170,322,627,636,644,11,70,112,158,312,310,318,11,25,58,164,315,326,326
3686,SouthernAsia,5501,BruneiDarussalam,96,16220,23639,31057,28757,27000,25158,23530,10518,15249,19979,18045,16754,15431,14277,5702,8390,11078,10712,10246,9727,9253
3687,SouthernAsia,5501,Cambodia,116,12924,13190,13455,16015,18541,19642,19259,6979,7123,7266,8649,10013,10607,5949,5945,6067,6189,7366,8528,9035,13310
3688,SouthernAsia,5501,Indonesia,360,73015,85988,99000,125254,145889,154998,151920,39255,46297,53349,67499,78548,83466,47166,33760,39691,45651,57755,67341,71532,104754
3689,SouthernAsia,5501,LaoPeoplesDemocraticRepublic,418,58722,59555,60387,71878,83217,88155,86447,31710,32160,32609,38815,44938,47604,26701,27012,27395,27778,33063,38279,40551,59746
3690,SouthernAsia,5501,Malaysia,458,104896,140202,175506,206388,221466,219116,214252,55107,72909,90683,108143,117280,115986,67228,49789,67293,84823,98245,104186,103130,147024
3691,SouthernAsia,5501,Myanmar,104,315171,304923,294958,195247,303105,300966,966906,152560,147027,141642,94291,143797,142122,752685,162611,157896,153316,100956,159308,158844,214221
3692,SouthernAsia,5501,Philippines,608,312,247,168,540,735,929,1009,174,127,96,335,327,318,346,138,120,72,205,408,611,663
3693,SouthernAsia,5501,Singapore,702,19921,16440,12957,15909,18786,18481,17775,9695,8000,6289,7874,8975,8801,6250,10226,8440,6668,8035,9811,9680,11525
3694,SouthernAsia,5501,Thailand,764,15601,12090,8575,9450,10781,11182,11006,8426,6536,4644,5109,5789,5961,3473,7175,5554,3931,4341,4992,5221,7533
3695,SouthernAsia,5501,TimorLeste,626,0,0,0,0,0,0,0,0,0,0,0,0,0,0,0,0,0,0,0,0,0
3696,SouthernAsia,5501,VietNam,704,42920,30946,18972,23314,27350,28937,28310,22407,16293,10179,12500,14540,15397,8822,20513,14653,8793,10814,12810,13540,19488
3697,SouthernAsia,5501,Afghanistan,4,7369439,3972316,4315085,3558413,4581413,4348596,4325050,3940220,2142732,2345616,1937086,2437548,2248294,2284881,3429219,1829584,1969469,1621327,2143865,2100302,2040169
3698,SouthernAsia,5501,Bangladesh,50,4377309,4131399,3885119,3319816,2884883,2698616,2529809,2325849,2182606,2039583,1671895,1499640,1386906,1281843,2051460,1948793,1845536,1647921,1385243,1311710,1247966
3699,SouthernAsia,5501,Bhutan,64,27895,117302,119383,118161,86517,39063,37173,13557,59421,60914,60291,44144,19844,18701,14338,57881,58469,57870,42373,19219,18472
3700,SouthernAsia,5501,India,356,3262078,2965946,2738617,2614679,2503312,2258515,2130244,1681923,1468640,1347746,1299307,1253272,1188842,1149116,1580155,1497306,1390871,1315372,1250040,1069673,981128
3701,SouthernAsia,5501,IranIslamicRepublicof,364,7160,5641,5051,4762,4966,4751,4446,3782,2941,2596,2468,2558,2428,2309,3378,2700,2455,2294,2408,2323,2137
3702,SouthernAsia,5501,Maldives,462,1827,1220,613,1398,2466,2314,2272,1501,961,371,710,1164,1012,990,326,259,242,688,1302,1302,1282
3703,SouthernAsia,5501,Nepal,524,528220,602996,677773,790645,876230,824613,773129,228997,272662,316323,340233,315532,288807,253982,299223,330334,361450,450412,560698,535806,519147
3704,SouthernAsia,5501,Pakistan,586,1941943,1665863,1397733,1186328,1025685,1178045,951034,1035005,879086,728034,594973,537494,604896,478439,906938,786777,669699,591355,488191,573149,472595
3705,SouthernAsia,5501,SriLanka,144,286991,242526,198247,209833,219608,204993,192777,146036,122523,99790,106917,111095,102876,95523,140955,120003,98457,102916,108513,102117,97254
3706,SouthernAsia,5501,Armenia,51,571,575,1287,1867,1517,1185,989,252,258,657,934,720,578,486,319,317,630,933,797,607,503
3707,SouthernAsia,5501,Azerbaijan,31,896,903,3046,7767,7349,5744,4788,430,441,1632,3922,3480,2794,2347,466,462,1414,3845,3869,2950,2441
3708,SouthernAsia,5501,Bahrain,48,93,10425,20758,24786,28864,30558,29976,51,5643,11225,13380,15581,16492,9346,42,4782,9533,11406,13283,14066,20630
3709,SouthernAsia,5501,Cyprus,196,2,31,61,122,247,250,251,1,25,43,63,129,128,130,1,6,18,59,118,122,121
3710,SouthernAsia,5501,Georgia,268,0,0,0,0,0,0,0,0,0,0,0,0,0,0,0,0,0,0,0,0,0
3711,SouthernAsia,5501,Iraq,368,292361,259015,206017,122392,100653,69743,55387,149789,131014,110302,65244,54303,38760,30752,142572,128001,95715,57148,46350,30983,24635
3712,SouthernAsia,5501,Israel,376,0,5,12,26,55,55,54,0,5,10,17,37,37,37,0,0,2,9,18,18,17
3713,SouthernAsia,5501,Jordan,400,3,34,67,134,271,274,276,2,27,45,62,127,126,128,1,7,22,72,144,148,148
3714,SouthernAsia,5501,Kuwait,414,16880,12373,7867,11733,15230,14328,13534,8110,6032,3902,6138,7505,6922,6440,8770,6341,3965,5595,7725,7406,7094
3715,SouthernAsia,5501,Lebanon,422,15,101,189,366,732,742,750,8,78,127,174,355,354,362,7,23,62,192,377,388,388
3716,SouthernAsia,5501,Oman,512,3,41,81,161,325,328,331,1,32,54,75,154,153,157,2,9,27,86,171,175,174
3717,SouthernAsia,5501,Qatar,634,3,34,67,134,270,273,275,2,28,48,74,150,149,152,1,6,19,60,120,124,123
3718,SouthernAsia,5501,SaudiArabia,682,6073,5934,5797,12404,17859,16845,15864,3023,3082,3105,7185,9382,8746,8125,3050,2852,2692,5219,8477,8099,7739
3719,SouthernAsia,5501,StateofPalestine,275,0,0,0,0,0,0,0,0,0,0,0,0,0,0,0,0,0,0,0,0,0
3720,SouthernAsia,5501,SyrianArabRepublic,760,0,8,17,35,73,73,72,0,7,12,17,36,35,35,0,1,5,18,37,38,37
3721,SouthernAsia,5501,Turkey,792,736,830,1249,1262,1754,1095,558,348,400,671,668,947,634,321,388,430,578,594,807,461,237
3722,SouthernAsia,5501,UnitedArabEmirates,784,9959,12516,15075,32187,45787,42797,40158,4891,6317,7696,18413,23810,21867,20203,5068,6199,7379,13774,21977,20930,19955
3723,SouthernAsia,5501,Yemen,887,0,0,0,0,0,0,0,0,0,0,0,0,0,0,0,0,0,0,0,0,0
3724,SouthernAsia,5501,Belarus,112,0,0,0,0,0,0,0,0,0,0,0,0,0,0,0,0,0,0,0,0,0
3725,SouthernAsia,5501,Bulgaria,100,0,0,0,0,0,0,0,0,0,0,0,0,0,0,0,0,0,0,0,0,0
3726,SouthernAsia,5501,Czechia,203,0,0,0,0,0,0,0,0,0,0,0,0,0,0,0,0,0,0,0,0,0
3727,SouthernAsia,5501,Hungary,348,0,0,0,0,0,0,0,0,0,0,0,0,0,0,0,0,0,0,0,0,0
3728,SouthernAsia,5501,Poland,616,0,0,0,0,0,0,0,0,0,0,0,0,0,0,0,0,0,0,0,0,0
3729,SouthernAsia,5501,RepublicofMoldova,498,0,0,0,0,0,0,0,0,0,0,0,0,0,0,0,0,0,0,0,0,0
3730,SouthernAsia,5501,Romania,642,0,0,0,0,0,0,0,0,0,0,0,0,0,0,0,0,0,0,0,0,0
3731,SouthernAsia,5501,RussianFederation,643,3446,2565,1685,1598,1580,1483,1398,1692,1258,820,730,701,642,596,1754,1307,865,868,879,841,802
3732,SouthernAsia,5501,Slovakia,703,0,0,0,0,0,0,0,0,0,0,0,0,0,0,0,0,0,0,0,0,0
3733,SouthernAsia,5501,Ukraine,804,0,0,0,0,0,0,0,0,0,0,0,0,0,0,0,0,0,0,0,0,0
3734,SouthernAsia,5501,ChannelIslands,830,0,0,0,0,0,0,0,0,0,0,0,0,0,0,0,0,0,0,0,0,0
3735,SouthernAsia,5501,Denmark,208,18,21,24,30,36,38,38,12,14,16,20,24,25,26,6,7,8,10,12,13,12
3736,SouthernAsia,5501,Estonia,233,0,0,0,0,0,0,0,0,0,0,0,0,0,0,0,0,0,0,0,0,0
3737,SouthernAsia,5501,FaroeIslands,234,0,0,0,0,0,0,0,0,0,0,0,0,0,0,0,0,0,0,0,0,0
3738,SouthernAsia,5501,Finland,246,0,6,14,29,61,61,60,0,5,8,9,21,20,20,0,1,6,20,40,41,40
3739,SouthernAsia,5501,Iceland,352,0,0,0,0,0,0,0,0,0,0,0,0,0,0,0,0,0,0,0,0,0
3740,SouthernAsia,5501,Ireland,372,0,0,0,0,0,0,0,0,0,0,0,0,0,0,0,0,0,0,0,0,0
3741,SouthernAsia,5501,IsleofMan,833,0,0,0,0,0,0,0,0,0,0,0,0,0,0,0,0,0,0,0,0,0
3742,SouthernAsia,5501,Latvia,428,0,0,0,0,0,0,0,0,0,0,0,0,0,0,0,0,0,0,0,0,0
3743,SouthernAsia,5501,Lithuania,440,0,0,0,0,0,0,0,0,0,0,0,0,0,0,0,0,0,0,0,0,0
3744,SouthernAsia,5501,Norway,578,4241,7036,9832,11726,13625,14428,14149,2291,3804,5315,6331,7354,7787,4395,1950,3232,4517,5395,6271,6641,9754
3745,SouthernAsia,5501,Sweden,752,51,76,101,120,180,188,189,30,46,61,71,114,124,128,21,30,40,49,66,64,61
3746,SouthernAsia,5501,UnitedKingdom,826,14312,21859,29401,37792,45540,46547,45157,7394,11476,15536,20287,23924,24387,16007,6918,10383,13865,17505,21616,22160,29150
3747,SouthernAsia,5501,Albania,8,0,0,0,0,0,0,0,0,0,0,0,0,0,0,0,0,0,0,0,0,0
3748,SouthernAsia,5501,Andorra,20,0,0,0,0,0,0,0,0,0,0,0,0,0,0,0,0,0,0,0,0,0
3749,SouthernAsia,5501,BosniaandHerzegovina,70,0,0,0,0,0,0,0,0,0,0,0,0,0,0,0,0,0,0,0,0,0
3750,SouthernAsia,5501,Croatia,191,0,0,0,0,0,0,0,0,0,0,0,0,0,0,0,0,0,0,0,0,0
3751,SouthernAsia,5501,Gibraltar,292,0,0,0,0,0,0,0,0,0,0,0,0,0,0,0,0,0,0,0,0,0
3752,SouthernAsia,5501,Greece,300,1,11,22,44,89,90,89,1,9,16,25,50,50,50,0,2,6,19,39,40,39
3753,SouthernAsia,5501,HolySee,336,0,0,0,0,0,0,0,0,0,0,0,0,0,0,0,0,0,0,0,0,0
3754,SouthernAsia,5501,Italy,380,319,996,1655,2875,5477,5273,5357,177,697,1093,1462,2807,2549,2616,142,299,562,1413,2670,2724,2741
3755,SouthernAsia,5501,Malta,470,0,0,0,0,0,0,0,0,0,0,0,0,0,0,0,0,0,0,0,0,0
3756,SouthernAsia,5501,Montenegro,499,0,0,0,0,0,0,0,0,0,0,0,0,0,0,0,0,0,0,0,0,0
3757,SouthernAsia,5501,NorthMacedonia,807,0,0,0,0,0,0,0,0,0,0,0,0,0,0,0,0,0,0,0,0,0
3758,SouthernAsia,5501,Portugal,620,454,323,193,305,396,389,364,182,136,90,153,181,176,162,272,187,103,152,215,213,202
3759,SouthernAsia,5501,SanMarino,674,0,0,0,0,0,0,0,0,0,0,0,0,0,0,0,0,0,0,0,0,0
3760,SouthernAsia,5501,Serbia,688,0,0,0,0,0,0,0,0,0,0,0,0,0,0,0,0,0,0,0,0,0
3761,SouthernAsia,5501,Slovenia,705,0,0,0,0,0,0,0,0,0,0,0,0,0,0,0,0,0,0,0,0,0
3762,SouthernAsia,5501,Spain,724,0,3,8,17,36,35,34,0,3,5,7,16,15,15,0,0,3,10,20,20,19
3763,SouthernAsia,5501,Austria,40,50,36,21,17,20,23,23,27,18,11,10,15,20,21,23,18,10,7,5,3,2
3764,SouthernAsia,5501,Belgium,56,0,0,0,0,0,0,0,0,0,0,0,0,0,0,0,0,0,0,0,0,0
3765,SouthernAsia,5501,France,250,5973,3793,1609,2007,2413,2298,2189,2760,1775,790,1013,1192,1136,1077,3213,2018,819,994,1221,1162,1112
3766,SouthernAsia,5501,Germany,276,5938,4451,2952,3162,3519,3378,3240,2841,1989,1140,1390,1804,1748,1676,3097,2462,1812,1772,1715,1630,1564
3767,SouthernAsia,5501,Liechtenstein,438,0,0,0,0,0,0,0,0,0,0,0,0,0,0,0,0,0,0,0,0,0
3768,SouthernAsia,5501,Luxembourg,442,0,0,0,0,0,0,0,0,0,0,0,0,0,0,0,0,0,0,0,0,0
3769,SouthernAsia,5501,Monaco,492,0,0,0,0,0,0,0,0,0,0,0,0,0,0,0,0,0,0,0,0,0
3770,SouthernAsia,5501,Netherlands,528,9,11,13,16,19,20,19,6,8,9,11,13,14,14,3,3,4,5,6,6,5
3771,SouthernAsia,5501,Switzerland,756,119,152,180,245,408,430,442,69,91,113,139,245,273,286,50,61,67,106,163,157,156
3772,SouthernAsia,5501,Anguilla,660,0,0,0,0,0,0,0,0,0,0,0,0,0,0,0,0,0,0,0,0,0
3773,SouthernAsia,5501,AntiguaandBarbuda,28,0,0,0,0,0,0,0,0,0,0,0,0,0,0,0,0,0,0,0,0,0
3774,SouthernAsia,5501,Aruba,533,0,0,0,0,0,0,0,0,0,0,0,0,0,0,0,0,0,0,0,0,0
3775,SouthernAsia,5501,Bahamas,44,0,0,0,0,0,0,0,0,0,0,0,0,0,0,0,0,0,0,0,0,0
3776,SouthernAsia,5501,Barbados,52,0,0,0,0,0,0,0,0,0,0,0,0,0,0,0,0,0,0,0,0,0
3777,SouthernAsia,5501,Bonaire,16,535,0,0,0,0,0,0,0,0,0,0,0,0,0,0,0,0,0,0,0,0
3778,SouthernAsia,5501,BritishVirginIslands,92,0,0,0,0,0,0,0,0,0,0,0,0,0,0,0,0,0,0,0,0,0
3779,SouthernAsia,5501,CaymanIslands,136,0,0,0,0,0,0,0,0,0,0,0,0,0,0,0,0,0,0,0,0,0
3780,SouthernAsia,5501,Cuba,192,0,0,0,0,0,0,0,0,0,0,0,0,0,0,0,0,0,0,0,0,0
3781,SouthernAsia,5501,CuraÃao,531,0,0,0,0,0,0,0,0,0,0,0,0,0,0,0,0,0,0,0,0,0
3782,SouthernAsia,5501,Dominica,212,0,0,0,0,0,0,0,0,0,0,0,0,0,0,0,0,0,0,0,0,0
3783,SouthernAsia,5501,DominicanRepublic,214,0,0,0,0,0,0,0,0,0,0,0,0,0,0,0,0,0,0,0,0,0
3784,SouthernAsia,5501,Grenada,308,0,0,0,0,0,0,0,0,0,0,0,0,0,0,0,0,0,0,0,0,0
3785,SouthernAsia,5501,Guadeloupe,312,0,0,0,0,0,0,0,0,0,0,0,0,0,0,0,0,0,0,0,0,0
3786,SouthernAsia,5501,Haiti,332,0,3,8,18,38,37,36,0,3,5,8,17,16,16,0,0,3,10,21,21,20
3787,SouthernAsia,5501,Jamaica,388,0,0,0,0,0,0,0,0,0,0,0,0,0,0,0,0,0,0,0,0,0
3788,SouthernAsia,5501,Martinique,474,0,0,0,0,0,0,0,0,0,0,0,0,0,0,0,0,0,0,0,0,0
3789,SouthernAsia,5501,Montserrat,500,0,0,0,0,0,0,0,0,0,0,0,0,0,0,0,0,0,0,0,0,0
3790,SouthernAsia,5501,PuertoRico,630,0,0,0,0,0,0,0,0,0,0,0,0,0,0,0,0,0,0,0,0,0
3791,SouthernAsia,5501,SaintBarthelemy,652,0,0,0,0,0,0,0,0,0,0,0,0,0,0,0,0,0,0,0,0,0
3792,SouthernAsia,5501,SaintKittsandNevis,659,0,0,0,0,0,0,0,0,0,0,0,0,0,0,0,0,0,0,0,0,0
3793,SouthernAsia,5501,SaintLucia,662,0,0,0,0,0,0,0,0,0,0,0,0,0,0,0,0,0,0,0,0,0
3794,SouthernAsia,5501,SaintMartinFrenchpart,663,0,0,0,0,0,0,0,0,0,0,0,0,0,0,0,0,0,0,0,0,0
3795,SouthernAsia,5501,SaintVincentandtheGrenadines,670,0,0,0,0,0,0,0,0,0,0,0,0,0,0,0,0,0,0,0,0,0
3796,SouthernAsia,5501,SintMaartenDutchpart,534,0,0,0,0,0,0,0,0,0,0,0,0,0,0,0,0,0,0,0,0,0
3797,SouthernAsia,5501,TrinidadandTobago,780,0,0,0,0,0,0,0,0,0,0,0,0,0,0,0,0,0,0,0,0,0
3798,SouthernAsia,5501,TurksandCaicosIslands,796,0,0,0,0,0,0,0,0,0,0,0,0,0,0,0,0,0,0,0,0,0
3799,SouthernAsia,5501,UnitedStatesVirginIslands,850,0,0,0,0,0,0,0,0,0,0,0,0,0,0,0,0,0,0,0,0,0
3800,SouthernAsia,5501,Belize,84,0,0,0,0,0,0,0,0,0,0,0,0,0,0,0,0,0,0,0,0,0
3801,SouthernAsia,5501,CostaRica,188,0,0,0,0,0,0,0,0,0,0,0,0,0,0,0,0,0,0,0,0,0
3802,SouthernAsia,5501,ElSalvador,222,0,0,0,0,0,0,0,0,0,0,0,0,0,0,0,0,0,0,0,0,0
3803,SouthernAsia,5501,Guatemala,320,0,0,0,0,0,0,0,0,0,0,0,0,0,0,0,0,0,0,0,0,0
3804,SouthernAsia,5501,Honduras,340,0,0,0,0,0,0,0,0,0,0,0,0,0,0,0,0,0,0,0,0,0
3805,SouthernAsia,5501,Mexico,484,0,0,0,0,0,0,0,0,0,0,0,0,0,0,0,0,0,0,0,0,0
3806,SouthernAsia,5501,Nicaragua,558,0,0,0,0,0,0,0,0,0,0,0,0,0,0,0,0,0,0,0,0,0
3807,SouthernAsia,5501,Panama,591,0,0,0,0,0,0,0,0,0,0,0,0,0,0,0,0,0,0,0,0,0
3808,SouthernAsia,5501,Argentina,32,0,0,0,0,0,0,0,0,0,0,0,0,0,0,0,0,0,0,0,0,0
3809,SouthernAsia,5501,BoliviaPlurinationalStateof,68,0,0,0,0,0,0,0,0,0,0,0,0,0,0,0,0,0,0,0,0,0
3810,SouthernAsia,5501,Brazil,76,552,5387,10221,12165,14083,14919,14628,299,2909,5520,6570,7605,8057,4518,253,2478,4701,5595,6478,6862,10110
3811,SouthernAsia,5501,Chile,152,0,0,0,0,0,0,0,0,0,0,0,0,0,0,0,0,0,0,0,0,0
3812,SouthernAsia,5501,Colombia,170,0,0,0,0,0,0,0,0,0,0,0,0,0,0,0,0,0,0,0,0,0
3813,SouthernAsia,5501,Ecuador,218,0,0,0,0,0,0,0,0,0,0,0,0,0,0,0,0,0,0,0,0,0
3814,SouthernAsia,5501,FalklandIslandsMalvinas,238,0,0,0,0,0,0,0,0,0,0,0,0,0,0,0,0,0,0,0,0,0
3815,SouthernAsia,5501,FrenchGuiana,254,0,0,0,0,0,0,0,0,0,0,0,0,0,0,0,0,0,0,0,0,0
3816,SouthernAsia,5501,Guyana,328,0,0,0,0,0,0,0,0,0,0,0,0,0,0,0,0,0,0,0,0,0
3817,SouthernAsia,5501,Paraguay,600,0,0,0,0,0,0,0,0,0,0,0,0,0,0,0,0,0,0,0,0,0
3818,SouthernAsia,5501,Peru,604,0,0,0,0,0,0,0,0,0,0,0,0,0,0,0,0,0,0,0,0,0
3819,SouthernAsia,5501,Suriname,740,0,0,0,0,0,0,0,0,0,0,0,0,0,0,0,0,0,0,0,0,0
3820,SouthernAsia,5501,Uruguay,858,0,0,0,0,0,0,0,0,0,0,0,0,0,0,0,0,0,0,0,0,0
3821,SouthernAsia,5501,VenezuelaBolivarianRepublicof,862,0,0,0,0,0,0,0,0,0,0,0,0,0,0,0,0,0,0,0,0,0
3822,SouthernAsia,5501,Bermuda,60,0,0,0,0,0,0,0,0,0,0,0,0,0,0,0,0,0,0,0,0,0
3823,SouthernAsia,5501,Canada,124,6505,4339,2171,3854,5245,4931,4644,3027,2061,1092,2125,2679,2492,2320,3478,2278,1079,1729,2566,2439,2324
3824,SouthernAsia,5501,Greenland,304,0,0,0,0,0,0,0,0,0,0,0,0,0,0,0,0,0,0,0,0,0
3825,SouthernAsia,5501,SaintPierreandMiquelon,666,0,0,0,0,0,0,0,0,0,0,0,0,0,0,0,0,0,0,0,0,0
3826,SouthernAsia,5501,UnitedStatesofAmerica,840,34313,34756,35199,60819,81933,81934,78782,18191,18538,18872,34311,43212,42961,30641,16122,16218,16327,26508,38721,38973,48141
3827,SouthernAsia,5501,Australia,36,3216,2122,1027,3175,4957,4673,4418,1406,973,534,1831,2519,2346,2195,1810,1149,493,1344,2438,2327,2223
3828,SouthernAsia,5501,NewZealand,554,18,34,52,86,148,152,152,11,23,33,45,80,84,87,7,11,19,41,68,68,65
3829,SouthernAsia,5501,Fiji,242,2385,1298,210,598,895,833,779,985,538,91,298,362,327,298,1400,760,119,300,533,506,481
3830,SouthernAsia,5501,NewCaledonia,540,0,0,0,0,0,0,0,0,0,0,0,0,0,0,0,0,0,0,0,0,0
3831,SouthernAsia,5501,PapuaNewGuinea,598,0,0,0,0,0,0,0,0,0,0,0,0,0,0,0,0,0,0,0,0,0
3832,SouthernAsia,5501,SolomonIslands,90,0,0,0,0,0,0,0,0,0,0,0,0,0,0,0,0,0,0,0,0,0
3833,SouthernAsia,5501,Vanuatu,548,0,0,0,0,0,0,0,0,0,0,0,0,0,0,0,0,0,0,0,0,0
3834,SouthernAsia,5501,Guam,316,0,0,0,0,0,0,0,0,0,0,0,0,0,0,0,0,0,0,0,0,0
3835,SouthernAsia,5501,Kiribati,296,0,0,0,0,0,0,0,0,0,0,0,0,0,0,0,0,0,0,0,0,0
3836,SouthernAsia,5501,MarshallIslands,584,0,0,0,0,0,0,0,0,0,0,0,0,0,0,0,0,0,0,0,0,0
3837,SouthernAsia,5501,MicronesiaFedStatesof,583,0,0,0,0,0,0,0,0,0,0,0,0,0,0,0,0,0,0,0,0,0
3838,SouthernAsia,5501,Nauru,520,0,0,0,0,0,0,0,0,0,0,0,0,0,0,0,0,0,0,0,0,0
3839,SouthernAsia,5501,NorthernMarianaIslands,580,0,0,0,0,0,0,0,0,0,0,0,0,0,0,0,0,0,0,0,0,0
3840,SouthernAsia,5501,Palau,585,0,0,0,0,0,0,0,0,0,0,0,0,0,0,0,0,0,0,0,0,0
3841,SouthernAsia,5501,AmericanSamoa,16,0,0,0,0,0,0,0,0,0,0,0,0,0,0,0,0,0,0,0,0,0
3842,SouthernAsia,5501,CookIslands,184,0,0,0,0,0,0,0,0,0,0,0,0,0,0,0,0,0,0,0,0,0
3843,SouthernAsia,5501,FrenchPolynesia,258,0,0,0,0,0,0,0,0,0,0,0,0,0,0,0,0,0,0,0,0,0
3844,SouthernAsia,5501,Niue,570,0,0,0,0,0,0,0,0,0,0,0,0,0,0,0,0,0,0,0,0,0
3845,SouthernAsia,5501,Samoa,882,0,0,0,0,0,0,0,0,0,0,0,0,0,0,0,0,0,0,0,0,0
3846,SouthernAsia,5501,Tokelau,772,0,0,0,0,0,0,0,0,0,0,0,0,0,0,0,0,0,0,0,0,0
3847,SouthernAsia,5501,Tonga,776,0,0,0,0,0,0,0,0,0,0,0,0,0,0,0,0,0,0,0,0,0
3848,SouthernAsia,5501,Tuvalu,798,0,0,0,0,0,0,0,0,0,0,0,0,0,0,0,0,0,0,0,0,0
3849,SouthernAsia,5501,WallisandFutunaIslands,876,0,0,0,0,0,0,0,0,0,0,0,0,0,0,0,0,0,0,0,0,0
3850,SouthEasternAsia,920,SubSaharanAfrica,947,1011,1415,4808,4352,3019,3542,5442,572,790,2629,2432,1914,2237,2851,439,625,2179,1920,1105,1305,2591
3851,SouthEasternAsia,920,NorthernAfricaandWesternAsia,1833,29699,21039,22505,23774,22998,25455,26811,14584,10775,11691,13210,13108,14720,15525,15115,10264,10814,10564,9890,10735,11286
3852,SouthEasternAsia,920,CentralandSouthernAsia,921,193037,285758,432764,771338,1211135,1649043,1733636,115278,168890,251396,437429,684086,941399,1005577,77759,116868,181368,333909,527049,707644,728059
3853,SouthEasternAsia,920,EasternandSouthEasternAsia,1832,2048758,2879977,4095059,5315986,6728361,7650438,7984983,1073522,1468470,2051476,2700925,3448869,3935497,4134890,975236,1411507,2043583,2615061,3279492,3714941,3850093
3854,SouthEasternAsia,920,LatinAmericaandtheCaribbean,1830,882,1120,7435,6082,1875,1685,1761,452,579,3765,3118,965,910,966,430,541,3670,2964,910,775,795
3855,SouthEasternAsia,920,OceaniaexcludingAustraliaandNewZealand,1835,70,94,2615,2114,1085,1102,1168,50,67,1186,977,485,493,526,20,27,1429,1137,600,609,642
3856,SouthEasternAsia,920,AustraliaandNewZealand,927,17729,17811,20603,27283,37557,42147,43908,9588,9717,11104,14911,20525,23252,24352,8141,8094,9499,12372,17032,18895,19556
3857,SouthEasternAsia,920,EuropeandNorthernAmerica,1829,78393,81442,126038,135642,155315,167857,176575,45752,48210,69402,76202,86740,94558,99629,32641,33232,56636,59440,68575,73299,76946
3858,SouthEasternAsia,920,Developedregions,901,127159,127058,176312,199931,247686,270941,284849,74273,75173,98425,114036,140991,155555,164069,52886,51885,77887,85895,106695,115386,120780
3859,SouthEasternAsia,920,Lessdevelopedregions,902,2242420,3161598,4535515,6086640,7913659,9270328,9689435,1185525,1632325,2304224,3135168,4115701,4857511,5120247,1056895,1529273,2231291,2951472,3797958,4412817,4569188
3860,SouthEasternAsia,920,Lessdevelopedregions,902,934,1669924,2176511,2998370,3347198,3804690,4490571,4667997,867078,1105966,1504237,1708608,1955776,2319441,2439220,802846,1070545,1494133,1638590,1848914,2171130
3861,SouthEasternAsia,920,Lessdevelopedregions,902,948,1580712,2553127,3939880,5463735,7242422,8515512,8913358,864303,1338044,2021519,2839031,3800322,4502776,4754774,716409,1215083,1918361,2624704,3442100,4012736
3862,SouthEasternAsia,920,Leastdevelopedcountries,941,572496,985087,1537145,2739442,4108969,4779757,5021438,318447,526359,799987,1426560,2159925,2538070,2681027,254049,458728,737158,1312882,1949044,2241687,2340411
3863,SouthEasternAsia,920,LandlockedDevelopingCountriesLLDC,1636,195250,255763,366183,691114,1132144,1480877,1559049,91740,122569,174449,322161,538126,731049,777139,103510,133194,191734,368953,594018,749828,781910
3864,SouthEasternAsia,920,SmallislanddevelopingStatesSIDS,1637,39431,111080,205124,163654,118520,138874,146798,19760,55723,102446,86349,64315,76347,81958,19671,55357,102678,77305,54205,62527,64840
3865,SouthEasternAsia,920,Highincomecountries,1503,215448,226755,316240,380548,472573,530839,556077,118921,125158,167182,205727,256197,289925,305910,96527,101597,149058,174821,216376,240914,250167
3866,SouthEasternAsia,920,Middleincomecountries,1517,2149122,3057295,4386542,5897054,7676734,8997281,9400686,1138344,1579925,2230772,3038599,3994127,4716095,4969429,1010778,1477370,2155770,2858455,3682607,4281186,4431257
3867,SouthEasternAsia,920,Uppermiddleincomecountries,1502,1243425,1619991,2232523,2530396,2872790,3322513,3446435,647190,811307,1091617,1267081,1451212,1694356,1777673,596235,808684,1140906,1263315,1421578,1628157,1668762
3868,SouthEasternAsia,920,Lowermiddleincomecountries,1501,905697,1437304,2154019,3366658,4803944,5674768,5954251,491154,768618,1139155,1771518,2542915,3021739,3191756,414543,668686,1014864,1595140,2261029,2653029,2762495
3869,SouthEasternAsia,920,Lowincomecountries,1500,5009,4606,9045,8969,12038,13149,17521,2533,2415,4695,4878,6368,7046,8977,2476,2191,4350,4091,5670,6103,8544
3870,SouthEasternAsia,920,EasternAfrica,910,57,135,528,880,1208,1700,3492,36,81,271,493,665,966,1500,21,54,257,387,543,734,1992
3871,SouthEasternAsia,920,MiddleAfrica,911,703,944,3082,2500,642,653,689,389,514,1727,1419,579,588,624,314,430,1355,1081,63,65,65
3872,SouthEasternAsia,920,NorthernAfrica,912,14754,10370,5667,4117,3326,3565,3756,7171,5211,3007,2309,1840,1999,2110,7583,5159,2660,1808,1486,1566,1646
3873,SouthEasternAsia,920,SouthernAfrica,913,186,250,852,689,800,813,864,102,135,432,355,396,404,431,84,115,420,334,404,409,433
3874,SouthEasternAsia,920,WesternAfrica,914,65,86,346,283,369,376,397,45,60,199,165,274,279,296,20,26,147,118,95,97,101
3875,SouthEasternAsia,920,CentralAsia,5500,0,0,0,0,0,0,0,0,0,0,0,0,0,0,0,0,0,0,0,0,0
3876,SouthEasternAsia,920,EasternAsia,906,707453,648755,641051,687353,774279,868560,896162,349353,319385,309995,335613,376782,423230,438018,358100,329370,331056,351740,397497,445330,458144
3877,SouthEasternAsia,920,SouthEasternAsia,920,1341305,2231222,3454008,4628633,5954082,6781878,7088821,724169,1149085,1741481,2365312,3072087,3512267,3696872,617136,1082137,1712527,2263321,2881995,3269611,3391949
3878,SouthEasternAsia,920,SouthernAsia,5501,193037,285758,432764,771338,1211135,1649043,1733636,115278,168890,251396,437429,684086,941399,1005577,77759,116868,181368,333909,527049,707644,728059
3879,SouthEasternAsia,920,WesternAsia,922,14945,10669,16838,19657,19672,21890,23055,7413,5564,8684,10901,11268,12721,13415,7532,5105,8154,8756,8404,9169,9640
3880,SouthEasternAsia,920,EasternEurope,923,54,89,493,395,480,486,511,29,46,297,242,308,314,336,25,43,196,153,172,172,175
3881,SouthEasternAsia,920,NorthernEurope,924,34573,31306,56436,61600,50453,56022,59120,19373,17776,29586,33505,28275,31877,33741,15200,13530,26850,28095,22178,24145,25379
3882,SouthEasternAsia,920,SouthernEurope,925,1909,2233,3151,2874,4721,4790,5045,1135,1284,1752,1611,2371,2441,2575,774,949,1399,1263,2350,2349,2470
3883,SouthEasternAsia,920,WesternEurope,926,7178,7632,11777,13171,19401,20544,21674,5400,5710,8058,8868,12475,13295,14031,1778,1922,3719,4303,6926,7249,7643
3884,SouthEasternAsia,920,Caribbean,915,102,114,222,204,223,143,145,53,60,110,101,108,75,79,49,54,112,103,115,68,66
3885,SouthEasternAsia,920,CentralAmerica,916,61,81,410,330,215,218,227,42,57,203,166,137,139,147,19,24,207,164,78,79,80
3886,SouthEasternAsia,920,SouthAmerica,931,719,925,6803,5548,1437,1324,1389,357,462,3452,2851,720,696,740,362,463,3351,2697,717,628,649
3887,SouthEasternAsia,920,Melanesia,928,9,12,373,301,59,60,62,9,12,171,141,27,27,28,0,0,202,160,32,33,34
3888,SouthEasternAsia,920,Micronesia,954,61,82,2242,1813,1026,1042,1106,41,55,1015,836,458,466,498,20,27,1227,977,568,576,608
3889,SouthEasternAsia,920,Polynesia,957,0,0,0,0,0,0,0,0,0,0,0,0,0,0,0,0,0,0,0,0,0
3890,SouthEasternAsia,920,Burundi,108,0,0,0,0,0,0,0,0,0,0,0,0,0,0,0,0,0,0,0,0,0
3891,SouthEasternAsia,920,Comoros,174,0,0,0,0,0,0,0,0,0,0,0,0,0,0,0,0,0,0,0,0,0
3892,SouthEasternAsia,920,Djibouti,262,0,0,0,0,0,0,0,0,0,0,0,0,0,0,0,0,0,0,0,0,0
3893,SouthEasternAsia,920,Eritrea,232,0,0,0,0,0,0,0,0,0,0,0,0,0,0,0,0,0,0,0,0,0
3894,SouthEasternAsia,920,Ethiopia,231,0,0,0,0,2,2,2,0,0,0,0,1,1,1,0,0,0,0,1,1,1
3895,SouthEasternAsia,920,Kenya,404,4,5,275,222,53,53,55,3,4,125,103,24,24,26,1,1,150,119,29,29,29
3896,SouthEasternAsia,920,Madagascar,450,0,0,0,0,0,0,0,0,0,0,0,0,0,0,0,0,0,0,0,0,0
3897,SouthEasternAsia,920,Malawi,454,0,0,0,0,0,0,0,0,0,0,0,0,0,0,0,0,0,0,0,0,0
3898,SouthEasternAsia,920,Mauritius,480,0,0,0,0,0,0,0,0,0,0,0,0,0,0,0,0,0,0,0,0,0
3899,SouthEasternAsia,920,Mayotte,175,0,0,0,0,0,0,0,0,0,0,0,0,0,0,0,0,0,0,0,0,0
3900,SouthEasternAsia,920,Mozambique,508,0,0,0,0,0,0,0,0,0,0,0,0,0,0,0,0,0,0,0,0,0
3901,SouthEasternAsia,920,Reunion,638,0,0,0,0,0,0,0,0,0,0,0,0,0,0,0,0,0,0,0,0,0
3902,SouthEasternAsia,920,Rwanda,646,0,0,1,2,4,4,4,0,0,0,1,2,2,2,0,0,1,1,2,2,2
3903,SouthEasternAsia,920,Seychelles,690,0,0,0,0,0,0,0,0,0,0,0,0,0,0,0,0,0,0,0,0,0
3904,SouthEasternAsia,920,Somalia,706,53,130,252,656,1148,1640,3430,33,77,146,389,637,938,1470,20,53,106,267,511,702,1960
3905,SouthEasternAsia,920,SouthSudan,728,0,0,0,0,0,0,0,0,0,0,0,0,0,0,0,0,0,0,0,0,0
3906,SouthEasternAsia,920,Uganda,800,0,0,0,0,0,0,0,0,0,0,0,0,0,0,0,0,0,0,0,0,0
3907,SouthEasternAsia,920,UnitedRepublicofTanzania,834,0,0,0,0,0,0,0,0,0,0,0,0,0,0,0,0,0,0,0,0,0
3908,SouthEasternAsia,920,Zambia,894,0,0,0,0,0,0,0,0,0,0,0,0,0,0,0,0,0,0,0,0,0
3909,SouthEasternAsia,920,Zimbabwe,716,0,0,0,0,1,1,1,0,0,0,0,1,1,1,0,0,0,0,0,0,0
3910,SouthEasternAsia,920,Angola,24,581,781,2523,2042,74,76,79,322,426,1170,964,34,35,37,259,355,1353,1078,40,41,42
3911,SouthEasternAsia,920,Cameroon,120,0,0,0,0,0,0,0,0,0,0,0,0,0,0,0,0,0,0,0,0,0
3912,SouthEasternAsia,920,CentralAfricanRepublic,140,0,0,0,0,0,0,0,0,0,0,0,0,0,0,0,0,0,0,0,0,0
3913,SouthEasternAsia,920,Chad,148,0,0,0,0,0,0,0,0,0,0,0,0,0,0,0,0,0,0,0,0,0
3914,SouthEasternAsia,920,Congo,178,121,162,555,449,521,529,561,66,87,555,449,521,529,561,55,75,0,0,0,0,0
3915,SouthEasternAsia,920,DemocraticRepublicoftheCongo,180,1,1,4,9,47,48,49,1,1,2,6,24,24,26,0,0,2,3,23,24,23
3916,SouthEasternAsia,920,EquatorialGuinea,226,0,0,0,0,0,0,0,0,0,0,0,0,0,0,0,0,0,0,0,0,0
3917,SouthEasternAsia,920,Gabon,266,0,0,0,0,0,0,0,0,0,0,0,0,0,0,0,0,0,0,0,0,0
3918,SouthEasternAsia,920,SaoTomeandPrincipe,678,0,0,0,0,0,0,0,0,0,0,0,0,0,0,0,0,0,0,0,0,0
3919,SouthEasternAsia,920,Algeria,12,795,1069,541,437,454,462,490,444,588,279,229,229,234,249,351,481,262,208,225,228,241
3920,SouthEasternAsia,920,Egypt,818,33,44,336,271,158,161,170,25,34,163,134,75,76,82,8,10,173,137,83,85,88
3921,SouthEasternAsia,920,Libya,434,13892,9213,4524,3196,2092,2311,2428,6678,4557,2429,1835,1221,1369,1439,7214,4656,2095,1361,871,942,989
3922,SouthEasternAsia,920,Morocco,504,0,0,0,0,0,0,0,0,0,0,0,0,0,0,0,0,0,0,0,0,0
3923,SouthEasternAsia,920,Sudan,729,17,22,24,18,62,63,65,15,20,20,16,54,55,58,2,2,4,2,8,8,7
3924,SouthEasternAsia,920,Tunisia,788,17,22,242,195,560,568,603,9,12,116,95,261,265,282,8,10,126,100,299,303,321
3925,SouthEasternAsia,920,WesternSahara,732,0,0,0,0,0,0,0,0,0,0,0,0,0,0,0,0,0,0,0,0,0
3926,SouthEasternAsia,920,Botswana,72,0,0,0,0,0,0,0,0,0,0,0,0,0,0,0,0,0,0,0,0,0
3927,SouthEasternAsia,920,Eswatini,748,0,0,0,0,0,0,0,0,0,0,0,0,0,0,0,0,0,0,0,0,0
3928,SouthEasternAsia,920,Lesotho,426,0,0,0,0,0,0,0,0,0,0,0,0,0,0,0,0,0,0,0,0,0
3929,SouthEasternAsia,920,Namibia,516,0,0,0,0,0,0,0,0,0,0,0,0,0,0,0,0,0,0,0,0,0
3930,SouthEasternAsia,920,SouthAfrica,710,186,250,852,689,800,813,864,102,135,432,355,396,404,431,84,115,420,334,404,409,433
3931,SouthEasternAsia,920,Benin,204,0,0,0,0,0,0,0,0,0,0,0,0,0,0,0,0,0,0,0,0,0
3932,SouthEasternAsia,920,BurkinaFaso,854,0,0,0,0,0,0,0,0,0,0,0,0,0,0,0,0,0,0,0,0,0
3933,SouthEasternAsia,920,CaboVerde,132,12,16,11,8,128,131,139,7,10,11,8,128,131,139,5,6,0,0,0,0,0
3934,SouthEasternAsia,920,CotedIvoire,384,0,0,2,8,15,16,16,0,0,1,5,8,9,9,0,0,1,3,7,7,7
3935,SouthEasternAsia,920,Gambia,270,0,0,0,0,0,0,0,0,0,0,0,0,0,0,0,0,0,0,0,0,0
3936,SouthEasternAsia,920,Ghana,288,8,10,11,8,34,34,35,7,9,11,8,34,34,35,1,1,0,0,0,0,0
3937,SouthEasternAsia,920,Guinea,324,0,0,0,0,0,0,0,0,0,0,0,0,0,0,0,0,0,0,0,0,0
3938,SouthEasternAsia,920,GuineaBissau,624,0,0,0,0,0,0,0,0,0,0,0,0,0,0,0,0,0,0,0,0,0
3939,SouthEasternAsia,920,Liberia,430,0,0,1,0,1,1,1,0,0,0,0,1,1,1,0,0,1,0,0,0,0
3940,SouthEasternAsia,920,Mali,466,0,0,0,0,0,0,0,0,0,0,0,0,0,0,0,0,0,0,0,0,0
3941,SouthEasternAsia,920,Mauritania,478,0,0,0,0,0,0,0,0,0,0,0,0,0,0,0,0,0,0,0,0,0
3942,SouthEasternAsia,920,Niger,562,0,0,0,0,0,0,0,0,0,0,0,0,0,0,0,0,0,0,0,0,0
3943,SouthEasternAsia,920,Nigeria,566,45,60,321,259,189,192,204,31,41,176,144,102,103,111,14,19,145,115,87,89,93
3944,SouthEasternAsia,920,SaintHelena,654,0,0,0,0,0,0,0,0,0,0,0,0,0,0,0,0,0,0,0,0,0
3945,SouthEasternAsia,920,Senegal,686,0,0,0,0,0,0,0,0,0,0,0,0,0,0,0,0,0,0,0,0,0
3946,SouthEasternAsia,920,SierraLeone,694,0,0,0,0,0,0,0,0,0,0,0,0,0,0,0,0,0,0,0,0,0
3947,SouthEasternAsia,920,Togo,768,0,0,0,0,2,2,2,0,0,0,0,1,1,1,0,0,0,0,1,1,1
3948,SouthEasternAsia,920,Kazakhstan,398,0,0,0,0,0,0,0,0,0,0,0,0,0,0,0,0,0,0,0,0,0
3949,SouthEasternAsia,920,Kyrgyzstan,417,0,0,0,0,0,0,0,0,0,0,0,0,0,0,0,0,0,0,0,0,0
3950,SouthEasternAsia,920,Tajikistan,762,0,0,0,0,0,0,0,0,0,0,0,0,0,0,0,0,0,0,0,0,0
3951,SouthEasternAsia,920,Turkmenistan,795,0,0,0,0,0,0,0,0,0,0,0,0,0,0,0,0,0,0,0,0,0
3952,SouthEasternAsia,920,Uzbekistan,860,0,0,0,0,0,0,0,0,0,0,0,0,0,0,0,0,0,0,0,0,0
3953,SouthEasternAsia,920,China,156,634278,565617,533353,555611,595141,667650,687447,308717,274622,254515,266467,282612,317256,327415,325561,290995,278838,289144,312529,350394,360032
3954,SouthEasternAsia,920,China,156,344,15675,32545,52421,53397,57387,65704,66821,7395,15154,23957,23855,25055,28644,29095,8280,17391,28464,29542,32332,37060
3955,SouthEasternAsia,920,China,156,446,11755,10309,9861,13897,18709,21462,21809,5110,4505,4233,5815,7712,8835,8963,6645,5804,5628,8082,10997,12627
3956,SouthEasternAsia,920,China,156,158,0,0,0,0,0,0,0,0,0,0,0,0,0,0,0,0,0,0,0,0
3957,SouthEasternAsia,920,DemPeoplesRepublicofKorea,408,1397,2058,6766,5816,6958,7298,7750,764,1110,3485,3070,3544,3728,3967,633,948,3281,2746,3414,3570,3783
3958,SouthEasternAsia,920,Japan,392,31037,27805,29671,37006,54814,60937,64366,18933,17246,17919,22923,33726,37745,40088,12104,10559,11752,14083,21088,23192,24278
3959,SouthEasternAsia,920,Mongolia,496,0,0,0,0,0,0,0,0,0,0,0,0,0,0,0,0,0,0,0,0,0
3960,SouthEasternAsia,920,RepublicofKorea,410,13311,10421,8979,21626,41270,45509,47969,8434,6748,5886,13483,24133,27022,28490,4877,3673,3093,8143,17137,18487,19479
3961,SouthEasternAsia,920,BruneiDarussalam,96,3340,3098,4230,5240,5540,6739,7139,1686,1680,2365,3066,3399,4175,4503,1654,1418,1865,2174,2141,2564,2636
3962,SouthEasternAsia,920,Cambodia,116,104579,150610,174123,381431,628426,686014,712910,52670,76243,85920,179008,296024,322514,334747,51909,74367,88203,202423,332402,363500,378163
3963,SouthEasternAsia,920,Indonesia,360,287178,472978,799483,977061,1120114,1351093,1424760,182641,276341,451338,560930,650507,794588,853452,104537,196637,348145,416131,469607,556505,571308
3964,SouthEasternAsia,920,LaoPeoplesDemocraticRepublic,418,170494,213978,294425,545996,836067,907208,949225,77960,99888,136340,241273,369223,399755,417576,92534,114090,158085,304723,466844,507453,531649
3965,SouthEasternAsia,920,Malaysia,458,242549,480100,759623,868429,1023615,1167868,1190514,114378,209642,318302,374731,450201,512421,522072,128171,270458,441321,493698,573414,655447,668442
3966,SouthEasternAsia,920,Myanmar,104,235518,450134,760951,1325023,1896423,2105889,2214204,141955,252566,412817,732739,1066984,1191580,1255112,93563,197568,348134,592284,829439,914309,959092
3967,SouthEasternAsia,920,Philippines,608,119154,140109,197032,116906,70741,145474,153839,61958,72769,102234,58627,33065,58755,64306,57196,67340,94798,58279,37676,86719,89533
3968,SouthEasternAsia,920,Singapore,702,38464,39407,50019,74384,96366,114596,121268,19143,19800,25122,39265,51962,62572,67481,19321,19607,24897,35119,44404,52024,53787
3969,SouthEasternAsia,920,Thailand,764,58578,86048,123275,111117,115634,115825,122580,31233,42931,58793,54904,57552,58511,62517,27345,43117,64482,56213,58082,57314,60063
3970,SouthEasternAsia,920,TimorLeste,626,736,71387,143745,80055,20485,22666,23830,479,35749,71801,42531,11518,12960,13608,257,35638,71944,37524,8967,9706,10222
3971,SouthEasternAsia,920,VietNam,704,80715,123373,147102,142991,140671,158506,168552,40066,61476,76449,78238,81652,94436,101498,40649,61897,70653,64753,59019,64070,67054
3972,SouthEasternAsia,920,Afghanistan,4,57,78,851,914,1708,1766,3776,37,50,417,474,854,897,1982,20,28,434,440,854,869,1794
3973,SouthEasternAsia,920,Bangladesh,50,35900,56445,90011,259637,430325,482652,507999,31310,38811,54007,149030,246607,278999,298921,4590,17634,36004,110607,183718,203653,209078
3974,SouthEasternAsia,920,Bhutan,64,0,0,0,0,0,0,0,0,0,0,0,0,0,0,0,0,0,0,0,0,0
3975,SouthEasternAsia,920,India,356,92583,131591,191466,242568,305032,345177,359050,45436,72902,111367,137834,170851,194447,204231,47147,58689,80099,104734,134181,150730,154819
3976,SouthEasternAsia,920,IranIslamicRepublicof,364,212,294,996,805,590,599,635,159,218,437,361,252,257,274,53,76,559,444,338,342,361
3977,SouthEasternAsia,920,Maldives,462,0,0,0,0,0,0,0,0,0,0,0,0,0,0,0,0,0,0,0,0,0
3978,SouthEasternAsia,920,Nepal,524,24560,41521,70234,143659,294195,571726,605862,13665,22528,37347,80129,167961,330308,357485,10895,18993,32887,63530,126234,241418,248377
3979,SouthEasternAsia,920,Pakistan,586,28175,41892,60515,102816,155446,220099,228197,18897,27363,38390,58871,85172,122346,127877,9278,14529,22125,43945,70274,97753,100320
3980,SouthEasternAsia,920,SriLanka,144,11550,13937,18691,20939,23839,27024,28117,5774,7018,9431,10730,12389,14145,14807,5776,6919,9260,10209,11450,12879,13310
3981,SouthEasternAsia,920,Armenia,51,31,41,141,114,133,135,143,17,22,72,60,66,67,72,14,19,69,54,67,68,71
3982,SouthEasternAsia,920,Azerbaijan,31,0,0,0,0,0,0,0,0,0,0,0,0,0,0,0,0,0,0,0,0,0
3983,SouthEasternAsia,920,Bahrain,48,19,25,8381,6783,110,111,117,13,17,4150,3412,54,54,58,6,8,4231,3371,56,57,59
3984,SouthEasternAsia,920,Cyprus,196,0,0,0,0,0,0,0,0,0,0,0,0,0,0,0,0,0,0,0,0,0
3985,SouthEasternAsia,920,Georgia,268,0,0,0,0,0,0,0,0,0,0,0,0,0,0,0,0,0,0,0,0,0
3986,SouthEasternAsia,920,Iraq,368,50,112,198,424,832,1396,1477,35,73,123,258,492,831,895,15,39,75,166,340,565,582
3987,SouthEasternAsia,920,Israel,376,59,79,555,449,605,614,652,47,63,266,219,283,287,306,12,16,289,230,322,327,346
3988,SouthEasternAsia,920,Jordan,400,5033,3453,1619,6041,10993,12153,12777,2501,1814,877,3622,6440,7226,7588,2532,1639,742,2419,4553,4927,5189
3989,SouthEasternAsia,920,Kuwait,414,47,63,56,45,168,171,181,35,47,30,25,88,90,97,12,16,26,20,80,81,84
3990,SouthEasternAsia,920,Lebanon,422,30,40,140,113,131,134,142,16,21,71,59,66,68,73,14,19,69,54,65,66,69
3991,SouthEasternAsia,920,Oman,512,93,125,428,346,401,408,433,51,68,217,178,198,203,217,42,57,211,168,203,205,216
3992,SouthEasternAsia,920,Qatar,634,27,36,126,101,119,120,126,15,20,64,52,60,60,64,12,16,62,49,59,60,62
3993,SouthEasternAsia,920,SaudiArabia,682,5771,3973,2669,2567,2768,2997,3158,2835,2042,1490,1516,1623,1778,1874,2936,1931,1179,1051,1145,1219,1284
3994,SouthEasternAsia,920,StateofPalestine,275,0,1,3,8,14,15,15,0,1,1,4,7,8,8,0,0,2,4,7,7,7
3995,SouthEasternAsia,920,SyrianArabRepublic,760,3484,2317,1146,1554,2106,2325,2442,1683,1157,625,922,1250,1399,1469,1801,1160,521,632,856,926,973
3996,SouthEasternAsia,920,Turkey,792,202,271,923,746,867,880,935,111,147,468,385,431,437,467,91,124,455,361,436,443,468
3997,SouthEasternAsia,920,UnitedArabEmirates,784,99,133,453,366,425,431,457,54,72,230,189,210,213,227,45,61,223,177,215,218,230
3998,SouthEasternAsia,920,Yemen,887,0,0,0,0,0,0,0,0,0,0,0,0,0,0,0,0,0,0,0,0,0
3999,SouthEasternAsia,920,Belarus,112,0,0,0,0,0,0,0,0,0,0,0,0,0,0,0,0,0,0,0,0,0
4000,SouthEasternAsia,920,Bulgaria,100,0,0,0,0,0,0,0,0,0,0,0,0,0,0,0,0,0,0,0,0,0
4001,SouthEasternAsia,920,Czechia,203,0,0,0,0,0,0,0,0,0,0,0,0,0,0,0,0,0,0,0,0,0
4002,SouthEasternAsia,920,Hungary,348,3,4,125,101,240,244,258,1,2,99,81,189,192,204,2,2,26,20,51,52,54
4003,SouthEasternAsia,920,Poland,616,12,16,75,60,108,110,116,9,12,25,21,32,33,36,3,4,50,39,76,77,80
4004,SouthEasternAsia,920,RepublicofMoldova,498,0,0,0,0,0,0,0,0,0,0,0,0,0,0,0,0,0,0,0,0,0
4005,SouthEasternAsia,920,Romania,642,2,2,154,124,34,35,36,2,2,82,67,18,19,21,0,0,72,57,16,16,15
4006,SouthEasternAsia,920,RussianFederation,643,37,67,139,110,98,97,101,17,30,91,73,69,70,75,20,37,48,37,29,27,26
4007,SouthEasternAsia,920,Slovakia,703,0,0,0,0,0,0,0,0,0,0,0,0,0,0,0,0,0,0,0,0,0
4008,SouthEasternAsia,920,Ukraine,804,0,0,0,0,0,0,0,0,0,0,0,0,0,0,0,0,0,0,0,0,0
4009,SouthEasternAsia,920,ChannelIslands,830,0,0,0,0,0,0,0,0,0,0,0,0,0,0,0,0,0,0,0,0,0
4010,SouthEasternAsia,920,Denmark,208,611,636,1283,1181,1029,1078,1133,448,452,706,674,612,645,677,163,184,577,507,417,433,456
4011,SouthEasternAsia,920,Estonia,233,0,0,0,0,0,0,0,0,0,0,0,0,0,0,0,0,0,0,0,0,0
4012,SouthEasternAsia,920,FaroeIslands,234,0,0,0,0,0,0,0,0,0,0,0,0,0,0,0,0,0,0,0,0,0
4013,SouthEasternAsia,920,Finland,246,9,12,430,348,110,112,118,7,10,247,203,63,64,68,2,2,183,145,47,48,50
4014,SouthEasternAsia,920,Iceland,352,0,0,58,46,53,53,55,0,0,46,37,42,42,45,0,0,12,9,11,11,10
4015,SouthEasternAsia,920,Ireland,372,33,44,212,171,425,431,457,27,36,125,102,246,250,266,6,8,87,69,179,181,191
4016,SouthEasternAsia,920,IsleofMan,833,0,0,0,0,0,0,0,0,0,0,0,0,0,0,0,0,0,0,0,0,0
4017,SouthEasternAsia,920,Latvia,428,0,0,0,0,0,0,0,0,0,0,0,0,0,0,0,0,0,0,0,0,0
4018,SouthEasternAsia,920,Lithuania,440,0,0,0,0,0,0,0,0,0,0,0,0,0,0,0,0,0,0,0,0,0
4019,SouthEasternAsia,920,Norway,578,912,866,1981,1660,1306,1365,1438,492,485,1050,884,687,718,757,420,381,931,776,619,647,681
4020,SouthEasternAsia,920,Sweden,752,348,549,791,731,1241,1297,1367,250,390,551,490,817,854,902,98,159,240,241,424,443,465
4021,SouthEasternAsia,920,UnitedKingdom,826,32660,29199,51681,57463,46289,51686,54552,18149,16403,26861,31115,25808,29304,31026,14511,12796,24820,26348,20481,22382,23526
4022,SouthEasternAsia,920,Albania,8,421,566,582,471,114,116,122,209,276,286,236,55,56,60,212,290,296,235,59,60,62
4023,SouthEasternAsia,920,Andorra,20,0,0,0,0,0,0,0,0,0,0,0,0,0,0,0,0,0,0,0,0,0
4024,SouthEasternAsia,920,BosniaandHerzegovina,70,0,0,0,0,0,0,0,0,0,0,0,0,0,0,0,0,0,0,0,0,0
4025,SouthEasternAsia,920,Croatia,191,0,0,0,0,0,0,0,0,0,0,0,0,0,0,0,0,0,0,0,0,0
4026,SouthEasternAsia,920,Gibraltar,292,0,0,0,0,0,0,0,0,0,0,0,0,0,0,0,0,0,0,0,0,0
4027,SouthEasternAsia,920,Greece,300,19,25,245,198,150,153,161,12,16,140,115,84,87,92,7,9,105,83,66,66,69
4028,SouthEasternAsia,920,HolySee,336,0,0,0,0,0,0,0,0,0,0,0,0,0,0,0,0,0,0,0,0,0
4029,SouthEasternAsia,920,Italy,380,876,895,1708,1439,2289,2354,2491,616,618,1016,865,1249,1291,1367,260,277,692,574,1040,1063,1124
4030,SouthEasternAsia,920,Malta,470,0,0,0,0,0,0,0,0,0,0,0,0,0,0,0,0,0,0,0,0,0
4031,SouthEasternAsia,920,Montenegro,499,0,0,0,0,0,0,0,0,0,0,0,0,0,0,0,0,0,0,0,0,0
4032,SouthEasternAsia,920,NorthMacedonia,807,0,0,0,0,0,0,0,0,0,0,0,0,0,0,0,0,0,0,0,0,0
4033,SouthEasternAsia,920,Portugal,620,336,402,533,699,884,862,883,174,211,275,366,468,481,494,162,191,258,333,416,381,389
4034,SouthEasternAsia,920,SanMarino,674,0,0,0,0,0,0,0,0,0,0,0,0,0,0,0,0,0,0,0,0,0
4035,SouthEasternAsia,920,Serbia,688,0,0,0,0,0,0,0,0,0,0,0,0,0,0,0,0,0,0,0,0,0
4036,SouthEasternAsia,920,Slovenia,705,0,0,0,0,0,0,0,0,0,0,0,0,0,0,0,0,0,0,0,0,0
4037,SouthEasternAsia,920,Spain,724,257,345,83,67,1284,1305,1388,124,163,35,29,515,526,562,133,182,48,38,769,779,826
4038,SouthEasternAsia,920,Austria,40,92,123,1657,1341,495,503,533,58,77,921,755,270,275,292,34,46,736,586,225,228,241
4039,SouthEasternAsia,920,Belgium,56,76,102,848,686,524,533,566,57,76,394,325,236,241,257,19,26,454,361,288,292,309
4040,SouthEasternAsia,920,France,250,1695,1874,2378,2101,2881,2992,3158,1227,1331,1641,1450,1837,1917,2027,468,543,737,651,1044,1075,1131
4041,SouthEasternAsia,920,Germany,276,3273,3297,4245,3631,5895,6105,6455,2679,2656,3193,2710,4005,4164,4403,594,641,1052,921,1890,1941,2052
4042,SouthEasternAsia,920,Liechtenstein,438,0,0,0,0,0,0,0,0,0,0,0,0,0,0,0,0,0,0,0,0,0
4043,SouthEasternAsia,920,Luxembourg,442,0,0,0,0,0,0,0,0,0,0,0,0,0,0,0,0,0,0,0,0,0
4044,SouthEasternAsia,920,Monaco,492,0,0,0,0,0,0,0,0,0,0,0,0,0,0,0,0,0,0,0,0,0
4045,SouthEasternAsia,920,Netherlands,528,1422,1281,1283,4213,7719,8445,8888,902,833,855,2712,4796,5307,5583,520,448,428,1501,2923,3138,3305
4046,SouthEasternAsia,920,Switzerland,756,620,955,1366,1199,1887,1966,2074,477,737,1054,916,1331,1391,1469,143,218,312,283,556,575,605
4047,SouthEasternAsia,920,Anguilla,660,0,0,0,0,0,0,0,0,0,0,0,0,0,0,0,0,0,0,0,0,0
4048,SouthEasternAsia,920,AntiguaandBarbuda,28,0,0,0,0,0,0,0,0,0,0,0,0,0,0,0,0,0,0,0,0,0
4049,SouthEasternAsia,920,Aruba,533,9,12,67,54,62,63,65,6,8,38,31,34,35,37,3,4,29,23,28,28,28
4050,SouthEasternAsia,920,Bahamas,44,0,0,0,0,0,0,0,0,0,0,0,0,0,0,0,0,0,0,0,0,0
4051,SouthEasternAsia,920,Barbados,52,0,0,0,0,0,0,0,0,0,0,0,0,0,0,0,0,0,0,0,0,0
4052,SouthEasternAsia,920,Bonaire,16,535,0,0,0,0,0,0,0,0,0,0,0,0,0,0,0,0,0,0,0,0
4053,SouthEasternAsia,920,BritishVirginIslands,92,0,0,0,0,0,0,0,0,0,0,0,0,0,0,0,0,0,0,0,0,0
4054,SouthEasternAsia,920,CaymanIslands,136,0,0,0,0,0,0,0,0,0,0,0,0,0,0,0,0,0,0,0,0,0
4055,SouthEasternAsia,920,Cuba,192,85,92,101,107,110,29,27,41,44,47,50,51,17,17,44,48,54,57,59,12,10
4056,SouthEasternAsia,920,CuraÃao,531,0,0,0,0,0,0,0,0,0,0,0,0,0,0,0,0,0,0,0,0,0
4057,SouthEasternAsia,920,Dominica,212,0,0,0,0,0,0,0,0,0,0,0,0,0,0,0,0,0,0,0,0,0
4058,SouthEasternAsia,920,DominicanRepublic,214,0,0,0,0,0,0,0,0,0,0,0,0,0,0,0,0,0,0,0,0,0
4059,SouthEasternAsia,920,Grenada,308,0,0,0,0,0,0,0,0,0,0,0,0,0,0,0,0,0,0,0,0,0
4060,SouthEasternAsia,920,Guadeloupe,312,0,0,0,0,0,0,0,0,0,0,0,0,0,0,0,0,0,0,0,0,0
4061,SouthEasternAsia,920,Haiti,332,0,0,0,0,0,0,0,0,0,0,0,0,0,0,0,0,0,0,0,0,0
4062,SouthEasternAsia,920,Jamaica,388,0,0,0,0,0,0,0,0,0,0,0,0,0,0,0,0,0,0,0,0,0
4063,SouthEasternAsia,920,Martinique,474,0,0,0,0,0,0,0,0,0,0,0,0,0,0,0,0,0,0,0,0,0
4064,SouthEasternAsia,920,Montserrat,500,0,0,0,0,0,0,0,0,0,0,0,0,0,0,0,0,0,0,0,0,0
4065,SouthEasternAsia,920,PuertoRico,630,8,10,54,43,51,51,53,6,8,25,20,23,23,25,2,2,29,23,28,28,28
4066,SouthEasternAsia,920,SaintBarthelemy,652,0,0,0,0,0,0,0,0,0,0,0,0,0,0,0,0,0,0,0,0,0
4067,SouthEasternAsia,920,SaintKittsandNevis,659,0,0,0,0,0,0,0,0,0,0,0,0,0,0,0,0,0,0,0,0,0
4068,SouthEasternAsia,920,SaintLucia,662,0,0,0,0,0,0,0,0,0,0,0,0,0,0,0,0,0,0,0,0,0
4069,SouthEasternAsia,920,SaintMartinFrenchpart,663,0,0,0,0,0,0,0,0,0,0,0,0,0,0,0,0,0,0,0,0,0
4070,SouthEasternAsia,920,SaintVincentandtheGrenadines,670,0,0,0,0,0,0,0,0,0,0,0,0,0,0,0,0,0,0,0,0,0
4071,SouthEasternAsia,920,SintMaartenDutchpart,534,0,0,0,0,0,0,0,0,0,0,0,0,0,0,0,0,0,0,0,0,0
4072,SouthEasternAsia,920,TrinidadandTobago,780,0,0,0,0,0,0,0,0,0,0,0,0,0,0,0,0,0,0,0,0,0
4073,SouthEasternAsia,920,TurksandCaicosIslands,796,0,0,0,0,0,0,0,0,0,0,0,0,0,0,0,0,0,0,0,0,0
4074,SouthEasternAsia,920,UnitedStatesVirginIslands,850,0,0,0,0,0,0,0,0,0,0,0,0,0,0,0,0,0,0,0,0,0
4075,SouthEasternAsia,920,Belize,84,0,0,0,0,0,0,0,0,0,0,0,0,0,0,0,0,0,0,0,0,0
4076,SouthEasternAsia,920,CostaRica,188,21,28,29,23,38,39,40,15,20,29,23,38,39,40,6,8,0,0,0,0,0
4077,SouthEasternAsia,920,ElSalvador,222,0,0,0,0,0,0,0,0,0,0,0,0,0,0,0,0,0,0,0,0,0
4078,SouthEasternAsia,920,Guatemala,320,9,12,276,223,34,34,35,4,6,111,92,14,13,15,5,6,165,131,20,21,20
4079,SouthEasternAsia,920,Honduras,340,0,0,0,0,0,0,0,0,0,0,0,0,0,0,0,0,0,0,0,0,0
4080,SouthEasternAsia,920,Mexico,484,31,41,105,84,143,145,152,23,31,63,51,85,87,92,8,10,42,33,58,58,60
4081,SouthEasternAsia,920,Nicaragua,558,0,0,0,0,0,0,0,0,0,0,0,0,0,0,0,0,0,0,0,0,0
4082,SouthEasternAsia,920,Panama,591,0,0,0,0,0,0,0,0,0,0,0,0,0,0,0,0,0,0,0,0,0
4083,SouthEasternAsia,920,Argentina,32,32,43,657,531,146,148,155,21,28,396,324,88,89,94,11,15,261,207,58,59,61
4084,SouthEasternAsia,920,BoliviaPlurinationalStateof,68,108,145,531,429,34,35,36,61,81,273,224,18,18,20,47,64,258,205,16,17,16
4085,SouthEasternAsia,920,Brazil,76,275,330,4327,3547,357,228,235,113,138,2137,1770,150,117,123,162,192,2190,1777,207,111,112
4086,SouthEasternAsia,920,Chile,152,9,12,108,87,92,93,97,3,4,46,38,38,39,41,6,8,62,49,54,54,56
4087,SouthEasternAsia,920,Colombia,170,156,209,56,45,123,125,131,81,107,41,34,89,90,95,75,102,15,11,34,35,36
4088,SouthEasternAsia,920,Ecuador,218,105,141,481,389,452,459,487,58,77,244,201,224,227,242,47,64,237,188,228,232,245
4089,SouthEasternAsia,920,FalklandIslandsMalvinas,238,0,0,0,0,0,0,0,0,0,0,0,0,0,0,0,0,0,0,0,0,0
4090,SouthEasternAsia,920,FrenchGuiana,254,0,0,0,0,0,0,0,0,0,0,0,0,0,0,0,0,0,0,0,0,0
4091,SouthEasternAsia,920,Guyana,328,0,0,0,0,0,0,0,0,0,0,0,0,0,0,0,0,0,0,0,0,0
4092,SouthEasternAsia,920,Paraguay,600,0,0,0,0,0,0,0,0,0,0,0,0,0,0,0,0,0,0,0,0,0
4093,SouthEasternAsia,920,Peru,604,6,8,512,414,110,111,117,5,7,249,205,53,54,58,1,1,263,209,57,57,59
4094,SouthEasternAsia,920,Suriname,740,28,37,131,106,123,125,131,15,20,66,55,60,62,67,13,17,65,51,63,63,64
4095,SouthEasternAsia,920,Uruguay,858,0,0,0,0,0,0,0,0,0,0,0,0,0,0,0,0,0,0,0,0,0
4096,SouthEasternAsia,920,VenezuelaBolivarianRepublicof,862,0,0,0,0,0,0,0,0,0,0,0,0,0,0,0,0,0,0,0,0,0
4097,SouthEasternAsia,920,Bermuda,60,0,0,0,0,0,0,0,0,0,0,0,0,0,0,0,0,0,0,0,0,0
4098,SouthEasternAsia,920,Canada,124,2594,2806,4153,6220,13179,14325,14974,1463,1574,2392,3485,7199,7843,8207,1131,1232,1761,2735,5980,6482,6767
4099,SouthEasternAsia,920,Greenland,304,0,0,0,0,0,0,0,0,0,0,0,0,0,0,0,0,0,0,0,0,0
4100,SouthEasternAsia,920,SaintPierreandMiquelon,666,0,0,0,0,0,0,0,0,0,0,0,0,0,0,0,0,0,0,0,0,0
4101,SouthEasternAsia,920,UnitedStatesofAmerica,840,32085,37376,50028,51382,67081,71690,75251,18352,21820,27317,28491,36112,38788,40739,13733,15556,22711,22891,30969,32902,34512
4102,SouthEasternAsia,920,Australia,36,13038,12911,14751,20737,29828,33475,34914,7411,7341,8244,11667,16613,18852,19754,5627,5570,6507,9070,13215,14623,15160
4103,SouthEasternAsia,920,NewZealand,554,4691,4900,5852,6546,7729,8672,8994,2177,2376,2860,3244,3912,4400,4598,2514,2524,2992,3302,3817,4272,4396
4104,SouthEasternAsia,920,Fiji,242,0,0,0,0,0,0,0,0,0,0,0,0,0,0,0,0,0,0,0,0,0
4105,SouthEasternAsia,920,NewCaledonia,540,0,0,0,0,0,0,0,0,0,0,0,0,0,0,0,0,0,0,0,0,0
4106,SouthEasternAsia,920,PapuaNewGuinea,598,9,12,373,301,59,60,62,9,12,171,141,27,27,28,0,0,202,160,32,33,34
4107,SouthEasternAsia,920,SolomonIslands,90,0,0,0,0,0,0,0,0,0,0,0,0,0,0,0,0,0,0,0,0,0
4108,SouthEasternAsia,920,Vanuatu,548,0,0,0,0,0,0,0,0,0,0,0,0,0,0,0,0,0,0,0,0,0
4109,SouthEasternAsia,920,Guam,316,58,78,1056,854,992,1008,1071,38,51,483,398,442,451,481,20,27,573,456,550,557,590
4110,SouthEasternAsia,920,Kiribati,296,0,0,0,0,0,0,0,0,0,0,0,0,0,0,0,0,0,0,0,0,0
4111,SouthEasternAsia,920,MarshallIslands,584,0,0,0,0,0,0,0,0,0,0,0,0,0,0,0,0,0,0,0,0,0
4112,SouthEasternAsia,920,MicronesiaFedStatesof,583,0,0,0,0,0,0,0,0,0,0,0,0,0,0,0,0,0,0,0,0,0
4113,SouthEasternAsia,920,Nauru,520,0,0,0,0,0,0,0,0,0,0,0,0,0,0,0,0,0,0,0,0,0
4114,SouthEasternAsia,920,NorthernMarianaIslands,580,0,0,0,0,0,0,0,0,0,0,0,0,0,0,0,0,0,0,0,0,0
4115,SouthEasternAsia,920,Palau,585,3,4,1186,959,34,34,35,3,4,532,438,16,15,17,0,0,654,521,18,19,18
4116,SouthEasternAsia,920,AmericanSamoa,16,0,0,0,0,0,0,0,0,0,0,0,0,0,0,0,0,0,0,0,0,0
4117,SouthEasternAsia,920,CookIslands,184,0,0,0,0,0,0,0,0,0,0,0,0,0,0,0,0,0,0,0,0,0
4118,SouthEasternAsia,920,FrenchPolynesia,258,0,0,0,0,0,0,0,0,0,0,0,0,0,0,0,0,0,0,0,0,0
4119,SouthEasternAsia,920,Niue,570,0,0,0,0,0,0,0,0,0,0,0,0,0,0,0,0,0,0,0,0,0
4120,SouthEasternAsia,920,Samoa,882,0,0,0,0,0,0,0,0,0,0,0,0,0,0,0,0,0,0,0,0,0
4121,SouthEasternAsia,920,Tokelau,772,0,0,0,0,0,0,0,0,0,0,0,0,0,0,0,0,0,0,0,0,0
4122,SouthEasternAsia,920,Tonga,776,0,0,0,0,0,0,0,0,0,0,0,0,0,0,0,0,0,0,0,0,0
4123,SouthEasternAsia,920,Tuvalu,798,0,0,0,0,0,0,0,0,0,0,0,0,0,0,0,0,0,0,0,0,0
4124,SouthEasternAsia,920,WallisandFutunaIslands,876,0,0,0,0,0,0,0,0,0,0,0,0,0,0,0,0,0,0,0,0,0
4125,EasternAsia,906,SubSaharanAfrica,947,791,2796,4188,5823,7355,6907,9420,403,1377,2040,2855,3661,3385,4726,388,1419,2148,2968,3694,3522,4694
4126,EasternAsia,906,NorthernAfricaandWesternAsia,1833,477,765,1236,1651,1773,1969,2195,249,381,592,770,821,883,985,228,384,644,881,952,1086,1210
4127,EasternAsia,906,CentralandSouthernAsia,921,39030,71387,99728,136385,184163,231903,317882,20988,40336,58954,80515,116221,139855,186117,18042,31051,40774,55870,67942,92048,131765
4128,EasternAsia,906,EasternandSouthEasternAsia,1832,3433664,3771549,4238259,5124882,5959116,6640059,7382944,1744073,1881092,2045697,2406670,2738205,3085626,3392525,1689591,1890457,2192562,2718212,3220911,3554433,3990419
4129,EasternAsia,906,LatinAmericaandtheCaribbean,1830,74357,235157,335310,316553,344048,292094,331677,38058,113741,157074,149526,163834,152352,172825,36299,121416,178236,167027,180214,139742,158852
4130,EasternAsia,906,OceaniaexcludingAustraliaandNewZealand,1835,0,0,0,0,0,0,0,0,0,0,0,0,0,0,0,0,0,0,0,0,0
4131,EasternAsia,906,AustraliaandNewZealand,927,13913,19111,26005,28549,33300,33770,40224,7813,10334,13660,15673,19085,18695,23086,6100,8777,12345,12876,14215,15075,17138
4132,EasternAsia,906,EuropeandNorthernAmerica,1829,129673,165707,204841,234387,261441,290678,341949,70777,87336,106714,129829,147022,168438,197093,58896,78371,98127,104558,114419,122240,144856
4133,EasternAsia,906,Developedregions,901,158990,206148,260777,293386,331206,361768,425392,87032,107638,133134,158780,181058,204189,236945,71958,98510,127643,134606,150148,157579,188447
4134,EasternAsia,906,Lessdevelopedregions,902,3532915,4060324,4648790,5554844,6459990,7135612,8000899,1795329,2026959,2251597,2627058,3007791,3365045,3740412,1737586,2033365,2397193,2927786,3452199,3770567,4260487
4135,EasternAsia,906,Lessdevelopedregions,902,934,3521776,4039970,4618105,5513597,6403448,7012850,7833182,1789252,2014203,2230800,2600995,2971765,3294739,3652310,1732524,2025767,2387305,2912602,3431683,3718111
4136,EasternAsia,906,Lessdevelopedregions,902,948,1437109,1729397,2027584,2168371,2477527,2730200,3346749,659429,805226,925971,1005005,1172128,1345060,1659529,777680,924171,1101613,1163366,1305399,1385140
4137,EasternAsia,906,Leastdevelopedcountries,941,11139,20354,30685,41247,56542,122762,167717,6077,12756,20797,26063,36026,70306,88102,5062,7598,9888,15184,20516,52456,79615
4138,EasternAsia,906,LandlockedDevelopingCountriesLLDC,1636,7047,11670,17609,33883,70224,108562,141262,3694,6943,11222,22077,47285,73024,89826,3353,4727,6387,11806,22939,35538,51436
4139,EasternAsia,906,SmallislanddevelopingStatesSIDS,1637,7813,8963,10096,11274,12187,12331,13342,3870,4372,4866,5184,5379,5261,5500,3943,4591,5230,6090,6808,7070,7842
4140,EasternAsia,906,Highincomecountries,1503,970632,1005745,1043402,1078036,1271770,1263022,1357467,495722,521791,524488,557593,663879,694568,745535,474910,483954,518914,520443,607891,568454,611932
4141,EasternAsia,906,Middleincomecountries,1517,2721222,3260671,3866103,4769923,5518914,6233725,7068146,1386615,1612777,1860210,2228053,2524588,2874238,3231362,1334607,1647894,2005893,2541870,2994326,3359487,3836784
4142,EasternAsia,906,Uppermiddleincomecountries,1502,2242244,2688182,3136913,3849243,4430654,4845640,5249835,1174455,1357545,1530672,1790530,1988902,2185534,2332160,1067789,1330637,1606241,2058713,2441752,2660106,2917675
4143,EasternAsia,906,Lowermiddleincomecountries,1501,478978,572489,729190,920680,1088260,1388085,1818311,212160,255232,329538,437523,535686,688704,899202,266818,317257,399652,483157,552574,699381,919109
4144,EasternAsia,906,Lowincomecountries,1500,51,56,62,271,512,633,678,24,29,33,192,382,428,460,27,27,29,79,130,205,218
4145,EasternAsia,906,EasternAfrica,910,0,0,0,0,0,0,0,0,0,0,0,0,0,0,0,0,0,0,0,0,0
4146,EasternAsia,906,MiddleAfrica,911,0,0,0,0,0,0,0,0,0,0,0,0,0,0,0,0,0,0,0,0,0
4147,EasternAsia,906,NorthernAfrica,912,368,645,1103,1503,1593,1747,1959,187,309,510,685,717,780,875,181,336,593,818,876,967,1084
4148,EasternAsia,906,SouthernAfrica,913,0,190,442,830,1549,1212,2160,0,83,200,375,671,510,909,0,107,242,455,878,702,1251
4149,EasternAsia,906,WesternAfrica,914,791,2606,3746,4993,5806,5695,7260,403,1294,1840,2480,2990,2875,3817,388,1312,1906,2513,2816,2820,3443
4150,EasternAsia,906,CentralAsia,5500,655,3014,6156,11867,32244,45633,59664,339,2109,4503,8653,23868,33304,43336,316,905,1653,3214,8376,12329,16328
4151,EasternAsia,906,EasternAsia,906,2846041,3073620,3355873,4054130,4724730,5070782,5342694,1513079,1604987,1687957,1953400,2202414,2370204,2441375,1332962,1468633,1667916,2100730,2522316,2700578,2901319
4152,EasternAsia,906,SouthEasternAsia,920,587623,697929,882386,1070752,1234386,1569277,2040250,230994,276105,357740,453270,535791,715422,951150,356629,421824,524646,617482,698595,853855,1089100
4153,EasternAsia,906,SouthernAsia,5501,38375,68373,93572,124518,151919,186270,258218,20649,38227,54451,71862,92353,106551,142781,17726,30146,39121,52656,59566,79719,115437
4154,EasternAsia,906,WesternAsia,922,109,120,133,148,180,222,236,62,72,82,85,104,103,110,47,48,51,63,76,119,126
4155,EasternAsia,906,EasternEurope,923,3985,7811,12998,15310,16801,18288,22061,1907,3452,5532,6697,7336,7659,8938,2078,4359,7466,8613,9465,10629,13123
4156,EasternAsia,906,NorthernEurope,924,27044,32705,39986,42285,47626,49580,56013,15631,18386,21992,23524,26704,27709,31187,11413,14319,17994,18761,20922,21871,24826
4157,EasternAsia,906,SouthernEurope,925,6391,7475,5851,7718,8042,9634,11814,3396,3848,3053,3925,4012,4577,5550,2995,3627,2798,3793,4030,5057,6264
4158,EasternAsia,906,WesternEurope,926,14397,16678,20298,25491,27831,29764,36383,8214,9265,11122,13513,14789,15323,18273,6183,7413,9176,11978,13042,14441,18110
4159,EasternAsia,906,Caribbean,915,0,0,0,0,0,0,0,0,0,0,0,0,0,0,0,0,0,0,0,0,0
4160,EasternAsia,906,CentralAmerica,916,786,1255,1740,1845,1956,2141,2735,400,602,804,841,880,956,1222,386,653,936,1004,1076,1185,1513
4161,EasternAsia,906,SouthAmerica,931,73571,233902,333570,314708,342092,289953,328942,37658,113139,156270,148685,162954,151396,171603,35913,120763,177300,166023,179138,138557,157339
4162,EasternAsia,906,Melanesia,928,0,0,0,0,0,0,0,0,0,0,0,0,0,0,0,0,0,0,0,0,0
4163,EasternAsia,906,Micronesia,954,0,0,0,0,0,0,0,0,0,0,0,0,0,0,0,0,0,0,0,0,0
4164,EasternAsia,906,Polynesia,957,0,0,0,0,0,0,0,0,0,0,0,0,0,0,0,0,0,0,0,0,0
4165,EasternAsia,906,Burundi,108,0,0,0,0,0,0,0,0,0,0,0,0,0,0,0,0,0,0,0,0,0
4166,EasternAsia,906,Comoros,174,0,0,0,0,0,0,0,0,0,0,0,0,0,0,0,0,0,0,0,0,0
4167,EasternAsia,906,Djibouti,262,0,0,0,0,0,0,0,0,0,0,0,0,0,0,0,0,0,0,0,0,0
4168,EasternAsia,906,Eritrea,232,0,0,0,0,0,0,0,0,0,0,0,0,0,0,0,0,0,0,0,0,0
4169,EasternAsia,906,Ethiopia,231,0,0,0,0,0,0,0,0,0,0,0,0,0,0,0,0,0,0,0,0,0
4170,EasternAsia,906,Kenya,404,0,0,0,0,0,0,0,0,0,0,0,0,0,0,0,0,0,0,0,0,0
4171,EasternAsia,906,Madagascar,450,0,0,0,0,0,0,0,0,0,0,0,0,0,0,0,0,0,0,0,0,0
4172,EasternAsia,906,Malawi,454,0,0,0,0,0,0,0,0,0,0,0,0,0,0,0,0,0,0,0,0,0
4173,EasternAsia,906,Mauritius,480,0,0,0,0,0,0,0,0,0,0,0,0,0,0,0,0,0,0,0,0,0
4174,EasternAsia,906,Mayotte,175,0,0,0,0,0,0,0,0,0,0,0,0,0,0,0,0,0,0,0,0,0
4175,EasternAsia,906,Mozambique,508,0,0,0,0,0,0,0,0,0,0,0,0,0,0,0,0,0,0,0,0,0
4176,EasternAsia,906,Reunion,638,0,0,0,0,0,0,0,0,0,0,0,0,0,0,0,0,0,0,0,0,0
4177,EasternAsia,906,Rwanda,646,0,0,0,0,0,0,0,0,0,0,0,0,0,0,0,0,0,0,0,0,0
4178,EasternAsia,906,Seychelles,690,0,0,0,0,0,0,0,0,0,0,0,0,0,0,0,0,0,0,0,0,0
4179,EasternAsia,906,Somalia,706,0,0,0,0,0,0,0,0,0,0,0,0,0,0,0,0,0,0,0,0,0
4180,EasternAsia,906,SouthSudan,728,0,0,0,0,0,0,0,0,0,0,0,0,0,0,0,0,0,0,0,0,0
4181,EasternAsia,906,Uganda,800,0,0,0,0,0,0,0,0,0,0,0,0,0,0,0,0,0,0,0,0,0
4182,EasternAsia,906,UnitedRepublicofTanzania,834,0,0,0,0,0,0,0,0,0,0,0,0,0,0,0,0,0,0,0,0,0
4183,EasternAsia,906,Zambia,894,0,0,0,0,0,0,0,0,0,0,0,0,0,0,0,0,0,0,0,0,0
4184,EasternAsia,906,Zimbabwe,716,0,0,0,0,0,0,0,0,0,0,0,0,0,0,0,0,0,0,0,0,0
4185,EasternAsia,906,Angola,24,0,0,0,0,0,0,0,0,0,0,0,0,0,0,0,0,0,0,0,0,0
4186,EasternAsia,906,Cameroon,120,0,0,0,0,0,0,0,0,0,0,0,0,0,0,0,0,0,0,0,0,0
4187,EasternAsia,906,CentralAfricanRepublic,140,0,0,0,0,0,0,0,0,0,0,0,0,0,0,0,0,0,0,0,0,0
4188,EasternAsia,906,Chad,148,0,0,0,0,0,0,0,0,0,0,0,0,0,0,0,0,0,0,0,0,0
4189,EasternAsia,906,Congo,178,0,0,0,0,0,0,0,0,0,0,0,0,0,0,0,0,0,0,0,0,0
4190,EasternAsia,906,DemocraticRepublicoftheCongo,180,0,0,0,0,0,0,0,0,0,0,0,0,0,0,0,0,0,0,0,0,0
4191,EasternAsia,906,EquatorialGuinea,226,0,0,0,0,0,0,0,0,0,0,0,0,0,0,0,0,0,0,0,0,0
4192,EasternAsia,906,Gabon,266,0,0,0,0,0,0,0,0,0,0,0,0,0,0,0,0,0,0,0,0,0
4193,EasternAsia,906,SaoTomeandPrincipe,678,0,0,0,0,0,0,0,0,0,0,0,0,0,0,0,0,0,0,0,0,0
4194,EasternAsia,906,Algeria,12,0,0,0,0,0,0,0,0,0,0,0,0,0,0,0,0,0,0,0,0,0
4195,EasternAsia,906,Egypt,818,368,645,1103,1503,1593,1747,1959,187,309,510,685,717,780,875,181,336,593,818,876,967,1084
4196,EasternAsia,906,Libya,434,0,0,0,0,0,0,0,0,0,0,0,0,0,0,0,0,0,0,0,0,0
4197,EasternAsia,906,Morocco,504,0,0,0,0,0,0,0,0,0,0,0,0,0,0,0,0,0,0,0,0,0
4198,EasternAsia,906,Sudan,729,0,0,0,0,0,0,0,0,0,0,0,0,0,0,0,0,0,0,0,0,0
4199,EasternAsia,906,Tunisia,788,0,0,0,0,0,0,0,0,0,0,0,0,0,0,0,0,0,0,0,0,0
4200,EasternAsia,906,WesternSahara,732,0,0,0,0,0,0,0,0,0,0,0,0,0,0,0,0,0,0,0,0,0
4201,EasternAsia,906,Botswana,72,0,0,0,0,0,0,0,0,0,0,0,0,0,0,0,0,0,0,0,0,0
4202,EasternAsia,906,Eswatini,748,0,0,0,0,0,0,0,0,0,0,0,0,0,0,0,0,0,0,0,0,0
4203,EasternAsia,906,Lesotho,426,0,0,0,0,0,0,0,0,0,0,0,0,0,0,0,0,0,0,0,0,0
4204,EasternAsia,906,Namibia,516,0,0,0,0,0,0,0,0,0,0,0,0,0,0,0,0,0,0,0,0,0
4205,EasternAsia,906,SouthAfrica,710,0,190,442,830,1549,1212,2160,0,83,200,375,671,510,909,0,107,242,455,878,702,1251
4206,EasternAsia,906,Benin,204,0,0,0,0,0,0,0,0,0,0,0,0,0,0,0,0,0,0,0,0,0
4207,EasternAsia,906,BurkinaFaso,854,0,0,0,0,0,0,0,0,0,0,0,0,0,0,0,0,0,0,0,0,0
4208,EasternAsia,906,CaboVerde,132,0,0,0,0,0,0,0,0,0,0,0,0,0,0,0,0,0,0,0,0,0
4209,EasternAsia,906,CotedIvoire,384,0,0,0,0,0,0,0,0,0,0,0,0,0,0,0,0,0,0,0,0,0
4210,EasternAsia,906,Gambia,270,0,0,0,0,0,0,0,0,0,0,0,0,0,0,0,0,0,0,0,0,0
4211,EasternAsia,906,Ghana,288,598,1187,1657,1776,1883,2005,2375,305,570,766,809,847,895,1061,293,617,891,967,1036,1110,1314
4212,EasternAsia,906,Guinea,324,0,0,0,0,0,0,0,0,0,0,0,0,0,0,0,0,0,0,0,0,0
4213,EasternAsia,906,GuineaBissau,624,0,0,0,0,0,0,0,0,0,0,0,0,0,0,0,0,0,0,0,0,0
4214,EasternAsia,906,Liberia,430,0,0,0,0,0,0,0,0,0,0,0,0,0,0,0,0,0,0,0,0,0
4215,EasternAsia,906,Mali,466,0,0,0,0,0,0,0,0,0,0,0,0,0,0,0,0,0,0,0,0,0
4216,EasternAsia,906,Mauritania,478,0,0,0,0,0,0,0,0,0,0,0,0,0,0,0,0,0,0,0,0,0
4217,EasternAsia,906,Niger,562,0,0,0,0,0,0,0,0,0,0,0,0,0,0,0,0,0,0,0,0,0
4218,EasternAsia,906,Nigeria,566,193,1419,2089,3217,3923,3690,4885,98,724,1074,1671,2143,1980,2756,95,695,1015,1546,1780,1710,2129
4219,EasternAsia,906,SaintHelena,654,0,0,0,0,0,0,0,0,0,0,0,0,0,0,0,0,0,0,0,0,0
4220,EasternAsia,906,Senegal,686,0,0,0,0,0,0,0,0,0,0,0,0,0,0,0,0,0,0,0,0,0
4221,EasternAsia,906,SierraLeone,694,0,0,0,0,0,0,0,0,0,0,0,0,0,0,0,0,0,0,0,0,0
4222,EasternAsia,906,Togo,768,0,0,0,0,0,0,0,0,0,0,0,0,0,0,0,0,0,0,0,0,0
4223,EasternAsia,906,Kazakhstan,398,625,1191,1958,1411,1315,1134,1937,315,704,1243,840,712,538,1002,310,487,715,571,603,596,935
4224,EasternAsia,906,Kyrgyzstan,417,0,0,0,635,1524,851,2126,0,0,0,375,885,486,1216,0,0,0,260,639,365,910
4225,EasternAsia,906,Tajikistan,762,0,0,0,0,0,0,0,0,0,0,0,0,0,0,0,0,0,0,0,0,0
4226,EasternAsia,906,Turkmenistan,795,0,0,0,0,0,0,0,0,0,0,0,0,0,0,0,0,0,0,0,0,0
4227,EasternAsia,906,Uzbekistan,860,30,1823,4198,9821,29405,43648,55601,24,1405,3260,7438,22271,32280,41118,6,418,938,2383,7134,11368,14483
4228,EasternAsia,906,China,156,2023030,2253678,2539585,3226570,3723323,4102862,4328585,1098013,1181691,1282715,1534612,1690891,1846670,1895377,925017,1071987,1256870,1691958,2032432,2256192,2433208
4229,EasternAsia,906,China,156,344,12455,13986,15731,85154,175210,213791,232233,6562,7325,8955,50985,105685,132582,144022,5893,6661,6776,34169,69525,81209
4230,EasternAsia,906,China,156,446,60321,63263,65890,74749,83930,88759,93332,31325,32717,33956,36456,39087,40733,41484,28996,30546,31934,38293,44843,48026
4231,EasternAsia,906,China,156,158,0,0,0,0,0,0,0,0,0,0,0,0,0,0,0,0,0,0,0,0
4232,EasternAsia,906,DemPeoplesRepublicofKorea,408,51,56,62,271,512,633,678,24,29,33,192,382,428,460,27,27,29,79,130,205,218
4233,EasternAsia,906,Japan,392,15404,21330,29931,30450,36465,37320,43219,8442,9968,12760,13278,14951,17056,16766,6962,11362,17171,17172,21514,20264,26453
4234,EasternAsia,906,Mongolia,496,112,703,1519,9094,20266,24452,31107,57,347,771,5422,11875,14037,17507,55,356,748,3672,8391,10415,13600
4235,EasternAsia,906,RepublicofKorea,410,734668,720604,703155,627842,685024,602965,613540,368656,372910,348767,312455,339543,318698,325759,366012,347694,354388,315387,345481,284267,287781
4236,EasternAsia,906,BruneiDarussalam,96,0,0,0,0,0,0,0,0,0,0,0,0,0,0,0,0,0,0,0,0,0
4237,EasternAsia,906,Cambodia,116,1174,1481,1805,7083,13546,44432,58772,600,718,848,3591,6883,21957,27980,574,763,957,3492,6663,22475,30792
4238,EasternAsia,906,Indonesia,360,100106,125725,162765,182602,209437,242441,280004,20522,31197,48184,50792,60060,74686,86784,79584,94528,114581,131810,149377,167755,193220
4239,EasternAsia,906,LaoPeoplesDemocraticRepublic,418,4,4,5,2,1,1,0,3,4,4,2,1,1,0,1,0,1,0,0,0,0
4240,EasternAsia,906,Malaysia,458,15904,18509,23380,25209,28150,29677,33093,8202,9373,11630,12383,13690,14319,15688,7702,9136,11750,12826,14460,15358,17405
4241,EasternAsia,906,Myanmar,104,88,552,1193,1978,3544,18128,26922,82,512,1107,1841,3292,10428,15671,6,40,86,137,252,7700,11251
4242,EasternAsia,906,Philippines,608,138754,189547,290331,369171,419788,482548,553251,38030,57087,99273,129342,145803,175258,205706,100724,132460,191058,239829,273985,307290,347545
4243,EasternAsia,906,Singapore,702,7813,8963,10096,11274,12187,12331,13342,3870,4372,4866,5184,5379,5261,5500,3943,4591,5230,6090,6808,7070,7842
4244,EasternAsia,906,Thailand,764,23261,37629,54926,76985,102024,155047,246360,6930,13307,21505,33570,49890,87517,148876,16331,24322,33421,43415,52134,67530,97484
4245,EasternAsia,906,TimorLeste,626,0,0,0,0,0,0,0,0,0,0,0,0,0,0,0,0,0,0,0,0,0
4246,EasternAsia,906,VietNam,704,300519,315519,337885,396448,445709,584672,828506,152755,159535,170323,216565,250793,325995,444945,147764,155984,167562,179883,194916,258677,383561
4247,EasternAsia,906,Afghanistan,4,0,0,0,0,0,0,0,0,0,0,0,0,0,0,0,0,0,0,0,0,0
4248,EasternAsia,906,Bangladesh,50,3609,10381,17768,19272,21741,21728,31534,2107,7051,12907,12637,14312,12241,15470,1502,3330,4861,6635,7429,9487,16064
4249,EasternAsia,906,Bhutan,64,0,0,0,0,0,0,0,0,0,0,0,0,0,0,0,0,0,0,0,0,0
4250,EasternAsia,906,India,356,16647,22096,29847,44491,50154,55635,68336,8731,11525,15421,22211,24976,27446,32903,7916,10571,14426,22280,25178,28189,35433
4251,EasternAsia,906,IranIslamicRepublicof,364,1237,8764,6167,4566,4841,4359,5411,630,4206,2849,2080,2177,1944,2414,607,4558,3318,2486,2664,2415,2997
4252,EasternAsia,906,Maldives,462,0,0,0,0,0,0,0,0,0,0,0,0,0,0,0,0,0,0,0,0,0
4253,EasternAsia,906,Nepal,524,6264,7936,9914,12912,17710,38473,50489,3285,4471,5931,7992,11538,25679,28981,2979,3465,3983,4920,6172,12794,21508
4254,EasternAsia,906,Pakistan,586,7943,13144,18864,23428,28164,28028,38643,4790,8040,11737,14364,18006,16357,24196,3153,5104,7127,9064,10158,11671,14447
4255,EasternAsia,906,SriLanka,144,2675,6052,11012,19849,29309,38047,63805,1106,2934,5606,12578,21344,22884,38817,1569,3118,5406,7271,7965,15163,24988
4256,EasternAsia,906,Armenia,51,0,0,0,0,0,0,0,0,0,0,0,0,0,0,0,0,0,0,0,0,0
4257,EasternAsia,906,Azerbaijan,31,0,0,0,0,0,0,0,0,0,0,0,0,0,0,0,0,0,0,0,0,0
4258,EasternAsia,906,Bahrain,48,0,0,0,0,0,0,0,0,0,0,0,0,0,0,0,0,0,0,0,0,0
4259,EasternAsia,906,Cyprus,196,0,0,0,0,0,0,0,0,0,0,0,0,0,0,0,0,0,0,0,0,0
4260,EasternAsia,906,Georgia,268,0,0,0,0,0,0,0,0,0,0,0,0,0,0,0,0,0,0,0,0,0
4261,EasternAsia,906,Iraq,368,0,0,0,0,0,0,0,0,0,0,0,0,0,0,0,0,0,0,0,0,0
4262,EasternAsia,906,Israel,376,0,0,0,0,0,0,0,0,0,0,0,0,0,0,0,0,0,0,0,0,0
4263,EasternAsia,906,Jordan,400,0,0,0,0,0,0,0,0,0,0,0,0,0,0,0,0,0,0,0,0,0
4264,EasternAsia,906,Kuwait,414,0,0,0,0,0,0,0,0,0,0,0,0,0,0,0,0,0,0,0,0,0
4265,EasternAsia,906,Lebanon,422,0,0,0,0,0,0,0,0,0,0,0,0,0,0,0,0,0,0,0,0,0
4266,EasternAsia,906,Oman,512,0,0,0,0,0,0,0,0,0,0,0,0,0,0,0,0,0,0,0,0,0
4267,EasternAsia,906,Qatar,634,0,0,0,0,0,0,0,0,0,0,0,0,0,0,0,0,0,0,0,0,0
4268,EasternAsia,906,SaudiArabia,682,0,0,0,0,0,0,0,0,0,0,0,0,0,0,0,0,0,0,0,0,0
4269,EasternAsia,906,StateofPalestine,275,0,0,0,0,0,0,0,0,0,0,0,0,0,0,0,0,0,0,0,0,0
4270,EasternAsia,906,SyrianArabRepublic,760,0,0,0,0,0,0,0,0,0,0,0,0,0,0,0,0,0,0,0,0,0
4271,EasternAsia,906,Turkey,792,109,120,133,148,180,222,236,62,72,82,85,104,103,110,47,48,51,63,76,119,126
4272,EasternAsia,906,UnitedArabEmirates,784,0,0,0,0,0,0,0,0,0,0,0,0,0,0,0,0,0,0,0,0,0
4273,EasternAsia,906,Yemen,887,0,0,0,0,0,0,0,0,0,0,0,0,0,0,0,0,0,0,0,0,0
4274,EasternAsia,906,Belarus,112,0,0,0,0,0,0,0,0,0,0,0,0,0,0,0,0,0,0,0,0,0
4275,EasternAsia,906,Bulgaria,100,2,1,2,7,13,16,15,1,1,1,6,10,12,12,1,0,1,1,3,4,3
4276,EasternAsia,906,Czechia,203,7,6,7,10,15,18,18,3,3,3,6,10,11,12,4,3,4,4,5,7,6
4277,EasternAsia,906,Hungary,348,0,0,0,4,9,11,10,0,0,0,3,5,5,5,0,0,0,1,4,6,5
4278,EasternAsia,906,Poland,616,364,589,747,929,989,1666,1661,186,284,346,425,447,747,746,178,305,401,504,542,919,915
4279,EasternAsia,906,RepublicofMoldova,498,0,0,0,0,0,0,0,0,0,0,0,0,0,0,0,0,0,0,0,0,0
4280,EasternAsia,906,Romania,642,0,0,0,0,0,0,0,0,0,0,0,0,0,0,0,0,0,0,0,0,0
4281,EasternAsia,906,RussianFederation,643,3608,7211,12237,14357,15772,16574,20355,1716,3162,5180,6255,6861,6881,8161,1892,4049,7057,8102,8911,9693,12194
4282,EasternAsia,906,Slovakia,703,4,4,5,3,3,3,2,1,2,2,2,3,3,2,3,2,3,1,0,0,0
4283,EasternAsia,906,Ukraine,804,0,0,0,0,0,0,0,0,0,0,0,0,0,0,0,0,0,0,0,0,0
4284,EasternAsia,906,ChannelIslands,830,0,0,0,0,0,0,0,0,0,0,0,0,0,0,0,0,0,0,0,0,0
4285,EasternAsia,906,Denmark,208,450,577,542,471,499,574,712,229,277,250,215,225,257,319,221,300,292,256,274,317,393
4286,EasternAsia,906,Estonia,233,0,0,0,0,0,0,0,0,0,0,0,0,0,0,0,0,0,0,0,0,0
4287,EasternAsia,906,FaroeIslands,234,0,0,0,0,0,0,0,0,0,0,0,0,0,0,0,0,0,0,0,0,0
4288,EasternAsia,906,Finland,246,452,463,637,577,602,681,843,226,220,293,262,271,305,378,226,243,344,315,331,376,465
4289,EasternAsia,906,Iceland,352,0,0,0,0,0,0,0,0,0,0,0,0,0,0,0,0,0,0,0,0,0
4290,EasternAsia,906,Ireland,372,1139,1390,1550,1632,1749,1843,2146,625,731,795,823,866,897,1025,514,659,755,809,883,946,1121
4291,EasternAsia,906,IsleofMan,833,0,0,0,0,0,0,0,0,0,0,0,0,0,0,0,0,0,0,0,0,0
4292,EasternAsia,906,Latvia,428,0,0,0,0,0,0,0,0,0,0,0,0,0,0,0,0,0,0,0,0,0
4293,EasternAsia,906,Lithuania,440,0,0,0,0,0,0,0,0,0,0,0,0,0,0,0,0,0,0,0,0,0
4294,EasternAsia,906,Norway,578,360,379,380,392,416,456,566,183,182,176,179,187,204,254,177,197,204,213,229,252,312
4295,EasternAsia,906,Sweden,752,586,860,1158,1465,1553,1805,1782,299,413,535,667,698,805,795,287,447,623,798,855,1000,987
4296,EasternAsia,906,UnitedKingdom,826,24057,29036,35719,37748,42807,44221,49964,14069,16563,19943,21378,24457,25241,28416,9988,12473,15776,16370,18350,18980,21548
4297,EasternAsia,906,Albania,8,0,0,0,0,0,0,0,0,0,0,0,0,0,0,0,0,0,0,0,0,0
4298,EasternAsia,906,Andorra,20,0,0,0,0,0,0,0,0,0,0,0,0,0,0,0,0,0,0,0,0,0
4299,EasternAsia,906,BosniaandHerzegovina,70,0,0,0,0,0,0,0,0,0,0,0,0,0,0,0,0,0,0,0,0,0
4300,EasternAsia,906,Croatia,191,0,0,0,0,0,0,0,0,0,0,0,0,0,0,0,0,0,0,0,0,0
4301,EasternAsia,906,Gibraltar,292,0,0,0,0,0,0,0,0,0,0,0,0,0,0,0,0,0,0,0,0,0
4302,EasternAsia,906,Greece,300,0,0,0,0,0,0,0,0,0,0,0,0,0,0,0,0,0,0,0,0,0
4303,EasternAsia,906,HolySee,336,0,0,0,0,0,0,0,0,0,0,0,0,0,0,0,0,0,0,0,0,0
4304,EasternAsia,906,Italy,380,1373,1762,2113,3164,3377,4199,5184,761,927,1075,1542,1623,1972,2408,612,835,1038,1622,1754,2227,2776
4305,EasternAsia,906,Malta,470,0,0,0,0,0,0,0,0,0,0,0,0,0,0,0,0,0,0,0,0,0
4306,EasternAsia,906,Montenegro,499,0,0,0,0,0,0,0,0,0,0,0,0,0,0,0,0,0,0,0,0,0
4307,EasternAsia,906,NorthMacedonia,807,12,13,15,8,3,3,2,10,12,13,8,3,3,2,2,1,2,0,0,0,0
4308,EasternAsia,906,Portugal,620,3881,4254,2054,2385,2362,2536,2793,2045,2200,1172,1372,1337,1299,1424,1836,2054,882,1013,1025,1237,1369
4309,EasternAsia,906,SanMarino,674,0,0,0,0,0,0,0,0,0,0,0,0,0,0,0,0,0,0,0,0,0
4310,EasternAsia,906,Serbia,688,0,0,0,0,0,0,0,0,0,0,0,0,0,0,0,0,0,0,0,0,0
4311,EasternAsia,906,Slovenia,705,0,0,0,0,0,0,0,0,0,0,0,0,0,0,0,0,0,0,0,0,0
4312,EasternAsia,906,Spain,724,1125,1446,1669,2161,2300,2896,3835,580,709,793,1003,1049,1303,1716,545,737,876,1158,1251,1593,2119
4313,EasternAsia,906,Austria,40,312,393,480,545,582,564,695,158,189,222,251,265,255,315,154,204,258,294,317,309,380
4314,EasternAsia,906,Belgium,56,402,433,525,657,697,685,850,205,208,243,300,314,307,381,197,225,282,357,383,378,469
4315,EasternAsia,906,France,250,5155,6406,8843,12027,13144,14806,18533,2896,3522,4774,6205,6772,7362,9071,2259,2884,4069,5822,6372,7444,9462
4316,EasternAsia,906,Germany,276,5625,6346,7192,8614,9493,9836,11851,3265,3585,4054,4757,5323,5323,6175,2360,2761,3138,3857,4170,4513,5676
4317,EasternAsia,906,Liechtenstein,438,0,0,0,0,0,0,0,0,0,0,0,0,0,0,0,0,0,0,0,0,0
4318,EasternAsia,906,Luxembourg,442,0,0,0,0,0,0,0,0,0,0,0,0,0,0,0,0,0,0,0,0,0
4319,EasternAsia,906,Monaco,492,0,0,0,0,0,0,0,0,0,0,0,0,0,0,0,0,0,0,0,0,0
4320,EasternAsia,906,Netherlands,528,1432,1597,1746,1956,2098,2066,2361,839,910,978,1069,1130,1105,1232,593,687,768,887,968,961,1129
4321,EasternAsia,906,Switzerland,756,1471,1503,1512,1692,1817,1807,2093,851,851,851,931,985,971,1099,620,652,661,761,832,836,994
4322,EasternAsia,906,Anguilla,660,0,0,0,0,0,0,0,0,0,0,0,0,0,0,0,0,0,0,0,0,0
4323,EasternAsia,906,AntiguaandBarbuda,28,0,0,0,0,0,0,0,0,0,0,0,0,0,0,0,0,0,0,0,0,0
4324,EasternAsia,906,Aruba,533,0,0,0,0,0,0,0,0,0,0,0,0,0,0,0,0,0,0,0,0,0
4325,EasternAsia,906,Bahamas,44,0,0,0,0,0,0,0,0,0,0,0,0,0,0,0,0,0,0,0,0,0
4326,EasternAsia,906,Barbados,52,0,0,0,0,0,0,0,0,0,0,0,0,0,0,0,0,0,0,0,0,0
4327,EasternAsia,906,Bonaire,16,535,0,0,0,0,0,0,0,0,0,0,0,0,0,0,0,0,0,0,0,0
4328,EasternAsia,906,BritishVirginIslands,92,0,0,0,0,0,0,0,0,0,0,0,0,0,0,0,0,0,0,0,0,0
4329,EasternAsia,906,CaymanIslands,136,0,0,0,0,0,0,0,0,0,0,0,0,0,0,0,0,0,0,0,0,0
4330,EasternAsia,906,Cuba,192,0,0,0,0,0,0,0,0,0,0,0,0,0,0,0,0,0,0,0,0,0
4331,EasternAsia,906,CuraÃao,531,0,0,0,0,0,0,0,0,0,0,0,0,0,0,0,0,0,0,0,0,0
4332,EasternAsia,906,Dominica,212,0,0,0,0,0,0,0,0,0,0,0,0,0,0,0,0,0,0,0,0,0
4333,EasternAsia,906,DominicanRepublic,214,0,0,0,0,0,0,0,0,0,0,0,0,0,0,0,0,0,0,0,0,0
4334,EasternAsia,906,Grenada,308,0,0,0,0,0,0,0,0,0,0,0,0,0,0,0,0,0,0,0,0,0
4335,EasternAsia,906,Guadeloupe,312,0,0,0,0,0,0,0,0,0,0,0,0,0,0,0,0,0,0,0,0,0
4336,EasternAsia,906,Haiti,332,0,0,0,0,0,0,0,0,0,0,0,0,0,0,0,0,0,0,0,0,0
4337,EasternAsia,906,Jamaica,388,0,0,0,0,0,0,0,0,0,0,0,0,0,0,0,0,0,0,0,0,0
4338,EasternAsia,906,Martinique,474,0,0,0,0,0,0,0,0,0,0,0,0,0,0,0,0,0,0,0,0,0
4339,EasternAsia,906,Montserrat,500,0,0,0,0,0,0,0,0,0,0,0,0,0,0,0,0,0,0,0,0,0
4340,EasternAsia,906,PuertoRico,630,0,0,0,0,0,0,0,0,0,0,0,0,0,0,0,0,0,0,0,0,0
4341,EasternAsia,906,SaintBarthelemy,652,0,0,0,0,0,0,0,0,0,0,0,0,0,0,0,0,0,0,0,0,0
4342,EasternAsia,906,SaintKittsandNevis,659,0,0,0,0,0,0,0,0,0,0,0,0,0,0,0,0,0,0,0,0,0
4343,EasternAsia,906,SaintLucia,662,0,0,0,0,0,0,0,0,0,0,0,0,0,0,0,0,0,0,0,0,0
4344,EasternAsia,906,SaintMartinFrenchpart,663,0,0,0,0,0,0,0,0,0,0,0,0,0,0,0,0,0,0,0,0,0
4345,EasternAsia,906,SaintVincentandtheGrenadines,670,0,0,0,0,0,0,0,0,0,0,0,0,0,0,0,0,0,0,0,0,0
4346,EasternAsia,906,SintMaartenDutchpart,534,0,0,0,0,0,0,0,0,0,0,0,0,0,0,0,0,0,0,0,0,0
4347,EasternAsia,906,TrinidadandTobago,780,0,0,0,0,0,0,0,0,0,0,0,0,0,0,0,0,0,0,0,0,0
4348,EasternAsia,906,TurksandCaicosIslands,796,0,0,0,0,0,0,0,0,0,0,0,0,0,0,0,0,0,0,0,0,0
4349,EasternAsia,906,UnitedStatesVirginIslands,850,0,0,0,0,0,0,0,0,0,0,0,0,0,0,0,0,0,0,0,0,0
4350,EasternAsia,906,Belize,84,0,0,0,0,0,0,0,0,0,0,0,0,0,0,0,0,0,0,0,0,0
4351,EasternAsia,906,CostaRica,188,0,0,0,0,0,0,0,0,0,0,0,0,0,0,0,0,0,0,0,0,0
4352,EasternAsia,906,ElSalvador,222,0,0,0,0,0,0,0,0,0,0,0,0,0,0,0,0,0,0,0,0,0
4353,EasternAsia,906,Guatemala,320,0,0,0,0,0,0,0,0,0,0,0,0,0,0,0,0,0,0,0,0,0
4354,EasternAsia,906,Honduras,340,0,0,0,0,0,0,0,0,0,0,0,0,0,0,0,0,0,0,0,0,0
4355,EasternAsia,906,Mexico,484,786,1255,1740,1845,1956,2141,2735,400,602,804,841,880,956,1222,386,653,936,1004,1076,1185,1513
4356,EasternAsia,906,Nicaragua,558,0,0,0,0,0,0,0,0,0,0,0,0,0,0,0,0,0,0,0,0,0
4357,EasternAsia,906,Panama,591,0,0,0,0,0,0,0,0,0,0,0,0,0,0,0,0,0,0,0,0,0
4358,EasternAsia,906,Argentina,32,2657,2950,3072,3000,3181,2924,3629,1354,1416,1419,1366,1430,1304,1619,1303,1534,1653,1634,1751,1620,2010
4359,EasternAsia,906,BoliviaPlurinationalStateof,68,0,0,0,0,0,0,0,0,0,0,0,0,0,0,0,0,0,0,0,0,0
4360,EasternAsia,906,Brazil,76,59981,191824,279723,253604,276008,229173,265257,30707,92808,131061,120033,131835,122360,141103,29274,99016,148662,133571,144173,106813,124154
4361,EasternAsia,906,Chile,152,0,0,0,0,0,0,0,0,0,0,0,0,0,0,0,0,0,0,0,0,0
4362,EasternAsia,906,Colombia,170,0,0,0,0,0,0,0,0,0,0,0,0,0,0,0,0,0,0,0,0,0
4363,EasternAsia,906,Ecuador,218,0,0,0,0,0,0,0,0,0,0,0,0,0,0,0,0,0,0,0,0,0
4364,EasternAsia,906,FalklandIslandsMalvinas,238,0,0,0,0,0,0,0,0,0,0,0,0,0,0,0,0,0,0,0,0,0
4365,EasternAsia,906,FrenchGuiana,254,0,0,0,0,0,0,0,0,0,0,0,0,0,0,0,0,0,0,0,0,0
4366,EasternAsia,906,Guyana,328,0,0,0,0,0,0,0,0,0,0,0,0,0,0,0,0,0,0,0,0,0
4367,EasternAsia,906,Paraguay,600,0,0,0,0,0,0,0,0,0,0,0,0,0,0,0,0,0,0,0,0,0
4368,EasternAsia,906,Peru,604,10926,39122,50768,58101,62902,57855,60056,5593,18911,23786,27284,29688,27731,28881,5333,20211,26982,30817,33214,30124,31175
4369,EasternAsia,906,Suriname,740,0,0,0,0,0,0,0,0,0,0,0,0,0,0,0,0,0,0,0,0,0
4370,EasternAsia,906,Uruguay,858,7,6,7,3,1,1,0,4,4,4,2,1,1,0,3,2,3,1,0,0,0
4371,EasternAsia,906,VenezuelaBolivarianRepublicof,862,0,0,0,0,0,0,0,0,0,0,0,0,0,0,0,0,0,0,0,0,0
4372,EasternAsia,906,Bermuda,60,0,0,0,0,0,0,0,0,0,0,0,0,0,0,0,0,0,0,0,0,0
4373,EasternAsia,906,Canada,124,14962,22991,32037,35859,43687,42435,52794,8115,12343,17139,20811,26644,25856,31180,6847,10648,14898,15048,17043,16579,21614
4374,EasternAsia,906,Greenland,304,0,0,0,0,0,0,0,0,0,0,0,0,0,0,0,0,0,0,0,0,0
4375,EasternAsia,906,SaintPierreandMiquelon,666,0,0,0,0,0,0,0,0,0,0,0,0,0,0,0,0,0,0,0,0,0
4376,EasternAsia,906,UnitedStatesofAmerica,840,62894,78047,93671,107724,117454,140977,162884,33514,40042,47876,61359,67537,87314,101965,29380,38005,45795,46365,49917,53663,60919
4377,EasternAsia,906,Australia,36,11093,14778,19629,22190,26068,26644,31166,6131,7897,10206,12044,14774,14473,17481,4962,6881,9423,10146,11294,12171,13685
4378,EasternAsia,906,NewZealand,554,2820,4333,6376,6359,7232,7126,9058,1682,2437,3454,3629,4311,4222,5605,1138,1896,2922,2730,2921,2904,3453
4379,EasternAsia,906,Fiji,242,0,0,0,0,0,0,0,0,0,0,0,0,0,0,0,0,0,0,0,0,0
4380,EasternAsia,906,NewCaledonia,540,0,0,0,0,0,0,0,0,0,0,0,0,0,0,0,0,0,0,0,0,0
4381,EasternAsia,906,PapuaNewGuinea,598,0,0,0,0,0,0,0,0,0,0,0,0,0,0,0,0,0,0,0,0,0
4382,EasternAsia,906,SolomonIslands,90,0,0,0,0,0,0,0,0,0,0,0,0,0,0,0,0,0,0,0,0,0
4383,EasternAsia,906,Vanuatu,548,0,0,0,0,0,0,0,0,0,0,0,0,0,0,0,0,0,0,0,0,0
4384,EasternAsia,906,Guam,316,0,0,0,0,0,0,0,0,0,0,0,0,0,0,0,0,0,0,0,0,0
4385,EasternAsia,906,Kiribati,296,0,0,0,0,0,0,0,0,0,0,0,0,0,0,0,0,0,0,0,0,0
4386,EasternAsia,906,MarshallIslands,584,0,0,0,0,0,0,0,0,0,0,0,0,0,0,0,0,0,0,0,0,0
4387,EasternAsia,906,MicronesiaFedStatesof,583,0,0,0,0,0,0,0,0,0,0,0,0,0,0,0,0,0,0,0,0,0
4388,EasternAsia,906,Nauru,520,0,0,0,0,0,0,0,0,0,0,0,0,0,0,0,0,0,0,0,0,0
4389,EasternAsia,906,NorthernMarianaIslands,580,0,0,0,0,0,0,0,0,0,0,0,0,0,0,0,0,0,0,0,0,0
4390,EasternAsia,906,Palau,585,0,0,0,0,0,0,0,0,0,0,0,0,0,0,0,0,0,0,0,0,0
4391,EasternAsia,906,AmericanSamoa,16,0,0,0,0,0,0,0,0,0,0,0,0,0,0,0,0,0,0,0,0,0
4392,EasternAsia,906,CookIslands,184,0,0,0,0,0,0,0,0,0,0,0,0,0,0,0,0,0,0,0,0,0
4393,EasternAsia,906,FrenchPolynesia,258,0,0,0,0,0,0,0,0,0,0,0,0,0,0,0,0,0,0,0,0,0
4394,EasternAsia,906,Niue,570,0,0,0,0,0,0,0,0,0,0,0,0,0,0,0,0,0,0,0,0,0
4395,EasternAsia,906,Samoa,882,0,0,0,0,0,0,0,0,0,0,0,0,0,0,0,0,0,0,0,0,0
4396,EasternAsia,906,Tokelau,772,0,0,0,0,0,0,0,0,0,0,0,0,0,0,0,0,0,0,0,0,0
4397,EasternAsia,906,Tonga,776,0,0,0,0,0,0,0,0,0,0,0,0,0,0,0,0,0,0,0,0,0
4398,EasternAsia,906,Tuvalu,798,0,0,0,0,0,0,0,0,0,0,0,0,0,0,0,0,0,0,0,0,0
4399,EasternAsia,906,WallisandFutunaIslands,876,0,0,0,0,0,0,0,0,0,0,0,0,0,0,0,0,0,0,0,0,0
4400,CentralAsia,5500,SubSaharanAfrica,947,75,61,53,49,47,45,41,35,29,27,23,23,23,23,40,32,26,26,24,22,18
4401,CentralAsia,5500,NorthernAfricaandWesternAsia,1833,158304,152605,146986,153628,158573,162093,167108,78142,77247,74936,80073,83975,87196,90164,80162,75358,72050,73555,74598,74897,76944
4402,CentralAsia,5500,CentralandSouthernAsia,921,448172,452366,446650,479315,476533,486689,501215,206634,215364,211321,232389,237606,246573,255138,241538,237002,235329,246926,238927,240116,246077
4403,CentralAsia,5500,EasternandSouthEasternAsia,1832,65296,69210,73063,82989,92898,98292,103230,30964,33270,35510,41415,47306,50836,53409,34332,35940,37553,41574,45592,47456,49821
4404,CentralAsia,5500,LatinAmericaandtheCaribbean,1830,37,30,26,24,23,22,20,17,14,13,11,11,11,11,20,16,13,13,12,11,9
4405,CentralAsia,5500,OceaniaexcludingAustraliaandNewZealand,1835,0,0,0,0,0,0,0,0,0,0,0,0,0,0,0,0,0,0,0,0,0
4406,CentralAsia,5500,AustraliaandNewZealand,927,166,135,117,112,111,109,107,74,63,56,53,53,52,52,92,72,61,59,58,57,55
4407,CentralAsia,5500,EuropeandNorthernAmerica,1829,5439295,4822654,4235932,4209533,4203436,4300929,4434810,2414397,2138943,1870761,1910382,1957280,2038696,2107045,3024898,2683711,2365171,2299151,2246156,2262233,2327765
4408,CentralAsia,5500,Developedregions,901,5439461,4822789,4236049,4209645,4203547,4301038,4434917,2414471,2139006,1870817,1910435,1957333,2038748,2107097,3024990,2683783,2365232,2299210,2246214,2262290,2327820
4409,CentralAsia,5500,Lessdevelopedregions,902,671884,674272,666778,716005,728074,747141,771614,315792,325924,321807,353911,368921,384639,398745,356092,348348,344971,362094,359153,362502,372869
4410,CentralAsia,5500,Lessdevelopedregions,902,934,663003,658753,647823,702512,715076,734472,758942,311873,318994,313166,347852,363039,378950,393057,351130,339759,334657,354660,352037,355522
4411,CentralAsia,5500,Lessdevelopedregions,902,948,670345,672458,664700,713769,725684,744660,769032,315067,325000,320697,352692,367596,383245,397291,355278,347458,344003,361077,358088,361415
4412,CentralAsia,5500,Leastdevelopedcountries,941,8881,15519,18955,13493,12998,12669,12672,3919,6930,8641,6059,5882,5689,5688,4962,8589,10314,7434,7116,6980,6984
4413,CentralAsia,5500,LandlockedDevelopingCountriesLLDC,1636,587164,578048,558829,594438,592858,604342,621945,275384,278623,268150,292039,298898,309628,320082,311780,299425,290679,302399,293960,294714,301863
4414,CentralAsia,5500,SmallislanddevelopingStatesSIDS,1637,37,30,26,24,23,22,20,17,14,13,11,11,11,11,20,16,13,13,12,11,9
4415,CentralAsia,5500,Highincomecountries,1503,104438,82850,60000,59735,58878,59455,61098,47246,37757,27555,28261,28652,29473,30418,57192,45093,32445,31474,30226,29982,30680
4416,CentralAsia,5500,Middleincomecountries,1517,5959668,5313561,4708175,4729185,4766960,4881551,5034407,2661056,2380474,2102542,2172023,2244371,2339090,2418564,3298612,2933087,2605633,2557162,2522589,2542461,2615843
4417,CentralAsia,5500,Uppermiddleincomecountries,1502,4986035,4461911,3967180,3916651,3889918,3977590,4099433,2216639,1985567,1758942,1783492,1816212,1890300,1952978,2769396,2476344,2208238,2133159,2073706,2087290,2146455
4418,CentralAsia,5500,Lowermiddleincomecountries,1501,973633,851650,740995,812534,877042,903961,934974,444417,394907,343600,388531,428159,448790,465586,529216,456743,397395,424003,448883,455171,469388
4419,CentralAsia,5500,Lowincomecountries,1500,47239,100650,134652,136730,105783,107173,111026,21961,46699,62527,64062,53231,54824,56860,25278,53951,72125,72668,52552,52349,54166
4420,CentralAsia,5500,EasternAfrica,910,38,31,27,25,24,23,21,18,15,14,12,12,12,12,20,16,13,13,12,11,9
4421,CentralAsia,5500,MiddleAfrica,911,0,0,0,0,0,0,0,0,0,0,0,0,0,0,0,0,0,0,0,0,0
4422,CentralAsia,5500,NorthernAfrica,912,198,160,138,133,132,129,128,88,71,63,60,60,58,59,110,89,75,73,72,71,69
4423,CentralAsia,5500,SouthernAfrica,913,0,0,0,0,0,0,0,0,0,0,0,0,0,0,0,0,0,0,0,0,0
4424,CentralAsia,5500,WesternAfrica,914,37,30,26,24,23,22,20,17,14,13,11,11,11,11,20,16,13,13,12,11,9
4425,CentralAsia,5500,CentralAsia,5500,433741,432327,423916,462141,459911,470242,484776,200225,206072,200702,224378,229830,238907,247462,233516,226255,223214,237763,230081,231335,237314
4426,CentralAsia,5500,EasternAsia,906,64886,68901,72858,82814,92752,98162,103107,30788,33116,35381,41306,47216,50756,53332,34098,35785,37477,41508,45536,47406,49775
4427,CentralAsia,5500,SouthEasternAsia,920,410,309,205,175,146,130,123,176,154,129,109,90,80,77,234,155,76,66,56,50,46
4428,CentralAsia,5500,SouthernAsia,5501,14431,20039,22734,17174,16622,16447,16439,6409,9292,10619,8011,7776,7666,7676,8022,10747,12115,9163,8846,8781,8763
4429,CentralAsia,5500,WesternAsia,922,158106,152445,146848,153495,158441,161964,166980,78054,77176,74873,80013,83915,87138,90105,80052,75269,71975,73482,74526,74826,76875
4430,CentralAsia,5500,EasternEurope,923,5385364,4780364,4206342,4182388,4179257,4277544,4411336,2390433,2120025,1857512,1897938,1945920,2027526,2095763,2994931,2660339,2348830,2284450,2233337,2250018,2315573
4431,CentralAsia,5500,NorthernEurope,924,16792,14977,12942,12251,11484,11296,11520,7823,7016,6017,5833,5596,5591,5733,8969,7961,6925,6418,5888,5705,5787
4432,CentralAsia,5500,SouthernEurope,925,0,0,0,0,0,0,0,0,0,0,0,0,0,0,0,0,0,0,0,0,0
4433,CentralAsia,5500,WesternEurope,926,36645,26913,16303,14563,12366,11766,11634,15922,11696,7049,6435,5588,5406,5376,20723,15217,9254,8128,6778,6360,6258
4434,CentralAsia,5500,Caribbean,915,37,30,26,24,23,22,20,17,14,13,11,11,11,11,20,16,13,13,12,11,9
4435,CentralAsia,5500,CentralAmerica,916,0,0,0,0,0,0,0,0,0,0,0,0,0,0,0,0,0,0,0,0,0
4436,CentralAsia,5500,SouthAmerica,931,0,0,0,0,0,0,0,0,0,0,0,0,0,0,0,0,0,0,0,0,0
4437,CentralAsia,5500,Melanesia,928,0,0,0,0,0,0,0,0,0,0,0,0,0,0,0,0,0,0,0,0,0
4438,CentralAsia,5500,Micronesia,954,0,0,0,0,0,0,0,0,0,0,0,0,0,0,0,0,0,0,0,0,0
4439,CentralAsia,5500,Polynesia,957,0,0,0,0,0,0,0,0,0,0,0,0,0,0,0,0,0,0,0,0,0
4440,CentralAsia,5500,Burundi,108,0,0,0,0,0,0,0,0,0,0,0,0,0,0,0,0,0,0,0,0,0
4441,CentralAsia,5500,Comoros,174,0,0,0,0,0,0,0,0,0,0,0,0,0,0,0,0,0,0,0,0,0
4442,CentralAsia,5500,Djibouti,262,0,0,0,0,0,0,0,0,0,0,0,0,0,0,0,0,0,0,0,0,0
4443,CentralAsia,5500,Eritrea,232,0,0,0,0,0,0,0,0,0,0,0,0,0,0,0,0,0,0,0,0,0
4444,CentralAsia,5500,Ethiopia,231,0,0,0,0,0,0,0,0,0,0,0,0,0,0,0,0,0,0,0,0,0
4445,CentralAsia,5500,Kenya,404,0,0,0,0,0,0,0,0,0,0,0,0,0,0,0,0,0,0,0,0,0
4446,CentralAsia,5500,Madagascar,450,0,0,0,0,0,0,0,0,0,0,0,0,0,0,0,0,0,0,0,0,0
4447,CentralAsia,5500,Malawi,454,0,0,0,0,0,0,0,0,0,0,0,0,0,0,0,0,0,0,0,0,0
4448,CentralAsia,5500,Mauritius,480,0,0,0,0,0,0,0,0,0,0,0,0,0,0,0,0,0,0,0,0,0
4449,CentralAsia,5500,Mayotte,175,0,0,0,0,0,0,0,0,0,0,0,0,0,0,0,0,0,0,0,0,0
4450,CentralAsia,5500,Mozambique,508,0,0,0,0,0,0,0,0,0,0,0,0,0,0,0,0,0,0,0,0,0
4451,CentralAsia,5500,Reunion,638,0,0,0,0,0,0,0,0,0,0,0,0,0,0,0,0,0,0,0,0,0
4452,CentralAsia,5500,Rwanda,646,0,0,0,0,0,0,0,0,0,0,0,0,0,0,0,0,0,0,0,0,0
4453,CentralAsia,5500,Seychelles,690,0,0,0,0,0,0,0,0,0,0,0,0,0,0,0,0,0,0,0,0,0
4454,CentralAsia,5500,Somalia,706,0,0,0,0,0,0,0,0,0,0,0,0,0,0,0,0,0,0,0,0,0
4455,CentralAsia,5500,SouthSudan,728,0,0,0,0,0,0,0,0,0,0,0,0,0,0,0,0,0,0,0,0,0
4456,CentralAsia,5500,Uganda,800,0,0,0,0,0,0,0,0,0,0,0,0,0,0,0,0,0,0,0,0,0
4457,CentralAsia,5500,UnitedRepublicofTanzania,834,0,0,0,0,0,0,0,0,0,0,0,0,0,0,0,0,0,0,0,0,0
4458,CentralAsia,5500,Zambia,894,38,31,27,25,24,23,21,18,15,14,12,12,12,12,20,16,13,13,12,11,9
4459,CentralAsia,5500,Zimbabwe,716,0,0,0,0,0,0,0,0,0,0,0,0,0,0,0,0,0,0,0,0,0
4460,CentralAsia,5500,Angola,24,0,0,0,0,0,0,0,0,0,0,0,0,0,0,0,0,0,0,0,0,0
4461,CentralAsia,5500,Cameroon,120,0,0,0,0,0,0,0,0,0,0,0,0,0,0,0,0,0,0,0,0,0
4462,CentralAsia,5500,CentralAfricanRepublic,140,0,0,0,0,0,0,0,0,0,0,0,0,0,0,0,0,0,0,0,0,0
4463,CentralAsia,5500,Chad,148,0,0,0,0,0,0,0,0,0,0,0,0,0,0,0,0,0,0,0,0,0
4464,CentralAsia,5500,Congo,178,0,0,0,0,0,0,0,0,0,0,0,0,0,0,0,0,0,0,0,0,0
4465,CentralAsia,5500,DemocraticRepublicoftheCongo,180,0,0,0,0,0,0,0,0,0,0,0,0,0,0,0,0,0,0,0,0,0
4466,CentralAsia,5500,EquatorialGuinea,226,0,0,0,0,0,0,0,0,0,0,0,0,0,0,0,0,0,0,0,0,0
4467,CentralAsia,5500,Gabon,266,0,0,0,0,0,0,0,0,0,0,0,0,0,0,0,0,0,0,0,0,0
4468,CentralAsia,5500,SaoTomeandPrincipe,678,0,0,0,0,0,0,0,0,0,0,0,0,0,0,0,0,0,0,0,0,0
4469,CentralAsia,5500,Algeria,12,198,160,138,133,132,129,128,88,71,63,60,60,58,59,110,89,75,73,72,71,69
4470,CentralAsia,5500,Egypt,818,0,0,0,0,0,0,0,0,0,0,0,0,0,0,0,0,0,0,0,0,0
4471,CentralAsia,5500,Libya,434,0,0,0,0,0,0,0,0,0,0,0,0,0,0,0,0,0,0,0,0,0
4472,CentralAsia,5500,Morocco,504,0,0,0,0,0,0,0,0,0,0,0,0,0,0,0,0,0,0,0,0,0
4473,CentralAsia,5500,Sudan,729,0,0,0,0,0,0,0,0,0,0,0,0,0,0,0,0,0,0,0,0,0
4474,CentralAsia,5500,Tunisia,788,0,0,0,0,0,0,0,0,0,0,0,0,0,0,0,0,0,0,0,0,0
4475,CentralAsia,5500,WesternSahara,732,0,0,0,0,0,0,0,0,0,0,0,0,0,0,0,0,0,0,0,0,0
4476,CentralAsia,5500,Botswana,72,0,0,0,0,0,0,0,0,0,0,0,0,0,0,0,0,0,0,0,0,0
4477,CentralAsia,5500,Eswatini,748,0,0,0,0,0,0,0,0,0,0,0,0,0,0,0,0,0,0,0,0,0
4478,CentralAsia,5500,Lesotho,426,0,0,0,0,0,0,0,0,0,0,0,0,0,0,0,0,0,0,0,0,0
4479,CentralAsia,5500,Namibia,516,0,0,0,0,0,0,0,0,0,0,0,0,0,0,0,0,0,0,0,0,0
4480,CentralAsia,5500,SouthAfrica,710,0,0,0,0,0,0,0,0,0,0,0,0,0,0,0,0,0,0,0,0,0
4481,CentralAsia,5500,Benin,204,0,0,0,0,0,0,0,0,0,0,0,0,0,0,0,0,0,0,0,0,0
4482,CentralAsia,5500,BurkinaFaso,854,0,0,0,0,0,0,0,0,0,0,0,0,0,0,0,0,0,0,0,0,0
4483,CentralAsia,5500,CaboVerde,132,0,0,0,0,0,0,0,0,0,0,0,0,0,0,0,0,0,0,0,0,0
4484,CentralAsia,5500,CotedIvoire,384,0,0,0,0,0,0,0,0,0,0,0,0,0,0,0,0,0,0,0,0,0
4485,CentralAsia,5500,Gambia,270,0,0,0,0,0,0,0,0,0,0,0,0,0,0,0,0,0,0,0,0,0
4486,CentralAsia,5500,Ghana,288,0,0,0,0,0,0,0,0,0,0,0,0,0,0,0,0,0,0,0,0,0
4487,CentralAsia,5500,Guinea,324,0,0,0,0,0,0,0,0,0,0,0,0,0,0,0,0,0,0,0,0,0
4488,CentralAsia,5500,GuineaBissau,624,0,0,0,0,0,0,0,0,0,0,0,0,0,0,0,0,0,0,0,0,0
4489,CentralAsia,5500,Liberia,430,0,0,0,0,0,0,0,0,0,0,0,0,0,0,0,0,0,0,0,0,0
4490,CentralAsia,5500,Mali,466,0,0,0,0,0,0,0,0,0,0,0,0,0,0,0,0,0,0,0,0,0
4491,CentralAsia,5500,Mauritania,478,0,0,0,0,0,0,0,0,0,0,0,0,0,0,0,0,0,0,0,0,0
4492,CentralAsia,5500,Niger,562,37,30,26,24,23,22,20,17,14,13,11,11,11,11,20,16,13,13,12,11,9
4493,CentralAsia,5500,Nigeria,566,0,0,0,0,0,0,0,0,0,0,0,0,0,0,0,0,0,0,0,0,0
4494,CentralAsia,5500,SaintHelena,654,0,0,0,0,0,0,0,0,0,0,0,0,0,0,0,0,0,0,0,0,0
4495,CentralAsia,5500,Senegal,686,0,0,0,0,0,0,0,0,0,0,0,0,0,0,0,0,0,0,0,0,0
4496,CentralAsia,5500,SierraLeone,694,0,0,0,0,0,0,0,0,0,0,0,0,0,0,0,0,0,0,0,0,0
4497,CentralAsia,5500,Togo,768,0,0,0,0,0,0,0,0,0,0,0,0,0,0,0,0,0,0,0,0,0
4498,CentralAsia,5500,Kazakhstan,398,100926,83238,66634,59078,50052,47118,46525,43693,36922,28822,25974,21981,21085,21008,57233,46316,37812,33104,28071,26033,25517
4499,CentralAsia,5500,Kyrgyzstan,417,31129,25806,22000,22342,22911,22929,23292,14331,12424,10420,10711,11147,11214,11387,16798,13382,11580,11631,11764,11715,11905
4500,CentralAsia,5500,Tajikistan,762,17553,51386,69034,69869,32719,30995,31663,8280,23627,31402,31589,17012,16547,16938,9273,27759,37632,38280,15707,14448,14725
4501,CentralAsia,5500,Turkmenistan,795,4693,4277,3886,3647,3369,3260,3279,2122,2029,1925,1857,1763,1732,1752,2571,2248,1961,1790,1606,1528,1527
4502,CentralAsia,5500,Uzbekistan,860,279440,267620,262362,307205,350860,365940,380017,131799,131070,128133,154247,177927,188329,196377,147641,136550,134229,152958,172933,177611,183640
4503,CentralAsia,5500,China,156,1539,1814,2078,2236,2390,2481,2582,725,924,1110,1219,1325,1394,1454,814,890,968,1017,1065,1087,1128
4504,CentralAsia,5500,China,156,344,0,0,0,0,0,0,0,0,0,0,0,0,0,0,0,0,0,0,0,0
4505,CentralAsia,5500,China,156,446,0,0,0,0,0,0,0,0,0,0,0,0,0,0,0,0,0,0,0,0
4506,CentralAsia,5500,China,156,158,0,0,0,0,0,0,0,0,0,0,0,0,0,0,0,0,0,0,0,0
4507,CentralAsia,5500,DemPeoplesRepublicofKorea,408,20843,33776,46690,53393,60090,63532,66712,9780,16157,22498,26426,30349,32600,34246,11063,17619,24192,26967,29741,30932,32466
4508,CentralAsia,5500,Japan,392,0,0,0,0,0,0,0,0,0,0,0,0,0,0,0,0,0,0,0,0,0
4509,CentralAsia,5500,Mongolia,496,0,0,0,0,0,0,0,0,0,0,0,0,0,0,0,0,0,0,0,0,0
4510,CentralAsia,5500,RepublicofKorea,410,42504,33311,24090,27185,30272,32149,33813,20283,16035,11773,13661,15542,16762,17632,22221,17276,12317,13524,14730,15387,16181
4511,CentralAsia,5500,BruneiDarussalam,96,38,31,27,25,24,23,21,18,16,14,12,12,12,12,20,15,13,13,12,11,9
4512,CentralAsia,5500,Cambodia,116,0,0,0,0,0,0,0,0,0,0,0,0,0,0,0,0,0,0,0,0,0
4513,CentralAsia,5500,Indonesia,360,0,0,0,0,0,0,0,0,0,0,0,0,0,0,0,0,0,0,0,0,0
4514,CentralAsia,5500,LaoPeoplesDemocraticRepublic,418,0,0,0,0,0,0,0,0,0,0,0,0,0,0,0,0,0,0,0,0,0
4515,CentralAsia,5500,Malaysia,458,0,0,0,0,0,0,0,0,0,0,0,0,0,0,0,0,0,0,0,0,0
4516,CentralAsia,5500,Myanmar,104,0,0,0,0,0,0,0,0,0,0,0,0,0,0,0,0,0,0,0,0,0
4517,CentralAsia,5500,Philippines,608,0,0,0,0,0,0,0,0,0,0,0,0,0,0,0,0,0,0,0,0,0
4518,CentralAsia,5500,Singapore,702,0,0,0,0,0,0,0,0,0,0,0,0,0,0,0,0,0,0,0,0,0
4519,CentralAsia,5500,Thailand,764,0,0,0,0,0,0,0,0,0,0,0,0,0,0,0,0,0,0,0,0,0
4520,CentralAsia,5500,TimorLeste,626,0,0,0,0,0,0,0,0,0,0,0,0,0,0,0,0,0,0,0,0,0
4521,CentralAsia,5500,VietNam,704,372,278,178,150,122,107,102,158,138,115,97,78,68,65,214,140,63,53,44,39,37
4522,CentralAsia,5500,Afghanistan,4,8806,15458,18902,13444,12951,12624,12631,3884,6901,8614,6036,5859,5666,5665,4922,8557,10288,7408,7092,6958,6966
4523,CentralAsia,5500,Bangladesh,50,0,0,0,0,0,0,0,0,0,0,0,0,0,0,0,0,0,0,0,0,0
4524,CentralAsia,5500,Bhutan,64,0,0,0,0,0,0,0,0,0,0,0,0,0,0,0,0,0,0,0,0,0
4525,CentralAsia,5500,India,356,935,760,654,630,628,617,618,411,449,400,394,394,386,388,524,311,254,236,234,231,230
4526,CentralAsia,5500,IranIslamicRepublicof,364,4512,3677,3053,2992,2936,3101,3087,2035,1872,1542,1526,1468,1560,1569,2477,1805,1511,1466,1468,1541,1518
4527,CentralAsia,5500,Maldives,462,0,0,0,0,0,0,0,0,0,0,0,0,0,0,0,0,0,0,0,0,0
4528,CentralAsia,5500,Nepal,524,0,0,0,0,0,0,0,0,0,0,0,0,0,0,0,0,0,0,0,0,0
4529,CentralAsia,5500,Pakistan,586,178,144,125,108,107,105,103,79,70,63,55,55,54,54,99,74,62,53,52,51,49
4530,CentralAsia,5500,SriLanka,144,0,0,0,0,0,0,0,0,0,0,0,0,0,0,0,0,0,0,0,0,0
4531,CentralAsia,5500,Armenia,51,35701,30969,26322,25889,24960,24701,25012,17426,15724,13427,13486,13120,13196,13458,18275,15245,12895,12403,11840,11505,11554
4532,CentralAsia,5500,Azerbaijan,31,85555,80192,74896,77954,79841,81235,83431,42843,40938,38391,40872,42570,44050,45388,42712,39254,36505,37082,37271,37185,38043
4533,CentralAsia,5500,Bahrain,48,0,0,0,0,0,0,0,0,0,0,0,0,0,0,0,0,0,0,0,0,0
4534,CentralAsia,5500,Cyprus,196,0,0,0,0,0,0,0,0,0,0,0,0,0,0,0,0,0,0,0,0,0
4535,CentralAsia,5500,Georgia,268,14996,12209,9264,8393,7467,7209,7292,7265,6115,4829,4456,4045,3957,4024,7731,6094,4435,3937,3422,3252,3268
4536,CentralAsia,5500,Iraq,368,97,78,68,65,64,62,60,43,40,36,35,35,34,34,54,38,32,30,29,28,26
4537,CentralAsia,5500,Israel,376,0,0,0,0,0,0,0,0,0,0,0,0,0,0,0,0,0,0,0,0,0
4538,CentralAsia,5500,Jordan,400,0,0,0,0,0,0,0,0,0,0,0,0,0,0,0,0,0,0,0,0,0
4539,CentralAsia,5500,Kuwait,414,0,0,0,0,0,0,0,0,0,0,0,0,0,0,0,0,0,0,0,0,0
4540,CentralAsia,5500,Lebanon,422,0,0,0,0,0,0,0,0,0,0,0,0,0,0,0,0,0,0,0,0,0
4541,CentralAsia,5500,Oman,512,57,46,40,38,37,36,34,26,21,19,18,18,18,18,31,25,21,20,19,18,16
4542,CentralAsia,5500,Qatar,634,0,0,0,0,0,0,0,0,0,0,0,0,0,0,0,0,0,0,0,0,0
4543,CentralAsia,5500,SaudiArabia,682,0,0,0,0,0,0,0,0,0,0,0,0,0,0,0,0,0,0,0,0,0
4544,CentralAsia,5500,StateofPalestine,275,0,0,0,0,0,0,0,0,0,0,0,0,0,0,0,0,0,0,0,0,0
4545,CentralAsia,5500,SyrianArabRepublic,760,0,0,0,0,0,0,0,0,0,0,0,0,0,0,0,0,0,0,0,0,0
4546,CentralAsia,5500,Turkey,792,21700,28951,36258,41156,46072,48721,51151,10451,14338,18171,21146,24127,25883,27183,11249,14613,18087,20010,21945,22838,23968
4547,CentralAsia,5500,UnitedArabEmirates,784,0,0,0,0,0,0,0,0,0,0,0,0,0,0,0,0,0,0,0,0,0
4548,CentralAsia,5500,Yemen,887,0,0,0,0,0,0,0,0,0,0,0,0,0,0,0,0,0,0,0,0,0
4549,CentralAsia,5500,Belarus,112,143941,123210,100889,104512,106736,108354,111497,66618,56675,45694,48769,51139,52861,54527,77323,66535,55195,55743,55597,55493,56970
4550,CentralAsia,5500,Bulgaria,100,0,0,0,0,0,0,0,0,0,0,0,0,0,0,0,0,0,0,0,0,0
4551,CentralAsia,5500,Czechia,203,0,0,0,0,0,0,0,0,0,0,0,0,0,0,0,0,0,0,0,0,0
4552,CentralAsia,5500,Hungary,348,0,0,0,0,0,0,0,0,0,0,0,0,0,0,0,0,0,0,0,0,0
4553,CentralAsia,5500,Poland,616,6992,6289,5409,4578,3685,3249,3161,2550,2366,2107,1773,1408,1231,1199,4442,3923,3302,2805,2277,2018,1962
4554,CentralAsia,5500,RepublicofMoldova,498,23286,19041,14740,14961,15148,15495,16054,10971,8959,6989,7244,7496,7786,8086,12315,10082,7751,7717,7652,7709,7968
4555,CentralAsia,5500,Romania,642,713,718,701,628,547,482,468,314,324,324,289,248,217,212,399,394,377,339,299,265,256
4556,CentralAsia,5500,RussianFederation,643,4572375,4093296,3643832,3590729,3566031,3651348,3765517,2023418,1809990,1604995,1624152,1654639,1724548,1782581,2548957,2283306,2038837,1966577,1911392,1926800,1982936
4557,CentralAsia,5500,Slovakia,703,0,0,0,0,0,0,0,0,0,0,0,0,0,0,0,0,0,0,0,0,0
4558,CentralAsia,5500,Ukraine,804,638057,537810,440771,466980,487110,498616,514639,286562,241711,197403,215711,230990,240883,249158,351495,296099,243368,251269,256120,257733,265481
4559,CentralAsia,5500,ChannelIslands,830,0,0,0,0,0,0,0,0,0,0,0,0,0,0,0,0,0,0,0,0,0
4560,CentralAsia,5500,Denmark,208,199,161,139,134,133,130,129,88,92,83,81,81,79,80,111,69,56,53,52,51,49
4561,CentralAsia,5500,Estonia,233,1902,1895,1850,1780,1697,1686,1727,808,810,795,779,757,763,785,1094,1085,1055,1001,940,923,942
4562,CentralAsia,5500,FaroeIslands,234,0,0,0,0,0,0,0,0,0,0,0,0,0,0,0,0,0,0,0,0,0
4563,CentralAsia,5500,Finland,246,361,303,237,185,132,116,111,219,182,140,108,75,66,64,142,121,97,77,57,50,47
4564,CentralAsia,5500,Iceland,352,0,0,0,0,0,0,0,0,0,0,0,0,0,0,0,0,0,0,0,0,0
4565,CentralAsia,5500,Ireland,372,0,0,0,0,0,0,0,0,0,0,0,0,0,0,0,0,0,0,0,0,0
4566,CentralAsia,5500,IsleofMan,833,0,0,0,0,0,0,0,0,0,0,0,0,0,0,0,0,0,0,0,0,0
4567,CentralAsia,5500,Latvia,428,2884,2710,2475,2283,2070,2015,2047,1243,1193,1114,1049,973,963,985,1641,1517,1361,1234,1097,1052,1062
4568,CentralAsia,5500,Lithuania,440,10969,9521,7908,7548,7132,7035,7193,5255,4493,3655,3579,3473,3488,3586,5714,5028,4253,3969,3659,3547,3607
4569,CentralAsia,5500,Norway,578,0,0,0,0,0,0,0,0,0,0,0,0,0,0,0,0,0,0,0,0,0
4570,CentralAsia,5500,Sweden,752,0,0,0,0,0,0,0,0,0,0,0,0,0,0,0,0,0,0,0,0,0
4571,CentralAsia,5500,UnitedKingdom,826,477,387,333,321,320,314,313,210,246,230,237,237,232,233,267,141,103,84,83,82,80
4572,CentralAsia,5500,Albania,8,0,0,0,0,0,0,0,0,0,0,0,0,0,0,0,0,0,0,0,0,0
4573,CentralAsia,5500,Andorra,20,0,0,0,0,0,0,0,0,0,0,0,0,0,0,0,0,0,0,0,0,0
4574,CentralAsia,5500,BosniaandHerzegovina,70,0,0,0,0,0,0,0,0,0,0,0,0,0,0,0,0,0,0,0,0,0
4575,CentralAsia,5500,Croatia,191,0,0,0,0,0,0,0,0,0,0,0,0,0,0,0,0,0,0,0,0,0
4576,CentralAsia,5500,Gibraltar,292,0,0,0,0,0,0,0,0,0,0,0,0,0,0,0,0,0,0,0,0,0
4577,CentralAsia,5500,Greece,300,0,0,0,0,0,0,0,0,0,0,0,0,0,0,0,0,0,0,0,0,0
4578,CentralAsia,5500,HolySee,336,0,0,0,0,0,0,0,0,0,0,0,0,0,0,0,0,0,0,0,0,0
4579,CentralAsia,5500,Italy,380,0,0,0,0,0,0,0,0,0,0,0,0,0,0,0,0,0,0,0,0,0
4580,CentralAsia,5500,Malta,470,0,0,0,0,0,0,0,0,0,0,0,0,0,0,0,0,0,0,0,0,0
4581,CentralAsia,5500,Montenegro,499,0,0,0,0,0,0,0,0,0,0,0,0,0,0,0,0,0,0,0,0,0
4582,CentralAsia,5500,NorthMacedonia,807,0,0,0,0,0,0,0,0,0,0,0,0,0,0,0,0,0,0,0,0,0
4583,CentralAsia,5500,Portugal,620,0,0,0,0,0,0,0,0,0,0,0,0,0,0,0,0,0,0,0,0,0
4584,CentralAsia,5500,SanMarino,674,0,0,0,0,0,0,0,0,0,0,0,0,0,0,0,0,0,0,0,0,0
4585,CentralAsia,5500,Serbia,688,0,0,0,0,0,0,0,0,0,0,0,0,0,0,0,0,0,0,0,0,0
4586,CentralAsia,5500,Slovenia,705,0,0,0,0,0,0,0,0,0,0,0,0,0,0,0,0,0,0,0,0,0
4587,CentralAsia,5500,Spain,724,0,0,0,0,0,0,0,0,0,0,0,0,0,0,0,0,0,0,0,0,0
4588,CentralAsia,5500,Austria,40,98,79,69,66,65,63,61,44,35,32,30,30,29,29,54,44,37,36,35,34,32
4589,CentralAsia,5500,Belgium,56,0,0,0,0,0,0,0,0,0,0,0,0,0,0,0,0,0,0,0,0,0
4590,CentralAsia,5500,France,250,0,0,0,0,0,0,0,0,0,0,0,0,0,0,0,0,0,0,0,0,0
4591,CentralAsia,5500,Germany,276,36388,26705,16122,14391,12197,11601,11475,15807,11604,6966,6358,5511,5330,5300,20581,15101,9156,8033,6686,6271,6175
4592,CentralAsia,5500,Liechtenstein,438,0,0,0,0,0,0,0,0,0,0,0,0,0,0,0,0,0,0,0,0,0
4593,CentralAsia,5500,Luxembourg,442,0,0,0,0,0,0,0,0,0,0,0,0,0,0,0,0,0,0,0,0,0
4594,CentralAsia,5500,Monaco,492,0,0,0,0,0,0,0,0,0,0,0,0,0,0,0,0,0,0,0,0,0
4595,CentralAsia,5500,Netherlands,528,78,63,55,52,51,50,48,35,23,20,18,18,18,18,43,40,35,34,33,32,30
4596,CentralAsia,5500,Switzerland,756,81,66,57,54,53,52,50,36,34,31,29,29,29,29,45,32,26,25,24,23,21
4597,CentralAsia,5500,Anguilla,660,0,0,0,0,0,0,0,0,0,0,0,0,0,0,0,0,0,0,0,0,0
4598,CentralAsia,5500,AntiguaandBarbuda,28,0,0,0,0,0,0,0,0,0,0,0,0,0,0,0,0,0,0,0,0,0
4599,CentralAsia,5500,Aruba,533,0,0,0,0,0,0,0,0,0,0,0,0,0,0,0,0,0,0,0,0,0
4600,CentralAsia,5500,Bahamas,44,0,0,0,0,0,0,0,0,0,0,0,0,0,0,0,0,0,0,0,0,0
4601,CentralAsia,5500,Barbados,52,0,0,0,0,0,0,0,0,0,0,0,0,0,0,0,0,0,0,0,0,0
4602,CentralAsia,5500,Bonaire,16,535,0,0,0,0,0,0,0,0,0,0,0,0,0,0,0,0,0,0,0,0
4603,CentralAsia,5500,BritishVirginIslands,92,0,0,0,0,0,0,0,0,0,0,0,0,0,0,0,0,0,0,0,0,0
4604,CentralAsia,5500,CaymanIslands,136,0,0,0,0,0,0,0,0,0,0,0,0,0,0,0,0,0,0,0,0,0
4605,CentralAsia,5500,Cuba,192,0,0,0,0,0,0,0,0,0,0,0,0,0,0,0,0,0,0,0,0,0
4606,CentralAsia,5500,CuraÃao,531,0,0,0,0,0,0,0,0,0,0,0,0,0,0,0,0,0,0,0,0,0
4607,CentralAsia,5500,Dominica,212,0,0,0,0,0,0,0,0,0,0,0,0,0,0,0,0,0,0,0,0,0
4608,CentralAsia,5500,DominicanRepublic,214,0,0,0,0,0,0,0,0,0,0,0,0,0,0,0,0,0,0,0,0,0
4609,CentralAsia,5500,Grenada,308,0,0,0,0,0,0,0,0,0,0,0,0,0,0,0,0,0,0,0,0,0
4610,CentralAsia,5500,Guadeloupe,312,0,0,0,0,0,0,0,0,0,0,0,0,0,0,0,0,0,0,0,0,0
4611,CentralAsia,5500,Haiti,332,0,0,0,0,0,0,0,0,0,0,0,0,0,0,0,0,0,0,0,0,0
4612,CentralAsia,5500,Jamaica,388,0,0,0,0,0,0,0,0,0,0,0,0,0,0,0,0,0,0,0,0,0
4613,CentralAsia,5500,Martinique,474,0,0,0,0,0,0,0,0,0,0,0,0,0,0,0,0,0,0,0,0,0
4614,CentralAsia,5500,Montserrat,500,0,0,0,0,0,0,0,0,0,0,0,0,0,0,0,0,0,0,0,0,0
4615,CentralAsia,5500,PuertoRico,630,0,0,0,0,0,0,0,0,0,0,0,0,0,0,0,0,0,0,0,0,0
4616,CentralAsia,5500,SaintBarthelemy,652,0,0,0,0,0,0,0,0,0,0,0,0,0,0,0,0,0,0,0,0,0
4617,CentralAsia,5500,SaintKittsandNevis,659,0,0,0,0,0,0,0,0,0,0,0,0,0,0,0,0,0,0,0,0,0
4618,CentralAsia,5500,SaintLucia,662,0,0,0,0,0,0,0,0,0,0,0,0,0,0,0,0,0,0,0,0,0
4619,CentralAsia,5500,SaintMartinFrenchpart,663,0,0,0,0,0,0,0,0,0,0,0,0,0,0,0,0,0,0,0,0,0
4620,CentralAsia,5500,SaintVincentandtheGrenadines,670,0,0,0,0,0,0,0,0,0,0,0,0,0,0,0,0,0,0,0,0,0
4621,CentralAsia,5500,SintMaartenDutchpart,534,0,0,0,0,0,0,0,0,0,0,0,0,0,0,0,0,0,0,0,0,0
4622,CentralAsia,5500,TrinidadandTobago,780,0,0,0,0,0,0,0,0,0,0,0,0,0,0,0,0,0,0,0,0,0
4623,CentralAsia,5500,TurksandCaicosIslands,796,0,0,0,0,0,0,0,0,0,0,0,0,0,0,0,0,0,0,0,0,0
4624,CentralAsia,5500,UnitedStatesVirginIslands,850,37,30,26,24,23,22,20,17,14,13,11,11,11,11,20,16,13,13,12,11,9
4625,CentralAsia,5500,Belize,84,0,0,0,0,0,0,0,0,0,0,0,0,0,0,0,0,0,0,0,0,0
4626,CentralAsia,5500,CostaRica,188,0,0,0,0,0,0,0,0,0,0,0,0,0,0,0,0,0,0,0,0,0
4627,CentralAsia,5500,ElSalvador,222,0,0,0,0,0,0,0,0,0,0,0,0,0,0,0,0,0,0,0,0,0
4628,CentralAsia,5500,Guatemala,320,0,0,0,0,0,0,0,0,0,0,0,0,0,0,0,0,0,0,0,0,0
4629,CentralAsia,5500,Honduras,340,0,0,0,0,0,0,0,0,0,0,0,0,0,0,0,0,0,0,0,0,0
4630,CentralAsia,5500,Mexico,484,0,0,0,0,0,0,0,0,0,0,0,0,0,0,0,0,0,0,0,0,0
4631,CentralAsia,5500,Nicaragua,558,0,0,0,0,0,0,0,0,0,0,0,0,0,0,0,0,0,0,0,0,0
4632,CentralAsia,5500,Panama,591,0,0,0,0,0,0,0,0,0,0,0,0,0,0,0,0,0,0,0,0,0
4633,CentralAsia,5500,Argentina,32,0,0,0,0,0,0,0,0,0,0,0,0,0,0,0,0,0,0,0,0,0
4634,CentralAsia,5500,BoliviaPlurinationalStateof,68,0,0,0,0,0,0,0,0,0,0,0,0,0,0,0,0,0,0,0,0,0
4635,CentralAsia,5500,Brazil,76,0,0,0,0,0,0,0,0,0,0,0,0,0,0,0,0,0,0,0,0,0
4636,CentralAsia,5500,Chile,152,0,0,0,0,0,0,0,0,0,0,0,0,0,0,0,0,0,0,0,0,0
4637,CentralAsia,5500,Colombia,170,0,0,0,0,0,0,0,0,0,0,0,0,0,0,0,0,0,0,0,0,0
4638,CentralAsia,5500,Ecuador,218,0,0,0,0,0,0,0,0,0,0,0,0,0,0,0,0,0,0,0,0,0
4639,CentralAsia,5500,FalklandIslandsMalvinas,238,0,0,0,0,0,0,0,0,0,0,0,0,0,0,0,0,0,0,0,0,0
4640,CentralAsia,5500,FrenchGuiana,254,0,0,0,0,0,0,0,0,0,0,0,0,0,0,0,0,0,0,0,0,0
4641,CentralAsia,5500,Guyana,328,0,0,0,0,0,0,0,0,0,0,0,0,0,0,0,0,0,0,0,0,0
4642,CentralAsia,5500,Paraguay,600,0,0,0,0,0,0,0,0,0,0,0,0,0,0,0,0,0,0,0,0,0
4643,CentralAsia,5500,Peru,604,0,0,0,0,0,0,0,0,0,0,0,0,0,0,0,0,0,0,0,0,0
4644,CentralAsia,5500,Suriname,740,0,0,0,0,0,0,0,0,0,0,0,0,0,0,0,0,0,0,0,0,0
4645,CentralAsia,5500,Uruguay,858,0,0,0,0,0,0,0,0,0,0,0,0,0,0,0,0,0,0,0,0,0
4646,CentralAsia,5500,VenezuelaBolivarianRepublicof,862,0,0,0,0,0,0,0,0,0,0,0,0,0,0,0,0,0,0,0,0,0
4647,CentralAsia,5500,Bermuda,60,0,0,0,0,0,0,0,0,0,0,0,0,0,0,0,0,0,0,0,0,0
4648,CentralAsia,5500,Canada,124,77,62,54,51,50,49,47,35,32,29,27,27,27,27,42,30,25,24,23,22,20
4649,CentralAsia,5500,Greenland,304,0,0,0,0,0,0,0,0,0,0,0,0,0,0,0,0,0,0,0,0,0
4650,CentralAsia,5500,SaintPierreandMiquelon,666,0,0,0,0,0,0,0,0,0,0,0,0,0,0,0,0,0,0,0,0,0
4651,CentralAsia,5500,UnitedStatesofAmerica,840,417,338,291,280,279,274,273,184,174,154,149,149,146,146,233,164,137,131,130,128,127
4652,CentralAsia,5500,Australia,36,0,0,0,0,0,0,0,0,0,0,0,0,0,0,0,0,0,0,0,0,0
4653,CentralAsia,5500,NewZealand,554,166,135,117,112,111,109,107,74,63,56,53,53,52,52,92,72,61,59,58,57,55
4654,CentralAsia,5500,Fiji,242,0,0,0,0,0,0,0,0,0,0,0,0,0,0,0,0,0,0,0,0,0
4655,CentralAsia,5500,NewCaledonia,540,0,0,0,0,0,0,0,0,0,0,0,0,0,0,0,0,0,0,0,0,0
4656,CentralAsia,5500,PapuaNewGuinea,598,0,0,0,0,0,0,0,0,0,0,0,0,0,0,0,0,0,0,0,0,0
4657,CentralAsia,5500,SolomonIslands,90,0,0,0,0,0,0,0,0,0,0,0,0,0,0,0,0,0,0,0,0,0
4658,CentralAsia,5500,Vanuatu,548,0,0,0,0,0,0,0,0,0,0,0,0,0,0,0,0,0,0,0,0,0
4659,CentralAsia,5500,Guam,316,0,0,0,0,0,0,0,0,0,0,0,0,0,0,0,0,0,0,0,0,0
4660,CentralAsia,5500,Kiribati,296,0,0,0,0,0,0,0,0,0,0,0,0,0,0,0,0,0,0,0,0,0
4661,CentralAsia,5500,MarshallIslands,584,0,0,0,0,0,0,0,0,0,0,0,0,0,0,0,0,0,0,0,0,0
4662,CentralAsia,5500,MicronesiaFedStatesof,583,0,0,0,0,0,0,0,0,0,0,0,0,0,0,0,0,0,0,0,0,0
4663,CentralAsia,5500,Nauru,520,0,0,0,0,0,0,0,0,0,0,0,0,0,0,0,0,0,0,0,0,0
4664,CentralAsia,5500,NorthernMarianaIslands,580,0,0,0,0,0,0,0,0,0,0,0,0,0,0,0,0,0,0,0,0,0
4665,CentralAsia,5500,Palau,585,0,0,0,0,0,0,0,0,0,0,0,0,0,0,0,0,0,0,0,0,0
4666,CentralAsia,5500,AmericanSamoa,16,0,0,0,0,0,0,0,0,0,0,0,0,0,0,0,0,0,0,0,0,0
4667,CentralAsia,5500,CookIslands,184,0,0,0,0,0,0,0,0,0,0,0,0,0,0,0,0,0,0,0,0,0
4668,CentralAsia,5500,FrenchPolynesia,258,0,0,0,0,0,0,0,0,0,0,0,0,0,0,0,0,0,0,0,0,0
4669,CentralAsia,5500,Niue,570,0,0,0,0,0,0,0,0,0,0,0,0,0,0,0,0,0,0,0,0,0
4670,CentralAsia,5500,Samoa,882,0,0,0,0,0,0,0,0,0,0,0,0,0,0,0,0,0,0,0,0,0
4671,CentralAsia,5500,Tokelau,772,0,0,0,0,0,0,0,0,0,0,0,0,0,0,0,0,0,0,0,0,0
4672,CentralAsia,5500,Tonga,776,0,0,0,0,0,0,0,0,0,0,0,0,0,0,0,0,0,0,0,0,0
4673,CentralAsia,5500,Tuvalu,798,0,0,0,0,0,0,0,0,0,0,0,0,0,0,0,0,0,0,0,0,0
4674,CentralAsia,5500,WallisandFutunaIslands,876,0,0,0,0,0,0,0,0,0,0,0,0,0,0,0,0,0,0,0,0,0
4675,WesternAfrica,914,SubSaharanAfrica,947,4075213,5065591,4879618,5458318,5732534,6442289,6893326,2183784,2683893,2599681,2927673,3073437,3430314,3661597,1891429,2381698,2279937,2530645,2659097,3011975,3231729
4676,WesternAfrica,914,NorthernAfricaandWesternAsia,1833,26220,27142,26633,25742,56297,70678,77184,13883,14272,13753,13754,29875,38230,41581,12337,12870,12880,11988,26422,32448,35603
4677,WesternAfrica,914,CentralandSouthernAsia,921,1695,1665,1702,1818,4011,5131,5557,1028,1021,1010,1312,2729,3361,3472,667,644,692,506,1282,1770,2085
4678,WesternAfrica,914,EasternandSouthEasternAsia,1832,1575,1559,1537,1913,7508,10343,11525,1113,1107,1085,1308,4167,5735,6294,462,452,452,605,3341,4608,5231
4679,WesternAfrica,914,LatinAmericaandtheCaribbean,1830,1234,1381,1315,1667,7211,15819,16317,632,740,697,912,3735,8576,8823,602,641,618,755,3476,7243,7494
4680,WesternAfrica,914,OceaniaexcludingAustraliaandNewZealand,1835,0,0,0,0,600,1807,1871,0,0,0,0,290,985,1023,0,0,0,0,310,822,848
4681,WesternAfrica,914,AustraliaandNewZealand,927,17,17,19,27,27,45,45,5,6,6,10,11,23,24,12,11,13,17,16,22,21
4682,WesternAfrica,914,EuropeandNorthernAmerica,1829,37509,37509,35446,40856,37623,41249,43425,19078,19261,18091,21601,19621,21380,22645,18431,18248,17355,19255,18002,19869,20780
4683,WesternAfrica,914,Developedregions,901,37592,37596,35540,40973,38258,42037,44321,19116,19304,18136,21668,19950,21790,23113,18476,18292,17404,19305,18308,20247,21208
4684,WesternAfrica,914,Lessdevelopedregions,902,4105871,5097268,4910730,5489368,5807553,6545324,7004929,2200407,2700996,2616187,2944902,3113915,3486814,3722346,1905464,2396272,2294543,2544466,2693638,3058510,3282583
4685,WesternAfrica,914,Lessdevelopedregions,902,934,720429,806221,903397,1240579,1519303,1816420,2002570,354615,400777,448981,626496,763084,909381,1000869,365814,405444,454416,614083,756219,907039
4686,WesternAfrica,914,Lessdevelopedregions,902,948,4104616,5096060,4909567,5487985,5803690,6540591,6999564,2199459,2700086,2615315,2943894,3111526,3483970,3719208,1905157,2395974,2294252,2544091,2692164,3056621
4687,WesternAfrica,914,Leastdevelopedcountries,941,3385442,4291047,4007333,4248789,4288250,4728904,5002359,1845792,2300219,2167206,2318406,2350831,2577433,2721477,1539650,1990828,1840127,1930383,1937419,2151471,2280882
4688,WesternAfrica,914,LandlockedDevelopingCountriesLLDC,1636,1741877,2118832,2142650,2407477,2572385,2890773,3035912,979194,1183672,1198914,1349951,1436717,1610418,1689457,762683,935160,943736,1057526,1135668,1280355,1346455
4689,WesternAfrica,914,SmallislanddevelopingStatesSIDS,1637,41883,46380,48623,50428,59927,70109,73429,19000,21217,24343,24751,28853,34258,35849,22883,25163,24280,25677,31074,35851,37580
4690,WesternAfrica,914,Highincomecountries,1503,38868,39116,36852,42013,46913,57049,60711,19676,20010,18752,22166,24383,29813,31854,19192,19106,18100,19847,22530,27236,28857
4691,WesternAfrica,914,Middleincomecountries,1517,1259005,1369127,1480998,1964671,2237850,2596515,2846395,648902,705614,764365,1029537,1160776,1329380,1453535,610103,663513,716633,935134,1077074,1267135,1392860
4692,WesternAfrica,914,Uppermiddleincomecountries,1502,22408,22684,22332,33431,34441,55896,59483,12948,12996,12540,18856,19312,31580,33429,9460,9688,9792,14575,15129,24316,26054
4693,WesternAfrica,914,Lowermiddleincomecountries,1501,1236597,1346443,1458666,1931240,2203409,2540619,2786912,635954,692618,751825,1010681,1141464,1297800,1420106,600643,653825,706841,920559,1061945,1242819,1366806
4694,WesternAfrica,914,Lowincomecountries,1500,2845590,3726621,3428420,3523657,3534287,3904855,4110396,1550945,1994676,1851206,1914867,1934694,2134266,2243414,1294645,1731945,1577214,1608790,1599593,1770589,1866982
4695,WesternAfrica,914,EasternAfrica,910,1229,1560,2212,2254,2998,6359,6606,565,722,970,1005,1363,3310,3422,664,838,1242,1249,1635,3049,3184
4696,WesternAfrica,914,MiddleAfrica,911,40282,42188,43665,94301,82864,112726,146642,21802,22758,23525,51738,45738,60858,79009,18480,19430,20140,42563,37126,51868,67633
4697,WesternAfrica,914,NorthernAfrica,912,15707,16498,16353,18897,45945,58237,63345,7921,8322,8243,9588,24092,31268,33893,7786,8176,8110,9309,21853,26969,29452
4698,WesternAfrica,914,SouthernAfrica,913,271,254,247,141,590,2045,2079,70,57,50,92,385,1282,1318,201,197,197,49,205,763,761
4699,WesternAfrica,914,WesternAfrica,914,4033431,5021589,4833494,5361622,5646082,6321159,6737999,2161347,2660356,2575136,2874838,3025951,3364864,3577848,1872084,2361233,2258358,2486784,2620131,2956295,3160151
4700,WesternAfrica,914,CentralAsia,5500,0,0,0,0,1488,1832,2146,0,0,0,0,856,1054,1235,0,0,0,0,632,778,911
4701,WesternAfrica,914,EasternAsia,906,1544,1524,1497,1868,6449,8974,9952,1097,1087,1063,1283,3646,5052,5508,447,437,434,585,2803,3922,4444
4702,WesternAfrica,914,SouthEasternAsia,920,31,35,40,45,1059,1369,1573,16,20,22,25,521,683,786,15,15,18,20,538,686,787
4703,WesternAfrica,914,SouthernAsia,5501,1695,1665,1702,1818,2523,3299,3411,1028,1021,1010,1312,1873,2307,2237,667,644,692,506,650,992,1174
4704,WesternAfrica,914,WesternAsia,922,10513,10644,10280,6845,10352,12441,13839,5962,5950,5510,4166,5783,6962,7688,4551,4694,4770,2679,4569,5479,6151
4705,WesternAfrica,914,EasternEurope,923,1241,1211,1151,1383,1375,1402,1512,659,694,669,779,716,701,766,582,517,482,604,659,701,746
4706,WesternAfrica,914,NorthernEurope,924,3990,3882,3944,2977,2027,2485,2571,2097,2053,2001,1693,1010,1272,1344,1893,1829,1943,1284,1017,1213,1227
4707,WesternAfrica,914,SouthernEurope,925,3077,3126,3271,3551,6639,7645,8028,1644,1693,1793,2036,3572,4060,4298,1433,1433,1478,1515,3067,3585,3730
4708,WesternAfrica,914,WesternEurope,926,22356,22244,20055,27004,22566,24361,25809,11341,11332,10241,13825,11595,12450,13215,11015,10912,9814,13179,10971,11911,12594
4709,WesternAfrica,914,Caribbean,915,150,192,229,528,4403,9412,9655,72,100,120,301,2253,5044,5141,78,92,109,227,2150,4368,4514
4710,WesternAfrica,914,CentralAmerica,916,4,5,6,5,3,430,404,2,3,4,4,3,249,239,2,2,2,1,0,181,165
4711,WesternAfrica,914,SouthAmerica,931,1080,1184,1080,1134,2805,5977,6258,558,637,573,607,1479,3283,3443,522,547,507,527,1326,2694,2815
4712,WesternAfrica,914,Melanesia,928,0,0,0,0,0,31,25,0,0,0,0,0,22,21,0,0,0,0,0,9,4
4713,WesternAfrica,914,Micronesia,954,0,0,0,0,0,39,29,0,0,0,0,0,24,22,0,0,0,0,0,15,7
4714,WesternAfrica,914,Polynesia,957,0,0,0,0,600,1737,1817,0,0,0,0,290,939,980,0,0,0,0,310,798,837
4715,WesternAfrica,914,Burundi,108,0,0,0,0,0,39,36,0,0,0,0,0,26,25,0,0,0,0,0,13,11
4716,WesternAfrica,914,Comoros,174,0,0,0,0,0,761,730,0,0,0,0,0,475,459,0,0,0,0,0,286,271
4717,WesternAfrica,914,Djibouti,262,0,0,0,0,0,18,16,0,0,0,0,0,14,14,0,0,0,0,0,4,2
4718,WesternAfrica,914,Eritrea,232,0,0,0,0,0,24,20,0,0,0,0,0,16,14,0,0,0,0,0,8,6
4719,WesternAfrica,914,Ethiopia,231,16,16,18,25,25,42,43,7,8,8,12,13,23,26,9,8,10,13,12,19,17
4720,WesternAfrica,914,Kenya,404,8,8,9,13,13,2041,1961,6,6,7,10,10,1195,1154,2,2,2,3,3,846,807
4721,WesternAfrica,914,Madagascar,450,0,0,0,0,0,10,8,0,0,0,0,0,5,5,0,0,0,0,0,5,3
4722,WesternAfrica,914,Malawi,454,0,0,0,0,0,17,15,0,0,0,0,0,12,12,0,0,0,0,0,5,3
4723,WesternAfrica,914,Mauritius,480,0,0,0,0,0,15,13,0,0,0,0,0,11,11,0,0,0,0,0,4,2
4724,WesternAfrica,914,Mayotte,175,0,0,0,0,0,0,0,0,0,0,0,0,0,0,0,0,0,0,0,0,0
4725,WesternAfrica,914,Mozambique,508,51,64,76,51,25,45,43,22,29,35,23,11,24,25,29,35,41,28,14,21,18
4726,WesternAfrica,914,Reunion,638,0,0,0,0,0,0,0,0,0,0,0,0,0,0,0,0,0,0,0,0,0
4727,WesternAfrica,914,Rwanda,646,1148,1466,2102,2155,1740,1842,1977,527,676,916,954,856,900,971,621,790,1186,1201,884,942,1006
4728,WesternAfrica,914,Seychelles,690,0,0,0,0,0,3,1,0,0,0,0,0,2,1,0,0,0,0,0,1,0
4729,WesternAfrica,914,Somalia,706,0,0,0,0,0,6,4,0,0,0,0,0,4,4,0,0,0,0,0,2,0
4730,WesternAfrica,914,SouthSudan,728,0,0,0,0,0,3,1,0,0,0,0,0,2,1,0,0,0,0,0,1,0
4731,WesternAfrica,914,Uganda,800,0,0,0,0,0,1,0,0,0,0,0,0,1,0,0,0,0,0,0,0,0
4732,WesternAfrica,914,UnitedRepublicofTanzania,834,6,6,7,10,724,891,1041,3,3,4,6,280,347,406,3,3,3,4,444,544,635
4733,WesternAfrica,914,Zambia,894,0,0,0,0,471,597,695,0,0,0,0,193,250,292,0,0,0,0,278,347,403
4734,WesternAfrica,914,Zimbabwe,716,0,0,0,0,0,4,2,0,0,0,0,0,3,2,0,0,0,0,0,1,0
4735,WesternAfrica,914,Angola,24,1658,1971,2276,1556,1609,2027,2306,829,1010,1186,812,759,975,1108,829,961,1090,744,850,1052,1198
4736,WesternAfrica,914,Cameroon,120,12681,13016,13575,26289,26011,31503,57603,6958,7107,7380,15057,14871,17169,31298,5723,5909,6195,11232,11140,14334,26305
4737,WesternAfrica,914,CentralAfricanRepublic,140,462,499,500,1377,1112,2261,2415,244,264,266,704,596,1199,1283,218,235,234,673,516,1062,1132
4738,WesternAfrica,914,Chad,148,13094,12986,13338,25394,26790,32661,35615,7398,7289,7434,14809,15611,18124,19644,5696,5697,5904,10585,11179,14537,15971
4739,WesternAfrica,914,Congo,178,4538,4888,4702,17777,11681,14635,16733,2380,2567,2486,9073,6065,7653,8759,2158,2321,2216,8704,5616,6982,7974
4740,WesternAfrica,914,DemocraticRepublicoftheCongo,180,324,390,515,867,2758,3369,3832,149,183,245,405,1375,1684,1922,175,207,270,462,1383,1685,1910
4741,WesternAfrica,914,EquatorialGuinea,226,50,56,64,74,751,11605,11322,30,34,40,46,383,6701,6546,20,22,24,28,368,4904,4776
4742,WesternAfrica,914,Gabon,266,4981,5250,4925,18243,10466,12879,14937,2654,2803,2645,9540,5333,6562,7615,2327,2447,2280,8703,5133,6317,7322
4743,WesternAfrica,914,SaoTomeandPrincipe,678,2494,3132,3770,2724,1686,1786,1879,1160,1501,1843,1292,745,791,834,1334,1631,1927,1432,941,995,1045
4744,WesternAfrica,914,Algeria,12,5594,6049,5876,7868,5924,13828,14045,2479,2706,2612,3593,2765,7554,7675,3115,3343,3264,4275,3159,6274,6370
4745,WesternAfrica,914,Egypt,818,223,236,245,256,777,1015,1160,100,118,133,142,388,515,591,123,118,112,114,389,500,569
4746,WesternAfrica,914,Libya,434,5603,5652,5908,6177,7280,7838,8320,3306,3322,3474,3636,4321,4661,4955,2297,2330,2434,2541,2959,3177,3365
4747,WesternAfrica,914,Morocco,504,3711,3886,3556,3803,4743,5586,5869,1778,1867,1668,1842,2319,2768,2897,1933,2019,1888,1961,2424,2818,2972
4748,WesternAfrica,914,Sudan,729,355,439,525,547,1048,1182,2519,166,197,228,241,530,609,1174,189,242,297,306,518,573,1345
4749,WesternAfrica,914,Tunisia,788,221,236,243,246,172,781,780,92,112,128,134,99,437,440,129,124,115,112,73,344,340
4750,WesternAfrica,914,WesternSahara,732,0,0,0,0,26001,28007,30652,0,0,0,0,13670,14724,16161,0,0,0,0,12331,13283,14491
4751,WesternAfrica,914,Botswana,72,0,0,0,0,0,50,46,0,0,0,0,0,30,28,0,0,0,0,0,20,18
4752,WesternAfrica,914,Eswatini,748,0,0,0,0,0,5,3,0,0,0,0,0,4,3,0,0,0,0,0,1,0
4753,WesternAfrica,914,Lesotho,426,0,0,0,0,0,32,29,0,0,0,0,0,22,21,0,0,0,0,0,10,8
4754,WesternAfrica,914,Namibia,516,0,0,0,0,0,3,1,0,0,0,0,0,2,1,0,0,0,0,0,1,0
4755,WesternAfrica,914,SouthAfrica,710,271,254,247,141,590,1955,2000,70,57,50,92,385,1224,1265,201,197,197,49,205,731,735
4756,WesternAfrica,914,Benin,204,198507,232433,275884,440200,465234,537142,573751,108239,126106,147653,246148,257077,285966,303941,90268,106327,128231,194052,208157,251176,269810
4757,WesternAfrica,914,BurkinaFaso,854,1012586,1202639,1262030,1327628,1404336,1483381,1558207,568243,673547,705278,742467,783222,827174,868540,444343,529092,556752,585161,621114,656207,689667
4758,WesternAfrica,914,CaboVerde,132,751,909,998,961,946,1030,935,348,430,470,453,443,486,481,403,479,528,508,503,544,454
4759,WesternAfrica,914,CotedIvoire,384,313319,383583,459837,598719,775433,858834,904508,158890,194969,230550,294017,380969,423639,445662,154429,188614,229287,304702,394464,435195,458846
4760,WesternAfrica,914,Gambia,270,23420,19646,19355,18710,18760,19797,19987,12107,10070,9741,9808,9654,10081,10168,11313,9576,9614,8902,9106,9716,9819
4761,WesternAfrica,914,Ghana,288,233219,242727,260473,367542,388381,442475,466077,106731,110439,119985,184412,190586,211727,222661,126488,132288,140488,183130,197795,230748,243416
4762,WesternAfrica,914,Guinea,324,334869,342287,346323,337223,364152,372987,382127,190854,193666,193552,189209,203211,207887,213193,144015,148621,152771,148014,160941,165100,168934
4763,WesternAfrica,914,GuineaBissau,624,38477,42133,43609,46202,51621,54467,57382,17414,19178,21900,22697,24754,26009,27369,21063,22955,21709,23505,26867,28458,30013
4764,WesternAfrica,914,Liberia,430,498173,507364,196313,278137,122918,95334,100479,250437,248958,95630,134509,60633,48598,51422,247736,258406,100683,143628,62285,46736,49057
4765,WesternAfrica,914,Mali,466,571283,731302,667593,768054,821438,1018235,1064766,311875,394752,362935,420250,446280,554750,578816,259408,336550,304658,347804,375158,463485,485950
4766,WesternAfrica,914,Mauritania,478,117644,133719,87498,75932,77718,76392,88719,63462,72745,51696,44366,45514,45190,52126,54182,60974,35802,31566,32204,31202,36593
4767,WesternAfrica,914,Niger,562,143288,169924,197069,282844,314600,349245,369325,90900,107136,122077,170755,188791,206434,218093,52388,62788,74992,112089,125809,142811,151232
4768,WesternAfrica,914,Nigeria,566,120319,124306,127997,180330,231453,338095,417968,60097,65467,69100,96816,124395,177512,216290,60222,58839,58897,83514,107058,160583,201678
4769,WesternAfrica,914,SaintHelena,654,0,0,0,0,0,0,0,0,0,0,0,0,0,0,0,0,0,0,0,0,0
4770,WesternAfrica,914,Senegal,686,219731,193361,209680,204917,208105,207721,226673,121245,104283,113732,111034,112299,110825,120842,98486,89078,95948,93883,95806,96896,105831
4771,WesternAfrica,914,SierraLeone,694,41350,422273,457834,85200,51070,50832,54387,20467,210286,225989,40775,25412,26602,28553,20883,211987,231845,44425,25658,24230,25834
4772,WesternAfrica,914,Togo,768,166495,272983,221001,349023,349917,415192,452708,80038,128324,104848,167122,172711,201984,219691,86457,144659,116153,181901,177206,213208,233017
4773,WesternAfrica,914,Kazakhstan,398,0,0,0,0,1488,1830,2146,0,0,0,0,856,1052,1235,0,0,0,0,632,778,911
4774,WesternAfrica,914,Kyrgyzstan,417,0,0,0,0,0,0,0,0,0,0,0,0,0,0,0,0,0,0,0,0,0
4775,WesternAfrica,914,Tajikistan,762,0,0,0,0,0,1,0,0,0,0,0,0,1,0,0,0,0,0,0,0,0
4776,WesternAfrica,914,Turkmenistan,795,0,0,0,0,0,0,0,0,0,0,0,0,0,0,0,0,0,0,0,0,0
4777,WesternAfrica,914,Uzbekistan,860,0,0,0,0,0,1,0,0,0,0,0,0,1,0,0,0,0,0,0,0,0
4778,WesternAfrica,914,China,156,1255,1208,1163,1383,3863,4733,5365,948,910,872,1008,2389,2844,3138,307,298,291,375,1474,1889,2227
4779,WesternAfrica,914,China,156,344,0,0,0,0,0,0,0,0,0,0,0,0,0,0,0,0,0,0,0,0
4780,WesternAfrica,914,China,156,446,0,0,0,0,0,0,0,0,0,0,0,0,0,0,0,0,0,0,0,0
4781,WesternAfrica,914,China,156,158,0,0,0,0,0,0,0,0,0,0,0,0,0,0,0,0,0,0,0,0
4782,WesternAfrica,914,DemPeoplesRepublicofKorea,408,7,6,5,3,1437,2999,3254,6,5,4,2,644,1509,1623,1,1,1,1,793,1490,1631
4783,WesternAfrica,914,Japan,392,66,70,75,90,608,743,851,33,37,39,57,318,387,444,33,33,36,33,290,356,407
4784,WesternAfrica,914,Mongolia,496,0,0,0,0,0,0,0,0,0,0,0,0,0,0,0,0,0,0,0,0,0
4785,WesternAfrica,914,RepublicofKorea,410,216,240,254,392,541,499,482,110,135,148,216,295,312,303,106,105,106,176,246,187,179
4786,WesternAfrica,914,BruneiDarussalam,96,0,0,0,0,0,0,0,0,0,0,0,0,0,0,0,0,0,0,0,0,0
4787,WesternAfrica,914,Cambodia,116,0,0,0,0,0,9,7,0,0,0,0,0,5,5,0,0,0,0,0,4,2
4788,WesternAfrica,914,Indonesia,360,0,0,0,0,0,0,0,0,0,0,0,0,0,0,0,0,0,0,0,0,0
4789,WesternAfrica,914,LaoPeoplesDemocraticRepublic,418,0,0,0,0,0,0,0,0,0,0,0,0,0,0,0,0,0,0,0,0,0
4790,WesternAfrica,914,Malaysia,458,0,0,0,0,0,1,0,0,0,0,0,0,1,0,0,0,0,0,0,0,0
4791,WesternAfrica,914,Myanmar,104,0,0,0,0,0,2,0,0,0,0,0,0,2,0,0,0,0,0,0,0,0
4792,WesternAfrica,914,Philippines,608,20,20,22,31,23,31,31,10,11,11,16,12,18,18,10,9,11,15,11,13,13
4793,WesternAfrica,914,Singapore,702,0,0,0,0,663,815,955,0,0,0,0,363,446,524,0,0,0,0,300,369,431
4794,WesternAfrica,914,Thailand,764,0,0,0,0,364,498,570,0,0,0,0,140,202,231,0,0,0,0,224,296,339
4795,WesternAfrica,914,TimorLeste,626,11,14,17,13,8,8,7,6,8,10,8,5,5,5,5,6,7,5,3,3,2
4796,WesternAfrica,914,VietNam,704,0,1,1,1,1,5,3,0,1,1,1,1,4,3,0,0,0,0,0,1,0
4797,WesternAfrica,914,Afghanistan,4,0,0,0,0,385,476,554,0,0,0,0,299,371,433,0,0,0,0,86,105,121
4798,WesternAfrica,914,Bangladesh,50,0,0,0,0,0,1,0,0,0,0,0,0,1,0,0,0,0,0,0,0,0
4799,WesternAfrica,914,Bhutan,64,0,0,0,0,0,3,1,0,0,0,0,0,2,1,0,0,0,0,0,1,0
4800,WesternAfrica,914,India,356,1633,1603,1633,1599,1959,2592,2634,995,985,973,1173,1465,1793,1664,638,618,660,426,494,799,970
4801,WesternAfrica,914,IranIslamicRepublicof,364,0,0,0,0,0,0,0,0,0,0,0,0,0,0,0,0,0,0,0,0,0
4802,WesternAfrica,914,Maldives,462,0,0,0,0,0,0,0,0,0,0,0,0,0,0,0,0,0,0,0,0,0
4803,WesternAfrica,914,Nepal,524,0,0,0,0,0,25,22,0,0,0,0,0,19,18,0,0,0,0,0,6,4
4804,WesternAfrica,914,Pakistan,586,47,47,52,195,162,180,179,25,27,28,126,100,108,109,22,20,24,69,62,72,70
4805,WesternAfrica,914,SriLanka,144,15,15,17,24,17,22,21,8,9,9,13,9,13,12,7,6,8,11,8,9,9
4806,WesternAfrica,914,Armenia,51,0,0,0,0,0,9,7,0,0,0,0,0,9,7,0,0,0,0,0,0,0
4807,WesternAfrica,914,Azerbaijan,31,0,0,0,0,0,5,3,0,0,0,0,0,5,3,0,0,0,0,0,0,0
4808,WesternAfrica,914,Bahrain,48,0,0,0,0,0,3,1,0,0,0,0,0,2,1,0,0,0,0,0,1,0
4809,WesternAfrica,914,Cyprus,196,0,0,0,0,0,0,0,0,0,0,0,0,0,0,0,0,0,0,0,0,0
4810,WesternAfrica,914,Georgia,268,0,0,0,0,0,0,0,0,0,0,0,0,0,0,0,0,0,0,0,0,0
4811,WesternAfrica,914,Iraq,368,77,82,84,85,95,112,122,33,40,46,48,57,67,75,44,42,38,37,38,45,47
4812,WesternAfrica,914,Israel,376,24,24,27,38,1119,1387,1619,12,13,14,21,600,745,873,12,11,13,17,519,642,746
4813,WesternAfrica,914,Jordan,400,0,0,0,0,0,2,0,0,0,0,0,0,2,0,0,0,0,0,0,0,0
4814,WesternAfrica,914,Kuwait,414,29,30,31,32,22,31,33,9,11,14,15,12,17,19,20,19,17,17,10,14,14
4815,WesternAfrica,914,Lebanon,422,7862,7787,7702,4469,3488,4002,3928,4695,4499,4164,2902,2265,2618,2558,3167,3288,3538,1567,1223,1384,1370
4816,WesternAfrica,914,Oman,512,0,0,0,0,0,0,0,0,0,0,0,0,0,0,0,0,0,0,0,0,0
4817,WesternAfrica,914,Qatar,634,0,0,0,0,0,0,0,0,0,0,0,0,0,0,0,0,0,0,0,0,0
4818,WesternAfrica,914,SaudiArabia,682,2132,2307,2006,1785,2850,3214,3534,1038,1177,1035,934,1379,1536,1685,1094,1130,971,851,1471,1678,1849
4819,WesternAfrica,914,StateofPalestine,275,135,144,148,150,112,161,175,60,72,82,85,67,95,105,75,72,66,65,45,66,70
4820,WesternAfrica,914,SyrianArabRepublic,760,192,204,214,217,155,382,670,91,108,120,125,91,224,395,101,96,94,92,64,158,275
4821,WesternAfrica,914,Turkey,792,0,0,0,0,0,35,119,0,0,0,0,0,24,69,0,0,0,0,0,11,50
4822,WesternAfrica,914,UnitedArabEmirates,784,62,66,68,69,2511,3098,3628,24,30,35,36,1312,1618,1898,38,36,33,33,1199,1480,1730
4823,WesternAfrica,914,Yemen,887,0,0,0,0,0,0,0,0,0,0,0,0,0,0,0,0,0,0,0,0,0
4824,WesternAfrica,914,Belarus,112,0,0,0,0,0,0,0,0,0,0,0,0,0,0,0,0,0,0,0,0,0
4825,WesternAfrica,914,Bulgaria,100,0,0,0,0,0,3,1,0,0,0,0,0,2,1,0,0,0,0,0,1,0
4826,WesternAfrica,914,Czechia,203,0,0,0,0,0,0,0,0,0,0,0,0,0,0,0,0,0,0,0,0,0
4827,WesternAfrica,914,Hungary,348,0,0,0,0,0,0,0,0,0,0,0,0,0,0,0,0,0,0,0,0,0
4828,WesternAfrica,914,Poland,616,34,34,38,53,39,48,52,16,18,18,27,18,22,25,18,16,20,26,21,26,27
4829,WesternAfrica,914,RepublicofMoldova,498,0,0,0,0,0,3,1,0,0,0,0,0,2,1,0,0,0,0,0,1,0
4830,WesternAfrica,914,Romania,642,0,0,0,0,0,5,3,0,0,0,0,0,4,3,0,0,0,0,0,1,0
4831,WesternAfrica,914,RussianFederation,643,1095,1044,963,1246,1290,1312,1426,590,607,573,700,670,653,717,505,437,390,546,620,659,709
4832,WesternAfrica,914,Slovakia,703,0,0,0,0,0,0,0,0,0,0,0,0,0,0,0,0,0,0,0,0,0
4833,WesternAfrica,914,Ukraine,804,112,133,150,84,46,31,29,53,69,78,52,28,18,19,59,64,72,32,18,13,10
4834,WesternAfrica,914,ChannelIslands,830,0,0,0,0,0,0,0,0,0,0,0,0,0,0,0,0,0,0,0,0,0
4835,WesternAfrica,914,Denmark,208,0,0,0,0,0,66,63,0,0,0,0,0,38,38,0,0,0,0,0,28,25
4836,WesternAfrica,914,Estonia,233,0,0,0,0,0,0,0,0,0,0,0,0,0,0,0,0,0,0,0,0,0
4837,WesternAfrica,914,FaroeIslands,234,0,0,0,0,0,0,0,0,0,0,0,0,0,0,0,0,0,0,0,0,0
4838,WesternAfrica,914,Finland,246,0,0,0,0,0,6,4,0,0,0,0,0,4,4,0,0,0,0,0,2,0
4839,WesternAfrica,914,Iceland,352,0,0,0,0,0,0,0,0,0,0,0,0,0,0,0,0,0,0,0,0,0
4840,WesternAfrica,914,Ireland,372,0,0,0,0,0,0,0,0,0,0,0,0,0,0,0,0,0,0,0,0,0
4841,WesternAfrica,914,IsleofMan,833,0,0,0,0,0,0,0,0,0,0,0,0,0,0,0,0,0,0,0,0,0
4842,WesternAfrica,914,Latvia,428,0,0,0,0,0,23,20,0,0,0,0,0,12,11,0,0,0,0,0,11,9
4843,WesternAfrica,914,Lithuania,440,0,0,0,0,0,0,0,0,0,0,0,0,0,0,0,0,0,0,0,0,0
4844,WesternAfrica,914,Norway,578,0,0,0,0,0,2,0,0,0,0,0,0,2,0,0,0,0,0,0,0,0
4845,WesternAfrica,914,Sweden,752,1120,1094,1075,488,225,261,200,588,563,539,315,101,118,93,532,531,536,173,124,143,107
4846,WesternAfrica,914,UnitedKingdom,826,2870,2788,2869,2489,1802,2127,2284,1509,1490,1462,1378,909,1098,1198,1361,1298,1407,1111,893,1029,1086
4847,WesternAfrica,914,Albania,8,0,0,0,0,1028,1275,1491,0,0,0,0,461,573,673,0,0,0,0,567,702,818
4848,WesternAfrica,914,Andorra,20,0,0,0,0,835,1033,1208,0,0,0,0,439,544,639,0,0,0,0,396,489,569
4849,WesternAfrica,914,BosniaandHerzegovina,70,0,0,0,0,0,2,0,0,0,0,0,0,2,0,0,0,0,0,0,0,0
4850,WesternAfrica,914,Croatia,191,0,0,0,0,792,994,1159,0,0,0,0,503,632,739,0,0,0,0,289,362,420
4851,WesternAfrica,914,Gibraltar,292,0,0,0,0,0,0,0,0,0,0,0,0,0,0,0,0,0,0,0,0,0
4852,WesternAfrica,914,Greece,300,0,0,0,0,0,0,0,0,0,0,0,0,0,0,0,0,0,0,0,0,0
4853,WesternAfrica,914,HolySee,336,0,0,0,0,0,0,0,0,0,0,0,0,0,0,0,0,0,0,0,0,0
4854,WesternAfrica,914,Italy,380,728,675,738,706,672,836,879,439,391,428,418,379,474,506,289,284,310,288,293,362,373
4855,WesternAfrica,914,Malta,470,0,0,0,0,0,0,0,0,0,0,0,0,0,0,0,0,0,0,0,0,0
4856,WesternAfrica,914,Montenegro,499,0,0,0,0,0,0,0,0,0,0,0,0,0,0,0,0,0,0,0,0,0
4857,WesternAfrica,914,NorthMacedonia,807,0,0,0,0,0,0,0,0,0,0,0,0,0,0,0,0,0,0,0,0,0
4858,WesternAfrica,914,Portugal,620,1897,1982,2051,2031,2036,1996,1838,969,1050,1106,1137,1057,965,896,928,932,945,894,979,1031,942
4859,WesternAfrica,914,SanMarino,674,0,0,0,0,0,0,0,0,0,0,0,0,0,0,0,0,0,0,0,0,0
4860,WesternAfrica,914,Serbia,688,0,0,0,0,0,2,0,0,0,0,0,0,1,0,0,0,0,0,0,1,0
4861,WesternAfrica,914,Slovenia,705,0,0,0,0,0,28,25,0,0,0,0,0,17,16,0,0,0,0,0,11,9
4862,WesternAfrica,914,Spain,724,452,469,482,814,1276,1479,1428,236,252,259,481,733,852,829,216,217,223,333,543,627,599
4863,WesternAfrica,914,Austria,40,0,0,0,0,0,1,0,0,0,0,0,0,1,0,0,0,0,0,0,0,0
4864,WesternAfrica,914,Belgium,56,301,344,282,231,189,175,174,170,209,174,145,122,112,114,131,135,108,86,67,63,60
4865,WesternAfrica,914,France,250,18556,19215,17121,24771,20677,22216,23680,9378,9741,8743,12559,10603,11323,12075,9178,9474,8378,12212,10074,10893,11605
4866,WesternAfrica,914,Germany,276,2733,1911,1841,1353,1284,1419,1392,1377,956,891,732,648,714,708,1356,955,950,621,636,705,684
4867,WesternAfrica,914,Liechtenstein,438,0,0,0,0,0,4,2,0,0,0,0,0,1,1,0,0,0,0,0,3,1
4868,WesternAfrica,914,Luxembourg,442,5,8,10,7,4,4,3,1,2,3,2,1,1,1,4,6,7,5,3,3,2
4869,WesternAfrica,914,Monaco,492,0,0,0,0,0,0,0,0,0,0,0,0,0,0,0,0,0,0,0,0,0
4870,WesternAfrica,914,Netherlands,528,491,494,514,394,248,330,337,265,270,273,237,132,181,190,226,224,241,157,116,149,147
4871,WesternAfrica,914,Switzerland,756,270,272,287,248,164,212,221,150,154,157,150,89,117,126,120,118,130,98,75,95,95
4872,WesternAfrica,914,Anguilla,660,0,0,0,0,0,0,0,0,0,0,0,0,0,0,0,0,0,0,0,0,0
4873,WesternAfrica,914,AntiguaandBarbuda,28,0,0,0,0,0,4452,4276,0,0,0,0,0,2545,2453,0,0,0,0,0,1907,1823
4874,WesternAfrica,914,Aruba,533,0,0,0,0,0,0,0,0,0,0,0,0,0,0,0,0,0,0,0,0,0
4875,WesternAfrica,914,Bahamas,44,0,0,0,0,0,13,11,0,0,0,0,0,6,6,0,0,0,0,0,7,5
4876,WesternAfrica,914,Barbados,52,0,0,0,0,0,11,9,0,0,0,0,0,10,9,0,0,0,0,0,1,0
4877,WesternAfrica,914,Bonaire,16,535,0,0,0,0,0,0,0,0,0,0,0,0,0,0,0,0,0,0,0,0
4878,WesternAfrica,914,BritishVirginIslands,92,0,0,0,0,407,500,585,0,0,0,0,172,211,247,0,0,0,0,235,289,338
4879,WesternAfrica,914,CaymanIslands,136,0,0,0,0,0,0,0,0,0,0,0,0,0,0,0,0,0,0,0,0,0
4880,WesternAfrica,914,Cuba,192,130,162,190,474,1957,1871,1803,62,84,99,273,1157,1104,1067,68,78,91,201,800,767,736
4881,WesternAfrica,914,CuraÃao,531,0,0,0,0,0,0,0,0,0,0,0,0,0,0,0,0,0,0,0,0,0
4882,WesternAfrica,914,Dominica,212,0,0,0,0,0,13,11,0,0,0,0,0,4,4,0,0,0,0,0,9,7
4883,WesternAfrica,914,DominicanRepublic,214,0,0,0,0,0,2,0,0,0,0,0,0,1,0,0,0,0,0,0,1,0
4884,WesternAfrica,914,Grenada,308,0,0,0,0,300,369,431,0,0,0,0,129,159,187,0,0,0,0,171,210,244
4885,WesternAfrica,914,Guadeloupe,312,0,0,0,0,760,935,1096,0,0,0,0,342,421,495,0,0,0,0,418,514,601
4886,WesternAfrica,914,Haiti,332,0,0,0,0,0,25,22,0,0,0,0,0,13,12,0,0,0,0,0,12,10
4887,WesternAfrica,914,Jamaica,388,0,0,0,0,0,0,0,0,0,0,0,0,0,0,0,0,0,0,0,0,0
4888,WesternAfrica,914,Martinique,474,0,0,0,0,0,0,0,0,0,0,0,0,0,0,0,0,0,0,0,0,0
4889,WesternAfrica,914,Montserrat,500,0,0,0,0,0,0,0,0,0,0,0,0,0,0,0,0,0,0,0,0,0
4890,WesternAfrica,914,PuertoRico,630,0,0,0,0,0,0,0,0,0,0,0,0,0,0,0,0,0,0,0,0,0
4891,WesternAfrica,914,SaintBarthelemy,652,0,0,0,0,0,0,0,0,0,0,0,0,0,0,0,0,0,0,0,0,0
4892,WesternAfrica,914,SaintKittsandNevis,659,0,0,0,0,0,0,0,0,0,0,0,0,0,0,0,0,0,0,0,0,0
4893,WesternAfrica,914,SaintLucia,662,0,0,0,0,0,0,0,0,0,0,0,0,0,0,0,0,0,0,0,0,0
4894,WesternAfrica,914,SaintMartinFrenchpart,663,0,0,0,0,0,0,0,0,0,0,0,0,0,0,0,0,0,0,0,0,0
4895,WesternAfrica,914,SaintVincentandtheGrenadines,670,0,0,0,0,0,30,27,0,0,0,0,0,19,18,0,0,0,0,0,11,9
4896,WesternAfrica,914,SintMaartenDutchpart,534,0,0,0,0,0,0,0,0,0,0,0,0,0,0,0,0,0,0,0,0,0
4897,WesternAfrica,914,TrinidadandTobago,780,0,0,0,0,0,0,0,0,0,0,0,0,0,0,0,0,0,0,0,0,0
4898,WesternAfrica,914,TurksandCaicosIslands,796,0,0,0,0,536,659,771,0,0,0,0,236,290,340,0,0,0,0,300,369,431
4899,WesternAfrica,914,UnitedStatesVirginIslands,850,20,30,39,54,443,532,613,10,16,21,28,217,261,303,10,14,18,26,226,271,310
4900,WesternAfrica,914,Belize,84,0,0,0,0,0,2,0,0,0,0,0,0,2,0,0,0,0,0,0,0,0
4901,WesternAfrica,914,CostaRica,188,0,0,0,0,0,118,112,0,0,0,0,0,73,71,0,0,0,0,0,45,41
4902,WesternAfrica,914,ElSalvador,222,0,0,0,0,0,4,2,0,0,0,0,0,2,2,0,0,0,0,0,2,0
4903,WesternAfrica,914,Guatemala,320,0,0,0,0,0,0,0,0,0,0,0,0,0,0,0,0,0,0,0,0,0
4904,WesternAfrica,914,Honduras,340,0,0,0,0,0,298,285,0,0,0,0,0,166,161,0,0,0,0,0,132,124
4905,WesternAfrica,914,Mexico,484,4,5,6,5,3,3,2,2,3,4,4,3,3,2,2,2,2,1,0,0,0
4906,WesternAfrica,914,Nicaragua,558,0,0,0,0,0,5,3,0,0,0,0,0,3,3,0,0,0,0,0,2,0
4907,WesternAfrica,914,Panama,591,0,0,0,0,0,0,0,0,0,0,0,0,0,0,0,0,0,0,0,0,0
4908,WesternAfrica,914,Argentina,32,65,72,76,74,50,182,179,30,36,42,42,30,108,109,35,36,34,32,20,74,70
4909,WesternAfrica,914,BoliviaPlurinationalStateof,68,0,0,0,0,0,5,3,0,0,0,0,0,2,2,0,0,0,0,0,3,1
4910,WesternAfrica,914,Brazil,76,1011,1108,1000,1056,1103,1122,1169,526,599,528,562,579,576,605,485,509,472,494,524,546,564
4911,WesternAfrica,914,Chile,152,0,0,0,0,1242,1539,1801,0,0,0,0,675,838,984,0,0,0,0,567,701,817
4912,WesternAfrica,914,Colombia,170,0,0,0,0,0,2623,2519,0,0,0,0,0,1517,1463,0,0,0,0,0,1106,1056
4913,WesternAfrica,914,Ecuador,218,0,0,0,0,0,2,0,0,0,0,0,0,2,0,0,0,0,0,0,0,0
4914,WesternAfrica,914,FalklandIslandsMalvinas,238,0,0,0,0,0,0,0,0,0,0,0,0,0,0,0,0,0,0,0,0,0
4915,WesternAfrica,914,FrenchGuiana,254,0,0,0,0,0,0,0,0,0,0,0,0,0,0,0,0,0,0,0,0,0
4916,WesternAfrica,914,Guyana,328,0,0,0,0,0,0,0,0,0,0,0,0,0,0,0,0,0,0,0,0,0
4917,WesternAfrica,914,Paraguay,600,0,0,0,0,0,0,0,0,0,0,0,0,0,0,0,0,0,0,0,0,0
4918,WesternAfrica,914,Peru,604,4,4,4,4,3,3,2,2,2,3,3,3,3,2,2,2,1,1,0,0,0
4919,WesternAfrica,914,Suriname,740,0,0,0,0,0,0,0,0,0,0,0,0,0,0,0,0,0,0,0,0,0
4920,WesternAfrica,914,Uruguay,858,0,0,0,0,407,501,585,0,0,0,0,192,237,278,0,0,0,0,215,264,307
4921,WesternAfrica,914,VenezuelaBolivarianRepublicof,862,0,0,0,0,0,0,0,0,0,0,0,0,0,0,0,0,0,0,0,0,0
4922,WesternAfrica,914,Bermuda,60,0,0,0,0,0,0,0,0,0,0,0,0,0,0,0,0,0,0,0,0,0
4923,WesternAfrica,914,Canada,124,830,884,808,659,545,559,564,418,473,418,369,292,293,302,412,411,390,290,253,266,262
4924,WesternAfrica,914,Greenland,304,0,0,0,0,0,0,0,0,0,0,0,0,0,0,0,0,0,0,0,0,0
4925,WesternAfrica,914,SaintPierreandMiquelon,666,0,0,0,0,0,0,0,0,0,0,0,0,0,0,0,0,0,0,0,0,0
4926,WesternAfrica,914,UnitedStatesofAmerica,840,6015,6162,6217,5282,4471,4797,4941,2919,3016,2969,2899,2436,2604,2720,3096,3146,3248,2383,2035,2193,2221
4927,WesternAfrica,914,Australia,36,17,17,19,27,27,43,45,5,6,6,10,11,21,24,12,11,13,17,16,22,21
4928,WesternAfrica,914,NewZealand,554,0,0,0,0,0,2,0,0,0,0,0,0,2,0,0,0,0,0,0,0,0
4929,WesternAfrica,914,Fiji,242,0,0,0,0,0,3,1,0,0,0,0,0,2,1,0,0,0,0,0,1,0
4930,WesternAfrica,914,NewCaledonia,540,0,0,0,0,0,0,0,0,0,0,0,0,0,0,0,0,0,0,0,0,0
4931,WesternAfrica,914,PapuaNewGuinea,598,0,0,0,0,0,16,14,0,0,0,0,0,12,12,0,0,0,0,0,4,2
4932,WesternAfrica,914,SolomonIslands,90,0,0,0,0,0,12,10,0,0,0,0,0,8,8,0,0,0,0,0,4,2
4933,WesternAfrica,914,Vanuatu,548,0,0,0,0,0,0,0,0,0,0,0,0,0,0,0,0,0,0,0,0,0
4934,WesternAfrica,914,Guam,316,0,0,0,0,0,0,0,0,0,0,0,0,0,0,0,0,0,0,0,0,0
4935,WesternAfrica,914,Kiribati,296,0,0,0,0,0,3,1,0,0,0,0,0,3,1,0,0,0,0,0,0,0
4936,WesternAfrica,914,MarshallIslands,584,0,0,0,0,0,6,4,0,0,0,0,0,3,3,0,0,0,0,0,3,1
4937,WesternAfrica,914,MicronesiaFedStatesof,583,0,0,0,0,0,3,1,0,0,0,0,0,1,1,0,0,0,0,0,2,0
4938,WesternAfrica,914,Nauru,520,0,0,0,0,0,18,16,0,0,0,0,0,12,12,0,0,0,0,0,6,4
4939,WesternAfrica,914,NorthernMarianaIslands,580,0,0,0,0,0,0,0,0,0,0,0,0,0,0,0,0,0,0,0,0,0
4940,WesternAfrica,914,Palau,585,0,0,0,0,0,9,7,0,0,0,0,0,5,5,0,0,0,0,0,4,2
4941,WesternAfrica,914,AmericanSamoa,16,0,0,0,0,322,395,462,0,0,0,0,151,185,218,0,0,0,0,171,210,244
4942,WesternAfrica,914,CookIslands,184,0,0,0,0,0,0,0,0,0,0,0,0,0,0,0,0,0,0,0,0,0
4943,WesternAfrica,914,FrenchPolynesia,258,0,0,0,0,278,341,398,0,0,0,0,139,170,200,0,0,0,0,139,171,198
4944,WesternAfrica,914,Niue,570,0,0,0,0,0,0,0,0,0,0,0,0,0,0,0,0,0,0,0,0,0
4945,WesternAfrica,914,Samoa,882,0,0,0,0,0,28,25,0,0,0,0,0,17,16,0,0,0,0,0,11,9
4946,WesternAfrica,914,Tokelau,772,0,0,0,0,0,0,0,0,0,0,0,0,0,0,0,0,0,0,0,0,0
4947,WesternAfrica,914,Tonga,776,0,0,0,0,0,972,932,0,0,0,0,0,566,546,0,0,0,0,0,406,386
4948,WesternAfrica,914,Tuvalu,798,0,0,0,0,0,1,0,0,0,0,0,0,1,0,0,0,0,0,0,0,0
4949,WesternAfrica,914,WallisandFutunaIslands,876,0,0,0,0,0,0,0,0,0,0,0,0,0,0,0,0,0,0,0,0,0
4950,SouthernAfrica,913,SubSaharanAfrica,947,915913,829184,865507,1110386,1710312,2002694,2035175,621853,534930,534265,669975,1021124,1120512,1175720,294060,294254,331242,440411,689188,882182,859455
4951,SouthernAfrica,913,NorthernAfricaandWesternAsia,1833,13529,10842,10966,13677,19284,24488,28309,6668,5741,6117,7368,10147,12850,16418,6861,5101,4849,6309,9137,11638,11891
4952,SouthernAfrica,913,CentralandSouthernAsia,921,18755,21037,28528,37056,68615,87207,70151,10747,12492,17033,21602,40588,55229,49015,8008,8545,11495,15454,28027,31978,21136
4953,SouthernAfrica,913,EasternandSouthEasternAsia,1832,24478,20584,20884,25777,27239,27568,29086,12445,11557,12432,14751,14914,15457,17293,12033,9027,8452,11026,12325,12111,11793
4954,SouthernAfrica,913,LatinAmericaandtheCaribbean,1830,6935,6213,6552,7352,9765,12016,13774,2981,2816,3083,3404,4421,5450,7034,3954,3397,3469,3948,5344,6566,6740
4955,SouthernAfrica,913,OceaniaexcludingAustraliaandNewZealand,1835,178,109,76,94,135,171,197,80,55,46,54,77,99,125,98,54,30,40,58,72,72
4956,SouthernAfrica,913,AustraliaandNewZealand,927,6600,5273,5249,6589,9743,9096,10626,2724,2344,2455,2971,4337,4425,5409,3876,2929,2794,3618,5406,4671,5217
4957,SouthernAfrica,913,EuropeandNorthernAmerica,1829,286997,240121,256558,326717,286219,238534,272171,123827,113830,128837,159818,139371,116089,140626,163170,126291,127721,166899,146848,122445,131545
4958,SouthernAfrica,913,Developedregions,901,294835,246340,262692,334391,297482,249554,285020,127192,116647,131699,163274,144362,121340,147135,167643,129693,130993,171117,153120,128214,137885
4959,SouthernAfrica,913,Lessdevelopedregions,902,978550,887023,931628,1193257,1833830,2152220,2174469,654133,567118,572569,716669,1090617,1208771,1264505,324417,319905,359059,476588,743213,943449,909964
4960,SouthernAfrica,913,Lessdevelopedregions,902,934,294198,302967,395125,502830,782200,1142864,1167498,174795,176983,223284,281368,425457,628714,658403,119403,125984,171841,221462,356743,514150
4961,SouthernAfrica,913,Lessdevelopedregions,902,948,962445,872310,915568,1173358,1814801,2135028,2157362,645255,558164,562285,704395,1078979,1197417,1252780,317190,314146,353283,468963,735822,937611
4962,SouthernAfrica,913,Leastdevelopedcountries,941,684352,584056,536503,690427,1051630,1009356,1006971,479338,390135,349285,435301,665160,580057,606102,205014,193921,187218,255126,386470,429299,400869
4963,SouthernAfrica,913,LandlockedDevelopingCountriesLLDC,1636,373383,339338,395983,528145,840708,1229114,1254737,260435,217663,229084,300978,469798,670116,696276,112948,121675,166899,227167,370910,558998,558461
4964,SouthernAfrica,913,SmallislanddevelopingStatesSIDS,1637,8935,7671,7975,9653,11783,14702,16906,4997,4116,4057,4878,5726,7164,9160,3938,3555,3918,4775,6057,7538,7746
4965,SouthernAfrica,913,Highincomecountries,1503,300229,250885,267575,340793,305167,259360,296356,130440,119170,134169,166572,148209,126294,153489,169789,131715,133406,174221,156958,133066,142867
4966,SouthernAfrica,913,Middleincomecountries,1517,527552,492992,613504,763914,1136295,1459480,1500956,348017,304117,347960,424009,619475,789670,830377,179535,188875,265544,339905,516820,669810,670579
4967,SouthernAfrica,913,Uppermiddleincomecountries,1502,106122,102515,132880,152780,196538,161492,171233,60022,58066,73285,81702,101442,86314,96558,46100,44449,59595,71078,95096,75178,74675
4968,SouthernAfrica,913,Lowermiddleincomecountries,1501,421430,390477,480624,611134,939757,1297988,1329723,287995,246051,274675,342307,518033,703356,733819,133435,144426,205949,268827,421724,594632,595904
4969,SouthernAfrica,913,Lowincomecountries,1500,444220,388775,312996,422621,689385,682336,661484,302203,260156,222082,289300,467213,414044,427586,142017,128619,90914,133321,222172,268292,233898
4970,SouthernAfrica,913,EasternAfrica,910,540300,518762,508352,681660,1085740,1405000,1433038,356997,333679,330069,435698,683639,809202,852666,183303,185083,178283,245962,402101,595798,580372
4971,SouthernAfrica,913,MiddleAfrica,911,49737,55237,91744,99850,130904,194695,187553,29845,33043,54210,53548,70379,105001,106689,19892,22194,37534,46302,60525,89694,80864
4972,SouthernAfrica,913,NorthernAfrica,912,6450,5156,5084,6157,8501,10683,12321,3288,2784,2884,3395,4591,5768,7288,3162,2372,2200,2762,3910,4915,5033
4973,SouthernAfrica,913,SouthernAfrica,913,295411,235191,250697,310508,455634,341022,360129,213376,153758,139051,167144,241841,164699,175379,82035,81433,111646,143364,213793,176323,184750
4974,SouthernAfrica,913,WesternAfrica,914,30465,19994,14714,18368,38034,61977,54455,21635,14450,10935,13585,25265,41610,40986,8830,5544,3779,4783,12769,20367,13469
4975,SouthernAfrica,913,CentralAsia,5500,0,0,0,20,29,37,42,0,0,0,8,11,14,19,0,0,0,12,18,23,23
4976,SouthernAfrica,913,EasternAsia,906,19306,16948,17884,22122,22134,21116,21637,10317,10038,11220,13351,13065,13134,14064,8989,6910,6664,8771,9069,7982,7573
4977,SouthernAfrica,913,SouthEasternAsia,920,5172,3636,3000,3655,5105,6452,7449,2128,1519,1212,1400,1849,2323,3229,3044,2117,1788,2255,3256,4129,4220
4978,SouthernAfrica,913,SouthernAsia,5501,18755,21037,28528,37036,68586,87170,70109,10747,12492,17033,21594,40577,55215,48996,8008,8545,11495,15442,28009,31955,21113
4979,SouthernAfrica,913,WesternAsia,922,7079,5686,5882,7520,10783,13805,15988,3380,2957,3233,3973,5556,7082,9130,3699,2729,2649,3547,5227,6723,6858
4980,SouthernAfrica,913,EasternEurope,923,12016,10619,11957,15021,21340,27210,31512,5884,5502,6299,7573,10315,13075,17068,6132,5117,5658,7448,11025,14135,14444
4981,SouthernAfrica,913,NorthernEurope,924,132789,118220,137616,179747,135043,84701,93943,54515,54607,67397,86019,64449,39999,45616,78274,63613,70219,93728,70594,44702,48327
4982,SouthernAfrica,913,SouthernEurope,925,39038,33842,38058,49178,51800,53527,62236,18178,17395,20794,25960,26746,27370,34578,20860,16447,17264,23218,25054,26157,27658
4983,SouthernAfrica,913,WesternEurope,926,88022,65620,57391,67974,63110,58262,67284,38441,30816,28940,33631,30815,28249,34337,49581,34804,28451,34343,32295,30013,32947
4984,SouthernAfrica,913,Caribbean,915,2386,2292,2348,2255,2667,3061,3442,1060,1027,1080,1061,1274,1491,1810,1326,1265,1268,1194,1393,1570,1632
4985,SouthernAfrica,913,CentralAmerica,916,333,244,229,300,435,559,647,151,119,115,147,206,265,349,182,125,114,153,229,294,298
4986,SouthernAfrica,913,SouthAmerica,931,4216,3677,3975,4797,6663,8396,9685,1770,1670,1888,2196,2941,3694,4875,2446,2007,2087,2601,3722,4702,4810
4987,SouthernAfrica,913,Melanesia,928,106,65,45,57,82,105,121,41,29,25,29,41,53,69,65,36,20,28,41,52,52
4988,SouthernAfrica,913,Micronesia,954,51,31,22,26,37,46,53,29,19,14,17,24,31,38,22,12,8,9,13,15,15
4989,SouthernAfrica,913,Polynesia,957,21,13,9,11,16,20,23,10,7,7,8,12,15,18,11,6,2,3,4,5,5
4990,SouthernAfrica,913,Burundi,108,2674,1986,2309,4363,6021,7582,8769,1713,1293,1457,2047,2684,3355,4418,961,693,852,2316,3337,4227,4351
4991,SouthernAfrica,913,Comoros,174,194,120,83,108,157,202,234,158,100,71,93,135,174,206,36,20,12,15,22,28,28
4992,SouthernAfrica,913,Djibouti,262,0,0,0,0,0,0,0,0,0,0,0,0,0,0,0,0,0,0,0,0,0
4993,SouthernAfrica,913,Eritrea,232,521,325,225,316,460,593,688,257,174,137,181,256,329,419,264,151,88,135,204,264,269
4994,SouthernAfrica,913,Ethiopia,231,3185,2093,1535,1954,19929,66997,44429,1536,1066,853,1069,11982,40809,31545,1649,1027,682,885,7947,26188,12884
4995,SouthernAfrica,913,Kenya,404,3903,5659,8606,10632,15435,19360,22272,2215,2909,4124,4860,6906,8563,11207,1688,2750,4482,5772,8529,10797,11065
4996,SouthernAfrica,913,Madagascar,450,522,424,419,596,829,969,1075,182,187,221,309,418,480,568,340,237,198,287,411,489,507
4997,SouthernAfrica,913,Malawi,454,14645,18782,28255,36154,60887,94765,96050,11165,14661,22257,28426,44045,64651,70514,3480,4121,5998,7728,16842,30114,25536
4998,SouthernAfrica,913,Mauritius,480,5161,4226,4414,5866,7148,9144,10584,3253,2515,2388,3088,3496,4458,5774,1908,1711,2026,2778,3652,4686,4810
4999,SouthernAfrica,913,Mayotte,175,0,0,0,0,0,0,0,0,0,0,0,0,0,0,0,0,0,0,0,0,0
5000,SouthernAfrica,913,Mozambique,508,393048,339263,251586,335140,517343,326122,361262,272791,229270,181400,237065,365298,208838,240951,120257,109993,70186,98075,152045,117284,120311
5001,SouthernAfrica,913,Reunion,638,1143,561,141,185,269,346,401,618,283,17,14,11,12,60,525,278,124,171,258,334,341
5002,SouthernAfrica,913,Rwanda,646,2626,2070,1894,3178,4387,5593,6451,1110,992,1021,1359,1761,2231,2995,1516,1078,873,1819,2626,3362,3456
5003,SouthernAfrica,913,Seychelles,690,157,280,450,574,602,757,870,92,138,201,251,231,288,391,65,142,249,323,371,469,479
5004,SouthernAfrica,913,Somalia,706,3373,3133,6541,10577,29428,77207,58893,1790,1735,3477,4921,15402,39235,30185,1583,1398,3064,5656,14026,37972,28708
5005,SouthernAfrica,913,SouthSudan,728,0,0,0,0,0,0,0,0,0,0,0,0,0,0,0,0,0,0,0,0,0
5006,SouthernAfrica,913,Uganda,800,5814,4141,3354,4253,4846,6053,6983,2966,2244,1952,2429,2756,3444,4285,2848,1897,1402,1824,2090,2609,2698
5007,SouthernAfrica,913,UnitedRepublicofTanzania,834,2226,4094,6538,8182,9592,11898,13661,1122,2359,3953,4887,5865,7311,8921,1104,1735,2585,3295,3727,4587,4740
5008,SouthernAfrica,913,Zambia,894,12887,20442,32226,41215,32063,26711,30610,7247,11127,16838,20565,16113,13647,15561,5640,9315,15388,20650,15950,13064,15049
5009,SouthernAfrica,913,Zimbabwe,716,88221,111163,159776,218367,376344,750701,769806,48782,62626,89702,124134,206280,411377,424666,39439,48537,70074,94233,170064,339324,345140
5010,SouthernAfrica,913,Angola,24,31185,35053,67061,63522,71009,79507,88962,19998,21795,39759,35691,38897,43016,50868,11187,13258,27302,27831,32112,36491,38094
5011,SouthernAfrica,913,Cameroon,120,2478,1603,1148,1488,2105,2677,3096,1632,1107,846,1050,1456,1844,2245,846,496,302,438,649,833,851
5012,SouthernAfrica,913,CentralAfricanRepublic,140,118,73,50,65,94,121,140,85,55,40,51,73,94,113,33,18,10,14,21,27,27
5013,SouthernAfrica,913,Chad,148,0,0,0,0,0,0,0,0,0,0,0,0,0,0,0,0,0,0,0,0,0
5014,SouthernAfrica,913,Congo,178,2955,5300,9389,12085,17011,21590,24952,1721,3277,5833,7040,9659,12227,15373,1234,2023,3556,5045,7352,9363,9579
5015,SouthernAfrica,913,DemocraticRepublicoftheCongo,180,12695,13018,13965,22518,40435,90478,70030,6264,6711,7655,9619,20157,47644,37866,6431,6307,6310,12899,20278,42834,32164
5016,SouthernAfrica,913,EquatorialGuinea,226,0,0,0,0,0,0,0,0,0,0,0,0,0,0,0,0,0,0,0,0,0
5017,SouthernAfrica,913,Gabon,266,306,190,131,172,250,322,373,145,98,77,97,137,176,224,161,92,54,75,113,146,149
5018,SouthernAfrica,913,SaoTomeandPrincipe,678,0,0,0,0,0,0,0,0,0,0,0,0,0,0,0,0,0,0,0,0,0
5019,SouthernAfrica,913,Algeria,12,1064,917,825,750,843,936,1042,554,481,444,421,493,565,653,510,436,381,329,350,371,389
5020,SouthernAfrica,913,Egypt,818,1094,1449,2171,2734,3890,4963,5744,598,817,1213,1471,2021,2565,3294,496,632,958,1263,1869,2398,2450
5021,SouthernAfrica,913,Libya,434,210,147,117,127,166,202,230,145,101,81,91,123,153,181,65,46,36,36,43,49,49
5022,SouthernAfrica,913,Morocco,504,1058,660,456,600,873,1126,1307,591,393,300,385,549,707,880,467,267,156,215,324,419,427
5023,SouthernAfrica,913,Sudan,729,2913,1914,1467,1883,2638,3339,3858,1355,960,820,993,1357,1716,2196,1558,954,647,890,1281,1623,1662
5024,SouthernAfrica,913,Tunisia,788,111,69,48,63,91,117,140,45,32,26,34,48,62,84,66,37,22,29,43,55,56
5025,SouthernAfrica,913,WesternSahara,732,0,0,0,0,0,0,0,0,0,0,0,0,0,0,0,0,0,0,0,0,0
5026,SouthernAfrica,913,Botswana,72,19709,16778,18643,24003,34513,44297,51401,15806,12138,11783,14886,20985,26873,33569,3903,4640,6860,9117,13528,17424,17832
5027,SouthernAfrica,913,Eswatini,748,34563,29130,32297,42401,66142,42850,46314,25281,19260,18269,23491,36427,20979,22590,9282,9870,14028,18910,29715,21871,23724
5028,SouthernAfrica,913,Lesotho,426,188003,132001,115087,151557,234654,182437,192639,144254,91822,64594,82177,126260,82136,85371,43749,40179,50493,69380,108394,100301,107268
5029,SouthernAfrica,913,Namibia,516,11195,24340,44965,59462,92107,41639,37665,6853,13024,22657,29264,45280,20840,18813,4342,11316,22308,30198,46827,20799,18852
5030,SouthernAfrica,913,SouthAfrica,710,41941,32942,39705,33085,28218,29799,32110,21182,17514,21748,17326,12889,13871,15036,20759,15428,17957,15759,15329,15928,17074
5031,SouthernAfrica,913,Benin,204,422,338,288,269,311,351,392,222,173,146,140,163,189,225,200,165,142,129,148,162,167
5032,SouthernAfrica,913,BurkinaFaso,854,105,100,94,74,71,69,73,50,48,44,35,34,33,35,55,52,50,39,37,36,38
5033,SouthernAfrica,913,CaboVerde,132,0,0,0,0,0,0,0,0,0,0,0,0,0,0,0,0,0,0,0,0,0
5034,SouthernAfrica,913,CotedIvoire,384,1160,738,522,671,960,1228,1422,737,491,373,470,663,848,1035,423,247,149,201,297,380,387
5035,SouthernAfrica,913,Gambia,270,128,122,114,90,86,84,88,57,55,50,40,38,38,40,71,67,64,50,48,46,48
5036,SouthernAfrica,913,Ghana,288,6820,4353,3071,3921,5595,7183,8345,4064,2730,2077,2607,3659,4694,5790,2756,1623,994,1314,1936,2489,2555
5037,SouthernAfrica,913,Guinea,324,157,123,104,99,115,130,144,90,74,64,62,72,82,95,67,49,40,37,43,48,49
5038,SouthernAfrica,913,GuineaBissau,624,30,18,13,16,23,29,33,3,3,5,6,8,10,14,27,15,8,10,15,19,19
5039,SouthernAfrica,913,Liberia,430,310,197,272,444,644,825,948,95,73,139,169,231,291,405,215,124,133,275,413,534,543
5040,SouthernAfrica,913,Mali,466,104,65,45,59,85,109,126,40,29,25,31,43,55,71,64,36,20,28,42,54,55
5041,SouthernAfrica,913,Mauritania,478,0,0,0,0,0,0,0,0,0,0,0,0,0,0,0,0,0,0,0,0,0
5042,SouthernAfrica,913,Niger,562,21,13,9,11,16,20,23,13,8,5,7,10,13,16,8,5,4,4,6,7,7
5043,SouthernAfrica,913,Nigeria,566,17634,11603,8507,10588,27136,48152,38472,13439,8926,6663,8310,17919,32259,29585,4195,2677,1844,2278,9217,15893,8887
5044,SouthernAfrica,913,SaintHelena,654,220,137,95,124,180,232,269,37,32,33,40,59,76,110,183,105,62,84,121,156,159
5045,SouthernAfrica,913,Senegal,686,2728,1717,1198,1558,2251,2893,3355,2418,1533,1085,1410,2035,2618,3075,310,184,113,148,216,275,280
5046,SouthernAfrica,913,SierraLeone,694,626,470,382,444,561,672,765,370,275,226,258,331,404,490,256,195,156,186,230,268,275
5047,SouthernAfrica,913,Togo,768,0,0,0,0,0,0,0,0,0,0,0,0,0,0,0,0,0,0,0,0,0
5048,SouthernAfrica,913,Kazakhstan,398,0,0,0,0,0,0,0,0,0,0,0,0,0,0,0,0,0,0,0,0,0
5049,SouthernAfrica,913,Kyrgyzstan,417,0,0,0,20,29,37,42,0,0,0,8,11,14,19,0,0,0,12,18,23,23
5050,SouthernAfrica,913,Tajikistan,762,0,0,0,0,0,0,0,0,0,0,0,0,0,0,0,0,0,0,0,0,0
5051,SouthernAfrica,913,Turkmenistan,795,0,0,0,0,0,0,0,0,0,0,0,0,0,0,0,0,0,0,0,0,0
5052,SouthernAfrica,913,Uzbekistan,860,0,0,0,0,0,0,0,0,0,0,0,0,0,0,0,0,0,0,0,0,0
5053,SouthernAfrica,913,China,156,14319,13638,15381,19007,17731,15518,15164,8027,8419,9931,11829,11015,10554,10674,6292,5219,5450,7178,6716,4964,4490
5054,SouthernAfrica,913,China,156,344,1786,1075,679,892,1298,1674,1943,851,535,353,445,623,800,1051,935,540,326,447,675,874
5055,SouthernAfrica,913,China,156,446,0,0,0,0,0,0,0,0,0,0,0,0,0,0,0,0,0,0,0,0
5056,SouthernAfrica,913,China,156,158,0,0,0,0,0,0,0,0,0,0,0,0,0,0,0,0,0,0,0,0
5057,SouthernAfrica,913,DemPeoplesRepublicofKorea,408,286,227,191,181,211,239,267,153,151,147,121,121,123,149,133,76,44,60,90,116,118
5058,SouthernAfrica,913,Japan,392,1238,946,885,1085,1520,1924,2223,641,473,407,485,654,826,1100,597,473,478,600,866,1098,1123
5059,SouthernAfrica,913,Mongolia,496,0,0,0,0,0,0,0,0,0,0,0,0,0,0,0,0,0,0,0,0,0
5060,SouthernAfrica,913,RepublicofKorea,410,1677,1062,748,957,1374,1761,2040,645,460,382,471,652,831,1090,1032,602,366,486,722,930,950
5061,SouthernAfrica,913,BruneiDarussalam,96,23,14,10,12,17,21,24,9,6,4,5,7,9,12,14,8,6,7,10,12,12
5062,SouthernAfrica,913,Cambodia,116,0,0,0,0,0,0,0,0,0,0,0,0,0,0,0,0,0,0,0,0,0
5063,SouthernAfrica,913,Indonesia,360,1324,869,632,767,1069,1350,1559,523,379,315,377,513,649,842,801,490,317,390,556,701,717
5064,SouthernAfrica,913,LaoPeoplesDemocraticRepublic,418,33,20,14,17,24,30,34,8,7,8,10,14,18,22,25,13,6,7,10,12,12
5065,SouthernAfrica,913,Malaysia,458,889,554,382,503,732,944,1096,63,81,104,121,155,197,334,826,473,278,382,577,747,762
5066,SouthernAfrica,913,Myanmar,104,211,131,91,119,173,223,258,45,36,35,42,57,73,105,166,95,56,77,116,150,153
5067,SouthernAfrica,913,Philippines,608,1849,1270,955,1084,1451,1794,2060,1181,710,389,425,545,671,909,668,560,566,659,906,1123,1151
5068,SouthernAfrica,913,Singapore,702,427,352,382,503,732,944,1096,177,164,192,242,338,434,576,250,188,190,261,394,510,520
5069,SouthernAfrica,913,Thailand,764,260,329,466,561,778,980,1130,80,104,135,141,169,207,340,180,225,331,420,609,773,790
5070,SouthernAfrica,913,TimorLeste,626,0,0,0,0,0,0,0,0,0,0,0,0,0,0,0,0,0,0,0,0,0
5071,SouthernAfrica,913,VietNam,704,156,97,68,89,129,166,192,42,32,30,37,51,65,89,114,65,38,52,78,101,103
5072,SouthernAfrica,913,Afghanistan,4,123,97,88,97,118,138,155,63,49,43,48,60,72,88,60,48,45,49,58,66,67
5073,SouthernAfrica,913,Bangladesh,50,2517,1585,1108,1434,12214,22996,15597,1793,1164,853,1095,8512,16931,14287,724,421,255,339,3702,6065,1310
5074,SouthernAfrica,913,Bhutan,64,0,0,0,0,0,0,0,0,0,0,0,0,0,0,0,0,0,0,0,0,0
5075,SouthernAfrica,913,India,356,11628,14552,21053,27116,40631,40865,36708,6321,8084,11582,14519,21581,23096,21457,5307,6468,9471,12597,19050,17769,15251
5076,SouthernAfrica,913,IranIslamicRepublicof,364,725,467,336,421,596,759,877,296,215,181,217,296,376,487,429,252,155,204,300,383,390
5077,SouthernAfrica,913,Maldives,462,54,34,24,31,45,58,67,29,20,16,21,30,39,48,25,14,8,10,15,19,19
5078,SouthernAfrica,913,Nepal,524,125,77,53,70,101,130,150,64,43,33,43,61,79,98,61,34,20,27,40,51,52
5079,SouthernAfrica,913,Pakistan,586,2222,3145,4838,6294,13235,20276,14381,1571,2388,3779,4836,9199,13633,11354,651,757,1059,1458,4036,6643,3027
5080,SouthernAfrica,913,SriLanka,144,1361,1080,1028,1573,1646,1948,2174,610,529,546,815,838,989,1177,751,551,482,758,808,959,997
5081,SouthernAfrica,913,Armenia,51,94,89,84,66,63,61,64,93,89,82,65,63,61,64,1,0,2,1,0,0,0
5082,SouthernAfrica,913,Azerbaijan,31,0,0,0,0,0,0,0,0,0,0,0,0,0,0,0,0,0,0,0,0,0
5083,SouthernAfrica,913,Bahrain,48,233,168,135,142,181,217,246,106,63,30,27,87,107,134,127,105,105,115,94,110,112
5084,SouthernAfrica,913,Cyprus,196,944,1304,2065,2716,3953,5098,5918,366,641,1085,1370,1919,2465,3230,578,663,980,1346,2034,2633,2688
5085,SouthernAfrica,913,Georgia,268,0,0,0,0,0,0,0,0,0,0,0,0,0,0,0,0,0,0,0,0,0
5086,SouthernAfrica,913,Iraq,368,142,88,68,91,132,170,197,106,68,54,68,98,126,153,36,20,14,23,34,44,44
5087,SouthernAfrica,913,Israel,376,2602,2032,2020,2583,3703,4741,5494,1282,1064,1098,1353,1872,2387,3090,1320,968,922,1230,1831,2354,2404
5088,SouthernAfrica,913,Jordan,400,54,34,24,31,45,58,67,24,17,14,19,27,35,44,30,17,10,12,18,23,23
5089,SouthernAfrica,913,Kuwait,414,90,56,38,50,72,92,106,57,38,28,36,51,65,79,33,18,10,14,21,27,27
5090,SouthernAfrica,913,Lebanon,422,971,628,450,560,791,1005,1161,427,307,252,302,412,521,668,544,321,198,258,379,484,493
5091,SouthernAfrica,913,Oman,512,33,20,14,17,24,31,35,14,10,8,10,14,19,23,19,10,6,7,10,12,12
5092,SouthernAfrica,913,Qatar,634,0,0,0,0,0,0,0,0,0,0,0,0,0,0,0,0,0,0,0,0,0
5093,SouthernAfrica,913,SaudiArabia,682,604,377,260,342,497,641,744,262,181,144,184,259,333,430,342,196,116,158,238,308,314
5094,SouthernAfrica,913,StateofPalestine,275,97,60,41,53,77,99,114,6,8,11,11,14,18,32,91,52,30,42,63,81,82
5095,SouthernAfrica,913,SyrianArabRepublic,760,113,70,49,64,93,119,138,41,29,25,31,44,56,74,72,41,24,33,49,63,64
5096,SouthernAfrica,913,Turkey,792,844,600,523,661,943,1205,1394,515,380,343,425,595,760,940,329,220,180,236,348,445,454
5097,SouthernAfrica,913,UnitedArabEmirates,784,175,109,76,99,144,185,214,67,48,40,49,69,88,115,108,61,36,50,75,97,99
5098,SouthernAfrica,913,Yemen,887,83,51,35,45,65,83,96,14,14,19,23,32,41,54,69,37,16,22,33,42,42
5099,SouthernAfrica,913,Belarus,112,113,93,101,132,192,247,286,55,47,51,63,88,113,150,58,46,50,69,104,134,136
5100,SouthernAfrica,913,Bulgaria,100,3881,2436,1694,2206,3194,4110,4768,1590,1110,900,1133,1586,2036,2650,2291,1326,794,1073,1608,2074,2118
5101,SouthernAfrica,913,Czechia,203,1065,886,939,1181,1680,2142,2479,549,467,498,614,854,1090,1404,516,419,441,567,826,1052,1075
5102,SouthernAfrica,913,Hungary,348,0,0,0,0,0,0,0,0,0,0,0,0,0,0,0,0,0,0,0,0,0
5103,SouthernAfrica,913,Poland,616,1871,2735,4363,5622,8097,10397,12075,864,1384,2246,2798,3893,4989,6548,1007,1351,2117,2824,4204,5408,5527
5104,SouthernAfrica,913,RepublicofMoldova,498,0,0,0,0,0,0,0,0,0,0,0,0,0,0,0,0,0,0,0,0,0
5105,SouthernAfrica,913,Romania,642,818,674,721,926,1331,1707,1978,391,335,357,438,599,765,1017,427,339,364,488,732,942,961
5106,SouthernAfrica,913,RussianFederation,643,1865,1780,2024,2349,3186,3967,4564,1129,1018,1067,1178,1517,1867,2413,736,762,957,1171,1669,2100,2151
5107,SouthernAfrica,913,Slovakia,703,201,164,177,233,339,437,507,146,121,131,170,244,314,382,55,43,46,63,95,123,125
5108,SouthernAfrica,913,Ukraine,804,2202,1851,1938,2372,3321,4203,4855,1160,1020,1049,1179,1534,1901,2504,1042,831,889,1193,1787,2302,2351
5109,SouthernAfrica,913,ChannelIslands,830,0,0,0,0,0,0,0,0,0,0,0,0,0,0,0,0,0,0,0,0,0
5110,SouthernAfrica,913,Denmark,208,1247,1144,1316,1715,2444,3056,3505,478,553,729,910,1251,1554,1965,769,591,587,805,1193,1502,1540
5111,SouthernAfrica,913,Estonia,233,68,56,61,80,116,149,172,55,46,49,65,94,121,144,13,10,12,15,22,28,28
5112,SouthernAfrica,913,FaroeIslands,234,0,0,0,0,0,0,0,0,0,0,0,0,0,0,0,0,0,0,0,0,0
5113,SouthernAfrica,913,Finland,246,692,480,377,440,600,749,861,186,140,114,121,152,188,287,506,340,263,319,448,561,574
5114,SouthernAfrica,913,Iceland,352,16,13,14,17,24,30,34,11,10,12,14,20,25,29,5,3,2,3,4,5,5
5115,SouthernAfrica,913,Ireland,372,6062,4991,5355,7117,10339,13205,15269,2717,2328,2493,3162,4384,5557,7448,3345,2663,2862,3955,5955,7648,7821
5116,SouthernAfrica,913,IsleofMan,833,0,0,0,0,0,0,0,0,0,0,0,0,0,0,0,0,0,0,0,0,0
5117,SouthernAfrica,913,Latvia,428,199,163,176,232,337,434,503,135,112,120,156,223,287,353,64,51,56,76,114,147,150
5118,SouthernAfrica,913,Lithuania,440,192,157,169,222,323,416,482,84,71,77,95,132,169,230,108,86,92,127,191,247,252
5119,SouthernAfrica,913,Norway,578,728,621,657,898,1286,1581,1794,310,274,291,392,543,663,850,418,347,366,506,743,918,944
5120,SouthernAfrica,913,Sweden,752,394,361,368,492,671,756,828,214,197,203,277,380,429,486,180,164,165,215,291,327,342
5121,SouthernAfrica,913,UnitedKingdom,826,123191,110234,129123,168534,118903,64325,70495,50325,50876,63309,80827,57270,31006,33824,72866,59358,65814,87707,61633,33319,36671
5122,SouthernAfrica,913,Albania,8,78,63,69,90,131,168,195,34,28,31,38,53,67,92,44,35,38,52,78,101,103
5123,SouthernAfrica,913,Andorra,20,0,0,0,0,0,0,0,0,0,0,0,0,0,0,0,0,0,0,0,0,0
5124,SouthernAfrica,913,BosniaandHerzegovina,70,147,91,79,112,163,210,243,42,31,39,45,62,80,111,105,60,40,67,101,130,132
5125,SouthernAfrica,913,Croatia,191,479,391,428,553,805,1038,1205,254,213,232,288,405,521,678,225,178,196,265,400,517,527
5126,SouthernAfrica,913,Gibraltar,292,26,21,23,30,43,55,63,21,17,17,23,33,43,51,5,4,6,7,10,12,12
5127,SouthernAfrica,913,Greece,300,3191,3034,3794,4991,7265,9370,10878,1458,1586,2132,2708,3815,4903,6317,1733,1448,1662,2283,3450,4467,4561
5128,SouthernAfrica,913,HolySee,336,0,0,0,0,0,0,0,0,0,0,0,0,0,0,0,0,0,0,0,0,0
5129,SouthernAfrica,913,Italy,380,12032,10211,11046,14063,20060,25539,29530,6006,5387,6018,7467,10354,13132,16789,6026,4824,5028,6596,9706,12407,12741
5130,SouthernAfrica,913,Malta,470,163,133,144,188,273,352,408,52,46,50,60,80,103,154,111,87,94,128,193,249,254
5131,SouthernAfrica,913,Montenegro,499,0,0,0,0,0,0,0,0,0,0,0,0,0,0,0,0,0,0,0,0,0
5132,SouthernAfrica,913,NorthMacedonia,807,59,48,51,66,96,124,143,46,38,39,51,74,96,115,13,10,12,15,22,28,28
5133,SouthernAfrica,913,Portugal,620,19903,17337,19759,25780,18330,10790,12776,8953,8793,10794,13572,9578,5530,6531,10950,8544,8965,12208,8752,5260,6245
5134,SouthernAfrica,913,SanMarino,674,0,0,0,0,0,0,0,0,0,0,0,0,0,0,0,0,0,0,0,0,0
5135,SouthernAfrica,913,Serbia,688,1964,1550,1600,2143,3119,4023,4670,798,730,848,1085,1510,1940,2543,1166,820,752,1058,1609,2083,2127
5136,SouthernAfrica,913,Slovenia,705,0,0,0,0,0,0,0,0,0,0,0,0,0,0,0,0,0,0,0,0,0
5137,SouthernAfrica,913,Spain,724,996,963,1065,1162,1515,1858,2125,514,526,594,623,782,955,1197,482,437,471,539,733,903,928
5138,SouthernAfrica,913,Austria,40,4424,3381,3066,3613,4947,6191,7131,1997,1720,1752,2023,2706,3361,4229,2427,1661,1314,1590,2241,2830,2902
5139,SouthernAfrica,913,Belgium,56,6136,4269,3582,4585,6580,8429,9769,2873,2151,1940,2399,3329,4250,5498,3263,2118,1642,2186,3251,4179,4271
5140,SouthernAfrica,913,France,250,6401,4586,3887,4743,6629,8383,9684,2573,2069,1982,2351,3183,4016,5212,3828,2517,1905,2392,3446,4367,4472
5141,SouthernAfrica,913,Germany,276,47679,38279,36063,41406,31975,23082,26425,21047,17765,17416,19657,15010,10716,12315,26632,20514,18647,21749,16965,12366,14110
5142,SouthernAfrica,913,Liechtenstein,438,0,0,0,0,0,0,0,0,0,0,0,0,0,0,0,0,0,0,0,0,0
5143,SouthernAfrica,913,Luxembourg,442,78,72,70,59,63,67,73,35,33,30,24,24,25,30,43,39,40,35,39,42,43
5144,SouthernAfrica,913,Monaco,492,11,9,11,14,20,25,29,6,6,9,12,17,22,26,5,3,2,2,3,3,3
5145,SouthernAfrica,913,Netherlands,528,18391,12193,9322,12023,10888,9630,11362,7730,5785,5173,6480,5675,4797,5649,10661,6408,4149,5543,5213,4833,5713
5146,SouthernAfrica,913,Switzerland,756,4902,2831,1390,1531,2008,2455,2811,2180,1287,638,685,871,1062,1378,2722,1544,752,846,1137,1393,1433
5147,SouthernAfrica,913,Anguilla,660,0,0,0,0,0,0,0,0,0,0,0,0,0,0,0,0,0,0,0,0,0
5148,SouthernAfrica,913,AntiguaandBarbuda,28,693,662,616,487,469,459,490,275,265,248,195,189,186,199,418,397,368,292,280,273,291
5149,SouthernAfrica,913,Aruba,533,0,0,0,0,0,0,0,0,0,0,0,0,0,0,0,0,0,0,0,0,0
5150,SouthernAfrica,913,Bahamas,44,74,70,67,52,50,48,50,19,18,17,13,13,12,12,55,52,50,39,37,36,38
5151,SouthernAfrica,913,Barbados,52,30,18,13,16,23,29,33,19,12,11,13,13,17,21,11,6,2,3,10,12,12
5152,SouthernAfrica,913,Bonaire,16,535,0,0,0,0,0,0,0,0,0,0,0,0,0,0,0,0,0,0,0,0
5153,SouthernAfrica,913,BritishVirginIslands,92,23,14,10,12,17,21,24,12,8,8,9,13,16,19,11,6,2,3,4,5,5
5154,SouthernAfrica,913,CaymanIslands,136,0,0,0,0,0,0,0,0,0,0,0,0,0,0,0,0,0,0,0,0,0
5155,SouthernAfrica,913,Cuba,192,1322,1377,1538,1553,1913,2255,2556,655,667,748,773,966,1158,1419,667,710,790,780,947,1097,1137
5156,SouthernAfrica,913,CuraÃao,531,0,0,0,0,0,0,0,0,0,0,0,0,0,0,0,0,0,0,0,0,0
5157,SouthernAfrica,913,Dominica,212,0,0,0,0,0,0,0,0,0,0,0,0,0,0,0,0,0,0,0,0,0
5158,SouthernAfrica,913,DominicanRepublic,214,0,0,0,0,0,0,0,0,0,0,0,0,0,0,0,0,0,0,0,0,0
5159,SouthernAfrica,913,Grenada,308,0,0,0,0,0,0,0,0,0,0,0,0,0,0,0,0,0,0,0,0,0
5160,SouthernAfrica,913,Guadeloupe,312,0,0,0,0,0,0,0,0,0,0,0,0,0,0,0,0,0,0,0,0,0
5161,SouthernAfrica,913,Haiti,332,0,0,0,0,0,0,0,0,0,0,0,0,0,0,0,0,0,0,0,0,0
5162,SouthernAfrica,913,Jamaica,388,192,119,82,107,155,199,231,51,39,36,42,57,73,103,141,80,46,65,98,126,128
5163,SouthernAfrica,913,Martinique,474,0,0,0,0,0,0,0,0,0,0,0,0,0,0,0,0,0,0,0,0,0
5164,SouthernAfrica,913,Montserrat,500,0,0,0,0,0,0,0,0,0,0,0,0,0,0,0,0,0,0,0,0,0
5165,SouthernAfrica,913,PuertoRico,630,0,0,0,0,0,0,0,0,0,0,0,0,0,0,0,0,0,0,0,0,0
5166,SouthernAfrica,913,SaintBarthelemy,652,0,0,0,0,0,0,0,0,0,0,0,0,0,0,0,0,0,0,0,0,0
5167,SouthernAfrica,913,SaintKittsandNevis,659,26,16,11,14,20,25,29,14,9,7,9,13,16,20,12,7,4,5,7,9,9
5168,SouthernAfrica,913,SaintLucia,662,0,0,0,0,0,0,0,0,0,0,0,0,0,0,0,0,0,0,0,0,0
5169,SouthernAfrica,913,SaintMartinFrenchpart,663,0,0,0,0,0,0,0,0,0,0,0,0,0,0,0,0,0,0,0,0,0
5170,SouthernAfrica,913,SaintVincentandtheGrenadines,670,0,0,0,0,0,0,0,0,0,0,0,0,0,0,0,0,0,0,0,0,0
5171,SouthernAfrica,913,SintMaartenDutchpart,534,0,0,0,0,0,0,0,0,0,0,0,0,0,0,0,0,0,0,0,0,0
5172,SouthernAfrica,913,TrinidadandTobago,780,26,16,11,14,20,25,29,15,9,5,7,10,13,17,11,7,6,7,10,12,12
5173,SouthernAfrica,913,TurksandCaicosIslands,796,0,0,0,0,0,0,0,0,0,0,0,0,0,0,0,0,0,0,0,0,0
5174,SouthernAfrica,913,UnitedStatesVirginIslands,850,0,0,0,0,0,0,0,0,0,0,0,0,0,0,0,0,0,0,0,0,0
5175,SouthernAfrica,913,Belize,84,0,0,0,0,0,0,0,0,0,0,0,0,0,0,0,0,0,0,0,0,0
5176,SouthernAfrica,913,CostaRica,188,0,0,0,0,0,0,0,0,0,0,0,0,0,0,0,0,0,0,0,0,0
5177,SouthernAfrica,913,ElSalvador,222,0,0,0,0,0,0,0,0,0,0,0,0,0,0,0,0,0,0,0,0,0
5178,SouthernAfrica,913,Guatemala,320,90,56,38,50,72,92,106,54,36,26,35,50,64,78,36,20,12,15,22,28,28
5179,SouthernAfrica,913,Honduras,340,0,0,0,0,0,0,0,0,0,0,0,0,0,0,0,0,0,0,0,0,0
5180,SouthernAfrica,913,Mexico,484,78,86,120,158,230,296,343,48,47,58,73,102,131,175,30,39,62,85,128,165,168
5181,SouthernAfrica,913,Nicaragua,558,106,66,46,60,87,112,130,26,20,18,22,30,39,56,80,46,28,38,57,73,74
5182,SouthernAfrica,913,Panama,591,59,36,25,32,46,59,68,23,16,13,17,24,31,40,36,20,12,15,22,28,28
5183,SouthernAfrica,913,Argentina,32,697,772,1063,1362,1957,2507,2904,253,344,515,635,878,1120,1488,444,428,548,727,1079,1387,1416
5184,SouthernAfrica,913,BoliviaPlurinationalStateof,68,158,98,69,90,131,168,195,69,37,13,14,17,21,45,89,61,56,76,114,147,150
5185,SouthernAfrica,913,Brazil,76,1769,1715,1935,2177,2895,3567,4093,596,702,893,981,1266,1558,2029,1173,1013,1042,1196,1629,2009,2064
5186,SouthernAfrica,913,Chile,152,698,450,325,403,569,723,835,442,278,182,213,288,363,468,256,172,143,190,281,360,367
5187,SouthernAfrica,913,Colombia,170,118,159,249,328,477,615,714,71,74,95,116,157,201,292,47,85,154,212,320,414,422
5188,SouthernAfrica,913,Ecuador,218,0,0,0,0,0,0,0,0,0,0,0,0,0,0,0,0,0,0,0,0,0
5189,SouthernAfrica,913,FalklandIslandsMalvinas,238,0,0,0,0,0,0,0,0,0,0,0,0,0,0,0,0,0,0,0,0,0
5190,SouthernAfrica,913,FrenchGuiana,254,0,0,0,0,0,0,0,0,0,0,0,0,0,0,0,0,0,0,0,0,0
5191,SouthernAfrica,913,Guyana,328,54,34,24,31,45,58,67,16,13,12,14,20,26,35,38,21,12,17,25,32,32
5192,SouthernAfrica,913,Paraguay,600,116,72,50,65,94,121,140,44,31,26,32,45,58,76,72,41,24,33,49,63,64
5193,SouthernAfrica,913,Peru,604,199,124,86,112,163,210,243,88,61,50,61,86,111,142,111,63,36,51,77,99,101
5194,SouthernAfrica,913,Suriname,740,0,0,0,0,0,0,0,0,0,0,0,0,0,0,0,0,0,0,0,0,0
5195,SouthernAfrica,913,Uruguay,858,111,69,48,63,91,117,135,73,48,36,46,66,85,103,38,21,12,17,25,32,32
5196,SouthernAfrica,913,VenezuelaBolivarianRepublicof,862,296,184,126,166,241,310,359,118,82,66,84,118,151,197,178,102,60,82,123,159,162
5197,SouthernAfrica,913,Bermuda,60,61,38,26,33,48,61,70,23,18,16,21,30,38,47,38,20,10,12,18,23,23
5198,SouthernAfrica,913,Canada,124,3272,2666,2758,3568,4949,6285,7257,1374,1265,1438,1800,2392,3033,3930,1898,1401,1320,1768,2557,3252,3327
5199,SouthernAfrica,913,Greenland,304,0,0,0,0,0,0,0,0,0,0,0,0,0,0,0,0,0,0,0,0,0
5200,SouthernAfrica,913,SaintPierreandMiquelon,666,0,0,0,0,0,0,0,0,0,0,0,0,0,0,0,0,0,0,0,0,0
5201,SouthernAfrica,913,UnitedStatesofAmerica,840,11799,9116,8752,11196,9929,8488,9869,5412,4227,3953,4814,4624,4325,5050,6387,4889,4799,6382,5305,4163,4819
5202,SouthernAfrica,913,Australia,36,5120,4020,3863,4795,7156,5778,6776,2101,1735,1712,2048,3055,2788,3275,3019,2285,2151,2747,4101,2990,3501
5203,SouthernAfrica,913,NewZealand,554,1480,1253,1386,1794,2587,3318,3850,623,609,743,923,1282,1637,2134,857,644,643,871,1305,1681,1716
5204,SouthernAfrica,913,Fiji,242,47,29,20,25,36,46,53,20,14,12,14,20,26,33,27,15,8,11,16,20,20
5205,SouthernAfrica,913,NewCaledonia,540,0,0,0,0,0,0,0,0,0,0,0,0,0,0,0,0,0,0,0,0,0
5206,SouthernAfrica,913,PapuaNewGuinea,598,59,36,25,32,46,59,68,21,15,13,15,21,27,36,38,21,12,17,25,32,32
5207,SouthernAfrica,913,SolomonIslands,90,0,0,0,0,0,0,0,0,0,0,0,0,0,0,0,0,0,0,0,0,0
5208,SouthernAfrica,913,Vanuatu,548,0,0,0,0,0,0,0,0,0,0,0,0,0,0,0,0,0,0,0,0,0
5209,SouthernAfrica,913,Guam,316,0,0,0,0,0,0,0,0,0,0,0,0,0,0,0,0,0,0,0,0,0
5210,SouthernAfrica,913,Kiribati,296,0,0,0,0,0,0,0,0,0,0,0,0,0,0,0,0,0,0,0,0,0
5211,SouthernAfrica,913,MarshallIslands,584,0,0,0,0,0,0,0,0,0,0,0,0,0,0,0,0,0,0,0,0,0
5212,SouthernAfrica,913,MicronesiaFedStatesof,583,0,0,0,0,0,0,0,0,0,0,0,0,0,0,0,0,0,0,0,0,0
5213,SouthernAfrica,913,Nauru,520,23,14,10,12,17,21,24,9,6,4,5,7,9,12,14,8,6,7,10,12,12
5214,SouthernAfrica,913,NorthernMarianaIslands,580,28,17,12,14,20,25,29,20,13,10,12,17,22,26,8,4,2,2,3,3,3
5215,SouthernAfrica,913,Palau,585,0,0,0,0,0,0,0,0,0,0,0,0,0,0,0,0,0,0,0,0,0
5216,SouthernAfrica,913,AmericanSamoa,16,0,0,0,0,0,0,0,0,0,0,0,0,0,0,0,0,0,0,0,0,0
5217,SouthernAfrica,913,CookIslands,184,0,0,0,0,0,0,0,0,0,0,0,0,0,0,0,0,0,0,0,0,0
5218,SouthernAfrica,913,FrenchPolynesia,258,0,0,0,0,0,0,0,0,0,0,0,0,0,0,0,0,0,0,0,0,0
5219,SouthernAfrica,913,Niue,570,21,13,9,11,16,20,23,10,7,7,8,12,15,18,11,6,2,3,4,5,5
5220,SouthernAfrica,913,Samoa,882,0,0,0,0,0,0,0,0,0,0,0,0,0,0,0,0,0,0,0,0,0
5221,SouthernAfrica,913,Tokelau,772,0,0,0,0,0,0,0,0,0,0,0,0,0,0,0,0,0,0,0,0,0
5222,SouthernAfrica,913,Tonga,776,0,0,0,0,0,0,0,0,0,0,0,0,0,0,0,0,0,0,0,0,0
5223,SouthernAfrica,913,Tuvalu,798,0,0,0,0,0,0,0,0,0,0,0,0,0,0,0,0,0,0,0,0,0
5224,SouthernAfrica,913,WallisandFutunaIslands,876,0,0,0,0,0,0,0,0,0,0,0,0,0,0,0,0,0,0,0,0,0
5225,NorthernAfrica,912,SubSaharanAfrica,947,1379708,1073557,871041,622994,732627,769868,1569747,687991,545813,455155,342629,400598,420039,814969,691717,527744,415886,280365,332029,349829,754778
5226,NorthernAfrica,912,NorthernAfricaandWesternAsia,1833,670121,722313,796787,865776,944410,1095039,1258042,356332,406854,472473,550583,595578,691453,775449,313789,315459,324314,315193,348832,403586,482593
5227,NorthernAfrica,912,CentralandSouthernAsia,921,10843,11968,13406,14798,14949,15105,19305,6766,7853,9196,10676,11029,11383,13980,4077,4115,4210,4122,3920,3722,5325
5228,NorthernAfrica,912,EasternandSouthEasternAsia,1832,34801,35160,36508,40158,43021,43614,50264,23069,23839,25436,29484,31697,32776,37326,11732,11321,11072,10674,11324,10838,12938
5229,NorthernAfrica,912,LatinAmericaandtheCaribbean,1830,1691,1471,1318,1508,1643,1498,1845,772,709,686,867,936,917,1086,919,762,632,641,707,581,759
5230,NorthernAfrica,912,OceaniaexcludingAustraliaandNewZealand,1835,0,0,0,0,0,0,0,0,0,0,0,0,0,0,0,0,0,0,0,0,0
5231,NorthernAfrica,912,AustraliaandNewZealand,927,2138,1522,963,1099,1195,1109,1361,1165,850,576,709,764,747,888,973,672,387,390,431,362,473
5232,NorthernAfrica,912,EuropeandNorthernAmerica,1829,228910,164723,109090,119319,141901,150099,174581,114918,82896,56197,66407,77727,84408,97066,113992,81827,52893,52912,64174,65691,77515
5233,NorthernAfrica,912,Developedregions,901,236659,169778,111636,122238,145073,152952,178172,118992,85576,57617,68178,79630,86232,99268,117667,84202,54019,54060,65443,66720,78904
5234,NorthernAfrica,912,Lessdevelopedregions,902,2091553,1840936,1717477,1543414,1734673,1923380,2896973,1072021,983238,962102,933177,1038699,1155491,1641496,1019532,857698,755375,610237,695974,767889,1255477
5235,NorthernAfrica,912,Lessdevelopedregions,902,934,667264,742172,839170,896954,941943,1099941,1266892,358668,421216,498733,570077,597396,698028,790695,308596,320956,340437,326877,344547,401913
5236,NorthernAfrica,912,Lessdevelopedregions,902,948,2088030,1836924,1712905,1538361,1730001,1918710,2891386,1069639,980693,959332,929945,1035609,1152355,1637804,1018391,856231,753573,608416,694392,766355
5237,NorthernAfrica,912,Leastdevelopedcountries,941,1424289,1098764,878307,646460,792730,823439,1630081,713353,562022,463369,363100,441303,457463,850801,710936,536742,414938,283360,351427,365976,779280
5238,NorthernAfrica,912,LandlockedDevelopingCountriesLLDC,1636,1245076,670262,271776,246078,396420,419920,1118435,616328,326680,140109,128253,202994,210421,553709,628748,343582,131667,117825,193426,209499,564726
5239,NorthernAfrica,912,SmallislanddevelopingStatesSIDS,1637,4238,5260,6427,7241,7960,8279,9340,2706,3688,4793,5593,6134,6459,7265,1532,1572,1634,1648,1826,1820,2075
5240,NorthernAfrica,912,Highincomecountries,1503,231229,187859,153635,167589,194733,205900,236718,126607,105142,89624,104570,119462,128336,146314,104622,82717,64011,63019,75271,77564,90404
5241,NorthernAfrica,912,Middleincomecountries,1517,488902,539974,612396,700282,725741,763920,880210,251534,301392,365428,449438,467804,502468,570197,237368,238582,246968,250844,257937,261452,310013
5242,NorthernAfrica,912,Uppermiddleincomecountries,1502,119286,137239,159837,173286,192866,205555,236821,58878,75694,95807,112368,124010,134298,151356,60408,61545,64030,60918,68856,71257,85465
5243,NorthernAfrica,912,Lowermiddleincomecountries,1501,369616,402735,452559,526996,532875,558365,643389,192656,225698,269621,337070,343794,368170,418841,176960,177037,182938,189926,189081,190195,224548
5244,NorthernAfrica,912,Lowincomecountries,1500,1440176,1115978,897171,666618,815147,949854,1795265,720482,570587,473668,375406,454834,528131,938235,719694,545391,423503,291212,360313,421723,857030
5245,NorthernAfrica,912,EasternAfrica,910,1106236,912475,723706,460314,571303,630901,1379123,547917,461978,377113,256008,313497,344882,714248,558319,450497,346593,204306,257806,286019,664875
5246,NorthernAfrica,912,MiddleAfrica,911,233083,121032,106674,118689,125021,100188,144667,116906,61138,55249,61508,65712,52009,73970,116177,59894,51425,57181,59309,48179,70697
5247,NorthernAfrica,912,NorthernAfrica,912,309924,292819,276079,261794,294538,310813,354273,167033,158545,150770,147319,163095,172288,193678,142891,134274,125309,114475,131443,138525,160595
5248,NorthernAfrica,912,SouthernAfrica,913,1112,952,836,953,1037,961,1180,549,494,463,573,615,622,721,563,458,373,380,422,339,459
5249,NorthernAfrica,912,WesternAfrica,914,39277,39098,39825,43038,35266,37818,44777,22619,22203,22330,24540,20774,22526,26030,16658,16895,17495,18498,14492,15292,18747
5250,NorthernAfrica,912,CentralAsia,5500,1180,1540,1955,2195,2400,2453,4512,709,1059,1454,1712,1873,1953,3130,471,481,501,483,527,500,1382
5251,NorthernAfrica,912,EasternAsia,906,10340,8545,6987,7817,7679,7396,8993,6130,5046,4146,4942,4934,4903,5822,4210,3499,2841,2875,2745,2493,3171
5252,NorthernAfrica,912,SouthEasternAsia,920,24461,26615,29521,32341,35342,36218,41271,16939,18793,21290,24542,26763,27873,31504,7522,7822,8231,7799,8579,8345,9767
5253,NorthernAfrica,912,SouthernAsia,5501,9663,10428,11451,12603,12549,12652,14793,6057,6794,7742,8964,9156,9430,10850,3606,3634,3709,3639,3393,3222,3943
5254,NorthernAfrica,912,WesternAsia,922,360197,429494,520708,603982,649872,784226,903769,189299,248309,321703,403264,432483,519165,581771,170898,181185,199005,200718,217389,265061,321998
5255,NorthernAfrica,912,EasternEurope,923,46742,30468,15172,17066,18561,17067,21115,17141,11670,6831,8676,9277,9413,10888,29601,18798,8341,8390,9284,7654,10227
5256,NorthernAfrica,912,NorthernEurope,924,18365,14928,12036,13263,14471,14590,16975,10195,8169,6534,7941,8608,8941,10250,8170,6759,5502,5322,5863,5649,6725
5257,NorthernAfrica,912,SouthernEurope,925,34419,26001,18803,20501,22343,23495,27273,18200,13550,9682,11436,12367,13309,15315,16219,12451,9121,9065,9976,10186,11958
5258,NorthernAfrica,912,WesternEurope,926,96366,68853,46246,49945,66129,74527,85229,51685,36219,23635,26976,35068,39908,45828,44681,32634,22611,22969,31061,34619,39401
5259,NorthernAfrica,912,Caribbean,915,25,24,24,28,30,21,29,8,8,8,10,10,9,11,17,16,16,18,20,12,18
5260,NorthernAfrica,912,CentralAmerica,916,696,700,730,824,902,891,1038,280,323,382,481,525,551,620,416,377,348,343,377,340,418
5261,NorthernAfrica,912,SouthAmerica,931,970,747,564,656,711,586,778,484,378,296,376,401,357,455,486,369,268,280,310,229,323
5262,NorthernAfrica,912,Melanesia,928,0,0,0,0,0,0,0,0,0,0,0,0,0,0,0,0,0,0,0,0,0
5263,NorthernAfrica,912,Micronesia,954,0,0,0,0,0,0,0,0,0,0,0,0,0,0,0,0,0,0,0,0,0
5264,NorthernAfrica,912,Polynesia,957,0,0,0,0,0,0,0,0,0,0,0,0,0,0,0,0,0,0,0,0,0
5265,NorthernAfrica,912,Burundi,108,47,36,27,32,35,24,35,42,32,24,29,32,23,34,5,4,3,3,3,1,1
5266,NorthernAfrica,912,Comoros,174,1661,2705,3826,4276,4676,4866,5497,1469,2286,3175,3659,3999,4186,4721,192,419,651,617,677,680,776
5267,NorthernAfrica,912,Djibouti,262,937,1110,1318,1478,1617,1660,1890,583,712,870,1048,1145,1201,1353,354,398,448,430,472,459,537
5268,NorthernAfrica,912,Eritrea,232,66171,289108,437005,198634,146346,168230,244693,34006,151690,216082,99382,74886,87078,123532,32165,137418,220923,99252,71460,81152,121161
5269,NorthernAfrica,912,Ethiopia,231,944480,498713,125303,109786,75865,59490,88381,464676,239220,63792,56516,39997,28864,41303,479804,259493,61511,53270,35868,30626,47078
5270,NorthernAfrica,912,Kenya,404,6624,6660,6714,6252,3244,2998,4055,3537,3511,3499,3288,1740,1612,2146,3087,3149,3215,2964,1504,1386,1909
5271,NorthernAfrica,912,Madagascar,450,48,38,30,36,39,26,39,48,37,28,34,37,25,38,0,1,2,2,2,1,1
5272,NorthernAfrica,912,Malawi,454,23,21,21,25,27,19,28,18,17,17,21,23,17,25,5,4,4,4,4,2,3
5273,NorthernAfrica,912,Mauritius,480,0,0,0,0,0,0,0,0,0,0,0,0,0,0,0,0,0,0,0,0,0
5274,NorthernAfrica,912,Mayotte,175,0,0,0,0,0,0,0,0,0,0,0,0,0,0,0,0,0,0,0,0,0
5275,NorthernAfrica,912,Mozambique,508,14,13,13,15,16,11,15,8,8,8,9,9,7,9,6,5,5,6,7,4,6
5276,NorthernAfrica,912,Reunion,638,0,0,0,0,0,0,0,0,0,0,0,0,0,0,0,0,0,0,0,0,0
5277,NorthernAfrica,912,Rwanda,646,59,44,33,39,42,29,44,46,34,26,31,33,24,37,13,10,7,8,9,5,7
5278,NorthernAfrica,912,Seychelles,690,15,14,15,18,19,13,19,9,9,10,12,12,9,13,6,5,5,6,7,4,6
5279,NorthernAfrica,912,Somalia,706,6215,52667,100071,111707,122256,128341,143629,2940,33088,64160,77180,84229,89897,99896,3275,19579,35911,34527,38027,38444,43733
5280,NorthernAfrica,912,SouthSudan,728,4753,3005,1307,1441,214530,263491,888502,2605,1698,850,1027,105915,130949,439834,2148,1307,457,414,108615,132542,448668
5281,NorthernAfrica,912,Uganda,800,74524,57846,47676,26179,2161,1306,1814,37383,29247,24321,13472,1116,688,939,37141,28599,23355,12707,1045,618,875
5282,NorthernAfrica,912,UnitedRepublicofTanzania,834,601,443,303,343,373,358,425,498,350,218,260,282,272,324,103,93,85,83,91,86,101
5283,NorthernAfrica,912,Zambia,894,26,22,19,23,25,17,25,18,15,13,16,17,12,18,8,7,6,7,8,5,7
5284,NorthernAfrica,912,Zimbabwe,716,38,30,25,30,32,22,32,31,24,20,24,25,18,26,7,6,5,6,7,4,6
5285,NorthernAfrica,912,Angola,24,23,21,21,25,27,19,28,12,10,10,13,14,11,16,11,11,11,12,13,8,12
5286,NorthernAfrica,912,Cameroon,120,135,109,92,110,674,797,884,118,93,76,92,385,440,503,17,16,16,18,289,357,381
5287,NorthernAfrica,912,CentralAfricanRepublic,140,17962,18316,18682,20822,16119,13526,26019,9243,9441,9646,10728,8230,6932,13147,8719,8875,9036,10094,7889,6594,12872
5288,NorthernAfrica,912,Chad,148,197340,86815,73490,81929,81280,75587,104317,98469,43401,37954,42382,43232,38418,52202,98871,43414,35536,39547,38048,37169,52115
5289,NorthernAfrica,912,Congo,178,1386,1402,1595,1711,1862,2296,2529,770,779,882,958,1041,1264,1420,616,623,713,753,821,1032,1109
5290,NorthernAfrica,912,DemocraticRepublicoftheCongo,180,16237,14369,12794,14092,25059,7963,10890,8294,7414,6681,7335,12810,4944,6682,7943,6955,6113,6757,12249,3019,4208
5291,NorthernAfrica,912,EquatorialGuinea,226,0,0,0,0,0,0,0,0,0,0,0,0,0,0,0,0,0,0,0,0,0
5292,NorthernAfrica,912,Gabon,266,0,0,0,0,0,0,0,0,0,0,0,0,0,0,0,0,0,0,0,0,0
5293,NorthernAfrica,912,SaoTomeandPrincipe,678,0,0,0,0,0,0,0,0,0,0,0,0,0,0,0,0,0,0,0,0,0
5294,NorthernAfrica,912,Algeria,12,25080,24795,22258,22730,22392,27829,30356,12434,12357,11171,11668,11472,14333,15834,12646,12438,11087,11062,10920,13496,14522
5295,NorthernAfrica,912,Egypt,818,31717,35476,39708,42625,35666,37316,44197,16631,19395,22530,25308,22081,23310,27192,15086,16081,17178,17317,13585,14006,17005
5296,NorthernAfrica,912,Libya,434,9333,9721,11067,11432,16376,17254,20437,4996,5172,5846,6163,8617,9225,10850,4337,4549,5221,5269,7759,8029,9587
5297,NorthernAfrica,912,Morocco,504,9307,10381,10988,11213,9835,11351,12441,4132,4661,4973,5503,4775,5698,6193,5175,5720,6015,5710,5060,5653,6248
5298,NorthernAfrica,912,Sudan,729,62910,41586,21601,37640,60701,54295,77032,34580,23242,12893,23937,36879,33480,43711,28330,18344,8708,13703,23822,20815,33321
5299,NorthernAfrica,912,Tunisia,788,3672,3957,4546,4991,5443,6110,6858,1870,2025,2358,2799,3042,3454,3880,1802,1932,2188,2192,2401,2656,2978
5300,NorthernAfrica,912,WesternSahara,732,167905,166903,165911,131163,144125,156658,162952,92390,91693,90999,71941,76229,82788,86018,75515,75210,74912,59222,67896,73870,76934
5301,NorthernAfrica,912,Botswana,72,0,0,0,0,0,0,0,0,0,0,0,0,0,0,0,0,0,0,0,0,0
5302,NorthernAfrica,912,Eswatini,748,0,0,0,0,0,0,0,0,0,0,0,0,0,0,0,0,0,0,0,0,0
5303,NorthernAfrica,912,Lesotho,426,0,0,0,0,0,0,0,0,0,0,0,0,0,0,0,0,0,0,0,0,0
5304,NorthernAfrica,912,Namibia,516,379,277,196,233,251,172,268,124,91,64,86,86,75,97,255,186,132,147,165,97,171
5305,NorthernAfrica,912,SouthAfrica,710,733,675,640,720,786,789,912,425,403,399,487,529,547,624,308,272,241,233,257,242,288
5306,NorthernAfrica,912,Benin,204,46,35,27,32,35,24,35,44,34,26,31,34,24,35,2,1,1,1,1,0,0
5307,NorthernAfrica,912,BurkinaFaso,854,67,55,48,57,62,42,64,64,50,41,49,53,37,57,3,5,7,8,9,5,7
5308,NorthernAfrica,912,CaboVerde,132,0,0,0,0,0,0,0,0,0,0,0,0,0,0,0,0,0,0,0,0,0
5309,NorthernAfrica,912,CotedIvoire,384,1352,1238,1238,1291,1251,1754,2123,853,764,742,817,812,1042,1197,499,474,496,474,439,712,926
5310,NorthernAfrica,912,Gambia,270,36,28,22,26,28,19,28,29,22,16,19,20,14,21,7,6,6,7,8,5,7
5311,NorthernAfrica,912,Ghana,288,824,712,624,704,768,763,889,649,550,471,556,606,610,709,175,162,153,148,162,153,180
5312,NorthernAfrica,912,Guinea,324,1350,1306,1362,1533,1713,2014,2202,829,789,806,917,1031,1191,1328,521,517,556,616,682,823,874
5313,NorthernAfrica,912,GuineaBissau,624,793,860,938,1091,1237,1376,1474,468,507,556,654,744,823,898,325,353,382,437,493,553,576
5314,NorthernAfrica,912,Liberia,430,40,36,35,42,45,31,47,37,27,20,25,26,20,28,3,9,15,17,19,11,19
5315,NorthernAfrica,912,Mali,466,2381,2148,1975,2134,2334,2523,2961,1518,1307,1134,1256,1377,1471,1728,863,841,841,878,957,1052,1233
5316,NorthernAfrica,912,Mauritania,478,2331,2159,2209,2366,2559,3090,3377,1415,1299,1292,1419,1542,1834,2032,916,860,917,947,1017,1256,1345
5317,NorthernAfrica,912,Niger,562,372,355,350,393,429,431,496,354,308,273,320,349,351,407,18,47,77,73,80,80,89
5318,NorthernAfrica,912,Nigeria,566,25584,26233,26967,28908,19931,20156,24938,13809,14107,14472,15664,11091,11606,13699,11775,12126,12495,13244,8840,8550,11239
5319,NorthernAfrica,912,SaintHelena,654,0,0,0,0,0,0,0,0,0,0,0,0,0,0,0,0,0,0,0,0,0
5320,NorthernAfrica,912,Senegal,686,3943,3747,3809,4213,4603,5318,5831,2495,2350,2355,2656,2917,3320,3687,1448,1397,1454,1557,1686,1998,2144
5321,NorthernAfrica,912,SierraLeone,694,158,186,221,248,271,277,312,55,89,126,157,172,183,204,103,97,95,91,99,94,108
5322,NorthernAfrica,912,Togo,768,0,0,0,0,0,0,0,0,0,0,0,0,0,0,0,0,0,0,0,0,0
5323,NorthernAfrica,912,Kazakhstan,398,545,635,746,837,915,937,1067,191,355,534,629,687,729,812,354,280,212,208,228,208,255
5324,NorthernAfrica,912,Kyrgyzstan,417,48,45,46,55,59,40,61,37,34,35,43,46,32,49,11,11,11,12,13,8,12
5325,NorthernAfrica,912,Tajikistan,762,180,381,594,664,727,760,852,152,288,435,514,563,593,666,28,93,159,150,164,167,186
5326,NorthernAfrica,912,Turkmenistan,795,79,142,210,235,257,268,298,72,110,152,181,199,210,235,7,32,58,54,58,58,63
5327,NorthernAfrica,912,Uzbekistan,860,328,337,359,404,442,448,2234,257,272,298,345,378,389,1368,71,65,61,59,64,59,866
5328,NorthernAfrica,912,China,156,3523,4012,4572,5053,4672,4670,5587,2382,2545,2770,3232,3090,3136,3692,1141,1467,1802,1821,1582,1534,1895
5329,NorthernAfrica,912,China,156,344,0,0,0,0,0,0,0,0,0,0,0,0,0,0,0,0,0,0,0,0
5330,NorthernAfrica,912,China,156,446,0,0,0,0,0,0,0,0,0,0,0,0,0,0,0,0,0,0,0,0
5331,NorthernAfrica,912,China,156,158,0,0,0,0,0,0,0,0,0,0,0,0,0,0,0,0,0,0,0,0
5332,NorthernAfrica,912,DemPeoplesRepublicofKorea,408,117,93,76,90,97,66,102,69,55,45,55,58,43,62,48,38,31,35,39,23,40
5333,NorthernAfrica,912,Japan,392,5611,3533,1583,1820,1977,1744,2230,2909,1830,844,1062,1139,1077,1314,2702,1703,739,758,838,667,916
5334,NorthernAfrica,912,Mongolia,496,1,6,11,13,14,10,14,1,5,9,11,12,9,13,0,1,2,2,2,1,1
5335,NorthernAfrica,912,RepublicofKorea,410,1088,901,745,841,919,906,1060,769,611,478,582,635,638,741,319,290,267,259,284,268,319
5336,NorthernAfrica,912,BruneiDarussalam,96,65,55,50,60,65,45,68,26,21,18,24,25,22,28,39,34,32,36,40,23,40
5337,NorthernAfrica,912,Cambodia,116,0,0,0,0,0,0,0,0,0,0,0,0,0,0,0,0,0,0,0,0,0
5338,NorthernAfrica,912,Indonesia,360,6709,9811,13165,14246,15580,16236,18257,5392,7770,10378,11658,12731,13371,14992,1317,2041,2787,2588,2849,2865,3265
5339,NorthernAfrica,912,LaoPeoplesDemocraticRepublic,418,0,0,0,0,0,0,0,0,0,0,0,0,0,0,0,0,0,0,0,0,0
5340,NorthernAfrica,912,Malaysia,458,11076,9783,8768,9575,10455,10536,12149,7059,6632,6436,7343,7991,8238,9371,4017,3151,2332,2232,2464,2298,2778
5341,NorthernAfrica,912,Myanmar,104,9,9,9,11,12,8,11,7,8,8,10,11,8,11,2,1,1,1,1,0,0
5342,NorthernAfrica,912,Philippines,608,2606,3277,4047,4532,4953,5100,5808,1167,1418,1744,2335,2546,2730,3049,1439,1859,2303,2197,2407,2370,2759
5343,NorthernAfrica,912,Singapore,702,267,426,597,668,732,760,857,153,264,385,466,510,541,607,114,162,212,202,222,219,250
5344,NorthernAfrica,912,Thailand,764,3729,3254,2885,3249,3545,3533,4121,3135,2680,2321,2706,2949,2963,3446,594,574,564,543,596,570,675
5345,NorthernAfrica,912,TimorLeste,626,0,0,0,0,0,0,0,0,0,0,0,0,0,0,0,0,0,0,0,0,0
5346,NorthernAfrica,912,VietNam,704,0,0,0,0,0,0,0,0,0,0,0,0,0,0,0,0,0,0,0,0,0
5347,NorthernAfrica,912,Afghanistan,4,914,640,390,443,483,454,550,750,501,272,329,358,338,412,164,139,118,114,125,116,138
5348,NorthernAfrica,912,Bangladesh,50,430,756,1105,1235,1352,1410,1589,341,675,1030,1162,1272,1335,1502,89,81,75,73,80,75,87
5349,NorthernAfrica,912,Bhutan,64,0,0,0,0,0,0,0,0,0,0,0,0,0,0,0,0,0,0,0,0,0
5350,NorthernAfrica,912,India,356,5348,6029,6825,7408,6871,6903,8180,3046,3661,4370,4979,4806,4945,5732,2302,2368,2455,2429,2065,1958,2448
5351,NorthernAfrica,912,IranIslamicRepublicof,364,517,458,414,466,509,507,589,284,273,272,327,357,368,421,233,185,142,139,152,139,168
5352,NorthernAfrica,912,Maldives,462,4,12,21,25,27,19,28,4,9,15,18,19,14,21,0,3,6,7,8,5,7
5353,NorthernAfrica,912,Nepal,524,0,0,0,0,0,0,0,0,0,0,0,0,0,0,0,0,0,0,0,0,0
5354,NorthernAfrica,912,Pakistan,586,1491,1848,2262,2533,2769,2849,3244,1049,1274,1548,1852,2022,2114,2390,442,574,714,681,747,735,854
5355,NorthernAfrica,912,SriLanka,144,959,685,434,493,538,510,613,583,401,235,297,322,316,372,376,284,199,196,216,194,241
5356,NorthernAfrica,912,Armenia,51,690,489,306,348,379,358,430,248,192,148,189,203,210,238,442,297,158,159,176,148,192
5357,NorthernAfrica,912,Azerbaijan,31,24,23,24,29,31,21,31,22,22,23,28,30,21,31,2,1,1,1,1,0,0
5358,NorthernAfrica,912,Bahrain,48,1473,1219,1006,1135,1239,1224,1436,595,605,644,774,840,877,994,878,614,362,361,399,347,442
5359,NorthernAfrica,912,Cyprus,196,98,77,63,75,81,56,86,53,41,33,41,43,34,48,45,36,30,34,38,22,38
5360,NorthernAfrica,912,Georgia,268,0,0,0,0,0,0,0,0,0,0,0,0,0,0,0,0,0,0,0,0,0
5361,NorthernAfrica,912,Iraq,368,7327,36635,66900,72016,79263,90532,103100,2876,20490,38872,46109,50552,57500,63927,4451,16145,28028,25907,28711,33032,39173
5362,NorthernAfrica,912,Israel,376,995,728,518,617,664,456,710,585,427,303,377,396,297,432,410,301,215,240,268,159,278
5363,NorthernAfrica,912,Jordan,400,15340,17985,21109,22903,25038,25845,29276,8077,10353,13012,15305,16665,17633,19719,7263,7632,8097,7598,8373,8212,9557
5364,NorthernAfrica,912,Kuwait,414,9528,10291,11331,12310,13454,13817,15707,5523,6676,8057,9213,10040,10534,11830,4005,3615,3274,3097,3414,3283,3877
5365,NorthernAfrica,912,Lebanon,422,11419,11792,12584,13657,14918,15555,17663,5144,5617,6377,7758,8422,9063,10137,6275,6175,6207,5899,6496,6492,7526
5366,NorthernAfrica,912,Oman,512,1682,1637,1644,1847,2017,2038,2350,1048,1101,1196,1411,1536,1590,1807,634,536,448,436,481,448,543
5367,NorthernAfrica,912,Qatar,634,1106,1199,1332,1495,1635,1667,1909,615,758,932,1107,1209,1266,1429,491,441,400,388,426,401,480
5368,NorthernAfrica,912,SaudiArabia,682,20590,27941,36014,39002,42649,44326,49956,12876,18540,24819,28550,31136,32891,36779,7714,9401,11195,10452,11513,11435,13177
5369,NorthernAfrica,912,StateofPalestine,275,242187,267322,309684,375318,399022,412479,473094,124372,152068,190472,249322,264338,280973,318158,117815,115254,119212,125996,134684,131506,154936
5370,NorthernAfrica,912,SyrianArabRepublic,760,25597,27747,30840,33406,36872,142359,182938,13790,15961,18816,22011,24143,82235,100405,11807,11786,12024,11395,12729,60124,82533
5371,NorthernAfrica,912,Turkey,792,2967,2699,2519,2835,3096,3103,3602,2301,1991,1758,2104,2294,2328,2690,666,708,761,731,802,775,912
5372,NorthernAfrica,912,UnitedArabEmirates,784,1786,2144,2567,2875,3141,3226,3680,1165,1353,1595,1948,2124,2227,2517,621,791,972,927,1017,999,1163
5373,NorthernAfrica,912,Yemen,887,17388,19566,22267,24114,26373,27164,17801,10009,12114,14646,17017,18512,19486,10630,7379,7452,7621,7097,7861,7678,7171
5374,NorthernAfrica,912,Belarus,112,948,841,764,861,940,939,1090,406,379,372,480,522,549,619,542,462,392,381,418,390,471
5375,NorthernAfrica,912,Bulgaria,100,71,58,50,60,65,45,68,35,26,20,26,27,23,30,36,32,30,34,38,22,38
5376,NorthernAfrica,912,Czechia,203,250,191,148,176,190,130,201,114,83,60,78,80,66,89,136,108,88,98,110,64,112
5377,NorthernAfrica,912,Hungary,348,473,403,347,392,428,423,493,219,178,148,199,217,225,257,254,225,199,193,211,198,236
5378,NorthernAfrica,912,Poland,616,1570,1153,777,882,961,920,1103,914,597,310,427,460,455,540,656,556,467,455,501,465,563
5379,NorthernAfrica,912,RepublicofMoldova,498,48,45,46,55,59,40,61,42,40,41,49,52,36,55,6,5,5,6,7,4,6
5380,NorthernAfrica,912,Romania,642,871,731,615,695,759,751,879,462,339,232,326,354,365,422,409,392,383,369,405,386,457
5381,NorthernAfrica,912,RussianFederation,643,42184,26485,11610,13031,14160,12798,16055,14785,9786,5315,6637,7070,7167,8284,27399,16699,6295,6394,7090,5631,7771
5382,NorthernAfrica,912,Slovakia,703,71,56,46,55,59,40,61,31,23,18,24,24,19,26,40,33,28,31,35,21,35
5383,NorthernAfrica,912,Ukraine,804,256,505,769,859,940,981,1104,133,219,315,430,471,508,566,123,286,454,429,469,473,538
5384,NorthernAfrica,912,ChannelIslands,830,0,0,0,0,0,0,0,0,0,0,0,0,0,0,0,0,0,0,0,0,0
5385,NorthernAfrica,912,Denmark,208,1075,915,788,888,970,962,1123,540,485,456,564,613,634,724,535,430,332,324,357,328,399
5386,NorthernAfrica,912,Estonia,233,14,16,19,23,25,17,25,8,8,9,12,13,10,14,6,8,10,11,12,7,11
5387,NorthernAfrica,912,FaroeIslands,234,0,0,0,0,0,0,0,0,0,0,0,0,0,0,0,0,0,0,0,0,0
5388,NorthernAfrica,912,Finland,246,727,747,793,891,974,988,1134,279,334,410,522,569,604,676,448,413,383,369,405,384,458
5389,NorthernAfrica,912,Iceland,352,0,0,0,0,0,0,0,0,0,0,0,0,0,0,0,0,0,0,0,0,0
5390,NorthernAfrica,912,Ireland,372,111,87,70,83,90,61,95,45,34,26,34,35,29,40,66,53,44,49,55,32,55
5391,NorthernAfrica,912,IsleofMan,833,0,0,0,0,0,0,0,0,0,0,0,0,0,0,0,0,0,0,0,0,0
5392,NorthernAfrica,912,Latvia,428,0,0,0,0,0,0,0,0,0,0,0,0,0,0,0,0,0,0,0,0,0
5393,NorthernAfrica,912,Lithuania,440,0,0,0,0,0,0,0,0,0,0,0,0,0,0,0,0,0,0,0,0,0
5394,NorthernAfrica,912,Norway,578,408,365,335,378,414,412,477,257,214,180,229,250,255,294,151,151,155,149,164,157,183
5395,NorthernAfrica,912,Sweden,752,1379,1076,810,916,998,974,1152,789,618,474,586,635,644,747,590,458,336,330,363,330,405
5396,NorthernAfrica,912,UnitedKingdom,826,14651,11722,9221,10084,11000,11176,12969,8277,6476,4979,5994,6493,6765,7755,6374,5246,4242,4090,4507,4411,5214
5397,NorthernAfrica,912,Albania,8,426,362,311,350,381,377,439,283,232,192,235,254,258,299,143,130,119,115,127,119,140
5398,NorthernAfrica,912,Andorra,20,0,0,0,0,0,0,0,0,0,0,0,0,0,0,0,0,0,0,0,0,0
5399,NorthernAfrica,912,BosniaandHerzegovina,70,89,186,289,323,353,368,412,45,108,175,215,235,251,280,44,78,114,108,118,117,132
5400,NorthernAfrica,912,Croatia,191,124,96,76,90,97,66,102,108,80,58,70,75,53,80,16,16,18,20,22,13,22
5401,NorthernAfrica,912,Gibraltar,292,7,7,7,8,9,6,8,4,4,4,5,6,5,7,3,3,3,3,3,1,1
5402,NorthernAfrica,912,Greece,300,5036,3881,2859,3234,3527,3430,4076,2173,1717,1355,1754,1898,1963,2245,2863,2164,1504,1480,1629,1467,1831
5403,NorthernAfrica,912,HolySee,336,0,0,0,0,0,0,0,0,0,0,0,0,0,0,0,0,0,0,0,0,0
5404,NorthernAfrica,912,Italy,380,24013,17485,11594,12529,13663,14126,16462,13064,9315,6003,7062,7638,8089,9325,10949,8170,5591,5467,6025,6037,7137
5405,NorthernAfrica,912,Malta,470,0,0,0,0,0,0,0,0,0,0,0,0,0,0,0,0,0,0,0,0,0
5406,NorthernAfrica,912,Montenegro,499,0,0,0,0,0,0,0,0,0,0,0,0,0,0,0,0,0,0,0,0,0
5407,NorthernAfrica,912,NorthMacedonia,807,147,113,88,105,113,77,119,89,67,51,64,67,50,73,58,46,37,41,46,27,46
5408,NorthernAfrica,912,Portugal,620,44,38,34,40,43,29,44,20,17,15,19,19,15,21,24,21,19,21,24,14,23
5409,NorthernAfrica,912,SanMarino,674,0,0,0,0,0,0,0,0,0,0,0,0,0,0,0,0,0,0,0,0,0
5410,NorthernAfrica,912,Serbia,688,0,0,0,0,0,0,0,0,0,0,0,0,0,0,0,0,0,0,0,0,0
5411,NorthernAfrica,912,Slovenia,705,0,0,0,0,0,0,0,0,0,0,0,0,0,0,0,0,0,0,0,0,0
5412,NorthernAfrica,912,Spain,724,4533,3833,3545,3822,4157,5016,5611,2414,2010,1829,2012,2175,2625,2985,2119,1823,1716,1810,1982,2391,2626
5413,NorthernAfrica,912,Austria,40,2760,1845,996,1137,1237,1139,1408,1277,830,430,570,611,603,714,1483,1015,566,567,626,536,694
5414,NorthernAfrica,912,Belgium,56,3549,2598,1834,2021,2198,2412,2796,1812,1314,927,1077,1162,1300,1506,1737,1284,907,944,1036,1112,1290
5415,NorthernAfrica,912,France,250,33062,27828,25851,27204,41373,50866,56274,17550,14625,13451,14467,21621,26530,29826,15512,13203,12400,12737,19752,24336,26448
5416,NorthernAfrica,912,Germany,276,45797,29127,13589,15044,16385,15571,19125,25159,15622,6867,8341,8963,8840,10626,20638,13505,6722,6703,7422,6731,8499
5417,NorthernAfrica,912,Liechtenstein,438,0,0,0,0,0,0,0,0,0,0,0,0,0,0,0,0,0,0,0,0,0
5418,NorthernAfrica,912,Luxembourg,442,0,0,0,0,0,0,0,0,0,0,0,0,0,0,0,0,0,0,0,0,0
5419,NorthernAfrica,912,Monaco,492,238,246,262,295,323,329,375,112,129,152,188,206,218,244,126,117,110,107,117,111,131
5420,NorthernAfrica,912,Netherlands,528,4116,3021,2030,2300,2505,2403,2887,2153,1522,966,1255,1355,1363,1596,1963,1499,1064,1045,1150,1040,1291
5421,NorthernAfrica,912,Switzerland,756,6844,4188,1684,1944,2108,1807,2364,3622,2177,842,1078,1150,1054,1316,3222,2011,842,866,958,753,1048
5422,NorthernAfrica,912,Anguilla,660,0,0,0,0,0,0,0,0,0,0,0,0,0,0,0,0,0,0,0,0,0
5423,NorthernAfrica,912,AntiguaandBarbuda,28,14,13,13,15,16,11,15,7,6,6,7,7,6,8,7,7,7,8,9,5,7
5424,NorthernAfrica,912,Aruba,533,0,0,0,0,0,0,0,0,0,0,0,0,0,0,0,0,0,0,0,0,0
5425,NorthernAfrica,912,Bahamas,44,11,11,11,13,14,10,14,1,2,2,3,3,3,3,10,9,9,10,11,7,11
5426,NorthernAfrica,912,Barbados,52,0,0,0,0,0,0,0,0,0,0,0,0,0,0,0,0,0,0,0,0,0
5427,NorthernAfrica,912,Bonaire,16,535,0,0,0,0,0,0,0,0,0,0,0,0,0,0,0,0,0,0,0,0
5428,NorthernAfrica,912,BritishVirginIslands,92,0,0,0,0,0,0,0,0,0,0,0,0,0,0,0,0,0,0,0,0,0
5429,NorthernAfrica,912,CaymanIslands,136,0,0,0,0,0,0,0,0,0,0,0,0,0,0,0,0,0,0,0,0,0
5430,NorthernAfrica,912,Cuba,192,0,0,0,0,0,0,0,0,0,0,0,0,0,0,0,0,0,0,0,0,0
5431,NorthernAfrica,912,CuraÃao,531,0,0,0,0,0,0,0,0,0,0,0,0,0,0,0,0,0,0,0,0,0
5432,NorthernAfrica,912,Dominica,212,0,0,0,0,0,0,0,0,0,0,0,0,0,0,0,0,0,0,0,0,0
5433,NorthernAfrica,912,DominicanRepublic,214,0,0,0,0,0,0,0,0,0,0,0,0,0,0,0,0,0,0,0,0,0
5434,NorthernAfrica,912,Grenada,308,0,0,0,0,0,0,0,0,0,0,0,0,0,0,0,0,0,0,0,0,0
5435,NorthernAfrica,912,Guadeloupe,312,0,0,0,0,0,0,0,0,0,0,0,0,0,0,0,0,0,0,0,0,0
5436,NorthernAfrica,912,Haiti,332,0,0,0,0,0,0,0,0,0,0,0,0,0,0,0,0,0,0,0,0,0
5437,NorthernAfrica,912,Jamaica,388,0,0,0,0,0,0,0,0,0,0,0,0,0,0,0,0,0,0,0,0,0
5438,NorthernAfrica,912,Martinique,474,0,0,0,0,0,0,0,0,0,0,0,0,0,0,0,0,0,0,0,0,0
5439,NorthernAfrica,912,Montserrat,500,0,0,0,0,0,0,0,0,0,0,0,0,0,0,0,0,0,0,0,0,0
5440,NorthernAfrica,912,PuertoRico,630,0,0,0,0,0,0,0,0,0,0,0,0,0,0,0,0,0,0,0,0,0
5441,NorthernAfrica,912,SaintBarthelemy,652,0,0,0,0,0,0,0,0,0,0,0,0,0,0,0,0,0,0,0,0,0
5442,NorthernAfrica,912,SaintKittsandNevis,659,0,0,0,0,0,0,0,0,0,0,0,0,0,0,0,0,0,0,0,0,0
5443,NorthernAfrica,912,SaintLucia,662,0,0,0,0,0,0,0,0,0,0,0,0,0,0,0,0,0,0,0,0,0
5444,NorthernAfrica,912,SaintMartinFrenchpart,663,0,0,0,0,0,0,0,0,0,0,0,0,0,0,0,0,0,0,0,0,0
5445,NorthernAfrica,912,SaintVincentandtheGrenadines,670,0,0,0,0,0,0,0,0,0,0,0,0,0,0,0,0,0,0,0,0,0
5446,NorthernAfrica,912,SintMaartenDutchpart,534,0,0,0,0,0,0,0,0,0,0,0,0,0,0,0,0,0,0,0,0,0
5447,NorthernAfrica,912,TrinidadandTobago,780,0,0,0,0,0,0,0,0,0,0,0,0,0,0,0,0,0,0,0,0,0
5448,NorthernAfrica,912,TurksandCaicosIslands,796,0,0,0,0,0,0,0,0,0,0,0,0,0,0,0,0,0,0,0,0,0
5449,NorthernAfrica,912,UnitedStatesVirginIslands,850,0,0,0,0,0,0,0,0,0,0,0,0,0,0,0,0,0,0,0,0,0
5450,NorthernAfrica,912,Belize,84,0,0,0,0,0,0,0,0,0,0,0,0,0,0,0,0,0,0,0,0,0
5451,NorthernAfrica,912,CostaRica,188,0,0,0,0,0,0,0,0,0,0,0,0,0,0,0,0,0,0,0,0,0
5452,NorthernAfrica,912,ElSalvador,222,618,636,675,759,831,843,966,253,301,363,456,498,528,591,365,335,312,303,333,315,375
5453,NorthernAfrica,912,Guatemala,320,7,7,7,8,9,6,8,2,3,3,4,5,4,5,5,4,4,4,4,2,3
5454,NorthernAfrica,912,Honduras,340,0,0,0,0,0,0,0,0,0,0,0,0,0,0,0,0,0,0,0,0,0
5455,NorthernAfrica,912,Mexico,484,71,57,48,57,62,42,64,25,19,16,21,22,19,24,46,38,32,36,40,23,40
5456,NorthernAfrica,912,Nicaragua,558,0,0,0,0,0,0,0,0,0,0,0,0,0,0,0,0,0,0,0,0,0
5457,NorthernAfrica,912,Panama,591,0,0,0,0,0,0,0,0,0,0,0,0,0,0,0,0,0,0,0,0,0
5458,NorthernAfrica,912,Argentina,32,322,243,183,218,235,161,251,194,146,109,135,142,106,155,128,97,74,83,93,55,96
5459,NorthernAfrica,912,BoliviaPlurinationalStateof,68,0,0,0,0,0,0,0,0,0,0,0,0,0,0,0,0,0,0,0,0,0
5460,NorthernAfrica,912,Brazil,76,527,398,284,322,351,340,400,212,168,134,174,188,197,222,315,230,150,148,163,143,178
5461,NorthernAfrica,912,Chile,152,21,20,20,24,26,18,27,8,9,10,13,14,11,16,13,11,10,11,12,7,11
5462,NorthernAfrica,912,Colombia,170,65,52,43,51,55,37,57,59,44,32,39,42,29,45,6,8,11,12,13,8,12
5463,NorthernAfrica,912,Ecuador,218,9,9,9,11,12,8,11,2,2,2,3,3,3,4,7,7,7,8,9,5,7
5464,NorthernAfrica,912,FalklandIslandsMalvinas,238,0,0,0,0,0,0,0,0,0,0,0,0,0,0,0,0,0,0,0,0,0
5465,NorthernAfrica,912,FrenchGuiana,254,0,0,0,0,0,0,0,0,0,0,0,0,0,0,0,0,0,0,0,0,0
5466,NorthernAfrica,912,Guyana,328,0,0,0,0,0,0,0,0,0,0,0,0,0,0,0,0,0,0,0,0,0
5467,NorthernAfrica,912,Paraguay,600,0,0,0,0,0,0,0,0,0,0,0,0,0,0,0,0,0,0,0,0,0
5468,NorthernAfrica,912,Peru,604,0,0,0,0,0,0,0,0,0,0,0,0,0,0,0,0,0,0,0,0,0
5469,NorthernAfrica,912,Suriname,740,0,0,0,0,0,0,0,0,0,0,0,0,0,0,0,0,0,0,0,0,0
5470,NorthernAfrica,912,Uruguay,858,0,0,0,0,0,0,0,0,0,0,0,0,0,0,0,0,0,0,0,0,0
5471,NorthernAfrica,912,VenezuelaBolivarianRepublicof,862,26,25,25,30,32,22,32,9,9,9,12,12,11,13,17,16,16,18,20,11,19
5472,NorthernAfrica,912,Bermuda,60,0,0,0,0,0,0,0,0,0,0,0,0,0,0,0,0,0,0,0,0,0
5473,NorthernAfrica,912,Canada,124,1277,1891,2562,2864,3131,3249,3677,768,1120,1519,1872,2044,2169,2430,509,771,1043,992,1087,1080,1247
5474,NorthernAfrica,912,Greenland,304,0,0,0,0,0,0,0,0,0,0,0,0,0,0,0,0,0,0,0,0,0
5475,NorthernAfrica,912,SaintPierreandMiquelon,666,0,0,0,0,0,0,0,0,0,0,0,0,0,0,0,0,0,0,0,0,0
5476,NorthernAfrica,912,UnitedStatesofAmerica,840,31741,22582,14271,15680,17266,17171,20312,16929,12168,7996,9506,10363,10668,12355,14812,10414,6275,6174,6903,6503,7957
5477,NorthernAfrica,912,Australia,36,2024,1434,895,1018,1108,1049,1268,1091,793,532,655,707,705,825,933,641,363,363,401,344,443
5478,NorthernAfrica,912,NewZealand,554,114,88,68,81,87,60,93,74,57,44,54,57,42,63,40,31,24,27,30,18,30
5479,NorthernAfrica,912,Fiji,242,0,0,0,0,0,0,0,0,0,0,0,0,0,0,0,0,0,0,0,0,0
5480,NorthernAfrica,912,NewCaledonia,540,0,0,0,0,0,0,0,0,0,0,0,0,0,0,0,0,0,0,0,0,0
5481,NorthernAfrica,912,PapuaNewGuinea,598,0,0,0,0,0,0,0,0,0,0,0,0,0,0,0,0,0,0,0,0,0
5482,NorthernAfrica,912,SolomonIslands,90,0,0,0,0,0,0,0,0,0,0,0,0,0,0,0,0,0,0,0,0,0
5483,NorthernAfrica,912,Vanuatu,548,0,0,0,0,0,0,0,0,0,0,0,0,0,0,0,0,0,0,0,0,0
5484,NorthernAfrica,912,Guam,316,0,0,0,0,0,0,0,0,0,0,0,0,0,0,0,0,0,0,0,0,0
5485,NorthernAfrica,912,Kiribati,296,0,0,0,0,0,0,0,0,0,0,0,0,0,0,0,0,0,0,0,0,0
5486,NorthernAfrica,912,MarshallIslands,584,0,0,0,0,0,0,0,0,0,0,0,0,0,0,0,0,0,0,0,0,0
5487,NorthernAfrica,912,MicronesiaFedStatesof,583,0,0,0,0,0,0,0,0,0,0,0,0,0,0,0,0,0,0,0,0,0
5488,NorthernAfrica,912,Nauru,520,0,0,0,0,0,0,0,0,0,0,0,0,0,0,0,0,0,0,0,0,0
5489,NorthernAfrica,912,NorthernMarianaIslands,580,0,0,0,0,0,0,0,0,0,0,0,0,0,0,0,0,0,0,0,0,0
5490,NorthernAfrica,912,Palau,585,0,0,0,0,0,0,0,0,0,0,0,0,0,0,0,0,0,0,0,0,0
5491,NorthernAfrica,912,AmericanSamoa,16,0,0,0,0,0,0,0,0,0,0,0,0,0,0,0,0,0,0,0,0,0
5492,NorthernAfrica,912,CookIslands,184,0,0,0,0,0,0,0,0,0,0,0,0,0,0,0,0,0,0,0,0,0
5493,NorthernAfrica,912,FrenchPolynesia,258,0,0,0,0,0,0,0,0,0,0,0,0,0,0,0,0,0,0,0,0,0
5494,NorthernAfrica,912,Niue,570,0,0,0,0,0,0,0,0,0,0,0,0,0,0,0,0,0,0,0,0,0
5495,NorthernAfrica,912,Samoa,882,0,0,0,0,0,0,0,0,0,0,0,0,0,0,0,0,0,0,0,0,0
5496,NorthernAfrica,912,Tokelau,772,0,0,0,0,0,0,0,0,0,0,0,0,0,0,0,0,0,0,0,0,0
5497,NorthernAfrica,912,Tonga,776,0,0,0,0,0,0,0,0,0,0,0,0,0,0,0,0,0,0,0,0,0
5498,NorthernAfrica,912,Tuvalu,798,0,0,0,0,0,0,0,0,0,0,0,0,0,0,0,0,0,0,0,0,0
5499,NorthernAfrica,912,WallisandFutunaIslands,876,0,0,0,0,0,0,0,0,0,0,0,0,0,0,0,0,0,0,0,0,0
5500,EasternAfrica,910,SubSaharanAfrica,947,5314011,4139044,3938090,3747156,3958289,5327613,6323588,2732189,2122317,2004938,1997783,1995102,2684274,3155379,2581822,2016727,1933152,1749373,1963187,2643339,3168209
5501,EasternAfrica,910,NorthernAfricaandWesternAsia,1833,179638,343697,416961,488918,215245,698013,728695,90701,173630,211444,253263,106845,342511,352889,88937,170067,205517,235655,108400,355502,375806
5502,EasternAfrica,910,CentralandSouthernAsia,921,17476,21658,27246,37089,48641,52114,52982,10030,13045,16943,22225,28860,31504,32034,7446,8613,10303,14864,19781,20610,20948
5503,EasternAfrica,910,EasternandSouthEasternAsia,1832,2672,5951,12017,9602,7905,8562,9142,1617,2124,3022,3446,4375,4806,5193,1055,3827,8995,6156,3530,3756,3949
5504,EasternAfrica,910,LatinAmericaandtheCaribbean,1830,164,162,50,52,55,59,57,124,122,34,33,31,34,34,40,40,16,19,24,25,23
5505,EasternAfrica,910,OceaniaexcludingAustraliaandNewZealand,1835,0,0,0,0,0,0,0,0,0,0,0,0,0,0,0,0,0,0,0,0,0
5506,EasternAfrica,910,AustraliaandNewZealand,927,148,140,134,196,310,283,373,69,70,72,99,159,146,197,79,70,62,97,151,137,176
5507,EasternAfrica,910,EuropeandNorthernAmerica,1829,80302,94028,118980,129638,132003,137310,146097,44734,52350,65807,71579,72637,74864,79518,35568,41678,53173,58059,59366,62446,66579
5508,EasternAfrica,910,Developedregions,901,80687,94383,119445,130139,132603,137873,146771,44963,52565,66092,71877,72967,75177,79894,35724,41818,53353,58262,59636,62696,66877
5509,EasternAfrica,910,Lessdevelopedregions,902,5513724,4510297,4394033,4282512,4229845,6086081,7114163,2834501,2311093,2236168,2276551,2135042,3062962,3545350,2679223,2199204,2157865,2005961,2094803,3023119,3568813
5510,EasternAfrica,910,Lessdevelopedregions,902,934,237772,310159,334668,382162,437268,435184,439317,118448,153522,164532,184514,215511,215815,220050,119324,156637,170136,197648,221757,219369
5511,EasternAfrica,910,Lessdevelopedregions,902,948,5511503,4505277,4383785,4274580,4223538,6079230,7106749,2833140,2309405,2233946,2273996,2131641,3059228,3541247,2678363,2195872,2149839,2000584,2091897,3020002
5512,EasternAfrica,910,Leastdevelopedcountries,941,5275952,4200138,4059365,3900350,3792577,5650897,6674846,2716053,2157571,2071636,2092037,1919531,2847147,3325300,2559899,2042567,1987729,1808313,1873046,2803750,3349546
5513,EasternAfrica,910,LandlockedDevelopingCountriesLLDC,1636,2098046,2190254,1861486,1716932,1606306,2374143,3222705,1083444,1114241,959285,947106,805729,1196960,1602193,1014602,1076013,902201,769826,800577,1177183,1620512
5514,EasternAfrica,910,SmallislanddevelopingStatesSIDS,1637,29792,44053,64821,85622,97207,106195,132081,16721,24065,33568,42568,47132,50819,63030,13071,19988,31253,43054,50075,55376,69051
5515,EasternAfrica,910,Highincomecountries,1503,88277,105716,133729,149006,153968,160059,169908,48888,58403,73220,80671,82887,85503,90731,39389,47313,60509,68335,71081,74556,79177
5516,EasternAfrica,910,Middleincomecountries,1517,574053,737162,855534,793510,809235,804363,831876,292762,370432,425716,387794,395668,393882,410894,281291,366730,429818,405716,413567,410481,420982
5517,EasternAfrica,910,Uppermiddleincomecountries,1502,36536,48877,57050,61823,63831,63740,66474,19862,25197,27281,30768,33295,33234,35102,16674,23680,29769,31055,30536,30506,31372
5518,EasternAfrica,910,Lowermiddleincomecountries,1501,537517,688285,798484,731687,745404,740623,765402,272900,345235,398435,357026,362373,360648,375792,264617,343050,400049,374661,383031,379975,389610
5519,EasternAfrica,910,Lowincomecountries,1500,4929324,3756961,3517115,3462827,3392094,5252175,6251565,2536340,1932399,1799883,1876381,1725912,2655126,3119879,2392984,1824562,1717232,1586446,1666182,2597049,3131686
5520,EasternAfrica,910,EasternAfrica,910,4900387,3633661,3122941,2888629,3078175,4218033,4989040,2524242,1868791,1596133,1546788,1559533,2132347,2491285,2376145,1764870,1526808,1341841,1518642,2085686,2497755
5521,EasternAfrica,910,MiddleAfrica,911,370968,450933,756743,788326,800135,1029628,1251025,184794,224164,377536,414867,394725,511047,620870,186174,226769,379207,373459,405410,518581,630155
5522,EasternAfrica,910,NorthernAfrica,912,179281,343372,416596,488605,214886,684649,708035,90526,173463,211249,253096,106667,335870,342176,88755,169909,205347,235509,108219,348779,365859
5523,EasternAfrica,910,SouthernAfrica,913,36745,47087,50491,59456,63927,63506,66040,19714,25147,26905,30653,32658,32299,33992,17031,21940,23586,28803,31269,31207,32048
5524,EasternAfrica,910,WesternAfrica,914,5911,7363,7915,10745,16052,16446,17483,3439,4215,4364,5475,8186,8581,9232,2472,3148,3551,5270,7866,7865,8251
5525,EasternAfrica,910,CentralAsia,5500,0,0,0,0,0,0,0,0,0,0,0,0,0,0,0,0,0,0,0,0,0
5526,EasternAfrica,910,EasternAsia,906,2568,5338,10875,8522,6882,7416,7979,1573,1880,2574,2885,3701,4029,4400,995,3458,8301,5637,3181,3387,3579
5527,EasternAfrica,910,SouthEasternAsia,920,104,613,1142,1080,1023,1146,1163,44,244,448,561,674,777,793,60,369,694,519,349,369,370
5528,EasternAfrica,910,SouthernAsia,5501,17476,21658,27246,37089,48641,52114,52982,10030,13045,16943,22225,28860,31504,32034,7446,8613,10303,14864,19781,20610,20948
5529,EasternAfrica,910,WesternAsia,922,357,325,365,313,359,13364,20660,175,167,195,167,178,6641,10713,182,158,170,146,181,6723,9947
5530,EasternAfrica,910,EasternEurope,923,418,361,337,365,408,425,405,184,159,136,145,162,172,165,234,202,201,220,246,253,240
5531,EasternAfrica,910,NorthernEurope,924,24848,23971,29243,25013,17976,17816,18334,13934,13451,16481,14073,10035,9698,10077,10914,10520,12762,10940,7941,8118,8257
5532,EasternAfrica,910,SouthernEurope,925,2602,3314,3769,4862,5459,5675,5796,1789,2262,2527,3141,3514,3658,3756,813,1052,1242,1721,1945,2017,2040
5533,EasternAfrica,910,WesternEurope,926,50100,63865,82487,95923,104325,109614,117627,27577,35117,44962,52338,56855,59367,63459,22523,28748,37525,43585,47470,50247,54168
5534,EasternAfrica,910,Caribbean,915,164,162,50,52,55,59,57,124,122,34,33,31,34,34,40,40,16,19,24,25,23
5535,EasternAfrica,910,CentralAmerica,916,0,0,0,0,0,0,0,0,0,0,0,0,0,0,0,0,0,0,0,0,0
5536,EasternAfrica,910,SouthAmerica,931,0,0,0,0,0,0,0,0,0,0,0,0,0,0,0,0,0,0,0,0,0
5537,EasternAfrica,910,Melanesia,928,0,0,0,0,0,0,0,0,0,0,0,0,0,0,0,0,0,0,0,0,0
5538,EasternAfrica,910,Micronesia,954,0,0,0,0,0,0,0,0,0,0,0,0,0,0,0,0,0,0,0,0,0
5539,EasternAfrica,910,Polynesia,957,0,0,0,0,0,0,0,0,0,0,0,0,0,0,0,0,0,0,0,0,0
5540,EasternAfrica,910,Burundi,108,309500,402694,709348,559276,212164,381210,445492,159982,208727,364018,357029,111345,192980,226933,149518,193967,345330,202247,100819,188230,218559
5541,EasternAfrica,910,Comoros,174,19278,28866,46342,61009,69265,77181,101798,11138,16035,24114,30820,33847,36996,48500,8140,12831,22228,30189,35418,40185,53298
5542,EasternAfrica,910,Djibouti,262,904,1901,3258,2389,2999,3702,3439,475,1154,2053,1362,1571,1887,1704,429,747,1205,1027,1428,1815,1735
5543,EasternAfrica,910,Eritrea,232,69681,35015,7843,11557,55952,220550,211044,36625,18714,4812,6628,28318,111613,103803,33056,16301,3031,4929,27634,108937,107241
5544,EasternAfrica,910,Ethiopia,231,501546,59370,32806,34059,83213,77607,82670,256816,31589,16760,18202,41085,40128,43169,244730,27781,16046,15857,42128,37479,39501
5545,EasternAfrica,910,Kenya,404,76838,77344,85484,89238,102896,103564,98349,34566,34596,38930,39932,47173,47710,45469,42272,42748,46554,49306,55723,55854,52880
5546,EasternAfrica,910,Madagascar,450,15325,20501,26783,30971,33824,35342,38102,7333,9739,12557,14761,16287,17039,18332,7992,10762,14226,16210,17537,18303,19770
5547,EasternAfrica,910,Malawi,454,117182,119450,144129,169882,182311,181914,191387,67254,67813,81054,93169,98505,97658,103610,49928,51637,63075,76713,83806,84256,87777
5548,EasternAfrica,910,Mauritius,480,1379,2715,4125,4977,5575,5805,5974,737,1396,2075,2499,2794,2898,2980,642,1319,2050,2478,2781,2907,2994
5549,EasternAfrica,910,Mayotte,175,1800,3893,6162,6410,6294,6507,6740,967,1924,2948,3107,3085,3173,3287,833,1969,3214,3303,3209,3334,3453
5550,EasternAfrica,910,Mozambique,508,1748879,391701,305156,239753,203631,183191,179222,890387,216958,168215,131517,111155,99744,98783,858492,174743,136941,108236,92476,83447,80439
5551,EasternAfrica,910,Reunion,638,957,948,938,898,857,850,845,507,500,493,475,457,455,453,450,448,445,423,400,395,392
5552,EasternAfrica,910,Rwanda,646,512371,906907,200596,165554,151642,156439,164297,259544,448981,99896,81505,73054,74868,78140,252827,457926,100700,84049,78588,81571,86157
5553,EasternAfrica,910,Seychelles,690,6469,8870,10302,14072,16016,16621,17396,3312,4566,5138,6395,7246,7556,7980,3157,4304,5164,7677,8770,9065,9416
5554,EasternAfrica,910,Somalia,706,728536,721339,638734,579660,847901,1059897,974335,384139,370215,312776,296843,440552,543691,495549,344397,351124,325958,282817,407349,516206,478786
5555,EasternAfrica,910,SouthSudan,728,391000,290617,213845,160125,165498,754374,1555176,205800,159155,125444,89116,89398,389481,764488,185200,131462,88401,71009,76100,364893,790688
5556,EasternAfrica,910,Uganda,800,139632,200764,355725,397193,554776,579507,541164,71351,96868,173611,199454,271674,287161,269425,68281,103896,182114,197739,283102,292346,271739
5557,EasternAfrica,910,UnitedRepublicofTanzania,834,139041,157943,135588,142187,149890,153383,152919,74207,82829,67635,71029,73339,74719,74995,64834,75114,67953,71158,76551,78664,77924
5558,EasternAfrica,910,Zambia,894,45024,87871,88994,89703,88588,81335,76233,21855,40833,41724,42631,41823,38719,37199,23169,47038,47270,47072,46765,42616,39034
5559,EasternAfrica,910,Zimbabwe,716,75045,114952,106783,129716,144883,139054,142458,37247,56199,51880,60314,66825,63871,66486,37798,58753,54903,69402,78058,75183,75972
5560,EasternAfrica,910,Angola,24,139108,162112,262823,131757,74667,66665,71932,70385,82055,133758,65585,37051,32960,36017,68723,80057,129065,66172,37616,33705,35915
5561,EasternAfrica,910,Cameroon,120,10,13,18,66,243,214,299,8,11,15,55,129,114,164,2,2,3,11,114,100,135
5562,EasternAfrica,910,CentralAfricanRepublic,140,0,0,0,0,5166,4574,4690,0,0,0,0,2797,2650,2717,0,0,0,0,2369,1924,1973
5563,EasternAfrica,910,Chad,148,0,0,0,0,5327,5184,5315,0,0,0,0,2960,3122,3200,0,0,0,0,2367,2062,2115
5564,EasternAfrica,910,Congo,178,15858,24023,28962,30847,34248,33704,33780,8077,12212,14672,14524,17037,16795,16935,7781,11811,14290,16323,17211,16909,16845
5565,EasternAfrica,910,DemocraticRepublicoftheCongo,180,215992,264785,464940,625656,680484,919287,1135009,106324,129886,229091,334703,334751,455406,561837,109668,134899,235849,290953,345733,463881,573172
5566,EasternAfrica,910,EquatorialGuinea,226,0,0,0,0,0,0,0,0,0,0,0,0,0,0,0,0,0,0,0,0,0
5567,EasternAfrica,910,Gabon,266,0,0,0,0,0,0,0,0,0,0,0,0,0,0,0,0,0,0,0,0,0
5568,EasternAfrica,910,SaoTomeandPrincipe,678,0,0,0,0,0,0,0,0,0,0,0,0,0,0,0,0,0,0,0,0,0
5569,EasternAfrica,910,Algeria,12,35,33,0,0,0,0,0,27,26,0,0,0,0,0,8,7,0,0,0,0,0
5570,EasternAfrica,910,Egypt,818,279,180,84,116,5407,5289,5475,169,113,49,68,3068,3190,3306,110,67,35,48,2339,2099,2169
5571,EasternAfrica,910,Libya,434,49,46,1,0,162,153,156,20,18,1,0,83,86,88,29,28,0,0,79,67,68
5572,EasternAfrica,910,Morocco,504,0,0,0,0,0,0,0,0,0,0,0,0,0,0,0,0,0,0,0,0,0
5573,EasternAfrica,910,Sudan,729,178918,343113,416511,488489,209317,679207,702404,90310,173306,211199,253028,103516,332594,338782,88608,169807,205312,235461,105801,346613,363622
5574,EasternAfrica,910,Tunisia,788,0,0,0,0,0,0,0,0,0,0,0,0,0,0,0,0,0,0,0,0,0
5575,EasternAfrica,910,WesternSahara,732,0,0,0,0,0,0,0,0,0,0,0,0,0,0,0,0,0,0,0,0,0
5576,EasternAfrica,910,Botswana,72,3494,3260,4239,4585,4759,4674,5120,1910,1828,2409,2570,2630,2569,2819,1584,1432,1830,2015,2129,2105,2301
5577,EasternAfrica,910,Eswatini,748,51,69,74,83,86,88,77,34,47,50,57,59,58,54,17,22,24,26,27,30,23
5578,EasternAfrica,910,Lesotho,426,2954,4061,4714,6453,7341,7614,7974,1473,2034,2283,2829,3202,3293,3491,1481,2027,2431,3624,4139,4321,4483
5579,EasternAfrica,910,Namibia,516,2849,1079,688,882,1310,1266,1405,1563,616,405,506,687,672,735,1286,463,283,376,623,594,670
5580,EasternAfrica,910,SouthAfrica,710,27397,38618,40776,47453,50431,49864,51464,14734,20622,21758,24691,26080,25707,26893,12663,17996,19018,22762,24351,24157,24571
5581,EasternAfrica,910,Benin,204,0,0,0,0,0,0,0,0,0,0,0,0,0,0,0,0,0,0,0,0,0
5582,EasternAfrica,910,BurkinaFaso,854,0,0,0,0,0,0,0,0,0,0,0,0,0,0,0,0,0,0,0,0,0
5583,EasternAfrica,910,CaboVerde,132,2500,3439,4001,5495,6262,6491,6819,1410,1946,2207,2811,3193,3310,3511,1090,1493,1794,2684,3069,3181,3308
5584,EasternAfrica,910,CotedIvoire,384,68,64,58,56,56,56,52,34,31,3,2,2,2,2,34,33,55,54,54,54,50
5585,EasternAfrica,910,Gambia,270,29,27,0,0,0,0,0,29,27,0,0,0,0,0,0,0,0,0,0,0,0
5586,EasternAfrica,910,Ghana,288,513,310,166,170,175,154,214,350,208,117,120,119,105,150,163,102,49,50,56,49,64
5587,EasternAfrica,910,Guinea,324,0,0,0,0,0,0,0,0,0,0,0,0,0,0,0,0,0,0,0,0,0
5588,EasternAfrica,910,GuineaBissau,624,0,0,0,0,0,0,0,0,0,0,0,0,0,0,0,0,0,0,0,0,0
5589,EasternAfrica,910,Liberia,430,0,0,0,0,0,0,0,0,0,0,0,0,0,0,0,0,0,0,0,0,0
5590,EasternAfrica,910,Mali,466,220,206,194,205,395,394,475,166,156,147,156,234,247,304,54,50,47,49,161,147,171
5591,EasternAfrica,910,Mauritania,478,39,36,0,0,0,0,0,30,28,0,0,0,0,0,9,8,0,0,0,0,0
5592,EasternAfrica,910,Niger,562,0,0,0,0,0,0,0,0,0,0,0,0,0,0,0,0,0,0,0,0,0
5593,EasternAfrica,910,Nigeria,566,2264,2990,3325,4663,9019,9223,9746,1212,1599,1742,2251,4528,4819,5128,1052,1391,1583,2412,4491,4404,4618
5594,EasternAfrica,910,SaintHelena,654,0,0,0,0,0,0,0,0,0,0,0,0,0,0,0,0,0,0,0,0,0
5595,EasternAfrica,910,Senegal,686,173,192,167,153,142,125,175,145,162,144,132,107,95,135,28,30,23,21,35,30,40
5596,EasternAfrica,910,SierraLeone,694,0,0,0,0,0,0,0,0,0,0,0,0,0,0,0,0,0,0,0,0,0
5597,EasternAfrica,910,Togo,768,105,99,4,3,3,3,2,63,58,4,3,3,3,2,42,41,0,0,0,0,0
5598,EasternAfrica,910,Kazakhstan,398,0,0,0,0,0,0,0,0,0,0,0,0,0,0,0,0,0,0,0,0,0
5599,EasternAfrica,910,Kyrgyzstan,417,0,0,0,0,0,0,0,0,0,0,0,0,0,0,0,0,0,0,0,0,0
5600,EasternAfrica,910,Tajikistan,762,0,0,0,0,0,0,0,0,0,0,0,0,0,0,0,0,0,0,0,0,0
5601,EasternAfrica,910,Turkmenistan,795,0,0,0,0,0,0,0,0,0,0,0,0,0,0,0,0,0,0,0,0,0
5602,EasternAfrica,910,Uzbekistan,860,0,0,0,0,0,0,0,0,0,0,0,0,0,0,0,0,0,0,0,0,0
5603,EasternAfrica,910,China,156,2130,4975,10223,7911,6287,6828,7392,1312,1661,2206,2541,3388,3718,4087,818,3314,8017,5370,2899,3110,3305
5604,EasternAfrica,910,China,156,344,91,45,25,21,20,23,22,49,27,16,14,13,16,16,42,18,9,7,7,7
5605,EasternAfrica,910,China,156,446,0,0,0,0,0,0,0,0,0,0,0,0,0,0,0,0,0,0,0,0
5606,EasternAfrica,910,China,156,158,0,0,0,0,0,0,0,0,0,0,0,0,0,0,0,0,0,0,0,0
5607,EasternAfrica,910,DemPeoplesRepublicofKorea,408,51,48,136,131,131,131,121,42,40,104,100,100,100,92,9,8,32,31,31,31,29
5608,EasternAfrica,910,Japan,392,237,215,331,305,290,280,301,160,145,213,199,171,167,179,77,70,118,106,119,113,122
5609,EasternAfrica,910,Mongolia,496,0,0,0,0,0,0,0,0,0,0,0,0,0,0,0,0,0,0,0,0,0
5610,EasternAfrica,910,RepublicofKorea,410,59,55,160,154,154,154,143,10,7,35,31,29,28,26,49,48,125,123,125,126,117
5611,EasternAfrica,910,BruneiDarussalam,96,0,0,0,0,0,0,0,0,0,0,0,0,0,0,0,0,0,0,0,0,0
5612,EasternAfrica,910,Cambodia,116,0,0,0,0,0,0,0,0,0,0,0,0,0,0,0,0,0,0,0,0,0
5613,EasternAfrica,910,Indonesia,360,2,114,226,176,126,141,143,0,110,220,155,89,102,105,2,4,6,21,37,39,38
5614,EasternAfrica,910,LaoPeoplesDemocraticRepublic,418,0,0,0,0,0,0,0,0,0,0,0,0,0,0,0,0,0,0,0,0,0
5615,EasternAfrica,910,Malaysia,458,36,33,49,49,53,61,60,15,16,21,21,23,29,29,21,17,28,28,30,32,31
5616,EasternAfrica,910,Myanmar,104,0,0,0,0,0,0,0,0,0,0,0,0,0,0,0,0,0,0,0,0,0
5617,EasternAfrica,910,Philippines,608,61,229,398,514,630,705,718,28,72,116,289,461,526,537,33,157,282,225,169,179,181
5618,EasternAfrica,910,Singapore,702,0,0,0,0,0,0,0,0,0,0,0,0,0,0,0,0,0,0,0,0,0
5619,EasternAfrica,910,Thailand,764,5,237,469,341,214,239,242,1,46,91,96,101,120,122,4,191,378,245,113,119,120
5620,EasternAfrica,910,TimorLeste,626,0,0,0,0,0,0,0,0,0,0,0,0,0,0,0,0,0,0,0,0,0
5621,EasternAfrica,910,VietNam,704,0,0,0,0,0,0,0,0,0,0,0,0,0,0,0,0,0,0,0,0,0
5622,EasternAfrica,910,Afghanistan,4,0,0,0,0,0,0,0,0,0,0,0,0,0,0,0,0,0,0,0,0,0
5623,EasternAfrica,910,Bangladesh,50,131,210,461,3905,7565,8673,8755,35,71,137,1294,2641,3297,3314,96,139,324,2611,4924,5376,5441
5624,EasternAfrica,910,Bhutan,64,0,0,0,0,0,0,0,0,0,0,0,0,0,0,0,0,0,0,0,0,0
5625,EasternAfrica,910,India,356,15828,19552,24251,29647,36624,38276,39055,9036,11764,15151,18848,23732,25315,25829,6792,7788,9100,10799,12892,12961,13226
5626,EasternAfrica,910,IranIslamicRepublicof,364,0,0,0,0,0,0,0,0,0,0,0,0,0,0,0,0,0,0,0,0,0
5627,EasternAfrica,910,Maldives,462,2,1,1,17,34,38,37,0,0,0,10,21,25,25,2,1,1,7,13,13,12
5628,EasternAfrica,910,Nepal,524,27,33,39,98,157,175,177,12,11,9,74,138,155,158,15,22,30,24,19,20,19
5629,EasternAfrica,910,Pakistan,586,1163,1452,1985,2426,2748,3228,3212,766,948,1323,1553,1733,1986,1969,397,504,662,873,1015,1242,1243
5630,EasternAfrica,910,SriLanka,144,325,410,509,996,1513,1724,1746,181,251,323,446,595,726,739,144,159,186,550,918,998,1007
5631,EasternAfrica,910,Armenia,51,0,0,0,0,0,0,0,0,0,0,0,0,0,0,0,0,0,0,0,0,0
5632,EasternAfrica,910,Azerbaijan,31,0,0,0,0,0,0,0,0,0,0,0,0,0,0,0,0,0,0,0,0,0
5633,EasternAfrica,910,Bahrain,48,0,0,0,0,0,0,0,0,0,0,0,0,0,0,0,0,0,0,0,0,0
5634,EasternAfrica,910,Cyprus,196,0,0,0,0,0,0,0,0,0,0,0,0,0,0,0,0,0,0,0,0,0
5635,EasternAfrica,910,Georgia,268,0,0,0,0,0,0,0,0,0,0,0,0,0,0,0,0,0,0,0,0,0
5636,EasternAfrica,910,Iraq,368,0,0,0,0,0,0,0,0,0,0,0,0,0,0,0,0,0,0,0,0,0
5637,EasternAfrica,910,Israel,376,0,0,0,0,0,0,0,0,0,0,0,0,0,0,0,0,0,0,0,0,0
5638,EasternAfrica,910,Jordan,400,0,0,0,0,0,0,0,0,0,0,0,0,0,0,0,0,0,0,0,0,0
5639,EasternAfrica,910,Kuwait,414,0,0,0,0,0,0,0,0,0,0,0,0,0,0,0,0,0,0,0,0,0
5640,EasternAfrica,910,Lebanon,422,0,0,0,0,0,0,0,0,0,0,0,0,0,0,0,0,0,0,0,0,0
5641,EasternAfrica,910,Oman,512,0,0,0,0,0,0,0,0,0,0,0,0,0,0,0,0,0,0,0,0,0
5642,EasternAfrica,910,Qatar,634,0,0,0,0,0,0,0,0,0,0,0,0,0,0,0,0,0,0,0,0,0
5643,EasternAfrica,910,SaudiArabia,682,0,0,0,0,0,0,0,0,0,0,0,0,0,0,0,0,0,0,0,0,0
5644,EasternAfrica,910,StateofPalestine,275,0,0,0,0,0,0,0,0,0,0,0,0,0,0,0,0,0,0,0,0,0
5645,EasternAfrica,910,SyrianArabRepublic,760,0,0,0,0,0,0,0,0,0,0,0,0,0,0,0,0,0,0,0,0,0
5646,EasternAfrica,910,Turkey,792,0,0,0,0,0,0,0,0,0,0,0,0,0,0,0,0,0,0,0,0,0
5647,EasternAfrica,910,UnitedArabEmirates,784,0,0,0,0,0,0,0,0,0,0,0,0,0,0,0,0,0,0,0,0,0
5648,EasternAfrica,910,Yemen,887,357,325,365,313,359,13364,20660,175,167,195,167,178,6641,10713,182,158,170,146,181,6723,9947
5649,EasternAfrica,910,Belarus,112,0,0,0,0,0,0,0,0,0,0,0,0,0,0,0,0,0,0,0,0,0
5650,EasternAfrica,910,Bulgaria,100,0,0,0,0,0,0,0,0,0,0,0,0,0,0,0,0,0,0,0,0,0
5651,EasternAfrica,910,Czechia,203,0,0,0,0,0,0,0,0,0,0,0,0,0,0,0,0,0,0,0,0,0
5652,EasternAfrica,910,Hungary,348,10,9,9,8,8,8,7,1,1,0,0,0,0,0,9,8,9,8,8,8,7
5653,EasternAfrica,910,Poland,616,0,0,0,0,0,0,0,0,0,0,0,0,0,0,0,0,0,0,0,0,0
5654,EasternAfrica,910,RepublicofMoldova,498,0,0,0,0,0,0,0,0,0,0,0,0,0,0,0,0,0,0,0,0,0
5655,EasternAfrica,910,Romania,642,0,0,0,0,0,0,0,0,0,0,0,0,0,0,0,0,0,0,0,0,0
5656,EasternAfrica,910,RussianFederation,643,408,352,328,357,400,417,398,183,158,136,145,162,172,165,225,194,192,212,238,245,233
5657,EasternAfrica,910,Slovakia,703,0,0,0,0,0,0,0,0,0,0,0,0,0,0,0,0,0,0,0,0,0
5658,EasternAfrica,910,Ukraine,804,0,0,0,0,0,0,0,0,0,0,0,0,0,0,0,0,0,0,0,0,0
5659,EasternAfrica,910,ChannelIslands,830,0,0,0,0,0,0,0,0,0,0,0,0,0,0,0,0,0,0,0,0,0
5660,EasternAfrica,910,Denmark,208,170,161,160,154,154,154,143,93,86,80,76,75,74,69,77,75,80,78,79,80,74
5661,EasternAfrica,910,Estonia,233,0,0,0,0,0,0,0,0,0,0,0,0,0,0,0,0,0,0,0,0,0
5662,EasternAfrica,910,FaroeIslands,234,0,0,0,0,0,0,0,0,0,0,0,0,0,0,0,0,0,0,0,0,0
5663,EasternAfrica,910,Finland,246,0,0,0,0,0,0,0,0,0,0,0,0,0,0,0,0,0,0,0,0,0
5664,EasternAfrica,910,Iceland,352,0,0,0,0,0,0,0,0,0,0,0,0,0,0,0,0,0,0,0,0,0
5665,EasternAfrica,910,Ireland,372,30,14,6,24,44,50,49,14,8,3,13,23,28,28,16,6,3,11,21,22,21
5666,EasternAfrica,910,IsleofMan,833,0,0,0,0,0,0,0,0,0,0,0,0,0,0,0,0,0,0,0,0,0
5667,EasternAfrica,910,Latvia,428,0,0,0,0,0,0,0,0,0,0,0,0,0,0,0,0,0,0,0,0,0
5668,EasternAfrica,910,Lithuania,440,0,0,0,0,0,0,0,0,0,0,0,0,0,0,0,0,0,0,0,0,0
5669,EasternAfrica,910,Norway,578,9,8,8,7,7,7,6,9,8,8,7,7,7,6,0,0,0,0,0,0,0
5670,EasternAfrica,910,Sweden,752,29,27,26,25,25,25,23,29,27,26,25,25,25,23,0,0,0,0,0,0,0
5671,EasternAfrica,910,UnitedKingdom,826,24610,23761,29043,24803,17746,17580,18113,13789,13322,16364,13952,9905,9564,9951,10821,10439,12679,10851,7841,8016,8162
5672,EasternAfrica,910,Albania,8,0,0,0,0,0,0,0,0,0,0,0,0,0,0,0,0,0,0,0,0,0
5673,EasternAfrica,910,Andorra,20,0,0,0,0,0,0,0,0,0,0,0,0,0,0,0,0,0,0,0,0,0
5674,EasternAfrica,910,BosniaandHerzegovina,70,0,0,0,0,0,0,0,0,0,0,0,0,0,0,0,0,0,0,0,0,0
5675,EasternAfrica,910,Croatia,191,0,0,0,0,0,0,0,0,0,0,0,0,0,0,0,0,0,0,0,0,0
5676,EasternAfrica,910,Gibraltar,292,0,0,0,0,0,0,0,0,0,0,0,0,0,0,0,0,0,0,0,0,0
5677,EasternAfrica,910,Greece,300,40,37,37,35,36,35,32,21,19,17,16,17,16,15,19,18,20,19,19,19,17
5678,EasternAfrica,910,HolySee,336,0,0,0,0,0,0,0,0,0,0,0,0,0,0,0,0,0,0,0,0,0
5679,EasternAfrica,910,Italy,380,810,911,995,1080,1146,1205,1117,593,648,694,741,781,823,766,217,263,301,339,365,382,351
5680,EasternAfrica,910,Malta,470,0,0,0,0,0,0,0,0,0,0,0,0,0,0,0,0,0,0,0,0,0
5681,EasternAfrica,910,Montenegro,499,0,0,0,0,0,0,0,0,0,0,0,0,0,0,0,0,0,0,0,0,0
5682,EasternAfrica,910,NorthMacedonia,807,0,0,0,0,0,0,0,0,0,0,0,0,0,0,0,0,0,0,0,0,0
5683,EasternAfrica,910,Portugal,620,1667,2294,2669,3665,4178,4331,4549,1135,1565,1793,2354,2679,2778,2935,532,729,876,1311,1499,1553,1614
5684,EasternAfrica,910,SanMarino,674,0,0,0,0,0,0,0,0,0,0,0,0,0,0,0,0,0,0,0,0,0
5685,EasternAfrica,910,Serbia,688,0,0,0,0,0,0,0,0,0,0,0,0,0,0,0,0,0,0,0,0,0
5686,EasternAfrica,910,Slovenia,705,0,0,0,0,0,0,0,0,0,0,0,0,0,0,0,0,0,0,0,0,0
5687,EasternAfrica,910,Spain,724,85,72,68,82,99,104,98,40,30,23,30,37,41,40,45,42,45,52,62,63,58
5688,EasternAfrica,910,Austria,40,0,0,0,0,0,0,0,0,0,0,0,0,0,0,0,0,0,0,0,0,0
5689,EasternAfrica,910,Belgium,56,794,723,550,588,672,799,908,415,371,280,302,346,414,469,379,352,270,286,326,385,439
5690,EasternAfrica,910,France,250,47793,61594,80366,93594,101765,106877,114820,26308,33877,43819,51076,55471,57963,62010,21485,27717,36547,42518,46294,48914,52810
5691,EasternAfrica,910,Germany,276,1239,1321,1362,1501,1606,1642,1617,698,745,757,831,880,821,817,541,576,605,670,726,821,800
5692,EasternAfrica,910,Liechtenstein,438,0,0,0,0,0,0,0,0,0,0,0,0,0,0,0,0,0,0,0,0,0
5693,EasternAfrica,910,Luxembourg,442,0,0,0,0,0,0,0,0,0,0,0,0,0,0,0,0,0,0,0,0,0
5694,EasternAfrica,910,Monaco,492,0,0,0,0,0,0,0,0,0,0,0,0,0,0,0,0,0,0,0,0,0
5695,EasternAfrica,910,Netherlands,528,208,197,196,189,190,191,178,112,103,97,92,92,92,86,96,94,99,97,98,99,92
5696,EasternAfrica,910,Switzerland,756,66,30,13,51,92,105,104,44,21,9,37,66,77,77,22,9,4,14,26,28,27
5697,EasternAfrica,910,Anguilla,660,0,0,0,0,0,0,0,0,0,0,0,0,0,0,0,0,0,0,0,0,0
5698,EasternAfrica,910,AntiguaandBarbuda,28,0,0,0,0,0,0,0,0,0,0,0,0,0,0,0,0,0,0,0,0,0
5699,EasternAfrica,910,Aruba,533,0,0,0,0,0,0,0,0,0,0,0,0,0,0,0,0,0,0,0,0,0
5700,EasternAfrica,910,Bahamas,44,0,0,0,0,0,0,0,0,0,0,0,0,0,0,0,0,0,0,0,0,0
5701,EasternAfrica,910,Barbados,52,0,0,0,0,0,0,0,0,0,0,0,0,0,0,0,0,0,0,0,0,0
5702,EasternAfrica,910,Bonaire,16,535,0,0,0,0,0,0,0,0,0,0,0,0,0,0,0,0,0,0,0,0
5703,EasternAfrica,910,BritishVirginIslands,92,0,0,0,0,0,0,0,0,0,0,0,0,0,0,0,0,0,0,0,0,0
5704,EasternAfrica,910,CaymanIslands,136,0,0,0,0,0,0,0,0,0,0,0,0,0,0,0,0,0,0,0,0,0
5705,EasternAfrica,910,Cuba,192,164,162,50,52,55,59,57,124,122,34,33,31,34,34,40,40,16,19,24,25,23
5706,EasternAfrica,910,CuraÃao,531,0,0,0,0,0,0,0,0,0,0,0,0,0,0,0,0,0,0,0,0,0
5707,EasternAfrica,910,Dominica,212,0,0,0,0,0,0,0,0,0,0,0,0,0,0,0,0,0,0,0,0,0
5708,EasternAfrica,910,DominicanRepublic,214,0,0,0,0,0,0,0,0,0,0,0,0,0,0,0,0,0,0,0,0,0
5709,EasternAfrica,910,Grenada,308,0,0,0,0,0,0,0,0,0,0,0,0,0,0,0,0,0,0,0,0,0
5710,EasternAfrica,910,Guadeloupe,312,0,0,0,0,0,0,0,0,0,0,0,0,0,0,0,0,0,0,0,0,0
5711,EasternAfrica,910,Haiti,332,0,0,0,0,0,0,0,0,0,0,0,0,0,0,0,0,0,0,0,0,0
5712,EasternAfrica,910,Jamaica,388,0,0,0,0,0,0,0,0,0,0,0,0,0,0,0,0,0,0,0,0,0
5713,EasternAfrica,910,Martinique,474,0,0,0,0,0,0,0,0,0,0,0,0,0,0,0,0,0,0,0,0,0
5714,EasternAfrica,910,Montserrat,500,0,0,0,0,0,0,0,0,0,0,0,0,0,0,0,0,0,0,0,0,0
5715,EasternAfrica,910,PuertoRico,630,0,0,0,0,0,0,0,0,0,0,0,0,0,0,0,0,0,0,0,0,0
5716,EasternAfrica,910,SaintBarthelemy,652,0,0,0,0,0,0,0,0,0,0,0,0,0,0,0,0,0,0,0,0,0
5717,EasternAfrica,910,SaintKittsandNevis,659,0,0,0,0,0,0,0,0,0,0,0,0,0,0,0,0,0,0,0,0,0
5718,EasternAfrica,910,SaintLucia,662,0,0,0,0,0,0,0,0,0,0,0,0,0,0,0,0,0,0,0,0,0
5719,EasternAfrica,910,SaintMartinFrenchpart,663,0,0,0,0,0,0,0,0,0,0,0,0,0,0,0,0,0,0,0,0,0
5720,EasternAfrica,910,SaintVincentandtheGrenadines,670,0,0,0,0,0,0,0,0,0,0,0,0,0,0,0,0,0,0,0,0,0
5721,EasternAfrica,910,SintMaartenDutchpart,534,0,0,0,0,0,0,0,0,0,0,0,0,0,0,0,0,0,0,0,0,0
5722,EasternAfrica,910,TrinidadandTobago,780,0,0,0,0,0,0,0,0,0,0,0,0,0,0,0,0,0,0,0,0,0
5723,EasternAfrica,910,TurksandCaicosIslands,796,0,0,0,0,0,0,0,0,0,0,0,0,0,0,0,0,0,0,0,0,0
5724,EasternAfrica,910,UnitedStatesVirginIslands,850,0,0,0,0,0,0,0,0,0,0,0,0,0,0,0,0,0,0,0,0,0
5725,EasternAfrica,910,Belize,84,0,0,0,0,0,0,0,0,0,0,0,0,0,0,0,0,0,0,0,0,0
5726,EasternAfrica,910,CostaRica,188,0,0,0,0,0,0,0,0,0,0,0,0,0,0,0,0,0,0,0,0,0
5727,EasternAfrica,910,ElSalvador,222,0,0,0,0,0,0,0,0,0,0,0,0,0,0,0,0,0,0,0,0,0
5728,EasternAfrica,910,Guatemala,320,0,0,0,0,0,0,0,0,0,0,0,0,0,0,0,0,0,0,0,0,0
5729,EasternAfrica,910,Honduras,340,0,0,0,0,0,0,0,0,0,0,0,0,0,0,0,0,0,0,0,0,0
5730,EasternAfrica,910,Mexico,484,0,0,0,0,0,0,0,0,0,0,0,0,0,0,0,0,0,0,0,0,0
5731,EasternAfrica,910,Nicaragua,558,0,0,0,0,0,0,0,0,0,0,0,0,0,0,0,0,0,0,0,0,0
5732,EasternAfrica,910,Panama,591,0,0,0,0,0,0,0,0,0,0,0,0,0,0,0,0,0,0,0,0,0
5733,EasternAfrica,910,Argentina,32,0,0,0,0,0,0,0,0,0,0,0,0,0,0,0,0,0,0,0,0,0
5734,EasternAfrica,910,BoliviaPlurinationalStateof,68,0,0,0,0,0,0,0,0,0,0,0,0,0,0,0,0,0,0,0,0,0
5735,EasternAfrica,910,Brazil,76,0,0,0,0,0,0,0,0,0,0,0,0,0,0,0,0,0,0,0,0,0
5736,EasternAfrica,910,Chile,152,0,0,0,0,0,0,0,0,0,0,0,0,0,0,0,0,0,0,0,0,0
5737,EasternAfrica,910,Colombia,170,0,0,0,0,0,0,0,0,0,0,0,0,0,0,0,0,0,0,0,0,0
5738,EasternAfrica,910,Ecuador,218,0,0,0,0,0,0,0,0,0,0,0,0,0,0,0,0,0,0,0,0,0
5739,EasternAfrica,910,FalklandIslandsMalvinas,238,0,0,0,0,0,0,0,0,0,0,0,0,0,0,0,0,0,0,0,0,0
5740,EasternAfrica,910,FrenchGuiana,254,0,0,0,0,0,0,0,0,0,0,0,0,0,0,0,0,0,0,0,0,0
5741,EasternAfrica,910,Guyana,328,0,0,0,0,0,0,0,0,0,0,0,0,0,0,0,0,0,0,0,0,0
5742,EasternAfrica,910,Paraguay,600,0,0,0,0,0,0,0,0,0,0,0,0,0,0,0,0,0,0,0,0,0
5743,EasternAfrica,910,Peru,604,0,0,0,0,0,0,0,0,0,0,0,0,0,0,0,0,0,0,0,0,0
5744,EasternAfrica,910,Suriname,740,0,0,0,0,0,0,0,0,0,0,0,0,0,0,0,0,0,0,0,0,0
5745,EasternAfrica,910,Uruguay,858,0,0,0,0,0,0,0,0,0,0,0,0,0,0,0,0,0,0,0,0,0
5746,EasternAfrica,910,VenezuelaBolivarianRepublicof,862,0,0,0,0,0,0,0,0,0,0,0,0,0,0,0,0,0,0,0,0,0
5747,EasternAfrica,910,Bermuda,60,0,0,0,0,0,0,0,0,0,0,0,0,0,0,0,0,0,0,0,0,0
5748,EasternAfrica,910,Canada,124,545,541,681,719,751,745,763,298,304,371,399,414,415,422,247,237,310,320,337,330,341
5749,EasternAfrica,910,Greenland,304,0,0,0,0,0,0,0,0,0,0,0,0,0,0,0,0,0,0,0,0,0
5750,EasternAfrica,910,SaintPierreandMiquelon,666,0,0,0,0,0,0,0,0,0,0,0,0,0,0,0,0,0,0,0,0,0
5751,EasternAfrica,910,UnitedStatesofAmerica,840,1789,1976,2463,2756,3084,3035,3172,952,1057,1330,1483,1657,1554,1639,837,919,1133,1273,1427,1481,1533
5752,EasternAfrica,910,Australia,36,148,140,134,196,310,283,373,69,70,72,99,159,146,197,79,70,62,97,151,137,176
5753,EasternAfrica,910,NewZealand,554,0,0,0,0,0,0,0,0,0,0,0,0,0,0,0,0,0,0,0,0,0
5754,EasternAfrica,910,Fiji,242,0,0,0,0,0,0,0,0,0,0,0,0,0,0,0,0,0,0,0,0,0
5755,EasternAfrica,910,NewCaledonia,540,0,0,0,0,0,0,0,0,0,0,0,0,0,0,0,0,0,0,0,0,0
5756,EasternAfrica,910,PapuaNewGuinea,598,0,0,0,0,0,0,0,0,0,0,0,0,0,0,0,0,0,0,0,0,0
5757,EasternAfrica,910,SolomonIslands,90,0,0,0,0,0,0,0,0,0,0,0,0,0,0,0,0,0,0,0,0,0
5758,EasternAfrica,910,Vanuatu,548,0,0,0,0,0,0,0,0,0,0,0,0,0,0,0,0,0,0,0,0,0
5759,EasternAfrica,910,Guam,316,0,0,0,0,0,0,0,0,0,0,0,0,0,0,0,0,0,0,0,0,0
5760,EasternAfrica,910,Kiribati,296,0,0,0,0,0,0,0,0,0,0,0,0,0,0,0,0,0,0,0,0,0
5761,EasternAfrica,910,MarshallIslands,584,0,0,0,0,0,0,0,0,0,0,0,0,0,0,0,0,0,0,0,0,0
5762,EasternAfrica,910,MicronesiaFedStatesof,583,0,0,0,0,0,0,0,0,0,0,0,0,0,0,0,0,0,0,0,0,0
5763,EasternAfrica,910,Nauru,520,0,0,0,0,0,0,0,0,0,0,0,0,0,0,0,0,0,0,0,0,0
5764,EasternAfrica,910,NorthernMarianaIslands,580,0,0,0,0,0,0,0,0,0,0,0,0,0,0,0,0,0,0,0,0,0
5765,EasternAfrica,910,Palau,585,0,0,0,0,0,0,0,0,0,0,0,0,0,0,0,0,0,0,0,0,0
5766,EasternAfrica,910,AmericanSamoa,16,0,0,0,0,0,0,0,0,0,0,0,0,0,0,0,0,0,0,0,0,0
5767,EasternAfrica,910,CookIslands,184,0,0,0,0,0,0,0,0,0,0,0,0,0,0,0,0,0,0,0,0,0
5768,EasternAfrica,910,FrenchPolynesia,258,0,0,0,0,0,0,0,0,0,0,0,0,0,0,0,0,0,0,0,0,0
5769,EasternAfrica,910,Niue,570,0,0,0,0,0,0,0,0,0,0,0,0,0,0,0,0,0,0,0,0,0
5770,EasternAfrica,910,Samoa,882,0,0,0,0,0,0,0,0,0,0,0,0,0,0,0,0,0,0,0,0,0
5771,EasternAfrica,910,Tokelau,772,0,0,0,0,0,0,0,0,0,0,0,0,0,0,0,0,0,0,0,0,0
5772,EasternAfrica,910,Tonga,776,0,0,0,0,0,0,0,0,0,0,0,0,0,0,0,0,0,0,0,0,0
5773,EasternAfrica,910,Tuvalu,798,0,0,0,0,0,0,0,0,0,0,0,0,0,0,0,0,0,0,0,0,0
5774,EasternAfrica,910,WallisandFutunaIslands,876,0,0,0,0,0,0,0,0,0,0,0,0,0,0,0,0,0,0,0,0,0
5775,MiddleAfrica,911,MiddleAfrica,911,798740,692305,865771,894777,1049226,1425332,1570589,390605,343863,426520,447439,524382,733385,810637,408135,348442,439251,447338,524844,691947,759952
5776,MiddleAfrica,911,WesternAsia,922,1156,1482,1916,1820,2558,3506,3722,768,980,1258,1256,1734,2463,2628,388,502,658,564,824,1043,1094
5777,MiddleAfrica,911,EasternEurope,923,953,1106,1487,976,2097,2712,2701,385,427,544,490,902,1092,1080,568,679,943,486,1195,1620,1621
5778,MiddleAfrica,911,CentralAmerica,916,0,0,0,0,0,0,0,0,0,0,0,0,0,0,0,0,0,0,0,0,0
5779,MiddleAfrica,911,Melanesia,928,0,0,0,0,0,0,0,0,0,0,0,0,0,0,0,0,0,0,0,0,0
5780,MiddleAfrica,911,Micronesia,954,0,0,0,0,0,0,0,0,0,0,0,0,0,0,0,0,0,0,0,0,0
5781,MiddleAfrica,911,Polynesia,957,0,0,0,0,0,0,0,0,0,0,0,0,0,0,0,0,0,0,0,0,0
5782,MiddleAfrica,911,Burundi,108,20255,128527,36779,36068,37735,38530,59311,9756,63783,18048,17700,16340,16117,26009,10499,64744,18731,18368,21395,22413,33302
5783,MiddleAfrica,911,Comoros,174,0,0,0,0,0,0,0,0,0,0,0,0,0,0,0,0,0,0,0,0,0
5784,MiddleAfrica,911,Djibouti,262,0,0,0,0,0,0,0,0,0,0,0,0,0,0,0,0,0,0,0,0,0
5785,MiddleAfrica,911,Eritrea,232,0,0,0,0,0,0,0,0,0,0,0,0,0,0,0,0,0,0,0,0,0
5786,MiddleAfrica,911,Ethiopia,231,0,0,0,0,0,0,0,0,0,0,0,0,0,0,0,0,0,0,0,0,0
5787,MiddleAfrica,911,Kenya,404,0,0,0,0,0,0,0,0,0,0,0,0,0,0,0,0,0,0,0,0,0
5788,MiddleAfrica,911,Madagascar,450,0,0,0,0,0,0,0,0,0,0,0,0,0,0,0,0,0,0,0,0,0
5789,MiddleAfrica,911,Malawi,454,0,0,0,0,0,0,0,0,0,0,0,0,0,0,0,0,0,0,0,0,0
5790,MiddleAfrica,911,Mauritius,480,0,0,0,0,0,0,0,0,0,0,0,0,0,0,0,0,0,0,0,0,0
5791,MiddleAfrica,911,Mayotte,175,0,0,0,0,0,0,0,0,0,0,0,0,0,0,0,0,0,0,0,0,0
5792,MiddleAfrica,911,Mozambique,508,340,341,341,336,336,351,350,269,257,244,224,210,207,208,71,84,97,112,126,144,142
5793,MiddleAfrica,911,Reunion,638,0,0,0,0,0,0,0,0,0,0,0,0,0,0,0,0,0,0,0,0,0
5794,MiddleAfrica,911,Rwanda,646,23083,1138496,98707,90626,143787,301632,277757,11113,565090,48831,45575,71120,151781,140040,11970,573406,49876,45051,72667,149851,137717
5795,MiddleAfrica,911,Seychelles,690,0,0,0,0,0,0,0,0,0,0,0,0,0,0,0,0,0,0,0,0,0
5796,MiddleAfrica,911,Somalia,706,0,0,0,0,0,0,0,0,0,0,0,0,0,0,0,0,0,0,0,0,0
5797,MiddleAfrica,911,SouthSudan,728,113409,137306,118742,57568,4465,8596,93207,54593,68135,58238,28235,2205,2317,43057,58816,69171,60504,29333,2260,6279,50150
5798,MiddleAfrica,911,Uganda,800,18418,19780,24177,30118,33,6115,5950,8866,9780,11858,14772,17,1114,1003,9552,10000,12319,15346,16,5001,4947
5799,MiddleAfrica,911,UnitedRepublicofTanzania,834,0,0,0,0,0,0,0,0,0,0,0,0,0,0,0,0,0,0,0,0,0
5800,MiddleAfrica,911,Zambia,894,119,139,158,209,254,290,307,50,55,60,76,90,100,116,69,84,98,133,164,190,191
5801,MiddleAfrica,911,Zimbabwe,716,0,0,0,0,0,0,0,0,0,0,0,0,0,0,0,0,0,0,0,0,0
5802,MiddleAfrica,911,Angola,24,479606,295685,358059,281403,293785,227116,222403,230817,146363,175061,135244,143819,116300,112337,248789,149322,182998,146159,149966,110816,110066
5803,MiddleAfrica,911,Cameroon,120,50319,58888,68499,57761,72027,89069,98723,26665,30983,35990,28482,35966,48075,52803,23654,27905,32509,29279,36061,40994,45920
5804,MiddleAfrica,911,CentralAfricanRepublic,140,18683,20609,25708,92750,205458,645000,760417,9990,10436,12397,41946,99814,327333,381233,8693,10173,13311,50804,105644,317667,379184
5805,MiddleAfrica,911,Chad,148,110186,107670,105008,88659,72198,58722,55386,55557,54537,53513,48124,39965,33269,31627,54629,53133,51495,40535,32233,25453,23759
5806,MiddleAfrica,911,Congo,178,9817,13913,19292,23134,16132,26132,28116,4737,6708,9268,11111,7788,11550,12582,5080,7205,10024,12023,8344,14582,15534
5807,MiddleAfrica,911,DemocraticRepublicoftheCongo,180,95519,150070,232488,285097,312664,275765,291974,45746,72473,112289,149615,158047,138832,156282,49773,77597,120199,135482,154617,136933,135692
5808,MiddleAfrica,911,EquatorialGuinea,226,27682,36812,46038,53096,60858,84519,93021,13609,18077,22766,26503,31032,48294,53074,14073,18735,23272,26593,29826,36225,39947
5809,MiddleAfrica,911,Gabon,266,1338,1746,2458,2797,3980,5058,5287,668,886,1242,1542,2088,2504,2601,670,860,1216,1255,1892,2554,2686
5810,MiddleAfrica,911,SaoTomeandPrincipe,678,5590,6912,8221,10080,12124,13951,15262,2816,3400,3994,4872,5863,7228,8098,2774,3512,4227,5208,6261,6723,7164
5811,MiddleAfrica,911,Algeria,12,34,45,57,62,72,100,108,20,26,35,38,44,65,72,14,19,22,24,28,35,36
5812,MiddleAfrica,911,Egypt,818,67,65,58,45,45,38,39,46,38,27,20,20,17,17,21,27,31,25,25,21,22
5813,MiddleAfrica,911,Libya,434,1096,1191,1286,891,1055,1297,1504,592,642,693,404,472,597,685,504,549,593,487,583,700,819
5814,MiddleAfrica,911,Morocco,504,221,295,369,402,467,653,717,109,145,182,200,238,377,415,112,150,187,202,229,276,302
5815,MiddleAfrica,911,Sudan,729,47518,61357,74843,287313,318391,346050,398659,24275,32163,39506,132931,144824,157458,179125,23243,29194,35337,154382,173567,188592,219534
5816,MiddleAfrica,911,Tunisia,788,69,93,116,126,146,204,223,38,52,65,71,83,128,141,31,41,51,55,63,76,82
5817,MiddleAfrica,911,WesternSahara,732,0,0,0,0,0,0,0,0,0,0,0,0,0,0,0,0,0,0,0,0,0
5818,MiddleAfrica,911,Botswana,72,0,0,0,0,0,0,0,0,0,0,0,0,0,0,0,0,0,0,0,0,0
5819,MiddleAfrica,911,Eswatini,748,0,0,0,0,0,0,0,0,0,0,0,0,0,0,0,0,0,0,0,0,0
5820,MiddleAfrica,911,Lesotho,426,0,0,0,0,0,0,0,0,0,0,0,0,0,0,0,0,0,0,0,0,0
5821,MiddleAfrica,911,Namibia,516,345,401,457,601,732,839,890,182,203,225,287,345,392,437,163,198,232,314,387,447,453
5822,MiddleAfrica,911,SouthAfrica,710,2522,2921,3313,4311,5231,5981,6359,1339,1499,1655,2084,2480,2804,3127,1183,1422,1658,2227,2751,3177,3232
5823,MiddleAfrica,911,Benin,204,20498,26834,34548,39002,47454,65276,70349,10226,13400,17330,20241,25151,37325,40228,10272,13434,17218,18761,22303,27951,30121
5824,MiddleAfrica,911,BurkinaFaso,854,2161,2891,3616,3940,4567,6386,7024,1299,1738,2183,2394,2809,4271,4696,862,1153,1433,1546,1758,2115,2328
5825,MiddleAfrica,911,CaboVerde,132,7819,7490,7212,8165,9096,10025,10435,4175,3801,3593,3994,4389,4793,5196,3644,3689,3619,4171,4707,5232,5239
5826,MiddleAfrica,911,CotedIvoire,384,1054,1409,1762,1934,3640,9547,16052,672,897,1127,1242,2218,5672,9912,382,512,635,692,1422,3875,6140
5827,MiddleAfrica,911,Gambia,270,0,0,0,0,0,0,0,0,0,0,0,0,0,0,0,0,0,0,0,0,0
5828,MiddleAfrica,911,Ghana,288,1968,2631,3291,3586,4156,5811,6392,1678,2242,2809,3065,3564,5099,5609,290,389,482,521,592,712,783
5829,MiddleAfrica,911,Guinea,324,1670,2210,2747,7638,7193,18375,28472,1199,1587,1980,4400,4399,9363,17057,471,623,767,3238,2794,9012,11415
5830,MiddleAfrica,911,GuineaBissau,624,0,0,0,0,0,0,0,0,0,0,0,0,0,0,0,0,0,0,0,0,0
5831,MiddleAfrica,911,Liberia,430,0,0,0,4281,3407,4255,4956,0,0,0,2045,1707,1843,2150,0,0,0,2236,1700,2412,2806
5832,MiddleAfrica,911,Mali,466,22084,32722,45837,50406,68470,92805,99003,13561,20639,29306,33776,45812,63716,67950,8523,12083,16531,16630,22658,29089,31053
5833,MiddleAfrica,911,Mauritania,478,965,1115,1564,994,2369,3149,3127,739,841,1169,802,1847,2426,2406,226,274,395,192,522,723,721
5834,MiddleAfrica,911,Niger,562,2614,2840,3066,12688,10922,13595,15822,1411,1531,1651,7887,6767,8001,9296,1203,1309,1415,4801,4155,5594,6526
5835,MiddleAfrica,911,Nigeria,566,127445,123930,120398,117443,101056,160346,207094,74009,72176,70356,67988,62194,79209,100914,53436,51754,50042,49455,38862,81137,106180
5836,MiddleAfrica,911,SaintHelena,654,0,0,0,0,0,0,0,0,0,0,0,0,0,0,0,0,0,0,0,0,0
5837,MiddleAfrica,911,Senegal,686,12899,17048,22367,29588,32430,44279,47503,10089,13336,17473,21559,25801,35793,38438,2810,3712,4894,8029,6629,8486,9065
5838,MiddleAfrica,911,SierraLeone,694,0,0,0,0,0,0,0,0,0,0,0,0,0,0,0,0,0,0,0,0,0
5839,MiddleAfrica,911,Togo,768,7868,10389,13129,13752,16880,23469,25556,3867,5085,6441,6963,8609,13350,14546,4001,5304,6688,6789,8271,10119,11010
5840,MiddleAfrica,911,Kazakhstan,398,0,0,0,0,0,0,0,0,0,0,0,0,0,0,0,0,0,0,0,0,0
5841,MiddleAfrica,911,Kyrgyzstan,417,0,0,0,0,0,0,0,0,0,0,0,0,0,0,0,0,0,0,0,0,0
5842,MiddleAfrica,911,Tajikistan,762,0,0,0,0,0,0,0,0,0,0,0,0,0,0,0,0,0,0,0,0,0
5843,MiddleAfrica,911,Turkmenistan,795,0,0,0,0,0,0,0,0,0,0,0,0,0,0,0,0,0,0,0,0,0
5844,MiddleAfrica,911,Uzbekistan,860,0,0,0,0,0,0,0,0,0,0,0,0,0,0,0,0,0,0,0,0,0
5845,MiddleAfrica,911,China,156,390,470,638,487,921,1240,1261,336,401,547,413,806,1092,1108,54,69,91,74,115,148,153
5846,MiddleAfrica,911,China,156,344,0,0,0,0,0,0,0,0,0,0,0,0,0,0,0,0,0,0,0,0
5847,MiddleAfrica,911,China,156,446,0,0,0,0,0,0,0,0,0,0,0,0,0,0,0,0,0,0,0,0
5848,MiddleAfrica,911,China,156,158,0,0,0,0,0,0,0,0,0,0,0,0,0,0,0,0,0,0,0,0
5849,MiddleAfrica,911,DemPeoplesRepublicofKorea,408,50,67,83,90,105,146,158,30,41,50,54,64,96,106,20,26,33,36,41,50,52
5850,MiddleAfrica,911,Japan,392,10,13,16,18,21,29,29,5,7,9,10,12,18,19,5,6,7,8,9,11,10
5851,MiddleAfrica,911,Mongolia,496,0,0,0,0,0,0,0,0,0,0,0,0,0,0,0,0,0,0,0,0,0
5852,MiddleAfrica,911,RepublicofKorea,410,60,80,100,110,127,177,193,37,50,62,70,80,120,131,23,30,38,40,47,57,62
5853,MiddleAfrica,911,BruneiDarussalam,96,0,0,0,0,0,0,0,0,0,0,0,0,0,0,0,0,0,0,0,0,0
5854,MiddleAfrica,911,Cambodia,116,0,0,0,0,0,0,0,0,0,0,0,0,0,0,0,0,0,0,0,0,0
5855,MiddleAfrica,911,Indonesia,360,0,0,0,0,0,0,0,0,0,0,0,0,0,0,0,0,0,0,0,0,0
5856,MiddleAfrica,911,LaoPeoplesDemocraticRepublic,418,0,0,0,0,0,0,0,0,0,0,0,0,0,0,0,0,0,0,0,0,0
5857,MiddleAfrica,911,Malaysia,458,0,0,0,0,0,0,0,0,0,0,0,0,0,0,0,0,0,0,0,0,0
5858,MiddleAfrica,911,Myanmar,104,0,0,0,0,0,0,0,0,0,0,0,0,0,0,0,0,0,0,0,0,0
5859,MiddleAfrica,911,Philippines,608,0,0,0,0,0,0,0,0,0,0,0,0,0,0,0,0,0,0,0,0,0
5860,MiddleAfrica,911,Singapore,702,0,0,0,0,0,0,0,0,0,0,0,0,0,0,0,0,0,0,0,0,0
5861,MiddleAfrica,911,Thailand,764,0,0,0,0,0,0,0,0,0,0,0,0,0,0,0,0,0,0,0,0,0
5862,MiddleAfrica,911,TimorLeste,626,0,0,0,0,0,0,0,0,0,0,0,0,0,0,0,0,0,0,0,0,0
5863,MiddleAfrica,911,VietNam,704,0,0,0,0,0,0,0,0,0,0,0,0,0,0,0,0,0,0,0,0,0
5864,MiddleAfrica,911,Afghanistan,4,0,0,0,0,0,0,0,0,0,0,0,0,0,0,0,0,0,0,0,0,0
5865,MiddleAfrica,911,Bangladesh,50,0,0,0,0,0,0,0,0,0,0,0,0,0,0,0,0,0,0,0,0,0
5866,MiddleAfrica,911,Bhutan,64,0,0,0,0,0,0,0,0,0,0,0,0,0,0,0,0,0,0,0,0,0
5867,MiddleAfrica,911,India,356,0,0,0,0,0,0,0,0,0,0,0,0,0,0,0,0,0,0,0,0,0
5868,MiddleAfrica,911,IranIslamicRepublicof,364,0,0,0,0,0,0,0,0,0,0,0,0,0,0,0,0,0,0,0,0,0
5869,MiddleAfrica,911,Maldives,462,0,0,0,0,0,0,0,0,0,0,0,0,0,0,0,0,0,0,0,0,0
5870,MiddleAfrica,911,Nepal,524,0,0,0,0,0,0,0,0,0,0,0,0,0,0,0,0,0,0,0,0,0
5871,MiddleAfrica,911,Pakistan,586,0,0,0,0,0,0,0,0,0,0,0,0,0,0,0,0,0,0,0,0,0
5872,MiddleAfrica,911,SriLanka,144,0,0,0,0,0,0,0,0,0,0,0,0,0,0,0,0,0,0,0,0,0
5873,MiddleAfrica,911,Armenia,51,0,0,0,0,0,0,0,0,0,0,0,0,0,0,0,0,0,0,0,0,0
5874,MiddleAfrica,911,Azerbaijan,31,0,0,0,0,0,0,0,0,0,0,0,0,0,0,0,0,0,0,0,0,0
5875,MiddleAfrica,911,Bahrain,48,0,0,0,0,0,0,0,0,0,0,0,0,0,0,0,0,0,0,0,0,0
5876,MiddleAfrica,911,Cyprus,196,5,8,11,9,9,7,6,3,4,5,3,3,3,3,2,4,6,6,6,4,3
5877,MiddleAfrica,911,Georgia,268,0,0,0,0,0,0,0,0,0,0,0,0,0,0,0,0,0,0,0,0,0
5878,MiddleAfrica,911,Iraq,368,0,0,0,0,0,0,0,0,0,0,0,0,0,0,0,0,0,0,0,0,0
5879,MiddleAfrica,911,Israel,376,5,6,7,8,11,15,14,3,4,4,5,7,11,11,2,2,3,3,4,4,3
5880,MiddleAfrica,911,Jordan,400,0,0,0,0,0,0,0,0,0,0,0,0,0,0,0,0,0,0,0,0,0
5881,MiddleAfrica,911,Kuwait,414,0,0,0,0,0,0,0,0,0,0,0,0,0,0,0,0,0,0,0,0,0
5882,MiddleAfrica,911,Lebanon,422,1131,1448,1873,1778,2511,3451,3669,756,964,1239,1237,1712,2431,2594,375,484,634,541,799,1020,1075
5883,MiddleAfrica,911,Oman,512,0,0,0,0,0,0,0,0,0,0,0,0,0,0,0,0,0,0,0,0,0
5884,MiddleAfrica,911,Qatar,634,0,0,0,0,0,0,0,0,0,0,0,0,0,0,0,0,0,0,0,0,0
5885,MiddleAfrica,911,SaudiArabia,682,0,0,0,0,0,0,0,0,0,0,0,0,0,0,0,0,0,0,0,0,0
5886,MiddleAfrica,911,StateofPalestine,275,0,0,0,0,0,0,0,0,0,0,0,0,0,0,0,0,0,0,0,0,0
5887,MiddleAfrica,911,SyrianArabRepublic,760,9,12,15,16,18,26,27,5,7,8,9,10,16,18,4,5,7,7,8,10,9
5888,MiddleAfrica,911,Turkey,792,6,8,10,9,9,7,6,1,1,2,2,2,2,2,5,7,8,7,7,5,4
5889,MiddleAfrica,911,UnitedArabEmirates,784,0,0,0,0,0,0,0,0,0,0,0,0,0,0,0,0,0,0,0,0,0
5890,MiddleAfrica,911,Yemen,887,0,0,0,0,0,0,0,0,0,0,0,0,0,0,0,0,0,0,0,0,0
5891,MiddleAfrica,911,Belarus,112,0,0,0,0,0,0,0,0,0,0,0,0,0,0,0,0,0,0,0,0,0
5892,MiddleAfrica,911,Bulgaria,100,0,0,0,0,0,0,0,0,0,0,0,0,0,0,0,0,0,0,0,0,0
5893,MiddleAfrica,911,Czechia,203,0,0,0,0,0,0,0,0,0,0,0,0,0,0,0,0,0,0,0,0,0
5894,MiddleAfrica,911,Hungary,348,0,0,0,0,0,0,0,0,0,0,0,0,0,0,0,0,0,0,0,0,0
5895,MiddleAfrica,911,Poland,616,0,0,0,0,0,0,0,0,0,0,0,0,0,0,0,0,0,0,0,0,0
5896,MiddleAfrica,911,RepublicofMoldova,498,0,0,0,0,0,0,0,0,0,0,0,0,0,0,0,0,0,0,0,0,0
5897,MiddleAfrica,911,Romania,642,0,0,0,0,0,0,0,0,0,0,0,0,0,0,0,0,0,0,0,0,0
5898,MiddleAfrica,911,RussianFederation,643,953,1106,1487,976,2097,2712,2701,385,427,544,490,902,1092,1080,568,679,943,486,1195,1620,1621
5899,MiddleAfrica,911,Slovakia,703,0,0,0,0,0,0,0,0,0,0,0,0,0,0,0,0,0,0,0,0,0
5900,MiddleAfrica,911,Ukraine,804,0,0,0,0,0,0,0,0,0,0,0,0,0,0,0,0,0,0,0,0,0
5901,MiddleAfrica,911,ChannelIslands,830,0,0,0,0,0,0,0,0,0,0,0,0,0,0,0,0,0,0,0,0,0
5902,MiddleAfrica,911,Denmark,208,1,2,3,3,3,2,1,1,1,1,0,0,0,0,0,1,2,3,3,2,1
5903,MiddleAfrica,911,Estonia,233,0,0,0,0,0,0,0,0,0,0,0,0,0,0,0,0,0,0,0,0,0
5904,MiddleAfrica,911,FaroeIslands,234,0,0,0,0,0,0,0,0,0,0,0,0,0,0,0,0,0,0,0,0,0
5905,MiddleAfrica,911,Finland,246,0,0,0,0,0,0,0,0,0,0,0,0,0,0,0,0,0,0,0,0,0
5906,MiddleAfrica,911,Iceland,352,0,0,0,0,0,0,0,0,0,0,0,0,0,0,0,0,0,0,0,0,0
5907,MiddleAfrica,911,Ireland,372,1,9,16,13,13,10,10,0,4,7,5,5,4,5,1,5,9,8,8,6,5
5908,MiddleAfrica,911,IsleofMan,833,0,0,0,0,0,0,0,0,0,0,0,0,0,0,0,0,0,0,0,0,0
5909,MiddleAfrica,911,Latvia,428,0,0,0,0,0,0,0,0,0,0,0,0,0,0,0,0,0,0,0,0,0
5910,MiddleAfrica,911,Lithuania,440,0,0,0,0,0,0,0,0,0,0,0,0,0,0,0,0,0,0,0,0,0
5911,MiddleAfrica,911,Norway,578,0,0,0,0,0,0,0,0,0,0,0,0,0,0,0,0,0,0,0,0,0
5912,MiddleAfrica,911,Sweden,752,10,15,18,15,15,12,12,5,8,9,7,7,6,7,5,7,9,8,8,6,5
5913,MiddleAfrica,911,UnitedKingdom,826,0,0,0,256,204,255,295,0,0,0,149,123,139,162,0,0,0,107,81,116,133
5914,MiddleAfrica,911,Albania,8,0,0,0,0,0,0,0,0,0,0,0,0,0,0,0,0,0,0,0,0,0
5915,MiddleAfrica,911,Andorra,20,0,0,0,0,0,0,0,0,0,0,0,0,0,0,0,0,0,0,0,0,0
5916,MiddleAfrica,911,BosniaandHerzegovina,70,0,0,0,0,0,0,0,0,0,0,0,0,0,0,0,0,0,0,0,0,0
5917,MiddleAfrica,911,Croatia,191,0,0,0,0,0,0,0,0,0,0,0,0,0,0,0,0,0,0,0,0,0
5918,MiddleAfrica,911,Gibraltar,292,0,0,0,0,0,0,0,0,0,0,0,0,0,0,0,0,0,0,0,0,0
5919,MiddleAfrica,911,Greece,300,0,0,0,193,153,191,220,0,0,0,128,104,121,140,0,0,0,65,49,70,80
5920,MiddleAfrica,911,HolySee,336,0,0,0,0,0,0,0,0,0,0,0,0,0,0,0,0,0,0,0,0,0
5921,MiddleAfrica,911,Italy,380,7,56,101,590,484,574,660,2,32,60,339,286,312,360,5,24,41,251,198,262,300
5922,MiddleAfrica,911,Malta,470,0,0,0,0,0,0,0,0,0,0,0,0,0,0,0,0,0,0,0,0,0
5923,MiddleAfrica,911,Montenegro,499,0,0,0,0,0,0,0,0,0,0,0,0,0,0,0,0,0,0,0,0,0
5924,MiddleAfrica,911,NorthMacedonia,807,0,0,0,0,0,0,0,0,0,0,0,0,0,0,0,0,0,0,0,0,0
5925,MiddleAfrica,911,Portugal,620,5946,6879,7948,7398,7602,7426,6827,3742,4227,4784,3768,3905,3830,3495,2204,2652,3164,3630,3697,3596,3332
5926,MiddleAfrica,911,SanMarino,674,0,0,0,0,0,0,0,0,0,0,0,0,0,0,0,0,0,0,0,0,0
5927,MiddleAfrica,911,Serbia,688,0,0,0,0,0,0,0,0,0,0,0,0,0,0,0,0,0,0,0,0,0
5928,MiddleAfrica,911,Slovenia,705,15,42,66,52,50,43,44,8,23,37,29,27,24,24,7,19,29,23,23,19,20
5929,MiddleAfrica,911,Spain,724,324,429,534,779,1023,1279,1536,189,249,309,458,607,765,920,135,180,225,321,416,514,616
5930,MiddleAfrica,911,Austria,40,20,27,32,25,25,21,22,13,18,21,16,16,14,16,7,9,11,9,9,7,6
5931,MiddleAfrica,911,Belgium,56,154,206,258,282,327,457,501,84,112,142,157,185,285,314,70,94,116,125,142,172,187
5932,MiddleAfrica,911,France,250,37928,39254,41050,31777,37579,44802,48606,20084,20723,21626,17084,20315,24797,26769,17844,18531,19424,14693,17264,20005,21837
5933,MiddleAfrica,911,Germany,276,205,241,334,529,729,953,1000,96,107,144,279,370,457,480,109,134,190,250,359,496,520
5934,MiddleAfrica,911,Liechtenstein,438,0,0,0,0,0,0,0,0,0,0,0,0,0,0,0,0,0,0,0,0,0
5935,MiddleAfrica,911,Luxembourg,442,0,0,0,0,0,0,0,0,0,0,0,0,0,0,0,0,0,0,0,0,0
5936,MiddleAfrica,911,Monaco,492,0,0,0,0,0,0,0,0,0,0,0,0,0,0,0,0,0,0,0,0,0
5937,MiddleAfrica,911,Netherlands,528,19,36,50,199,166,192,218,10,19,26,116,98,106,122,9,17,24,83,68,86,96
5938,MiddleAfrica,911,Switzerland,756,150,193,220,172,169,145,153,68,90,104,81,79,68,72,82,103,116,91,90,77,81
5939,MiddleAfrica,911,Anguilla,660,0,0,0,0,0,0,0,0,0,0,0,0,0,0,0,0,0,0,0,0,0
5940,MiddleAfrica,911,AntiguaandBarbuda,28,0,0,0,0,0,0,0,0,0,0,0,0,0,0,0,0,0,0,0,0,0
5941,MiddleAfrica,911,Aruba,533,0,0,0,0,0,0,0,0,0,0,0,0,0,0,0,0,0,0,0,0,0
5942,MiddleAfrica,911,Bahamas,44,0,0,0,0,0,0,0,0,0,0,0,0,0,0,0,0,0,0,0,0,0
5943,MiddleAfrica,911,Barbados,52,0,0,0,0,0,0,0,0,0,0,0,0,0,0,0,0,0,0,0,0,0
5944,MiddleAfrica,911,Bonaire,16,535,0,0,0,0,0,0,0,0,0,0,0,0,0,0,0,0,0,0,0,0
5945,MiddleAfrica,911,BritishVirginIslands,92,0,0,0,0,0,0,0,0,0,0,0,0,0,0,0,0,0,0,0,0,0
5946,MiddleAfrica,911,CaymanIslands,136,0,0,0,0,0,0,0,0,0,0,0,0,0,0,0,0,0,0,0,0,0
5947,MiddleAfrica,911,Cuba,192,164,190,266,169,403,536,531,49,51,65,71,137,167,164,115,139,201,98,266,369,367
5948,MiddleAfrica,911,CuraÃao,531,0,0,0,0,0,0,0,0,0,0,0,0,0,0,0,0,0,0,0,0,0
5949,MiddleAfrica,911,Dominica,212,0,0,0,0,0,0,0,0,0,0,0,0,0,0,0,0,0,0,0,0,0
5950,MiddleAfrica,911,DominicanRepublic,214,0,0,0,0,0,0,0,0,0,0,0,0,0,0,0,0,0,0,0,0,0
5951,MiddleAfrica,911,Grenada,308,0,0,0,0,0,0,0,0,0,0,0,0,0,0,0,0,0,0,0,0,0
5952,MiddleAfrica,911,Guadeloupe,312,0,0,0,0,0,0,0,0,0,0,0,0,0,0,0,0,0,0,0,0,0
5953,MiddleAfrica,911,Haiti,332,0,0,0,0,0,0,0,0,0,0,0,0,0,0,0,0,0,0,0,0,0
5954,MiddleAfrica,911,Jamaica,388,0,0,0,0,0,0,0,0,0,0,0,0,0,0,0,0,0,0,0,0,0
5955,MiddleAfrica,911,Martinique,474,0,0,0,0,0,0,0,0,0,0,0,0,0,0,0,0,0,0,0,0,0
5956,MiddleAfrica,911,Montserrat,500,0,0,0,0,0,0,0,0,0,0,0,0,0,0,0,0,0,0,0,0,0
5957,MiddleAfrica,911,PuertoRico,630,0,0,0,0,0,0,0,0,0,0,0,0,0,0,0,0,0,0,0,0,0
5958,MiddleAfrica,911,SaintBarthelemy,652,0,0,0,0,0,0,0,0,0,0,0,0,0,0,0,0,0,0,0,0,0
5959,MiddleAfrica,911,SaintKittsandNevis,659,0,0,0,0,0,0,0,0,0,0,0,0,0,0,0,0,0,0,0,0,0
5960,MiddleAfrica,911,SaintLucia,662,0,0,0,0,0,0,0,0,0,0,0,0,0,0,0,0,0,0,0,0,0
5961,MiddleAfrica,911,SaintMartinFrenchpart,663,0,0,0,0,0,0,0,0,0,0,0,0,0,0,0,0,0,0,0,0,0
5962,MiddleAfrica,911,SaintVincentandtheGrenadines,670,0,0,0,0,0,0,0,0,0,0,0,0,0,0,0,0,0,0,0,0,0
5963,MiddleAfrica,911,SintMaartenDutchpart,534,0,0,0,0,0,0,0,0,0,0,0,0,0,0,0,0,0,0,0,0,0
5964,MiddleAfrica,911,TrinidadandTobago,780,0,0,0,0,0,0,0,0,0,0,0,0,0,0,0,0,0,0,0,0,0
5965,MiddleAfrica,911,TurksandCaicosIslands,796,0,0,0,0,0,0,0,0,0,0,0,0,0,0,0,0,0,0,0,0,0
5966,MiddleAfrica,911,UnitedStatesVirginIslands,850,0,0,0,0,0,0,0,0,0,0,0,0,0,0,0,0,0,0,0,0,0
5967,MiddleAfrica,911,Belize,84,0,0,0,0,0,0,0,0,0,0,0,0,0,0,0,0,0,0,0,0,0
5968,MiddleAfrica,911,CostaRica,188,0,0,0,0,0,0,0,0,0,0,0,0,0,0,0,0,0,0,0,0,0
5969,MiddleAfrica,911,ElSalvador,222,0,0,0,0,0,0,0,0,0,0,0,0,0,0,0,0,0,0,0,0,0
5970,MiddleAfrica,911,Guatemala,320,0,0,0,0,0,0,0,0,0,0,0,0,0,0,0,0,0,0,0,0,0
5971,MiddleAfrica,911,Honduras,340,0,0,0,0,0,0,0,0,0,0,0,0,0,0,0,0,0,0,0,0,0
5972,MiddleAfrica,911,Mexico,484,0,0,0,0,0,0,0,0,0,0,0,0,0,0,0,0,0,0,0,0,0
5973,MiddleAfrica,911,Nicaragua,558,0,0,0,0,0,0,0,0,0,0,0,0,0,0,0,0,0,0,0,0,0
5974,MiddleAfrica,911,Panama,591,0,0,0,0,0,0,0,0,0,0,0,0,0,0,0,0,0,0,0,0,0
5975,MiddleAfrica,911,Argentina,32,0,0,0,0,0,0,0,0,0,0,0,0,0,0,0,0,0,0,0,0,0
5976,MiddleAfrica,911,BoliviaPlurinationalStateof,68,0,0,0,0,0,0,0,0,0,0,0,0,0,0,0,0,0,0,0,0,0
5977,MiddleAfrica,911,Brazil,76,0,0,0,0,0,0,0,0,0,0,0,0,0,0,0,0,0,0,0,0,0
5978,MiddleAfrica,911,Chile,152,0,0,0,0,0,0,0,0,0,0,0,0,0,0,0,0,0,0,0,0,0
5979,MiddleAfrica,911,Colombia,170,0,0,0,0,0,0,0,0,0,0,0,0,0,0,0,0,0,0,0,0,0
5980,MiddleAfrica,911,Ecuador,218,0,0,0,0,0,0,0,0,0,0,0,0,0,0,0,0,0,0,0,0,0
5981,MiddleAfrica,911,FalklandIslandsMalvinas,238,0,0,0,0,0,0,0,0,0,0,0,0,0,0,0,0,0,0,0,0,0
5982,MiddleAfrica,911,FrenchGuiana,254,0,0,0,0,0,0,0,0,0,0,0,0,0,0,0,0,0,0,0,0,0
5983,MiddleAfrica,911,Guyana,328,0,0,0,0,0,0,0,0,0,0,0,0,0,0,0,0,0,0,0,0,0
5984,MiddleAfrica,911,Paraguay,600,0,0,0,0,0,0,0,0,0,0,0,0,0,0,0,0,0,0,0,0,0
5985,MiddleAfrica,911,Peru,604,0,0,0,0,0,0,0,0,0,0,0,0,0,0,0,0,0,0,0,0,0
5986,MiddleAfrica,911,Suriname,740,0,0,0,0,0,0,0,0,0,0,0,0,0,0,0,0,0,0,0,0,0
5987,MiddleAfrica,911,Uruguay,858,0,0,0,0,0,0,0,0,0,0,0,0,0,0,0,0,0,0,0,0,0
5988,MiddleAfrica,911,VenezuelaBolivarianRepublicof,862,0,0,0,0,0,0,0,0,0,0,0,0,0,0,0,0,0,0,0,0,0
5989,MiddleAfrica,911,Bermuda,60,0,0,0,0,0,0,0,0,0,0,0,0,0,0,0,0,0,0,0,0,0
5990,MiddleAfrica,911,Canada,124,109,278,432,563,549,630,693,58,146,225,292,291,342,376,51,132,207,271,258,288,317
5991,MiddleAfrica,911,Greenland,304,0,0,0,0,0,0,0,0,0,0,0,0,0,0,0,0,0,0,0,0,0
5992,MiddleAfrica,911,SaintPierreandMiquelon,666,0,0,0,0,0,0,0,0,0,0,0,0,0,0,0,0,0,0,0,0,0
5993,MiddleAfrica,911,UnitedStatesofAmerica,840,696,968,1197,1835,1776,2035,2245,533,746,920,1186,1176,1268,1386,163,222,277,649,600,767,859
5994,MiddleAfrica,911,Australia,36,9,13,16,13,13,10,10,9,9,8,6,6,5,6,0,4,8,7,7,5,4
5995,MiddleAfrica,911,NewZealand,554,0,0,0,0,0,0,0,0,0,0,0,0,0,0,0,0,0,0,0,0,0
5996,MiddleAfrica,911,Fiji,242,0,0,0,0,0,0,0,0,0,0,0,0,0,0,0,0,0,0,0,0,0
5997,MiddleAfrica,911,NewCaledonia,540,0,0,0,0,0,0,0,0,0,0,0,0,0,0,0,0,0,0,0,0,0
5998,MiddleAfrica,911,PapuaNewGuinea,598,0,0,0,0,0,0,0,0,0,0,0,0,0,0,0,0,0,0,0,0,0
5999,MiddleAfrica,911,SolomonIslands,90,0,0,0,0,0,0,0,0,0,0,0,0,0,0,0,0,0,0,0,0,0
6000,MiddleAfrica,911,Vanuatu,548,0,0,0,0,0,0,0,0,0,0,0,0,0,0,0,0,0,0,0,0,0
6001,MiddleAfrica,911,Guam,316,0,0,0,0,0,0,0,0,0,0,0,0,0,0,0,0,0,0,0,0,0
6002,MiddleAfrica,911,Kiribati,296,0,0,0,0,0,0,0,0,0,0,0,0,0,0,0,0,0,0,0,0,0
6003,MiddleAfrica,911,MarshallIslands,584,0,0,0,0,0,0,0,0,0,0,0,0,0,0,0,0,0,0,0,0,0
6004,MiddleAfrica,911,MicronesiaFedStatesof,583,0,0,0,0,0,0,0,0,0,0,0,0,0,0,0,0,0,0,0,0,0
6005,MiddleAfrica,911,Nauru,520,0,0,0,0,0,0,0,0,0,0,0,0,0,0,0,0,0,0,0,0,0
6006,MiddleAfrica,911,NorthernMarianaIslands,580,0,0,0,0,0,0,0,0,0,0,0,0,0,0,0,0,0,0,0,0,0
6007,MiddleAfrica,911,Palau,585,0,0,0,0,0,0,0,0,0,0,0,0,0,0,0,0,0,0,0,0,0
6008,MiddleAfrica,911,AmericanSamoa,16,0,0,0,0,0,0,0,0,0,0,0,0,0,0,0,0,0,0,0,0,0
6009,MiddleAfrica,911,CookIslands,184,0,0,0,0,0,0,0,0,0,0,0,0,0,0,0,0,0,0,0,0,0
6010,MiddleAfrica,911,FrenchPolynesia,258,0,0,0,0,0,0,0,0,0,0,0,0,0,0,0,0,0,0,0,0,0
6011,MiddleAfrica,911,Niue,570,0,0,0,0,0,0,0,0,0,0,0,0,0,0,0,0,0,0,0,0,0
6012,MiddleAfrica,911,Samoa,882,0,0,0,0,0,0,0,0,0,0,0,0,0,0,0,0,0,0,0,0,0
6013,MiddleAfrica,911,Tokelau,772,0,0,0,0,0,0,0,0,0,0,0,0,0,0,0,0,0,0,0,0,0
6014,MiddleAfrica,911,Tonga,776,0,0,0,0,0,0,0,0,0,0,0,0,0,0,0,0,0,0,0,0,0
6015,MiddleAfrica,911,Tuvalu,798,0,0,0,0,0,0,0,0,0,0,0,0,0,0,0,0,0,0,0,0,0
6016,MiddleAfrica,911,WallisandFutunaIslands,876,0,0,0,0,0,0,0,0,0,0,0,0,0,0,0,0,0,0,0,0,0
6017,WesternAsia,922,MiddleAfrica,911,12756,11742,9704,6363,7577,7977,10546,4634,5441,5940,3772,5121,5286,6796,8122,6301,3764,2591,2456,2691,3750
6018,WesternAsia,922,WesternAsia,922,4047886,4697608,5194390,6096477,7874073,12158238,13938039,2081204,2406198,2682221,3212672,4274781,6759782,7743124,1966682,2291410,2512169,2883805,3599292,5398456,6194915
6019,WesternAsia,922,EasternEurope,923,1497103,1368211,1256040,1178925,1123659,1137669,1334070,674194,613717,558774,517799,485364,443959,477932,822909,754494,697266,661126,638295,693710,856138
6020,WesternAsia,922,CentralAmerica,916,1501,1883,2169,2487,2839,2903,2901,704,881,1026,1189,1370,1397,1389,797,1002,1143,1298,1469,1506,1512
6021,WesternAsia,922,Melanesia,928,1,2,2,3,3,2,1,0,0,0,0,0,0,0,1,2,2,3,3,2,1
6022,WesternAsia,922,Micronesia,954,0,0,0,0,0,0,0,0,0,0,0,0,0,0,0,0,0,0,0,0,0
6023,WesternAsia,922,Polynesia,957,0,0,0,0,0,0,0,0,0,0,0,0,0,0,0,0,0,0,0,0,0
6024,WesternAsia,922,Burundi,108,1,2,2,3,3,2,1,1,2,2,3,3,2,1,0,0,0,0,0,0,0
6025,WesternAsia,922,Comoros,174,0,0,0,0,0,0,0,0,0,0,0,0,0,0,0,0,0,0,0,0,0
6026,WesternAsia,922,Djibouti,262,1,2,2,3,3,2,1,0,0,0,0,0,0,0,1,2,2,3,3,2,1
6027,WesternAsia,922,Eritrea,232,8640,12051,13981,14356,26687,28651,35197,5810,7986,9360,9766,18526,19438,24424,2830,4065,4621,4590,8161,9213,10773
6028,WesternAsia,922,Ethiopia,231,123669,120252,131110,157004,202278,244285,276596,74552,71859,77995,94933,124996,151665,174230,49117,48393,53115,62071,77282,92620,102366
6029,WesternAsia,922,Kenya,404,63,131,200,224,260,250,317,39,81,123,133,151,147,182,24,50,77,91,109,103,135
6030,WesternAsia,922,Madagascar,450,2,3,4,6,8,7,6,1,1,2,3,5,5,5,1,2,2,3,3,2,1
6031,WesternAsia,922,Malawi,454,2,3,4,6,8,7,6,1,1,2,3,5,5,5,1,2,2,3,3,2,1
6032,WesternAsia,922,Mauritius,480,3,4,5,7,10,9,8,2,2,3,4,7,7,7,1,2,2,3,3,2,1
6033,WesternAsia,922,Mayotte,175,0,0,0,0,0,0,0,0,0,0,0,0,0,0,0,0,0,0,0,0,0
6034,WesternAsia,922,Mozambique,508,3,4,5,7,10,9,8,1,1,1,1,2,2,2,2,3,4,6,8,7,6
6035,WesternAsia,922,Reunion,638,0,0,0,0,0,0,0,0,0,0,0,0,0,0,0,0,0,0,0,0,0
6036,WesternAsia,922,Rwanda,646,0,0,0,0,0,0,0,0,0,0,0,0,0,0,0,0,0,0,0,0,0
6037,WesternAsia,922,Seychelles,690,2,3,4,6,8,7,6,1,1,2,3,5,5,5,1,2,2,3,3,2,1
6038,WesternAsia,922,Somalia,706,42454,68035,77481,101477,212568,295828,301642,24807,39950,45225,62598,118619,158333,176115,17647,28085,32256,38879,93949,137495,125527
6039,WesternAsia,922,SouthSudan,728,5780,7115,8732,9401,18097,21094,23124,3796,4713,5793,6231,12373,13850,15180,1984,2402,2939,3170,5724,7244,7944
6040,WesternAsia,922,Uganda,800,5,7,9,13,20,18,18,4,5,7,10,17,16,17,1,2,2,3,3,2,1
6041,WesternAsia,922,UnitedRepublicofTanzania,834,89,180,273,313,373,356,445,66,140,216,237,269,261,337,23,40,57,76,104,95,108
6042,WesternAsia,922,Zambia,894,34,48,62,94,144,131,135,13,17,21,31,49,46,47,21,31,41,63,95,85,88
6043,WesternAsia,922,Zimbabwe,716,76,108,139,208,320,292,299,33,45,56,82,129,119,123,43,63,83,126,191,173,176
6044,WesternAsia,922,Angola,24,0,0,0,0,0,0,0,0,0,0,0,0,0,0,0,0,0,0,0,0,0
6045,WesternAsia,922,Cameroon,120,14,20,26,39,59,54,1885,8,11,14,21,31,30,1044,6,9,12,18,28,24,841
6046,WesternAsia,922,CentralAfricanRepublic,140,4,6,7,10,15,13,13,2,3,3,4,7,6,7,2,3,4,6,8,7,6
6047,WesternAsia,922,Chad,148,12561,11458,9332,5815,6745,7181,7871,4538,5304,5765,3521,4738,4909,5377,8023,6154,3567,2294,2007,2272,2494
6048,WesternAsia,922,Congo,178,0,0,0,0,0,0,0,0,0,0,0,0,0,0,0,0,0,0,0,0,0
6049,WesternAsia,922,DemocraticRepublicoftheCongo,180,177,258,339,499,758,729,777,86,123,158,226,345,341,368,91,135,181,273,413,388,409
6050,WesternAsia,922,EquatorialGuinea,226,0,0,0,0,0,0,0,0,0,0,0,0,0,0,0,0,0,0,0,0,0
6051,WesternAsia,922,Gabon,266,0,0,0,0,0,0,0,0,0,0,0,0,0,0,0,0,0,0,0,0,0
6052,WesternAsia,922,SaoTomeandPrincipe,678,0,0,0,0,0,0,0,0,0,0,0,0,0,0,0,0,0,0,0,0,0
6053,WesternAsia,922,Algeria,12,19931,26225,31110,37929,45636,46634,45640,9386,12196,14502,17694,21207,21480,21068,10545,14029,16608,20235,24429,25154,24572
6054,WesternAsia,922,Egypt,818,1013052,1132201,1294521,1329893,2041995,2518428,2892044,642524,741919,866579,897861,1419597,1669366,1919846,370528,390282,427942,432032,622398,849062,972198
6055,WesternAsia,922,Libya,434,20472,22842,24106,22392,22164,35857,40995,10032,11102,11761,10888,10781,19527,22702,10440,11740,12345,11504,11383,16330,18293
6056,WesternAsia,922,Morocco,504,163288,173772,175247,170048,172295,178009,174814,80484,84314,84795,82311,84215,86657,85345,82804,89458,90452,87737,88080,91352,89469
6057,WesternAsia,922,Sudan,729,277202,293217,317176,371971,527144,635525,761466,175935,189987,206878,247518,359194,425010,509276,101267,103230,110298,124453,167950,210515,252190
6058,WesternAsia,922,Tunisia,788,44314,43757,41299,35139,32529,34028,34397,21782,21358,20299,17556,17225,17910,18249,22532,22399,21000,17583,15304,16118,16148
6059,WesternAsia,922,WesternSahara,732,0,0,0,0,0,0,0,0,0,0,0,0,0,0,0,0,0,0,0,0,0
6060,WesternAsia,922,Botswana,72,2,3,4,6,8,7,6,1,1,2,3,5,5,5,1,2,2,3,3,2,1
6061,WesternAsia,922,Eswatini,748,18,44,71,74,76,75,103,7,16,25,25,25,24,29,11,28,46,49,51,51,74
6062,WesternAsia,922,Lesotho,426,0,0,0,0,0,0,0,0,0,0,0,0,0,0,0,0,0,0,0,0,0
6063,WesternAsia,922,Namibia,516,1,2,2,3,3,2,1,1,2,2,3,3,2,1,0,0,0,0,0,0,0
6064,WesternAsia,922,SouthAfrica,710,9849,11548,12712,14405,16978,16840,16778,4718,5413,5910,6613,7769,7688,7668,5131,6135,6802,7792,9209,9152,9110
6065,WesternAsia,922,Benin,204,2,3,4,6,8,7,6,2,3,4,6,8,7,6,0,0,0,0,0,0,0
6066,WesternAsia,922,BurkinaFaso,854,0,0,0,0,0,0,0,0,0,0,0,0,0,0,0,0,0,0,0,0,0
6067,WesternAsia,922,CaboVerde,132,0,0,0,0,0,0,0,0,0,0,0,0,0,0,0,0,0,0,0,0,0
6068,WesternAsia,922,CotedIvoire,384,0,0,0,0,0,0,0,0,0,0,0,0,0,0,0,0,0,0,0,0,0
6069,WesternAsia,922,Gambia,270,0,0,0,0,0,0,0,0,0,0,0,0,0,0,0,0,0,0,0,0,0
6070,WesternAsia,922,Ghana,288,99,152,206,221,282,243,303,70,115,160,169,208,182,233,29,37,46,52,74,61,70
6071,WesternAsia,922,Guinea,324,0,0,0,0,0,0,0,0,0,0,0,0,0,0,0,0,0,0,0,0,0
6072,WesternAsia,922,GuineaBissau,624,0,0,0,0,0,0,0,0,0,0,0,0,0,0,0,0,0,0,0,0,0
6073,WesternAsia,922,Liberia,430,0,0,0,0,0,0,0,0,0,0,0,0,0,0,0,0,0,0,0,0,0
6074,WesternAsia,922,Mali,466,0,0,0,0,0,0,0,0,0,0,0,0,0,0,0,0,0,0,0,0,0
6075,WesternAsia,922,Mauritania,478,244,269,255,263,335,254,270,190,193,165,191,253,194,203,54,76,90,72,82,60,67
6076,WesternAsia,922,Niger,562,2,3,4,6,8,7,6,1,1,2,3,5,5,5,1,2,2,3,3,2,1
6077,WesternAsia,922,Nigeria,566,3244,3537,4257,8406,18886,25365,27842,2093,2407,3000,5817,13358,17538,19143,1151,1130,1257,2589,5528,7827,8699
6078,WesternAsia,922,SaintHelena,654,0,0,0,0,0,0,0,0,0,0,0,0,0,0,0,0,0,0,0,0,0
6079,WesternAsia,922,Senegal,686,18,42,67,71,74,71,94,12,26,41,42,44,43,56,6,16,26,29,30,28,38
6080,WesternAsia,922,SierraLeone,694,1,2,2,3,3,2,1,1,2,2,3,3,2,1,0,0,0,0,0,0,0
6081,WesternAsia,922,Togo,768,0,0,0,0,0,0,0,0,0,0,0,0,0,0,0,0,0,0,0,0,0
6082,WesternAsia,922,Kazakhstan,398,34294,19498,20996,22493,24353,24867,26317,14728,8834,9269,9901,10821,10981,11278,19566,10664,11727,12592,13532,13886,15039
6083,WesternAsia,922,Kyrgyzstan,417,8354,5986,6626,6901,7119,7270,7850,3761,2831,3187,3249,3381,3472,3710,4593,3155,3439,3652,3738,3798,4140
6084,WesternAsia,922,Tajikistan,762,8196,7384,4451,3458,2500,2557,2598,3882,3582,2193,1685,1205,1228,1273,4314,3802,2258,1773,1295,1329,1325
6085,WesternAsia,922,Turkmenistan,795,5783,6336,6317,6460,6784,7048,7692,2493,3037,3195,3300,3529,3624,4060,3290,3299,3122,3160,3255,3424,3632
6086,WesternAsia,922,Uzbekistan,860,67591,66758,59456,54157,48913,48986,50695,31248,31459,27835,24947,22692,22728,23027,36343,35299,31621,29210,26221,26258,27668
6087,WesternAsia,922,China,156,2655,11236,19700,15969,24276,22423,27615,1297,2119,2947,4957,7476,7303,8658,1358,9117,16753,11012,16800,15120,18957
6088,WesternAsia,922,China,156,344,15,57,101,92,130,85,113,8,30,54,51,75,42,53,7,27,47,41,55,43
6089,WesternAsia,922,China,156,446,0,0,0,0,0,0,0,0,0,0,0,0,0,0,0,0,0,0,0,0
6090,WesternAsia,922,China,156,158,0,0,0,0,0,0,0,0,0,0,0,0,0,0,0,0,0,0,0,0
6091,WesternAsia,922,DemPeoplesRepublicofKorea,408,55,100,145,129,223,124,151,32,62,92,83,148,72,89,23,38,53,46,75,52,62
6092,WesternAsia,922,Japan,392,1136,1580,2029,2081,2272,2131,2934,609,773,938,939,1023,899,1115,527,807,1091,1142,1249,1232,1819
6093,WesternAsia,922,Mongolia,496,46,111,207,211,216,215,286,24,55,94,95,95,93,116,22,56,113,116,121,122,170
6094,WesternAsia,922,RepublicofKorea,410,222,408,596,586,695,583,799,106,188,271,267,322,238,296,116,220,325,319,373,345,503
6095,WesternAsia,922,BruneiDarussalam,96,12,23,32,26,51,22,25,5,4,2,8,13,1,1,7,19,30,18,38,21,24
6096,WesternAsia,922,Cambodia,116,0,0,0,0,0,0,0,0,0,0,0,0,0,0,0,0,0,0,0,0,0
6097,WesternAsia,922,Indonesia,360,839039,913746,984664,1114030,1535211,1905360,2309900,545534,582583,612406,682453,922738,1128801,1373530,293505,331163,372258,431577,612473,776559,936370
6098,WesternAsia,922,LaoPeoplesDemocraticRepublic,418,1,2,2,3,3,2,1,0,0,0,0,0,0,0,1,2,2,3,3,2,1
6099,WesternAsia,922,Malaysia,458,1058,835,612,545,845,522,687,561,443,326,320,494,268,343,497,392,286,225,351,254,344
6100,WesternAsia,922,Myanmar,104,89560,102003,104835,129488,167904,214470,267893,59575,68030,70070,89015,118170,148557,183869,29985,33973,34765,40473,49734,65913,84024
6101,WesternAsia,922,Philippines,608,405396,452234,514131,690482,1173743,1457705,1694868,217160,255642,297580,437536,804439,979878,1112922,188236,196592,216551,252946,369304,477827,581946
6102,WesternAsia,922,Singapore,702,56,128,200,214,231,225,300,21,45,68,69,70,66,75,35,83,132,145,161,159,225
6103,WesternAsia,922,Thailand,764,5895,7244,8982,9374,16640,19321,21128,3567,4544,5818,6103,11525,13107,14289,2328,2700,3164,3271,5115,6214,6839
6104,WesternAsia,922,TimorLeste,626,0,0,0,0,0,0,0,0,0,0,0,0,0,0,0,0,0,0,0,0,0
6105,WesternAsia,922,VietNam,704,729,40,67,74,123,103,113,416,11,22,18,36,28,31,313,29,45,56,87,75,82
6106,WesternAsia,922,Afghanistan,4,180765,187343,192198,235006,307858,496282,616560,118531,123214,127053,159642,213905,329352,402276,62234,64129,65145,75364,93953,166930,214284
6107,WesternAsia,922,Bangladesh,50,869693,978956,1115601,1440739,2372433,2887143,3462362,707733,788847,891020,1175336,1997950,2408668,2884352,161960,190109,224581,265403,374483,478475,578010
6108,WesternAsia,922,Bhutan,64,0,0,0,0,0,0,0,0,0,0,0,0,0,0,0,0,0,0,0,0,0
6109,WesternAsia,922,India,356,1974927,2313948,2765770,3740813,6477426,8281049,9597970,1412142,1667679,2003236,2782359,4969572,6331437,7327794,562785,646269,762534,958454,1507854,1949612,2270176
6110,WesternAsia,922,IranIslamicRepublicof,364,98737,121975,121648,93545,92900,116318,160589,52846,64633,59897,47105,47431,62428,82788,45891,57342,61751,46440,45469,53890,77801
6111,WesternAsia,922,Maldives,462,0,0,0,0,0,0,0,0,0,0,0,0,0,0,0,0,0,0,0,0,0
6112,WesternAsia,922,Nepal,524,181517,186312,192207,266249,393421,605060,813031,138630,142571,147261,206244,305278,472532,634557,42887,43741,44946,60005,88143,132528,178474
6113,WesternAsia,922,Pakistan,586,910769,1002415,1136020,1447264,2316365,2830403,3417094,646246,720287,822452,1071940,1772292,2139166,2580983,264523,282128,313568,375324,544073,691237,836111
6114,WesternAsia,922,SriLanka,144,320745,316332,320238,382101,555044,681301,911523,155874,167854,182750,235753,351420,432845,584963,164871,148478,137488,146348,203624,248456,326560
6115,WesternAsia,922,Armenia,51,207135,209572,201974,183296,169526,162793,156826,97017,91234,89144,88376,84758,83043,80026,110118,118338,112830,94920,84768,79750,76800
6116,WesternAsia,922,Azerbaijan,31,491137,592070,561612,411889,166238,114821,120843,208398,251446,238713,172388,70520,48996,51439,282739,340624,322899,239501,95718,65825,69404
6117,WesternAsia,922,Bahrain,48,9166,9793,10443,10603,12551,13240,13846,4310,4630,4949,5100,6233,6357,6659,4856,5163,5494,5503,6318,6883,7187
6118,WesternAsia,922,Cyprus,196,9208,9506,9839,10132,10575,10333,14422,4424,4489,4562,4598,4685,4410,5541,4784,5017,5277,5534,5890,5923,8881
6119,WesternAsia,922,Georgia,268,102710,122306,142625,121220,110922,119689,119935,46929,54804,61268,52837,50387,53949,53732,55781,67502,81357,68383,60535,65740,66203
6120,WesternAsia,922,Iraq,368,197490,200369,185640,654768,1747717,705282,841194,104305,107524,100629,347844,898345,370453,347940,93185,92845,85011,306924,849372,334829,493254
6121,WesternAsia,922,Israel,376,99052,99169,99324,83671,70314,67590,69000,43061,43221,43406,35812,30862,28877,29455,55991,55948,55918,47859,39452,38713,39545
6122,WesternAsia,922,Jordan,400,221666,237761,256863,309777,448459,533305,608784,127022,139571,153631,191432,287718,340178,389015,94644,98190,103232,118345,160741,193127,219769
6123,WesternAsia,922,Kuwait,414,38519,43829,48944,52998,90631,94801,103636,22945,27026,30976,33274,60072,62432,68855,15574,16803,17968,19724,30559,32369,34781
6124,WesternAsia,922,Lebanon,422,83594,87179,91785,113489,164604,200959,238046,53000,55547,58784,75022,112114,135581,159871,30594,31632,33001,38467,52490,65378,78175
6125,WesternAsia,922,Oman,512,9919,9895,9871,11287,11822,12407,12855,4873,4802,4732,5457,5780,5853,6350,5046,5093,5139,5830,6042,6554,6505
6126,WesternAsia,922,Qatar,634,10127,10135,10158,10830,12673,13238,13725,4903,4896,4891,5169,6039,6108,6362,5224,5239,5267,5661,6634,7130,7363
6127,WesternAsia,922,SaudiArabia,682,45579,52157,56043,43568,49761,45726,50658,24540,30181,34006,25550,29010,25255,28477,21039,21976,22037,18018,20751,20471,22181
6128,WesternAsia,922,StateofPalestine,275,1533729,1967905,2415766,2834767,3086598,3289147,3449791,744252,956111,1186908,1391048,1511206,1652358,1740809,789477,1011794,1228858,1443719,1575392,1636789,1708982
6129,WesternAsia,922,SyrianArabRepublic,760,440219,455498,474526,549313,767002,5619604,6765889,248979,257977,269374,330508,478248,3179403,3882640,191240,197521,205152,218805,288754,2440201,2883249
6130,WesternAsia,922,Turkey,792,60625,79754,80231,82069,103500,105702,113395,34166,45780,47045,48160,64527,63863,68158,26459,33974,33186,33909,38973,41839,45237
6131,WesternAsia,922,UnitedArabEmirates,784,61818,69074,70231,56970,60844,70015,78044,35255,41781,43972,31309,33193,37425,41749,26563,27293,26259,25661,27651,32590,36295
6132,WesternAsia,922,Yemen,887,426193,441636,468515,555830,790336,979586,1167150,272825,285178,305231,368788,541084,655241,776046,153368,156458,163284,187042,249252,324345,391104
6133,WesternAsia,922,Belarus,112,51632,36858,33830,29113,24978,25571,25037,23264,16081,14821,12496,10391,10596,10313,28368,20777,19009,16617,14587,14975,14724
6134,WesternAsia,922,Bulgaria,100,483742,476647,470306,485358,500779,496309,683990,234299,228632,223051,224623,225740,178387,213614,249443,248015,247255,260735,275039,317922,470376
6135,WesternAsia,922,Czechia,203,460,925,1426,1608,1912,1816,2282,213,428,654,707,806,760,919,247,497,772,901,1106,1056,1363
6136,WesternAsia,922,Hungary,348,15919,16877,16994,15177,14320,13992,13954,7460,7717,7680,6870,6426,6128,6068,8459,9160,9314,8307,7894,7864,7886
6137,WesternAsia,922,Poland,616,100447,96598,90768,75818,61940,63567,63226,45979,43591,40701,33685,27037,27548,27205,54468,53007,50067,42133,34903,36019,36021
6138,WesternAsia,922,RepublicofMoldova,498,34169,32511,26969,20636,14697,14892,15519,15690,14481,11429,8341,5383,5438,5183,18479,18030,15540,12295,9314,9454,10336
6139,WesternAsia,922,Romania,642,135949,145872,148309,136703,127524,129729,135068,61551,64478,64764,59000,54005,54512,54886,74398,81394,83545,77703,73519,75217,80182
6140,WesternAsia,922,RussianFederation,643,444201,354276,278590,244214,221707,231472,236376,182771,147016,113457,98276,88759,92195,92708,261430,207260,165133,145938,132948,139277,143668
6141,WesternAsia,922,Slovakia,703,122,252,383,418,500,457,585,56,112,170,183,214,190,228,66,140,213,235,286,267,357
6142,WesternAsia,922,Ukraine,804,230462,207395,188465,169880,155302,159864,158033,102911,91181,82047,73618,66603,68205,66808,127551,116214,106418,96262,88699,91659,91225
6143,WesternAsia,922,ChannelIslands,830,0,0,0,0,0,0,0,0,0,0,0,0,0,0,0,0,0,0,0,0,0
6144,WesternAsia,922,Denmark,208,1945,3347,4685,5028,5473,5429,6699,868,1485,2084,2159,2277,2187,2575,1077,1862,2601,2869,3196,3242,4124
6145,WesternAsia,922,Estonia,233,1542,1376,824,797,765,741,762,677,617,349,325,318,312,309,865,759,475,472,447,429,453
6146,WesternAsia,922,FaroeIslands,234,0,0,0,0,0,0,0,0,0,0,0,0,0,0,0,0,0,0,0,0,0
6147,WesternAsia,922,Finland,246,1056,1668,2268,2343,2488,2438,3091,382,643,906,910,936,902,1085,674,1025,1362,1433,1552,1536,2006
6148,WesternAsia,922,Iceland,352,18,36,55,65,78,73,87,7,15,22,24,26,26,29,11,21,33,41,52,47,58
6149,WesternAsia,922,Ireland,372,398,657,918,1098,1448,1317,1558,155,271,388,446,569,508,589,243,386,530,652,879,809,969
6150,WesternAsia,922,IsleofMan,833,0,0,0,0,0,0,0,0,0,0,0,0,0,0,0,0,0,0,0,0,0
6151,WesternAsia,922,Latvia,428,10917,9441,8251,6193,4237,4349,4267,4978,4200,3655,2709,1800,1840,1798,5939,5241,4596,3484,2437,2509,2469
6152,WesternAsia,922,Lithuania,440,17303,13095,11196,7694,4303,4417,4412,7887,5799,4934,3319,1739,1773,1749,9416,7296,6262,4375,2564,2644,2663
6153,WesternAsia,922,Norway,578,918,2183,3454,3600,3822,3723,5125,469,1074,1680,1712,1771,1675,2116,449,1109,1774,1888,2051,2048,3009
6154,WesternAsia,922,Sweden,752,2778,4690,6549,6702,7095,6888,8996,1249,2095,2926,2930,3021,2853,3448,1529,2595,3623,3772,4074,4035,5548
6155,WesternAsia,922,UnitedKingdom,826,62172,72063,82647,91368,123616,127867,145439,31802,37363,43314,46771,65801,68514,77818,30370,34700,39333,44597,57815,59353,67621
6156,WesternAsia,922,Albania,8,870,2037,3223,3392,3593,3537,4837,467,1050,1639,1694,1765,1697,2135,403,987,1584,1698,1828,1840,2702
6157,WesternAsia,922,Andorra,20,0,0,0,0,0,0,0,0,0,0,0,0,0,0,0,0,0,0,0,0,0
6158,WesternAsia,922,BosniaandHerzegovina,70,7148,7221,2944,2397,2537,2441,3377,3939,3919,1489,1170,1209,1124,1425,3209,3302,1455,1227,1328,1317,1952
6159,WesternAsia,922,Croatia,191,93,184,276,295,359,319,409,37,74,113,123,147,127,148,56,110,163,172,212,192,261
6160,WesternAsia,922,Gibraltar,292,1,2,2,3,3,2,1,1,2,2,3,3,2,1,0,0,0,0,0,0,0
6161,WesternAsia,922,Greece,300,114699,91862,70282,77343,88132,85469,109270,54093,43334,33042,36074,41218,39136,45748,60606,48528,37240,41269,46914,46333,63522
6162,WesternAsia,922,HolySee,336,0,0,0,0,0,0,0,0,0,0,0,0,0,0,0,0,0,0,0,0,0
6163,WesternAsia,922,Italy,380,7213,7896,8326,8403,8994,8743,9783,3552,3865,4093,4122,4371,4140,4570,3661,4031,4233,4281,4623,4603,5213
6164,WesternAsia,922,Malta,470,18,36,55,65,78,73,87,9,16,23,28,36,33,35,9,20,32,37,42,40,52
6165,WesternAsia,922,Montenegro,499,0,0,0,0,0,0,0,0,0,0,0,0,0,0,0,0,0,0,0,0,0
6166,WesternAsia,922,NorthMacedonia,807,37860,84472,134488,138780,143244,141827,198109,19305,41103,64700,65189,65594,80760,106432,18555,43369,69788,73591,77650,61067,91677
6167,WesternAsia,922,Portugal,620,70,154,238,260,288,279,365,33,72,109,114,119,115,141,37,82,129,146,169,164,224
6168,WesternAsia,922,SanMarino,674,0,0,0,0,0,0,0,0,0,0,0,0,0,0,0,0,0,0,0,0,0
6169,WesternAsia,922,Serbia,688,665,945,1224,1786,2767,2484,2575,308,419,530,785,1232,1118,1165,357,526,694,1001,1535,1366,1410
6170,WesternAsia,922,Slovenia,705,39,91,143,151,160,157,212,20,44,67,69,72,69,86,19,47,76,82,88,88,126
6171,WesternAsia,922,Spain,724,3742,4153,4416,3885,3789,3484,3970,1635,1804,1932,1742,1703,1493,1639,2107,2349,2484,2143,2086,1991,2331
6172,WesternAsia,922,Austria,40,13518,16854,19888,19711,19772,19635,25122,6543,8162,9671,9428,9283,8996,10752,6975,8692,10217,10283,10489,10639,14370
6173,WesternAsia,922,Belgium,56,8458,10862,13072,13918,14939,14939,18201,3978,5052,6059,6366,6736,6594,7520,4480,5810,7013,7552,8203,8345,10681
6174,WesternAsia,922,France,250,29990,39425,47685,59857,79799,85535,93765,14448,18847,22821,29219,40654,43387,46852,15542,20578,24864,30638,39145,42148,46913
6175,WesternAsia,922,Germany,276,214093,247039,285824,292443,300392,297787,404249,105097,120172,137840,138262,139007,114496,137381,108996,126867,147984,154181,161385,183291,266868
6176,WesternAsia,922,Liechtenstein,438,0,0,0,0,0,0,0,0,0,0,0,0,0,0,0,0,0,0,0,0,0
6177,WesternAsia,922,Luxembourg,442,14,30,47,51,55,53,67,7,14,20,20,21,21,25,7,16,27,31,34,32,42
6178,WesternAsia,922,Monaco,492,0,0,0,0,0,0,0,0,0,0,0,0,0,0,0,0,0,0,0,0,0
6179,WesternAsia,922,Netherlands,528,18112,23630,29029,29519,32255,33072,42281,8258,11355,14350,14355,15767,16019,19224,9854,12275,14679,15164,16488,17053,23057
6180,WesternAsia,922,Switzerland,756,10918,12178,13317,13905,14825,14593,18585,5214,5699,6149,6306,6599,6304,7476,5704,6479,7168,7599,8226,8289,11109
6181,WesternAsia,922,Anguilla,660,0,0,0,0,0,0,0,0,0,0,0,0,0,0,0,0,0,0,0,0,0
6182,WesternAsia,922,AntiguaandBarbuda,28,0,0,0,0,0,0,0,0,0,0,0,0,0,0,0,0,0,0,0,0,0
6183,WesternAsia,922,Aruba,533,0,0,0,0,0,0,0,0,0,0,0,0,0,0,0,0,0,0,0,0,0
6184,WesternAsia,922,Bahamas,44,0,0,0,0,0,0,0,0,0,0,0,0,0,0,0,0,0,0,0,0,0
6185,WesternAsia,922,Barbados,52,0,0,0,0,0,0,0,0,0,0,0,0,0,0,0,0,0,0,0,0,0
6186,WesternAsia,922,Bonaire,16,535,0,0,0,0,0,0,0,0,0,0,0,0,0,0,0,0,0,0,0,0
6187,WesternAsia,922,BritishVirginIslands,92,18,43,70,73,75,74,102,9,20,32,32,32,31,41,9,23,38,41,43,43,61
6188,WesternAsia,922,CaymanIslands,136,0,0,0,0,0,0,0,0,0,0,0,0,0,0,0,0,0,0,0,0,0
6189,WesternAsia,922,Cuba,192,19,37,69,79,94,88,101,11,20,36,41,49,46,51,8,17,33,38,45,42,50
6190,WesternAsia,922,CuraÃao,531,0,0,0,0,0,0,0,0,0,0,0,0,0,0,0,0,0,0,0,0,0
6191,WesternAsia,922,Dominica,212,0,0,0,0,0,0,0,0,0,0,0,0,0,0,0,0,0,0,0,0,0
6192,WesternAsia,922,DominicanRepublic,214,3,4,5,7,10,9,8,1,1,1,1,2,2,2,2,3,4,6,8,7,6
6193,WesternAsia,922,Grenada,308,0,0,0,0,0,0,0,0,0,0,0,0,0,0,0,0,0,0,0,0,0
6194,WesternAsia,922,Guadeloupe,312,11,27,44,46,47,46,61,6,14,21,21,21,21,25,5,13,23,25,26,25,36
6195,WesternAsia,922,Haiti,332,1,2,2,3,3,2,1,0,0,0,0,0,0,0,1,2,2,3,3,2,1
6196,WesternAsia,922,Jamaica,388,4,6,7,10,15,13,13,2,3,3,4,7,6,7,2,3,4,6,8,7,6
6197,WesternAsia,922,Martinique,474,0,0,0,0,0,0,0,0,0,0,0,0,0,0,0,0,0,0,0,0,0
6198,WesternAsia,922,Montserrat,500,0,0,0,0,0,0,0,0,0,0,0,0,0,0,0,0,0,0,0,0,0
6199,WesternAsia,922,PuertoRico,630,1,2,2,3,3,2,1,1,2,2,3,3,2,1,0,0,0,0,0,0,0
6200,WesternAsia,922,SaintBarthelemy,652,0,0,0,0,0,0,0,0,0,0,0,0,0,0,0,0,0,0,0,0,0
6201,WesternAsia,922,SaintKittsandNevis,659,0,0,0,0,0,0,0,0,0,0,0,0,0,0,0,0,0,0,0,0,0
6202,WesternAsia,922,SaintLucia,662,0,0,0,0,0,0,0,0,0,0,0,0,0,0,0,0,0,0,0,0,0
6203,WesternAsia,922,SaintMartinFrenchpart,663,0,0,0,0,0,0,0,0,0,0,0,0,0,0,0,0,0,0,0,0,0
6204,WesternAsia,922,SaintVincentandtheGrenadines,670,0,0,0,0,0,0,0,0,0,0,0,0,0,0,0,0,0,0,0,0,0
6205,WesternAsia,922,SintMaartenDutchpart,534,0,0,0,0,0,0,0,0,0,0,0,0,0,0,0,0,0,0,0,0,0
6206,WesternAsia,922,TrinidadandTobago,780,4,6,7,10,15,13,13,1,1,1,1,2,2,2,3,5,6,9,13,11,11
6207,WesternAsia,922,TurksandCaicosIslands,796,0,0,0,0,0,0,0,0,0,0,0,0,0,0,0,0,0,0,0,0,0
6208,WesternAsia,922,UnitedStatesVirginIslands,850,0,0,0,0,0,0,0,0,0,0,0,0,0,0,0,0,0,0,0,0,0
6209,WesternAsia,922,Belize,84,0,0,0,0,0,0,0,0,0,0,0,0,0,0,0,0,0,0,0,0,0
6210,WesternAsia,922,CostaRica,188,14,33,53,56,57,54,73,8,17,27,27,27,26,35,6,16,26,29,30,28,38
6211,WesternAsia,922,ElSalvador,222,3,4,5,7,10,9,8,2,2,3,4,7,7,7,1,2,2,3,3,2,1
6212,WesternAsia,922,Guatemala,320,0,0,0,0,0,0,0,0,0,0,0,0,0,0,0,0,0,0,0,0,0
6213,WesternAsia,922,Honduras,340,1,2,2,3,3,2,1,1,2,2,3,3,2,1,0,0,0,0,0,0,0
6214,WesternAsia,922,Mexico,484,1475,1833,2095,2401,2739,2811,2793,687,853,984,1141,1309,1339,1322,788,980,1111,1260,1430,1472,1471
6215,WesternAsia,922,Nicaragua,558,3,4,5,7,10,9,8,2,2,3,4,7,7,7,1,2,2,3,3,2,1
6216,WesternAsia,922,Panama,591,5,7,9,13,20,18,18,4,5,7,10,17,16,17,1,2,2,3,3,2,1
6217,WesternAsia,922,Argentina,32,25581,29615,32013,34984,38390,39576,38489,12345,14062,15169,16563,18127,18585,18069,13236,15553,16844,18421,20263,20991,20420
6218,WesternAsia,922,BoliviaPlurinationalStateof,68,3,4,5,7,10,9,8,2,2,3,4,7,7,7,1,2,2,3,3,2,1
6219,WesternAsia,922,Brazil,76,6065,7096,7750,8387,9261,9407,9304,2646,3053,3338,3638,4031,4040,3963,3419,4043,4412,4749,5230,5367,5341
6220,WesternAsia,922,Chile,152,2635,2942,3087,3210,3377,3474,3390,1237,1357,1418,1474,1547,1584,1539,1398,1585,1669,1736,1830,1890,1851
6221,WesternAsia,922,Colombia,170,1212,1614,1931,2382,2905,2948,2888,502,657,786,971,1177,1185,1156,710,957,1145,1411,1728,1763,1732
6222,WesternAsia,922,Ecuador,218,2,3,4,6,8,7,6,1,1,2,3,5,5,5,1,2,2,3,3,2,1
6223,WesternAsia,922,FalklandIslandsMalvinas,238,0,0,0,0,0,0,0,0,0,0,0,0,0,0,0,0,0,0,0,0,0
6224,WesternAsia,922,FrenchGuiana,254,0,0,0,0,0,0,0,0,0,0,0,0,0,0,0,0,0,0,0,0,0
6225,WesternAsia,922,Guyana,328,0,0,0,0,0,0,0,0,0,0,0,0,0,0,0,0,0,0,0,0,0
6226,WesternAsia,922,Paraguay,600,2,3,4,6,8,7,6,0,0,0,0,0,0,0,2,3,4,6,8,7,6
6227,WesternAsia,922,Peru,604,670,1064,1423,1935,2474,2542,2488,273,451,613,860,1116,1140,1112,397,613,810,1075,1358,1402,1376
6228,WesternAsia,922,Suriname,740,1,2,2,3,3,2,1,0,0,0,0,0,0,0,1,2,2,3,3,2,1
6229,WesternAsia,922,Uruguay,858,4326,4963,5323,5743,6231,6423,6252,2053,2316,2478,2669,2887,2960,2882,2273,2647,2845,3074,3344,3463,3370
6230,WesternAsia,922,VenezuelaBolivarianRepublicof,862,710,711,678,577,526,496,503,320,320,307,263,240,221,222,390,391,371,314,286,275,281
6231,WesternAsia,922,Bermuda,60,0,0,0,0,0,0,0,0,0,0,0,0,0,0,0,0,0,0,0,0,0
6232,WesternAsia,922,Canada,124,5737,7349,8647,9721,11494,11238,11675,2691,3426,4050,4592,5478,5246,5370,3046,3923,4597,5129,6016,5992,6305
6233,WesternAsia,922,Greenland,304,0,0,0,0,0,0,0,0,0,0,0,0,0,0,0,0,0,0,0,0,0
6234,WesternAsia,922,SaintPierreandMiquelon,666,0,0,0,0,0,0,0,0,0,0,0,0,0,0,0,0,0,0,0,0,0
6235,WesternAsia,922,UnitedStatesofAmerica,840,79592,89695,97814,106491,127704,128951,136875,41657,46298,50452,54807,67388,66962,71573,37935,43397,47362,51684,60316,61989,65302
6236,WesternAsia,922,Australia,36,5941,6546,7025,7977,9681,9220,10418,2838,3072,3259,3716,4550,4247,4579,3103,3474,3766,4261,5131,4973,5839
6237,WesternAsia,922,NewZealand,554,121,255,389,403,507,423,550,56,110,164,174,221,165,199,65,145,225,229,286,258,351
6238,WesternAsia,922,Fiji,242,1,2,2,3,3,2,1,0,0,0,0,0,0,0,1,2,2,3,3,2,1
6239,WesternAsia,922,NewCaledonia,540,0,0,0,0,0,0,0,0,0,0,0,0,0,0,0,0,0,0,0,0,0
6240,WesternAsia,922,PapuaNewGuinea,598,0,0,0,0,0,0,0,0,0,0,0,0,0,0,0,0,0,0,0,0,0
6241,WesternAsia,922,SolomonIslands,90,0,0,0,0,0,0,0,0,0,0,0,0,0,0,0,0,0,0,0,0,0
6242,WesternAsia,922,Vanuatu,548,0,0,0,0,0,0,0,0,0,0,0,0,0,0,0,0,0,0,0,0,0
6243,WesternAsia,922,Guam,316,0,0,0,0,0,0,0,0,0,0,0,0,0,0,0,0,0,0,0,0,0
6244,WesternAsia,922,Kiribati,296,0,0,0,0,0,0,0,0,0,0,0,0,0,0,0,0,0,0,0,0,0
6245,WesternAsia,922,MarshallIslands,584,0,0,0,0,0,0,0,0,0,0,0,0,0,0,0,0,0,0,0,0,0
6246,WesternAsia,922,MicronesiaFedStatesof,583,0,0,0,0,0,0,0,0,0,0,0,0,0,0,0,0,0,0,0,0,0
6247,WesternAsia,922,Nauru,520,0,0,0,0,0,0,0,0,0,0,0,0,0,0,0,0,0,0,0,0,0
6248,WesternAsia,922,NorthernMarianaIslands,580,0,0,0,0,0,0,0,0,0,0,0,0,0,0,0,0,0,0,0,0,0
6249,WesternAsia,922,Palau,585,0,0,0,0,0,0,0,0,0,0,0,0,0,0,0,0,0,0,0,0,0
6250,WesternAsia,922,AmericanSamoa,16,0,0,0,0,0,0,0,0,0,0,0,0,0,0,0,0,0,0,0,0,0
6251,WesternAsia,922,CookIslands,184,0,0,0,0,0,0,0,0,0,0,0,0,0,0,0,0,0,0,0,0,0
6252,WesternAsia,922,FrenchPolynesia,258,0,0,0,0,0,0,0,0,0,0,0,0,0,0,0,0,0,0,0,0,0
6253,WesternAsia,922,Niue,570,0,0,0,0,0,0,0,0,0,0,0,0,0,0,0,0,0,0,0,0,0
6254,WesternAsia,922,Samoa,882,0,0,0,0,0,0,0,0,0,0,0,0,0,0,0,0,0,0,0,0,0
6255,WesternAsia,922,Tokelau,772,0,0,0,0,0,0,0,0,0,0,0,0,0,0,0,0,0,0,0,0,0
6256,WesternAsia,922,Tonga,776,0,0,0,0,0,0,0,0,0,0,0,0,0,0,0,0,0,0,0,0,0
6257,WesternAsia,922,Tuvalu,798,0,0,0,0,0,0,0,0,0,0,0,0,0,0,0,0,0,0,0,0,0
6258,WesternAsia,922,WallisandFutunaIslands,876,0,0,0,0,0,0,0,0,0,0,0,0,0,0,0,0,0,0,0,0,0
6259,EasternEurope,923,MiddleAfrica,911,2367,2280,2150,2564,2940,3228,4335,1272,1416,1532,1876,2189,2363,3048,1095,864,618,688,751,865,1287
6260,EasternEurope,923,WesternAsia,922,2431396,2388180,2272936,2163036,2023156,2100238,2113793,1194616,1266911,1301668,1227346,1137125,1182214,1188517,1236780,1121269,971268,935690,886031,918024,925276
6261,EasternEurope,923,EasternEurope,923,12821259,12066901,11280907,10536332,9921835,10256237,10787095,5793768,5421090,5029715,4671947,4366704,4538845,4845557,7027491,6645811,6251192,5864385,5555131,5717392,5941538
6262,EasternEurope,923,CentralAmerica,916,717,874,1032,1356,1665,2207,4316,388,488,589,783,971,1281,2344,329,386,443,573,694,926,1972
6263,EasternEurope,923,Melanesia,928,4,10,12,15,14,48,59,3,6,8,8,7,30,36,1,4,4,7,7,18,23
6264,EasternEurope,923,Micronesia,954,257,273,279,171,58,70,58,128,134,136,82,26,31,24,129,139,143,89,32,39,34
6265,EasternEurope,923,Polynesia,957,996,1057,1080,869,637,648,656,490,515,522,403,273,273,282,506,542,558,466,364,375,374
6266,EasternEurope,923,Burundi,108,175,171,162,155,147,163,177,86,92,94,107,118,131,141,89,79,68,48,29,32,36
6267,EasternEurope,923,Comoros,174,17,16,14,51,88,89,100,8,10,10,28,46,45,53,9,6,4,23,42,44,47
6268,EasternEurope,923,Djibouti,262,2,4,5,6,6,8,15,2,3,4,4,4,5,13,0,1,1,2,2,3,2
6269,EasternEurope,923,Eritrea,232,5,8,11,27,42,71,152,5,6,7,8,9,30,102,0,2,4,19,33,41,50
6270,EasternEurope,923,Ethiopia,231,598,578,550,584,611,655,849,346,390,430,451,466,473,582,252,188,120,133,145,182,267
6271,EasternEurope,923,Kenya,404,501,511,513,614,702,749,1028,255,276,291,371,441,457,619,246,235,222,243,261,292,409
6272,EasternEurope,923,Madagascar,450,158,164,165,156,143,161,195,82,89,93,93,88,101,117,76,75,72,63,55,60,78
6273,EasternEurope,923,Malawi,454,17,16,16,22,28,45,52,8,9,10,13,17,29,37,9,7,6,9,11,16,15
6274,EasternEurope,923,Mauritius,480,295,276,249,198,142,172,235,144,156,162,128,89,104,141,151,120,87,70,53,68,94
6275,EasternEurope,923,Mayotte,175,0,0,0,0,0,0,0,0,0,0,0,0,0,0,0,0,0,0,0,0,0
6276,EasternEurope,923,Mozambique,508,148,145,139,164,186,208,251,87,89,89,113,135,146,179,61,56,50,51,51,62,72
6277,EasternEurope,923,Reunion,638,0,0,0,0,0,0,0,0,0,0,0,0,0,0,0,0,0,0,0,0,0
6278,EasternEurope,923,Rwanda,646,181,181,174,123,70,79,106,90,100,105,74,43,49,66,91,81,69,49,27,30,40
6279,EasternEurope,923,Seychelles,690,0,1,1,1,0,17,20,0,1,1,1,0,8,8,0,0,0,0,0,9,12
6280,EasternEurope,923,Somalia,706,136,264,386,440,494,682,675,69,178,284,335,387,544,561,67,86,102,105,107,138,114
6281,EasternEurope,923,SouthSudan,728,0,0,0,0,0,0,0,0,0,0,0,0,0,0,0,0,0,0,0,0,0
6282,EasternEurope,923,Uganda,800,172,167,162,183,205,232,347,92,95,97,101,106,122,186,80,72,65,82,99,110,161
6283,EasternEurope,923,UnitedRepublicofTanzania,834,380,353,321,351,376,381,451,222,225,223,240,253,253,303,158,128,98,111,123,128,148
6284,EasternEurope,923,Zambia,894,417,368,310,452,587,626,755,215,222,224,318,409,444,515,202,146,86,134,178,182,240
6285,EasternEurope,923,Zimbabwe,716,318,323,321,301,281,300,483,159,175,188,172,156,166,269,159,148,133,129,125,134,214
6286,EasternEurope,923,Angola,24,637,610,572,718,844,862,996,363,387,407,551,678,680,776,274,223,165,167,166,182,220
6287,EasternEurope,923,Cameroon,120,760,711,641,653,668,776,1238,382,446,495,509,521,614,925,378,265,146,144,147,162,313
6288,EasternEurope,923,CentralAfricanRepublic,140,136,138,136,118,97,100,132,69,71,72,68,63,63,84,67,67,64,50,34,37,48
6289,EasternEurope,923,Chad,148,174,189,211,245,278,305,325,89,106,124,150,177,196,220,85,83,87,95,101,109,105
6290,EasternEurope,923,Congo,178,605,558,500,673,837,879,1020,337,363,383,498,604,628,725,268,195,117,175,233,251,295
6291,EasternEurope,923,DemocraticRepublicoftheCongo,180,22,33,42,70,94,155,258,16,25,32,51,68,97,147,6,8,10,19,26,58,111
6292,EasternEurope,923,EquatorialGuinea,226,30,34,38,71,102,126,288,15,15,15,41,66,71,133,15,19,23,30,36,55,155
6293,EasternEurope,923,Gabon,266,3,7,10,15,18,21,74,1,3,4,7,10,10,36,2,4,6,8,8,11,38
6294,EasternEurope,923,SaoTomeandPrincipe,678,0,0,0,1,2,4,4,0,0,0,1,2,4,2,0,0,0,0,0,0,2
6295,EasternEurope,923,Algeria,12,2359,2407,2437,2820,3165,3357,4466,1500,1613,1723,2086,2418,2475,3321,859,794,714,734,747,882,1145
6296,EasternEurope,923,Egypt,818,2124,2300,2449,2769,3069,4008,6227,1232,1410,1581,1985,2374,2964,4553,892,890,868,784,695,1044,1674
6297,EasternEurope,923,Libya,434,1204,1128,1055,1132,1203,1380,1702,642,640,640,713,784,882,1128,562,488,415,419,419,498,574
6298,EasternEurope,923,Morocco,504,4166,3907,3631,3635,3701,3934,5664,2566,2609,2645,2651,2696,2832,3981,1600,1298,986,984,1005,1102,1683
6299,EasternEurope,923,Sudan,729,776,695,596,621,638,664,773,448,477,491,518,537,562,646,328,218,105,103,101,102,127
6300,EasternEurope,923,Tunisia,788,893,902,908,1314,1691,3100,4853,532,623,716,1106,1463,2509,3775,361,279,192,208,228,591,1078
6301,EasternEurope,923,WesternSahara,732,115,123,127,79,30,32,29,56,60,63,35,6,8,7,59,63,64,44,24,24,22
6302,EasternEurope,923,Botswana,72,202,210,209,174,133,155,103,101,110,114,94,72,87,51,101,100,95,80,61,68,52
6303,EasternEurope,923,Eswatini,748,1,3,3,4,3,5,10,0,0,0,0,0,2,3,1,3,3,4,3,3,7
6304,EasternEurope,923,Lesotho,426,1,4,7,8,8,9,4,1,3,6,7,7,6,1,0,1,1,1,1,3,3
6305,EasternEurope,923,Namibia,516,109,103,94,125,150,171,194,54,60,64,79,88,97,104,55,43,30,46,62,74,90
6306,EasternEurope,923,SouthAfrica,710,719,824,941,1204,1456,1587,2474,370,433,504,660,814,900,1431,349,391,437,544,642,687,1043
6307,EasternEurope,923,Benin,204,337,358,366,280,190,180,242,175,192,201,173,142,131,174,162,166,165,107,48,49,68
6308,EasternEurope,923,BurkinaFaso,854,529,575,601,536,459,487,550,260,274,278,245,205,224,280,269,301,323,291,254,263,270
6309,EasternEurope,923,CaboVerde,132,57,58,58,61,63,73,166,30,32,34,36,38,43,85,27,26,24,25,25,30,81
6310,EasternEurope,923,CotedIvoire,384,117,115,111,163,210,287,504,58,70,80,127,170,232,406,59,45,31,36,40,55,98
6311,EasternEurope,923,Gambia,270,4,11,16,25,32,40,189,2,5,7,15,21,29,163,2,6,9,10,11,11,26
6312,EasternEurope,923,Ghana,288,410,409,403,511,612,754,1427,235,253,268,369,467,572,1072,175,156,135,142,145,182,355
6313,EasternEurope,923,Guinea,324,472,448,410,400,383,438,711,247,263,270,290,304,344,568,225,185,140,110,79,94,143
6314,EasternEurope,923,GuineaBissau,624,350,319,277,222,161,179,321,176,186,190,156,119,121,231,174,133,87,66,42,58,90
6315,EasternEurope,923,Liberia,430,4,17,30,39,47,53,56,3,10,19,26,33,39,43,1,7,11,13,14,14,13
6316,EasternEurope,923,Mali,466,243,215,181,168,151,210,631,140,146,148,141,129,184,576,103,69,33,27,22,26,55
6317,EasternEurope,923,Mauritania,478,11,9,6,10,12,33,219,6,6,6,10,12,30,172,5,3,0,0,0,3,47
6318,EasternEurope,923,Niger,562,51,44,37,45,50,49,64,32,28,24,34,42,44,62,19,16,13,11,8,5,2
6319,EasternEurope,923,Nigeria,566,1665,1857,2028,2524,2998,3627,4691,996,1227,1448,1922,2380,2693,3462,669,630,580,602,618,934,1229
6320,EasternEurope,923,SaintHelena,654,0,0,0,0,0,3,30,0,0,0,0,0,1,15,0,0,0,0,0,2,15
6321,EasternEurope,923,Senegal,686,156,160,161,205,248,293,515,97,103,106,151,195,223,387,59,57,55,54,53,70,128
6322,EasternEurope,923,SierraLeone,694,7,14,21,32,42,54,101,6,12,19,29,39,50,74,1,2,2,3,3,4,27
6323,EasternEurope,923,Togo,768,6,10,14,18,21,29,70,5,7,9,12,15,19,46,1,3,5,6,6,10,24
6324,EasternEurope,923,Kazakhstan,398,2787339,2892584,2912699,2886656,2820409,2870173,2876106,1345415,1381733,1377383,1349559,1303573,1320012,1323012,1441924,1510851,1535316,1537097,1516836,1550161,1553094
6325,EasternEurope,923,Kyrgyzstan,417,477272,495401,497426,560105,613271,624547,625372,231771,240891,242191,272668,298629,302634,303151,245501,254510,255235,287437,314642,321913,322221
6326,EasternEurope,923,Tajikistan,762,466297,450737,420715,460609,493252,502026,502484,226740,237316,240239,266685,288852,293077,293292,239557,213421,180476,193924,204400,208949,209192
6327,EasternEurope,923,Turkmenistan,795,203544,207763,206046,209646,210675,214231,214707,97870,100961,101142,101557,100754,101981,102250,105674,106802,104904,108089,109921,112250,112457
6328,EasternEurope,923,Uzbekistan,860,1044744,1129049,1182646,1278253,1363739,1385629,1389639,504207,557711,596123,655406,709618,718359,720445,540537,571338,586523,622847,654121,667270,669194
6329,EasternEurope,923,China,156,78511,80213,79806,81528,82826,88446,97974,39591,43485,46268,46533,46657,48954,53929,38920,36728,33538,34995,36169,39492,44045
6330,EasternEurope,923,China,156,344,44,45,46,52,58,60,58,21,23,24,29,34,36,36,23,22,22,23,24,24
6331,EasternEurope,923,China,156,446,0,0,0,0,0,0,0,0,0,0,0,0,0,0,0,0,0,0,0,0
6332,EasternEurope,923,China,156,158,0,0,0,0,0,0,0,0,0,0,0,0,0,0,0,0,0,0,0,0
6333,EasternEurope,923,DemPeoplesRepublicofKorea,408,9818,9358,8562,9651,10540,10765,10766,4809,5028,5066,6660,8118,8258,8253,5009,4330,3496,2991,2422,2507,2513
6334,EasternEurope,923,Japan,392,1340,1732,2119,3324,4465,4800,6246,650,850,1046,1630,2198,2387,3205,690,882,1073,1694,2267,2413,3041
6335,EasternEurope,923,Mongolia,496,22380,24191,25226,26920,27906,27321,31617,10913,11421,11559,11909,12036,11800,14191,11467,12770,13667,15011,15870,15521,17426
6336,EasternEurope,923,RepublicofKorea,410,3227,3271,3289,4941,6542,7150,9568,1647,1712,1767,2739,3694,4015,5335,1580,1559,1522,2202,2848,3135,4233
6337,EasternEurope,923,BruneiDarussalam,96,0,0,0,1,1,4,2,0,0,0,1,1,4,2,0,0,0,0,0,0,0
6338,EasternEurope,923,Cambodia,116,333,288,239,244,246,254,330,172,171,168,171,169,170,197,161,117,71,73,77,84,133
6339,EasternEurope,923,Indonesia,360,653,604,547,605,656,749,1497,322,328,328,345,361,378,804,331,276,219,260,295,371,693
6340,EasternEurope,923,LaoPeoplesDemocraticRepublic,418,142,123,102,149,192,200,266,75,73,72,108,141,145,176,67,50,30,41,51,55,90
6341,EasternEurope,923,Malaysia,458,571,588,585,1321,2021,2066,2091,282,315,336,732,1113,1115,1140,289,273,249,589,908,951,951
6342,EasternEurope,923,Myanmar,104,420,347,263,477,679,773,815,207,215,217,432,635,696,702,213,132,46,45,44,77,113
6343,EasternEurope,923,Philippines,608,293,368,443,719,1020,1275,3491,126,148,167,231,303,298,976,167,220,276,488,717,977,2515
6344,EasternEurope,923,Singapore,702,138,134,127,151,170,221,389,65,64,60,73,82,112,197,73,70,67,78,88,109,192
6345,EasternEurope,923,Thailand,764,771,716,668,1149,1607,2052,3510,140,122,106,191,285,336,630,631,594,562,958,1322,1716,2880
6346,EasternEurope,923,TimorLeste,626,0,1,1,1,0,1,1,0,1,1,1,0,0,0,0,0,0,0,0,1,1
6347,EasternEurope,923,VietNam,704,54588,53235,51313,70775,87524,80582,91385,28733,31146,33216,43518,52621,46935,53298,25855,22089,18097,27257,34903,33647,38087
6348,EasternEurope,923,Afghanistan,4,22587,19275,15527,16381,12748,23750,13406,11947,12566,12951,12809,9566,17518,10141,10640,6709,2576,3572,3182,6232,3265
6349,EasternEurope,923,Bangladesh,50,1433,1306,1144,1250,1333,1414,2280,764,848,909,939,950,1051,1840,669,458,235,311,383,363,440
6350,EasternEurope,923,Bhutan,64,1,7,13,22,30,28,44,1,4,7,12,16,16,23,0,3,6,10,14,12,21
6351,EasternEurope,923,India,356,16078,14102,11910,12535,12631,13712,19572,9602,9657,9587,9775,9474,10209,14423,6476,4445,2323,2760,3157,3503,5149
6352,EasternEurope,923,IranIslamicRepublicof,364,8707,8396,7728,7969,8223,8617,11708,5727,5811,5601,5767,5941,6143,7782,2980,2585,2127,2202,2282,2474,3926
6353,EasternEurope,923,Maldives,462,136,125,110,81,50,55,64,67,70,71,46,21,25,32,69,55,39,35,29,30,32
6354,EasternEurope,923,Nepal,524,591,529,453,427,395,491,2348,298,322,339,332,320,383,1906,293,207,114,95,75,108,442
6355,EasternEurope,923,Pakistan,586,2046,1743,1437,1627,1705,5711,3803,1102,1160,1200,1339,1384,4373,2892,944,583,237,288,321,1338,911
6356,EasternEurope,923,SriLanka,144,1113,1029,912,874,822,898,1771,562,583,585,534,474,533,1206,551,446,327,340,348,365,565
6357,EasternEurope,923,Armenia,51,579891,569812,541588,563128,576235,585989,587967,283219,303503,314199,322151,325490,329790,331039,296672,266309,227389,240977,250745,256199,256928
6358,EasternEurope,923,Azerbaijan,31,1038280,1011302,952950,908887,852597,867177,869294,506229,535634,548526,514814,474362,480826,482181,532051,475668,404424,394073,378235,386351,387113
6359,EasternEurope,923,Bahrain,48,20,24,26,33,38,64,123,14,17,18,22,26,34,70,6,7,8,11,12,30,53
6360,EasternEurope,923,Cyprus,196,1066,1017,965,1312,1658,2613,4609,604,572,538,726,916,1421,2531,462,445,427,586,742,1192,2078
6361,EasternEurope,923,Georgia,268,747740,740397,710672,617858,517525,525805,527505,363250,381117,387528,335210,278925,282400,283430,384490,359280,323144,282648,238600,243405,244075
6362,EasternEurope,923,Iraq,368,3263,3368,3470,5342,6802,10933,6827,2086,2352,2621,4000,5142,7991,4884,1177,1016,849,1342,1660,2942,1943
6363,EasternEurope,923,Israel,376,9211,9519,9863,10652,11836,13110,17346,4712,5201,5712,6120,6759,7594,10429,4499,4318,4151,4532,5077,5516,6917
6364,EasternEurope,923,Jordan,400,7005,6840,6710,6429,6452,5722,6682,5918,6007,6141,5850,5835,5254,5972,1087,833,569,579,617,468,710
6365,EasternEurope,923,Kuwait,414,629,588,552,625,695,809,1291,369,373,380,440,496,560,890,260,215,172,185,199,249,401
6366,EasternEurope,923,Lebanon,422,5705,5568,5434,5461,5731,4909,6121,4204,4487,4785,4728,4874,4152,5034,1501,1081,649,733,857,757,1087
6367,EasternEurope,923,Oman,512,75,65,52,61,71,81,163,34,37,36,37,39,49,107,41,28,16,24,32,32,56
6368,EasternEurope,923,Qatar,634,163,154,143,120,98,145,332,85,86,85,68,53,84,193,78,68,58,52,45,61,139
6369,EasternEurope,923,SaudiArabia,682,652,590,525,684,857,1085,1678,399,391,381,485,602,749,1149,253,199,144,199,255,336,529
6370,EasternEurope,923,StateofPalestine,275,3764,3462,3132,2706,2331,2402,2778,2700,2699,2687,2398,2157,2199,2459,1064,763,445,308,174,203,319
6371,EasternEurope,923,SyrianArabRepublic,760,13970,15652,17411,17651,14789,45968,33222,9663,11439,13281,13424,11884,34053,23529,4307,4213,4130,4227,2905,11915,9693
6372,EasternEurope,923,Turkey,792,18094,18103,17895,20235,23299,31052,43896,10065,11869,13577,15519,18038,23423,32013,8029,6234,4318,4716,5261,7629,11883
6373,EasternEurope,923,UnitedArabEmirates,784,434,492,550,690,836,1052,2354,225,276,325,400,483,598,1366,209,216,225,290,353,454,988
6374,EasternEurope,923,Yemen,887,1434,1227,998,1162,1306,1322,1605,840,851,848,954,1044,1037,1241,594,376,150,208,262,285,364
6375,EasternEurope,923,Belarus,112,1374281,1362504,1327205,1205010,1081101,1092189,1123516,637811,615536,582308,519644,455638,459568,478242,736470,746968,744897,685366,625463,632621,645274
6376,EasternEurope,923,Bulgaria,100,43591,40544,37350,37706,39768,32685,41077,21268,20379,19446,20017,21257,18129,23616,22323,20165,17904,17689,18511,14556,17461
6377,EasternEurope,923,Czechia,203,50438,61061,81568,86300,92794,106616,110896,23102,26277,33608,35810,39147,48696,50636,27336,34784,47960,50490,53647,57920,60260
6378,EasternEurope,923,Hungary,348,38050,38801,41045,40534,40709,43613,47913,16712,17544,18960,18623,18756,21409,24013,21338,21257,22085,21911,21953,22204,23900
6379,EasternEurope,923,Poland,616,47977,53309,58249,60982,61914,63045,68687,22065,24250,26169,27688,28777,29758,33066,25912,29059,32080,33294,33137,33287,35621
6380,EasternEurope,923,RepublicofMoldova,498,535225,519782,495612,497750,508571,576120,754012,246954,251015,250469,251375,255863,290959,392772,288271,268767,245143,246375,252708,285161,361240
6381,EasternEurope,923,Romania,642,212163,190651,170408,203494,238490,216285,246534,94903,86563,78959,95803,113918,103415,125137,117260,104088,91449,107691,124572,112870,121397
6382,EasternEurope,923,RussianFederation,643,6168252,5366178,4642991,4284795,4106218,4102189,4180963,2645653,2264641,1918232,1773934,1703829,1704636,1740003,3522599,3101537,2724759,2510861,2402389,2397553,2440960
6383,EasternEurope,923,Slovakia,703,73883,116265,158658,131734,95339,112476,139288,38453,60796,83147,67667,49318,57270,72442,35430,55469,75511,64067,46021,55206,66846
6384,EasternEurope,923,Ukraine,804,4277399,4317806,4267821,3988027,3656931,3911019,4074209,2046847,2054089,2018417,1861386,1680201,1805005,1905630,2230552,2263717,2249404,2126641,1976730,2106014,2168579
6385,EasternEurope,923,ChannelIslands,830,0,0,0,0,0,0,0,0,0,0,0,0,0,0,0,0,0,0,0,0,0
6386,EasternEurope,923,Denmark,208,3714,3906,4046,3184,2315,2778,5545,1784,1918,2028,1693,1350,1653,3227,1930,1988,2018,1491,965,1125,2318
6387,EasternEurope,923,Estonia,233,76918,80868,82578,77425,71494,72862,73273,37065,38882,39612,36555,33161,33626,33840,39853,41986,42966,40870,38333,39236,39433
6388,EasternEurope,923,FaroeIslands,234,0,0,0,0,0,5,3,0,0,0,0,0,2,1,0,0,0,0,0,3,2
6389,EasternEurope,923,Finland,246,3498,4397,5251,5443,5596,5893,6786,1828,2135,2420,2535,2631,2772,3271,1670,2262,2831,2908,2965,3121,3515
6390,EasternEurope,923,Iceland,352,126,207,291,588,890,770,1108,71,110,150,294,439,380,578,55,97,141,294,451,390,530
6391,EasternEurope,923,Ireland,372,454,917,1440,5843,10393,11186,18592,252,497,770,3061,5411,5916,10351,202,420,670,2782,4982,5270,8241
6392,EasternEurope,923,IsleofMan,833,0,0,0,0,0,5,24,0,0,0,0,0,3,16,0,0,0,0,0,2,8
6393,EasternEurope,923,Latvia,428,130235,135667,137784,129045,119368,121834,123150,62077,64401,65116,60024,54523,55415,56173,68158,71266,72668,69021,64845,66419,66977
6394,EasternEurope,923,Lithuania,440,239853,227564,214863,188507,163834,163773,181271,106596,100765,94776,81353,68306,68837,79648,133257,126799,120087,107154,95528,94936,101623
6395,EasternEurope,923,Norway,578,1899,2405,2932,3586,4258,4840,7509,957,1143,1334,1632,1934,2246,3679,942,1262,1598,1954,2324,2594,3830
6396,EasternEurope,923,Sweden,752,2042,2440,2866,3670,4511,4804,7141,1049,1259,1484,1983,2501,2676,4139,993,1181,1382,1687,2010,2128,3002
6397,EasternEurope,923,UnitedKingdom,826,6209,9555,13345,33950,55035,65201,122005,3445,5328,7443,18778,30277,36184,68862,2764,4227,5902,15172,24758,29017,53143
6398,EasternEurope,923,Albania,8,1948,2214,2455,2558,2706,1987,3694,938,1141,1329,1407,1504,1188,2441,1010,1073,1126,1151,1202,799,1253
6399,EasternEurope,923,Andorra,20,4,6,8,5,1,42,17,2,3,4,3,1,23,10,2,3,4,2,0,19,7
6400,EasternEurope,923,BosniaandHerzegovina,70,6327,5829,5439,6514,7540,7193,9500,3025,2881,2797,3478,4111,3989,5661,3302,2948,2642,3036,3429,3204,3839
6401,EasternEurope,923,Croatia,191,2723,4124,5627,5997,6127,5612,7273,1351,2114,2935,3278,3579,3323,4525,1372,2010,2692,2719,2548,2289,2748
6402,EasternEurope,923,Gibraltar,292,2,3,4,6,11,11,19,1,1,1,1,3,4,7,1,2,3,5,8,7,12
6403,EasternEurope,923,Greece,300,14112,14044,14053,15546,17753,18796,26360,7265,7395,7582,8330,9497,10400,15326,6847,6649,6471,7216,8256,8396,11034
6404,EasternEurope,923,HolySee,336,0,0,0,0,0,4,2,0,0,0,0,0,3,1,0,0,0,0,0,1,1
6405,EasternEurope,923,Italy,380,9310,11251,13661,23526,36244,66709,116990,4890,6567,8556,14377,21693,38692,67942,4420,4684,5105,9149,14551,28017,49048
6406,EasternEurope,923,Malta,470,579,647,695,430,157,257,557,283,311,330,209,86,141,306,296,336,365,221,71,116,251
6407,EasternEurope,923,Montenegro,499,859,868,869,661,447,551,701,459,470,479,408,333,393,476,400,398,390,253,114,158,225
6408,EasternEurope,923,NorthMacedonia,807,51085,27136,3274,4955,6339,7288,9211,22899,12405,1962,3004,4061,4580,6170,28186,14731,1312,1951,2278,2708,3041
6409,EasternEurope,923,Portugal,620,698,755,866,1286,2064,2669,5497,396,436,508,732,1153,1580,3224,302,319,358,554,911,1089,2273
6410,EasternEurope,923,SanMarino,674,33,39,44,47,51,64,59,15,16,16,16,17,22,19,18,23,28,31,34,42,40
6411,EasternEurope,923,Serbia,688,7450,17135,27155,29542,32316,49349,61889,3745,8539,13522,14979,16658,27900,36001,3705,8596,13633,14563,15658,21449,25888
6412,EasternEurope,923,Slovenia,705,504,677,879,1155,1423,1629,2110,245,355,484,681,875,1011,1323,259,322,395,474,548,618,787
6413,EasternEurope,923,Spain,724,2678,3476,4348,10651,17528,44351,82520,1399,1820,2281,5603,9196,23099,43864,1279,1656,2067,5048,8332,21252,38656
6414,EasternEurope,923,Austria,40,17985,19000,20282,20540,20776,22740,32136,8472,9293,10267,10926,11596,12908,18321,9513,9707,10015,9614,9180,9832,13815
6415,EasternEurope,923,Belgium,56,5489,5776,6187,8013,10022,11355,19008,2704,2911,3190,4232,5355,6150,10691,2785,2865,2997,3781,4667,5205,8317
6416,EasternEurope,923,France,250,54282,48976,44955,42122,40275,46024,73501,25175,22625,20763,19589,18757,22442,38731,29107,26351,24192,22533,21518,23582,34770
6417,EasternEurope,923,Germany,276,316957,304403,290223,280987,271707,279273,347406,147968,143337,138125,136560,134498,141646,182571,168989,161066,152098,144427,137209,137627,164835
6418,EasternEurope,923,Liechtenstein,438,1,5,7,10,11,14,16,1,3,4,5,5,9,8,0,2,3,5,6,5,8
6419,EasternEurope,923,Luxembourg,442,300,340,390,438,496,603,1148,144,170,200,214,231,287,577,156,170,190,224,265,316,571
6420,EasternEurope,923,Monaco,492,196,225,247,165,82,94,126,96,103,105,73,40,48,66,100,122,142,92,42,46,60
6421,EasternEurope,923,Netherlands,528,2137,3161,4254,6802,9346,10468,15623,1247,1883,2566,4224,5884,6498,9783,890,1278,1688,2578,3462,3970,5840
6422,EasternEurope,923,Switzerland,756,1526,2345,3216,4134,5070,5788,9043,746,1194,1672,2231,2798,3223,5132,780,1151,1544,1903,2272,2565,3911
6423,EasternEurope,923,Anguilla,660,314,316,307,197,83,236,80,156,166,170,116,59,170,60,158,150,137,81,24,66,20
6424,EasternEurope,923,AntiguaandBarbuda,28,2,4,6,6,5,9,4,2,4,6,5,4,5,3,0,0,0,1,1,4,1
6425,EasternEurope,923,Aruba,533,1,2,3,4,6,7,6,1,2,3,3,5,5,4,0,0,0,1,1,2,2
6426,EasternEurope,923,Bahamas,44,2,5,7,9,13,12,14,2,3,3,4,6,5,8,0,2,4,5,7,7,6
6427,EasternEurope,923,Barbados,52,4,9,12,11,10,8,10,1,2,3,3,5,3,4,3,7,9,8,5,5,6
6428,EasternEurope,923,Bonaire,16,535,0,0,0,0,0,0,0,0,0,0,0,0,0,0,0,0,0,0,0,0
6429,EasternEurope,923,BritishVirginIslands,92,21,34,46,63,79,60,61,14,23,31,42,53,37,36,7,11,15,21,26,23,25
6430,EasternEurope,923,CaymanIslands,136,0,1,1,2,2,8,8,0,1,1,1,1,4,1,0,0,0,1,1,4,7
6431,EasternEurope,923,Cuba,192,3421,3431,3370,3611,3788,3883,4396,1755,1938,2084,2205,2286,2361,2718,1666,1493,1286,1406,1502,1522,1678
6432,EasternEurope,923,CuraÃao,531,0,0,0,0,0,0,0,0,0,0,0,0,0,0,0,0,0,0,0,0,0
6433,EasternEurope,923,Dominica,212,0,0,0,2,3,10,17,0,0,0,2,3,7,7,0,0,0,0,0,3,10
6434,EasternEurope,923,DominicanRepublic,214,10,25,41,75,109,186,462,5,13,21,38,53,87,232,5,12,20,37,56,99,230
6435,EasternEurope,923,Grenada,308,1,3,4,6,6,7,9,1,2,2,4,5,5,6,0,1,2,2,1,2,3
6436,EasternEurope,923,Guadeloupe,312,0,0,0,0,0,0,0,0,0,0,0,0,0,0,0,0,0,0,0,0,0
6437,EasternEurope,923,Haiti,332,6,10,14,12,9,19,49,3,6,9,7,6,12,23,3,4,5,5,3,7,26
6438,EasternEurope,923,Jamaica,388,6,16,25,37,47,73,96,4,9,15,23,31,42,55,2,7,10,14,16,31,41
6439,EasternEurope,923,Martinique,474,0,0,0,0,0,0,0,0,0,0,0,0,0,0,0,0,0,0,0,0,0
6440,EasternEurope,923,Montserrat,500,0,0,0,0,0,0,0,0,0,0,0,0,0,0,0,0,0,0,0,0,0
6441,EasternEurope,923,PuertoRico,630,0,0,0,0,0,0,0,0,0,0,0,0,0,0,0,0,0,0,0,0,0
6442,EasternEurope,923,SaintBarthelemy,652,0,0,0,0,0,0,0,0,0,0,0,0,0,0,0,0,0,0,0,0,0
6443,EasternEurope,923,SaintKittsandNevis,659,13,10,6,6,5,1,0,4,4,4,4,4,1,0,9,6,2,2,1,0,0
6444,EasternEurope,923,SaintLucia,662,0,1,1,2,3,10,7,0,1,1,1,2,6,5,0,0,0,1,1,4,2
6445,EasternEurope,923,SaintMartinFrenchpart,663,0,0,0,0,0,0,0,0,0,0,0,0,0,0,0,0,0,0,0,0,0
6446,EasternEurope,923,SaintVincentandtheGrenadines,670,0,2,3,5,6,5,1,0,1,1,3,4,2,0,0,1,2,2,2,3,1
6447,EasternEurope,923,SintMaartenDutchpart,534,0,0,0,0,0,0,0,0,0,0,0,0,0,0,0,0,0,0,0,0,0
6448,EasternEurope,923,TrinidadandTobago,780,0,6,10,15,18,27,73,0,3,4,7,9,15,42,0,3,6,8,9,12,31
6449,EasternEurope,923,TurksandCaicosIslands,796,1,2,2,3,3,3,1,1,2,2,3,3,3,1,0,0,0,0,0,0,0
6450,EasternEurope,923,UnitedStatesVirginIslands,850,0,0,0,0,0,0,0,0,0,0,0,0,0,0,0,0,0,0,0,0,0
6451,EasternEurope,923,Belize,84,1,3,3,4,3,7,8,0,1,1,1,1,4,7,1,2,2,3,2,3,1
6452,EasternEurope,923,CostaRica,188,75,79,84,108,133,195,431,48,53,56,78,100,124,265,27,26,28,30,33,71,166
6453,EasternEurope,923,ElSalvador,222,16,18,19,25,31,64,145,9,9,9,11,14,37,77,7,9,10,14,17,27,68
6454,EasternEurope,923,Guatemala,320,9,14,19,38,54,72,178,3,5,8,16,23,38,103,6,9,11,22,31,34,75
6455,EasternEurope,923,Honduras,340,3,7,9,17,23,46,166,3,4,5,9,13,24,59,0,3,4,8,10,22,107
6456,EasternEurope,923,Mexico,484,386,530,683,939,1187,1528,2793,195,278,364,513,657,853,1569,191,252,319,426,530,675,1224
6457,EasternEurope,923,Nicaragua,558,98,101,102,112,120,141,391,58,63,69,78,87,106,136,40,38,33,34,33,35,255
6458,EasternEurope,923,Panama,591,129,122,113,113,114,154,204,72,75,77,77,76,95,128,57,47,36,36,38,59,76
6459,EasternEurope,923,Argentina,32,1044,1185,1323,1286,1259,1395,2058,524,605,684,684,691,772,1183,520,580,639,602,568,623,875
6460,EasternEurope,923,BoliviaPlurinationalStateof,68,454,449,431,360,279,306,526,238,259,272,240,198,207,337,216,190,159,120,81,99,189
6461,EasternEurope,923,Brazil,76,1055,1239,1420,1600,1767,3129,4404,488,584,676,803,927,1753,2281,567,655,744,797,840,1376,2123
6462,EasternEurope,923,Chile,152,795,826,836,648,451,491,854,411,425,428,347,261,284,474,384,401,408,301,190,207,380
6463,EasternEurope,923,Colombia,170,472,499,523,640,747,899,1424,252,295,336,387,432,517,782,220,204,187,253,315,382,642
6464,EasternEurope,923,Ecuador,218,413,427,434,476,511,552,961,221,249,272,313,349,362,529,192,178,162,163,162,190,432
6465,EasternEurope,923,FalklandIslandsMalvinas,238,0,0,0,0,0,0,1,0,0,0,0,0,0,0,0,0,0,0,0,0,1
6466,EasternEurope,923,FrenchGuiana,254,0,0,0,0,0,0,0,0,0,0,0,0,0,0,0,0,0,0,0,0,0
6467,EasternEurope,923,Guyana,328,25,22,19,30,43,42,55,21,19,16,21,28,29,38,4,3,3,9,15,13,17
6468,EasternEurope,923,Paraguay,600,117,140,156,124,89,99,246,60,67,70,61,49,51,92,57,73,86,63,40,48,154
6469,EasternEurope,923,Peru,604,1028,987,929,889,836,927,1338,565,596,617,585,546,593,840,463,391,312,304,290,334,498
6470,EasternEurope,923,Suriname,740,0,1,1,5,8,21,36,0,1,1,4,6,14,27,0,0,0,1,2,7,9
6471,EasternEurope,923,Uruguay,858,585,605,609,479,344,369,608,281,291,293,227,155,177,311,304,314,316,252,189,192,297
6472,EasternEurope,923,VenezuelaBolivarianRepublicof,862,622,612,591,539,485,578,1686,321,320,312,296,279,315,848,301,292,279,243,206,263,838
6473,EasternEurope,923,Bermuda,60,1,2,2,4,5,6,4,1,1,1,1,1,2,1,0,1,1,3,4,4,3
6474,EasternEurope,923,Canada,124,3118,3701,4359,5671,7040,7704,10654,1623,1914,2247,2990,3765,4135,6028,1495,1787,2112,2681,3275,3569,4626
6475,EasternEurope,923,Greenland,304,1,2,2,3,4,7,5,1,2,2,3,4,6,4,0,0,0,0,0,1,1
6476,EasternEurope,923,SaintPierreandMiquelon,666,0,0,0,0,0,0,0,0,0,0,0,0,0,0,0,0,0,0,0,0,0
6477,EasternEurope,923,UnitedStatesofAmerica,840,23812,24138,24888,31030,37700,40585,55296,10821,11246,11873,15665,19663,21549,30256,12991,12892,13015,15365,18037,19036,25040
6478,EasternEurope,923,Australia,36,2581,2502,2440,2840,3241,3485,4766,1322,1302,1291,1536,1780,1954,2779,1259,1200,1149,1304,1461,1531,1987
6479,EasternEurope,923,NewZealand,554,282,344,404,471,532,646,939,147,189,232,279,319,409,595,135,155,172,192,213,237,344
6480,EasternEurope,923,Fiji,242,2,4,5,6,5,10,15,1,3,4,3,2,7,10,1,1,1,3,3,3,5
6481,EasternEurope,923,NewCaledonia,540,0,0,0,0,0,3,3,0,0,0,0,0,2,1,0,0,0,0,0,1,2
6482,EasternEurope,923,PapuaNewGuinea,598,1,4,4,6,7,14,24,1,2,2,4,5,8,14,0,2,2,2,2,6,10
6483,EasternEurope,923,SolomonIslands,90,0,0,0,0,0,3,2,0,0,0,0,0,2,1,0,0,0,0,0,1,1
6484,EasternEurope,923,Vanuatu,548,1,2,3,3,2,18,15,1,1,2,1,0,11,10,0,1,1,2,2,7,5
6485,EasternEurope,923,Guam,316,0,0,0,0,0,0,0,0,0,0,0,0,0,0,0,0,0,0,0,0,0
6486,EasternEurope,923,Kiribati,296,2,3,4,5,6,13,9,2,2,3,2,3,5,2,0,1,1,3,3,8,7
6487,EasternEurope,923,MarshallIslands,584,0,0,0,1,1,1,0,0,0,0,1,1,1,0,0,0,0,0,0,0,0
6488,EasternEurope,923,MicronesiaFedStatesof,583,0,0,0,0,0,1,0,0,0,0,0,0,1,0,0,0,0,0,0,0,0
6489,EasternEurope,923,Nauru,520,1,2,2,3,2,5,1,1,1,1,2,2,3,1,0,1,1,1,0,2,0
6490,EasternEurope,923,NorthernMarianaIslands,580,254,268,273,162,49,50,48,125,131,132,77,20,21,21,129,137,141,85,29,29,27
6491,EasternEurope,923,Palau,585,0,0,0,0,0,0,0,0,0,0,0,0,0,0,0,0,0,0,0,0,0
6492,EasternEurope,923,AmericanSamoa,16,959,1012,1029,541,43,43,41,471,493,498,263,22,22,22,488,519,531,278,21,21,19
6493,EasternEurope,923,CookIslands,184,0,0,0,0,0,0,0,0,0,0,0,0,0,0,0,0,0,0,0,0,0
6494,EasternEurope,923,FrenchPolynesia,258,0,0,0,0,0,3,8,0,0,0,0,0,2,3,0,0,0,0,0,1,5
6495,EasternEurope,923,Niue,570,0,0,0,0,0,0,0,0,0,0,0,0,0,0,0,0,0,0,0,0,0
6496,EasternEurope,923,Samoa,882,1,3,4,6,6,11,6,0,0,0,1,1,3,1,1,3,4,5,5,8,5
6497,EasternEurope,923,Tokelau,772,0,0,0,1,1,0,0,0,0,0,0,0,0,0,0,0,0,1,1,0,0
6498,EasternEurope,923,Tonga,776,2,4,5,4,2,5,17,1,2,2,1,1,2,11,1,2,3,3,1,3,6
6499,EasternEurope,923,Tuvalu,798,34,38,42,317,585,585,582,18,20,22,138,249,244,243,16,18,20,179,336,341,339
6500,EasternEurope,923,WallisandFutunaIslands,876,0,0,0,0,0,1,2,0,0,0,0,0,0,2,0,0,0,0,0,1,0
6501,CentralAmerica,916,MiddleAfrica,911,104,98,121,177,250,252,270,64,57,70,104,153,161,178,40,41,51,73,97,91,92
6502,CentralAmerica,916,WesternAsia,922,5783,5998,6586,5839,6038,6838,7732,3285,3434,3810,3486,3781,4307,4963,2498,2564,2776,2353,2257,2531,2769
6503,CentralAmerica,916,EasternEurope,923,6653,6581,7237,6532,7652,7989,9068,2917,2753,2891,2761,3417,3717,4379,3736,3828,4346,3771,4235,4272,4689
6504,CentralAmerica,916,CentralAmerica,916,1195652,622093,450936,503647,572815,620056,743476,580584,301412,221229,242521,269544,291970,360785,615068,320681,229707,261126,303271,328086,382691
6505,CentralAmerica,916,Melanesia,928,1,1,1,2,2,1,1,0,0,0,0,0,0,0,1,1,1,2,2,1,1
6506,CentralAmerica,916,Micronesia,954,5,4,4,4,6,5,6,3,2,2,2,2,2,3,2,2,2,2,4,3,3
6507,CentralAmerica,916,Polynesia,957,0,0,0,0,0,0,0,0,0,0,0,0,0,0,0,0,0,0,0,0,0
6508,CentralAmerica,916,Burundi,108,0,0,0,0,0,0,0,0,0,0,0,0,0,0,0,0,0,0,0,0,0
6509,CentralAmerica,916,Comoros,174,0,0,0,0,0,0,0,0,0,0,0,0,0,0,0,0,0,0,0,0,0
6510,CentralAmerica,916,Djibouti,262,0,0,0,0,0,0,0,0,0,0,0,0,0,0,0,0,0,0,0,0,0
6511,CentralAmerica,916,Eritrea,232,0,0,0,0,0,0,0,0,0,0,0,0,0,0,0,0,0,0,0,0,0
6512,CentralAmerica,916,Ethiopia,231,38,30,50,74,78,82,84,25,20,32,46,49,51,53,13,10,18,28,29,31,31
6513,CentralAmerica,916,Kenya,404,73,50,32,49,75,76,82,15,14,16,28,47,48,53,58,36,16,21,28,28,29
6514,CentralAmerica,916,Madagascar,450,2,2,2,2,4,3,3,0,0,0,0,0,0,0,2,2,2,2,4,3,3
6515,CentralAmerica,916,Malawi,454,0,0,0,0,0,0,0,0,0,0,0,0,0,0,0,0,0,0,0,0,0
6516,CentralAmerica,916,Mauritius,480,0,0,0,0,0,0,0,0,0,0,0,0,0,0,0,0,0,0,0,0,0
6517,CentralAmerica,916,Mayotte,175,0,0,0,0,0,0,0,0,0,0,0,0,0,0,0,0,0,0,0,0,0
6518,CentralAmerica,916,Mozambique,508,3,2,3,3,5,4,4,1,0,1,1,1,1,1,2,2,2,2,4,3,3
6519,CentralAmerica,916,Reunion,638,0,0,0,0,0,0,0,0,0,0,0,0,0,0,0,0,0,0,0,0,0
6520,CentralAmerica,916,Rwanda,646,1,1,1,2,2,1,1,0,0,0,0,0,0,0,1,1,1,2,2,1,1
6521,CentralAmerica,916,Seychelles,690,0,0,0,0,0,0,0,0,0,0,0,0,0,0,0,0,0,0,0,0,0
6522,CentralAmerica,916,Somalia,706,18,15,24,36,38,39,39,5,4,5,6,7,7,7,13,11,19,30,31,32,32
6523,CentralAmerica,916,SouthSudan,728,0,0,0,0,0,0,0,0,0,0,0,0,0,0,0,0,0,0,0,0,0
6524,CentralAmerica,916,Uganda,800,8,6,7,6,10,9,11,6,4,5,4,6,6,8,2,2,2,2,4,3,3
6525,CentralAmerica,916,UnitedRepublicofTanzania,834,3,2,3,3,5,4,4,1,0,1,1,1,1,1,2,2,2,2,4,3,3
6526,CentralAmerica,916,Zambia,894,0,0,0,0,0,0,0,0,0,0,0,0,0,0,0,0,0,0,0,0,0
6527,CentralAmerica,916,Zimbabwe,716,2,1,1,2,2,1,1,0,0,1,2,2,1,1,2,1,0,0,0,0,0
6528,CentralAmerica,916,Angola,24,43,45,51,50,56,57,60,22,22,25,23,26,28,30,21,23,26,27,30,29,30
6529,CentralAmerica,916,Cameroon,120,13,11,13,28,50,50,55,6,5,6,18,35,37,42,7,6,7,10,15,13,13
6530,CentralAmerica,916,CentralAfricanRepublic,140,5,4,4,4,6,5,6,4,3,3,2,4,4,5,1,1,1,2,2,1,1
6531,CentralAmerica,916,Chad,148,0,0,0,0,0,0,0,0,0,0,0,0,0,0,0,0,0,0,0,0,0
6532,CentralAmerica,916,Congo,178,7,5,6,5,9,8,9,5,3,4,3,5,5,6,2,2,2,2,4,3,3
6533,CentralAmerica,916,DemocraticRepublicoftheCongo,180,35,32,46,88,127,131,139,27,24,32,58,83,87,95,8,8,14,30,44,44,44
6534,CentralAmerica,916,EquatorialGuinea,226,0,0,0,0,0,0,0,0,0,0,0,0,0,0,0,0,0,0,0,0,0
6535,CentralAmerica,916,Gabon,266,1,1,1,2,2,1,1,0,0,0,0,0,0,0,1,1,1,2,2,1,1
6536,CentralAmerica,916,SaoTomeandPrincipe,678,0,0,0,0,0,0,0,0,0,0,0,0,0,0,0,0,0,0,0,0,0
6537,CentralAmerica,916,Algeria,12,141,148,208,215,217,227,241,70,83,121,121,124,131,142,71,65,87,94,93,96,99
6538,CentralAmerica,916,Egypt,818,259,236,229,245,299,318,353,119,119,130,152,203,216,243,140,117,99,93,96,102,110
6539,CentralAmerica,916,Libya,434,23,23,30,31,46,49,58,12,13,18,20,32,35,43,11,10,12,11,14,14,15
6540,CentralAmerica,916,Morocco,504,227,245,281,275,307,327,363,105,126,156,163,191,206,233,122,119,125,112,116,121,130
6541,CentralAmerica,916,Sudan,729,1,1,1,2,2,1,1,1,1,1,2,2,1,1,0,0,0,0,0,0,0
6542,CentralAmerica,916,Tunisia,788,3,2,3,3,5,4,4,1,0,1,1,1,1,1,2,2,2,2,4,3,3
6543,CentralAmerica,916,WesternSahara,732,0,0,0,0,0,0,0,0,0,0,0,0,0,0,0,0,0,0,0,0,0
6544,CentralAmerica,916,Botswana,72,0,0,0,0,0,0,0,0,0,0,0,0,0,0,0,0,0,0,0,0,0
6545,CentralAmerica,916,Eswatini,748,1,1,1,2,2,1,1,0,1,1,2,2,1,1,1,0,0,0,0,0,0
6546,CentralAmerica,916,Lesotho,426,0,0,0,0,0,0,0,0,0,0,0,0,0,0,0,0,0,0,0,0,0
6547,CentralAmerica,916,Namibia,516,0,0,0,0,0,0,0,0,0,0,0,0,0,0,0,0,0,0,0,0,0
6548,CentralAmerica,916,SouthAfrica,710,146,150,178,202,292,305,342,69,70,81,100,153,162,186,77,80,97,102,139,143,156
6549,CentralAmerica,916,Benin,204,1,1,1,2,2,1,1,0,0,0,0,0,0,0,1,1,1,2,2,1,1
6550,CentralAmerica,916,BurkinaFaso,854,0,0,0,0,0,0,0,0,0,0,0,0,0,0,0,0,0,0,0,0,0
6551,CentralAmerica,916,CaboVerde,132,0,0,0,0,0,0,0,0,0,0,0,0,0,0,0,0,0,0,0,0,0
6552,CentralAmerica,916,CotedIvoire,384,141,72,8,17,30,29,30,71,37,6,11,20,21,22,70,35,2,6,10,8,8
6553,CentralAmerica,916,Gambia,270,0,0,0,0,0,0,0,0,0,0,0,0,0,0,0,0,0,0,0,0,0
6554,CentralAmerica,916,Ghana,288,1,1,1,2,2,1,1,1,1,1,2,2,1,1,0,0,0,0,0,0,0
6555,CentralAmerica,916,Guinea,324,0,0,0,0,0,0,0,0,0,0,0,0,0,0,0,0,0,0,0,0,0
6556,CentralAmerica,916,GuineaBissau,624,0,0,0,0,0,0,0,0,0,0,0,0,0,0,0,0,0,0,0,0,0
6557,CentralAmerica,916,Liberia,430,0,0,0,0,0,0,0,0,0,0,0,0,0,0,0,0,0,0,0,0,0
6558,CentralAmerica,916,Mali,466,0,0,0,0,0,0,0,0,0,0,0,0,0,0,0,0,0,0,0,0,0
6559,CentralAmerica,916,Mauritania,478,0,0,0,0,0,0,0,0,0,0,0,0,0,0,0,0,0,0,0,0,0
6560,CentralAmerica,916,Niger,562,0,0,0,0,0,0,0,0,0,0,0,0,0,0,0,0,0,0,0,0,0
6561,CentralAmerica,916,Nigeria,566,120,106,106,166,237,252,276,95,82,76,121,175,187,212,25,24,30,45,62,65,64
6562,CentralAmerica,916,SaintHelena,654,0,0,0,0,0,0,0,0,0,0,0,0,0,0,0,0,0,0,0,0,0
6563,CentralAmerica,916,Senegal,686,107,88,134,191,210,222,232,65,51,63,85,95,102,107,42,37,71,106,115,120,125
6564,CentralAmerica,916,SierraLeone,694,0,0,0,0,0,0,0,0,0,0,0,0,0,0,0,0,0,0,0,0,0
6565,CentralAmerica,916,Togo,768,0,0,0,0,0,0,0,0,0,0,0,0,0,0,0,0,0,0,0,0,0
6566,CentralAmerica,916,Kazakhstan,398,5,4,4,4,6,5,6,0,0,0,0,0,0,1,5,4,4,4,6,5,5
6567,CentralAmerica,916,Kyrgyzstan,417,0,0,0,0,0,0,0,0,0,0,0,0,0,0,0,0,0,0,0,0,0
6568,CentralAmerica,916,Tajikistan,762,0,0,0,0,0,0,0,0,0,0,0,0,0,0,0,0,0,0,0,0,0
6569,CentralAmerica,916,Turkmenistan,795,0,0,0,0,0,0,0,0,0,0,0,0,0,0,0,0,0,0,0,0,0
6570,CentralAmerica,916,Uzbekistan,860,1,1,1,2,2,1,1,0,0,0,0,0,0,0,1,1,1,2,2,1,1
6571,CentralAmerica,916,China,156,13294,14411,16407,19854,26614,31474,36523,7825,8123,8896,10678,14363,17755,20964,5469,6288,7511,9176,12251,13719,15559
6572,CentralAmerica,916,China,156,344,1751,1933,2934,1984,3547,3645,4366,939,1049,1577,1050,1880,1922,2403,812,884,1357,934,1667,1723
6573,CentralAmerica,916,China,156,446,2,1,1,2,2,1,1,1,1,1,2,2,1,1,1,0,0,0,0,0
6574,CentralAmerica,916,China,156,158,0,0,0,0,0,0,0,0,0,0,0,0,0,0,0,0,0,0,0,0
6575,CentralAmerica,916,DemPeoplesRepublicofKorea,408,405,1287,2231,1098,112,1817,1989,197,658,1154,570,65,1166,1286,208,629,1077,528,47,651,703
6576,CentralAmerica,916,Japan,392,3756,4335,5178,4210,3919,4782,5292,2064,2267,2622,2147,2039,2842,3181,1692,2068,2556,2063,1880,1940,2111
6577,CentralAmerica,916,Mongolia,496,7,7,11,8,16,15,18,5,5,8,5,11,11,14,2,2,3,3,5,4,4
6578,CentralAmerica,916,RepublicofKorea,410,943,1514,2198,4037,6339,4478,5007,507,831,1218,2309,3663,2626,2960,436,683,980,1728,2676,1852,2047
6579,CentralAmerica,916,BruneiDarussalam,96,0,0,0,0,0,0,0,0,0,0,0,0,0,0,0,0,0,0,0,0,0
6580,CentralAmerica,916,Cambodia,116,2,2,2,2,4,3,3,0,0,0,0,0,0,0,2,2,2,2,4,3,3
6581,CentralAmerica,916,Indonesia,360,158,188,234,256,323,351,398,99,111,133,150,196,217,254,59,77,101,106,127,134,144
6582,CentralAmerica,916,LaoPeoplesDemocraticRepublic,418,3,2,3,3,5,4,4,1,0,1,1,1,1,1,2,2,2,2,4,3,3
6583,CentralAmerica,916,Malaysia,458,38,60,88,80,85,89,97,12,31,54,46,45,47,54,26,29,34,34,40,42,43
6584,CentralAmerica,916,Myanmar,104,33,40,53,65,98,110,131,26,35,47,60,87,101,122,7,5,6,5,11,9,9
6585,CentralAmerica,916,Philippines,608,527,761,1066,1413,2082,2345,2752,379,520,701,1050,1623,1857,2216,148,241,365,363,459,488,536
6586,CentralAmerica,916,Singapore,702,39,59,89,84,97,103,116,17,30,49,43,49,53,64,22,29,40,41,48,50,52
6587,CentralAmerica,916,Thailand,764,42,55,73,147,249,274,311,37,31,26,81,151,173,203,5,24,47,66,98,101,108
6588,CentralAmerica,916,TimorLeste,626,0,0,0,0,0,0,0,0,0,0,0,0,0,0,0,0,0,0,0,0,0
6589,CentralAmerica,916,VietNam,704,88,71,59,91,135,144,161,62,48,35,52,74,80,92,26,23,24,39,61,64,69
6590,CentralAmerica,916,Afghanistan,4,52,33,40,57,62,65,66,27,18,22,30,32,35,36,25,15,18,27,30,30,30
6591,CentralAmerica,916,Bangladesh,50,66,48,36,61,96,102,114,42,35,31,50,76,82,92,24,13,5,11,20,20,22
6592,CentralAmerica,916,Bhutan,64,3,2,3,3,5,4,4,2,1,2,1,3,3,3,1,1,1,2,2,1,1
6593,CentralAmerica,916,India,356,1914,2396,3027,3733,5283,7127,8306,1159,1414,1755,2238,3249,4611,5447,755,982,1272,1495,2034,2516,2859
6594,CentralAmerica,916,IranIslamicRepublicof,364,202,287,414,389,481,507,566,151,218,317,281,338,357,407,51,69,97,108,143,150,159
6595,CentralAmerica,916,Maldives,462,1,1,1,2,2,1,1,0,0,0,0,0,0,0,1,1,1,2,2,1,1
6596,CentralAmerica,916,Nepal,524,7,5,6,5,9,8,9,6,4,5,3,7,7,8,1,1,1,2,2,1,1
6597,CentralAmerica,916,Pakistan,586,89,120,161,191,250,268,299,46,77,114,133,175,185,211,43,43,47,58,75,83,88
6598,CentralAmerica,916,SriLanka,144,1,1,1,2,2,1,1,1,1,1,2,2,1,1,0,0,0,0,0,0,0
6599,CentralAmerica,916,Armenia,51,66,70,80,85,105,107,116,37,37,41,43,53,54,60,29,33,39,42,52,53,56
6600,CentralAmerica,916,Azerbaijan,31,2,2,2,2,4,3,3,1,1,1,0,2,2,2,1,1,1,2,2,1,1
6601,CentralAmerica,916,Bahrain,48,1,1,1,2,2,1,1,1,1,1,2,2,1,1,0,0,0,0,0,0,0
6602,CentralAmerica,916,Cyprus,196,2,2,2,2,4,3,3,1,2,2,2,4,3,3,1,0,0,0,0,0,0
6603,CentralAmerica,916,Georgia,268,10,8,9,29,63,70,82,4,4,4,23,49,58,69,6,4,5,6,14,12,13
6604,CentralAmerica,916,Iraq,368,33,48,71,59,64,64,70,7,24,47,41,48,50,55,26,24,24,18,16,14,15
6605,CentralAmerica,916,Israel,376,2035,2138,2377,2241,2512,3474,3933,1164,1243,1408,1370,1597,2188,2516,871,895,969,871,915,1286,1417
6606,CentralAmerica,916,Jordan,400,130,157,203,194,210,239,266,99,111,135,127,142,163,185,31,46,68,67,68,76,81
6607,CentralAmerica,916,Kuwait,414,0,0,0,0,0,0,0,0,0,0,0,0,0,0,0,0,0,0,0,0,0
6608,CentralAmerica,916,Lebanon,422,1972,2008,2163,1729,1580,1219,1398,1108,1131,1227,999,947,745,869,864,877,936,730,633,474,529
6609,CentralAmerica,916,Oman,512,2,2,2,2,4,3,3,2,2,2,2,4,3,3,0,0,0,0,0,0,0
6610,CentralAmerica,916,Qatar,634,2,2,2,2,4,3,3,1,1,1,0,2,2,2,1,1,1,2,2,1,1
6611,CentralAmerica,916,SaudiArabia,682,237,230,237,200,193,205,226,118,132,155,138,141,152,172,119,98,82,62,52,53,54
6612,CentralAmerica,916,StateofPalestine,275,279,289,306,325,367,440,479,144,157,173,179,199,241,272,135,132,133,146,168,199,207
6613,CentralAmerica,916,SyrianArabRepublic,760,654,657,693,556,499,551,643,437,413,411,337,318,351,418,217,244,282,219,181,200,225
6614,CentralAmerica,916,Turkey,792,345,373,420,384,399,426,476,156,171,196,215,265,285,326,189,202,224,169,134,141,150
6615,CentralAmerica,916,UnitedArabEmirates,784,0,0,0,0,0,0,0,0,0,0,0,0,0,0,0,0,0,0,0,0,0
6616,CentralAmerica,916,Yemen,887,13,11,18,27,28,30,30,5,4,6,8,8,9,10,8,7,12,19,20,21,20
6617,CentralAmerica,916,Belarus,112,5,4,4,4,6,5,6,3,2,2,2,2,2,3,2,2,2,2,4,3,3
6618,CentralAmerica,916,Bulgaria,100,221,342,503,417,438,463,516,108,163,236,191,196,211,243,113,179,267,226,242,252,273
6619,CentralAmerica,916,Czechia,203,364,351,356,339,364,382,421,240,185,140,129,133,139,158,124,166,216,210,231,243,263
6620,CentralAmerica,916,Hungary,348,435,409,427,411,495,519,580,207,181,177,170,214,224,259,228,228,250,241,281,295,321
6621,CentralAmerica,916,Poland,616,2089,1809,1712,1328,1317,1180,1343,778,689,680,537,557,580,681,1311,1120,1032,791,760,600,662
6622,CentralAmerica,916,RepublicofMoldova,498,3,2,3,3,5,4,4,2,1,2,1,3,3,3,1,1,1,2,2,1,1
6623,CentralAmerica,916,Romania,642,378,417,504,510,652,696,788,224,211,221,230,305,330,390,154,206,283,280,347,366,398
6624,CentralAmerica,916,RussianFederation,643,2533,2638,3037,2718,3230,3495,3979,1083,1046,1117,1090,1391,1543,1826,1450,1592,1920,1628,1839,1952,2153
6625,CentralAmerica,916,Slovakia,703,94,70,57,93,158,166,186,40,35,34,38,59,63,73,54,35,23,55,99,103,113
6626,CentralAmerica,916,Ukraine,804,531,539,634,709,987,1079,1245,232,240,282,373,557,622,743,299,299,352,336,430,457,502
6627,CentralAmerica,916,ChannelIslands,830,97,73,85,57,111,111,132,32,25,28,18,35,35,46,65,48,57,39,76,76,86
6628,CentralAmerica,916,Denmark,208,377,409,488,442,493,526,592,227,238,276,265,316,341,393,150,171,212,177,177,185,199
6629,CentralAmerica,916,Estonia,233,2,2,2,2,4,3,3,0,0,0,0,0,0,0,2,2,2,2,4,3,3
6630,CentralAmerica,916,FaroeIslands,234,0,0,0,0,0,0,0,0,0,0,0,0,0,0,0,0,0,0,0,0,0
6631,CentralAmerica,916,Finland,246,60,100,153,164,211,221,248,24,40,60,65,83,88,104,36,60,93,99,128,133,144
6632,CentralAmerica,916,Iceland,352,2,1,1,2,2,1,1,1,0,0,0,0,0,0,1,1,1,2,2,1,1
6633,CentralAmerica,916,Ireland,372,258,275,321,341,415,438,487,147,154,180,211,272,290,328,111,121,141,130,143,148,159
6634,CentralAmerica,916,IsleofMan,833,0,0,0,0,0,0,0,0,0,0,0,0,0,0,0,0,0,0,0,0,0
6635,CentralAmerica,916,Latvia,428,22,24,27,30,36,36,39,11,11,11,10,12,13,15,11,13,16,20,24,23,24
6636,CentralAmerica,916,Lithuania,440,101,113,136,112,109,116,130,44,49,57,49,52,59,70,57,64,79,63,57,57,60
6637,CentralAmerica,916,Norway,578,107,170,261,248,320,338,383,65,99,148,148,202,215,248,42,71,113,100,118,123,135
6638,CentralAmerica,916,Sweden,752,586,708,898,787,862,1140,1275,299,352,444,428,514,691,790,287,356,454,359,348,449,485
6639,CentralAmerica,916,UnitedKingdom,826,3733,4362,5333,5373,6382,6957,7888,2084,2325,2766,3021,3845,3939,4554,1649,2037,2567,2352,2537,3018,3334
6640,CentralAmerica,916,Albania,8,2,2,3,3,5,4,4,1,2,3,3,5,4,4,1,0,0,0,0,0,0
6641,CentralAmerica,916,Andorra,20,0,0,0,0,0,0,0,0,0,0,0,0,0,0,0,0,0,0,0,0,0
6642,CentralAmerica,916,BosniaandHerzegovina,70,0,0,0,0,0,0,0,0,0,0,0,0,0,0,0,0,0,0,0,0,0
6643,CentralAmerica,916,Croatia,191,121,126,146,137,165,181,207,78,81,92,87,104,119,139,43,45,54,50,61,62,68
6644,CentralAmerica,916,Gibraltar,292,3,2,3,3,5,4,4,0,0,0,0,0,0,0,3,2,3,3,5,4,4
6645,CentralAmerica,916,Greece,300,518,516,552,507,562,619,714,334,350,388,368,420,467,546,184,166,164,139,142,152,168
6646,CentralAmerica,916,HolySee,336,0,0,0,0,0,0,0,0,0,0,0,0,0,0,0,0,0,0,0,0,0
6647,CentralAmerica,916,Italy,380,6466,7084,8576,7696,9145,10339,11655,3982,4422,5407,4997,6062,7237,8230,2484,2662,3169,2699,3083,3102,3425
6648,CentralAmerica,916,Malta,470,0,0,0,0,0,0,0,0,0,0,0,0,0,0,0,0,0,0,0,0,0
6649,CentralAmerica,916,Montenegro,499,0,0,0,0,0,0,0,0,0,0,0,0,0,0,0,0,0,0,0,0,0
6650,CentralAmerica,916,NorthMacedonia,807,26,18,20,14,27,26,31,17,11,11,7,14,14,17,9,7,9,7,13,12,14
6651,CentralAmerica,916,Portugal,620,431,506,625,632,773,943,1065,310,333,381,395,492,651,743,121,173,244,237,281,292,322
6652,CentralAmerica,916,SanMarino,674,0,0,0,0,0,0,0,0,0,0,0,0,0,0,0,0,0,0,0,0,0
6653,CentralAmerica,916,Serbia,688,32,42,56,64,82,88,96,22,27,33,36,44,49,54,10,15,23,28,38,39,42
6654,CentralAmerica,916,Slovenia,705,39,43,49,48,52,54,57,23,25,28,24,23,25,27,16,18,21,24,29,29,30
6655,CentralAmerica,916,Spain,724,31682,28691,27608,25808,28486,31187,34749,17528,15790,15153,14093,15558,17720,20013,14154,12901,12455,11715,12928,13467,14736
6656,CentralAmerica,916,Austria,40,622,742,934,761,770,809,903,329,394,504,406,423,443,506,293,348,430,355,347,366,397
6657,CentralAmerica,916,Belgium,56,1122,1212,1436,1283,1478,1569,1765,626,634,719,691,862,916,1053,496,578,717,592,616,653,712
6658,CentralAmerica,916,France,250,5731,6238,7250,8305,10894,12229,13569,2900,3196,3772,4231,5509,6768,7616,2831,3042,3478,4074,5385,5461,5953
6659,CentralAmerica,916,Germany,276,7694,7761,8656,8758,11103,11059,12392,4063,4249,4915,5020,6423,6118,6971,3631,3512,3741,3738,4680,4941,5421
6660,CentralAmerica,916,Liechtenstein,438,3,2,3,3,5,4,4,2,1,2,1,3,3,3,1,1,1,2,2,1,1
6661,CentralAmerica,916,Luxembourg,442,9,8,11,8,16,15,18,3,2,3,2,4,4,5,6,6,8,6,12,11,13
6662,CentralAmerica,916,Monaco,492,1,1,1,2,2,1,1,1,1,1,2,2,1,1,0,0,0,0,0,0,0
6663,CentralAmerica,916,Netherlands,528,1438,1593,2048,2014,2530,2902,3268,810,907,1165,1168,1522,1843,2107,628,686,883,846,1008,1059,1161
6664,CentralAmerica,916,Switzerland,756,2047,2454,3136,2567,2751,2917,3290,1205,1404,1761,1459,1590,1689,1941,842,1050,1375,1108,1161,1228,1349
6665,CentralAmerica,916,Anguilla,660,0,0,0,0,0,0,0,0,0,0,0,0,0,0,0,0,0,0,0,0,0
6666,CentralAmerica,916,AntiguaandBarbuda,28,35,28,65,104,111,119,123,18,14,32,50,54,58,61,17,14,33,54,57,61,62
6667,CentralAmerica,916,Aruba,533,29,22,25,17,33,32,38,20,15,17,11,21,21,25,9,7,8,6,12,11,13
6668,CentralAmerica,916,Bahamas,44,33,27,54,80,91,96,100,19,16,30,41,48,52,56,14,11,24,39,43,44,44
6669,CentralAmerica,916,Barbados,52,209,144,89,77,79,83,91,90,62,39,35,40,42,49,119,82,50,42,39,41,42
6670,CentralAmerica,916,Bonaire,16,535,0,0,0,0,0,0,0,0,0,0,0,0,0,0,0,0,0,0,0,0
6671,CentralAmerica,916,BritishVirginIslands,92,0,0,0,0,0,0,0,0,0,0,0,0,0,0,0,0,0,0,0,0,0
6672,CentralAmerica,916,CaymanIslands,136,76,74,73,71,73,98,100,42,40,39,37,40,54,56,34,34,34,34,33,44,44
6673,CentralAmerica,916,Cuba,192,12150,12412,15041,15619,21919,23240,25093,6274,6398,7742,8195,11695,12704,13953,5876,6014,7299,7424,10224,10536,11140
6674,CentralAmerica,916,CuraÃao,531,61,88,122,68,27,31,37,12,17,24,17,13,16,21,49,71,98,51,14,15,16
6675,CentralAmerica,916,Dominica,212,15,20,28,37,56,63,74,4,6,9,12,18,21,27,11,14,19,25,38,42,47
6676,CentralAmerica,916,DominicanRepublic,214,2814,5211,8163,7970,9926,12405,14530,1029,1770,2677,2745,3610,4353,5375,1785,3441,5486,5225,6316,8052,9155
6677,CentralAmerica,916,Grenada,308,28,16,8,16,32,35,40,11,6,4,9,18,22,26,17,10,4,7,14,13,14
6678,CentralAmerica,916,Guadeloupe,312,0,0,0,0,0,0,0,0,0,0,0,0,0,0,0,0,0,0,0,0,0
6679,CentralAmerica,916,Haiti,332,765,749,789,1091,1586,1317,6662,549,494,471,631,911,675,3468,216,255,318,460,675,642,3194
6680,CentralAmerica,916,Jamaica,388,1934,1536,1296,1208,1406,1599,1850,897,734,638,625,747,852,1007,1037,802,658,583,659,747,843
6681,CentralAmerica,916,Martinique,474,3,2,3,3,5,4,4,2,1,2,1,3,3,3,1,1,1,2,2,1,1
6682,CentralAmerica,916,Montserrat,500,3,2,3,3,5,4,4,1,0,1,1,1,1,1,2,2,2,2,4,3,3
6683,CentralAmerica,916,PuertoRico,630,2138,2680,3444,2739,2597,2543,2877,1103,1331,1682,1423,1488,1533,1767,1035,1349,1762,1316,1109,1010,1110
6684,CentralAmerica,916,SaintBarthelemy,652,0,0,0,0,0,0,0,0,0,0,0,0,0,0,0,0,0,0,0,0,0
6685,CentralAmerica,916,SaintKittsandNevis,659,1,1,1,2,2,1,1,0,0,0,0,0,0,0,1,1,1,2,2,1,1
6686,CentralAmerica,916,SaintLucia,662,2,1,1,2,2,1,1,1,0,0,0,0,0,0,1,1,1,2,2,1,1
6687,CentralAmerica,916,SaintMartinFrenchpart,663,0,0,0,0,0,0,0,0,0,0,0,0,0,0,0,0,0,0,0,0,0
6688,CentralAmerica,916,SaintVincentandtheGrenadines,670,1,1,1,2,2,1,1,1,1,1,2,2,1,1,0,0,0,0,0,0,0
6689,CentralAmerica,916,SintMaartenDutchpart,534,0,0,0,0,0,0,0,0,0,0,0,0,0,0,0,0,0,0,0,0,0
6690,CentralAmerica,916,TrinidadandTobago,780,122,109,114,118,165,181,210,66,60,60,61,79,90,109,56,49,54,57,86,91,101
6691,CentralAmerica,916,TurksandCaicosIslands,796,0,0,0,0,0,0,0,0,0,0,0,0,0,0,0,0,0,0,0,0,0
6692,CentralAmerica,916,UnitedStatesVirginIslands,850,6,4,5,4,8,7,8,3,2,2,1,3,3,4,3,2,3,3,5,4,4
6693,CentralAmerica,916,Belize,84,2741,2751,2891,3238,3929,3767,4121,1171,1146,1184,1463,1913,1874,2072,1570,1605,1707,1775,2016,1893,2049
6694,CentralAmerica,916,CostaRica,188,14876,14004,16959,19461,21564,24505,27047,6651,6286,7871,9327,10574,12151,13582,8225,7718,9088,10134,10990,12354,13465
6695,CentralAmerica,916,ElSalvador,222,730358,226958,44019,45532,58070,65978,79963,349358,104415,19492,18829,23324,27208,33868,381000,122543,24527,26703,34746,38770,46095
6696,CentralAmerica,916,Guatemala,320,99965,77561,58675,61822,70319,85321,93792,50330,40060,31760,31131,33372,40724,45190,49635,37501,26915,30691,36947,44597,48602
6697,CentralAmerica,916,Honduras,340,38647,37242,38308,43406,52472,60785,89064,16772,16315,16970,19587,24018,27754,40557,21875,20927,21338,23819,28454,33031,48507
6698,CentralAmerica,916,Mexico,484,16078,18268,21642,23825,28966,32302,36619,6675,8298,10436,12397,15802,17758,20283,9403,9970,11206,11428,13164,14544,16336
6699,CentralAmerica,916,Nicaragua,558,257223,222669,254421,296929,323113,332822,395784,131478,113334,126257,144983,153197,156924,196014,125745,109335,128164,151946,169916,175898,199770
6700,CentralAmerica,916,Panama,591,35764,22640,14021,9434,14382,14576,17086,18149,11558,7259,4804,7344,7577,9219,17615,11082,6762,4630,7038,6999,7867
6701,CentralAmerica,916,Argentina,32,6831,7717,9387,12893,18877,20438,22799,3413,3888,4750,6726,9987,10601,12021,3418,3829,4637,6167,8890,9837,10778
6702,CentralAmerica,916,BoliviaPlurinationalStateof,68,2300,2424,2764,2651,3076,2816,3151,1404,1419,1564,1446,1648,1374,1573,896,1005,1200,1205,1428,1442,1578
6703,CentralAmerica,916,Brazil,76,3384,4147,5240,5832,7504,9726,10890,1464,1766,2222,2560,3411,4561,5222,1920,2381,3018,3272,4093,5165,5668
6704,CentralAmerica,916,Chile,152,6339,7160,8811,8008,9352,10624,11976,3102,3435,4177,3993,4925,5399,6223,3237,3725,4634,4015,4427,5225,5753
6705,CentralAmerica,916,Colombia,170,24583,28605,36153,50617,84008,97976,99665,12027,13968,17554,23633,39202,45283,46267,12556,14637,18599,26984,44806,52693,53398
6706,CentralAmerica,916,Ecuador,218,3590,4171,5275,5080,6433,7988,9111,2037,2303,2850,2706,3419,4010,4699,1553,1868,2425,2374,3014,3978,4412
6707,CentralAmerica,916,FalklandIslandsMalvinas,238,0,0,0,0,0,0,0,0,0,0,0,0,0,0,0,0,0,0,0,0,0
6708,CentralAmerica,916,FrenchGuiana,254,19,19,22,22,30,32,34,7,8,10,10,14,16,18,12,11,12,12,16,16,16
6709,CentralAmerica,916,Guyana,328,66,54,54,49,71,76,90,43,37,37,28,35,39,48,23,17,17,21,36,37,42
6710,CentralAmerica,916,Paraguay,600,521,493,506,584,781,837,931,301,255,226,254,328,354,405,220,238,280,330,453,483,526
6711,CentralAmerica,916,Peru,604,7955,9277,11993,11174,14391,14085,16239,4376,4942,6229,5893,7709,8211,9648,3579,4335,5764,5281,6682,5874,6591
6712,CentralAmerica,916,Suriname,740,13,11,15,11,21,20,23,7,6,8,5,11,11,13,6,5,7,6,10,9,10
6713,CentralAmerica,916,Uruguay,858,1789,2147,2696,2882,3610,4551,5087,974,1133,1393,1541,1987,2056,2356,815,1014,1303,1341,1623,2495,2731
6714,CentralAmerica,916,VenezuelaBolivarianRepublicof,862,3569,4296,5619,12124,21290,28528,218960,1661,1999,2627,5680,10067,13017,109661,1908,2297,2992,6444,11223,15511,109299
6715,CentralAmerica,916,Bermuda,60,5,5,8,6,12,11,13,3,3,4,2,6,6,8,2,2,4,4,6,5,5
6716,CentralAmerica,916,Canada,124,5821,7662,10183,11464,14892,14723,16459,2787,3813,5208,5953,7887,7572,8618,3034,3849,4975,5511,7005,7151,7841
6717,CentralAmerica,916,Greenland,304,276,266,258,304,355,388,436,90,104,121,153,189,210,237,186,162,137,151,166,178,199
6718,CentralAmerica,916,SaintPierreandMiquelon,666,12,16,23,30,42,47,56,5,8,12,16,21,24,30,7,8,11,14,21,23,26
6719,CentralAmerica,916,UnitedStatesofAmerica,840,232303,304589,393318,556383,790848,783353,861487,114469,151683,198139,282427,404055,394859,439731,117834,152906,195179,273956,386793,388494,421756
6720,CentralAmerica,916,Australia,36,384,458,572,639,827,894,1011,142,191,255,328,466,508,588,242,267,317,311,361,386,423
6721,CentralAmerica,916,NewZealand,554,66,105,156,146,166,175,196,36,56,81,80,92,99,115,30,49,75,66,74,76,81
6722,CentralAmerica,916,Fiji,242,1,1,1,2,2,1,1,0,0,0,0,0,0,0,1,1,1,2,2,1,1
6723,CentralAmerica,916,NewCaledonia,540,0,0,0,0,0,0,0,0,0,0,0,0,0,0,0,0,0,0,0,0,0
6724,CentralAmerica,916,PapuaNewGuinea,598,0,0,0,0,0,0,0,0,0,0,0,0,0,0,0,0,0,0,0,0,0
6725,CentralAmerica,916,SolomonIslands,90,0,0,0,0,0,0,0,0,0,0,0,0,0,0,0,0,0,0,0,0,0
6726,CentralAmerica,916,Vanuatu,548,0,0,0,0,0,0,0,0,0,0,0,0,0,0,0,0,0,0,0,0,0
6727,CentralAmerica,916,Guam,316,5,4,4,4,6,5,6,3,2,2,2,2,2,3,2,2,2,2,4,3,3
6728,CentralAmerica,916,Kiribati,296,0,0,0,0,0,0,0,0,0,0,0,0,0,0,0,0,0,0,0,0,0
6729,CentralAmerica,916,MarshallIslands,584,0,0,0,0,0,0,0,0,0,0,0,0,0,0,0,0,0,0,0,0,0
6730,CentralAmerica,916,MicronesiaFedStatesof,583,0,0,0,0,0,0,0,0,0,0,0,0,0,0,0,0,0,0,0,0,0
6731,CentralAmerica,916,Nauru,520,0,0,0,0,0,0,0,0,0,0,0,0,0,0,0,0,0,0,0,0,0
6732,CentralAmerica,916,NorthernMarianaIslands,580,0,0,0,0,0,0,0,0,0,0,0,0,0,0,0,0,0,0,0,0,0
6733,CentralAmerica,916,Palau,585,0,0,0,0,0,0,0,0,0,0,0,0,0,0,0,0,0,0,0,0,0
6734,CentralAmerica,916,AmericanSamoa,16,0,0,0,0,0,0,0,0,0,0,0,0,0,0,0,0,0,0,0,0,0
6735,CentralAmerica,916,CookIslands,184,0,0,0,0,0,0,0,0,0,0,0,0,0,0,0,0,0,0,0,0,0
6736,CentralAmerica,916,FrenchPolynesia,258,0,0,0,0,0,0,0,0,0,0,0,0,0,0,0,0,0,0,0,0,0
6737,CentralAmerica,916,Niue,570,0,0,0,0,0,0,0,0,0,0,0,0,0,0,0,0,0,0,0,0,0
6738,CentralAmerica,916,Samoa,882,0,0,0,0,0,0,0,0,0,0,0,0,0,0,0,0,0,0,0,0,0
6739,CentralAmerica,916,Tokelau,772,0,0,0,0,0,0,0,0,0,0,0,0,0,0,0,0,0,0,0,0,0
6740,CentralAmerica,916,Tonga,776,0,0,0,0,0,0,0,0,0,0,0,0,0,0,0,0,0,0,0,0,0
6741,CentralAmerica,916,Tuvalu,798,0,0,0,0,0,0,0,0,0,0,0,0,0,0,0,0,0,0,0,0,0
6742,CentralAmerica,916,WallisandFutunaIslands,876,0,0,0,0,0,0,0,0,0,0,0,0,0,0,0,0,0,0,0,0,0
