,Destination,Destination_Code,Origin,Origin_Code,1990,1995,2000,2005,2010,2015,2020,1990.1,1995.1,2000.1,2005.1,2010.1,2015.1,2020.1,1990.2,1995.2,2000.2,2005.2,2010.2,2015.2,2020.2
0,Burundi,108,Melanesia,928,0,0,0,0,0,0,0,0,0,0,0,0,0,0,0,0,0,0,0,0,0
1,Burundi,108,Micronesia,954,0,0,0,0,0,0,0,0,0,0,0,0,0,0,0,0,0,0,0,0,0
2,Burundi,108,Polynesia,957,0,0,0,0,0,0,0,0,0,0,0,0,0,0,0,0,0,0,0,0,0
3,Burundi,108,Belgium,56,642,621,475,466,497,605,718,315,303,231,224,236,288,343,327,318,244,242,261,317,375
4,Burundi,108,DemocraticRepublicoftheCongo,180,36654,41447,37951,99099,147611,175768,199585,17963,20152,18451,49968,75099,89489,101757,18691,21295,19500,49131,72512,86279,97828
5,Burundi,108,France,250,321,310,237,232,248,302,358,157,151,116,112,119,145,174,164,159,121,120,129,157,184
6,Burundi,108,Kenya,404,186,216,202,502,847,1032,1226,104,122,115,283,477,582,693,82,94,87,219,370,450,533
7,Burundi,108,Rwanda,646,221943,160197,66415,61104,54794,64363,76567,108772,78063,32288,28813,24786,29140,34728,113171,82134,34127,32291,30008,35223,41839
8,Burundi,108,Uganda,800,1833,1546,949,805,731,891,1058,898,753,461,425,426,520,619,935,793,488,380,305,371,439
9,Burundi,108,UnitedRepublicofTanzania,834,11912,9780,5692,13732,22974,28008,33318,5838,4763,2768,6449,10685,13037,15535,6074,5017,2924,7283,12289,14971,17783
10,Comoros,174,Melanesia,928,0,0,0,0,0,0,0,0,0,0,0,0,0,0,0,0,0,0,0,0,0
11,Comoros,174,Micronesia,954,0,0,0,0,0,0,0,0,0,0,0,0,0,0,0,0,0,0,0,0,0
12,Comoros,174,Polynesia,957,0,0,0,0,0,0,0,0,0,0,0,0,0,0,0,0,0,0,0,0,0
13,Comoros,174,France,250,543,538,532,509,486,482,479,310,306,301,289,278,277,276,233,232,231,220,208,205,203
14,Comoros,174,Kenya,404,87,86,85,81,77,76,74,40,39,38,36,34,34,34,47,47,47,45,43,42,40
15,Comoros,174,Madagascar,450,10810,10701,10595,10142,9689,9651,9605,5007,4929,4851,4688,4521,4539,4519,5803,5772,5744,5454,5168,5112,5086
16,Comoros,174,Reunion,638,957,948,938,898,857,850,845,507,500,493,475,457,455,453,450,448,445,423,400,395,392
17,Comoros,174,UnitedRepublicofTanzania,834,163,162,160,153,146,145,143,79,78,77,74,71,71,71,84,84,83,79,75,74,72
18,Djibouti,262,Melanesia,928,0,0,0,0,0,0,0,0,0,0,0,0,0,0,0,0,0,0,0,0,0
19,Djibouti,262,Micronesia,954,0,0,0,0,0,0,0,0,0,0,0,0,0,0,0,0,0,0,0,0,0
20,Djibouti,262,Polynesia,957,0,0,0,0,0,0,0,0,0,0,0,0,0,0,0,0,0,0,0,0,0
21,Djibouti,262,Ethiopia,231,13405,10943,11023,10103,11222,11676,12578,5911,4829,4872,4832,4935,5185,5562,7494,6114,6151,5271,6287,6491,7016
22,Djibouti,262,Somalia,706,101216,82625,83230,76278,84725,88152,94976,54118,44204,44574,43151,45213,47358,50876,47098,38421,38656,33127,39512,40794,44100
23,Djibouti,262,Yemen,887,289,236,238,219,242,6157,5322,139,114,115,113,117,2974,2595,150,122,123,106,125,3183,2727
24,Eritrea,232,Melanesia,928,0,0,0,0,0,0,0,0,0,0,0,0,0,0,0,0,0,0,0,0,0
25,Eritrea,232,Micronesia,954,0,0,0,0,0,0,0,0,0,0,0,0,0,0,0,0,0,0,0,0,0
26,Eritrea,232,Polynesia,957,0,0,0,0,0,0,0,0,0,0,0,0,0,0,0,0,0,0,0,0,0
27,Eritrea,232,Angola,24,247,433,620,424,286,346,301,138,238,338,237,167,202,178,109,195,282,187,119,144,123
28,Eritrea,232,Burundi,108,618,1141,1663,1189,864,1044,913,306,589,871,629,466,559,496,312,552,792,560,398,485,417
29,Eritrea,232,China,156,8,53,98,102,112,135,117,2,45,88,92,101,122,106,6,8,10,10,11,13,11
30,Eritrea,232,Comoros,174,27,60,93,125,159,192,166,6,26,45,64,84,101,89,21,34,48,61,75,91,77
31,Eritrea,232,DemocraticRepublicoftheCongo,180,407,816,1224,1273,1392,1685,1474,235,438,640,682,765,922,818,172,378,584,591,627,763,656
32,Eritrea,232,Ethiopia,231,1284,687,91,1554,90,108,94,668,357,48,832,48,58,52,616,330,43,722,42,50,42
33,Eritrea,232,France,250,108,159,211,283,360,436,380,52,75,99,143,190,229,203,56,84,112,140,170,207,177
34,Eritrea,232,India,356,39,54,70,83,99,119,103,22,23,24,31,38,46,41,17,31,46,52,61,73,62
35,Eritrea,232,Kenya,404,187,202,217,248,290,351,305,125,121,117,139,168,203,179,62,81,100,109,122,148,126
36,Eritrea,232,Malawi,454,114,228,343,487,637,771,673,39,101,163,259,356,428,379,75,127,180,228,281,343,294
37,Eritrea,232,Mozambique,508,3537,2218,896,876,913,1105,966,1813,1081,350,353,380,456,408,1724,1137,546,523,533,649,558
38,Eritrea,232,Rwanda,646,991,703,414,385,385,467,407,540,366,191,179,182,220,196,451,337,223,206,203,247,211
39,Eritrea,232,Somalia,706,1438,1607,1775,3657,4691,2485,2156,741,869,997,1956,2421,1296,1135,697,738,778,1701,2270,1189,1021
40,Eritrea,232,SouthAfrica,710,97,143,189,136,101,122,106,60,88,116,80,57,69,61,37,55,73,56,44,53,45
41,Eritrea,232,Zimbabwe,716,82,125,168,215,268,324,282,56,88,119,151,189,229,202,26,37,49,64,79,95,80
42,Eritrea,232,SouthSudan,728,933,1109,1284,1214,1229,1487,1300,494,612,730,745,805,971,856,439,497,554,469,424,516,444
43,Eritrea,232,Sudan,729,131,155,180,170,172,208,181,69,85,102,104,112,136,120,62,70,78,66,60,72,61
44,Eritrea,232,Uganda,800,175,682,1190,1187,1257,1521,1331,109,427,746,763,827,998,881,66,255,444,424,430,523,450
45,Eritrea,232,UnitedKingdom,826,34,38,43,44,47,56,48,14,14,14,15,18,21,19,20,24,29,29,29,35,29
46,Eritrea,232,UnitedRepublicofTanzania,834,218,296,375,394,434,525,459,113,149,186,200,225,271,242,105,147,189,194,209,254,217
47,Eritrea,232,Zambia,894,91,121,151,172,199,241,209,57,76,94,109,128,156,137,34,45,57,63,71,85,72
48,Ethiopia,231,Melanesia,928,0,0,0,0,0,0,0,0,0,0,0,0,0,0,0,0,0,0,0,0,0
49,Ethiopia,231,Micronesia,954,0,0,0,0,0,0,0,0,0,0,0,0,0,0,0,0,0,0,0,0,0
50,Ethiopia,231,Polynesia,957,0,0,0,0,0,0,0,0,0,0,0,0,0,0,0,0,0,0,0,0,0
51,Ethiopia,231,Burundi,108,19,25,35,26,131,180,166,10,15,22,14,65,90,81,9,10,13,12,66,90,85
52,Ethiopia,231,DemocraticRepublicoftheCongo,180,48,63,90,66,678,1581,1468,25,37,57,37,341,798,721,23,26,33,29,337,783,747
53,Ethiopia,231,Eritrea,232,69681,34949,6843,10700,44934,205821,191256,36625,18680,4313,6187,22637,103940,93794,33056,16269,2530,4513,22297,101881,97462
54,Ethiopia,231,Djibouti,262,904,1901,3258,2389,2999,3702,3439,475,1154,2053,1362,1571,1887,1704,429,747,1205,1027,1428,1815,1735
55,Ethiopia,231,Rwanda,646,71,93,132,97,121,150,138,37,55,83,55,63,76,68,34,38,49,42,58,74,70
56,Ethiopia,231,Somalia,706,616940,459615,389419,285575,346579,442461,411152,324269,231129,182322,138555,181000,225596,203686,292671,228486,207097,147020,165579,216865,207466
57,Ethiopia,231,SouthSudan,728,384266,235512,131405,96365,111051,394801,409890,201974,129959,82820,55012,61433,209090,205655,182292,105553,48585,41353,49618,185711,204235
58,Ethiopia,231,Sudan,729,53857,33008,18417,73927,36781,39499,41959,28308,18214,11608,42746,18806,19991,19609,25549,14794,6809,31181,17975,19508,22350
59,Ethiopia,231,Uganda,800,103,135,192,141,177,218,202,54,80,121,80,92,111,101,49,55,71,61,85,107,101
60,Ethiopia,231,Yemen,887,68,89,127,94,117,1324,2053,36,53,80,54,61,676,1035,32,36,47,40,56,648,1018
61,Kenya,404,Melanesia,928,0,0,0,0,0,0,0,0,0,0,0,0,0,0,0,0,0,0,0,0,0
62,Kenya,404,Micronesia,954,0,0,0,0,0,0,0,0,0,0,0,0,0,0,0,0,0,0,0,0,0
63,Kenya,404,Polynesia,957,0,0,0,0,0,0,0,0,0,0,0,0,0,0,0,0,0,0,0,0,0
64,Kenya,404,Burundi,108,99,147,198,2045,4256,8312,15098,55,79,99,1054,2106,4156,7629,44,68,99,991,2150,4156,7469
65,Kenya,404,DemocraticRepublicoftheCongo,180,394,391,672,2749,9133,24738,43577,216,211,335,1448,4491,12369,22012,178,180,337,1301,4642,12369,21565
66,Kenya,404,Ethiopia,231,26695,29521,20846,20917,35309,36889,32115,15293,16825,11399,11759,17361,20032,17590,11402,12696,9447,9158,17948,16857,14525
67,Kenya,404,Eritrea,232,0,66,961,696,1686,2127,1851,0,34,479,359,829,1057,929,0,32,482,337,857,1070,922
68,Kenya,404,Mozambique,508,1043,980,535,523,589,601,523,580,535,268,271,291,298,263,463,445,267,252,298,303,260
69,Kenya,404,Namibia,516,119,112,61,60,67,68,58,66,61,31,31,33,33,29,53,51,30,29,34,35,29
70,Kenya,404,Rwanda,646,3874,5861,3273,4059,6201,6330,5510,2155,3107,1630,2097,3067,3142,2765,1719,2754,1643,1962,3134,3188,2745
71,Kenya,404,Somalia,706,7875,172164,159197,208156,392063,488470,425284,4382,91248,82223,109595,201694,250295,220021,3493,80916,76974,98561,190369,238175,205263
72,Kenya,404,SouthAfrica,710,197,185,101,98,110,112,96,110,101,50,50,53,54,47,87,84,51,48,57,58,49
73,Kenya,404,SouthSudan,728,5801,53996,81156,62546,53218,95765,121553,3332,28584,41894,33359,27160,47883,61402,2469,25412,39262,29187,26058,47882,60151
74,Kenya,404,Sudan,729,814,41215,56360,76711,26998,10266,9926,467,21845,28061,42192,13275,5133,5016,347,19370,28299,34519,13723,5133,4910
75,Kenya,404,Uganda,800,83355,134005,261491,291776,326978,333789,290597,42091,62323,124611,144595,153956,157796,138939,41264,71682,136880,147181,173022,175993,151658
76,Kenya,404,UnitedRepublicofTanzania,834,66464,73119,51289,42082,39120,39935,34767,35782,38837,25674,21801,19347,19823,17437,30682,34282,25615,20281,19773,20112,17330
77,Madagascar,450,Melanesia,928,0,0,0,0,0,0,0,0,0,0,0,0,0,0,0,0,0,0,0,0,0
78,Madagascar,450,Micronesia,954,0,0,0,0,0,0,0,0,0,0,0,0,0,0,0,0,0,0,0,0,0
79,Madagascar,450,Polynesia,957,0,0,0,0,0,0,0,0,0,0,0,0,0,0,0,0,0,0,0,0,0
80,Madagascar,450,China,156,1481,1312,1458,1609,1784,1979,2193,827,738,820,906,1005,1112,1234,654,574,638,703,779,867,959
81,Madagascar,450,Comoros,174,8179,7242,8050,8910,9876,10953,12153,4565,4070,4540,5042,5605,6238,6917,3614,3172,3510,3868,4271,4715,5236
82,Madagascar,450,France,250,6672,5908,6567,7269,8066,8950,9922,3725,3321,3705,4115,4583,5102,5658,2947,2587,2862,3154,3483,3848,4264
83,Madagascar,450,India,356,1171,1037,1152,1282,1425,1581,1751,648,580,647,723,808,900,998,523,457,505,559,617,681,753
84,Malawi,454,Melanesia,928,0,0,0,0,0,0,0,0,0,0,0,0,0,0,0,0,0,0,0,0,0
85,Malawi,454,Micronesia,954,0,0,0,0,0,0,0,0,0,0,0,0,0,0,0,0,0,0,0,0,0
86,Malawi,454,Polynesia,957,0,0,0,0,0,0,0,0,0,0,0,0,0,0,0,0,0,0,0,0,0
87,Malawi,454,Burundi,108,705,5896,5677,5410,5314,6659,10079,258,3208,3082,2929,2873,3581,5869,447,2688,2595,2481,2441,3078,4210
88,Malawi,454,Congo,178,735,1567,1509,1438,1413,1216,1033,401,858,824,783,768,655,562,334,709,685,655,645,561,471
89,Malawi,454,DemocraticRepublicoftheCongo,180,1338,2481,2389,2368,4841,11896,27773,488,1321,1269,1255,2561,6293,14928,850,1160,1120,1113,2280,5603,12845
90,Malawi,454,India,356,1362,2683,2583,2462,2419,2083,1770,588,1455,1397,1328,1303,1112,954,774,1228,1186,1134,1116,971,816
91,Malawi,454,Mozambique,508,1075410,60845,58576,55817,54826,47220,40131,527139,31892,30625,29103,28545,24353,20897,548271,28953,27951,26714,26281,22867,19234
92,Malawi,454,Rwanda,646,2249,5138,4947,4714,6482,5582,6280,821,2725,2617,2487,3416,2915,3231,1428,2413,2330,2227,3066,2667,3049
93,Malawi,454,Somalia,706,211,61,59,147,87,74,102,78,35,33,83,49,41,58,133,26,26,64,38,33,44
94,Malawi,454,SouthAfrica,710,1276,9179,8837,8421,8272,7124,6054,395,4136,3968,3767,3693,3140,2703,881,5043,4869,4654,4579,3984,3351
95,Malawi,454,UnitedKingdom,826,769,1639,1578,1504,1478,1272,1081,399,853,819,778,763,650,558,370,786,759,726,715,622,523
96,Malawi,454,UnitedRepublicofTanzania,834,3279,10676,10278,9794,9620,8285,7041,1118,4777,4583,4351,4265,3626,3123,2161,5899,5695,5443,5355,4659,3918
97,Malawi,454,Zambia,894,5637,47571,45797,43640,42865,36918,31375,1076,19569,18764,17803,17447,14802,12773,4561,28002,27033,25837,25418,22116,18602
98,Malawi,454,Zimbabwe,716,3851,41271,39732,37861,37189,32030,27221,1124,18156,17417,16533,16206,13773,11865,2727,23115,22315,21328,20983,18257,15356
99,Mauritius,480,Melanesia,928,0,0,0,0,0,0,0,0,0,0,0,0,0,0,0,0,0,0,0,0,0
100,Mauritius,480,Micronesia,954,0,0,0,0,0,0,0,0,0,0,0,0,0,0,0,0,0,0,0,0,0
101,Mauritius,480,Polynesia,957,0,0,0,0,0,0,0,0,0,0,0,0,0,0,0,0,0,0,0,0,0
102,Mauritius,480,Bangladesh,50,71,150,313,3672,7235,8327,8415,21,55,102,1190,2463,3103,3118,50,95,211,2482,4772,5224,5297
103,Mauritius,480,Belgium,56,76,35,15,57,103,118,118,60,29,12,45,80,93,94,16,6,3,12,23,25,24
104,Mauritius,480,Canada,124,36,27,34,32,32,36,35,13,12,15,16,17,20,20,23,15,19,16,15,16,15
105,Mauritius,480,SriLanka,144,9,19,42,496,979,1126,1137,2,5,9,103,223,299,303,7,14,33,393,756,827,834
106,Mauritius,480,China,156,346,3273,8024,5151,2564,2951,2981,270,628,849,774,952,1187,1199,76,2645,7175,4377,1612,1764,1782
107,Mauritius,480,France,250,788,696,993,1119,1308,1505,1519,374,367,504,604,763,909,918,414,329,489,515,545,596,601
108,Mauritius,480,Germany,276,57,70,124,118,119,136,136,33,39,61,57,59,71,72,24,31,63,61,60,65,64
109,Mauritius,480,China,156,344,91,45,25,21,20,23,22,49,27,16,14,13,16,16,42,18,9,7,7,7
110,Mauritius,480,India,356,515,1483,3278,5252,7517,8651,8778,252,1171,2685,4312,6223,7235,7334,263,312,593,940,1294,1416,1444
111,Mauritius,480,Ireland,372,30,14,6,24,44,50,49,14,8,3,13,23,28,28,16,6,3,11,21,22,21
112,Mauritius,480,Italy,380,38,56,106,113,127,146,146,17,31,57,62,72,86,87,21,25,49,51,55,60,59
113,Mauritius,480,Japan,392,23,14,15,11,8,9,8,12,6,3,3,3,4,4,11,8,12,8,5,5,4
114,Mauritius,480,Madagascar,450,56,242,563,1236,1979,2277,2301,22,174,409,691,1038,1247,1261,34,68,154,545,941,1030,1040
115,Mauritius,480,Malaysia,458,36,33,49,49,53,61,60,15,16,21,21,23,29,29,21,17,28,28,30,32,31
116,Mauritius,480,Pakistan,586,1,3,7,82,163,187,187,1,2,3,32,66,81,82,0,1,4,50,97,106,105
117,Mauritius,480,RussianFederation,643,34,28,38,39,43,49,48,9,10,12,14,18,22,22,25,18,26,25,25,27,26
118,Mauritius,480,Seychelles,690,43,39,58,80,108,124,124,12,14,18,25,36,46,47,31,25,40,55,72,78,77
119,Mauritius,480,SouthAfrica,710,184,192,307,412,541,622,627,72,83,120,166,233,285,288,112,109,187,246,308,337,339
120,Mauritius,480,Spain,724,15,7,3,13,24,27,26,10,5,2,9,15,18,18,5,2,1,4,9,9,8
121,Mauritius,480,Switzerland,756,66,30,13,51,92,105,104,44,21,9,37,66,77,77,22,9,4,14,26,28,27
122,Mauritius,480,UnitedKingdom,826,694,450,458,415,395,454,458,304,213,196,182,189,229,232,390,237,262,233,206,225,226
123,Mauritius,480,UnitedStatesofAmerica,840,37,30,41,40,43,49,48,16,15,20,19,20,24,24,21,15,21,21,23,25,24
124,Mayotte,175,Melanesia,928,0,0,0,0,0,0,0,0,0,0,0,0,0,0,0,0,0,0,0,0,0
125,Mayotte,175,Micronesia,954,0,0,0,0,0,0,0,0,0,0,0,0,0,0,0,0,0,0,0,0,0
126,Mayotte,175,Polynesia,957,0,0,0,0,0,0,0,0,0,0,0,0,0,0,0,0,0,0,0,0,0
127,Mayotte,175,Comoros,174,10288,20154,36203,49545,56520,63225,86652,6124,11193,18514,24487,26800,29252,40089,4164,8961,17689,25058,29720,33973,46563
128,Mayotte,175,France,250,1359,2791,5080,7789,9498,10624,14560,859,1712,2948,4023,4504,4916,6738,500,1079,2132,3766,4994,5708,7822
129,Mayotte,175,Madagascar,450,1086,2061,3669,4755,5230,5850,8017,507,1053,1789,2308,2480,2707,3710,579,1008,1880,2447,2750,3143,4307
130,Mozambique,508,Melanesia,928,0,0,0,0,0,0,0,0,0,0,0,0,0,0,0,0,0,0,0,0,0
131,Mozambique,508,Micronesia,954,0,0,0,0,0,0,0,0,0,0,0,0,0,0,0,0,0,0,0,0,0
132,Mozambique,508,Polynesia,957,0,0,0,0,0,0,0,0,0,0,0,0,0,0,0,0,0,0,0,0,0
133,Mozambique,508,Angola,24,14337,19720,22937,31493,35889,37206,39092,7741,10688,12090,15266,17338,17974,19087,6596,9032,10847,16227,18551,19232,20005
134,Mozambique,508,Burundi,108,615,846,985,1354,1817,5954,8388,334,461,522,660,883,2880,4099,281,385,463,694,934,3074,4289
135,Mozambique,508,CaboVerde,132,2500,3439,4001,5495,6262,6491,6819,1410,1946,2207,2811,3193,3310,3511,1090,1493,1794,2684,3069,3181,3308
136,Mozambique,508,DemocraticRepublicoftheCongo,180,2315,3185,3705,5089,5799,9958,11458,1254,1732,1960,2478,2813,4813,5597,1061,1453,1745,2611,2986,5145,5861
137,Mozambique,508,India,356,900,1238,1441,1980,2256,2338,2455,596,821,940,1229,1396,1448,1529,304,417,501,751,860,890,926
138,Mozambique,508,Kenya,404,9087,12499,14539,19963,22749,23584,24779,4831,6671,7539,9491,10777,11174,11870,4256,5828,7000,10472,11972,12410,12909
139,Mozambique,508,Lesotho,426,2875,3955,4601,6319,7201,7465,7842,1420,1962,2207,2736,3104,3219,3425,1455,1993,2394,3583,4097,4246,4417
140,Mozambique,508,Malawi,454,22975,31600,36755,50465,57509,59620,62643,12624,17427,19734,25004,28401,29444,31253,10351,14173,17021,25461,29108,30176,31390
141,Mozambique,508,Nigeria,566,1964,2702,3143,4316,4919,5100,5356,1036,1431,1616,2031,2306,2392,2540,928,1271,1527,2285,2613,2708,2816
142,Mozambique,508,Pakistan,586,516,711,828,1139,1298,1345,1412,341,471,539,705,802,832,879,175,240,289,434,496,513,533
143,Mozambique,508,Portugal,620,1667,2294,2669,3665,4178,4331,4549,1135,1565,1793,2354,2679,2778,2935,532,729,876,1311,1499,1553,1614
144,Mozambique,508,Seychelles,690,6212,8545,9939,13647,15553,16123,16940,3171,4380,4936,6162,6996,7252,7713,3041,4165,5003,7485,8557,8871,9227
145,Mozambique,508,SouthAfrica,710,7397,10175,11835,16250,18519,19198,20171,4066,5613,6356,8054,9149,9485,10068,3331,4562,5479,8196,9370,9713,10103
146,Mozambique,508,Zimbabwe,716,35711,49118,57131,78441,89389,92671,97379,18895,26094,29480,37079,42104,43649,46377,16816,23024,27651,41362,47285,49022,51002
147,Mozambique,508,UnitedRepublicofTanzania,834,2722,3744,4355,5981,6816,7067,7423,1543,2129,2415,3077,3495,3625,3843,1179,1615,1940,2904,3321,3442,3580
148,Mozambique,508,Zambia,894,1948,2680,3118,4281,4880,5059,5315,1034,1428,1614,2030,2306,2391,2541,914,1252,1504,2251,2574,2668,2774
149,Reunion,638,Melanesia,928,0,0,0,0,0,0,0,0,0,0,0,0,0,0,0,0,0,0,0,0,0
150,Reunion,638,Micronesia,954,0,0,0,0,0,0,0,0,0,0,0,0,0,0,0,0,0,0,0,0,0
151,Reunion,638,Polynesia,957,0,0,0,0,0,0,0,0,0,0,0,0,0,0,0,0,0,0,0,0,0
152,Reunion,638,Comoros,174,441,952,1509,1878,2143,2215,2294,237,470,722,895,1016,1045,1083,204,482,787,983,1127,1170,1211
153,Reunion,638,France,250,37516,50738,66309,75927,81294,84056,87069,20563,27680,35879,41517,44766,46102,47756,16953,23058,30430,34410,36528,37954,39313
154,Reunion,638,Madagascar,450,3339,7218,11431,14218,16210,16763,17363,1793,3561,5468,6769,7678,7899,8182,1546,3657,5963,7449,8532,8864,9181
155,Reunion,638,Mauritius,480,1008,2181,3455,4294,4893,5059,5240,541,1077,1651,2044,2318,2384,2470,467,1104,1804,2250,2575,2675,2770
156,Reunion,638,Mayotte,175,1800,3893,6162,6410,6294,6507,6740,967,1924,2948,3107,3085,3173,3287,833,1969,3214,3303,3209,3334,3453
157,Rwanda,646,Melanesia,928,0,0,0,0,0,0,0,0,0,0,0,0,0,0,0,0,0,0,0,0,0
158,Rwanda,646,Micronesia,954,0,0,0,0,0,0,0,0,0,0,0,0,0,0,0,0,0,0,0,0,0
159,Rwanda,646,Polynesia,957,0,0,0,0,0,0,0,0,0,0,0,0,0,0,0,0,0,0,0,0,0
160,Rwanda,646,Burundi,108,26393,37445,56107,68762,64931,134501,131063,14038,20846,30140,36674,34923,68378,66047,12355,16599,25967,32088,30008,66123,65016
161,Rwanda,646,DemocraticRepublicoftheCongo,180,62526,89770,163420,197717,207397,233744,236657,30697,44038,79600,95331,100320,112178,117125,31829,45732,83820,102386,107077,121566,119532
162,Rwanda,646,Kenya,404,955,1455,2218,2617,2598,2581,2575,555,845,1288,1519,1508,1498,1511,400,610,930,1098,1090,1083,1064
163,Rwanda,646,Uganda,800,34106,48486,79241,93430,92808,92195,92061,17682,24945,41063,48405,48077,47755,48366,16424,23541,38178,45025,44731,44440,43695
164,Rwanda,646,UnitedRepublicofTanzania,834,15825,24121,36766,43346,43060,42776,42713,7947,12110,18453,21750,21605,21461,21755,7878,12011,18313,21596,21455,21315,20958
165,Seychelles,690,Melanesia,928,0,0,0,0,0,0,0,0,0,0,0,0,0,0,0,0,0,0,0,0,0
166,Seychelles,690,Micronesia,954,0,0,0,0,0,0,0,0,0,0,0,0,0,0,0,0,0,0,0,0,0
167,Seychelles,690,Polynesia,957,0,0,0,0,0,0,0,0,0,0,0,0,0,0,0,0,0,0,0,0,0
168,Seychelles,690,Australia,36,67,59,51,48,46,51,50,30,31,32,27,23,27,27,37,28,19,21,23,24,23
169,Seychelles,690,Bangladesh,50,11,14,17,107,197,220,223,4,8,12,84,155,176,180,7,6,5,23,42,44,43
170,Seychelles,690,Belgium,56,32,26,20,27,34,38,37,15,16,17,14,11,14,14,17,10,3,13,23,24,23
171,Seychelles,690,SriLanka,144,316,391,467,500,534,598,609,179,246,314,343,372,427,436,137,145,153,157,162,171,173
172,Seychelles,690,China,156,58,80,103,279,456,510,519,43,66,89,243,398,449,459,15,14,14,36,58,61,60
173,Seychelles,690,Cuba,192,20,26,33,36,39,43,42,9,14,19,18,16,19,19,11,12,14,18,23,24,23
174,Seychelles,690,France,250,180,167,154,184,214,239,242,69,80,90,97,103,122,124,111,87,64,87,111,117,118
175,Seychelles,690,Germany,276,40,48,57,66,76,85,85,16,23,30,30,31,38,39,24,25,27,36,45,47,46
176,Seychelles,690,India,356,1276,1651,2026,3907,5788,6482,6628,1012,1313,1614,2874,4133,4726,4821,264,338,412,1033,1655,1756,1807
177,Seychelles,690,Indonesia,360,2,114,226,176,126,141,143,0,110,220,155,89,102,105,2,4,6,21,37,39,38
178,Seychelles,690,Italy,380,22,29,37,73,109,122,123,13,18,23,44,64,75,77,9,11,14,29,45,47,46
179,Seychelles,690,Kenya,404,25,178,331,348,366,409,415,8,55,102,113,125,154,157,17,123,229,235,241,255,258
180,Seychelles,690,Madagascar,450,34,279,525,620,716,801,816,4,22,40,305,570,647,660,30,257,485,315,146,154,156
181,Seychelles,690,Maldives,462,2,1,1,17,34,38,37,0,0,0,10,21,25,25,2,1,1,7,13,13,12
182,Seychelles,690,Mauritius,480,258,383,509,502,495,554,564,126,225,324,342,359,410,418,132,158,185,160,136,144,146
183,Seychelles,690,Nepal,524,27,33,39,98,157,175,177,12,11,9,74,138,155,158,15,22,30,24,19,20,19
184,Seychelles,690,Nigeria,566,25,32,40,81,122,136,137,14,19,25,30,34,43,44,11,13,15,51,88,93,93
185,Seychelles,690,Pakistan,586,23,17,11,16,22,24,23,10,7,4,10,17,19,19,13,10,7,6,5,5,4
186,Seychelles,690,Philippines,608,61,229,398,514,630,705,718,28,72,116,289,461,526,537,33,157,282,225,169,179,181
187,Seychelles,690,RussianFederation,643,79,45,11,48,86,96,97,33,19,5,18,32,39,41,46,26,6,30,54,57,56
188,Seychelles,690,Somalia,706,11,13,15,36,58,64,63,9,10,11,24,37,42,42,2,3,4,12,21,22,21
189,Seychelles,690,SouthAfrica,710,83,224,366,297,228,255,258,35,165,296,215,133,155,157,48,59,70,82,95,100,101
190,Seychelles,690,Spain,724,11,10,10,16,22,24,23,7,5,3,4,5,6,6,4,5,7,12,17,18,17
191,Seychelles,690,Thailand,764,5,237,469,341,214,239,242,1,46,91,96,101,120,122,4,191,378,245,113,119,120
192,Seychelles,690,Uganda,800,5,5,6,15,25,28,27,5,3,1,6,11,14,14,0,2,5,9,14,14,13
193,Seychelles,690,UnitedKingdom,826,274,223,173,216,259,290,295,127,115,103,118,132,156,160,147,108,70,98,127,134,135
194,Somalia,706,Melanesia,928,0,0,0,0,0,0,0,0,0,0,0,0,0,0,0,0,0,0,0,0,0
195,Somalia,706,Micronesia,954,0,0,0,0,0,0,0,0,0,0,0,0,0,0,0,0,0,0,0,0,0
196,Somalia,706,Polynesia,957,0,0,0,0,0,0,0,0,0,0,0,0,0,0,0,0,0,0,0,0,0
197,Somalia,706,Ethiopia,231,460000,18044,555,1148,26183,13641,21764,234861,9490,293,608,13356,6821,11554,225139,8554,262,540,12827,6820,10210
198,Somalia,706,Eritrea,232,0,0,0,18,37,34,36,0,0,0,10,19,19,21,0,0,0,8,18,15,15
199,Somalia,706,Yemen,887,0,0,0,0,0,5883,13285,0,0,0,0,0,2991,7083,0,0,0,0,0,2892,6202
200,SouthSudan,728,Melanesia,928,0,0,0,0,0,0,0,0,0,0,0,0,0,0,0,0,0,0,0,0,0
201,SouthSudan,728,Micronesia,954,0,0,0,0,0,0,0,0,0,0,0,0,0,0,0,0,0,0,0,0,0
202,SouthSudan,728,Polynesia,957,0,0,0,0,0,0,0,0,0,0,0,0,0,0,0,0,0,0,0,0,0
203,SouthSudan,728,CentralAfricanRepublic,140,0,0,0,0,5166,4574,4690,0,0,0,0,2797,2650,2717,0,0,0,0,2369,1924,1973
204,SouthSudan,728,Chad,148,0,0,0,0,5327,5184,5315,0,0,0,0,2960,3122,3200,0,0,0,0,2367,2062,2115
205,SouthSudan,728,DemocraticRepublicoftheCongo,180,0,0,0,0,60795,87755,93982,0,0,0,0,30314,48538,50750,0,0,0,0,30481,39217,43232
206,SouthSudan,728,Egypt,818,0,0,0,0,5243,5145,5275,0,0,0,0,2964,3099,3177,0,0,0,0,2279,2046,2098
207,SouthSudan,728,Eritrea,232,0,0,0,0,3372,3318,3402,0,0,0,0,1799,1999,2049,0,0,0,0,1573,1319,1353
208,SouthSudan,728,Ethiopia,231,0,0,0,0,8509,12786,13110,0,0,0,0,4410,6784,6953,0,0,0,0,4099,6002,6157
209,SouthSudan,728,India,356,0,0,0,0,1364,1414,1449,0,0,0,0,747,852,873,0,0,0,0,617,562,576
210,SouthSudan,728,Kenya,404,0,0,0,0,9298,9558,9800,0,0,0,0,5314,5757,5901,0,0,0,0,3984,3801,3899
211,SouthSudan,728,Libya,434,0,0,0,0,162,153,156,0,0,0,0,83,86,88,0,0,0,0,79,67,68
212,SouthSudan,728,Mali,466,0,0,0,0,178,203,208,0,0,0,0,92,122,125,0,0,0,0,86,81,83
213,SouthSudan,728,Nigeria,566,0,0,0,0,3467,3537,3626,0,0,0,0,1900,2131,2184,0,0,0,0,1567,1406,1442
214,SouthSudan,728,Sudan,729,0,0,0,0,0,562381,587668,0,0,0,0,0,277121,285944,0,0,0,0,0,285260,301724
215,SouthSudan,728,Uganda,800,0,0,0,0,125406,145607,151003,0,0,0,0,64430,77180,77903,0,0,0,0,60976,68427,73100
216,Uganda,800,Melanesia,928,0,0,0,0,0,0,0,0,0,0,0,0,0,0,0,0,0,0,0,0,0
217,Uganda,800,Micronesia,954,0,0,0,0,0,0,0,0,0,0,0,0,0,0,0,0,0,0,0,0,0
218,Uganda,800,Polynesia,957,0,0,0,0,0,0,0,0,0,0,0,0,0,0,0,0,0,0,0,0,0
219,Uganda,800,Algeria,12,35,33,0,0,0,0,0,27,26,0,0,0,0,0,8,7,0,0,0,0,0
220,Uganda,800,Bangladesh,50,49,46,131,126,133,126,117,10,8,23,20,23,18,16,39,38,108,106,110,108,101
221,Uganda,800,Belgium,56,44,41,40,38,38,38,35,25,23,20,19,19,19,18,19,18,20,19,19,19,17
222,Uganda,800,Burundi,108,48841,46279,14278,15440,20352,44379,50652,30689,28498,8431,8879,11362,23154,25675,18152,17781,5847,6561,8990,21225,24977
223,Uganda,800,Canada,124,98,92,243,235,237,239,221,69,64,139,133,134,134,124,29,28,104,102,103,105,97
224,Uganda,800,China,156,137,129,374,362,364,366,341,98,91,240,231,231,231,215,39,38,134,131,133,135,126
225,Uganda,800,DemocraticRepublicoftheCongo,180,65659,73273,84966,93208,159519,286214,397638,32113,34931,39672,43223,76985,138217,187992,33546,38342,45294,49985,82534,147997,209646
226,Uganda,800,Cuba,192,144,136,17,16,16,16,15,115,108,15,15,15,15,15,29,28,2,1,1,1,0
227,Uganda,800,Denmark,208,170,161,160,154,154,154,143,93,86,80,76,75,74,69,77,75,80,78,79,80,74
228,Uganda,800,Ethiopia,231,162,175,291,337,1900,2507,3009,83,88,148,171,975,1248,1458,79,87,143,166,925,1259,1551
229,Uganda,800,Eritrea,232,0,0,39,143,5923,9250,14499,0,0,20,72,3034,4598,7010,0,0,19,71,2889,4652,7489
230,Uganda,800,France,250,241,228,228,220,221,222,207,158,147,142,136,136,136,127,83,81,86,84,85,86,80
231,Uganda,800,Gambia,270,29,27,0,0,0,0,0,29,27,0,0,0,0,0,0,0,0,0,0,0,0
232,Uganda,800,Germany,276,226,214,214,207,208,209,194,128,118,112,107,107,107,99,98,96,102,100,101,102,95
233,Uganda,800,Ghana,288,29,27,0,0,0,0,0,10,9,0,0,0,0,0,19,18,0,0,0,0,0
234,Uganda,800,Greece,300,40,37,37,35,36,35,32,21,19,17,16,17,16,15,19,18,20,19,19,19,17
235,Uganda,800,Hungary,348,10,9,9,8,8,8,7,1,1,0,0,0,0,0,9,8,9,8,8,8,7
236,Uganda,800,India,356,1313,1244,3591,3476,3497,3520,3277,932,871,2294,2200,2200,2202,2043,381,373,1297,1276,1297,1318,1234
237,Uganda,800,Italy,380,390,369,370,358,360,362,337,356,336,336,325,327,329,307,34,33,34,33,33,33,30
238,Uganda,800,CotedIvoire,384,68,64,58,56,56,56,52,34,31,3,2,2,2,2,34,33,55,54,54,54,50
239,Uganda,800,Japan,392,68,64,187,181,182,183,170,49,46,122,118,118,119,111,19,18,65,63,64,64,59
240,Uganda,800,Kenya,404,32265,30640,37371,36105,38271,38254,34241,14225,12926,16601,15703,16577,16315,14376,18040,17714,20770,20402,21694,21939,19865
241,Uganda,800,DemPeoplesRepublicofKorea,408,51,48,136,131,131,131,121,42,40,104,100,100,100,92,9,8,32,31,31,31,29
242,Uganda,800,RepublicofKorea,410,59,55,160,154,154,154,143,10,7,35,31,29,28,26,49,48,125,123,125,126,117
243,Uganda,800,Libya,434,49,46,1,0,0,0,0,20,18,1,0,0,0,0,29,28,0,0,0,0,0
244,Uganda,800,Malawi,454,184,174,7,6,6,6,5,97,89,5,5,5,5,5,87,85,2,1,1,1,0
245,Uganda,800,Mauritania,478,39,36,0,0,0,0,0,30,28,0,0,0,0,0,9,8,0,0,0,0,0
246,Uganda,800,Mozambique,508,226,214,27,26,26,26,24,106,97,14,14,14,14,13,120,117,13,12,12,12,11
247,Uganda,800,Netherlands,528,208,197,196,189,190,191,178,112,103,97,92,92,92,86,96,94,99,97,98,99,92
248,Uganda,800,Nigeria,566,115,108,4,3,3,3,2,49,44,3,3,3,3,2,66,64,1,0,0,0,0
249,Uganda,800,Norway,578,9,8,8,7,7,7,6,9,8,8,7,7,7,6,0,0,0,0,0,0,0
250,Uganda,800,Pakistan,586,216,204,594,572,630,1004,995,177,166,459,441,471,655,634,39,38,135,131,159,349,361
251,Uganda,800,RussianFederation,643,295,279,279,270,271,272,253,141,129,119,113,112,111,102,154,150,160,157,159,161,151
252,Uganda,800,Rwanda,646,214634,131974,70387,75091,70951,72393,65676,112201,68451,35711,37577,35404,35609,31945,102433,63523,34676,37514,35547,36784,33731
253,Uganda,800,Senegal,686,58,54,1,0,0,0,0,46,43,1,0,0,0,0,12,11,0,0,0,0,0
254,Uganda,800,Somalia,706,378,1007,1384,2387,17425,35224,37960,261,571,700,1200,8930,17511,18356,117,436,684,1187,8495,17713,19604
255,Uganda,800,Zimbabwe,716,84,79,3,2,2,2,1,46,42,3,2,2,2,1,38,37,0,0,0,0,0
256,Uganda,800,Spain,724,59,55,55,53,53,53,49,23,20,18,17,17,17,16,36,35,37,36,36,36,33
257,Uganda,800,SouthSudan,728,0,0,0,0,0,262321,1022433,0,0,0,0,0,131537,496575,0,0,0,0,0,130784,525858
258,Uganda,800,Sudan,729,124116,268735,341554,337681,145366,66853,62670,61466,133162,171428,167986,71323,30213,28093,62650,135573,170126,169695,74043,36640,34577
259,Uganda,800,Sweden,752,29,27,26,25,25,25,23,29,27,26,25,25,25,23,0,0,0,0,0,0,0
260,Uganda,800,Togo,768,105,99,4,3,3,3,2,63,58,4,3,3,3,2,42,41,0,0,0,0,0
261,Uganda,800,Egypt,818,44,41,1,0,0,0,0,35,33,1,0,0,0,0,9,8,0,0,0,0,0
262,Uganda,800,UnitedKingdom,826,1034,979,1096,1061,1067,1072,998,546,501,598,571,569,567,525,488,478,498,490,498,505,473
263,Uganda,800,UnitedRepublicofTanzania,834,31528,29873,22351,21648,21802,21916,20438,17908,16531,11258,10728,10681,10629,9838,13620,13342,11093,10920,11121,11287,10600
264,Uganda,800,UnitedStatesofAmerica,840,485,459,878,850,858,859,806,235,215,450,429,429,425,393,250,244,428,421,429,434,413
265,Uganda,800,Zambia,894,194,183,7,6,6,6,5,88,80,4,4,4,4,4,106,103,3,2,2,2,1
266,UnitedRepublicofTanzania,834,Melanesia,928,0,0,0,0,0,0,0,0,0,0,0,0,0,0,0,0,0,0,0,0,0
267,UnitedRepublicofTanzania,834,Micronesia,954,0,0,0,0,0,0,0,0,0,0,0,0,0,0,0,0,0,0,0,0,0
268,UnitedRepublicofTanzania,834,Polynesia,957,0,0,0,0,0,0,0,0,0,0,0,0,0,0,0,0,0,0,0,0,0
269,UnitedRepublicofTanzania,834,Angola,24,717,958,1018,1153,1186,1249,1115,427,571,607,688,708,751,669,290,387,411,465,478,498,446
270,UnitedRepublicofTanzania,834,Botswana,72,80,108,116,132,136,141,125,54,74,79,91,94,99,89,26,34,37,41,42,42,36
271,UnitedRepublicofTanzania,834,Burundi,108,232210,310644,628609,461225,111256,175325,222115,114292,154898,319969,304249,56985,87663,113303,117918,155746,308640,156976,54271,87662,108812
272,UnitedRepublicofTanzania,834,Canada,124,184,234,247,275,282,294,261,109,139,142,165,169,178,158,75,95,105,110,113,116,103
273,UnitedRepublicofTanzania,834,Comoros,174,343,458,487,551,567,596,533,206,276,293,332,342,360,322,137,182,194,219,225,236,211
274,UnitedRepublicofTanzania,834,Congo,178,15007,22000,23123,23777,24354,25017,22287,7624,11149,11438,11743,12007,12399,10983,7383,10851,11685,12034,12347,12618,11304
275,UnitedRepublicofTanzania,834,DemocraticRepublicoftheCongo,180,19354,21834,112286,150345,62386,59508,70736,9212,10698,57136,102486,30474,28415,33637,10142,11136,55150,47859,31912,31093,37099
276,UnitedRepublicofTanzania,834,Germany,276,605,769,810,901,924,967,861,348,442,466,519,532,473,419,257,327,344,382,392,494,442
277,UnitedRepublicofTanzania,834,India,356,4968,6308,6642,7198,7629,8010,7135,2831,3591,3785,4111,4366,4583,4065,2137,2717,2857,3087,3263,3427,3070
278,UnitedRepublicofTanzania,834,Italy,380,360,457,482,536,550,575,511,207,263,278,310,318,333,295,153,194,204,226,232,242,216
279,UnitedRepublicofTanzania,834,Kenya,404,33613,31740,30272,29010,27864,27247,24274,14402,13607,12971,12415,11899,11734,10376,19211,18133,17301,16595,15965,15513,13898
280,UnitedRepublicofTanzania,834,Lesotho,426,79,106,113,134,140,149,132,53,72,76,93,98,74,66,26,34,37,41,42,75,66
281,UnitedRepublicofTanzania,834,Malawi,454,7218,7121,7098,7048,7011,6907,6153,3913,3861,3848,3822,3802,3751,3326,3305,3260,3250,3226,3209,3156,2827
282,UnitedRepublicofTanzania,834,Mauritius,480,113,151,161,181,187,192,170,70,94,100,113,117,104,92,43,57,61,68,70,88,78
283,UnitedRepublicofTanzania,834,Mozambique,508,144353,57995,46739,36267,28177,14651,13052,71441,29901,23874,18413,14125,7363,6523,72912,28094,22865,17854,14052,7288,6529
284,UnitedRepublicofTanzania,834,Namibia,516,370,494,526,571,613,644,573,224,299,319,338,373,393,349,146,195,207,233,240,251,224
285,UnitedRepublicofTanzania,834,Pakistan,586,407,517,545,617,635,668,595,237,302,318,365,377,399,355,170,215,227,252,258,269,240
286,UnitedRepublicofTanzania,834,Rwanda,646,68609,600656,49366,13231,5246,581,517,35018,294994,25508,6780,2277,379,335,33591,305662,23858,6451,2969,202,182
287,UnitedRepublicofTanzania,834,Seychelles,690,214,286,305,345,355,374,332,129,172,184,208,214,258,220,85,114,121,137,141,116,112
288,UnitedRepublicofTanzania,834,Somalia,706,467,4247,3655,3424,2273,2967,2642,281,2149,1916,2279,1208,1552,1375,186,2098,1739,1145,1065,1415,1267
289,UnitedRepublicofTanzania,834,SouthAfrica,710,409,547,582,659,678,712,633,248,332,353,400,412,433,384,161,215,229,259,266,279,249
290,UnitedRepublicofTanzania,834,Eswatini,748,51,69,74,83,86,88,77,34,47,50,57,59,58,54,17,22,24,26,27,30,23
291,UnitedRepublicofTanzania,834,Uganda,800,19706,15546,12286,9484,6938,4857,4326,10298,8116,6381,4962,3576,2542,2253,9408,7430,5905,4522,3362,2315,2073
292,UnitedRepublicofTanzania,834,UnitedKingdom,826,682,866,912,1015,1040,1061,944,390,495,522,593,610,448,396,292,371,390,422,430,613,548
293,UnitedRepublicofTanzania,834,UnitedStatesofAmerica,840,808,1027,1082,1204,1234,1291,1149,462,587,619,689,706,664,588,346,440,463,515,528,627,561
294,UnitedRepublicofTanzania,834,Zambia,894,18188,14501,13584,11845,10265,8573,7637,8349,6664,6228,5515,4712,4261,3775,9839,7837,7356,6330,5553,4312,3862
295,UnitedRepublicofTanzania,834,Zimbabwe,716,488,652,693,753,809,852,759,292,390,415,439,486,344,304,196,262,278,314,323,508,455
296,Zambia,894,Melanesia,928,0,0,0,0,0,0,0,0,0,0,0,0,0,0,0,0,0,0,0,0,0
297,Zambia,894,Micronesia,954,0,0,0,0,0,0,0,0,0,0,0,0,0,0,0,0,0,0,0,0,0
298,Zambia,894,Polynesia,957,0,0,0,0,0,0,0,0,0,0,0,0,0,0,0,0,0,0,0,0,0
299,Zambia,894,Angola,24,123807,141001,238248,98687,37306,27864,31424,62079,70558,120723,49394,18838,14033,16083,61728,70443,117525,49293,18468,13831,15341
300,Zambia,894,Australia,36,81,81,83,148,264,232,323,39,39,40,72,136,119,170,42,42,43,76,128,113,153
301,Zambia,894,Botswana,72,469,228,111,319,918,808,1130,175,86,42,121,423,371,537,294,142,69,198,495,437,593
302,Zambia,894,Burundi,108,0,271,1796,3825,3243,4856,7018,0,133,882,1941,1682,2519,3734,0,138,914,1884,1561,2337,3284
303,Zambia,894,Cameroon,120,10,13,18,66,243,214,299,8,11,15,55,129,114,164,2,2,3,11,114,100,135
304,Zambia,894,Canada,124,227,188,157,177,200,176,246,107,89,75,85,94,83,120,120,99,82,92,106,93,126
305,Zambia,894,China,156,100,128,166,408,1007,887,1241,72,93,120,295,701,617,874,28,35,46,113,306,270,367
306,Zambia,894,Congo,178,116,456,4330,5632,8481,7471,10460,52,205,2410,1998,4262,3741,5390,64,251,1920,3634,4219,3730,5070
307,Zambia,894,DemocraticRepublicoftheCongo,180,27297,31525,58237,73742,20933,26440,50661,14121,16328,29971,37795,10588,13374,26500,13176,15197,28266,35947,10345,13066,24161
308,Zambia,894,France,250,65,59,55,62,70,61,84,41,38,35,40,29,25,36,24,21,20,22,41,36,48
309,Zambia,894,Germany,276,311,220,157,209,279,245,341,173,123,88,118,151,132,188,138,97,69,91,128,113,153
310,Zambia,894,Ghana,288,484,283,166,170,175,154,214,340,199,117,120,119,105,150,144,84,49,50,56,49,64
311,Zambia,894,India,356,4284,3854,3468,4007,4630,4078,5709,2155,1939,1765,2040,2518,2211,3171,2129,1915,1703,1967,2112,1867,2538
312,Zambia,894,Japan,392,146,137,129,113,100,88,123,99,93,88,78,50,44,64,47,44,41,35,50,44,59
313,Zambia,894,Kenya,404,433,328,249,364,536,472,660,276,210,159,233,294,259,372,157,118,90,131,242,213,288
314,Zambia,894,Malawi,454,17073,12382,6937,9665,13467,10363,13422,10441,7573,4273,5954,6627,5115,6817,6632,4809,2664,3711,6840,5248,6605
315,Zambia,894,Mali,466,220,206,194,205,217,191,267,166,156,147,156,142,125,179,54,50,47,49,75,66,88
316,Zambia,894,Mozambique,508,41455,3127,545,842,1301,1146,1603,20691,1517,265,410,666,585,842,20764,1610,280,432,635,561,761
317,Zambia,894,Namibia,516,2360,473,101,251,630,554,774,1273,256,55,137,281,246,357,1087,217,46,114,349,308,417
318,Zambia,894,Nigeria,566,160,148,138,263,508,447,625,113,105,98,187,285,250,358,47,43,40,76,223,197,267
319,Zambia,894,Rwanda,646,0,2285,5662,6873,7462,6573,9202,0,1220,1868,3517,3859,3387,4872,0,1065,3794,3356,3603,3186,4330
320,Zambia,894,Senegal,686,115,138,166,153,142,125,175,99,119,143,132,107,95,135,16,19,23,21,35,30,40
321,Zambia,894,SouthAfrica,710,6328,2660,1535,2170,3072,2706,3788,3240,1368,790,1117,1563,1372,1975,3088,1292,745,1053,1509,1334,1813
322,Zambia,894,Zimbabwe,716,34829,23707,9056,12444,17226,13175,16816,16834,11429,4446,6110,7838,5874,7737,17995,12278,4610,6334,9388,7301,9079
323,Zambia,894,Uganda,800,349,359,370,355,456,401,559,214,221,227,218,279,245,349,135,138,143,137,177,156,210
324,Zambia,894,Egypt,818,235,139,83,116,164,144,200,134,80,48,68,104,91,129,101,59,35,48,60,53,71
325,Zambia,894,UnitedKingdom,826,1987,1434,1036,1154,1286,1132,1584,1090,787,569,634,680,597,858,897,647,467,520,606,535,726
326,Zambia,894,UnitedRepublicofTanzania,834,6930,6172,4322,5057,5918,4726,6617,3879,3455,2221,2599,2965,2176,3151,3051,2717,2101,2458,2953,2550,3466
327,Zambia,894,UnitedStatesofAmerica,840,459,460,462,662,949,836,1169,239,240,241,346,502,441,634,220,220,221,316,447,395,535
328,Zimbabwe,716,Melanesia,928,0,0,0,0,0,0,0,0,0,0,0,0,0,0,0,0,0,0,0,0,0
329,Zimbabwe,716,Micronesia,954,0,0,0,0,0,0,0,0,0,0,0,0,0,0,0,0,0,0,0,0,0
330,Zimbabwe,716,Polynesia,957,0,0,0,0,0,0,0,0,0,0,0,0,0,0,0,0,0,0,0,0,0
331,Zimbabwe,716,Botswana,72,2945,2924,4012,4134,3705,3725,3865,1681,1668,2288,2358,2113,2099,2193,1264,1256,1724,1776,1592,1626,1672
332,Zimbabwe,716,Malawi,454,69618,67945,92989,102211,103681,104247,108491,40140,38762,53031,58125,59314,58915,61830,29478,29183,39958,44086,44367,45332,46661
333,Zimbabwe,716,Mozambique,508,482855,266322,197838,145402,117799,118442,122923,268617,151935,112819,82953,67134,66675,69837,214238,114387,85019,62449,50665,51767,53086
334,Zimbabwe,716,SouthAfrica,710,11426,15313,17024,19010,18910,19013,19731,6508,8736,9709,10842,10787,10714,11210,4918,6577,7315,8168,8123,8299,8521
335,Zimbabwe,716,UnitedKingdom,826,19136,18132,23747,19394,12174,12243,12705,10919,10344,13543,11061,6944,6896,7203,8217,7788,10204,8333,5230,5347,5502
336,Zimbabwe,716,Zambia,894,18966,22815,26337,29759,30373,30538,31692,11251,13016,15020,17170,17226,17105,17969,7715,9799,11317,12589,13147,13433,13723
337,Angola,24,Melanesia,928,0,0,0,0,0,0,0,0,0,0,0,0,0,0,0,0,0,0,0,0,0
338,Angola,24,Micronesia,954,0,0,0,0,0,0,0,0,0,0,0,0,0,0,0,0,0,0,0,0,0
339,Angola,24,Polynesia,957,0,0,0,0,0,0,0,0,0,0,0,0,0,0,0,0,0,0,0,0,0
340,Angola,24,CaboVerde,132,3569,4147,4724,6209,7558,8662,9215,1920,2151,2381,3049,3649,4138,4612,1649,1996,2343,3160,3909,4524,4603
341,Angola,24,Chad,148,12,14,16,22,27,31,1889,6,6,7,9,11,13,1126,6,8,9,13,16,18,763
342,Angola,24,Congo,178,410,477,543,715,870,997,1059,190,210,230,292,347,392,445,220,267,313,423,523,605,614
343,Angola,24,DemocraticRepublicoftheCongo,180,12178,14957,17735,24738,31210,75667,90444,6411,7565,8719,11825,14666,36585,53856,5767,7392,9016,12913,16544,39082,36588
344,Angola,24,Guinea,324,131,152,173,228,277,9252,18142,63,69,76,96,115,3798,10804,68,83,97,132,162,5454,7338
345,Angola,24,CotedIvoire,384,5,6,7,21,1424,6448,12644,3,3,4,11,777,3505,7530,2,3,3,10,647,2943,5114
346,Angola,24,Mozambique,508,97,113,128,169,205,235,248,53,59,65,83,99,112,124,44,54,63,86,106,123,124
347,Angola,24,Namibia,516,345,401,457,601,732,839,890,182,203,225,287,345,392,437,163,198,232,314,387,447,453
348,Angola,24,Portugal,620,5298,6156,7014,6772,6384,5867,5292,3379,3833,4287,3386,3191,2936,2616,1919,2323,2727,3386,3193,2931,2676
349,Angola,24,Rwanda,646,46,115,183,536,879,1186,1260,22,52,81,227,368,495,559,24,63,102,309,511,691,701
350,Angola,24,SaoTomeandPrincipe,678,3112,3617,4121,5417,6593,6441,6852,1609,1797,1985,2536,3030,2964,3315,1503,1820,2136,2881,3563,3477,3537
351,Angola,24,SouthAfrica,710,2437,2832,3226,4241,5162,5917,6295,1283,1435,1586,2029,2426,2752,3075,1154,1397,1640,2212,2736,3165,3220
352,Angola,24,Zambia,894,119,139,158,209,254,290,307,50,55,60,76,90,100,116,69,84,98,133,164,190,191
353,Cameroon,120,Melanesia,928,0,0,0,0,0,0,0,0,0,0,0,0,0,0,0,0,0,0,0,0,0
354,Cameroon,120,Micronesia,954,0,0,0,0,0,0,0,0,0,0,0,0,0,0,0,0,0,0,0,0,0
355,Cameroon,120,Polynesia,957,0,0,0,0,0,0,0,0,0,0,0,0,0,0,0,0,0,0,0,0,0
356,Cameroon,120,Angola,24,0,0,0,2571,2046,2555,2976,0,0,0,1244,1038,1125,1313,0,0,0,1327,1008,1430,1663
357,Cameroon,120,Canada,124,0,0,0,179,143,178,207,0,0,0,91,76,83,98,0,0,0,88,67,95,109
358,Cameroon,120,CentralAfricanRepublic,140,0,0,0,14607,105626,271319,303005,0,0,0,6558,53342,137017,152849,0,0,0,8049,52284,134302,150156
359,Cameroon,120,Chad,148,95527,88874,82221,70899,49629,33968,27852,47150,43740,40330,37548,26284,17974,14739,48377,45134,41891,33351,23345,15994,13113
360,Cameroon,120,Congo,178,0,0,0,2972,2365,2953,3439,0,0,0,1475,1227,1339,1561,0,0,0,1497,1138,1614,1878
361,Cameroon,120,DemocraticRepublicoftheCongo,180,0,0,0,4102,3265,4078,4750,0,0,0,2138,1772,1960,2285,0,0,0,1964,1493,2118,2465
362,Cameroon,120,Benin,204,0,0,0,2414,1921,2400,2795,0,0,0,1348,1111,1250,1458,0,0,0,1066,810,1150,1337
363,Cameroon,120,EquatorialGuinea,226,0,0,0,3377,2688,3357,3911,0,0,0,1600,1338,1441,1682,0,0,0,1777,1350,1916,2229
364,Cameroon,120,France,250,11808,10986,10163,4643,3695,4615,5376,6377,5919,5460,2459,2035,2260,2636,5431,5067,4703,2184,1660,2355,2740
365,Cameroon,120,Gabon,266,0,0,0,1061,845,1055,1228,0,0,0,535,445,487,569,0,0,0,526,400,568,659
366,Cameroon,120,Germany,276,0,0,0,296,236,294,340,0,0,0,150,125,137,158,0,0,0,146,111,157,182
367,Cameroon,120,Greece,300,0,0,0,193,153,191,220,0,0,0,128,104,121,140,0,0,0,65,49,70,80
368,Cameroon,120,Guinea,324,0,0,0,4605,3665,4577,5331,0,0,0,2222,1854,2007,2340,0,0,0,2383,1811,2570,2991
369,Cameroon,120,Italy,380,0,0,0,511,407,508,590,0,0,0,292,241,273,318,0,0,0,219,166,235,272
370,Cameroon,120,Liberia,430,0,0,0,4281,3407,4255,4956,0,0,0,2045,1707,1843,2150,0,0,0,2236,1700,2412,2806
371,Cameroon,120,Mali,466,0,0,0,8251,6567,8202,9556,0,0,0,5760,4674,5516,6430,0,0,0,2491,1893,2686,3126
372,Cameroon,120,Netherlands,528,0,0,0,160,127,159,184,0,0,0,96,78,89,104,0,0,0,64,49,70,80
373,Cameroon,120,Niger,562,0,0,0,10566,8409,10503,12236,0,0,0,6925,5642,6577,7666,0,0,0,3641,2767,3926,4570
374,Cameroon,120,Nigeria,566,105140,97818,90495,101721,82748,131616,169602,60603,56266,51929,57127,49494,59156,76219,44537,41552,38566,44594,33254,72460,93383
375,Cameroon,120,Senegal,686,0,0,0,3172,2524,3153,3673,0,0,0,2561,2060,2494,2907,0,0,0,611,464,659,766
376,Cameroon,120,UnitedKingdom,826,0,0,0,256,204,255,295,0,0,0,149,123,139,162,0,0,0,107,81,116,133
377,Cameroon,120,UnitedStatesofAmerica,840,0,0,0,823,655,819,952,0,0,0,418,347,383,446,0,0,0,405,308,436,506
378,CentralAfricanRepublic,140,Melanesia,928,0,0,0,0,0,0,0,0,0,0,0,0,0,0,0,0,0,0,0,0,0
379,CentralAfricanRepublic,140,Micronesia,954,0,0,0,0,0,0,0,0,0,0,0,0,0,0,0,0,0,0,0,0,0
380,CentralAfricanRepublic,140,Polynesia,957,0,0,0,0,0,0,0,0,0,0,0,0,0,0,0,0,0,0,0,0,0
381,CentralAfricanRepublic,140,Australia,36,9,13,16,13,13,10,10,9,9,8,6,6,5,6,0,4,8,7,7,5,4
382,CentralAfricanRepublic,140,Austria,40,20,27,32,25,25,21,22,13,18,21,16,16,14,16,7,9,11,9,9,7,6
383,CentralAfricanRepublic,140,Canada,124,19,157,281,220,216,186,195,9,79,142,111,109,94,97,10,78,139,109,107,92,98
384,CentralAfricanRepublic,140,Chad,148,10010,13169,15183,11850,11638,10026,10608,5457,7299,8502,6644,6529,5592,5864,4553,5870,6681,5206,5109,4434,4744
385,CentralAfricanRepublic,140,DemocraticRepublicoftheCongo,180,13173,20510,26065,20344,19981,17213,18212,7063,10164,12376,9677,9512,8128,8489,6110,10346,13689,10667,10469,9085,9723
386,CentralAfricanRepublic,140,Cyprus,196,5,8,11,9,9,7,6,3,4,5,3,3,3,3,2,4,6,6,6,4,3
387,CentralAfricanRepublic,140,Denmark,208,1,2,3,3,3,2,1,1,1,1,0,0,0,0,0,1,2,3,3,2,1
388,CentralAfricanRepublic,140,France,250,10537,13090,14506,11322,11120,9580,10135,5416,6743,7482,5849,5749,4918,5147,5121,6347,7024,5473,5371,4662,4988
389,CentralAfricanRepublic,140,Ireland,372,1,9,16,13,13,10,10,0,4,7,5,5,4,5,1,5,9,8,8,6,5
390,CentralAfricanRepublic,140,Italy,380,7,56,101,79,77,66,70,2,32,60,47,45,39,42,5,24,41,32,32,27,28
391,CentralAfricanRepublic,140,Mali,466,351,422,457,357,350,301,317,183,224,246,192,188,161,168,168,198,211,165,162,140,149
392,CentralAfricanRepublic,140,Netherlands,528,19,36,50,39,39,33,34,10,19,26,20,20,17,18,9,17,24,19,19,16,16
393,CentralAfricanRepublic,140,RussianFederation,643,163,193,207,162,159,136,143,81,102,114,89,88,74,77,82,91,93,73,71,62,66
394,CentralAfricanRepublic,140,SaoTomeandPrincipe,678,88,104,111,87,86,73,77,41,50,54,42,41,34,37,47,54,57,45,45,39,40
395,CentralAfricanRepublic,140,Slovenia,705,15,42,66,52,50,43,44,8,23,37,29,27,24,24,7,19,29,23,23,19,20
396,CentralAfricanRepublic,140,SouthAfrica,710,81,84,80,63,61,52,53,52,59,62,48,46,40,41,29,25,18,15,15,12,12
397,CentralAfricanRepublic,140,SouthSudan,728,0,0,0,0,0,0,2236,0,0,0,0,0,0,1171,0,0,0,0,0,0,1065
398,CentralAfricanRepublic,140,Sudan,729,22094,27015,29587,23093,22680,19539,20695,11480,14332,15931,12452,12237,10476,10974,10614,12683,13656,10641,10443,9063,9721
399,CentralAfricanRepublic,140,Sweden,752,10,15,18,15,15,12,12,5,8,9,7,7,6,7,5,7,9,8,8,6,5
400,CentralAfricanRepublic,140,Switzerland,756,150,193,220,172,169,145,153,68,90,104,81,79,68,72,82,103,116,91,90,77,81
401,CentralAfricanRepublic,140,Togo,768,5,9,13,11,11,9,8,3,5,7,5,5,5,5,2,4,6,6,6,4,3
402,CentralAfricanRepublic,140,Turkey,792,6,8,10,9,9,7,6,1,1,2,2,2,2,2,5,7,8,7,7,5,4
403,CentralAfricanRepublic,140,Egypt,818,67,65,58,45,45,38,39,46,38,27,20,20,17,17,21,27,31,25,25,21,22
404,CentralAfricanRepublic,140,UnitedStatesofAmerica,840,476,683,831,649,637,548,579,412,592,721,563,552,475,502,64,91,110,86,85,73,77
405,Chad,148,Melanesia,928,0,0,0,0,0,0,0,0,0,0,0,0,0,0,0,0,0,0,0,0,0
406,Chad,148,Micronesia,954,0,0,0,0,0,0,0,0,0,0,0,0,0,0,0,0,0,0,0,0,0
407,Chad,148,Polynesia,957,0,0,0,0,0,0,0,0,0,0,0,0,0,0,0,0,0,0,0,0,0
408,Chad,148,Cameroon,120,30992,33673,36353,25161,29798,30702,35635,16731,18156,19581,11414,13348,13908,15927,14261,15517,16772,13747,16450,16794,19708
409,Chad,148,CentralAfricanRepublic,140,8067,8765,9463,63523,75231,87583,101662,4355,4726,5097,28818,33701,41143,47159,3712,4039,4366,34705,41530,46440,54503
410,Chad,148,Congo,178,715,777,839,581,688,846,980,386,419,452,262,307,389,446,329,358,387,319,381,457,534
411,Chad,148,DemocraticRepublicoftheCongo,180,98,200,301,210,248,304,351,53,108,162,95,111,140,160,45,92,139,115,137,164,191
412,Chad,148,France,250,886,963,1039,720,853,1048,1216,478,519,560,326,382,482,553,408,444,479,394,471,566,663
413,Chad,148,Gabon,266,292,318,343,238,282,347,401,158,172,185,107,126,160,183,134,146,158,131,156,187,218
414,Chad,148,Libya,434,1096,1191,1286,891,1055,1297,1504,592,642,693,404,472,597,685,504,549,593,487,583,700,819
415,Chad,148,Niger,562,2614,2840,3066,2122,2513,3092,3586,1411,1531,1651,962,1125,1424,1630,1203,1309,1415,1160,1388,1668,1956
416,Chad,148,Nigeria,566,14822,16104,17386,2028,2402,6531,13033,8001,8683,9365,919,1075,3008,5927,6821,7421,8021,1109,1327,3523,7106
417,Chad,148,Sudan,729,9529,19071,28613,247573,293205,320988,372594,5144,10278,15412,112314,131350,146304,167570,4385,8793,13201,135259,161855,174684,205024
418,Congo,178,Melanesia,928,0,0,0,0,0,0,0,0,0,0,0,0,0,0,0,0,0,0,0,0,0
419,Congo,178,Micronesia,954,0,0,0,0,0,0,0,0,0,0,0,0,0,0,0,0,0,0,0,0,0
420,Congo,178,Polynesia,957,0,0,0,0,0,0,0,0,0,0,0,0,0,0,0,0,0,0,0,0,0
421,Congo,178,Angola,24,10334,18270,31100,15550,31028,41238,40969,4907,8654,14697,7349,16751,21453,21206,5427,9616,16403,8201,14277,19785,19763
422,Congo,178,Cameroon,120,3464,4003,5614,3570,8502,11300,11225,2036,2275,3118,2357,5202,6727,6658,1428,1728,2496,1213,3300,4573,4567
423,Congo,178,CentralAfricanRepublic,140,10616,11844,16245,14620,24601,32696,32481,5635,5710,7300,6570,12771,16302,16105,4981,6134,8945,8050,11830,16394,16376
424,Congo,178,Chad,148,3239,3743,5249,3338,7949,10565,10494,2103,2368,3263,2373,5323,6926,6860,1136,1375,1986,965,2626,3639,3634
425,Congo,178,China,156,283,327,459,292,695,924,917,260,299,419,273,643,852,846,23,28,40,19,52,72,71
426,Congo,178,DemocraticRepublicoftheCongo,180,67316,110720,183780,230684,252142,170368,169268,30736,52653,88538,123139,128758,87000,85974,36580,58067,95242,107545,123384,83368,83294
427,Congo,178,Cuba,192,164,190,266,169,403,536,531,49,51,65,71,137,167,164,115,139,201,98,266,369,367
428,Congo,178,Benin,204,4357,5250,7549,7171,11432,15194,15094,2084,2521,3627,3814,6245,8006,7915,2273,2729,3922,3357,5187,7188,7179
429,Congo,178,EquatorialGuinea,226,485,560,786,500,1190,1582,1570,260,288,393,309,670,861,851,225,272,393,191,520,721,719
430,Congo,178,France,250,8574,6041,5127,3260,7765,10320,10251,4496,3121,2575,2020,4390,5643,5580,4078,2920,2552,1240,3375,4677,4671
431,Congo,178,Gabon,266,970,1121,1572,1000,2380,3163,3141,465,510,689,571,1212,1544,1525,505,611,883,429,1168,1619,1616
432,Congo,178,Germany,276,178,205,288,183,436,579,574,81,87,118,100,212,269,266,97,118,170,83,224,310,308
433,Congo,178,Lebanon,422,358,414,580,369,878,1167,1158,220,247,339,252,560,726,719,138,167,241,117,318,441,439
434,Congo,178,Mali,466,4678,9493,16851,10715,25520,33918,33696,2459,5820,10731,7741,17427,22703,22494,2219,3673,6120,2974,8093,11215,11202
435,Congo,178,Mauritania,478,965,1115,1564,994,2369,3149,3127,739,841,1169,802,1847,2426,2406,226,274,395,192,522,723,721
436,Congo,178,Portugal,620,442,511,716,455,1084,1441,1431,252,281,384,294,645,833,824,190,230,332,161,439,608,607
437,Congo,178,RussianFederation,643,790,913,1280,814,1938,2576,2558,304,325,430,401,814,1018,1003,486,588,850,413,1124,1558,1555
438,Congo,178,Rwanda,646,0,5503,12480,7936,18900,25119,24955,0,2890,6547,5052,11054,14246,14095,0,2613,5933,2884,7846,10873,10860
439,Congo,178,Senegal,686,3468,4436,6591,9227,9981,13265,13178,2583,3300,4897,5260,7740,10159,10077,885,1136,1694,3967,2241,3106,3101
440,Congo,178,Togo,768,747,863,1211,770,1834,2437,2419,338,368,496,423,889,1127,1111,409,495,715,347,945,1310,1308
441,Congo,178,UnitedStatesofAmerica,840,51,59,83,53,125,166,164,30,33,46,35,77,99,98,21,26,37,18,48,67,66
442,DemocraticRepublicoftheCongo,180,Melanesia,928,0,0,0,0,0,0,0,0,0,0,0,0,0,0,0,0,0,0,0,0,0
443,DemocraticRepublicoftheCongo,180,Micronesia,954,0,0,0,0,0,0,0,0,0,0,0,0,0,0,0,0,0,0,0,0,0
444,DemocraticRepublicoftheCongo,180,Polynesia,957,0,0,0,0,0,0,0,0,0,0,0,0,0,0,0,0,0,0,0,0,0
445,DemocraticRepublicoftheCongo,180,Angola,24,468462,276402,325733,262144,259584,181954,177028,225505,137155,159759,126071,125430,92911,88955,242957,139247,165974,136073,134154,89043,88073
446,DemocraticRepublicoftheCongo,180,Burundi,108,20203,128458,36692,35973,37626,38377,59145,9725,63743,17996,17643,16273,16015,25896,10478,64715,18696,18330,21353,22362,33249
447,DemocraticRepublicoftheCongo,180,CentralAfricanRepublic,140,0,0,0,0,0,253402,323269,0,0,0,0,0,132871,165120,0,0,0,0,0,120531,158149
448,DemocraticRepublicoftheCongo,180,Congo,178,3647,5912,9470,9473,1549,6431,6242,1823,2954,4645,4646,765,1163,1045,1824,2958,4825,4827,784,5268,5197
449,DemocraticRepublicoftheCongo,180,Rwanda,646,22972,1132791,85936,82035,123871,275136,251333,11058,562103,42148,40235,59627,136928,125262,11914,570688,43788,41800,64244,138208,126071
450,DemocraticRepublicoftheCongo,180,SouthSudan,728,113409,137306,118742,57568,4465,8596,90971,54593,68135,58238,28235,2205,2317,41886,58816,69171,60504,29333,2260,6279,49085
451,DemocraticRepublicoftheCongo,180,Sudan,729,15895,15271,16643,16647,2506,5523,5370,7651,7553,8163,8165,1237,678,581,8244,7718,8480,8482,1269,4845,4789
452,DemocraticRepublicoftheCongo,180,Uganda,800,18418,19780,24177,30118,33,6115,5950,8866,9780,11858,14772,17,1114,1003,9552,10000,12319,15346,16,5001,4947
453,EquatorialGuinea,226,Melanesia,928,0,0,0,0,0,0,0,0,0,0,0,0,0,0,0,0,0,0,0,0,0
454,EquatorialGuinea,226,Micronesia,954,0,0,0,0,0,0,0,0,0,0,0,0,0,0,0,0,0,0,0,0,0
455,EquatorialGuinea,226,Polynesia,957,0,0,0,0,0,0,0,0,0,0,0,0,0,0,0,0,0,0,0,0,0
456,EquatorialGuinea,226,Cameroon,120,202,268,333,486,638,798,957,133,176,218,322,425,535,643,69,92,115,164,213,263,314
457,EquatorialGuinea,226,France,250,1154,1529,1903,2776,3649,4561,5482,511,672,833,1252,1672,2121,2550,643,857,1070,1524,1977,2440,2932
458,EquatorialGuinea,226,Gabon,266,65,86,107,156,205,256,307,36,47,59,87,116,146,175,29,39,48,69,89,110,132
459,EquatorialGuinea,226,Nigeria,566,91,121,150,219,287,359,430,48,63,78,116,154,195,234,43,58,72,103,133,164,196
460,EquatorialGuinea,226,SaoTomeandPrincipe,678,378,501,623,909,1194,1493,1794,226,298,370,548,726,915,1101,152,203,253,361,468,578,693
461,EquatorialGuinea,226,Spain,724,324,429,534,779,1023,1279,1536,189,249,309,458,607,765,920,135,180,225,321,416,514,616
462,Gabon,266,Melanesia,928,0,0,0,0,0,0,0,0,0,0,0,0,0,0,0,0,0,0,0,0,0
463,Gabon,266,Micronesia,954,0,0,0,0,0,0,0,0,0,0,0,0,0,0,0,0,0,0,0,0,0
464,Gabon,266,Polynesia,957,0,0,0,0,0,0,0,0,0,0,0,0,0,0,0,0,0,0,0,0,0
465,Gabon,266,Algeria,12,34,45,57,62,72,100,108,20,26,35,38,44,65,72,14,19,22,24,28,35,36
466,Gabon,266,Angola,24,342,457,572,624,723,1011,1111,202,269,338,372,437,667,734,140,188,234,252,286,344,377
467,Gabon,266,Belgium,56,154,206,258,282,327,457,501,84,112,142,157,185,285,314,70,94,116,125,142,172,187
468,Gabon,266,Burundi,108,52,69,87,95,109,153,166,31,40,52,57,67,102,113,21,29,35,38,42,51,53
469,Gabon,266,Cameroon,120,15661,20944,26199,28544,33089,46269,50906,7765,10376,13073,14389,16991,26905,29575,7896,10568,13126,14155,16098,19364,21331
470,Gabon,266,Canada,124,90,121,151,164,190,266,291,49,67,83,90,106,165,181,41,54,68,74,84,101,110
471,Gabon,266,Chad,148,1398,1870,2339,2550,2955,4132,4543,841,1124,1411,1550,1818,2764,3038,557,746,928,1000,1137,1368,1505
472,Gabon,266,China,156,107,143,179,195,226,316,344,76,102,128,140,163,240,262,31,41,51,55,63,76,82
473,Gabon,266,Congo,178,5045,6747,8440,9393,10660,14905,16396,2338,3125,3941,4436,5142,8267,9085,2707,3622,4499,4957,5518,6638,7311
474,Gabon,266,DemocraticRepublicoftheCongo,180,2754,3683,4607,5019,5818,8135,8949,1483,1983,2494,2741,3228,5019,5518,1271,1700,2113,2278,2590,3116,3431
475,Gabon,266,Benin,204,16141,21584,26999,29417,34101,47682,52460,8142,10879,13703,15079,17795,28069,30855,7999,10705,13296,14338,16306,19613,21605
476,Gabon,266,EquatorialGuinea,226,26892,35966,44984,49009,56815,79434,87411,13227,17678,22273,24517,28964,45939,50494,13665,18288,22711,24492,27851,33495,36917
477,Gabon,266,France,250,4969,6645,8312,9056,10497,14678,16146,2806,3749,4716,5178,6087,9373,10303,2163,2896,3596,3878,4410,5305,5843
478,Gabon,266,Germany,276,27,36,46,50,57,80,86,15,20,26,29,33,51,56,12,16,20,21,24,29,30
479,Gabon,266,Ghana,288,1968,2631,3291,3586,4156,5811,6392,1678,2242,2809,3065,3564,5099,5609,290,389,482,521,592,712,783
480,Gabon,266,Guinea,324,1539,2058,2574,2805,3251,4546,4999,1136,1518,1904,2082,2430,3558,3913,403,540,670,723,821,988,1086
481,Gabon,266,Israel,376,5,6,7,8,11,15,14,3,4,4,5,7,11,11,2,2,3,3,4,4,3
482,Gabon,266,CotedIvoire,384,1049,1403,1755,1913,2216,3099,3408,669,894,1123,1231,1441,2167,2382,380,509,632,682,775,932,1026
483,Gabon,266,Japan,392,10,13,16,18,21,29,29,5,7,9,10,12,18,19,5,6,7,8,9,11,10
484,Gabon,266,DemPeoplesRepublicofKorea,408,50,67,83,90,105,146,158,30,41,50,54,64,96,106,20,26,33,36,41,50,52
485,Gabon,266,RepublicofKorea,410,60,80,100,110,127,177,193,37,50,62,70,80,120,131,23,30,38,40,47,57,62
486,Gabon,266,Lebanon,422,773,1034,1293,1409,1633,2284,2511,536,717,900,985,1152,1705,1875,237,317,393,424,481,579,636
487,Gabon,266,Mali,466,17055,22807,28529,31083,36033,50384,55434,10919,14595,18329,20083,23523,35336,38858,6136,8212,10200,11000,12510,15048,16576
488,Gabon,266,Morocco,504,221,295,369,402,467,653,717,109,145,182,200,238,377,415,112,150,187,202,229,276,302
489,Gabon,266,Nigeria,566,7392,9887,12367,13475,15619,21840,24029,5357,7164,8984,9826,11471,16850,18534,2035,2723,3383,3649,4148,4990,5495
490,Gabon,266,Rwanda,646,65,87,108,119,137,191,209,33,45,55,61,71,112,124,32,42,53,58,66,79,85
491,Gabon,266,SaoTomeandPrincipe,678,2012,2690,3366,3667,4251,5944,6539,940,1255,1585,1746,2066,3315,3645,1072,1435,1781,1921,2185,2629,2894
492,Gabon,266,Senegal,686,9431,12612,15776,17189,19925,27861,30652,7506,10036,12576,13738,16001,23140,25454,1925,2576,3200,3451,3924,4721,5198
493,Gabon,266,SouthAfrica,710,4,5,7,7,8,12,11,4,5,7,7,8,12,11,0,0,0,0,0,0,0
494,Gabon,266,SyrianArabRepublic,760,9,12,15,16,18,26,27,5,7,8,9,10,16,18,4,5,7,7,8,10,9
495,Gabon,266,Togo,768,7116,9517,11905,12971,15035,21023,23129,3526,4712,5938,6535,7715,12218,13430,3590,4805,5967,6436,7320,8805,9699
496,Gabon,266,Tunisia,788,69,93,116,126,146,204,223,38,52,65,71,83,128,141,31,41,51,55,63,76,82
497,Gabon,266,UnitedStatesofAmerica,840,169,226,283,310,359,502,550,91,121,153,170,200,311,340,78,105,130,140,159,191,210
498,Gabon,266,BurkinaFaso,854,2161,2891,3616,3940,4567,6386,7024,1299,1738,2183,2394,2809,4271,4696,862,1153,1433,1546,1758,2115,2328
499,SaoTomeandPrincipe,678,Melanesia,928,0,0,0,0,0,0,0,0,0,0,0,0,0,0,0,0,0,0,0,0,0
500,SaoTomeandPrincipe,678,Micronesia,954,0,0,0,0,0,0,0,0,0,0,0,0,0,0,0,0,0,0,0,0,0
501,SaoTomeandPrincipe,678,Polynesia,957,0,0,0,0,0,0,0,0,0,0,0,0,0,0,0,0,0,0,0,0,0
502,SaoTomeandPrincipe,678,Angola,24,468,556,654,514,404,358,319,203,285,267,208,163,144,129,265,271,387,306,241,214,190
503,SaoTomeandPrincipe,678,CaboVerde,132,4250,3343,2488,1956,1538,1363,1220,2255,1650,1212,945,740,655,584,1995,1693,1276,1011,798,708,636
504,SaoTomeandPrincipe,678,EquatorialGuinea,226,305,286,268,210,165,146,129,122,111,100,77,60,53,47,183,175,168,133,105,93,82
505,SaoTomeandPrincipe,678,Gabon,266,11,221,436,342,268,237,210,9,157,309,242,189,167,149,2,64,127,100,79,70,61
506,SaoTomeandPrincipe,678,Mozambique,508,243,228,213,167,131,116,102,216,198,179,141,111,95,84,27,30,34,26,20,21,18
507,SaoTomeandPrincipe,678,Portugal,620,206,212,218,171,134,118,104,111,113,113,88,69,61,55,95,99,105,83,65,57,49
508,Algeria,12,Melanesia,928,0,0,0,0,0,0,0,0,0,0,0,0,0,0,0,0,0,0,0,0,0
509,Algeria,12,Micronesia,954,0,0,0,0,0,0,0,0,0,0,0,0,0,0,0,0,0,0,0,0,0
510,Algeria,12,Polynesia,957,0,0,0,0,0,0,0,0,0,0,0,0,0,0,0,0,0,0,0,0,0
511,Algeria,12,France,250,2086,1321,556,439,482,523,543,1162,707,252,199,207,225,233,924,614,304,240,275,298,310
512,Algeria,12,StateofPalestine,275,36004,33836,31667,25035,27509,29900,31097,19020,18261,17501,13836,14670,15932,16553,16984,15575,14166,11199,12839,13968,14544
513,Algeria,12,Germany,276,6544,3661,778,615,675,733,761,3694,1987,281,222,225,243,253,2850,1674,497,393,450,490,508
514,Algeria,12,Indonesia,360,1000,1223,1446,1143,1255,1363,1416,809,941,1074,849,919,998,1037,191,282,372,294,336,365,379
515,Algeria,12,Iraq,368,918,4249,7579,5992,6584,7156,7441,355,2064,3772,2983,3135,3404,3535,563,2185,3807,3009,3449,3752,3906
516,Algeria,12,Italy,380,3143,1942,740,585,642,698,725,1767,1035,302,239,246,268,278,1376,907,438,346,396,430,447
517,Algeria,12,Jordan,400,2286,2272,2258,1785,1961,2132,2216,1236,1234,1233,974,1032,1122,1165,1050,1038,1025,811,929,1010,1051
518,Algeria,12,Kuwait,414,1420,1308,1196,946,1039,1129,1172,841,820,799,632,680,739,768,579,488,397,314,359,390,404
519,Algeria,12,Lebanon,422,1564,1395,1225,968,1063,1155,1199,720,612,504,398,410,444,461,844,783,721,570,653,711,738
520,Algeria,12,Libya,434,1982,2154,2325,1838,2019,2195,2281,1123,1195,1267,1001,1060,1152,1197,859,959,1058,837,959,1043,1084
521,Algeria,12,Malaysia,458,1651,1264,877,694,762,827,859,1070,841,613,485,523,568,591,581,423,264,209,239,259,268
522,Algeria,12,RussianFederation,643,6287,3545,802,634,696,757,785,2328,1340,351,278,288,314,325,3959,2205,451,356,408,443,460
523,Algeria,12,SaudiArabia,682,3068,3497,3926,3103,3409,3706,3852,1953,2212,2472,1954,2092,2274,2361,1115,1285,1454,1149,1317,1432,1491
524,Algeria,12,Somalia,706,926,6248,11570,9147,10050,10923,11361,453,3511,6569,5193,5517,5992,6227,473,2737,5001,3954,4533,4931,5134
525,Algeria,12,Sudan,729,9127,5362,1597,1262,1386,1506,1566,5143,3009,875,692,733,795,828,3984,2353,722,570,653,711,738
526,Algeria,12,WesternSahara,732,167905,166903,165911,131163,144125,156658,162952,92390,91693,90999,71941,76229,82788,86018,75515,75210,74912,59222,67896,73870,76934
527,Algeria,12,SyrianArabRepublic,760,3550,3312,3073,2429,2669,6211,7757,1966,1822,1677,1326,1405,3268,4080,1584,1490,1396,1103,1264,2943,3677
528,Algeria,12,UnitedKingdom,826,2060,1430,800,632,694,754,782,1195,774,353,279,290,315,326,865,656,447,353,404,439,456
529,Algeria,12,UnitedStatesofAmerica,840,4509,2802,1094,865,950,1032,1072,2471,1504,536,424,445,483,502,2038,1298,558,441,505,549,570
530,Algeria,12,Yemen,887,2593,2480,2366,1870,2054,2232,2320,1522,1464,1405,1110,1183,1285,1335,1071,1016,961,760,871,947,985
531,Egypt,818,Melanesia,928,0,0,0,0,0,0,0,0,0,0,0,0,0,0,0,0,0,0,0,0,0
532,Egypt,818,Micronesia,954,0,0,0,0,0,0,0,0,0,0,0,0,0,0,0,0,0,0,0,0,0
533,Egypt,818,Polynesia,957,0,0,0,0,0,0,0,0,0,0,0,0,0,0,0,0,0,0,0,0,0
534,Egypt,818,Afghanistan,4,237,188,154,183,198,135,210,194,150,117,142,152,108,164,43,38,37,41,46,27,46
535,Egypt,818,Albania,8,111,96,88,105,113,77,119,74,61,53,66,69,51,75,37,35,35,39,44,26,44
536,Egypt,818,Algeria,12,543,573,648,771,830,569,889,183,189,209,281,283,245,318,360,384,439,490,547,324,571
537,Egypt,818,Angola,24,23,21,21,25,27,19,28,12,10,10,13,14,11,16,11,11,11,12,13,8,12
538,Egypt,818,AntiguaandBarbuda,28,14,13,13,15,16,11,15,7,6,6,7,7,6,8,7,7,7,8,9,5,7
539,Egypt,818,Azerbaijan,31,24,23,24,29,31,21,31,22,22,23,28,30,21,31,2,1,1,1,1,0,0
540,Egypt,818,Argentina,32,322,243,183,218,235,161,251,194,146,109,135,142,106,155,128,97,74,83,93,55,96
541,Egypt,818,Australia,36,525,418,344,410,441,303,471,282,224,183,230,239,184,261,243,194,161,180,202,119,210
542,Egypt,818,Austria,40,716,557,442,526,567,389,607,330,249,188,242,250,201,277,386,308,254,284,317,188,330
543,Egypt,818,Bahamas,44,11,11,11,13,14,10,14,1,2,2,3,3,3,3,10,9,9,10,11,7,11
544,Egypt,818,Bahrain,48,382,325,294,350,377,259,404,153,140,139,177,183,144,203,229,185,155,173,194,115,201
545,Egypt,818,Bangladesh,50,112,143,186,221,239,164,255,89,121,164,196,211,147,227,23,22,22,25,28,17,28
546,Egypt,818,Armenia,51,179,143,118,140,151,103,160,64,52,44,57,58,48,64,115,91,74,83,93,55,96
547,Egypt,818,Belgium,56,672,521,411,489,527,362,564,337,256,196,249,259,203,286,335,265,215,240,268,159,278
548,Egypt,818,BosniaandHerzegovina,70,23,33,46,55,59,40,61,12,17,23,29,30,23,33,11,16,23,26,29,17,28
549,Egypt,818,Brazil,76,137,112,96,114,123,85,130,55,44,37,48,49,42,56,82,68,59,66,74,43,74
550,Egypt,818,BruneiDarussalam,96,65,55,50,60,65,45,68,26,21,18,24,25,22,28,39,34,32,36,40,23,40
551,Egypt,818,Bulgaria,100,71,58,50,60,65,45,68,35,26,20,26,27,23,30,36,32,30,34,38,22,38
552,Egypt,818,Myanmar,104,9,9,9,11,12,8,11,7,8,8,10,11,8,11,2,1,1,1,1,0,0
553,Egypt,818,Burundi,108,47,36,27,32,35,24,35,42,32,24,29,32,23,34,5,4,3,3,3,1,1
554,Egypt,818,Belarus,112,246,216,204,243,262,180,279,105,90,82,107,110,90,121,141,126,122,136,152,90,158
555,Egypt,818,Cameroon,120,135,109,92,110,119,82,126,118,93,76,92,99,71,107,17,16,16,18,20,11,19
556,Egypt,818,Canada,124,331,382,464,552,594,408,636,198,212,243,305,318,245,349,133,170,221,247,276,163,287
557,Egypt,818,CentralAfricanRepublic,140,51,45,43,51,55,37,57,35,29,25,31,33,24,35,16,16,18,20,22,13,22
558,Egypt,818,SriLanka,144,249,199,164,195,210,144,222,151,117,91,113,118,90,127,98,82,73,82,92,54,95
559,Egypt,818,Chad,148,305,264,244,290,312,215,334,198,169,153,188,198,148,216,107,95,91,102,114,67,118
560,Egypt,818,Chile,152,21,20,20,24,26,18,27,8,9,10,13,14,11,16,13,11,10,11,12,7,11
561,Egypt,818,China,156,479,501,562,669,720,495,771,394,370,375,460,486,356,528,85,131,187,209,234,139,243
562,Egypt,818,Colombia,170,65,52,43,51,55,37,57,59,44,32,39,42,29,45,6,8,11,12,13,8,12
563,Egypt,818,Comoros,174,431,527,664,791,852,585,913,381,443,540,652,696,493,753,50,84,124,139,156,92,160
564,Egypt,818,Congo,178,26,39,55,65,70,48,72,23,29,37,45,48,35,50,3,10,18,20,22,13,22
565,Egypt,818,DemocraticRepublicoftheCongo,180,99,94,96,114,123,85,130,62,59,61,75,79,59,86,37,35,35,39,44,26,44
566,Egypt,818,Croatia,191,124,96,76,90,97,66,102,108,80,58,70,75,53,80,16,16,18,20,22,13,22
567,Egypt,818,Cyprus,196,98,77,63,75,81,56,86,53,41,33,41,43,34,48,45,36,30,34,38,22,38
568,Egypt,818,Czechia,203,250,191,148,176,190,130,201,114,83,60,78,80,66,89,136,108,88,98,110,64,112
569,Egypt,818,Benin,204,46,35,27,32,35,24,35,44,34,26,31,34,24,35,2,1,1,1,1,0,0
570,Egypt,818,Denmark,208,279,240,221,263,284,194,302,140,119,109,138,144,111,157,139,121,112,125,140,83,145
571,Egypt,818,Ecuador,218,9,9,9,11,12,8,11,2,2,2,3,3,3,4,7,7,7,8,9,5,7
572,Egypt,818,ElSalvador,222,160,151,155,185,200,137,212,65,62,65,84,87,71,96,95,89,90,101,113,66,116
573,Egypt,818,Ethiopia,231,567,503,478,569,612,6931,16256,227,203,195,253,259,3467,7067,340,300,283,316,353,3464,9189
574,Egypt,818,Eritrea,232,358,359,388,462,1559,3836,18232,180,179,192,243,794,1918,7924,178,180,196,219,765,1918,10308
575,Egypt,818,Estonia,233,14,16,19,23,25,17,25,8,8,9,12,13,10,14,6,8,10,11,12,7,11
576,Egypt,818,Finland,246,189,178,182,217,234,160,249,72,68,72,95,97,79,107,117,110,110,122,137,81,142
577,Egypt,818,France,250,3089,2490,2089,2487,2675,1838,2874,1664,1317,1075,1354,1410,1089,1551,1425,1173,1014,1133,1265,749,1323
578,Egypt,818,Djibouti,262,243,247,271,323,348,239,371,151,150,161,200,210,157,228,92,97,110,123,138,82,143
579,Egypt,818,Gambia,270,36,28,22,26,28,19,28,29,22,16,19,20,14,21,7,6,6,7,8,5,7
580,Egypt,818,StateofPalestine,275,53328,52935,66745,117556,116437,96879,135932,27145,27402,34840,69005,66537,60723,79148,26183,25533,31905,48551,49900,36156,56784
581,Egypt,818,Germany,276,9692,7378,5649,6725,7234,4970,7771,5298,3965,2946,3706,3864,2975,4243,4394,3413,2703,3019,3370,1995,3528
582,Egypt,818,Ghana,288,214,186,172,205,221,151,234,168,143,128,156,166,119,179,46,43,44,49,55,32,55
583,Egypt,818,Gibraltar,292,7,7,7,8,9,6,8,4,4,4,5,6,5,7,3,3,3,3,3,1,1
584,Egypt,818,Greece,300,1306,1077,934,1112,1196,822,1284,560,451,378,491,502,411,559,746,626,556,621,694,411,725
585,Egypt,818,Guatemala,320,7,7,7,8,9,6,8,2,3,3,4,5,4,5,5,4,4,4,4,2,3
586,Egypt,818,Guinea,324,182,138,105,125,135,93,143,172,128,95,114,123,86,132,10,10,10,11,12,7,11
587,Egypt,818,Hungary,348,123,106,98,117,126,86,133,57,45,38,50,51,42,57,66,61,60,67,75,44,76
588,Egypt,818,India,356,801,823,910,1083,1165,800,1249,487,507,568,701,738,547,804,314,316,342,382,427,253,445
589,Egypt,818,Indonesia,360,1481,1725,2107,2508,2698,1854,2897,1188,1341,1601,1943,2067,1481,2238,293,384,506,565,631,373,659
590,Egypt,818,IranIslamicRepublicof,364,134,118,111,132,142,97,150,73,66,63,78,82,62,90,61,52,48,54,60,35,60
591,Egypt,818,Iraq,368,1359,4401,7793,9278,9979,12817,20042,489,2007,3686,4691,4859,6474,8821,870,2394,4107,4587,5120,6343,11221
592,Egypt,818,Ireland,372,111,87,70,83,90,61,95,45,34,26,34,35,29,40,66,53,44,49,55,32,55
593,Egypt,818,Israel,376,995,728,518,617,664,456,710,585,427,303,377,396,297,432,410,301,215,240,268,159,278
594,Egypt,818,Italy,380,4657,3710,3058,3641,3917,2691,4206,2535,1969,1561,1969,2051,1586,2252,2122,1741,1497,1672,1866,1105,1954
595,Egypt,818,CotedIvoire,384,208,181,168,200,216,514,802,150,127,114,140,149,259,352,58,54,54,60,67,255,450
596,Egypt,818,Japan,392,1455,1105,843,1004,1081,742,1158,751,566,426,538,561,434,616,704,539,417,466,520,308,542
597,Egypt,818,Kazakhstan,398,142,143,155,185,200,137,212,50,64,82,103,108,83,117,92,79,73,82,92,54,95
598,Egypt,818,Jordan,400,3386,3473,3836,4567,4913,3375,5277,1768,1826,2029,2549,2660,2041,2917,1618,1647,1807,2018,2253,1334,2360
599,Egypt,818,Kenya,404,131,112,101,120,130,89,137,101,81,67,82,87,64,94,30,31,34,38,43,25,43
600,Egypt,818,DemPeoplesRepublicofKorea,408,117,93,76,90,97,66,102,69,55,45,55,58,43,62,48,38,31,35,39,23,40
601,Egypt,818,RepublicofKorea,410,282,240,218,260,281,193,299,199,163,140,173,184,136,200,83,77,78,87,97,57,99
602,Egypt,818,Kuwait,414,2103,2064,2188,2605,2802,1925,3008,1211,1233,1353,1672,1761,1308,1918,892,831,835,933,1041,617,1090
603,Egypt,818,Kyrgyzstan,417,48,45,46,55,59,40,61,37,34,35,43,46,32,49,11,11,11,12,13,8,12
604,Egypt,818,Lebanon,422,2317,2232,2324,2767,2976,2045,3197,1016,956,971,1256,1289,1046,1431,1301,1276,1353,1511,1687,999,1766
605,Egypt,818,Liberia,430,40,36,35,42,45,31,47,37,27,20,25,26,20,28,3,9,15,17,19,11,19
606,Egypt,818,Libya,434,2936,3176,3669,4368,4698,3228,5047,1611,1726,1979,2480,2591,1980,2840,1325,1450,1690,1888,2107,1248,2207
607,Egypt,818,Madagascar,450,48,38,30,36,39,26,39,48,37,28,34,37,25,38,0,1,2,2,2,1,1
608,Egypt,818,Malawi,454,23,21,21,25,27,19,28,18,17,17,21,23,17,25,5,4,4,4,4,2,3
609,Egypt,818,Malaysia,458,2445,2168,2063,2456,2642,1815,2836,1550,1397,1355,1665,1759,1293,1913,895,771,708,791,883,522,923
610,Egypt,818,Maldives,462,4,12,21,25,27,19,28,4,9,15,18,19,14,21,0,3,6,7,8,5,7
611,Egypt,818,Mali,466,241,192,158,188,203,139,216,195,153,122,148,158,112,170,46,39,36,40,45,27,46
612,Egypt,818,Mauritania,478,152,128,114,136,147,100,154,115,95,82,100,107,77,114,37,33,32,36,40,23,40
613,Egypt,818,Mexico,484,71,57,48,57,62,42,64,25,19,16,21,22,19,24,46,38,32,36,40,23,40
614,Egypt,818,Monaco,492,62,59,60,71,77,53,82,29,28,29,36,38,30,42,33,31,31,35,39,23,40
615,Egypt,818,Mongolia,496,1,6,11,13,14,10,14,1,5,9,11,12,9,13,0,1,2,2,2,1,1
616,Egypt,818,RepublicofMoldova,498,48,45,46,55,59,40,61,42,40,41,49,52,36,55,6,5,5,6,7,4,6
617,Egypt,818,Morocco,504,527,627,776,924,994,683,1066,131,145,170,247,238,236,276,396,482,606,677,756,447,790
618,Egypt,818,Mozambique,508,14,13,13,15,16,11,15,8,8,8,9,9,7,9,6,5,5,6,7,4,6
619,Egypt,818,Oman,512,436,401,397,473,509,350,544,271,254,256,316,333,246,361,165,147,141,157,176,104,183
620,Egypt,818,Namibia,516,379,277,196,233,251,172,268,124,91,64,86,86,75,97,255,186,132,147,165,97,171
621,Egypt,818,Netherlands,528,1068,863,726,864,929,639,997,557,432,340,433,447,354,495,511,431,386,431,482,285,502
622,Egypt,818,NewZealand,554,114,88,68,81,87,60,93,74,57,44,54,57,42,63,40,31,24,27,30,18,30
623,Egypt,818,Niger,562,97,88,86,102,110,75,116,92,79,72,86,92,64,99,5,9,14,16,18,11,17
624,Egypt,818,Nigeria,566,586,567,593,706,760,1945,814,472,432,426,519,550,1480,596,114,135,167,187,210,465,218
625,Egypt,818,Norway,578,106,94,89,106,114,78,120,67,56,48,60,62,47,67,39,38,41,46,52,31,53
626,Egypt,818,Pakistan,586,387,403,452,538,580,398,619,272,270,290,357,377,278,408,115,133,162,181,203,120,211
627,Egypt,818,Philippines,608,677,711,801,954,1027,705,1101,302,279,278,370,375,319,419,375,432,523,584,652,386,682
628,Egypt,818,Poland,616,407,329,278,331,356,244,380,236,176,131,167,172,136,190,171,153,147,164,184,108,190
629,Egypt,818,Portugal,620,44,38,34,40,43,29,44,20,17,15,19,19,15,21,24,21,19,21,24,14,23
630,Egypt,818,GuineaBissau,624,70,66,68,81,87,60,93,68,65,67,80,86,60,93,2,1,1,1,1,0,0
631,Egypt,818,Qatar,634,287,278,292,348,375,257,401,159,160,174,216,227,170,249,128,118,118,132,148,87,152
632,Egypt,818,Romania,642,226,194,177,211,228,157,243,119,92,71,93,96,79,107,107,102,106,118,132,78,136
633,Egypt,818,RussianFederation,643,9311,7112,5477,6521,7014,4820,7536,3206,2479,1950,2582,2617,2216,2930,6105,4633,3527,3939,4397,2604,4606
634,Egypt,818,Rwanda,646,59,44,33,39,42,29,44,46,34,26,31,33,24,37,13,10,7,8,9,5,7
635,Egypt,818,SaudiArabia,682,4546,5065,5987,7128,7667,5268,8238,2827,3146,3716,4591,4835,3591,5273,1719,1919,2271,2537,2832,1677,2965
636,Egypt,818,Senegal,686,384,334,311,370,398,273,425,309,268,249,301,321,228,346,75,66,62,69,77,45,79
637,Egypt,818,Seychelles,690,15,14,15,18,19,13,19,9,9,10,12,12,9,13,6,5,5,6,7,4,6
638,Egypt,818,SierraLeone,694,41,42,46,55,59,40,61,14,17,20,26,27,21,30,27,25,26,29,32,19,31
639,Egypt,818,Singapore,702,69,84,105,125,135,93,143,39,47,59,74,78,60,86,30,37,46,51,57,33,57
640,Egypt,818,Slovakia,703,71,56,46,55,59,40,61,31,23,18,24,24,19,26,40,33,28,31,35,21,35
641,Egypt,818,Somalia,706,1372,6209,11540,17739,19080,13110,20501,642,3363,6353,10465,10962,8302,11996,730,2846,5187,7274,8118,4808,8505
642,Egypt,818,SouthAfrica,710,190,170,164,195,210,144,222,110,97,92,115,120,90,129,80,73,72,80,90,54,93
643,Egypt,818,Zimbabwe,716,38,30,25,30,32,22,32,31,24,20,24,25,18,26,7,6,5,6,7,4,6
644,Egypt,818,Spain,724,449,362,303,361,389,267,416,241,189,151,191,199,155,219,208,173,152,170,190,112,197
645,Egypt,818,SouthSudan,728,0,0,0,0,0,5762,19013,0,0,0,0,0,3367,9981,0,0,0,0,0,2395,9032
646,Egypt,818,Sudan,729,15184,11817,9388,24677,46473,38410,60066,8284,6442,5112,14906,26963,22443,31816,6900,5375,4276,9771,19510,15967,28250
647,Egypt,818,Sweden,752,358,297,259,308,331,228,355,204,166,140,175,182,140,201,154,131,119,133,149,88,154
648,Egypt,818,Switzerland,756,1775,1334,998,1188,1278,878,1371,936,694,507,640,666,516,731,839,640,491,548,612,362,640
649,Egypt,818,SyrianArabRepublic,760,5259,5198,5549,6606,7105,104635,125673,2818,2783,2968,3723,3887,57334,61804,2441,2415,2581,2883,3218,47301,63869
650,Egypt,818,Tajikistan,762,47,68,95,113,122,84,129,40,51,67,82,87,63,94,7,17,28,31,35,21,35
651,Egypt,818,Thailand,764,967,844,787,937,1008,692,1080,812,695,632,764,814,577,879,155,149,155,173,194,115,201
652,Egypt,818,UnitedArabEmirates,784,464,475,523,623,670,460,719,302,290,301,375,393,296,430,162,185,222,248,277,164,289
653,Egypt,818,Tunisia,788,495,513,572,681,733,503,785,242,236,249,320,330,265,365,253,277,323,361,403,238,420
654,Egypt,818,Turkey,792,770,685,654,779,839,576,898,596,508,460,562,596,433,647,174,177,194,217,243,143,251
655,Egypt,818,Turkmenistan,795,21,27,35,42,45,31,47,19,21,25,31,33,24,36,2,6,10,11,12,7,11
656,Egypt,818,Uganda,800,91,75,64,76,82,56,86,81,65,53,64,69,48,74,10,10,11,12,13,8,12
657,Egypt,818,Ukraine,804,67,92,125,149,161,110,171,35,36,40,54,55,47,62,32,56,85,95,106,63,109
658,Egypt,818,NorthMacedonia,807,147,113,88,105,113,77,119,89,67,51,64,67,50,73,58,46,37,41,46,27,46
659,Egypt,818,UnitedKingdom,826,3051,2573,2299,2737,2944,2023,3161,1718,1400,1193,1502,1565,1206,1717,1333,1173,1106,1235,1379,817,1444
660,Egypt,818,UnitedRepublicofTanzania,834,156,126,107,127,137,94,144,129,101,82,99,106,75,113,27,25,25,28,31,19,31
661,Egypt,818,UnitedStatesofAmerica,840,6679,5336,4416,5257,5655,3886,6075,3536,2800,2287,2879,3001,2314,3295,3143,2536,2129,2378,2654,1572,2780
662,Egypt,818,BurkinaFaso,854,67,55,48,57,62,42,64,64,50,41,49,53,37,57,3,5,7,8,9,5,7
663,Egypt,818,Uzbekistan,860,85,80,82,98,106,73,112,66,62,64,78,84,60,90,19,18,18,20,22,13,22
664,Egypt,818,VenezuelaBolivarianRepublicof,862,26,25,25,30,32,22,32,9,9,9,12,12,11,13,17,16,16,18,20,11,19
665,Egypt,818,Yemen,887,3839,3850,4167,4961,5336,3666,9158,2197,2217,2414,3003,3150,2371,5465,1642,1633,1753,1958,2186,1295,3693
666,Egypt,818,Zambia,894,26,22,19,23,25,17,25,18,15,13,16,17,12,18,8,7,6,7,8,5,7
667,Libya,434,Melanesia,928,0,0,0,0,0,0,0,0,0,0,0,0,0,0,0,0,0,0,0,0,0
668,Libya,434,Micronesia,954,0,0,0,0,0,0,0,0,0,0,0,0,0,0,0,0,0,0,0,0,0
669,Libya,434,Polynesia,957,0,0,0,0,0,0,0,0,0,0,0,0,0,0,0,0,0,0,0,0,0
670,Libya,434,Afghanistan,4,677,452,236,260,285,319,340,556,351,155,187,206,230,248,121,101,81,73,79,89,92
671,Libya,434,Albania,8,315,266,223,245,268,300,320,209,171,139,169,185,207,224,106,95,84,76,83,93,96
672,Libya,434,Algeria,12,1551,2079,2642,2911,3195,3577,3830,530,879,1271,1669,1843,2049,2231,1021,1200,1371,1242,1352,1528,1599
673,Libya,434,Australia,36,1499,1016,551,608,667,746,797,809,569,349,425,468,521,564,690,447,202,183,199,225,233
674,Libya,434,Austria,40,2044,1288,554,611,670,750,801,947,581,242,328,361,402,437,1097,707,312,283,309,348,364
675,Libya,434,Bahrain,48,1091,894,712,785,862,965,1032,442,465,505,597,657,733,791,649,429,207,188,205,232,241
676,Libya,434,Bangladesh,50,318,613,919,1014,1113,1246,1334,252,554,866,966,1061,1188,1275,66,59,53,48,52,58,59
677,Libya,434,Armenia,51,511,346,188,208,228,255,270,184,140,104,132,145,162,174,327,206,84,76,83,93,96
678,Libya,434,Belgium,56,1918,1197,496,548,602,673,720,967,599,254,329,364,405,440,951,598,242,219,238,268,280
679,Libya,434,BosniaandHerzegovina,70,66,153,243,268,294,328,351,33,91,152,186,205,228,247,33,62,91,82,89,100,104
680,Libya,434,Brazil,76,390,286,188,208,228,255,270,157,124,97,126,139,155,166,233,162,91,82,89,100,104
681,Libya,434,Belarus,112,702,625,560,618,678,759,811,301,289,290,373,412,459,498,401,336,270,245,266,300,313
682,Libya,434,Canada,124,946,1509,2098,2312,2537,2841,3041,570,908,1276,1567,1726,1924,2081,376,601,822,745,811,917,960
683,Libya,434,SriLanka,144,710,486,270,298,328,366,391,432,284,144,184,204,226,245,278,202,126,114,124,140,146
684,Libya,434,Chad,148,871,744,631,697,766,858,918,569,494,434,519,572,639,691,302,250,197,178,194,219,227
685,Libya,434,China,156,1366,1800,2264,2494,2737,3064,3280,1125,1293,1494,1796,1977,2206,2382,241,507,770,698,760,858,898
686,Libya,434,Comoros,174,1230,2178,3162,3485,3824,4281,4584,1088,1843,2635,3007,3303,3693,3968,142,335,527,478,521,588,616
687,Libya,434,Congo,178,74,183,297,327,359,401,429,67,134,206,245,270,301,325,7,49,91,82,89,100,104
688,Libya,434,DemocraticRepublicoftheCongo,180,283,299,320,353,387,433,463,177,202,231,273,301,336,363,106,97,89,80,86,97,100
689,Libya,434,Denmark,208,796,675,567,625,686,768,821,400,366,347,426,469,523,567,396,309,220,199,217,245,254
690,Libya,434,ElSalvador,222,458,485,520,574,631,706,754,188,239,298,372,411,457,495,270,246,222,202,220,249,259
691,Libya,434,Ethiopia,231,1618,1470,1347,1485,1630,1825,1952,653,689,754,948,1045,1165,1262,965,781,593,537,585,660,690
692,Libya,434,Eritrea,232,1023,1230,1459,1608,2600,4646,5501,517,695,897,1098,1786,3173,3798,506,535,562,510,814,1473,1703
693,Libya,434,Finland,246,538,569,611,674,740,828,885,207,266,338,427,472,525,569,331,303,273,247,268,303,316
694,Libya,434,France,250,8821,6208,3699,4077,4475,5010,5364,4774,3395,2139,2664,2937,3271,3544,4047,2813,1560,1413,1538,1739,1820
695,Libya,434,Djibouti,262,694,863,1047,1155,1269,1421,1519,432,562,709,848,935,1044,1125,262,301,338,307,334,377,394
696,Libya,434,StateofPalestine,275,152266,179924,210540,232065,254662,285146,305476,77914,106089,137755,166139,182916,204028,222145,74352,73835,72785,65926,71746,81118,83331
697,Libya,434,Germany,276,27674,16289,5172,5701,6257,7005,7503,15197,8749,2623,3392,3744,4164,4528,12477,7540,2549,2309,2513,2841,2975
698,Libya,434,Ghana,288,610,526,452,499,547,612,655,481,407,343,400,440,491,530,129,119,109,99,107,121,125
699,Libya,434,Greece,300,3730,2804,1925,2122,2331,2608,2792,1613,1266,977,1263,1396,1552,1686,2117,1538,948,859,935,1056,1106
700,Libya,434,Hungary,348,350,297,249,275,302,337,360,162,133,110,149,166,183,200,188,164,139,126,136,154,160
701,Libya,434,India,356,2288,2902,3564,3928,4310,4826,5167,1397,1966,2588,3044,3347,3738,4029,891,936,976,884,963,1088,1138
702,Libya,434,Indonesia,360,4228,6863,9612,10595,11627,13019,13944,3395,5488,7703,8866,9745,10892,11717,833,1375,1909,1729,1882,2127,2227
703,Libya,434,IranIslamicRepublicof,364,383,340,303,334,367,410,439,211,207,209,249,275,306,331,172,133,94,85,92,104,108
704,Libya,434,Iraq,368,3879,26910,50384,55536,60945,68240,73093,1412,15858,30826,37821,41667,46444,50260,2467,11052,19558,17715,19278,21796,22833
705,Libya,434,Italy,380,13295,9034,4923,5426,5955,6667,7141,7269,4881,2672,3387,3735,4157,4513,6026,4153,2251,2039,2220,2510,2628
706,Libya,434,CotedIvoire,384,594,511,438,484,531,594,636,429,363,307,365,402,448,485,165,148,131,119,129,146,151
707,Libya,434,Japan,392,4156,2428,740,816,896,1002,1072,2158,1264,418,524,578,643,698,1998,1164,322,292,318,359,374
708,Libya,434,Kazakhstan,398,403,492,591,652,715,800,855,141,291,452,526,579,646,695,262,201,139,126,136,154,160
709,Libya,434,Jordan,400,9668,12240,15015,16551,18164,20338,21783,5073,7293,9750,11782,12973,14470,15637,4595,4947,5265,4769,5191,5868,6146
710,Libya,434,Kenya,404,375,307,246,272,300,334,357,291,215,145,180,200,221,241,84,92,101,92,100,113,116
711,Libya,434,RepublicofKorea,410,806,661,527,581,638,713,761,570,448,338,409,451,502,541,236,213,189,172,187,211,220
712,Libya,434,Kuwait,414,6005,6919,7947,8759,9613,10763,11527,3471,4623,5905,6909,7599,8487,9144,2534,2296,2042,1850,2014,2276,2383
713,Libya,434,Lebanon,422,6615,7318,8143,8975,9850,11029,11812,2919,3607,4443,5624,6203,6906,7494,3696,3711,3700,3351,3647,4123,4318
714,Libya,434,Malaysia,458,6980,6351,5828,6425,7051,7894,8454,4439,4394,4468,5193,5709,6377,6867,2541,1957,1360,1232,1342,1517,1587
715,Libya,434,Mali,466,688,464,249,275,302,337,360,559,364,178,211,233,260,281,129,100,71,64,69,77,79
716,Libya,434,Mauritania,478,433,345,264,291,319,356,380,327,258,195,229,252,281,303,106,87,69,62,67,75,77
717,Libya,434,Monaco,492,176,187,202,224,246,276,293,83,101,123,152,168,188,202,93,86,79,72,78,88,91
718,Libya,434,Morocco,504,1505,2534,3605,3974,4361,4883,5229,381,886,1444,2016,2231,2475,2708,1124,1648,2161,1958,2130,2408,2521
719,Libya,434,Oman,512,1246,1236,1247,1374,1508,1688,1806,777,847,940,1095,1203,1344,1446,469,389,307,279,305,344,360
720,Libya,434,Netherlands,528,3048,2158,1304,1436,1576,1764,1890,1596,1090,626,822,908,1009,1101,1452,1068,678,614,668,755,789
721,Libya,434,Niger,562,275,267,264,291,319,356,380,262,229,201,234,257,287,308,13,38,63,57,62,69,72
722,Libya,434,Nigeria,566,1674,1870,2098,2312,2537,2841,3041,1351,1416,1516,1784,1961,2191,2363,323,454,582,528,576,650,678
723,Libya,434,Norway,578,302,271,246,272,300,334,357,190,158,132,169,188,208,227,112,113,114,103,112,126,130
724,Libya,434,Pakistan,586,1104,1445,1810,1995,2189,2451,2625,777,1004,1258,1495,1645,1836,1982,327,441,552,500,544,615,643
725,Libya,434,Philippines,608,1929,2566,3246,3578,3926,4395,4707,865,1139,1466,1965,2171,2411,2630,1064,1427,1780,1613,1755,1984,2077
726,Libya,434,Poland,616,1163,824,499,551,605,676,723,678,421,179,260,288,319,350,485,403,320,291,317,357,373
727,Libya,434,GuineaBissau,624,200,213,230,253,276,309,329,195,209,227,251,274,308,329,5,4,3,2,2,1,0
728,Libya,434,Qatar,634,819,921,1040,1147,1260,1410,1508,456,598,758,891,982,1096,1180,363,323,282,256,278,314,328
729,Libya,434,Romania,642,645,537,438,484,531,594,636,343,247,161,233,258,286,315,302,290,277,251,273,308,321
730,Libya,434,RussianFederation,643,26586,15828,5331,5876,6450,7221,7734,9251,5967,3014,3777,4165,4637,5029,17335,9861,2317,2099,2285,2584,2705
731,Libya,434,SaudiArabia,682,12976,19379,26101,28771,31573,35352,37866,8096,13182,18631,22005,24209,27026,29145,4880,6197,7470,6766,7364,8326,8721
732,Libya,434,Senegal,686,1096,952,824,909,998,1117,1195,884,780,693,790,869,971,1044,212,172,131,119,129,146,151
733,Libya,434,SierraLeone,694,117,144,175,193,212,237,251,41,72,106,131,145,162,174,76,72,69,62,67,75,77
734,Libya,434,Singapore,702,198,342,492,543,597,667,714,114,217,326,392,432,481,521,84,125,166,151,165,186,193
735,Libya,434,Somalia,706,3917,40088,76918,84783,93040,104178,111588,1845,26153,51219,61506,67709,75539,81585,2072,13935,25699,23277,25331,28639,30003
736,Libya,434,SouthAfrica,710,543,505,476,525,576,645,690,315,306,307,372,409,457,495,228,199,169,153,167,188,195
737,Libya,434,Spain,724,1282,900,534,589,647,724,774,691,480,287,365,403,449,487,591,420,247,224,244,275,287
738,Libya,434,SouthSudan,728,4753,3005,1307,1441,1582,1770,1896,2605,1698,850,1027,1131,1261,1365,2148,1307,457,414,451,509,531
739,Libya,434,Sudan,729,38599,24407,10616,11701,12842,14379,15400,21153,13791,6906,8339,9183,10242,11067,17446,10616,3710,3362,3659,4137,4333
740,Libya,434,Sweden,752,1021,779,551,608,667,746,797,585,452,334,411,453,504,546,436,327,217,197,214,242,251
741,Libya,434,Switzerland,756,5069,2854,686,756,830,929,993,2686,1483,335,438,484,538,585,2383,1371,351,318,346,391,408
742,Libya,434,SyrianArabRepublic,760,15014,17576,20428,22517,24709,27666,44450,8079,10496,13253,16018,17637,19671,31887,6935,7080,7175,6499,7072,7995,12563
743,Libya,434,Tajikistan,762,133,313,499,551,605,676,723,112,237,368,432,476,530,572,21,76,131,119,129,146,151
744,Libya,434,Thailand,764,2762,2410,2098,2312,2537,2841,3041,2323,1985,1689,1942,2135,2386,2567,439,425,409,370,402,455,474
745,Libya,434,UnitedArabEmirates,784,1322,1669,2044,2252,2471,2766,2961,863,1063,1294,1573,1731,1931,2087,459,606,750,679,740,835,874
746,Libya,434,Tunisia,788,1414,1826,2270,2502,2746,3074,3292,695,945,1233,1562,1722,1917,2082,719,881,1037,940,1024,1157,1210
747,Libya,434,Turkey,792,2197,2014,1865,2056,2257,2527,2704,1705,1483,1298,1542,1698,1895,2043,492,531,567,514,559,632,661
748,Libya,434,Turkmenistan,795,58,115,175,193,212,237,251,53,89,127,150,166,186,199,5,26,48,43,46,51,52
749,Libya,434,Ukraine,804,189,413,644,710,779,871,933,98,183,275,376,416,461,504,91,230,369,334,363,410,429
750,Libya,434,Egypt,818,8384,11822,15455,17035,18695,20932,22420,4625,7208,10019,12112,13338,14876,16076,3759,4614,5436,4923,5357,6056,6344
751,Libya,434,UnitedKingdom,826,8712,6959,5321,5865,6438,7207,7719,4926,3905,3021,3782,4172,4645,5037,3786,3054,2300,2083,2266,2562,2682
752,Libya,434,UnitedRepublicofTanzania,834,445,317,196,216,236,264,281,369,249,136,161,176,197,211,76,68,60,55,60,67,70
753,Libya,434,UnitedStatesofAmerica,840,19067,13063,7274,8018,8799,9851,10550,10144,7147,4406,5421,5973,6656,7205,8923,5916,2868,2597,2826,3195,3345
754,Libya,434,Uzbekistan,860,243,257,277,306,336,375,2122,191,210,234,267,294,329,1278,52,47,43,39,42,46,844
755,Libya,434,Yemen,887,10956,13236,15734,17283,18983,21266,6323,6290,8433,10827,12904,14179,15830,3830,4666,4803,4907,4379,4804,5436,2493
756,Morocco,504,Melanesia,928,0,0,0,0,0,0,0,0,0,0,0,0,0,0,0,0,0,0,0,0,0
757,Morocco,504,Micronesia,954,0,0,0,0,0,0,0,0,0,0,0,0,0,0,0,0,0,0,0,0,0
758,Morocco,504,Polynesia,957,0,0,0,0,0,0,0,0,0,0,0,0,0,0,0,0,0,0,0,0,0
759,Morocco,504,Algeria,12,9188,8429,8877,9412,10231,13194,14497,4858,4396,4559,4769,5157,6622,7466,4330,4033,4318,4643,5074,6572,7031
760,Morocco,504,Belgium,56,959,880,927,984,1069,1377,1512,508,459,477,499,539,692,780,451,421,450,485,530,685,732
761,Morocco,504,Congo,178,1286,1180,1243,1319,1433,1847,2028,680,616,639,668,723,928,1045,606,564,604,651,710,919,983
762,Morocco,504,France,250,15056,13813,14547,15422,26839,34615,38063,7961,7204,7470,7804,13519,17362,19575,7095,6609,7077,7618,13320,17253,18488
763,Morocco,504,Germany,276,984,903,952,1011,1098,1415,1553,521,471,489,512,553,710,799,463,432,463,499,545,705,754
764,Morocco,504,Guinea,324,673,618,651,691,750,967,1061,356,323,335,350,378,486,547,317,295,316,341,372,481,514
765,Morocco,504,Iraq,368,1171,1075,1133,1202,1306,1683,1849,620,561,582,609,659,846,954,551,514,551,593,647,837,895
766,Morocco,504,Italy,380,1296,1189,1253,1329,1444,1862,2045,686,621,644,673,728,935,1054,610,568,609,656,716,927,991
767,Morocco,504,Lebanon,422,923,847,892,947,1029,1326,1455,489,442,459,480,520,667,751,434,405,433,467,509,659,704
768,Morocco,504,Libya,434,803,737,777,825,896,1155,1268,425,385,399,418,452,580,654,378,352,378,407,444,575,614
769,Morocco,504,Mauritania,478,1088,999,1053,1117,1213,1564,1717,576,522,541,567,611,785,884,512,477,512,550,602,779,833
770,Morocco,504,Senegal,686,1233,1132,1193,1266,1376,1774,1947,652,591,613,641,694,891,1004,581,541,580,625,682,883,943
771,Morocco,504,Spain,724,2802,2571,2708,2872,3121,4025,4421,1482,1341,1391,1456,1573,2021,2279,1320,1230,1317,1416,1548,2004,2142
772,Morocco,504,SyrianArabRepublic,760,1399,1284,1353,1436,1560,2619,3676,740,670,695,729,787,1316,1898,659,614,658,707,773,1303,1778
773,Morocco,504,Tunisia,788,1763,1618,1704,1808,1964,2533,2781,933,844,876,917,990,1272,1433,830,774,828,891,974,1261,1348
774,Morocco,504,Egypt,818,1271,1166,1228,1303,1416,1825,2005,673,609,631,661,714,917,1034,598,557,597,642,702,908,971
775,Morocco,504,UnitedKingdom,826,828,760,801,850,924,1192,1307,438,397,412,431,466,599,675,390,363,389,419,458,593,632
776,Morocco,504,UnitedStatesofAmerica,840,1250,1147,1208,1281,1392,1795,1971,661,599,621,649,702,901,1016,589,548,587,632,690,894,955
777,Sudan,729,Melanesia,928,0,0,0,0,0,0,0,0,0,0,0,0,0,0,0,0,0,0,0,0,0
778,Sudan,729,Micronesia,954,0,0,0,0,0,0,0,0,0,0,0,0,0,0,0,0,0,0,0,0,0
779,Sudan,729,Polynesia,957,0,0,0,0,0,0,0,0,0,0,0,0,0,0,0,0,0,0,0,0,0
780,Sudan,729,CentralAfricanRepublic,140,17911,18271,18639,20771,16064,13489,25962,9208,9412,9621,10697,8197,6908,13112,8703,8859,9018,10074,7867,6581,12850
781,Sudan,729,Chad,148,196164,85807,72615,80942,80202,74514,103065,97702,42738,37367,41675,42462,37631,51295,98462,43069,35248,39267,37740,36883,51770
782,Sudan,729,China,156,1678,1711,1746,1890,1215,1111,1536,863,882,901,976,627,574,782,815,829,845,914,588,537,754
783,Sudan,729,DemocraticRepublicoftheCongo,180,15855,13976,12378,13625,24549,7445,10297,8055,7153,6389,6987,12430,4549,6233,7800,6823,5989,6638,12119,2896,4064
784,Sudan,729,Ethiopia,231,942295,496740,123478,107732,73623,50734,70173,463796,238328,62843,55315,38693,24232,32974,478499,258412,60635,52417,34930,26502,37199
785,Sudan,729,Eritrea,232,64790,287519,435158,196564,142187,159748,220960,33309,150816,214993,98041,72306,81987,111810,31481,136703,220165,98523,69881,77761,109150
786,Sudan,729,India,356,2259,2304,2351,2397,1396,1277,1764,1162,1188,1214,1234,721,660,899,1097,1116,1137,1163,675,617,865
787,Sudan,729,Kenya,404,6118,6241,6367,5860,2814,2575,3561,3145,3215,3287,3026,1453,1327,1811,2973,3026,3080,2834,1361,1248,1750
788,Sudan,729,Libya,434,2388,2439,2492,2676,1701,1557,2153,1228,1255,1283,1379,878,804,1096,1160,1184,1209,1297,823,753,1057
789,Sudan,729,Mali,466,1058,1079,1101,1171,734,678,938,544,556,568,605,379,347,475,514,523,533,566,355,331,463
790,Sudan,729,Nigeria,566,23208,23677,24143,25762,16214,14828,20508,11928,12199,12462,13295,8364,7655,10440,11280,11478,11681,12467,7850,7173,10068
791,Sudan,729,Somalia,706,0,122,43,38,86,130,179,0,61,19,16,41,64,88,0,61,24,22,45,66,91
792,Sudan,729,SouthSudan,728,0,0,0,0,212948,255959,867593,0,0,0,0,104784,126321,428488,0,0,0,0,108164,129638,439105
793,Sudan,729,Uganda,800,74433,57771,47612,26103,2079,1250,1728,37302,29182,24268,13408,1047,640,865,37131,28589,23344,12695,1032,610,863
794,Sudan,729,Egypt,818,21455,21886,22327,23620,14675,13423,18566,11031,11275,11525,12193,7576,6930,9452,10424,10611,10802,11427,7099,6493,9114
795,Tunisia,788,Melanesia,928,0,0,0,0,0,0,0,0,0,0,0,0,0,0,0,0,0,0,0,0,0
796,Tunisia,788,Micronesia,954,0,0,0,0,0,0,0,0,0,0,0,0,0,0,0,0,0,0,0,0,0
797,Tunisia,788,Polynesia,957,0,0,0,0,0,0,0,0,0,0,0,0,0,0,0,0,0,0,0,0,0
798,Tunisia,788,Algeria,12,13757,13669,10041,9577,8068,10411,11060,6845,6873,5109,4921,4156,5378,5778,6912,6796,4932,4656,3912,5033,5282
799,Tunisia,788,Cameroon,120,0,0,0,0,555,715,758,0,0,0,0,286,369,396,0,0,0,0,269,346,362
800,Tunisia,788,France,250,3870,3841,4789,4577,6669,8612,9151,1926,1931,2435,2348,3433,4447,4781,1944,1910,2354,2229,3236,4165,4370
801,Tunisia,788,StateofPalestine,275,589,627,732,662,414,554,589,293,316,376,342,215,290,312,296,311,356,320,199,264,277
802,Tunisia,788,Germany,276,903,896,1038,992,1121,1448,1537,449,450,528,509,577,748,803,454,446,510,483,544,700,734
803,Tunisia,788,Iraq,368,0,0,11,8,449,636,675,0,0,6,5,232,332,357,0,0,5,3,217,304,318
804,Tunisia,788,Italy,380,1622,1610,1620,1548,1705,2208,2345,807,809,824,794,878,1143,1228,815,801,796,754,827,1065,1117
805,Tunisia,788,CotedIvoire,384,550,546,632,607,504,646,685,274,274,321,312,261,335,360,276,272,311,295,243,311,325
806,Tunisia,788,Libya,434,1224,1215,1804,1725,7062,9119,9688,609,611,918,885,3636,4709,5063,615,604,886,840,3426,4410,4625
807,Tunisia,788,Mali,466,200,198,230,220,771,996,1058,100,100,117,113,397,507,546,100,98,113,107,374,489,512
808,Tunisia,788,Mauritania,478,376,374,433,414,409,528,560,187,189,214,212,211,273,293,189,185,219,202,198,255,267
809,Tunisia,788,Morocco,504,7275,7220,6607,6315,4480,5785,6146,3620,3630,3359,3240,2306,2987,3209,3655,3590,3248,3075,2174,2798,2937
810,Tunisia,788,Nigeria,566,116,119,133,128,420,542,575,58,60,68,66,216,280,300,58,59,65,62,204,262,275
811,Tunisia,788,Senegal,686,325,323,373,357,317,409,433,162,162,189,183,163,211,226,163,161,184,174,154,198,207
812,Tunisia,788,SyrianArabRepublic,760,375,377,437,418,829,1228,1382,187,190,223,215,427,646,736,188,187,214,203,402,582,646
813,Tunisia,788,Egypt,818,607,602,698,667,880,1136,1206,302,303,355,342,453,587,630,305,299,343,325,427,549,576
814,Tunisia,788,UnitedStatesofAmerica,840,236,234,279,259,470,607,644,117,118,146,133,242,314,337,119,116,133,126,228,293,307
815,WesternSahara,732,Melanesia,928,0,0,0,0,0,0,0,0,0,0,0,0,0,0,0,0,0,0,0,0,0
816,WesternSahara,732,Micronesia,954,0,0,0,0,0,0,0,0,0,0,0,0,0,0,0,0,0,0,0,0,0
817,WesternSahara,732,Polynesia,957,0,0,0,0,0,0,0,0,0,0,0,0,0,0,0,0,0,0,0,0,0
818,WesternSahara,732,Algeria,12,41,45,50,59,68,78,80,18,20,23,28,33,39,41,23,25,27,31,35,39,39
819,WesternSahara,732,France,250,140,155,171,202,233,268,279,63,71,80,98,115,136,142,77,84,91,104,118,132,137
820,WesternSahara,732,Guinea,324,495,550,606,717,828,954,998,301,338,376,453,530,619,649,194,212,230,264,298,335,349
821,WesternSahara,732,Mali,466,194,215,237,280,324,373,389,120,134,149,179,210,245,256,74,81,88,101,114,128,133
822,WesternSahara,732,Mauritania,478,282,313,345,408,471,542,566,210,235,260,311,361,418,438,72,78,85,97,110,124,128
823,WesternSahara,732,GuineaBissau,624,523,581,640,757,874,1007,1052,205,233,262,323,384,455,476,318,348,378,434,490,552,576
824,WesternSahara,732,Senegal,686,905,1006,1108,1311,1514,1745,1831,488,549,611,741,870,1019,1067,417,457,497,570,644,726,764
825,Botswana,72,Melanesia,928,0,0,0,0,0,0,0,0,0,0,0,0,0,0,0,0,0,0,0,0,0
826,Botswana,72,Micronesia,954,0,0,0,0,0,0,0,0,0,0,0,0,0,0,0,0,0,0,0,0,0
827,Botswana,72,Polynesia,957,0,0,0,0,0,0,0,0,0,0,0,0,0,0,0,0,0,0,0,0,0
828,Botswana,72,Angola,24,551,889,1320,1990,672,730,779,289,456,671,999,321,348,373,262,433,649,991,351,382,406
829,Botswana,72,Australia,36,120,111,114,225,338,367,391,61,55,56,109,163,177,190,59,56,58,116,175,190,201
830,Botswana,72,Canada,124,112,104,106,210,161,174,185,57,52,52,102,50,54,59,55,52,54,108,111,120,126
831,Botswana,72,SriLanka,144,398,480,613,1028,853,926,988,211,252,321,532,441,479,513,187,228,292,496,412,447,475
832,Botswana,72,China,156,874,1055,1348,2720,4111,4466,4777,844,1018,1301,2282,3278,3561,3812,30,37,47,438,833,905,965
833,Botswana,72,DemocraticRepublicoftheCongo,180,526,849,1261,1901,973,1056,1129,281,439,642,955,581,630,676,245,410,619,946,392,426,453
834,Botswana,72,Denmark,208,102,98,104,200,298,324,344,55,52,55,104,154,168,179,47,46,49,96,144,156,165
835,Botswana,72,Germany,276,332,320,341,653,291,316,336,184,177,187,354,130,142,151,148,143,154,299,161,174,185
836,Botswana,72,India,356,1967,2375,3032,3936,4863,5282,5650,1081,1298,1650,2238,2837,3080,3299,886,1077,1382,1698,2026,2202,2351
837,Botswana,72,Ireland,372,185,178,190,364,541,587,626,103,98,104,197,292,317,339,82,80,86,167,249,270,287
838,Botswana,72,Italy,380,161,155,165,317,472,511,545,105,101,107,204,303,328,352,56,54,58,113,169,183,193
839,Botswana,72,Kenya,404,122,179,254,395,1043,1133,1210,68,96,133,204,702,762,816,54,83,121,191,341,371,394
840,Botswana,72,Lesotho,426,505,816,1212,1827,241,261,277,249,431,657,980,70,76,81,256,385,555,847,171,185,196
841,Botswana,72,Madagascar,450,100,161,238,359,484,525,560,60,95,140,209,280,304,326,40,66,98,150,204,221,234
842,Botswana,72,Malawi,454,713,1150,1709,1487,1274,1384,1478,444,686,1002,895,792,861,920,269,464,707,592,482,523,558
843,Botswana,72,Mauritius,480,292,471,700,1055,201,218,231,172,284,427,638,100,109,116,120,187,273,417,101,109,115
844,Botswana,72,Mozambique,508,184,297,441,665,522,566,604,99,167,253,378,301,326,349,85,130,188,287,221,240,255
845,Botswana,72,Namibia,516,286,462,687,1208,853,926,988,158,245,359,624,592,642,686,128,217,328,584,261,284,302
846,Botswana,72,Netherlands,528,188,181,193,370,550,597,637,113,108,115,219,325,353,378,75,73,78,151,225,244,259
847,Botswana,72,Nigeria,566,108,187,285,422,1063,1154,1233,62,102,153,224,551,598,640,46,85,132,198,512,556,593
848,Botswana,72,Norway,578,116,111,118,227,338,367,391,67,63,67,128,189,206,220,49,48,51,99,149,161,171
849,Botswana,72,Pakistan,586,145,175,223,374,402,436,464,82,99,125,208,211,229,245,63,76,98,166,191,207,219
850,Botswana,72,Portugal,620,137,132,141,270,402,436,464,85,82,87,165,244,265,282,52,50,54,105,158,171,182
851,Botswana,72,Seychelles,690,45,67,95,147,11,10,9,45,48,55,84,11,10,9,0,19,40,63,0,0,0
852,Botswana,72,SouthAfrica,710,5780,9329,13860,9376,4933,5359,5733,3791,6090,9030,6015,2666,2896,3103,1989,3239,4830,3361,2267,2463,2630
853,Botswana,72,Zimbabwe,716,4905,7917,11763,33411,55306,60080,64301,2928,4390,6314,20412,31751,34474,36924,1977,3527,5449,12999,23555,25606,27377
854,Botswana,72,Eswatini,748,108,174,259,391,526,570,608,62,108,167,251,336,364,390,46,66,92,140,190,206,218
855,Botswana,72,Sweden,752,129,124,133,254,377,410,437,80,76,82,155,229,250,267,49,48,51,99,148,160,170
856,Botswana,72,Uganda,800,295,411,570,901,281,305,324,158,227,319,499,170,185,198,137,184,251,402,111,120,126
857,Botswana,72,UnitedKingdom,826,3289,2034,993,1060,1133,1231,1315,1848,922,93,439,721,784,840,1441,1112,900,621,412,447,475
858,Botswana,72,UnitedRepublicofTanzania,834,460,743,1104,1664,702,763,814,257,395,574,855,391,425,455,203,348,530,809,311,338,359
859,Botswana,72,UnitedStatesofAmerica,840,603,313,55,507,793,861,920,326,166,22,201,371,403,433,277,147,33,306,422,458,487
860,Botswana,72,Zambia,894,1991,3213,4773,7193,3800,4128,4415,1099,1755,2595,3870,2115,2296,2459,892,1458,2178,3323,1685,1832,1956
861,Eswatini,748,Melanesia,928,0,0,0,0,0,0,0,0,0,0,0,0,0,0,0,0,0,0,0,0,0
862,Eswatini,748,Micronesia,954,0,0,0,0,0,0,0,0,0,0,0,0,0,0,0,0,0,0,0,0,0
863,Eswatini,748,Polynesia,957,0,0,0,0,0,0,0,0,0,0,0,0,0,0,0,0,0,0,0,0,0
864,Eswatini,748,Angola,24,4,143,166,219,201,131,133,3,80,85,106,93,65,67,1,63,81,113,108,66,66
865,Eswatini,748,Australia,36,8,6,16,30,44,55,54,8,5,9,17,24,32,32,0,1,7,13,20,23,22
866,Eswatini,748,Botswana,72,161,64,83,69,54,41,39,91,35,35,30,25,14,13,70,29,48,39,29,27,26
867,Eswatini,748,Burundi,108,7,132,255,337,360,402,469,4,73,127,160,167,197,231,3,59,128,177,193,205,238
868,Eswatini,748,Canada,124,4,4,12,15,19,19,17,3,3,6,7,9,7,6,1,1,6,8,10,12,11
869,Eswatini,748,Congo,178,1,9,36,49,62,72,71,1,5,19,24,29,36,36,0,4,17,25,33,36,35
870,Eswatini,748,DemocraticRepublicoftheCongo,180,6,180,193,246,267,570,675,4,107,99,120,124,282,336,2,73,94,126,143,288,339
871,Eswatini,748,Ethiopia,231,0,3,15,20,26,30,28,0,2,8,10,12,16,15,0,1,7,10,14,14,13
872,Eswatini,748,Lesotho,426,293,111,131,167,198,221,223,178,59,33,30,24,23,24,115,52,98,137,174,198,199
873,Eswatini,748,Liberia,430,2,5,18,29,40,46,44,1,3,9,15,21,22,21,1,2,9,14,19,24,23
874,Eswatini,748,Mozambique,508,46196,18085,13127,11345,10841,9857,10011,25888,10440,8030,6723,6572,5995,6089,20308,7645,5097,4622,4269,3862,3922
875,Eswatini,748,NewZealand,554,4,2,5,13,21,25,23,4,2,4,9,14,17,16,0,0,1,4,7,8,7
876,Eswatini,748,Rwanda,646,2,52,112,195,229,342,387,2,31,55,93,106,170,194,0,21,57,102,123,172,193
877,Eswatini,748,Somalia,706,2,128,116,156,146,181,305,2,75,60,77,69,96,162,0,53,56,79,77,85,143
878,Eswatini,748,SouthAfrica,710,20848,9097,12272,12415,12260,12511,12712,9903,4221,5886,5647,4684,4921,5013,10945,4876,6386,6768,7576,7590,7699
879,Eswatini,748,Uganda,800,1,8,30,39,48,55,54,1,5,15,19,23,27,27,0,3,15,20,25,28,27
880,Eswatini,748,UnitedStatesofAmerica,840,281,112,146,190,228,256,259,126,57,74,86,93,102,104,155,55,72,104,135,154,155
881,Lesotho,426,Melanesia,928,0,0,0,0,0,0,0,0,0,0,0,0,0,0,0,0,0,0,0,0,0
882,Lesotho,426,Micronesia,954,0,0,0,0,0,0,0,0,0,0,0,0,0,0,0,0,0,0,0,0,0
883,Lesotho,426,Polynesia,957,0,0,0,0,0,0,0,0,0,0,0,0,0,0,0,0,0,0,0,0,0
884,Lesotho,426,Botswana,72,103,104,102,104,106,151,198,49,48,45,46,47,69,88,54,56,57,58,59,82,110
885,Lesotho,426,China,156,162,140,114,116,118,168,221,92,80,65,66,67,97,126,70,60,49,50,51,71,95
886,Lesotho,426,Ghana,288,122,105,85,86,87,124,163,81,70,56,57,58,84,110,41,35,29,29,29,40,53
887,Lesotho,426,India,356,308,266,215,219,223,318,419,172,148,120,122,124,180,234,136,118,95,97,99,138,185
888,Lesotho,426,Malawi,454,51,44,36,36,36,51,67,31,27,22,22,22,32,42,20,17,14,14,14,19,25
889,Lesotho,426,Mozambique,508,32,28,23,23,23,32,42,21,19,16,16,16,23,30,11,9,7,7,7,9,12
890,Lesotho,426,Namibia,516,5,4,4,4,4,5,6,4,3,3,3,3,4,5,1,1,1,1,1,1,1
891,Lesotho,426,Pakistan,586,308,266,215,219,223,318,419,172,148,120,122,124,180,234,136,118,95,97,99,138,185
892,Lesotho,426,SouthAfrica,710,2777,2528,2441,2492,2544,3629,4782,1277,1225,1256,1282,1308,1902,2465,1500,1303,1185,1210,1236,1727,2317
893,Lesotho,426,Zimbabwe,716,77,72,66,67,68,97,127,40,37,34,35,36,53,68,37,35,32,32,32,44,59
894,Lesotho,426,Eswatini,748,51,44,36,36,36,51,67,24,21,17,17,17,25,33,27,23,19,19,19,26,34
895,Lesotho,426,Uganda,800,185,160,130,132,134,191,251,102,88,72,73,74,108,140,83,72,58,59,60,83,111
896,Lesotho,426,UnitedRepublicofTanzania,834,116,100,81,82,83,118,155,57,49,40,41,42,61,79,59,51,41,41,41,57,76
897,Lesotho,426,UnitedStatesofAmerica,840,95,91,85,86,87,124,163,49,47,44,45,46,67,87,46,44,41,41,41,57,76
898,Lesotho,426,Zambia,894,77,72,66,67,68,97,127,40,37,34,35,36,53,68,37,35,32,32,32,44,59
899,Namibia,516,Melanesia,928,0,0,0,0,0,0,0,0,0,0,0,0,0,0,0,0,0,0,0,0,0
900,Namibia,516,Micronesia,954,0,0,0,0,0,0,0,0,0,0,0,0,0,0,0,0,0,0,0,0,0
901,Namibia,516,Polynesia,957,0,0,0,0,0,0,0,0,0,0,0,0,0,0,0,0,0,0,0,0,0
902,Namibia,516,Afghanistan,4,64,61,58,45,43,42,44,26,25,23,18,18,18,19,38,36,35,27,25,24,25
903,Namibia,516,Algeria,12,716,684,637,503,484,473,505,336,323,302,237,229,225,241,380,361,335,266,255,248,264
904,Namibia,516,Angola,24,24028,22978,49790,39319,38119,37350,40105,15093,14488,29488,23181,22471,22031,23646,8935,8490,20302,16138,15648,15319,16459
905,Namibia,516,AntiguaandBarbuda,28,693,662,616,487,469,459,490,275,265,248,195,189,186,199,418,397,368,292,280,273,291
906,Namibia,516,Argentina,32,74,70,67,52,50,48,50,27,26,25,19,19,18,19,47,44,42,33,31,30,31
907,Namibia,516,Australia,36,793,758,705,557,536,524,560,304,294,275,215,208,204,220,489,464,430,342,328,320,340
908,Namibia,516,Austria,40,901,861,801,633,609,596,636,483,464,433,341,329,323,345,418,397,368,292,280,273,291
909,Namibia,516,Bahamas,44,74,70,67,52,50,48,50,19,18,17,13,13,12,12,55,52,50,39,37,36,38
910,Namibia,516,Bahrain,48,72,68,65,51,49,47,49,20,19,18,14,14,13,14,52,49,47,37,35,34,35
911,Namibia,516,Bangladesh,50,48,45,44,34,32,31,32,30,28,27,21,20,20,21,18,17,17,13,12,11,11
912,Namibia,516,Armenia,51,94,89,84,66,63,61,64,93,89,82,65,63,61,64,1,0,2,1,0,0,0
913,Namibia,516,Belgium,56,272,260,242,191,184,180,192,136,131,122,96,93,92,98,136,129,120,95,91,88,94
914,Namibia,516,Botswana,72,975,932,865,683,658,644,689,471,454,424,333,322,317,341,504,478,441,350,336,327,348
915,Namibia,516,Brazil,76,790,755,702,555,534,522,558,326,315,294,231,223,219,236,464,440,408,324,311,303,322
916,Namibia,516,Bulgaria,100,45,43,41,32,30,29,30,10,10,9,7,6,6,6,35,33,32,25,24,23,24
917,Namibia,516,Burundi,108,575,549,511,404,389,380,406,348,334,311,245,237,232,249,227,215,200,159,152,148,157
918,Namibia,516,Cameroon,120,175,167,156,123,118,115,122,144,138,128,101,97,95,101,31,29,28,22,21,20,21
919,Namibia,516,Canada,124,279,266,248,196,188,184,196,123,118,110,87,84,83,89,156,148,138,109,104,101,107
920,Namibia,516,Chile,152,48,45,44,34,32,31,32,34,32,31,24,23,23,24,14,13,13,10,9,8,8
921,Namibia,516,China,156,4593,4392,4078,3224,3106,3039,3252,3287,3151,2931,2312,2229,2183,2339,1306,1241,1147,912,877,856,913
922,Namibia,516,Congo,178,1652,1579,1468,1160,1117,1093,1168,955,917,855,673,649,637,683,697,662,613,487,468,456,485
923,Namibia,516,DemocraticRepublicoftheCongo,180,4707,4501,4179,3522,3548,3472,4334,2254,2171,2025,1711,1728,1696,2124,2453,2330,2154,1811,1820,1776,2210
924,Namibia,516,Cuba,192,1005,961,893,706,680,665,710,404,390,365,286,277,272,291,601,571,528,420,403,393,419
925,Namibia,516,Czechia,203,112,107,101,79,76,74,78,35,34,32,25,25,25,27,77,73,69,54,51,49,51
926,Namibia,516,Benin,204,230,219,206,162,156,152,161,99,95,90,70,68,67,72,131,124,116,92,88,85,89
927,Namibia,516,Denmark,208,168,160,150,118,113,110,117,113,108,100,79,76,74,79,55,52,50,39,37,36,38
928,Namibia,516,Ethiopia,231,312,298,278,219,211,206,220,98,95,89,69,67,66,71,214,203,189,150,144,140,149
929,Namibia,516,Finland,246,116,110,104,82,79,77,81,32,31,29,23,23,23,24,84,79,75,59,56,54,57
930,Namibia,516,France,250,793,758,705,557,536,524,560,354,341,318,250,241,237,254,439,417,387,307,295,287,306
931,Namibia,516,Gambia,270,128,122,114,90,86,84,88,57,55,50,40,38,38,40,71,67,64,50,48,46,48
932,Namibia,516,Germany,276,13401,12815,11896,9406,9063,8870,9494,5620,5422,5066,3973,3839,3771,4051,7781,7393,6830,5433,5224,5099,5443
933,Namibia,516,Ghana,288,212,202,189,149,143,139,148,124,119,110,87,84,82,88,88,83,79,62,59,57,60
934,Namibia,516,Guinea,324,79,75,71,56,53,51,53,48,46,43,34,32,31,32,31,29,28,22,21,20,21
935,Namibia,516,India,356,997,953,886,700,674,659,704,649,623,580,457,441,432,463,348,330,306,243,233,227,241
936,Namibia,516,Indonesia,360,133,127,120,94,90,88,94,49,48,45,35,34,34,37,84,79,75,59,56,54,57
937,Namibia,516,IranIslamicRepublicof,364,45,43,41,32,30,29,30,27,26,24,19,18,18,19,18,17,17,13,12,11,11
938,Namibia,516,Ireland,372,89,85,80,63,60,58,61,42,41,38,30,29,28,30,47,44,42,33,31,30,31
939,Namibia,516,Israel,376,161,153,143,113,108,105,112,90,86,79,63,60,59,64,71,67,64,50,48,46,48
940,Namibia,516,Italy,380,1219,1165,1083,856,824,806,863,542,522,488,383,370,363,391,677,643,595,473,454,443,472
941,Namibia,516,CotedIvoire,384,45,43,41,32,30,29,30,31,30,28,22,21,21,22,14,13,13,10,9,8,8
942,Namibia,516,Japan,392,168,160,150,118,113,110,117,63,61,56,44,42,41,44,105,99,94,74,71,69,73
943,Namibia,516,Kenya,404,1641,1569,1458,1152,1110,1086,1161,822,791,738,580,560,550,589,819,778,720,572,550,536,572
944,Namibia,516,DemPeoplesRepublicofKorea,408,149,142,133,105,101,98,104,149,142,133,105,101,98,104,0,0,0,0,0,0,0
945,Namibia,516,RepublicofKorea,410,52,49,48,37,35,34,35,21,20,20,15,14,14,14,31,29,28,22,21,20,21
946,Namibia,516,Lebanon,422,68,65,61,48,46,45,47,41,40,37,29,28,28,30,27,25,24,19,18,17,17
947,Namibia,516,Lesotho,426,186,177,166,131,126,123,131,89,85,80,63,61,60,65,97,92,86,68,65,63,66
948,Namibia,516,Libya,434,52,49,48,37,35,34,35,25,24,24,18,17,17,18,27,25,24,19,18,17,17
949,Namibia,516,Luxembourg,442,64,61,58,45,43,42,44,29,28,26,20,19,19,20,35,33,32,25,24,23,24
950,Namibia,516,Malawi,454,545,521,485,383,369,361,386,289,278,259,204,197,194,210,256,243,226,179,172,167,176
951,Namibia,516,Mauritius,480,158,151,141,111,106,103,110,64,62,58,45,43,42,46,94,89,83,66,63,61,64
952,Namibia,516,Mozambique,508,203,194,182,143,137,134,142,115,111,103,81,78,77,82,88,83,79,62,59,57,60
953,Namibia,516,Netherlands,528,763,729,679,536,516,505,539,370,356,333,261,252,248,265,393,373,346,275,264,257,274
954,Namibia,516,NewZealand,554,74,70,67,52,50,48,50,43,41,39,30,29,28,29,31,29,28,22,21,20,21
955,Namibia,516,Nigeria,566,1453,1389,1290,1020,982,961,1029,885,850,790,623,601,590,634,568,539,500,397,381,371,395
956,Namibia,516,Norway,578,79,75,71,56,53,51,53,27,26,24,19,18,17,18,52,49,47,37,35,34,35
957,Namibia,516,Pakistan,586,246,235,219,173,166,162,173,219,210,195,154,148,145,156,27,25,24,19,18,17,17
958,Namibia,516,Philippines,608,364,348,325,256,246,240,256,132,128,121,94,91,89,97,232,220,204,162,155,151,159
959,Namibia,516,Poland,616,249,238,222,175,168,164,175,85,83,77,60,58,57,61,164,155,145,115,110,107,114
960,Namibia,516,Portugal,620,641,613,570,450,433,423,451,377,363,337,265,256,251,268,264,250,233,185,177,172,183
961,Namibia,516,Romania,642,45,43,41,32,30,29,30,24,24,21,17,16,16,17,21,19,20,15,14,13,13
962,Namibia,516,RussianFederation,643,672,642,597,472,454,444,474,392,376,350,276,266,261,280,280,266,247,196,188,183,194
963,Namibia,516,Rwanda,646,530,506,471,372,358,350,374,294,282,263,207,200,196,211,236,224,208,165,158,154,163
964,Namibia,516,Senegal,686,45,43,41,32,30,29,30,27,26,24,19,18,18,19,18,17,17,13,12,11,11
965,Namibia,516,Seychelles,690,84,80,75,59,56,54,57,32,31,28,22,21,20,22,52,49,47,37,35,34,35
966,Namibia,516,SierraLeone,694,242,231,216,170,163,159,170,111,107,100,78,75,74,81,131,124,116,92,88,85,89
967,Namibia,516,Somalia,706,138,131,123,97,93,91,97,96,92,85,67,65,64,69,42,39,38,30,28,27,28
968,Namibia,516,SouthAfrica,710,12536,11988,11132,8802,8481,8300,8883,6211,5978,5576,4382,4231,4152,4455,6325,6010,5556,4420,4250,4148,4428
969,Namibia,516,Zimbabwe,716,21364,20430,18964,14995,14449,14141,15135,10751,10346,9649,7585,7324,7186,7709,10613,10084,9315,7410,7125,6955,7426
970,Namibia,516,Spain,724,508,485,452,357,344,336,358,298,286,267,210,203,199,212,210,199,185,147,141,137,146
971,Namibia,516,Sudan,729,294,281,262,207,199,194,207,130,126,117,92,89,87,93,164,155,145,115,110,107,114
972,Namibia,516,Eswatini,748,290,277,259,204,196,191,204,130,125,118,92,89,87,93,160,152,141,112,107,104,111
973,Namibia,516,Sweden,752,149,142,133,105,101,98,104,68,66,61,48,47,46,49,81,76,72,57,54,52,55
974,Namibia,516,Switzerland,756,634,606,564,445,428,418,446,266,257,240,188,181,177,189,368,349,324,257,247,241,257
975,Namibia,516,Thailand,764,109,104,98,77,74,72,76,45,44,41,32,31,31,33,64,60,57,45,43,41,43
976,Namibia,516,Turkey,792,52,49,48,37,35,34,35,31,30,28,22,21,21,22,21,19,20,15,14,13,13
977,Namibia,516,Uganda,800,712,680,633,500,481,470,502,360,346,323,254,245,240,258,352,334,310,246,236,230,244
978,Namibia,516,Ukraine,804,380,363,338,267,257,251,267,328,314,291,230,222,217,232,52,49,47,37,35,34,35
979,Namibia,516,Egypt,818,257,245,229,181,174,170,180,156,150,139,110,106,104,111,101,95,90,71,68,66,69
980,Namibia,516,UnitedKingdom,826,2540,2429,2256,1783,1718,1681,1798,1062,1025,958,751,726,713,765,1478,1404,1298,1032,992,968,1033
981,Namibia,516,UnitedRepublicofTanzania,834,1624,1553,1442,1140,1098,1074,1148,794,765,712,560,541,531,569,830,788,730,580,557,543,579
982,Namibia,516,UnitedStatesofAmerica,840,1553,1485,1379,1090,1050,1027,1098,647,625,583,457,442,434,466,906,860,796,633,608,593,632
983,Namibia,516,BurkinaFaso,854,105,100,94,74,71,69,73,50,48,44,35,34,33,35,55,52,50,39,37,36,38
984,Namibia,516,Zambia,894,4473,4277,3971,3139,3024,2959,3167,2889,2772,2580,2033,1961,1922,2060,1584,1505,1391,1106,1063,1037,1107
985,SouthAfrica,710,Melanesia,928,106,65,45,57,82,105,121,41,29,25,29,41,53,69,65,36,20,28,41,52,52
986,SouthAfrica,710,Micronesia,954,51,31,22,26,37,46,53,29,19,14,17,24,31,38,22,12,8,9,13,15,15
987,SouthAfrica,710,Polynesia,957,21,13,9,11,16,20,23,10,7,7,8,12,15,18,11,6,2,3,4,5,5
988,SouthAfrica,710,Afghanistan,4,59,36,30,52,75,96,111,37,24,20,30,42,54,69,22,12,10,22,33,42,42
989,SouthAfrica,710,Albania,8,78,63,69,90,131,168,195,34,28,31,38,53,67,92,44,35,38,52,78,101,103
990,SouthAfrica,710,Algeria,12,348,233,188,247,359,463,537,218,158,142,184,264,340,412,130,75,46,63,95,123,125
991,SouthAfrica,710,Angola,24,6602,11043,15785,21994,32017,41296,47945,4613,6771,9515,11405,16012,20572,26782,1989,4272,6270,10589,16005,20724,21163
992,SouthAfrica,710,Argentina,32,623,702,996,1310,1907,2459,2854,226,318,490,616,859,1102,1469,397,384,506,694,1048,1357,1385
993,SouthAfrica,710,Australia,36,4199,3145,3028,3983,6238,4832,5771,1728,1381,1372,1707,2660,2375,2833,2471,1764,1656,2276,3578,2457,2938
994,SouthAfrica,710,Austria,40,3523,2520,2265,2980,4338,5595,6495,1514,1256,1319,1682,2377,3038,3884,2009,1264,946,1298,1961,2557,2611
995,SouthAfrica,710,Bahrain,48,161,100,70,91,132,170,197,86,44,12,13,73,94,120,75,56,58,78,59,76,77
996,SouthAfrica,710,Bangladesh,50,2469,1540,1064,1400,12182,22965,15565,1763,1136,826,1074,8492,16911,14266,706,404,238,326,3690,6054,1299
997,SouthAfrica,710,Barbados,52,30,18,13,16,23,29,33,19,12,11,13,13,17,21,11,6,2,3,10,12,12
998,SouthAfrica,710,Belarus,112,113,93,101,132,192,247,286,55,47,51,63,88,113,150,58,46,50,69,104,134,136
999,SouthAfrica,710,Belgium,56,5864,4009,3340,4394,6396,8249,9577,2737,2020,1818,2303,3236,4158,5400,3127,1989,1522,2091,3160,4091,4177
1000,SouthAfrica,710,Benin,204,192,119,82,107,155,199,231,123,78,56,70,95,122,153,69,41,26,37,60,77,78
1001,SouthAfrica,710,Bermuda,60,61,38,26,33,48,61,70,23,18,16,21,30,38,47,38,20,10,12,18,23,23
1002,SouthAfrica,710,BoliviaPlurinationalStateof,68,158,98,69,90,131,168,195,69,37,13,14,17,21,45,89,61,56,76,114,147,150
1003,SouthAfrica,710,BosniaandHerzegovina,70,147,91,79,112,163,210,243,42,31,39,45,62,80,111,105,60,40,67,101,130,132
1004,SouthAfrica,710,Botswana,72,18470,15678,17593,23147,33695,43461,50475,15195,11601,11279,14477,20591,26473,33127,3275,4077,6314,8670,13104,16988,17348
1005,SouthAfrica,710,Brazil,76,979,960,1233,1622,2361,3045,3535,270,387,599,750,1043,1339,1793,709,573,634,872,1318,1706,1742
1006,SouthAfrica,710,BritishVirginIslands,92,23,14,10,12,17,21,24,12,8,8,9,13,16,19,11,6,2,3,4,5,5
1007,SouthAfrica,710,BruneiDarussalam,96,23,14,10,12,17,21,24,9,6,4,5,7,9,12,14,8,6,7,10,12,12
1008,SouthAfrica,710,Bulgaria,100,3836,2393,1653,2174,3164,4081,4738,1580,1100,891,1126,1580,2030,2644,2256,1293,762,1048,1584,2051,2094
1009,SouthAfrica,710,Burundi,108,2092,1305,1543,3622,5272,6800,7894,1361,886,1019,1642,2280,2926,3938,731,419,524,1980,2992,3874,3956
1010,SouthAfrica,710,Cameroon,120,2303,1436,992,1365,1987,2562,2974,1488,969,718,949,1359,1749,2144,815,467,274,416,628,813,830
1011,SouthAfrica,710,Canada,124,2877,2292,2392,3147,4581,5908,6859,1191,1092,1270,1604,2249,2889,3776,1686,1200,1122,1543,2332,3019,3083
1012,SouthAfrica,710,CentralAfricanRepublic,140,118,73,50,65,94,121,140,85,55,40,51,73,94,113,33,18,10,14,21,27,27
1013,SouthAfrica,710,Chile,152,650,405,281,369,537,692,803,408,246,151,189,265,340,444,242,159,130,180,272,352,359
1014,SouthAfrica,710,China,156,8690,8051,9841,12947,10396,7845,6914,3804,4170,5634,7169,5441,4713,4397,4886,3881,4207,5778,4955,3132,2517
1015,SouthAfrica,710,Colombia,170,118,159,249,328,477,615,714,71,74,95,116,157,201,292,47,85,154,212,320,414,422
1016,SouthAfrica,710,Comoros,174,194,120,83,108,157,202,234,158,100,71,93,135,174,206,36,20,12,15,22,28,28
1017,SouthAfrica,710,Congo,178,1302,3712,7885,10876,15832,20425,23713,765,2355,4959,6343,8981,11554,14654,537,1357,2926,4533,6851,8871,9059
1018,SouthAfrica,710,CotedIvoire,384,1115,695,481,639,930,1199,1392,706,461,345,448,642,827,1013,409,234,136,191,288,372,379
1019,SouthAfrica,710,Croatia,191,479,391,428,553,805,1038,1205,254,213,232,288,405,521,678,225,178,196,265,400,517,527
1020,SouthAfrica,710,Cuba,192,317,416,645,847,1233,1590,1846,251,277,383,487,689,886,1128,66,139,262,360,544,704,718
1021,SouthAfrica,710,Cyprus,196,944,1304,2065,2716,3953,5098,5918,366,641,1085,1370,1919,2465,3230,578,663,980,1346,2034,2633,2688
1022,SouthAfrica,710,Czechia,203,953,779,838,1102,1604,2068,2401,514,433,466,589,829,1065,1377,439,346,372,513,775,1003,1024
1023,SouthAfrica,710,DemPeoplesRepublicofKorea,408,137,85,58,76,110,141,163,4,9,14,16,20,25,45,133,76,44,60,90,116,118
1024,SouthAfrica,710,DemocraticRepublicoftheCongo,180,7456,7488,8332,16849,35647,85380,63892,3725,3994,4889,6833,17724,45036,34730,3731,3494,3443,10016,17923,40344,29162
1025,SouthAfrica,710,Denmark,208,977,886,1062,1397,2033,2622,3044,310,393,574,727,1021,1312,1707,667,493,488,670,1012,1310,1337
1026,SouthAfrica,710,Egypt,818,837,1204,1942,2553,3716,4793,5564,442,667,1074,1361,1915,2461,3183,395,537,868,1192,1801,2332,2381
1027,SouthAfrica,710,Eritrea,232,521,325,225,316,460,593,688,257,174,137,181,256,329,419,264,151,88,135,204,264,269
1028,SouthAfrica,710,Estonia,233,68,56,61,80,116,149,172,55,46,49,65,94,121,144,13,10,12,15,22,28,28
1029,SouthAfrica,710,Ethiopia,231,2873,1792,1242,1715,19692,66761,44181,1438,969,756,990,11903,40727,31459,1435,823,486,725,7789,26034,12722
1030,SouthAfrica,710,Fiji,242,47,29,20,25,36,46,53,20,14,12,14,20,26,33,27,15,8,11,16,20,20
1031,SouthAfrica,710,Finland,246,576,370,273,358,521,672,780,154,109,85,98,129,165,263,422,261,188,260,392,507,517
1032,SouthAfrica,710,France,250,5608,3828,3182,4186,6093,7859,9124,2219,1728,1664,2101,2942,3779,4958,3389,2100,1518,2085,3151,4080,4166
1033,SouthAfrica,710,Gabon,266,306,190,131,172,250,322,373,145,98,77,97,137,176,224,161,92,54,75,113,146,149
1034,SouthAfrica,710,Germany,276,33946,25144,23826,31347,22621,13896,16595,15243,12166,12163,15330,11041,6803,8113,18703,12978,11663,16017,11580,7093,8482
1035,SouthAfrica,710,Ghana,288,6486,4046,2797,3686,5365,6920,8034,3859,2541,1911,2463,3517,4528,5592,2627,1505,886,1223,1848,2392,2442
1036,SouthAfrica,710,Gibraltar,292,26,21,23,30,43,55,63,21,17,17,23,33,43,51,5,4,6,7,10,12,12
1037,SouthAfrica,710,Greece,300,3191,3034,3794,4991,7265,9370,10878,1458,1586,2132,2708,3815,4903,6317,1733,1448,1662,2283,3450,4467,4561
1038,SouthAfrica,710,Guatemala,320,90,56,38,50,72,92,106,54,36,26,35,50,64,78,36,20,12,15,22,28,28
1039,SouthAfrica,710,Guinea,324,78,48,33,43,62,79,91,42,28,21,28,40,51,63,36,20,12,15,22,28,28
1040,SouthAfrica,710,GuineaBissau,624,30,18,13,16,23,29,33,3,3,5,6,8,10,14,27,15,8,10,15,19,19
1041,SouthAfrica,710,Guyana,328,54,34,24,31,45,58,67,16,13,12,14,20,26,35,38,21,12,17,25,32,32
1042,SouthAfrica,710,China,156,344,1786,1075,679,892,1298,1674,1943,851,535,353,445,623,800,1051,935,540,326,447,675,874
1043,SouthAfrica,710,Iceland,352,16,13,14,17,24,30,34,11,10,12,14,20,25,29,5,3,2,3,4,5,5
1044,SouthAfrica,710,India,356,8356,10958,16920,22261,34871,34606,29935,4419,6015,9232,11702,18179,19404,17461,3937,4943,7688,10559,16692,15202,12474
1045,SouthAfrica,710,Indonesia,360,1191,742,512,673,979,1262,1465,474,331,270,342,479,615,805,717,411,242,331,500,647,660
1046,SouthAfrica,710,IranIslamicRepublicof,364,680,424,295,389,566,730,847,269,189,157,198,278,358,468,411,235,138,191,288,372,379
1047,SouthAfrica,710,Iraq,368,142,88,68,91,132,170,197,106,68,54,68,98,126,153,36,20,14,23,34,44,44
1048,SouthAfrica,710,Ireland,372,5788,4728,5085,6690,9738,12560,14582,2572,2189,2351,2935,4063,5212,7079,3216,2539,2734,3755,5675,7348,7503
1049,SouthAfrica,710,Israel,376,2441,1879,1877,2470,3595,4636,5382,1192,978,1019,1290,1812,2328,3026,1249,901,858,1180,1783,2308,2356
1050,SouthAfrica,710,Italy,380,10652,8891,9798,12890,18764,24222,28122,5359,4764,5423,6880,9681,12441,16046,5293,4127,4375,6010,9083,11781,12076
1051,SouthAfrica,710,Jamaica,388,192,119,82,107,155,199,231,51,39,36,42,57,73,103,141,80,46,65,98,126,128
1052,SouthAfrica,710,Japan,392,1070,786,735,967,1407,1814,2106,578,412,351,441,612,785,1056,492,374,384,526,795,1029,1050
1053,SouthAfrica,710,Jordan,400,54,34,24,31,45,58,67,24,17,14,19,27,35,44,30,17,10,12,18,23,23
1054,SouthAfrica,710,Kenya,404,2140,3911,6894,9085,13282,17141,19901,1325,2022,3253,4076,5644,7251,9802,815,1889,3641,5009,7638,9890,10099
1055,SouthAfrica,710,Kuwait,414,90,56,38,50,72,92,106,57,38,28,36,51,65,79,33,18,10,14,21,27,27
1056,SouthAfrica,710,Kyrgyzstan,417,0,0,0,20,29,37,42,0,0,0,8,11,14,19,0,0,0,12,18,23,23
1057,SouthAfrica,710,LaoPeoplesDemocraticRepublic,418,33,20,14,17,24,30,34,8,7,8,10,14,18,22,25,13,6,7,10,12,12
1058,SouthAfrica,710,Latvia,428,199,163,176,232,337,434,503,135,112,120,156,223,287,353,64,51,56,76,114,147,150
1059,SouthAfrica,710,Lebanon,422,903,563,389,512,745,960,1114,386,267,215,273,384,493,638,517,296,174,239,361,467,476
1060,SouthAfrica,710,Lesotho,426,187019,130897,113578,149432,234089,181832,192008,143738,91247,63824,81104,126105,81977,85201,43281,39650,49754,68328,107984,99855,106807
1061,SouthAfrica,710,Liberia,430,308,192,254,415,604,779,904,94,70,130,154,210,269,384,214,122,124,261,394,510,520
1062,SouthAfrica,710,Libya,434,158,98,69,90,131,168,195,120,77,57,73,106,136,163,38,21,12,17,25,32,32
1063,SouthAfrica,710,Lithuania,440,192,157,169,222,323,416,482,84,71,77,95,132,169,230,108,86,92,127,191,247,252
1064,SouthAfrica,710,Luxembourg,442,14,11,12,14,20,25,29,6,5,4,4,5,6,10,8,6,8,10,15,19,19
1065,SouthAfrica,710,Madagascar,450,422,263,181,237,345,444,515,122,92,81,100,138,176,242,300,171,100,137,207,268,273
1066,SouthAfrica,710,Malawi,454,13336,17067,26025,34248,59208,92969,94119,10401,13670,20974,27305,43034,63564,69342,2935,3397,5051,6943,16174,29405,24777
1067,SouthAfrica,710,Malaysia,458,889,554,382,503,732,944,1096,63,81,104,121,155,197,334,826,473,278,382,577,747,762
1068,SouthAfrica,710,Maldives,462,54,34,24,31,45,58,67,29,20,16,21,30,39,48,25,14,8,10,15,19,19
1069,SouthAfrica,710,Mali,466,104,65,45,59,85,109,126,40,29,25,31,43,55,71,64,36,20,28,42,54,55
1070,SouthAfrica,710,Malta,470,163,133,144,188,273,352,408,52,46,50,60,80,103,154,111,87,94,128,193,249,254
1071,SouthAfrica,710,Mauritius,480,4711,3604,3573,4700,6841,8823,10243,3017,2169,1903,2405,3353,4307,5612,1694,1435,1670,2295,3488,4516,4631
1072,SouthAfrica,710,Mexico,484,78,86,120,158,230,296,343,48,47,58,73,102,131,175,30,39,62,85,128,165,168
1073,SouthAfrica,710,Monaco,492,11,9,11,14,20,25,29,6,6,9,12,17,22,26,5,3,2,2,3,3,3
1074,SouthAfrica,710,Morocco,504,1058,660,456,600,873,1126,1307,591,393,300,385,549,707,880,467,267,156,215,324,419,427
1075,SouthAfrica,710,Mozambique,508,346433,320659,237813,322964,505820,315533,350463,246668,218533,172998,229867,358331,202417,234401,99765,102126,64815,93097,147489,113116,116062
1076,SouthAfrica,710,Myanmar,104,211,131,91,119,173,223,258,45,36,35,42,57,73,105,166,95,56,77,116,150,153
1077,SouthAfrica,710,Namibia,516,10904,23874,44274,58250,91250,40708,36671,6691,12776,22295,28637,44685,20194,18122,4213,11098,21979,29613,46565,20514,18549
1078,SouthAfrica,710,Nauru,520,23,14,10,12,17,21,24,9,6,4,5,7,9,12,14,8,6,7,10,12,12
1079,SouthAfrica,710,Nepal,524,125,77,53,70,101,130,150,64,43,33,43,61,79,98,61,34,20,27,40,51,52
1080,SouthAfrica,710,Netherlands,528,17440,11283,8450,11117,9822,8528,10186,7247,5321,4725,6000,5098,4196,5006,10193,5962,3725,5117,4724,4332,5180
1081,SouthAfrica,710,NewZealand,554,1402,1181,1314,1729,2516,3245,3777,576,566,700,884,1239,1592,2089,826,615,614,845,1277,1653,1688
1082,SouthAfrica,710,Nicaragua,558,106,66,46,60,87,112,130,26,20,18,22,30,39,56,80,46,28,38,57,73,74
1083,SouthAfrica,710,Niger,562,21,13,9,11,16,20,23,13,8,5,7,10,13,16,8,5,4,4,6,7,7
1084,SouthAfrica,710,Nigeria,566,16073,10027,6932,9146,25091,46037,36210,12492,7974,5720,7463,16767,31071,28311,3581,2053,1212,1683,8324,14966,7899
1085,SouthAfrica,710,Niue,570,21,13,9,11,16,20,23,10,7,7,8,12,15,18,11,6,2,3,4,5,5
1086,SouthAfrica,710,NorthernMarianaIslands,580,28,17,12,14,20,25,29,20,13,10,12,17,22,26,8,4,2,2,3,3,3
1087,SouthAfrica,710,Norway,578,533,435,468,615,895,1163,1350,216,185,200,245,336,440,612,317,250,268,370,559,723,738
1088,SouthAfrica,710,StateofPalestine,275,97,60,41,53,77,99,114,6,8,11,11,14,18,32,91,52,30,42,63,81,82
1089,SouthAfrica,710,Oman,512,33,20,14,17,24,31,35,14,10,8,10,14,19,23,19,10,6,7,10,12,12
1090,SouthAfrica,710,Pakistan,586,1523,2469,4181,5528,12444,19360,13325,1098,1931,3339,4352,8716,13079,10719,425,538,842,1176,3728,6281,2606
1091,SouthAfrica,710,Panama,591,59,36,25,32,46,59,68,23,16,13,17,24,31,40,36,20,12,15,22,28,28
1092,SouthAfrica,710,PapuaNewGuinea,598,59,36,25,32,46,59,68,21,15,13,15,21,27,36,38,21,12,17,25,32,32
1093,SouthAfrica,710,Paraguay,600,116,72,50,65,94,121,140,44,31,26,32,45,58,76,72,41,24,33,49,63,64
1094,SouthAfrica,710,Peru,604,199,124,86,112,163,210,243,88,61,50,61,86,111,142,111,63,36,51,77,99,101
1095,SouthAfrica,710,Philippines,608,1485,922,630,828,1205,1554,1804,1049,582,268,331,454,582,812,436,340,362,497,751,972,992
1096,SouthAfrica,710,Poland,616,1622,2497,4141,5447,7929,10233,11900,779,1301,2169,2738,3835,4932,6487,843,1196,1972,2709,4094,5301,5413
1097,SouthAfrica,710,Portugal,620,19125,16592,19048,25060,17495,9931,11861,8491,8348,10370,13142,9078,5014,5981,10634,8244,8678,11918,8417,4917,5880
1098,SouthAfrica,710,RepublicofKorea,410,1625,1013,700,920,1339,1727,2005,624,440,362,456,638,817,1076,1001,573,338,464,701,910,929
1099,SouthAfrica,710,Reunion,638,1143,561,141,185,269,346,401,618,283,17,14,11,12,60,525,278,124,171,258,334,341
1100,SouthAfrica,710,Romania,642,773,631,680,894,1301,1678,1948,367,311,336,421,583,749,1000,406,320,344,473,718,929,948
1101,SouthAfrica,710,RussianFederation,643,1193,1138,1427,1877,2732,3523,4090,737,642,717,902,1251,1606,2133,456,496,710,975,1481,1917,1957
1102,SouthAfrica,710,Rwanda,646,2094,1512,1311,2611,3800,4901,5690,814,679,703,1059,1455,1865,2590,1280,833,608,1552,2345,3036,3100
1103,SouthAfrica,710,SaintHelena,654,220,137,95,124,180,232,269,37,32,33,40,59,76,110,183,105,62,84,121,156,159
1104,SouthAfrica,710,SaintKittsandNevis,659,26,16,11,14,20,25,29,14,9,7,9,13,16,20,12,7,4,5,7,9,9
1105,SouthAfrica,710,SaudiArabia,682,604,377,260,342,497,641,744,262,181,144,184,259,333,430,342,196,116,158,238,308,314
1106,SouthAfrica,710,Senegal,686,2683,1674,1157,1526,2221,2864,3325,2391,1507,1061,1391,2017,2600,3056,292,167,96,135,204,264,269
1107,SouthAfrica,710,Serbia,688,1964,1550,1600,2143,3119,4023,4670,798,730,848,1085,1510,1940,2543,1166,820,752,1058,1609,2083,2127
1108,SouthAfrica,710,Seychelles,690,28,133,280,368,535,693,804,15,59,118,145,199,258,360,13,74,162,223,336,435,444
1109,SouthAfrica,710,SierraLeone,694,384,239,166,274,398,513,595,259,168,126,180,256,330,409,125,71,40,94,142,183,186
1110,SouthAfrica,710,Singapore,702,427,352,382,503,732,944,1096,177,164,192,242,338,434,576,250,188,190,261,394,510,520
1111,SouthAfrica,710,Slovakia,703,201,164,177,233,339,437,507,146,121,131,170,244,314,382,55,43,46,63,95,123,125
1112,SouthAfrica,710,Somalia,706,3233,2874,6302,10324,29189,76935,58491,1692,1568,3332,4777,15268,39075,29954,1541,1306,2970,5547,13921,37860,28537
1113,SouthAfrica,710,Spain,724,488,478,613,805,1171,1522,1767,216,240,327,413,579,756,985,272,238,286,392,592,766,782
1114,SouthAfrica,710,SriLanka,144,963,600,415,545,793,1022,1186,399,277,225,283,397,510,664,564,323,190,262,396,512,522
1115,SouthAfrica,710,Sudan,729,2619,1633,1205,1676,2439,3145,3651,1225,834,703,901,1268,1629,2103,1394,799,502,775,1171,1516,1548
1116,SouthAfrica,710,Eswatini,748,34114,28635,31743,41770,65384,42038,45435,25065,19006,17967,23131,35985,20503,22074,9049,9629,13776,18639,29399,21535,23361
1117,SouthAfrica,710,Sweden,752,116,95,102,133,193,248,287,66,55,60,74,104,133,170,50,40,42,59,89,115,117
1118,SouthAfrica,710,Switzerland,756,4268,2225,826,1086,1580,2037,2365,1914,1030,398,497,690,885,1189,2354,1195,428,589,890,1152,1176
1119,SouthAfrica,710,SyrianArabRepublic,760,113,70,49,64,93,119,138,41,29,25,31,44,56,74,72,41,24,33,49,63,64
1120,SouthAfrica,710,Thailand,764,151,225,368,484,704,908,1054,35,60,94,109,138,176,307,116,165,274,375,566,732,747
1121,SouthAfrica,710,NorthMacedonia,807,59,48,51,66,96,124,143,46,38,39,51,74,96,115,13,10,12,15,22,28,28
1122,SouthAfrica,710,TrinidadandTobago,780,26,16,11,14,20,25,29,15,9,5,7,10,13,17,11,7,6,7,10,12,12
1123,SouthAfrica,710,Tunisia,788,111,69,48,63,91,117,140,45,32,26,34,48,62,84,66,37,22,29,43,55,56
1124,SouthAfrica,710,Turkey,792,792,551,475,624,908,1171,1359,484,350,315,403,574,739,918,308,201,160,221,334,432,441
1125,SouthAfrica,710,Uganda,800,4621,2882,1991,2681,3902,5032,5852,2345,1578,1223,1584,2244,2884,3662,2276,1304,768,1097,1658,2148,2190
1126,SouthAfrica,710,Ukraine,804,1822,1488,1600,2105,3064,3952,4588,832,706,758,949,1312,1684,2272,990,782,842,1156,1752,2268,2316
1127,SouthAfrica,710,UnitedArabEmirates,784,175,109,76,99,144,185,214,67,48,40,49,69,88,115,108,61,36,50,75,97,99
1128,SouthAfrica,710,UnitedKingdom,826,117362,105771,125874,165691,116052,61413,67382,47415,48929,62258,79637,55823,29509,32219,69947,56842,63616,86054,60229,31904,35163
1129,SouthAfrica,710,UnitedRepublicofTanzania,834,26,1698,3911,5296,7709,9943,11544,14,1150,2627,3431,4891,6294,7818,12,548,1284,1865,2818,3649,3726
1130,SouthAfrica,710,UnitedStatesofAmerica,840,9267,7115,7087,9323,7771,6220,7429,4264,3332,3230,4025,3672,3319,3960,5003,3783,3857,5298,4099,2901,3469
1131,SouthAfrica,710,Uruguay,858,111,69,48,63,91,117,135,73,48,36,46,66,85,103,38,21,12,17,25,32,32
1132,SouthAfrica,710,VenezuelaBolivarianRepublicof,862,296,184,126,166,241,310,359,118,82,66,84,118,151,197,178,102,60,82,123,159,162
1133,SouthAfrica,710,VietNam,704,156,97,68,89,129,166,192,42,32,30,37,51,65,89,114,65,38,52,78,101,103
1134,SouthAfrica,710,Yemen,887,83,51,35,45,65,83,96,14,14,19,23,32,41,54,69,37,16,22,33,42,42
1135,SouthAfrica,710,Zambia,894,6346,12880,23416,30816,25171,19527,22901,3219,6563,11629,14627,12001,9376,10974,3127,6317,11787,16189,13170,10151,11927
1136,SouthAfrica,710,Zimbabwe,716,61875,82744,128983,169894,306521,676383,690243,35063,47853,73705,96102,167169,369664,379965,26812,34891,55278,73792,139352,306719,310278
1137,Benin,204,Melanesia,928,0,0,0,0,0,0,0,0,0,0,0,0,0,0,0,0,0,0,0,0,0
1138,Benin,204,Micronesia,954,0,0,0,0,0,0,0,0,0,0,0,0,0,0,0,0,0,0,0,0,0
1139,Benin,204,Polynesia,957,0,0,0,0,0,0,0,0,0,0,0,0,0,0,0,0,0,0,0,0,0
1140,Benin,204,Chad,148,143,198,253,514,780,969,1042,77,107,137,302,472,607,655,66,91,116,212,308,362,387
1141,Benin,204,Congo,178,393,542,691,1802,2942,3783,4071,209,291,373,923,1484,1955,2109,184,251,318,879,1458,1828,1962
1142,Benin,204,France,250,370,510,650,909,1161,1304,1402,190,265,340,458,574,659,711,180,245,310,451,587,645,691
1143,Benin,204,Ghana,288,2107,2902,3698,7844,12065,15076,16226,1097,1528,1960,3507,5065,6410,6917,1010,1374,1738,4337,7000,8666,9309
1144,Benin,204,CotedIvoire,384,2836,3906,4977,14618,24530,31920,34358,1477,2057,2638,6798,11032,14707,15867,1359,1849,2339,7820,13498,17213,18491
1145,Benin,204,Mali,466,265,366,467,1464,2490,3260,3508,138,193,248,849,1466,1974,2128,127,173,219,615,1024,1286,1380
1146,Benin,204,Niger,562,26721,36802,46883,60072,68453,72579,78124,15843,22012,28181,34274,37786,40165,43303,10878,14790,18702,25798,30667,32414,34821
1147,Benin,204,Nigeria,566,15728,21661,27595,49531,67553,80960,87145,9404,13062,16721,26414,33929,40604,43793,6324,8599,10874,23117,33624,40356,43352
1148,Benin,204,Togo,768,16968,23369,29771,77597,85781,105441,113502,5790,8170,10551,26691,29280,38103,41158,11178,15199,19220,50906,56501,67338,72344
1149,Benin,204,BurkinaFaso,854,3507,4830,6154,8487,10751,12004,12920,2066,2870,3675,4849,6002,6775,7305,1441,1960,2479,3638,4749,5229,5615
1150,BurkinaFaso,854,Melanesia,928,0,0,0,0,0,0,0,0,0,0,0,0,0,0,0,0,0,0,0,0,0
1151,BurkinaFaso,854,Micronesia,954,0,0,0,0,0,0,0,0,0,0,0,0,0,0,0,0,0,0,0,0,0
1152,BurkinaFaso,854,Polynesia,957,0,0,0,0,0,0,0,0,0,0,0,0,0,0,0,0,0,0,0,0,0
1153,BurkinaFaso,854,Benin,204,2054,2554,3071,3540,3996,4178,4342,1026,1278,1561,1808,2032,2124,2207,1028,1276,1510,1732,1964,2054,2135
1154,BurkinaFaso,854,Ghana,288,24542,30522,29139,27293,30810,32217,33487,8534,10648,10358,9752,10915,11414,11854,16008,19874,18781,17541,19895,20803,21633
1155,BurkinaFaso,854,CotedIvoire,384,243776,303170,383695,458125,517165,540779,562117,122630,152766,191021,224696,252411,263936,274211,121146,150404,192674,233429,264754,276843,287906
1156,BurkinaFaso,854,Mali,466,37576,75987,42260,37118,41902,43815,37052,16146,34165,18029,15451,17327,18118,14777,21430,41822,24231,21667,24575,25697,22275
1157,BurkinaFaso,854,Niger,562,8275,10291,10633,10807,12200,12757,13259,4170,5195,5478,5633,6332,6621,6880,4105,5096,5155,5174,5868,6136,6379
1158,BurkinaFaso,854,Nigeria,566,2542,3161,3801,4380,4944,5170,5373,1177,1466,1778,2045,2296,2401,2495,1365,1695,2023,2335,2648,2769,2878
1159,BurkinaFaso,854,Senegal,686,1983,2466,2965,3417,3857,4033,4191,1077,1341,1622,1867,2099,2195,2280,906,1125,1343,1550,1758,1838,1911
1160,BurkinaFaso,854,Togo,768,6131,7625,10415,13040,14721,15393,15999,1803,2252,3541,4720,5285,5526,5739,4328,5373,6874,8320,9436,9867,10260
1161,CaboVerde,132,Melanesia,928,0,0,0,0,0,0,0,0,0,0,0,0,0,0,0,0,0,0,0,0,0
1162,CaboVerde,132,Micronesia,954,0,0,0,0,0,0,0,0,0,0,0,0,0,0,0,0,0,0,0,0,0
1163,CaboVerde,132,Polynesia,957,0,0,0,0,0,0,0,0,0,0,0,0,0,0,0,0,0,0,0,0,0
1164,CaboVerde,132,Angola,24,1588,1899,2209,1283,356,370,390,790,969,1148,659,169,175,185,798,930,1061,624,187,195,205
1165,CaboVerde,132,Argentina,32,5,8,10,7,4,4,3,1,2,3,2,1,1,1,4,6,7,5,3,3,2
1166,CaboVerde,132,Belgium,56,14,19,24,17,10,10,9,7,10,13,9,6,6,6,7,9,11,8,4,4,3
1167,CaboVerde,132,Brazil,76,77,104,130,203,275,286,301,38,53,67,99,130,135,143,39,51,63,104,145,151,158
1168,CaboVerde,132,China,156,30,41,51,37,22,23,23,14,20,26,18,10,10,11,16,21,25,19,12,13,12
1169,CaboVerde,132,Cuba,192,69,92,115,99,82,85,89,33,46,59,49,39,40,43,36,46,56,50,43,45,46
1170,CaboVerde,132,France,250,102,137,172,183,194,201,211,50,69,88,89,91,94,99,52,68,84,94,103,107,112
1171,CaboVerde,132,Gabon,266,11,14,17,13,8,8,7,6,8,10,8,5,5,5,5,6,7,5,3,3,2
1172,CaboVerde,132,Gambia,270,7,10,12,9,5,5,4,3,4,5,4,2,2,2,4,6,7,5,3,3,2
1173,CaboVerde,132,Germany,276,25,33,41,53,65,67,69,13,18,23,29,35,36,38,12,15,18,24,30,31,31
1174,CaboVerde,132,Ghana,288,55,74,93,67,40,42,43,26,36,47,33,19,20,21,29,38,46,34,21,22,22
1175,CaboVerde,132,Guinea,324,60,80,99,249,398,413,436,30,41,51,121,190,196,208,30,39,48,128,208,217,228
1176,CaboVerde,132,Italy,380,201,253,305,349,392,407,430,112,144,177,195,212,219,232,89,109,128,154,180,188,198
1177,CaboVerde,132,CotedIvoire,384,9,12,15,11,7,7,6,4,5,7,5,4,4,4,5,7,8,6,3,3,2
1178,CaboVerde,132,Japan,392,2,3,4,3,1,1,0,0,0,1,1,1,1,0,2,3,3,2,0,0,0
1179,CaboVerde,132,Luxembourg,442,5,8,10,7,4,4,3,1,2,3,2,1,1,1,4,6,7,5,3,3,2
1180,CaboVerde,132,Mali,466,9,12,14,11,7,7,6,4,6,7,6,4,4,4,5,6,7,5,3,3,2
1181,CaboVerde,132,Mexico,484,4,5,6,5,3,3,2,2,3,4,4,3,3,2,2,2,2,1,0,0,0
1182,CaboVerde,132,Mozambique,508,51,64,76,51,25,26,26,22,29,35,23,11,11,12,29,35,41,28,14,15,14
1183,CaboVerde,132,Netherlands,528,62,72,82,59,36,37,37,33,39,46,32,19,19,20,29,33,36,27,17,18,17
1184,CaboVerde,132,Nigeria,566,84,114,144,395,645,670,708,41,57,74,189,303,314,333,43,57,70,206,342,356,375
1185,CaboVerde,132,Peru,604,4,4,4,4,3,3,2,2,2,3,3,3,3,2,2,2,1,1,0,0,0
1186,CaboVerde,132,Portugal,620,1132,1031,929,1023,1116,1159,1225,566,526,486,510,534,553,586,566,505,443,513,582,606,639
1187,CaboVerde,132,GuineaBissau,624,539,839,1138,2984,4829,5015,5330,310,493,676,1680,2684,2780,2944,229,346,462,1304,2145,2235,2386
1188,CaboVerde,132,TimorLeste,626,11,14,17,13,8,8,7,6,8,10,8,5,5,5,5,6,7,5,3,3,2
1189,CaboVerde,132,RussianFederation,643,55,74,92,382,672,698,737,26,37,47,178,309,320,339,29,37,45,204,363,378,398
1190,CaboVerde,132,SaoTomeandPrincipe,678,2475,3111,3747,2698,1649,1712,1809,1151,1491,1832,1279,726,750,794,1324,1620,1915,1419,923,962,1015
1191,CaboVerde,132,Senegal,686,141,384,627,1025,1423,1478,1562,77,216,356,553,750,777,822,64,168,271,472,673,701,740
1192,CaboVerde,132,SierraLeone,694,19,26,32,23,14,15,14,8,11,14,10,6,7,7,11,15,18,13,8,8,7
1193,CaboVerde,132,Spain,724,30,40,50,94,138,143,150,14,20,26,45,65,67,72,16,20,24,49,73,76,78
1194,CaboVerde,132,Switzerland,756,18,24,29,21,13,13,12,9,13,16,11,6,6,6,9,11,13,10,7,7,6
1195,CaboVerde,132,Ukraine,804,28,37,46,34,21,22,22,14,19,24,18,11,12,13,14,18,22,16,10,10,9
1196,CaboVerde,132,UnitedKingdom,826,14,22,29,40,50,52,53,7,12,16,21,25,26,27,7,10,13,19,25,26,26
1197,CaboVerde,132,UnitedStatesofAmerica,840,188,232,275,307,338,351,370,97,123,148,158,168,174,184,91,109,127,149,170,177,186
1198,CaboVerde,132,UnitedStatesVirginIslands,850,20,30,39,54,68,71,73,10,16,21,28,35,37,39,10,14,18,26,33,34,34
1199,CotedIvoire,384,Melanesia,928,0,0,0,0,0,0,0,0,0,0,0,0,0,0,0,0,0,0,0,0,0
1200,CotedIvoire,384,Micronesia,954,0,0,0,0,0,0,0,0,0,0,0,0,0,0,0,0,0,0,0,0,0
1201,CotedIvoire,384,Polynesia,957,0,0,0,0,0,0,0,0,0,0,0,0,0,0,0,0,0,0,0,0,0
1202,CotedIvoire,384,CaboVerde,132,274,306,318,332,346,361,374,153,169,176,184,192,201,208,121,137,142,148,154,160,166
1203,CotedIvoire,384,Benin,204,51216,57138,59538,62329,65120,67983,70576,28003,31052,32340,33856,35360,36915,38322,23213,26086,27198,28473,29760,31068,32254
1204,CotedIvoire,384,Gambia,270,10359,6022,6275,6569,6863,7164,7437,5445,3156,3287,3441,3594,3752,3895,4914,2866,2988,3128,3269,3412,3542
1205,CotedIvoire,384,Ghana,288,99487,90436,94236,98654,103072,107604,111708,39197,35286,36735,38458,40155,41922,43518,60290,55150,57501,60196,62917,65682,68190
1206,CotedIvoire,384,Guinea,324,133914,135616,141314,147939,154564,161361,167516,72699,73199,76237,79811,83357,87024,90340,61215,62417,65077,68128,71207,74337,77176
1207,CotedIvoire,384,Liberia,430,2793,22779,23736,24848,25960,27101,28134,1249,10049,10464,10954,11438,11941,12396,1544,12730,13272,13894,14522,15160,15738
1208,CotedIvoire,384,Libya,434,5379,5397,5623,5886,6149,6419,6663,3192,3187,3319,3474,3628,3788,3932,2187,2210,2304,2412,2521,2631,2731
1209,CotedIvoire,384,Mali,466,422476,445636,443223,463993,484763,505532,522146,235307,246817,245595,257106,268532,280040,289249,187169,198819,197628,206887,216231,225492,232897
1210,CotedIvoire,384,Mauritania,478,9873,10316,10749,11252,11755,12271,12739,7662,7990,8324,8714,9103,9503,9866,2211,2326,2425,2538,2652,2768,2873
1211,CotedIvoire,384,Niger,562,50297,55202,57521,60217,62913,65679,68184,37609,41176,42898,44909,46913,48976,50844,12688,14026,14623,15308,16000,16703,17340
1212,CotedIvoire,384,Nigeria,566,31352,36486,38019,39801,41583,43411,45066,15798,18250,19006,19897,20780,21694,22520,15554,18236,19013,19904,20803,21717,22546
1213,CotedIvoire,384,GuineaBissau,624,308,344,358,374,390,407,422,171,190,198,207,216,226,235,137,154,160,167,174,181,187
1214,CotedIvoire,384,Senegal,686,23556,24586,25619,26820,28021,29253,30368,16461,17130,17846,18683,19517,20376,21152,7095,7456,7773,8137,8504,8877,9216
1215,CotedIvoire,384,SierraLeone,694,620,693,722,755,788,822,853,346,384,400,418,436,455,472,274,309,322,337,352,367,381
1216,CotedIvoire,384,Togo,768,25298,33605,35017,36658,38299,39983,41508,14096,18605,19378,20286,21187,22119,22962,11202,15000,15639,16372,17112,17864,18546
1217,CotedIvoire,384,BurkinaFaso,854,927756,1114233,1161053,1215490,1269928,1325777,1376350,522444,623756,649666,680127,710363,741614,769878,405312,490477,511387,535363,559565,584163,606472
1218,Gambia,270,Melanesia,928,0,0,0,0,0,0,0,0,0,0,0,0,0,0,0,0,0,0,0,0,0
1219,Gambia,270,Micronesia,954,0,0,0,0,0,0,0,0,0,0,0,0,0,0,0,0,0,0,0,0,0
1220,Gambia,270,Polynesia,957,0,0,0,0,0,0,0,0,0,0,0,0,0,0,0,0,0,0,0,0,0
1221,Gambia,270,Guinea,324,24859,30668,38423,37318,38981,40369,45215,15134,18191,22393,21640,22573,23347,26164,9725,12477,16030,15678,16408,17022,19051
1222,Gambia,270,Liberia,430,153,286,173,948,854,968,1082,86,156,93,502,451,511,572,67,130,80,446,403,457,510
1223,Gambia,270,Mali,466,5697,7028,8805,8552,8933,9251,10360,3753,4534,5601,5418,5653,5849,6553,1944,2494,3204,3134,3280,3402,3807
1224,Gambia,270,Mauritania,478,2005,2474,3100,3011,3146,3257,3646,1729,2120,2646,2566,2680,2774,3107,276,354,454,445,466,483,539
1225,Gambia,270,GuineaBissau,624,7591,9365,11733,11396,11904,12328,13808,3952,4696,5735,5529,5764,5958,6680,3639,4669,5998,5867,6140,6370,7128
1226,Gambia,270,Senegal,686,72943,89990,112746,109499,114379,118452,132678,38674,46025,56263,54256,56560,58468,65541,34269,43965,56483,55243,57819,59984,67137
1227,Gambia,270,SierraLeone,694,1435,6835,2218,5956,2250,2330,2608,812,3717,1191,3177,1197,1238,1387,623,3118,1027,2779,1053,1092,1221
1228,Ghana,288,Melanesia,928,0,0,0,0,0,0,0,0,0,0,0,0,0,0,0,0,0,0,0,0,0
1229,Ghana,288,Micronesia,954,0,0,0,0,0,0,0,0,0,0,0,0,0,0,0,0,0,0,0,0,0
1230,Ghana,288,Polynesia,957,0,0,0,0,0,0,0,0,0,0,0,0,0,0,0,0,0,0,0,0,0
1231,Ghana,288,Algeria,12,7,7,8,11,11,13,13,5,5,6,8,8,10,11,2,2,2,3,3,3,2
1232,Ghana,288,Australia,36,17,17,19,27,27,33,37,5,6,6,10,11,14,17,12,11,13,17,16,19,20
1233,Ghana,288,Brazil,76,7,7,8,11,11,13,13,3,4,4,6,6,7,8,4,3,4,5,5,6,5
1234,Ghana,288,Cameroon,120,61,61,68,96,95,116,132,38,40,43,63,63,77,89,23,21,25,33,32,39,43
1235,Ghana,288,Canada,124,147,147,164,231,230,283,323,61,69,69,105,109,135,154,86,78,95,126,121,148,169
1236,Ghana,288,SriLanka,144,15,15,17,24,17,20,21,8,9,9,13,9,11,12,7,6,8,11,8,9,9
1237,Ghana,288,Chad,148,8,8,9,13,13,15,15,6,6,7,10,10,12,13,2,2,2,3,3,3,2
1238,Ghana,288,China,156,121,121,135,190,189,232,266,99,101,111,158,158,194,224,22,20,24,32,31,38,42
1239,Ghana,288,DemocraticRepublicoftheCongo,180,16,16,18,25,25,30,33,7,8,8,12,13,16,19,9,8,10,13,12,14,14
1240,Ghana,288,Benin,204,8959,8928,9987,14044,13963,17183,19736,4483,4895,5062,7534,7715,9492,10923,4476,4033,4925,6510,6248,7691,8813
1241,Ghana,288,Ethiopia,231,16,16,18,25,25,30,33,7,8,8,12,13,16,19,9,8,10,13,12,14,14
1242,Ghana,288,France,250,117,116,130,183,182,223,254,62,66,69,102,104,127,146,55,50,61,81,78,96,108
1243,Ghana,288,Gambia,270,19,19,21,30,1337,1645,1888,12,13,13,19,713,877,1010,7,6,8,11,624,768,878
1244,Ghana,288,Guinea,324,74,74,82,115,114,140,159,44,47,49,71,72,89,102,30,27,33,44,42,51,57
1245,Ghana,288,India,356,454,452,506,712,708,871,999,258,275,290,426,433,533,613,196,177,216,286,275,338,386
1246,Ghana,288,Israel,376,24,24,27,38,38,46,51,12,13,14,21,22,27,31,12,11,13,17,16,19,20
1247,Ghana,288,Italy,380,123,123,137,193,192,236,270,70,75,79,116,118,145,167,53,48,58,77,74,91,103
1248,Ghana,288,CotedIvoire,384,4902,4885,5465,25762,52511,64621,74228,2436,2663,2751,12077,27992,34439,39639,2466,2222,2714,13685,24519,30182,34589
1249,Ghana,288,Japan,392,30,30,33,46,46,56,63,18,19,20,29,30,37,43,12,11,13,17,16,19,20
1250,Ghana,288,Kenya,404,8,8,9,13,13,15,15,6,6,7,10,10,12,13,2,2,2,3,3,3,2
1251,Ghana,288,Lebanon,422,525,523,585,823,818,1006,1155,297,318,334,491,499,614,707,228,205,251,332,319,392,448
1252,Ghana,288,Liberia,430,9824,14538,13084,50459,24718,30418,34940,5296,7838,7054,27205,13176,16211,18659,4528,6700,6030,23254,11542,14207,16281
1253,Ghana,288,Mali,466,3592,3580,4004,5631,4175,5137,5900,2527,2620,2832,4082,2947,3626,4170,1065,960,1172,1549,1228,1511,1730
1254,Ghana,288,Mauritania,478,9,9,10,14,11,13,13,6,6,7,10,7,9,10,3,3,3,4,4,4,3
1255,Ghana,288,Netherlands,528,131,131,146,205,152,187,213,73,79,82,120,85,105,120,58,52,64,85,67,82,93
1256,Ghana,288,Niger,562,4229,4214,4714,6629,4915,6048,6945,3027,3131,3391,4880,3529,4342,4992,1202,1083,1323,1749,1386,1706,1953
1257,Ghana,288,Nigeria,566,14876,14826,16584,28321,57056,70214,80652,7872,8515,8877,16450,32812,40371,46452,7004,6311,7707,11871,24244,29843,34200
1258,Ghana,288,Pakistan,586,47,47,52,73,55,67,76,25,27,28,41,29,35,41,22,20,24,32,26,32,35
1259,Ghana,288,Philippines,608,20,20,22,31,23,28,30,10,11,11,16,12,15,17,10,9,11,15,11,13,13
1260,Ghana,288,Poland,616,34,34,38,53,39,47,52,16,18,18,27,18,22,25,18,16,20,26,21,25,27
1261,Ghana,288,RussianFederation,643,47,47,52,73,55,67,76,20,23,22,33,24,29,34,27,24,30,40,31,38,42
1262,Ghana,288,Rwanda,646,268,267,299,420,311,382,437,94,110,108,168,110,135,155,174,157,191,252,201,247,282
1263,Ghana,288,Senegal,686,53,53,59,83,61,75,85,33,35,37,54,38,47,55,20,18,22,29,23,28,30
1264,Ghana,288,SierraLeone,694,119,1180,2385,3354,1939,2386,2740,62,666,1243,1845,965,1188,1369,57,514,1142,1509,974,1198,1371
1265,Ghana,288,Sudan,729,18,18,20,28,21,25,27,14,15,16,23,16,19,22,4,3,4,5,5,6,5
1266,Ghana,288,Switzerland,756,104,104,116,163,121,148,169,58,62,65,96,68,83,96,46,42,51,67,53,65,73
1267,Ghana,288,SyrianArabRepublic,760,37,37,41,58,43,52,58,20,22,22,33,23,28,33,17,15,19,25,20,24,25
1268,Ghana,288,Togo,768,61553,144121,72060,86196,73412,90343,103799,27448,64743,32371,38722,39133,48147,55414,34105,79378,39689,47474,34279,42196,48385
1269,Ghana,288,Egypt,818,21,21,23,32,32,39,43,11,12,12,17,18,22,25,10,9,11,15,14,17,18
1270,Ghana,288,UnitedKingdom,826,972,969,1084,1524,1130,1390,1595,469,516,530,792,550,677,780,503,453,554,732,580,713,815
1271,Ghana,288,UnitedRepublicofTanzania,834,6,6,7,10,7,8,8,3,3,4,6,3,4,5,3,3,3,4,4,4,3
1272,Ghana,288,UnitedStatesofAmerica,840,437,435,487,685,508,625,716,201,222,227,341,236,291,334,236,213,260,344,272,334,382
1273,Ghana,288,BurkinaFaso,854,41668,41526,46451,50321,48452,58704,67431,22731,24463,25613,29103,25812,31286,36011,18937,17063,20838,21218,22640,27418,31420
1274,Guinea,324,Melanesia,928,0,0,0,0,0,31,25,0,0,0,0,0,22,21,0,0,0,0,0,9,4
1275,Guinea,324,Micronesia,954,0,0,0,0,0,39,29,0,0,0,0,0,24,22,0,0,0,0,0,15,7
1276,Guinea,324,Polynesia,957,0,0,0,0,0,1001,957,0,0,0,0,0,584,562,0,0,0,0,0,417,395
1277,Guinea,324,Afghanistan,4,0,0,0,0,0,3,1,0,0,0,0,0,3,1,0,0,0,0,0,0,0
1278,Guinea,324,Albania,8,0,0,0,0,0,11,9,0,0,0,0,0,7,7,0,0,0,0,0,4,2
1279,Guinea,324,Algeria,12,0,0,0,0,0,7044,6766,0,0,0,0,0,4305,4147,0,0,0,0,0,2739,2619
1280,Guinea,324,Andorra,20,0,0,0,0,0,6,4,0,0,0,0,0,4,4,0,0,0,0,0,2,0
1281,Guinea,324,Angola,24,0,0,0,0,0,115,109,0,0,0,0,0,74,71,0,0,0,0,0,41,38
1282,Guinea,324,AntiguaandBarbuda,28,0,0,0,0,0,4452,4276,0,0,0,0,0,2545,2453,0,0,0,0,0,1907,1823
1283,Guinea,324,Azerbaijan,31,0,0,0,0,0,5,3,0,0,0,0,0,5,3,0,0,0,0,0,0,0
1284,Guinea,324,Argentina,32,0,0,0,0,0,112,105,0,0,0,0,0,65,62,0,0,0,0,0,47,43
1285,Guinea,324,Australia,36,0,0,0,0,0,10,8,0,0,0,0,0,7,7,0,0,0,0,0,3,1
1286,Guinea,324,Austria,40,0,0,0,0,0,1,0,0,0,0,0,0,1,0,0,0,0,0,0,0,0
1287,Guinea,324,Bahamas,44,0,0,0,0,0,13,11,0,0,0,0,0,6,6,0,0,0,0,0,7,5
1288,Guinea,324,Bahrain,48,0,0,0,0,0,3,1,0,0,0,0,0,2,1,0,0,0,0,0,1,0
1289,Guinea,324,Bangladesh,50,0,0,0,0,0,1,0,0,0,0,0,0,1,0,0,0,0,0,0,0,0
1290,Guinea,324,Armenia,51,0,0,0,0,0,9,7,0,0,0,0,0,9,7,0,0,0,0,0,0,0
1291,Guinea,324,Barbados,52,0,0,0,0,0,11,9,0,0,0,0,0,10,9,0,0,0,0,0,1,0
1292,Guinea,324,Belgium,56,207,238,166,116,81,40,37,122,151,106,76,53,26,25,85,87,60,40,28,14,12
1293,Guinea,324,Bhutan,64,0,0,0,0,0,3,1,0,0,0,0,0,2,1,0,0,0,0,0,1,0
1294,Guinea,324,BoliviaPlurinationalStateof,68,0,0,0,0,0,5,3,0,0,0,0,0,2,2,0,0,0,0,0,3,1
1295,Guinea,324,BosniaandHerzegovina,70,0,0,0,0,0,2,0,0,0,0,0,0,2,0,0,0,0,0,0,0,0
1296,Guinea,324,Botswana,72,0,0,0,0,0,50,46,0,0,0,0,0,30,28,0,0,0,0,0,20,18
1297,Guinea,324,Brazil,76,248,285,199,139,97,14,12,153,188,132,101,70,10,10,95,97,67,38,27,4,2
1298,Guinea,324,Belize,84,0,0,0,0,0,2,0,0,0,0,0,0,2,0,0,0,0,0,0,0,0
1299,Guinea,324,SolomonIslands,90,0,0,0,0,0,12,10,0,0,0,0,0,8,8,0,0,0,0,0,4,2
1300,Guinea,324,Bulgaria,100,0,0,0,0,0,3,1,0,0,0,0,0,2,1,0,0,0,0,0,1,0
1301,Guinea,324,Myanmar,104,0,0,0,0,0,2,0,0,0,0,0,0,2,0,0,0,0,0,0,0,0
1302,Guinea,324,Burundi,108,0,0,0,0,0,39,36,0,0,0,0,0,26,25,0,0,0,0,0,13,11
1303,Guinea,324,Cambodia,116,0,0,0,0,0,9,7,0,0,0,0,0,5,5,0,0,0,0,0,4,2
1304,Guinea,324,Cameroon,120,0,0,0,0,0,196,187,0,0,0,0,0,142,136,0,0,0,0,0,54,51
1305,Guinea,324,Canada,124,297,342,239,167,116,46,42,158,200,140,110,76,30,28,139,142,99,57,40,16,14
1306,Guinea,324,CaboVerde,132,98,112,78,54,37,34,31,51,64,45,34,23,21,20,47,48,33,20,14,13,11
1307,Guinea,324,CentralAfricanRepublic,140,0,0,0,0,0,18,16,0,0,0,0,0,14,14,0,0,0,0,0,4,2
1308,Guinea,324,SriLanka,144,0,0,0,0,0,2,0,0,0,0,0,0,2,0,0,0,0,0,0,0,0
1309,Guinea,324,Chad,148,0,0,0,0,0,389,372,0,0,0,0,0,275,265,0,0,0,0,0,114,107
1310,Guinea,324,Chile,152,0,0,0,0,0,11,9,0,0,0,0,0,8,8,0,0,0,0,0,3,1
1311,Guinea,324,China,156,134,154,166,116,81,169,161,102,122,131,94,65,134,129,32,32,35,22,16,35,32
1312,Guinea,324,Colombia,170,0,0,0,0,0,2623,2519,0,0,0,0,0,1517,1463,0,0,0,0,0,1106,1056
1313,Guinea,324,Comoros,174,0,0,0,0,0,761,730,0,0,0,0,0,475,459,0,0,0,0,0,286,271
1314,Guinea,324,Congo,178,0,0,0,0,0,122,116,0,0,0,0,0,79,76,0,0,0,0,0,43,40
1315,Guinea,324,DemocraticRepublicoftheCongo,180,0,0,0,0,0,77,73,0,0,0,0,0,49,48,0,0,0,0,0,28,25
1316,Guinea,324,CostaRica,188,0,0,0,0,0,118,112,0,0,0,0,0,73,71,0,0,0,0,0,45,41
1317,Guinea,324,Croatia,191,0,0,0,0,0,19,17,0,0,0,0,0,12,12,0,0,0,0,0,7,5
1318,Guinea,324,Cuba,192,61,70,75,375,1875,1786,1714,29,38,40,224,1118,1064,1024,32,32,35,151,757,722,690
1319,Guinea,324,Benin,204,2351,2710,1897,1327,928,408,391,1272,1602,1122,911,637,280,270,1079,1108,775,416,291,128,121
1320,Guinea,324,Denmark,208,0,0,0,0,0,66,63,0,0,0,0,0,38,38,0,0,0,0,0,28,25
1321,Guinea,324,Dominica,212,0,0,0,0,0,13,11,0,0,0,0,0,4,4,0,0,0,0,0,9,7
1322,Guinea,324,DominicanRepublic,214,0,0,0,0,0,2,0,0,0,0,0,0,1,0,0,0,0,0,0,1,0
1323,Guinea,324,Ecuador,218,0,0,0,0,0,2,0,0,0,0,0,0,2,0,0,0,0,0,0,0,0
1324,Guinea,324,ElSalvador,222,0,0,0,0,0,4,2,0,0,0,0,0,2,2,0,0,0,0,0,2,0
1325,Guinea,324,EquatorialGuinea,226,0,0,0,0,0,10695,10274,0,0,0,0,0,6238,6012,0,0,0,0,0,4457,4262
1326,Guinea,324,Ethiopia,231,0,0,0,0,0,12,10,0,0,0,0,0,7,7,0,0,0,0,0,5,3
1327,Guinea,324,Eritrea,232,0,0,0,0,0,23,20,0,0,0,0,0,15,14,0,0,0,0,0,8,6
1328,Guinea,324,Fiji,242,0,0,0,0,0,3,1,0,0,0,0,0,2,1,0,0,0,0,0,1,0
1329,Guinea,324,Finland,246,0,0,0,0,0,6,4,0,0,0,0,0,4,4,0,0,0,0,0,2,0
1330,Guinea,324,France,250,1642,1893,1325,927,648,248,237,959,1192,835,649,453,173,167,683,701,490,278,195,75,70
1331,Guinea,324,Djibouti,262,0,0,0,0,0,18,16,0,0,0,0,0,14,14,0,0,0,0,0,4,2
1332,Guinea,324,Gabon,266,0,0,0,0,0,74,70,0,0,0,0,0,47,46,0,0,0,0,0,27,24
1333,Guinea,324,Gambia,270,811,935,654,457,319,281,268,490,606,424,277,193,170,163,321,329,230,180,126,111,105
1334,Guinea,324,Germany,276,849,0,0,0,0,27,24,421,0,0,0,0,18,17,428,0,0,0,0,9,7
1335,Guinea,324,Ghana,288,0,0,0,0,0,588,564,0,0,0,0,0,479,460,0,0,0,0,0,109,104
1336,Guinea,324,Kiribati,296,0,0,0,0,0,3,1,0,0,0,0,0,3,1,0,0,0,0,0,0,0
1337,Guinea,324,Haiti,332,0,0,0,0,0,25,22,0,0,0,0,0,13,12,0,0,0,0,0,12,10
1338,Guinea,324,Honduras,340,0,0,0,0,0,298,285,0,0,0,0,0,166,161,0,0,0,0,0,132,124
1339,Guinea,324,India,356,0,0,0,0,0,49,45,0,0,0,0,0,46,44,0,0,0,0,0,3,1
1340,Guinea,324,Israel,376,0,0,0,0,0,11,9,0,0,0,0,0,7,7,0,0,0,0,0,4,2
1341,Guinea,324,Italy,380,102,0,0,0,0,82,78,85,0,0,0,0,47,46,17,0,0,0,0,35,32
1342,Guinea,324,CotedIvoire,384,2472,2850,3087,7307,12219,7968,7654,1291,1637,1746,3417,5715,4702,4531,1181,1213,1341,3890,6504,3266,3123
1343,Guinea,324,Japan,392,27,31,33,39,46,54,50,12,16,17,25,29,33,31,15,15,16,14,17,21,19
1344,Guinea,324,Jordan,400,0,0,0,0,0,2,0,0,0,0,0,0,2,0,0,0,0,0,0,0,0
1345,Guinea,324,Kenya,404,0,0,0,0,0,1999,1920,0,0,0,0,0,1166,1124,0,0,0,0,0,833,796
1346,Guinea,324,DemPeoplesRepublicofKorea,408,0,0,0,0,0,1232,1183,0,0,0,0,0,718,693,0,0,0,0,0,514,490
1347,Guinea,324,RepublicofKorea,410,138,159,172,313,486,426,407,84,104,112,180,267,276,266,54,55,60,133,219,150,141
1348,Guinea,324,Lebanon,422,0,0,0,0,0,156,148,0,0,0,0,0,126,121,0,0,0,0,0,30,27
1349,Guinea,324,Lesotho,426,0,0,0,0,0,32,29,0,0,0,0,0,22,21,0,0,0,0,0,10,8
1350,Guinea,324,Latvia,428,0,0,0,0,0,23,20,0,0,0,0,0,12,11,0,0,0,0,0,11,9
1351,Guinea,324,Liberia,430,342691,449575,138141,102158,29367,2765,2655,167772,220292,66999,45973,13216,1537,1481,174919,229283,71142,56185,16151,1228,1174
1352,Guinea,324,Libya,434,0,0,0,0,0,44,41,0,0,0,0,0,29,28,0,0,0,0,0,15,13
1353,Guinea,324,Liechtenstein,438,0,0,0,0,0,4,2,0,0,0,0,0,1,1,0,0,0,0,0,3,1
1354,Guinea,324,Madagascar,450,0,0,0,0,0,10,8,0,0,0,0,0,5,5,0,0,0,0,0,5,3
1355,Guinea,324,Malawi,454,0,0,0,0,0,17,15,0,0,0,0,0,12,12,0,0,0,0,0,5,3
1356,Guinea,324,Malaysia,458,0,0,0,0,0,1,0,0,0,0,0,0,1,0,0,0,0,0,0,0,0
1357,Guinea,324,Mali,466,15549,17927,19422,35367,54950,46991,45192,8350,10529,11243,17113,24777,26278,25351,7199,7398,8179,18254,30173,20713,19841
1358,Guinea,324,Mauritania,478,384,442,478,870,1351,1154,1107,251,306,328,536,799,776,747,133,136,150,334,552,378,360
1359,Guinea,324,Mauritius,480,0,0,0,0,0,15,13,0,0,0,0,0,11,11,0,0,0,0,0,4,2
1360,Guinea,324,RepublicofMoldova,498,0,0,0,0,0,3,1,0,0,0,0,0,2,1,0,0,0,0,0,1,0
1361,Guinea,324,Morocco,504,0,0,0,0,0,333,318,0,0,0,0,0,205,197,0,0,0,0,0,128,121
1362,Guinea,324,Mozambique,508,0,0,0,0,0,19,17,0,0,0,0,0,13,13,0,0,0,0,0,6,4
1363,Guinea,324,Namibia,516,0,0,0,0,0,3,1,0,0,0,0,0,2,1,0,0,0,0,0,1,0
1364,Guinea,324,Nauru,520,0,0,0,0,0,18,16,0,0,0,0,0,12,12,0,0,0,0,0,6,4
1365,Guinea,324,Nepal,524,0,0,0,0,0,25,22,0,0,0,0,0,19,18,0,0,0,0,0,6,4
1366,Guinea,324,Netherlands,528,0,0,0,0,0,38,35,0,0,0,0,0,26,25,0,0,0,0,0,12,10
1367,Guinea,324,NewZealand,554,0,0,0,0,0,2,0,0,0,0,0,0,2,0,0,0,0,0,0,0,0
1368,Guinea,324,Nicaragua,558,0,0,0,0,0,5,3,0,0,0,0,0,3,3,0,0,0,0,0,2,0
1369,Guinea,324,Niger,562,1393,1606,1124,786,550,193,184,706,901,631,632,442,155,149,687,705,493,154,108,38,35
1370,Guinea,324,Nigeria,566,910,1049,734,513,359,381,364,670,803,562,423,296,314,302,240,246,172,90,63,67,62
1371,Guinea,324,Norway,578,0,0,0,0,0,2,0,0,0,0,0,0,2,0,0,0,0,0,0,0,0
1372,Guinea,324,MicronesiaFedStatesof,583,0,0,0,0,0,3,1,0,0,0,0,0,1,1,0,0,0,0,0,2,0
1373,Guinea,324,MarshallIslands,584,0,0,0,0,0,6,4,0,0,0,0,0,3,3,0,0,0,0,0,3,1
1374,Guinea,324,Palau,585,0,0,0,0,0,9,7,0,0,0,0,0,5,5,0,0,0,0,0,4,2
1375,Guinea,324,Pakistan,586,0,0,0,0,0,19,17,0,0,0,0,0,15,15,0,0,0,0,0,4,2
1376,Guinea,324,PapuaNewGuinea,598,0,0,0,0,0,16,14,0,0,0,0,0,12,12,0,0,0,0,0,4,2
1377,Guinea,324,Philippines,608,0,0,0,0,0,3,1,0,0,0,0,0,3,1,0,0,0,0,0,0,0
1378,Guinea,324,Poland,616,0,0,0,0,0,1,0,0,0,0,0,0,0,0,0,0,0,0,0,1,0
1379,Guinea,324,Portugal,620,237,273,295,206,144,14,12,116,149,158,206,144,14,12,121,124,137,0,0,0,0
1380,Guinea,324,GuineaBissau,624,2798,3226,3495,4194,5032,4540,4361,1483,1875,2002,2395,2873,2592,2499,1315,1351,1493,1799,2159,1948,1862
1381,Guinea,324,Romania,642,0,0,0,0,0,5,3,0,0,0,0,0,4,3,0,0,0,0,0,1,0
1382,Guinea,324,RussianFederation,643,478,551,596,298,149,39,36,298,367,393,238,119,31,30,180,184,203,60,30,8,6
1383,Guinea,324,Rwanda,646,0,0,0,0,0,39,36,0,0,0,0,0,23,22,0,0,0,0,0,16,14
1384,Guinea,324,SaintVincentandtheGrenadines,670,0,0,0,0,0,30,27,0,0,0,0,0,19,18,0,0,0,0,0,11,9
1385,Guinea,324,SaoTomeandPrincipe,678,0,0,0,0,0,33,30,0,0,0,0,0,20,19,0,0,0,0,0,13,11
1386,Guinea,324,SaudiArabia,682,682,786,523,250,120,31,28,349,444,296,163,78,20,19,333,342,227,87,42,11,9
1387,Guinea,324,Senegal,686,6770,7805,8455,5495,3571,2139,2053,4464,5436,5836,3330,2164,1296,1248,2306,2369,2619,2165,1407,843,805
1388,Guinea,324,Serbia,688,0,0,0,0,0,2,0,0,0,0,0,0,1,0,0,0,0,0,0,1,0
1389,Guinea,324,Seychelles,690,0,0,0,0,0,3,1,0,0,0,0,0,2,1,0,0,0,0,0,1,0
1390,Guinea,324,SierraLeone,694,15985,273125,365828,27115,13557,8683,8342,7429,133832,177427,12202,6101,5068,4886,8556,139293,188401,14913,7456,3615,3456
1391,Guinea,324,VietNam,704,0,0,0,0,0,5,3,0,0,0,0,0,4,3,0,0,0,0,0,1,0
1392,Guinea,324,Slovenia,705,0,0,0,0,0,28,25,0,0,0,0,0,17,16,0,0,0,0,0,11,9
1393,Guinea,324,Somalia,706,0,0,0,0,0,6,4,0,0,0,0,0,4,4,0,0,0,0,0,2,0
1394,Guinea,324,SouthAfrica,710,0,0,0,0,0,1251,1201,0,0,0,0,0,762,735,0,0,0,0,0,489,466
1395,Guinea,324,Zimbabwe,716,0,0,0,0,0,4,2,0,0,0,0,0,3,2,0,0,0,0,0,1,0
1396,Guinea,324,Spain,724,59,68,73,511,1022,1187,1139,27,36,38,302,603,700,675,32,32,35,209,419,487,464
1397,Guinea,324,SouthSudan,728,0,0,0,0,0,3,1,0,0,0,0,0,2,1,0,0,0,0,0,1,0
1398,Guinea,324,Sudan,729,0,0,0,0,0,7,5,0,0,0,0,0,5,5,0,0,0,0,0,2,0
1399,Guinea,324,Eswatini,748,0,0,0,0,0,5,3,0,0,0,0,0,4,3,0,0,0,0,0,1,0
1400,Guinea,324,Sweden,752,0,0,0,0,0,3,1,0,0,0,0,0,3,1,0,0,0,0,0,0,0
1401,Guinea,324,Switzerland,756,0,0,0,0,0,17,15,0,0,0,0,0,11,11,0,0,0,0,0,6,4
1402,Guinea,324,SyrianArabRepublic,760,30,34,36,20,15,8,6,23,27,29,19,14,7,6,7,7,7,1,1,1,0
1403,Guinea,324,Tajikistan,762,0,0,0,0,0,1,0,0,0,0,0,0,1,0,0,0,0,0,0,0,0
1404,Guinea,324,Thailand,764,0,0,0,0,0,51,47,0,0,0,0,0,31,29,0,0,0,0,0,20,18
1405,Guinea,324,Togo,768,1468,1692,1833,1354,935,533,510,954,1164,1250,984,679,387,372,514,528,583,370,256,146,138
1406,Guinea,324,Tonga,776,0,0,0,0,0,972,932,0,0,0,0,0,566,546,0,0,0,0,0,406,386
1407,Guinea,324,Tunisia,788,0,0,0,0,0,533,510,0,0,0,0,0,297,286,0,0,0,0,0,236,224
1408,Guinea,324,Turkey,792,0,0,0,0,0,35,32,0,0,0,0,0,24,23,0,0,0,0,0,11,9
1409,Guinea,324,Tuvalu,798,0,0,0,0,0,1,0,0,0,0,0,0,1,0,0,0,0,0,0,0,0
1410,Guinea,324,Uganda,800,0,0,0,0,0,1,0,0,0,0,0,0,1,0,0,0,0,0,0,0,0
1411,Guinea,324,Ukraine,804,84,96,104,50,25,9,7,39,50,54,34,17,6,6,45,46,50,16,8,3,1
1412,Guinea,324,Egypt,818,0,0,0,0,0,27,24,0,0,0,0,0,21,20,0,0,0,0,0,6,4
1413,Guinea,324,UnitedKingdom,826,0,0,0,0,0,8,6,0,0,0,0,0,5,5,0,0,0,0,0,3,1
1414,Guinea,324,UnitedRepublicofTanzania,834,0,0,0,0,0,2,0,0,0,0,0,0,2,0,0,0,0,0,0,0,0
1415,Guinea,324,UnitedStatesofAmerica,840,552,636,689,550,472,301,288,276,353,377,334,286,182,176,276,283,312,216,186,119,112
1416,Guinea,324,BurkinaFaso,854,479,552,598,650,698,588,564,301,370,397,418,448,518,499,178,182,201,232,250,70,65
1417,Guinea,324,Uruguay,858,0,0,0,0,0,1,0,0,0,0,0,0,1,0,0,0,0,0,0,0,0
1418,Guinea,324,Uzbekistan,860,0,0,0,0,0,1,0,0,0,0,0,0,1,0,0,0,0,0,0,0,0
1419,Guinea,324,Samoa,882,0,0,0,0,0,28,25,0,0,0,0,0,17,16,0,0,0,0,0,11,9
1420,GuineaBissau,624,Melanesia,928,0,0,0,0,0,0,0,0,0,0,0,0,0,0,0,0,0,0,0,0,0
1421,GuineaBissau,624,Micronesia,954,0,0,0,0,0,0,0,0,0,0,0,0,0,0,0,0,0,0,0,0,0
1422,GuineaBissau,624,Polynesia,957,0,0,0,0,0,0,0,0,0,0,0,0,0,0,0,0,0,0,0,0,0
1423,GuineaBissau,624,Canada,124,37,48,58,56,54,57,41,15,20,25,24,23,24,18,22,28,33,32,31,33,23
1424,GuineaBissau,624,CaboVerde,132,355,466,576,549,521,552,403,130,183,235,221,206,215,163,225,283,341,328,315,337,240
1425,GuineaBissau,624,France,250,71,91,111,108,104,110,79,49,63,78,76,73,77,56,22,28,33,32,31,33,23
1426,GuineaBissau,624,Gambia,270,960,1247,1534,1472,1410,1495,1092,461,619,778,744,710,746,558,499,628,756,728,700,749,534
1427,GuineaBissau,624,Guinea,324,3170,4069,4968,4813,4657,4938,3612,1692,2238,2785,2580,2375,2496,1867,1478,1831,2183,2233,2282,2442,1745
1428,GuineaBissau,624,Liberia,430,3906,2407,908,878,847,898,634,2367,1469,572,554,536,565,409,1539,938,336,324,311,333,225
1429,GuineaBissau,624,Mauritania,478,359,461,563,545,527,559,408,173,227,281,274,267,281,210,186,234,282,271,260,278,198
1430,GuineaBissau,624,Portugal,620,528,678,827,802,776,823,601,287,375,462,421,379,398,298,241,303,365,381,397,425,303
1431,GuineaBissau,624,Senegal,686,5053,16635,8119,9265,10455,11087,9093,2072,7743,3591,4319,4914,5158,4328,2981,8892,4528,4946,5541,5929,4765
1432,GuineaBissau,624,SierraLeone,694,87,524,960,863,766,812,585,59,265,471,431,391,411,303,28,259,489,432,375,401,282
1433,GuineaBissau,624,UnitedStatesofAmerica,840,200,257,313,303,293,311,226,81,107,133,128,124,130,98,119,150,180,175,169,181,128
1434,Liberia,430,Melanesia,928,0,0,0,0,0,0,0,0,0,0,0,0,0,0,0,0,0,0,0,0,0
1435,Liberia,430,Micronesia,954,0,0,0,0,0,0,0,0,0,0,0,0,0,0,0,0,0,0,0,0,0
1436,Liberia,430,Polynesia,957,0,0,0,0,0,0,0,0,0,0,0,0,0,0,0,0,0,0,0,0,0
1437,Liberia,430,Canada,124,247,241,238,107,49,56,42,130,125,120,69,22,25,20,117,116,118,38,27,31,22
1438,Liberia,430,Benin,204,63,61,61,32,25,28,20,38,36,35,24,19,22,18,25,25,26,8,6,6,2
1439,Liberia,430,France,250,296,289,284,128,59,67,51,157,150,143,83,27,30,24,139,139,141,45,32,37,27
1440,Liberia,430,Gambia,270,656,650,630,504,711,816,630,383,378,355,349,396,452,354,273,272,275,155,315,364,276
1441,Liberia,430,Germany,276,928,906,890,404,186,213,162,478,457,437,258,81,92,72,450,449,453,146,105,121,90
1442,Liberia,430,Ghana,288,9952,9723,9542,6646,7069,8113,7524,5285,5219,5161,4714,4109,4687,4132,4667,4504,4381,1932,2960,3426,3392
1443,Liberia,430,Guinea,324,32485,32238,31145,25289,35375,32482,26978,19453,19217,18020,15913,19647,17918,14953,13032,13021,13125,9376,15728,14564,12025
1444,Liberia,430,India,356,774,756,742,546,712,817,631,493,476,459,443,603,691,537,281,280,283,103,109,126,94
1445,Liberia,430,Italy,380,252,246,242,109,50,57,43,150,146,143,77,27,31,25,102,100,99,32,23,26,18
1446,Liberia,430,CotedIvoire,384,2182,2132,2093,7592,26335,36541,19715,1299,1215,1132,3493,14080,19538,10674,883,917,961,4099,12255,17003,9041
1447,Liberia,430,Lebanon,422,4230,4133,4056,1852,871,999,771,2719,2454,2194,1297,623,712,554,1511,1679,1862,555,248,287,217
1448,Liberia,430,Mali,466,1970,1924,1889,1186,1267,1454,1122,1316,1271,1230,920,913,1045,656,654,653,659,266,354,409,466
1449,Liberia,430,Netherlands,528,298,291,286,130,60,68,52,159,152,145,85,28,31,25,139,139,141,45,32,37,27
1450,Liberia,430,Niger,562,1127,1101,1081,491,226,259,199,542,517,491,300,90,102,81,585,584,590,191,136,157,118
1451,Liberia,430,Nigeria,566,2393,2337,2294,2713,4922,5649,4366,1483,1428,1377,2184,3829,4384,3403,910,909,917,529,1093,1265,963
1452,Liberia,430,GuineaBissau,624,2263,2211,2171,987,454,521,401,1143,1092,1043,622,192,218,149,1120,1119,1128,365,262,303,252
1453,Liberia,430,Senegal,686,243,237,233,216,342,392,302,158,156,155,168,236,270,211,85,81,78,48,106,122,91
1454,Liberia,430,SierraLeone,694,7943,124102,71154,26426,12578,14536,16853,4538,63943,37641,12158,6843,7848,9212,3405,60159,33513,14268,5735,6688,7641
1455,Liberia,430,Spain,724,286,279,275,124,57,65,49,157,151,145,82,27,31,24,129,128,130,42,30,34,25
1456,Liberia,430,Sweden,752,1120,1094,1075,488,225,258,199,588,563,539,315,101,115,92,532,531,536,173,124,143,107
1457,Liberia,430,Switzerland,756,148,144,142,64,30,34,25,83,79,76,43,15,17,13,65,65,66,21,15,17,12
1458,Liberia,430,Togo,768,250,244,240,227,365,418,321,147,141,136,167,238,271,210,103,103,104,60,127,147,111
1459,Liberia,430,UnitedKingdom,826,1146,1119,1099,499,230,263,202,608,582,557,324,105,119,94,538,537,542,175,125,144,108
1460,Liberia,430,UnitedStatesofAmerica,840,2959,2891,2837,1236,451,517,399,1418,1352,1285,772,238,271,213,1541,1539,1552,464,213,246,186
1461,Liberia,430,BurkinaFaso,854,388,379,373,223,221,253,195,237,228,220,168,163,186,145,151,151,153,55,58,67,50
1462,Mali,466,Melanesia,928,0,0,0,0,0,0,0,0,0,0,0,0,0,0,0,0,0,0,0,0,0
1463,Mali,466,Micronesia,954,0,0,0,0,0,0,0,0,0,0,0,0,0,0,0,0,0,0,0,0,0
1464,Mali,466,Polynesia,957,0,0,0,0,600,736,860,0,0,0,0,290,355,418,0,0,0,0,310,381,442
1465,Mali,466,Afghanistan,4,0,0,0,0,385,473,553,0,0,0,0,299,368,432,0,0,0,0,86,105,121
1466,Mali,466,Albania,8,0,0,0,0,1028,1264,1482,0,0,0,0,461,566,666,0,0,0,0,567,698,816
1467,Mali,466,Algeria,12,380,507,554,2270,385,473,553,245,272,263,1043,246,302,355,135,235,291,1227,139,171,198
1468,Mali,466,AmericanSamoa,16,0,0,0,0,322,395,462,0,0,0,0,151,185,218,0,0,0,0,171,210,244
1469,Mali,466,Andorra,20,0,0,0,0,835,1027,1204,0,0,0,0,439,540,635,0,0,0,0,396,487,569
1470,Mali,466,Angola,24,70,72,67,273,1253,1542,1807,39,41,38,153,590,726,852,31,31,29,120,663,816,955
1471,Mali,466,BritishVirginIslands,92,0,0,0,0,407,500,585,0,0,0,0,172,211,247,0,0,0,0,235,289,338
1472,Mali,466,Cameroon,120,592,618,567,2323,1445,1778,2084,336,351,323,1293,738,907,1065,256,267,244,1030,707,871,1019
1473,Mali,466,CentralAfricanRepublic,140,283,295,271,1110,760,1200,1299,146,152,140,559,396,627,680,137,143,131,551,364,573,619
1474,Mali,466,Chad,148,0,0,0,0,482,593,694,0,0,0,0,236,290,341,0,0,0,0,246,303,353
1475,Mali,466,Chile,152,0,0,0,0,1242,1528,1792,0,0,0,0,675,830,976,0,0,0,0,567,698,816
1476,Mali,466,China,156,301,190,76,309,2795,3439,4035,242,145,46,186,1553,1909,2243,59,45,30,123,1242,1530,1792
1477,Mali,466,Congo,178,4022,4208,3856,15801,8510,10473,12288,2098,2194,2021,8046,4441,5462,6416,1924,2014,1835,7755,4069,5011,5872
1478,Mali,466,DemocraticRepublicoftheCongo,180,0,0,0,0,1810,2226,2611,0,0,0,0,889,1092,1283,0,0,0,0,921,1134,1328
1479,Mali,466,Croatia,191,0,0,0,0,792,975,1142,0,0,0,0,503,620,727,0,0,0,0,289,355,415
1480,Mali,466,Benin,204,542,566,520,2127,1295,1594,1869,315,330,304,1216,748,921,1082,227,236,216,911,547,673,787
1481,Mali,466,EquatorialGuinea,226,0,0,0,0,653,803,941,0,0,0,0,322,396,466,0,0,0,0,331,407,475
1482,Mali,466,France,250,2689,2679,2347,9615,4357,5362,6291,1443,1409,1217,4841,2312,2844,3342,1246,1270,1130,4774,2045,2518,2949
1483,Mali,466,FrenchPolynesia,258,0,0,0,0,278,341,398,0,0,0,0,139,170,200,0,0,0,0,139,171,198
1484,Mali,466,Gabon,266,4463,4670,4279,17532,9603,11817,13867,2384,2495,2297,9156,4849,5960,7003,2079,2175,1982,8376,4754,5857,6864
1485,Mali,466,Gambia,270,595,621,570,2333,1006,1237,1451,323,337,310,1236,492,605,713,272,284,260,1097,514,632,738
1486,Mali,466,Ghana,288,1913,2323,2388,9786,4058,4993,5857,941,1216,1305,5212,2270,2790,3277,972,1107,1083,4574,1788,2203,2580
1487,Mali,466,Grenada,308,0,0,0,0,300,369,431,0,0,0,0,129,159,187,0,0,0,0,171,210,244
1488,Mali,466,Guadeloupe,312,0,0,0,0,760,935,1096,0,0,0,0,342,421,495,0,0,0,0,418,514,601
1489,Mali,466,Guinea,324,19164,17896,14659,16372,29054,35755,41960,9484,8858,7307,8120,14995,18437,21662,9680,9038,7352,8252,14059,17318,20298
1490,Mali,466,Israel,376,0,0,0,0,1081,1330,1559,0,0,0,0,578,711,835,0,0,0,0,503,619,724
1491,Mali,466,CotedIvoire,384,48556,59377,54884,78730,135188,166367,195271,25254,30893,28484,40241,65812,80904,95062,23302,28484,26400,38489,69376,85463,100209
1492,Mali,466,Japan,392,0,0,0,0,514,631,738,0,0,0,0,257,315,370,0,0,0,0,257,316,368
1493,Mali,466,Kazakhstan,398,0,0,0,0,1488,1830,2146,0,0,0,0,856,1052,1235,0,0,0,0,632,778,911
1494,Mali,466,DemPeoplesRepublicofKorea,408,0,0,0,0,1434,1764,2069,0,0,0,0,642,789,928,0,0,0,0,792,975,1141
1495,Mali,466,Liberia,430,586,612,562,2302,910,1119,1312,296,309,285,1133,396,487,574,290,303,277,1169,514,632,738
1496,Mali,466,Libya,434,0,0,0,0,878,1080,1266,0,0,0,0,547,673,791,0,0,0,0,331,407,475
1497,Mali,466,Mauritania,478,14942,20955,12423,6283,10600,13539,24197,6730,10508,7103,3226,5802,7413,13246,8212,10447,5320,3057,4798,6126,10951
1498,Mali,466,Morocco,504,0,0,0,0,632,777,910,0,0,0,0,257,315,370,0,0,0,0,375,462,540
1499,Mali,466,Niger,562,3571,4803,5259,4713,9239,11368,13340,1980,2596,2810,2508,5416,6659,7822,1591,2207,2449,2205,3823,4709,5518
1500,Mali,466,Nigeria,566,1590,1663,1524,6242,2955,3636,4265,863,903,831,3316,1521,1870,2195,727,760,693,2926,1434,1766,2070
1501,Mali,466,GuineaBissau,624,0,0,0,0,289,355,414,0,0,0,0,96,118,138,0,0,0,0,193,237,276
1502,Mali,466,RussianFederation,643,384,240,92,376,311,381,445,182,114,44,177,150,183,216,202,126,48,199,161,198,229
1503,Mali,466,Rwanda,646,0,0,0,0,385,473,553,0,0,0,0,224,275,324,0,0,0,0,161,198,229
1504,Mali,466,SaudiArabia,682,0,0,0,0,1178,1448,1698,0,0,0,0,515,632,743,0,0,0,0,663,816,955
1505,Mali,466,Senegal,686,12899,12540,10719,8569,16797,20671,24257,6487,6366,5528,4398,8381,10304,12105,6412,6174,5191,4171,8416,10367,12152
1506,Mali,466,SierraLeone,694,1227,1283,1177,4821,1713,2107,2471,629,658,607,2415,792,973,1143,598,625,570,2406,921,1134,1328
1507,Mali,466,Singapore,702,0,0,0,0,663,815,955,0,0,0,0,363,446,524,0,0,0,0,300,369,431
1508,Mali,466,SouthAfrica,710,0,0,0,0,449,553,646,0,0,0,0,299,368,431,0,0,0,0,150,185,215
1509,Mali,466,Sudan,729,0,0,0,0,493,606,709,0,0,0,0,289,356,418,0,0,0,0,204,250,291
1510,Mali,466,Thailand,764,0,0,0,0,364,447,523,0,0,0,0,140,171,202,0,0,0,0,224,276,321
1511,Mali,466,Togo,768,893,934,856,3508,3116,3833,4498,526,551,506,2031,1745,2145,2520,367,383,350,1477,1371,1688,1978
1512,Mali,466,UnitedArabEmirates,784,0,0,0,0,2463,3030,3555,0,0,0,0,1285,1580,1857,0,0,0,0,1178,1450,1698
1513,Mali,466,TurksandCaicosIslands,796,0,0,0,0,536,659,771,0,0,0,0,236,290,340,0,0,0,0,300,369,431
1514,Mali,466,Egypt,818,0,0,0,0,589,724,848,0,0,0,0,278,342,403,0,0,0,0,311,382,445
1515,Mali,466,UnitedRepublicofTanzania,834,0,0,0,0,717,881,1033,0,0,0,0,277,341,401,0,0,0,0,440,540,632
1516,Mali,466,UnitedStatesofAmerica,840,233,242,223,911,1156,1421,1666,127,132,122,486,727,893,1049,106,110,101,425,429,528,617
1517,Mali,466,UnitedStatesVirginIslands,850,0,0,0,0,375,461,540,0,0,0,0,182,224,264,0,0,0,0,193,237,276
1518,Mali,466,BurkinaFaso,854,23024,20221,20155,22283,43132,53080,62291,11605,10232,10242,11268,23311,28664,33673,11419,9989,9913,11015,19821,24416,28618
1519,Mali,466,Uruguay,858,0,0,0,0,407,500,585,0,0,0,0,192,236,278,0,0,0,0,215,264,307
1520,Mali,466,Zambia,894,0,0,0,0,471,579,678,0,0,0,0,193,238,280,0,0,0,0,278,341,398
1521,Mauritania,478,Melanesia,928,0,0,0,0,0,0,0,0,0,0,0,0,0,0,0,0,0,0,0,0,0
1522,Mauritania,478,Micronesia,954,0,0,0,0,0,0,0,0,0,0,0,0,0,0,0,0,0,0,0,0,0
1523,Mauritania,478,Polynesia,957,0,0,0,0,0,0,0,0,0,0,0,0,0,0,0,0,0,0,0,0,0
1524,Mauritania,478,Algeria,12,1450,1549,1601,1617,1133,1634,1788,808,927,1024,1057,768,1085,1191,642,622,577,560,365,549,597
1525,Mauritania,478,Argentina,32,60,64,66,67,46,66,71,29,34,39,40,29,42,46,31,30,27,27,17,24,25
1526,Mauritania,478,Belgium,56,56,59,60,61,42,60,64,25,29,33,34,25,36,39,31,30,27,27,17,24,25
1527,Mauritania,478,Brazil,76,143,152,157,159,111,159,173,74,86,96,99,72,102,112,69,66,61,60,39,57,61
1528,Mauritania,478,Cameroon,120,350,373,385,389,273,392,428,189,217,241,249,182,256,280,161,156,144,140,91,136,148
1529,Mauritania,478,Canada,124,46,49,50,51,35,50,53,26,30,33,34,25,36,39,20,19,17,17,10,14,14
1530,Mauritania,478,Chad,148,47,50,51,52,36,51,54,24,28,31,32,24,34,37,23,22,20,20,12,17,17
1531,Mauritania,478,China,156,142,151,156,158,110,158,172,19,32,46,51,41,55,62,123,119,110,107,69,103,110
1532,Mauritania,478,DemocraticRepublicoftheCongo,180,31,33,42,65,96,90,97,13,16,27,38,59,55,60,18,17,15,27,37,35,37
1533,Mauritania,478,Benin,204,491,524,541,546,382,551,602,231,273,309,320,235,331,364,260,251,232,226,147,220,238
1534,Mauritania,478,Gabon,266,77,82,84,85,59,84,90,35,42,47,49,36,51,55,42,40,37,36,23,33,35
1535,Mauritania,478,StateofPalestine,275,135,144,148,150,112,161,175,60,72,82,85,67,95,105,75,72,66,65,45,66,70
1536,Mauritania,478,Ghana,288,186,198,204,206,144,206,223,52,69,85,90,69,94,102,134,129,119,116,75,112,121
1537,Mauritania,478,Guinea,324,2748,2936,3042,3073,2157,3105,3396,851,1098,1332,1414,1073,1477,1622,1897,1838,1710,1659,1084,1628,1774
1538,Mauritania,478,Iraq,368,77,82,84,85,94,112,122,33,40,46,48,56,67,75,44,42,38,37,38,45,47
1539,Mauritania,478,Italy,380,50,53,54,55,38,54,58,22,26,29,30,22,32,36,28,27,25,25,16,22,22
1540,Mauritania,478,CotedIvoire,384,175,186,192,291,371,462,504,70,85,99,160,219,264,290,105,101,93,131,152,198,214
1541,Mauritania,478,RepublicofKorea,410,63,67,69,70,49,69,74,17,23,29,31,24,33,36,46,44,40,39,25,36,38
1542,Mauritania,478,Kuwait,414,29,30,31,32,22,31,33,9,11,14,15,12,17,19,20,19,17,17,10,14,14
1543,Mauritania,478,Lebanon,422,106,113,116,118,83,118,128,41,51,59,62,47,65,71,65,62,57,56,36,53,57
1544,Mauritania,478,Libya,434,124,132,136,138,97,138,150,55,66,75,78,58,81,89,69,66,61,60,39,57,61
1545,Mauritania,478,Mali,466,6776,41626,7483,7559,5297,104491,114379,2664,23200,3787,3967,2953,59758,65555,4112,18426,3696,3592,2344,44733,48824
1546,Mauritania,478,Morocco,504,306,326,337,340,238,342,373,142,168,191,198,146,204,223,164,158,146,142,92,138,150
1547,Mauritania,478,Niger,562,135,144,148,150,105,150,162,51,63,73,77,58,80,87,84,81,75,73,47,70,75
1548,Mauritania,478,GuineaBissau,624,1067,1140,1178,1190,834,1203,1316,301,398,490,522,398,548,604,766,742,688,668,436,655,712
1549,Mauritania,478,RussianFederation,643,56,59,60,61,42,60,64,39,43,46,47,34,49,53,17,16,14,14,8,11,11
1550,Mauritania,478,SaudiArabia,682,273,291,300,303,212,305,332,133,156,175,181,133,187,204,140,135,125,122,79,118,128
1551,Mauritania,478,Senegal,686,94138,36493,37730,38114,26706,17630,19294,50523,18499,21035,21888,16114,10435,11445,43615,17994,16695,16226,10592,7195,7849
1552,Mauritania,478,Spain,724,77,82,84,85,59,84,90,38,45,50,52,38,54,58,39,37,34,33,21,30,32
1553,Mauritania,478,WesternSahara,732,0,0,0,0,26001,28007,30652,0,0,0,0,13670,14724,16161,0,0,0,0,12331,13283,14491
1554,Mauritania,478,SyrianArabRepublic,760,125,133,137,139,97,322,606,48,59,69,73,54,189,356,77,74,68,66,43,133,250
1555,Mauritania,478,Togo,768,104,111,114,140,113,144,156,27,37,46,64,58,69,76,77,74,68,76,55,75,80
1556,Mauritania,478,UnitedArabEmirates,784,62,66,68,69,48,68,73,24,30,35,36,27,38,41,38,36,33,33,21,30,32
1557,Mauritania,478,Tunisia,788,221,236,243,246,172,248,270,92,112,128,134,99,140,154,129,124,115,112,73,108,116
1558,Mauritania,478,Egypt,818,202,215,222,224,156,225,245,89,106,121,125,92,130,143,113,109,101,99,64,95,102
1559,Mauritania,478,UnitedStatesofAmerica,840,99,105,108,109,76,108,116,47,55,62,64,47,66,72,52,50,46,45,29,42,44
1560,Niger,562,Melanesia,928,0,0,0,0,0,0,0,0,0,0,0,0,0,0,0,0,0,0,0,0,0
1561,Niger,562,Micronesia,954,0,0,0,0,0,0,0,0,0,0,0,0,0,0,0,0,0,0,0,0,0
1562,Niger,562,Polynesia,957,0,0,0,0,0,0,0,0,0,0,0,0,0,0,0,0,0,0,0,0,0
1563,Niger,562,Algeria,12,293,364,438,447,455,460,587,183,222,261,264,266,278,353,110,142,177,183,189,182,234
1564,Niger,562,Cameroon,120,265,329,397,405,412,417,531,125,149,175,178,180,183,228,140,180,222,227,232,234,303
1565,Niger,562,Chad,148,1443,1077,720,734,746,756,1459,832,612,397,404,410,416,795,611,465,323,330,336,340,664
1566,Niger,562,Benin,204,8948,12961,17081,17395,17672,17908,22875,3822,5049,6316,6420,6508,6589,8186,5126,7912,10765,10975,11164,11319,14689
1567,Niger,562,Ghana,288,4184,2881,1602,1632,1659,1680,2145,1943,1280,627,638,647,654,815,2241,1601,975,994,1012,1026,1330
1568,Niger,562,CotedIvoire,384,4425,2774,1147,1168,1187,1419,1811,2364,1435,518,527,534,666,835,2061,1339,629,641,653,753,976
1569,Niger,562,Libya,434,100,123,149,153,156,157,200,59,69,80,84,88,90,115,41,54,69,69,68,67,85
1570,Niger,562,Mali,466,31142,64573,43060,43857,44544,94640,108802,17044,32284,21142,21505,21814,45793,51747,14098,32289,21918,22352,22730,48847,57055
1571,Niger,562,Nigeria,566,38319,28313,18540,18881,19180,93179,154739,15484,12483,9583,9749,9890,45658,74556,22835,15830,8957,9132,9290,47521,80183
1572,Niger,562,Senegal,686,732,910,1096,1116,1135,1150,1468,471,574,682,694,705,715,904,261,336,414,422,430,435,564
1573,Niger,562,Sudan,729,337,418,504,514,523,529,1771,152,180,211,215,219,221,724,185,238,293,299,304,308,1047
1574,Niger,562,Togo,768,5521,7356,9253,9423,9574,9702,12392,2000,2448,2916,2963,3003,3039,3746,3521,4908,6337,6460,6571,6663,8646
1575,Niger,562,BurkinaFaso,854,9596,13956,18432,18771,19068,19323,24683,5463,7806,10213,10392,10544,10681,13468,4133,6150,8219,8379,8524,8642,11215
1576,Nigeria,566,Melanesia,928,0,0,0,0,0,0,0,0,0,0,0,0,0,0,0,0,0,0,0,0,0
1577,Nigeria,566,Micronesia,954,0,0,0,0,0,0,0,0,0,0,0,0,0,0,0,0,0,0,0,0,0
1578,Nigeria,566,Polynesia,957,0,0,0,0,0,0,0,0,0,0,0,0,0,0,0,0,0,0,0,0,0
1579,Nigeria,566,Cameroon,120,10242,10384,10943,21748,22214,26893,52489,5746,5789,6061,12663,12933,14755,28631,4496,4595,4882,9085,9281,12138,23858
1580,Nigeria,566,Chad,148,11111,11265,11871,23593,24099,29175,31261,6234,6280,6575,13738,14030,16007,17050,4877,4985,5296,9855,10069,13168,14211
1581,Nigeria,566,Benin,204,96599,117556,143212,284647,290747,351985,377169,54193,65530,79318,165736,169269,193115,205701,42406,52026,63894,118911,121478,158870,171468
1582,Nigeria,566,Ghana,288,75322,81276,90479,179834,183688,222377,238284,42256,45306,50112,104708,106940,122006,129958,33066,35970,40367,75126,76748,100371,108326
1583,Nigeria,566,Liberia,430,7823,7931,8358,16611,16968,20541,22009,4389,4422,4630,9672,9879,11270,12005,3434,3509,3728,6939,7089,9271,10004
1584,Nigeria,566,Mali,466,14578,39251,65493,130172,132962,160967,172481,8179,21880,36273,75793,77408,88314,94070,6399,17371,29220,54379,55554,72653,78411
1585,Nigeria,566,Niger,562,35442,39858,45868,91166,93120,112733,120797,19884,22219,25404,53082,54214,61851,65882,15558,17639,20464,38084,38906,50882,54915
1586,Nigeria,566,SierraLeone,694,1553,1574,1658,3294,3365,4073,4363,872,878,919,1919,1960,2235,2380,681,696,739,1375,1405,1838,1983
1587,Nigeria,566,Togo,768,46886,52442,60095,119442,122002,147698,158262,26304,29233,33284,69546,71028,81034,86314,20582,23209,26811,49896,50974,66664,71948
1588,SaintHelena,654,Melanesia,928,0,0,0,0,0,0,0,0,0,0,0,0,0,0,0,0,0,0,0,0,0
1589,SaintHelena,654,Micronesia,954,0,0,0,0,0,0,0,0,0,0,0,0,0,0,0,0,0,0,0,0,0
1590,SaintHelena,654,Polynesia,957,0,0,0,0,0,0,0,0,0,0,0,0,0,0,0,0,0,0,0,0,0
1591,SaintHelena,654,SouthAfrica,710,32,21,20,29,44,66,76,19,12,11,14,22,42,52,13,9,9,15,22,24,24
1592,SaintHelena,654,UnitedKingdom,826,127,83,77,111,163,247,287,80,51,45,59,92,168,203,47,32,32,52,71,79,84
1593,Senegal,686,Melanesia,928,0,0,0,0,0,0,0,0,0,0,0,0,0,0,0,0,0,0,0,0,0
1594,Senegal,686,Micronesia,954,0,0,0,0,0,0,0,0,0,0,0,0,0,0,0,0,0,0,0,0,0
1595,Senegal,686,Polynesia,957,0,0,0,0,0,0,0,0,0,0,0,0,0,0,0,0,0,0,0,0,0
1596,Senegal,686,Algeria,12,3464,3622,3275,3523,3940,4204,4338,1238,1280,1058,1221,1477,1574,1618,2226,2342,2217,2302,2463,2630,2720
1597,Senegal,686,Brazil,76,536,560,506,544,609,650,670,258,268,229,257,301,322,332,278,292,277,287,308,328,338
1598,Senegal,686,Cameroon,120,837,875,792,852,953,1014,1050,317,328,275,316,379,403,417,520,547,517,536,574,611,633
1599,Senegal,686,CentralAfricanRepublic,140,0,3,3,13,19,668,723,0,2,2,6,10,344,372,0,1,1,7,9,324,351
1600,Senegal,686,DemocraticRepublicoftheCongo,180,0,29,104,254,238,295,362,0,13,46,114,123,152,187,0,16,58,140,115,143,175
1601,Senegal,686,Benin,204,2984,3120,2820,3034,3393,3621,3740,1519,1579,1361,1519,1772,1890,1949,1465,1541,1459,1515,1621,1731,1791
1602,Senegal,686,France,250,11453,11977,10825,11647,13027,13909,14357,5507,5721,5303,5694,6447,6881,7085,5946,6256,5522,5953,6580,7028,7272
1603,Senegal,686,Gambia,270,4263,4458,4029,4335,4849,5386,5622,1858,1928,1635,1849,2189,2442,2546,2405,2530,2394,2486,2660,2944,3076
1604,Senegal,686,Germany,276,721,754,682,733,821,876,904,359,374,322,361,423,451,466,362,380,360,372,398,425,438
1605,Senegal,686,Ghana,288,1476,1543,1395,1500,1678,1790,1845,1144,1194,1064,1157,1310,1397,1440,332,349,331,343,368,393,405
1606,Senegal,686,Guinea,324,42570,44519,40236,43297,48426,51711,53430,26752,27867,24685,27027,30918,32997,34046,15818,16652,15551,16270,17508,18714,19384
1607,Senegal,686,CotedIvoire,384,2322,2428,2195,2362,2642,2850,2928,1221,1270,1099,1225,1425,1535,1576,1101,1158,1096,1137,1217,1315,1352
1608,Senegal,686,Lebanon,422,911,952,862,927,1037,1106,1140,587,612,539,592,678,723,745,324,340,323,335,359,383,395
1609,Senegal,686,Liberia,430,0,220,436,663,592,439,448,0,97,192,297,306,226,231,0,123,244,366,286,213,217
1610,Senegal,686,Mali,466,28161,29450,26917,28788,32035,34245,35360,14493,15068,14438,15727,17952,19185,19774,13668,14382,12479,13061,14083,15060,15586
1611,Senegal,686,Mauritania,478,89862,98848,59956,53740,50090,45357,46376,46775,51453,32872,28924,26729,24309,24819,43087,47395,27084,24816,23361,21048,21557
1612,Senegal,686,Morocco,504,3405,3560,3219,3463,3873,4134,4268,1636,1699,1477,1644,1916,2044,2107,1769,1861,1742,1819,1957,2090,2161
1613,Senegal,686,Niger,562,1397,1460,1321,1421,1589,1697,1752,729,758,656,731,851,909,937,668,702,665,690,738,788,815
1614,Senegal,686,Nigeria,566,701,733,663,712,797,829,848,515,538,478,520,591,619,635,186,195,185,192,206,210,213
1615,Senegal,686,GuineaBissau,624,23825,24916,23437,24985,27726,29591,30550,10012,10390,11710,11703,12453,13281,13673,13813,14526,11727,13282,15273,16310,16877
1616,Senegal,686,Rwanda,646,0,300,351,324,297,283,282,0,132,155,146,154,146,145,0,168,196,178,143,137,137
1617,Senegal,686,SaudiArabia,682,1177,1230,1183,1232,1340,1430,1476,556,577,564,590,653,697,719,621,653,619,642,687,733,757
1618,Senegal,686,SierraLeone,694,12313,12876,11638,12523,14007,14963,15453,5690,5907,6047,6167,6678,7130,7344,6623,6969,5591,6356,7329,7833,8109
1619,Senegal,686,Togo,768,1380,1443,1308,1405,1570,1677,1739,914,953,844,924,1055,1127,1167,466,490,464,481,515,550,572
1620,Senegal,686,Turkey,792,0,0,0,0,0,0,87,0,0,0,0,0,0,46,0,0,0,0,0,0,41
1621,Senegal,686,UnitedStatesofAmerica,840,662,692,626,672,752,802,826,322,335,291,322,375,400,411,340,357,335,350,377,402,415
1622,SierraLeone,694,Melanesia,928,0,0,0,0,0,0,0,0,0,0,0,0,0,0,0,0,0,0,0,0,0
1623,SierraLeone,694,Micronesia,954,0,0,0,0,0,0,0,0,0,0,0,0,0,0,0,0,0,0,0,0,0
1624,SierraLeone,694,Polynesia,957,0,0,0,0,0,0,0,0,0,0,0,0,0,0,0,0,0,0,0,0,0
1625,SierraLeone,694,Canada,124,38,37,36,21,19,19,16,16,15,14,7,10,12,12,22,22,22,14,9,7,4
1626,SierraLeone,694,CaboVerde,132,5,4,3,1,6,43,88,3,2,1,0,2,27,68,2,2,2,1,4,16,20
1627,SierraLeone,694,Chad,148,0,3,1,1,1,0,0,0,2,1,1,1,0,0,0,1,0,0,0,0,0
1628,SierraLeone,694,China,156,280,273,266,221,207,195,187,273,266,259,216,188,120,42,7,7,7,5,19,75,145
1629,SierraLeone,694,DemocraticRepublicoftheCongo,180,0,0,0,8,0,0,0,0,0,0,5,0,0,0,0,0,0,3,0,0,0
1630,SierraLeone,694,Benin,204,262,257,248,5,18,65,101,102,97,88,2,10,40,70,160,160,160,3,8,25,31
1631,SierraLeone,694,EquatorialGuinea,226,0,0,1,3,3,0,0,0,0,1,2,2,0,0,0,0,0,1,1,0,0
1632,SierraLeone,694,Eritrea,232,0,0,0,0,0,1,0,0,0,0,0,0,1,0,0,0,0,0,0,0,0
1633,SierraLeone,694,Gambia,270,5240,5110,4984,2274,1316,705,524,2856,2718,2584,1495,830,432,316,2384,2392,2400,779,486,273,208
1634,SierraLeone,694,Germany,276,135,131,127,46,40,36,32,74,70,66,34,28,23,20,61,61,61,12,12,13,12
1635,SierraLeone,694,Ghana,288,1310,1274,1242,1232,1107,995,939,884,847,814,827,712,609,559,426,427,428,405,395,386,380
1636,SierraLeone,694,Guinea,324,74272,72442,70385,56539,47462,39375,36058,43901,41993,39660,31348,26388,22078,20374,30371,30449,30725,25191,21074,17297,15684
1637,SierraLeone,694,India,356,405,395,385,341,539,855,959,244,234,224,304,429,523,470,161,161,161,37,110,332,489
1638,SierraLeone,694,Iraq,368,0,0,0,0,1,0,0,0,0,0,0,1,0,0,0,0,0,0,0,0,0
1639,SierraLeone,694,CotedIvoire,384,74,72,70,376,271,154,118,45,43,41,190,152,94,76,29,29,29,186,119,60,42
1640,SierraLeone,694,Japan,392,7,6,5,2,1,1,0,3,2,1,2,1,1,0,4,4,4,0,0,0,0
1641,SierraLeone,694,Kenya,404,0,0,0,0,0,27,26,0,0,0,0,0,17,17,0,0,0,0,0,10,9
1642,SierraLeone,694,DemPeoplesRepublicofKorea,408,7,6,5,3,3,3,2,6,5,4,2,2,2,2,1,1,1,1,1,1,0
1643,SierraLeone,694,RepublicofKorea,410,15,14,13,9,6,4,1,9,8,7,5,4,3,1,6,6,6,4,2,1,0
1644,SierraLeone,694,Lebanon,422,2090,2066,2083,749,679,617,586,1051,1064,1038,460,418,378,360,1039,1002,1045,289,261,239,226
1645,SierraLeone,694,Liberia,430,130316,8925,10813,79156,22552,10917,9097,68943,4282,5291,38163,11159,5765,5009,61373,4643,5522,40993,11393,5152,4088
1646,SierraLeone,694,Mali,466,1953,1904,1857,682,472,323,262,1082,1030,980,525,332,199,148,871,874,877,157,140,124,114
1647,SierraLeone,694,Mauritania,478,142,138,134,122,109,97,89,108,104,100,77,69,60,56,34,34,34,45,40,37,33
1648,SierraLeone,694,Niger,562,161,157,153,78,64,53,47,133,129,125,46,39,33,31,28,28,28,32,25,20,16
1649,SierraLeone,694,Nigeria,566,2116,2063,2012,1922,2112,2022,2176,1357,1302,1249,1433,1427,1237,1295,759,761,763,489,685,785,881
1650,SierraLeone,694,Pakistan,586,0,0,0,122,107,94,86,0,0,0,85,71,58,53,0,0,0,37,36,36,33
1651,SierraLeone,694,GuineaBissau,624,24,23,22,6,47,377,650,16,15,14,3,27,231,389,8,8,8,3,20,146,261
1652,SierraLeone,694,RussianFederation,643,75,73,71,56,61,67,68,25,23,21,27,34,41,45,50,50,50,29,27,26,23
1653,SierraLeone,694,Rwanda,646,0,0,0,2,1,0,0,0,0,0,2,1,0,0,0,0,0,0,0,0,0
1654,SierraLeone,694,Senegal,686,737,718,700,609,463,353,306,489,470,452,453,317,216,175,248,248,248,156,146,137,131
1655,SierraLeone,694,VietNam,704,0,1,1,1,1,0,0,0,1,1,1,1,0,0,0,0,0,0,0,0,0
1656,SierraLeone,694,SouthAfrica,710,239,233,227,112,97,85,77,51,45,39,78,64,52,47,188,188,188,34,33,33,30
1657,SierraLeone,694,Sudan,729,0,3,1,5,11,15,7,0,2,1,3,6,8,5,0,1,0,2,5,7,2
1658,SierraLeone,694,Togo,768,43,41,39,33,29,27,22,29,27,25,24,20,17,13,14,14,14,9,9,10,9
1659,SierraLeone,694,UnitedKingdom,826,611,595,580,315,229,167,141,345,329,314,182,137,103,89,266,266,266,133,92,64,52
1660,SierraLeone,694,UnitedStatesofAmerica,840,506,493,480,330,243,179,152,255,242,229,199,148,110,95,251,251,251,131,95,69,57
1661,SierraLeone,694,BurkinaFaso,854,35,34,33,12,11,11,8,22,21,20,8,7,7,5,13,13,13,4,4,4,3
1662,SierraLeone,694,Zambia,894,0,0,0,0,0,18,17,0,0,0,0,0,12,12,0,0,0,0,0,6,5
1663,Togo,768,Melanesia,928,0,0,0,0,0,0,0,0,0,0,0,0,0,0,0,0,0,0,0,0,0
1664,Togo,768,Micronesia,954,0,0,0,0,0,0,0,0,0,0,0,0,0,0,0,0,0,0,0,0,0
1665,Togo,768,Polynesia,957,0,0,0,0,0,0,0,0,0,0,0,0,0,0,0,0,0,0,0,0,0
1666,Togo,768,Belgium,56,24,28,32,37,56,65,64,16,19,22,26,38,44,44,8,9,10,11,18,21,20
1667,Togo,768,Cameroon,120,334,376,423,476,619,697,702,207,233,262,295,396,446,452,127,143,161,181,223,251,250
1668,Togo,768,Canada,124,18,20,23,26,42,48,47,12,14,17,20,27,31,31,6,6,6,6,15,17,16
1669,Togo,768,CaboVerde,132,19,21,23,25,36,40,39,11,12,13,14,20,22,22,8,9,10,11,16,18,17
1670,Togo,768,CentralAfricanRepublic,140,179,201,226,254,333,375,377,98,110,124,139,190,214,217,81,91,102,115,143,161,160
1671,Togo,768,Chad,148,342,385,433,487,633,713,718,225,254,286,322,428,483,488,117,131,147,165,205,230,230
1672,Togo,768,China,156,247,278,313,352,459,517,521,199,224,253,285,374,422,427,48,54,60,67,85,95,94
1673,Togo,768,Congo,178,123,138,155,174,229,257,258,73,82,92,104,140,157,158,50,56,63,70,89,100,100
1674,Togo,768,DemocraticRepublicoftheCongo,180,277,312,351,515,589,651,656,129,146,164,236,291,320,325,148,166,187,279,298,331,331
1675,Togo,768,Benin,204,24038,26058,36908,51174,67695,71638,72330,13235,14385,19837,26802,32772,34247,34849,10803,11673,17071,24372,34923,37391,37481
1676,Togo,768,EquatorialGuinea,226,50,56,63,71,95,107,107,30,34,39,44,59,67,68,20,22,24,27,36,40,39
1677,Togo,768,France,250,1816,1523,1277,1071,945,792,798,961,806,670,567,522,438,445,855,717,607,504,423,354,353
1678,Togo,768,Gabon,266,430,484,545,613,796,896,903,229,258,291,327,443,499,506,201,226,254,286,353,397,397
1679,Togo,768,Gambia,270,510,574,646,727,944,1063,1071,276,311,350,394,535,603,611,234,263,296,333,409,460,460
1680,Togo,768,Germany,276,75,87,101,117,172,200,201,32,37,43,50,81,94,95,43,50,58,67,91,106,106
1681,Togo,768,Ghana,288,12685,19575,26455,32848,42991,46794,47232,5372,7810,11717,15316,18375,19245,19608,7313,11765,14738,17532,24616,27549,27624
1682,Togo,768,Guinea,324,1553,1749,1970,2219,2964,3338,3367,814,917,1033,1164,1623,1828,1855,739,832,937,1055,1341,1510,1512
1683,Togo,768,CotedIvoire,384,1590,1791,2017,2377,3007,5746,5798,799,900,1014,1188,1593,2850,2897,791,891,1003,1189,1414,2896,2901
1684,Togo,768,Liberia,430,81,91,102,114,150,168,168,39,44,50,56,76,85,86,42,47,52,58,74,83,82
1685,Togo,768,Mali,466,1539,2038,2699,3674,7641,8122,8196,872,1155,1530,1788,4202,4567,4634,667,883,1169,1886,3439,3555,3562
1686,Togo,768,Mauritania,478,68,76,85,95,129,145,144,28,31,35,39,58,65,65,40,45,50,56,71,80,79
1687,Togo,768,Niger,562,10540,14286,22364,46314,61226,65729,66332,6226,8439,11939,23683,33121,36541,37085,4314,5847,10425,22631,28105,29188,29247
1688,Togo,768,Nigeria,566,9708,11900,16087,26919,29347,31974,32266,5433,6660,8564,14196,16721,18046,18311,4275,5240,7523,12723,12626,13928,13955
1689,Togo,768,GuineaBissau,624,62,69,77,86,116,130,130,26,29,32,36,51,57,58,36,40,45,50,65,73,72
1690,Togo,768,Rwanda,646,880,899,1452,1409,746,665,669,433,434,653,638,367,321,325,447,465,799,771,379,344,344
1691,Togo,768,SaoTomeandPrincipe,678,19,21,23,26,37,41,40,9,10,11,13,19,21,21,10,11,12,13,18,20,19
1692,Togo,768,Senegal,686,483,544,612,689,895,1008,1016,259,292,329,371,504,568,576,224,252,283,318,391,440,440
1693,Togo,768,SierraLeone,694,49,55,62,70,93,105,105,22,25,29,33,43,49,50,27,30,33,37,50,56,55
1694,Togo,768,UnitedStatesofAmerica,840,179,179,179,179,182,182,182,95,95,95,95,87,87,88,84,84,84,84,95,95,94
1695,Togo,768,BurkinaFaso,854,6133,6908,8781,11391,12075,13641,13765,3374,3801,5232,6134,6572,7443,7556,2759,3107,3549,5257,5503,6198,6209
1696,Kazakhstan,398,Melanesia,928,0,0,0,0,0,0,0,0,0,0,0,0,0,0,0,0,0,0,0,0,0
1697,Kazakhstan,398,Micronesia,954,0,0,0,0,0,0,0,0,0,0,0,0,0,0,0,0,0,0,0,0,0
1698,Kazakhstan,398,Polynesia,957,0,0,0,0,0,0,0,0,0,0,0,0,0,0,0,0,0,0,0,0,0
1699,Kazakhstan,398,Azerbaijan,31,35789,35661,35532,40508,45483,48377,50912,19393,19146,18899,22048,25197,27154,28578,16396,16515,16633,18460,20286,21223,22334
1700,Kazakhstan,398,Armenia,51,7596,7156,6716,7657,8597,9144,9622,4462,4123,3784,4403,5021,5403,5686,3134,3033,2932,3254,3576,3741,3936
1701,Kazakhstan,398,Belarus,112,72545,61663,50780,57891,65001,69136,72761,34517,29155,23792,27940,32087,34701,36522,38028,32508,26988,29951,32914,34435,36239
1702,Kazakhstan,398,China,156,695,1142,1588,1811,2033,2162,2274,367,611,855,997,1139,1227,1291,328,531,733,814,894,935,983
1703,Kazakhstan,398,Estonia,233,358,588,817,932,1046,1113,1170,153,256,359,423,487,528,556,205,332,458,509,559,585,614
1704,Kazakhstan,398,Georgia,268,3773,3089,2405,2742,3079,3275,3445,2333,1888,1443,1674,1906,2048,2155,1440,1201,962,1068,1173,1227,1290
1705,Kazakhstan,398,DemPeoplesRepublicofKorea,408,19805,32525,45244,51580,57915,61600,64829,9331,15581,21830,25595,29359,31724,33389,10474,16944,23414,25985,28556,29876,31440
1706,Kazakhstan,398,RepublicofKorea,410,41045,32244,23442,26725,30007,31916,33588,19644,15563,11482,13452,15421,16656,17529,21401,16681,11960,13273,14586,15260,16059
1707,Kazakhstan,398,Kyrgyzstan,417,5606,5276,4946,5639,6331,6734,7085,2843,2520,2197,2588,2978,3226,3395,2763,2756,2749,3051,3353,3508,3690
1708,Kazakhstan,398,Latvia,428,358,588,817,932,1046,1113,1170,174,290,405,475,544,588,619,184,298,412,457,502,525,551
1709,Kazakhstan,398,Lithuania,440,4347,3785,3222,3673,4124,4386,4615,2450,2057,1664,1944,2224,2398,2524,1897,1728,1558,1729,1900,1988,2091
1710,Kazakhstan,398,RepublicofMoldova,498,13149,10999,8849,10088,11327,12048,12678,6620,5489,4359,5105,5851,6319,6650,6529,5510,4490,4983,5476,5729,6028
1711,Kazakhstan,398,RussianFederation,643,2474111,2253497,2032883,2122379,2211875,2352598,2476018,1122461,1020754,919047,988127,1057208,1144573,1204657,1351650,1232743,1113836,1134252,1154667,1208025,1271361
1712,Kazakhstan,398,Tajikistan,762,5085,8351,11617,13244,14870,15816,16644,2584,4305,6027,7040,8052,8683,9139,2501,4046,5590,6204,6818,7133,7505
1713,Kazakhstan,398,Turkey,792,19692,27068,34443,39266,44089,46894,49353,9567,13414,17261,20197,23134,24971,26282,10125,13654,17182,19069,20955,21923,23071
1714,Kazakhstan,398,Turkmenistan,795,338,555,771,879,987,1050,1104,195,323,450,523,596,641,675,143,232,321,356,391,409,429
1715,Kazakhstan,398,Ukraine,804,356063,302168,248273,283038,317803,338022,355751,163654,138997,114341,134400,154460,167131,175903,192409,163171,133932,148638,163343,170891,179848
1716,Kazakhstan,398,Uzbekistan,860,131905,150058,168223,216537,264862,281713,296511,65619,74744,83869,111094,138322,149326,157167,66286,75314,84354,105443,126540,132387,139344
1717,Kyrgyzstan,417,Melanesia,928,0,0,0,0,0,0,0,0,0,0,0,0,0,0,0,0,0,0,0,0,0
1718,Kyrgyzstan,417,Micronesia,954,0,0,0,0,0,0,0,0,0,0,0,0,0,0,0,0,0,0,0,0,0
1719,Kyrgyzstan,417,Polynesia,957,0,0,0,0,0,0,0,0,0,0,0,0,0,0,0,0,0,0,0,0,0
1720,Kyrgyzstan,417,Azerbaijan,31,14455,11702,8631,7024,5311,4678,4554,6372,5495,4453,3603,2689,2355,2293,8083,6207,4178,3421,2622,2323,2261
1721,Kyrgyzstan,417,Armenia,51,7381,5997,4449,3603,2702,2380,2315,3192,2798,2319,1870,1387,1215,1182,4189,3199,2130,1733,1315,1165,1133
1722,Kyrgyzstan,417,Belarus,112,30187,24823,18775,15151,11293,9947,9684,12466,9986,7211,5773,4218,3679,3583,17721,14837,11564,9378,7075,6268,6101
1723,Kyrgyzstan,417,China,156,770,612,438,375,308,271,262,325,278,223,191,155,136,132,445,334,215,184,153,135,130
1724,Kyrgyzstan,417,Estonia,233,1544,1307,1033,848,651,573,557,655,554,436,356,270,235,229,889,753,597,492,381,338,328
1725,Kyrgyzstan,417,Finland,246,361,303,237,185,132,116,111,219,182,140,108,75,66,64,142,121,97,77,57,50,47
1726,Kyrgyzstan,417,Georgia,268,10351,8367,6156,4973,3712,3270,3183,4548,3842,3021,2429,1790,1568,1527,5803,4525,3135,2544,1922,1702,1656
1727,Kyrgyzstan,417,Germany,276,15254,10548,5589,3864,2066,1820,1771,6486,4494,2387,1644,864,755,736,8768,6054,3202,2220,1202,1065,1035
1728,Kyrgyzstan,417,Kazakhstan,398,38405,31791,24298,19645,14692,12940,12599,16118,13097,9688,7778,5718,4990,4860,22287,18694,14610,11867,8974,7950,7739
1729,Kyrgyzstan,417,DemPeoplesRepublicofKorea,408,800,1058,1280,1654,2017,1777,1729,344,466,570,736,895,783,763,456,592,710,918,1122,994,966
1730,Kyrgyzstan,417,RepublicofKorea,410,1459,1067,648,460,265,233,225,639,472,291,209,121,106,103,820,595,357,251,144,127,122
1731,Kyrgyzstan,417,Latvia,428,2526,2122,1658,1351,1024,902,877,1069,903,709,574,429,375,366,1457,1219,949,777,595,527,511
1732,Kyrgyzstan,417,Lithuania,440,6622,5736,4686,3875,3008,2649,2578,2805,2436,1991,1635,1249,1090,1062,3817,3300,2695,2240,1759,1559,1516
1733,Kyrgyzstan,417,RepublicofMoldova,498,8066,6653,5058,4070,3020,2660,2588,3446,2922,2312,1849,1353,1183,1151,4620,3731,2746,2221,1667,1477,1437
1734,Kyrgyzstan,417,Poland,616,6934,6242,5368,4539,3647,3212,3126,2524,2344,2087,1754,1389,1212,1180,4410,3898,3281,2785,2258,2000,1946
1735,Kyrgyzstan,417,Romania,642,713,718,701,628,547,482,468,314,324,324,289,248,217,212,399,394,377,339,299,265,256
1736,Kyrgyzstan,417,RussianFederation,643,349174,284678,212391,170969,126897,111753,108854,145262,117891,87030,69539,50685,44251,43098,203912,166787,125361,101430,76212,67502,65756
1737,Kyrgyzstan,417,VietNam,704,372,278,178,150,122,107,102,158,138,115,97,78,68,65,214,140,63,53,44,39,37
1738,Kyrgyzstan,417,Tajikistan,762,6041,13311,9937,2320,2503,2205,2146,2539,5966,4911,1139,1216,1065,1037,3502,7345,5026,1181,1287,1140,1109
1739,Kyrgyzstan,417,Turkey,792,833,928,993,1098,1193,1051,1021,368,429,474,525,568,497,484,465,499,519,573,625,554,537
1740,Kyrgyzstan,417,Turkmenistan,795,2941,2427,1846,1502,1136,1001,973,1265,1047,798,646,482,422,410,1676,1380,1048,856,654,579,563
1741,Kyrgyzstan,417,Ukraine,804,85115,69408,51798,41421,30395,26771,26066,35522,28631,20896,16587,11949,10431,10158,49593,40777,30902,24834,18446,16340,15908
1742,Kyrgyzstan,417,Uzbekistan,860,18416,16955,14993,12800,10426,9183,8940,7899,7428,6717,5704,4592,4015,3910,10517,9527,8276,7096,5834,5168,5030
1743,Tajikistan,762,Melanesia,928,0,0,0,0,0,0,0,0,0,0,0,0,0,0,0,0,0,0,0,0,0
1744,Tajikistan,762,Micronesia,954,0,0,0,0,0,0,0,0,0,0,0,0,0,0,0,0,0,0,0,0,0
1745,Tajikistan,762,Polynesia,957,0,0,0,0,0,0,0,0,0,0,0,0,0,0,0,0,0,0,0,0,0
1746,Tajikistan,762,Afghanistan,4,8485,12248,17118,12636,12606,12393,12433,3726,5517,7845,5687,5703,5550,5566,4759,6731,9273,6949,6903,6843,6867
1747,Tajikistan,762,Algeria,12,198,160,138,133,132,129,128,88,71,63,60,60,58,59,110,89,75,73,72,71,69
1748,Tajikistan,762,Azerbaijan,31,257,209,180,173,172,169,168,114,81,70,65,65,64,65,143,128,110,108,107,105,103
1749,Tajikistan,762,Austria,40,98,79,69,66,65,63,61,44,35,32,30,30,29,29,54,44,37,36,35,34,32
1750,Tajikistan,762,Armenia,51,257,221,207,199,198,194,193,114,87,82,77,77,75,76,143,134,125,122,121,119,117
1751,Tajikistan,762,BruneiDarussalam,96,38,31,27,25,24,23,21,18,16,14,12,12,12,12,20,15,13,13,12,11,9
1752,Tajikistan,762,Belarus,112,893,771,720,694,692,680,680,393,317,298,283,284,277,277,500,454,422,411,408,403,403
1753,Tajikistan,762,Canada,124,77,62,54,51,50,49,47,35,32,29,27,27,27,27,42,30,25,24,23,22,20
1754,Tajikistan,762,China,156,74,60,52,50,49,48,46,33,35,32,31,31,31,31,41,25,20,19,18,17,15
1755,Tajikistan,762,Denmark,208,199,161,139,134,133,130,129,88,92,83,81,81,79,80,111,69,56,53,52,51,49
1756,Tajikistan,762,Georgia,268,872,753,703,678,676,664,664,384,385,365,353,349,341,342,488,368,338,325,327,323,322
1757,Tajikistan,762,Germany,276,205,166,143,137,136,133,132,91,89,79,76,76,74,75,114,77,64,61,60,59,57
1758,Tajikistan,762,India,356,935,760,654,630,628,617,618,411,449,400,394,394,386,388,524,311,254,236,234,231,230
1759,Tajikistan,762,IranIslamicRepublicof,364,1813,1473,1267,1221,1218,1197,1200,796,753,662,644,645,630,633,1017,720,605,577,573,567,567
1760,Tajikistan,762,Iraq,368,97,78,68,65,64,62,60,43,40,36,35,35,34,34,54,38,32,30,29,28,26
1761,Tajikistan,762,Kazakhstan,398,1101,951,889,857,854,839,840,484,450,426,410,410,400,401,617,501,463,447,444,439,439
1762,Tajikistan,762,DemPeoplesRepublicofKorea,408,238,193,166,159,158,155,154,105,110,98,95,95,93,94,133,83,68,64,63,62,60
1763,Tajikistan,762,Kyrgyzstan,417,20042,15292,11944,11502,11495,11301,11351,8800,7509,6081,5875,5905,5767,5780,11242,7783,5863,5627,5590,5534,5571
1764,Tajikistan,762,RepublicofMoldova,498,2071,1389,833,803,801,787,788,905,548,318,290,292,284,285,1166,841,515,513,509,503,503
1765,Tajikistan,762,Oman,512,57,46,40,38,37,36,34,26,21,19,18,18,18,18,31,25,21,20,19,18,16
1766,Tajikistan,762,Netherlands,528,78,63,55,52,51,50,48,35,23,20,18,18,18,18,43,40,35,34,33,32,30
1767,Tajikistan,762,NewZealand,554,166,135,117,112,111,109,107,74,63,56,53,53,52,52,92,72,61,59,58,57,55
1768,Tajikistan,762,Niger,562,37,30,26,24,23,22,20,17,14,13,11,11,11,11,20,16,13,13,12,11,9
1769,Tajikistan,762,Pakistan,586,178,144,125,108,107,105,103,79,70,63,55,55,54,54,99,74,62,53,52,51,49
1770,Tajikistan,762,Poland,616,58,47,41,39,38,37,35,26,22,20,19,19,19,19,32,25,21,20,19,18,16
1771,Tajikistan,762,RussianFederation,643,363565,294449,252099,238699,238142,234154,234998,159266,126308,108670,101013,101335,98688,99156,204299,168141,143429,137686,136807,135466,135842
1772,Tajikistan,762,Switzerland,756,81,66,57,54,53,52,50,36,34,31,29,29,29,29,45,32,26,25,24,23,21
1773,Tajikistan,762,Turkey,792,1175,955,822,792,790,776,777,516,495,436,424,425,415,417,659,460,386,368,365,361,360
1774,Tajikistan,762,Turkmenistan,795,1084,744,473,456,454,446,446,476,347,227,222,222,217,218,608,397,246,234,232,229,228
1775,Tajikistan,762,Ukraine,804,3990,2520,1279,1233,1230,1209,1212,1752,1310,726,752,753,737,740,2238,1210,553,481,477,472,472
1776,Tajikistan,762,UnitedKingdom,826,477,387,333,321,320,314,313,210,246,230,237,237,232,233,267,141,103,84,83,82,80
1777,Tajikistan,762,UnitedStatesofAmerica,840,417,338,291,280,279,274,273,184,174,154,149,149,146,146,233,164,137,131,130,128,127
1778,Tajikistan,762,UnitedStatesVirginIslands,850,37,30,26,24,23,22,20,17,14,13,11,11,11,11,20,16,13,13,12,11,9
1779,Tajikistan,762,Uzbekistan,860,18848,12829,7984,7688,7669,7539,7563,8276,5917,3803,3726,3733,3643,3659,10572,6912,4181,3962,3936,3896,3904
1780,Tajikistan,762,Zambia,894,38,31,27,25,24,23,21,18,15,14,12,12,12,12,20,16,13,13,12,11,9
1781,Turkmenistan,795,Melanesia,928,0,0,0,0,0,0,0,0,0,0,0,0,0,0,0,0,0,0,0,0,0
1782,Turkmenistan,795,Micronesia,954,0,0,0,0,0,0,0,0,0,0,0,0,0,0,0,0,0,0,0,0,0
1783,Turkmenistan,795,Polynesia,957,0,0,0,0,0,0,0,0,0,0,0,0,0,0,0,0,0,0,0,0,0
1784,Turkmenistan,795,Afghanistan,4,321,3210,1784,808,345,231,198,158,1384,769,349,156,116,99,163,1826,1015,459,189,115,99
1785,Turkmenistan,795,Azerbaijan,31,11793,9633,7809,7745,7515,7654,7596,5282,4794,3768,3778,3519,3732,3762,6511,4839,4041,3967,3996,3922,3834
1786,Turkmenistan,795,Armenia,51,11254,9193,7452,7391,7172,7113,7058,5126,4638,3648,3657,3410,3439,3465,6128,4555,3804,3734,3762,3674,3593
1787,Turkmenistan,795,Belarus,112,3259,2662,2158,2140,2076,2059,2042,2029,1748,1395,1391,1322,1323,1323,1230,914,763,749,754,736,719
1788,Turkmenistan,795,Germany,276,1567,1280,1037,1028,997,1038,1029,587,552,429,432,397,432,438,980,728,608,596,600,606,591
1789,Turkmenistan,795,IranIslamicRepublicof,364,2699,2204,1786,1771,1718,1904,1887,1239,1119,880,882,823,930,936,1460,1085,906,889,895,974,951
1790,Turkmenistan,795,Kazakhstan,398,31076,25385,20579,20410,19806,20145,19994,14005,12696,9980,10004,9322,9726,9804,17071,12689,10599,10406,10484,10419,10190
1791,Turkmenistan,795,RussianFederation,643,118324,98709,79212,78008,75465,75153,74600,48039,46465,36079,35908,33208,33534,33883,70285,52244,43133,42100,42257,41619,40717
1792,Turkmenistan,795,Tajikistan,762,1456,21432,15478,12089,3401,1478,1465,714,9237,6671,5212,1536,739,732,742,12195,8807,6877,1865,739,733
1793,Turkmenistan,795,Ukraine,804,12676,10354,8394,8325,8078,8012,7952,6038,5420,4273,4279,4002,4031,4059,6638,4934,4121,4046,4076,3981,3893
1794,Turkmenistan,795,Uzbekistan,860,110271,87778,71162,70180,67903,67505,67003,50005,42981,33744,33723,31280,31345,31641,60266,44797,37418,36457,36623,36160,35362
1795,Uzbekistan,860,Melanesia,928,0,0,0,0,0,0,0,0,0,0,0,0,0,0,0,0,0,0,0,0,0
1796,Uzbekistan,860,Micronesia,954,0,0,0,0,0,0,0,0,0,0,0,0,0,0,0,0,0,0,0,0,0
1797,Uzbekistan,860,Polynesia,957,0,0,0,0,0,0,0,0,0,0,0,0,0,0,0,0,0,0,0,0,0
1798,Uzbekistan,860,Azerbaijan,31,23261,22987,22744,22504,21360,20357,20201,11682,11422,11201,11378,11100,10745,10690,11579,11565,11543,11126,10260,9612,9511
1799,Uzbekistan,860,Armenia,51,9213,8402,7498,7039,6291,5870,5824,4532,4078,3594,3479,3225,3064,3049,4681,4324,3904,3560,3066,2806,2775
1800,Uzbekistan,860,Belarus,112,37057,33291,28456,28636,27674,26532,26330,17213,15469,12998,13382,13228,12881,12822,19844,17822,15458,15254,14446,13651,13508
1801,Uzbekistan,860,Germany,276,19362,14711,9353,9362,8998,8610,8543,8643,6469,4071,4206,4174,4069,4051,10719,8242,5282,5156,4824,4541,4492
1802,Uzbekistan,860,Kazakhstan,398,30344,25111,20868,18166,14700,13194,13092,13086,10679,8728,7782,6531,5969,5943,17258,14432,12140,10384,8169,7225,7149
1803,Uzbekistan,860,Kyrgyzstan,417,5481,5238,5110,5201,5085,4894,4856,2688,2395,2142,2248,2264,2221,2212,2793,2843,2968,2953,2821,2673,2644
1804,Uzbekistan,860,RussianFederation,643,1267201,1161963,1067247,980674,913652,877690,871047,548390,498572,454169,429565,412203,403502,401787,718811,663391,613078,551109,501449,474188,469260
1805,Uzbekistan,860,Tajikistan,762,4971,8292,32002,42216,11945,11496,11408,2443,4119,13793,18198,6208,6060,6030,2528,4173,18209,24018,5737,5436,5378
1806,Uzbekistan,860,Turkmenistan,795,330,551,796,810,792,763,756,186,312,450,466,463,452,449,144,239,346,344,329,311,307
1807,Uzbekistan,860,Ukraine,804,180213,153360,131027,132963,129604,124602,123658,79596,67353,57167,59693,59826,58553,58298,100617,86007,73860,73270,69778,66049,65360
1808,China,156,Melanesia,928,0,0,0,0,0,0,0,0,0,0,0,0,0,0,0,0,0,0,0,0,0
1809,China,156,Micronesia,954,0,0,0,0,0,0,0,0,0,0,0,0,0,0,0,0,0,0,0,0,0
1810,China,156,Polynesia,957,0,0,0,0,0,0,0,0,0,0,0,0,0,0,0,0,0,0,0,0,0
1811,China,156,Australia,36,611,1114,1655,2392,3021,3726,4052,363,652,961,1493,1995,2519,2739,248,462,694,899,1026,1207,1313
1812,China,156,Bangladesh,50,470,857,1273,1839,2323,2865,3115,163,328,518,861,1207,1551,1687,307,529,755,978,1116,1314,1428
1813,China,156,Brazil,76,3057,11819,23509,33986,42931,52956,57602,1707,6396,12654,19915,26880,34061,37050,1350,5423,10855,14071,16051,18895,20552
1814,China,156,Canada,124,950,1797,2731,3948,4987,6151,6691,566,1065,1617,2504,3340,4212,4584,384,732,1114,1444,1647,1939,2107
1815,China,156,SriLanka,144,765,1251,1721,2487,3142,3875,4214,214,381,563,987,1431,1861,2024,551,870,1158,1500,1711,2014,2190
1816,China,156,China,156,344,622,1011,1385,68509,156173,192643,209555,356,622,900,41468,94404,119930,130454,266,389,485,27041,61769,72713
1817,China,156,India,356,1137,1975,2839,4103,5183,6393,6953,651,1124,1612,2513,3369,4259,4633,486,851,1227,1590,1814,2134,2320
1818,China,156,Indonesia,360,5386,8996,12575,18179,22963,28325,30811,1521,2767,4143,7249,10495,13648,14847,3865,6229,8432,10930,12468,14677,15964
1819,China,156,Japan,392,1150,1706,2161,3123,3946,4866,5292,680,1007,1279,1980,2642,3332,3624,470,699,882,1143,1304,1534,1668
1820,China,156,RepublicofKorea,410,37449,50931,59108,85449,107940,133146,144831,20903,28458,33224,51896,69666,88090,95822,16546,22473,25884,33553,38274,45056,49009
1821,China,156,China,156,446,3099,4494,5574,9755,14100,17393,18918,1751,2566,3227,5501,7829,10011,10889,1348,1928,2347,4254,6271,7382
1822,China,156,Malaysia,458,808,1372,1941,2805,3543,4370,4753,454,770,1092,1704,2287,2893,3147,354,602,849,1101,1256,1477,1606
1823,China,156,Pakistan,586,460,899,1394,2015,2546,3140,3414,268,517,798,1243,1666,2105,2290,192,382,596,772,880,1035,1124
1824,China,156,Peru,604,557,2147,4267,6168,7792,9612,10455,311,1162,2296,3614,4878,6183,6725,246,985,1971,2554,2914,3429,3730
1825,China,156,Philippines,608,7118,14556,23123,33428,42227,52087,56657,2459,5685,9640,15951,22291,28618,31130,4659,8871,13483,17477,19936,23469,25527
1826,China,156,RussianFederation,643,274,580,939,1356,1713,2113,2297,157,322,514,805,1084,1373,1493,117,258,425,551,629,740,804
1827,China,156,VietNam,704,285788,289747,293705,300897,300897,300896,303095,145759,146325,146890,168374,179066,184632,185982,140029,143422,146815,132523,121831,116264,117113
1828,China,156,Thailand,764,1477,3024,4808,6950,8780,10830,11779,604,1342,2232,3612,4972,6348,6905,873,1682,2576,3338,3808,4482,4874
1829,China,156,UnitedKingdom,826,1198,2036,2883,4168,5264,6493,7061,748,1253,1760,2713,3604,4540,4938,450,783,1123,1455,1660,1953,2123
1830,China,156,UnitedStatesofAmerica,840,4288,6532,8474,12251,15475,19088,20762,2499,3759,4839,7540,10101,12762,13882,1789,2773,3635,4711,5374,6326,6880
1831,China,156,China,156,900,0,0,0,0,0,0,0,0,0,0,0,0,0,0,0,0,0,0,0,0
1832,China,156,China,156,947,0,0,0,0,0,0,0,0,0,0,0,0,0,0,0,0,0,0,0,0
1833,China,156,China,156,1833,0,0,0,0,0,0,0,0,0,0,0,0,0,0,0,0,0,0,0,0
1834,China,156,China,156,921,0,0,0,0,0,0,0,0,0,0,0,0,0,0,0,0,0,0,0,0
1835,China,156,China,156,1832,0,0,0,0,0,0,0,0,0,0,0,0,0,0,0,0,0,0,0,0
1836,China,156,China,156,1830,0,0,0,0,0,0,0,0,0,0,0,0,0,0,0,0,0,0,0,0
1837,China,156,China,156,1835,0,0,0,0,0,0,0,0,0,0,0,0,0,0,0,0,0,0,0,0
1838,China,156,China,156,927,0,0,0,0,0,0,0,0,0,0,0,0,0,0,0,0,0,0,0,0
1839,China,156,China,156,1829,0,0,0,0,0,0,0,0,0,0,0,0,0,0,0,0,0,0,0,0
1840,China,156,China,156,901,0,0,0,0,0,0,0,0,0,0,0,0,0,0,0,0,0,0,0,0
1841,China,156,China,156,902,0,0,0,0,0,0,0,0,0,0,0,0,0,0,0,0,0,0,0,0
1842,China,156,China,156,excludingleastdevelopedcountries,934,0,0,0,0,0,0,0,0,0,0,0,0,0,0,0,0,0,0,0
1843,China,156,China,156,excludingChina,948,0,0,0,0,0,0,0,0,0,0,0,0,0,0,0,0,0,0,0
1844,China,156,China,156,941,0,0,0,0,0,0,0,0,0,0,0,0,0,0,0,0,0,0,0,0
1845,China,156,China,156,1636,0,0,0,0,0,0,0,0,0,0,0,0,0,0,0,0,0,0,0,0
1846,China,156,China,156,1637,0,0,0,0,0,0,0,0,0,0,0,0,0,0,0,0,0,0,0,0
1847,China,156,China,156,1503,0,0,0,0,0,0,0,0,0,0,0,0,0,0,0,0,0,0,0,0
1848,China,156,China,156,1517,0,0,0,0,0,0,0,0,0,0,0,0,0,0,0,0,0,0,0,0
1849,China,156,China,156,1502,0,0,0,0,0,0,0,0,0,0,0,0,0,0,0,0,0,0,0,0
1850,China,156,China,156,1501,0,0,0,0,0,0,0,0,0,0,0,0,0,0,0,0,0,0,0,0
1851,China,156,China,156,1500,0,0,0,0,0,0,0,0,0,0,0,0,0,0,0,0,0,0,0,0
1852,China,156,China,156,903,0,0,0,0,0,0,0,0,0,0,0,0,0,0,0,0,0,0,0,0
1853,China,156,China,156,910,0,0,0,0,0,0,0,0,0,0,0,0,0,0,0,0,0,0,0,0
1854,China,156,China,156,911,0,0,0,0,0,0,0,0,0,0,0,0,0,0,0,0,0,0,0,0
1855,China,156,China,156,912,0,0,0,0,0,0,0,0,0,0,0,0,0,0,0,0,0,0,0,0
1856,China,156,China,156,913,0,0,0,0,0,0,0,0,0,0,0,0,0,0,0,0,0,0,0,0
1857,China,156,China,156,914,0,0,0,0,0,0,0,0,0,0,0,0,0,0,0,0,0,0,0,0
1858,China,156,China,156,935,0,0,0,0,0,0,0,0,0,0,0,0,0,0,0,0,0,0,0,0
1859,China,156,China,156,5500,0,0,0,0,0,0,0,0,0,0,0,0,0,0,0,0,0,0,0,0
1860,China,156,China,156,906,0,0,0,0,0,0,0,0,0,0,0,0,0,0,0,0,0,0,0,0
1861,China,156,China,156,920,0,0,0,0,0,0,0,0,0,0,0,0,0,0,0,0,0,0,0,0
1862,China,156,China,156,5501,0,0,0,0,0,0,0,0,0,0,0,0,0,0,0,0,0,0,0,0
1863,China,156,China,156,922,0,0,0,0,0,0,0,0,0,0,0,0,0,0,0,0,0,0,0,0
1864,China,156,China,156,908,0,0,0,0,0,0,0,0,0,0,0,0,0,0,0,0,0,0,0,0
1865,China,156,China,156,923,0,0,0,0,0,0,0,0,0,0,0,0,0,0,0,0,0,0,0,0
1866,China,156,China,156,924,0,0,0,0,0,0,0,0,0,0,0,0,0,0,0,0,0,0,0,0
1867,China,156,China,156,925,0,0,0,0,0,0,0,0,0,0,0,0,0,0,0,0,0,0,0,0
1868,China,156,China,156,926,0,0,0,0,0,0,0,0,0,0,0,0,0,0,0,0,0,0,0,0
1869,China,156,China,156,904,0,0,0,0,0,0,0,0,0,0,0,0,0,0,0,0,0,0,0,0
1870,China,156,China,156,915,0,0,0,0,0,0,0,0,0,0,0,0,0,0,0,0,0,0,0,0
1871,China,156,China,156,916,0,0,0,0,0,0,0,0,0,0,0,0,0,0,0,0,0,0,0,0
1872,China,156,China,156,931,0,0,0,0,0,0,0,0,0,0,0,0,0,0,0,0,0,0,0,0
1873,China,156,China,156,905,0,0,0,0,0,0,0,0,0,0,0,0,0,0,0,0,0,0,0,0
1874,China,156,China,156,909,0,0,0,0,0,0,0,0,0,0,0,0,0,0,0,0,0,0,0,0
1875,China,156,China,156,928,0,0,0,0,0,0,0,0,0,0,0,0,0,0,0,0,0,0,0,0
1876,China,156,China,156,954,0,0,0,0,0,0,0,0,0,0,0,0,0,0,0,0,0,0,0,0
1877,China,156,China,156,957,0,0,0,0,0,0,0,0,0,0,0,0,0,0,0,0,0,0,0,0
1878,DemPeoplesRepublicofKorea,408,Melanesia,928,0,0,0,0,0,0,0,0,0,0,0,0,0,0,0,0,0,0,0,0,0
1879,DemPeoplesRepublicofKorea,408,Micronesia,954,0,0,0,0,0,0,0,0,0,0,0,0,0,0,0,0,0,0,0,0,0
1880,DemPeoplesRepublicofKorea,408,Polynesia,957,0,0,0,0,0,0,0,0,0,0,0,0,0,0,0,0,0,0,0,0,0
1881,DemPeoplesRepublicofKorea,408,Australia,36,96,112,127,155,183,202,204,53,61,68,83,98,109,111,43,51,59,72,85,93,93
1882,DemPeoplesRepublicofKorea,408,Bangladesh,50,74,86,97,118,138,152,153,21,27,33,44,54,60,61,53,59,64,74,84,92,92
1883,DemPeoplesRepublicofKorea,408,Brazil,76,479,1140,1801,2163,2525,2780,2841,244,559,874,1068,1262,1397,1429,235,581,927,1095,1263,1383,1412
1884,DemPeoplesRepublicofKorea,408,Canada,124,149,179,209,255,301,331,337,82,98,114,141,169,187,192,67,81,95,114,132,144,145
1885,DemPeoplesRepublicofKorea,408,SriLanka,144,120,126,132,136,139,153,154,24,28,33,39,45,50,51,96,98,99,97,94,103,103
1886,DemPeoplesRepublicofKorea,408,China,156,19668,19590,19511,22740,25969,28594,29248,10741,10522,10302,11808,13314,14741,15072,8927,9068,9209,10932,12655,13853,14176
1887,DemPeoplesRepublicofKorea,408,China,156,344,97,102,106,128,149,164,166,51,58,65,83,100,110,112,46,44,41,45,49,54
1888,DemPeoplesRepublicofKorea,408,India,356,178,198,217,274,330,363,370,93,103,112,142,171,189,194,85,95,105,132,159,174,176
1889,DemPeoplesRepublicofKorea,408,Indonesia,360,845,904,963,1124,1284,1414,1444,172,207,243,285,326,365,372,673,697,720,839,958,1049,1072
1890,DemPeoplesRepublicofKorea,408,Japan,392,180,173,166,179,191,210,214,98,94,91,98,104,115,119,82,79,75,81,87,95,95
1891,DemPeoplesRepublicofKorea,408,RepublicofKorea,410,5873,5201,4528,4697,4866,5358,5477,2991,2654,2316,2373,2431,2693,2754,2882,2547,2212,2324,2435,2665,2723
1892,DemPeoplesRepublicofKorea,408,Malaysia,458,127,138,149,164,178,196,198,65,70,76,84,92,102,104,62,68,73,80,86,94,94
1893,DemPeoplesRepublicofKorea,408,Pakistan,586,72,90,107,131,154,170,172,39,48,56,67,77,86,88,33,42,51,64,77,84,84
1894,DemPeoplesRepublicofKorea,408,Peru,604,87,207,327,401,474,522,533,44,101,159,198,237,263,270,43,106,168,203,237,259,263
1895,DemPeoplesRepublicofKorea,408,Philippines,608,1116,1444,1771,2214,2656,2925,2990,304,462,619,819,1018,1132,1158,812,982,1152,1395,1638,1793,1832
1896,DemPeoplesRepublicofKorea,408,RussianFederation,643,43,58,72,102,132,145,146,23,30,36,53,70,77,78,20,28,36,49,62,68,68
1897,DemPeoplesRepublicofKorea,408,VietNam,704,716,699,681,682,682,751,766,429,410,390,382,373,413,422,287,289,291,300,309,338,344
1898,DemPeoplesRepublicofKorea,408,Thailand,764,232,300,368,440,511,563,574,80,114,148,181,214,238,243,152,186,220,259,297,325,331
1899,DemPeoplesRepublicofKorea,408,UnitedKingdom,826,188,205,221,249,276,304,309,110,118,125,142,159,176,180,78,87,96,107,117,128,129
1900,DemPeoplesRepublicofKorea,408,UnitedStatesofAmerica,840,672,661,649,792,934,1028,1049,360,349,338,417,496,549,560,312,312,311,375,438,479,489
1901,Japan,392,Melanesia,928,0,0,0,0,0,0,0,0,0,0,0,0,0,0,0,0,0,0,0,0,0
1902,Japan,392,Micronesia,954,0,0,0,0,0,0,0,0,0,0,0,0,0,0,0,0,0,0,0,0,0
1903,Japan,392,Polynesia,957,0,0,0,0,0,0,0,0,0,0,0,0,0,0,0,0,0,0,0,0,0
1904,Japan,392,Argentina,32,2657,2950,3072,3000,3181,2924,3629,1354,1416,1419,1366,1430,1304,1619,1303,1534,1653,1634,1751,1620,2010
1905,Japan,392,Australia,36,3976,6119,9189,9202,9756,9843,11572,2026,2937,4245,4191,4387,4390,5162,1950,3182,4944,5011,5369,5453,6410
1906,Japan,392,Austria,40,309,390,476,537,569,548,680,157,187,220,245,256,245,305,152,203,256,292,313,303,375
1907,Japan,392,Bangladesh,50,2110,5003,7177,9597,10175,10835,15702,1075,2402,3316,4371,4576,4834,7006,1035,2601,3861,5226,5599,6001,8696
1908,Japan,392,Belgium,56,402,433,525,657,697,685,850,205,208,243,300,314,307,381,197,225,282,357,383,378,469
1909,Japan,392,Brazil,76,56445,178865,254413,217455,230552,173437,204814,28756,85853,117533,99050,103693,86902,102624,27689,93012,136880,118405,126859,86535,102190
1910,Japan,392,Cambodia,116,1171,1461,1761,2531,2683,3383,4199,597,702,814,1153,1206,1509,1873,574,759,947,1378,1477,1874,2326
1911,Japan,392,Canada,124,4910,7325,10089,9427,9995,9538,10869,2501,3516,4661,4294,4495,4254,4848,2409,3809,5428,5133,5500,5284,6021
1912,Japan,392,China,156,150383,222311,335600,648120,687156,714570,775893,74831,110050,155039,296819,311580,337804,366794,75552,112261,180561,351301,375576,376766,409099
1913,Japan,392,Denmark,208,450,577,542,471,499,574,712,229,277,250,215,225,257,319,221,300,292,256,274,317,393
1914,Japan,392,Egypt,818,368,645,1103,1503,1593,1747,1959,187,309,510,685,717,780,875,181,336,593,818,876,967,1084
1915,Japan,392,Finland,246,432,442,613,565,599,678,841,220,212,283,257,269,303,376,212,230,330,308,330,375,465
1916,Japan,392,France,250,3167,3824,5371,8545,9060,10672,13550,1613,1835,2481,3892,4075,4761,6045,1554,1989,2890,4653,4985,5911,7505
1917,Japan,392,Germany,276,3607,4017,4295,5632,5971,6336,7477,1838,1928,1984,2565,2684,2826,3335,1769,2089,2311,3067,3287,3510,4142
1918,Japan,392,Ghana,288,598,1187,1657,1776,1883,2005,2375,305,570,766,809,847,895,1061,293,617,891,967,1036,1110,1314
1919,Japan,392,India,356,3108,5584,10065,21219,22497,26244,35936,1583,2680,4650,9665,10118,11706,16030,1525,2904,5415,11554,12379,14538,19906
1920,Japan,392,Indonesia,360,3624,7052,19347,23481,24895,35910,57169,1846,3385,8938,10695,11196,16017,25500,1778,3667,10409,12786,13699,19893,31669
1921,Japan,392,IranIslamicRepublicof,364,1237,8764,6167,4566,4841,4359,5411,630,4206,2849,2080,2177,1944,2414,607,4558,3318,2486,2664,2415,2997
1922,Japan,392,Ireland,372,671,869,974,1001,1061,1140,1415,342,417,450,456,477,509,632,329,452,524,545,584,631,783
1923,Japan,392,Italy,380,940,1279,1579,2576,2731,3536,4494,479,614,729,1173,1229,1578,2006,461,665,850,1403,1502,1958,2488
1924,Japan,392,Malaysia,458,4684,5428,8387,7889,8364,8738,10519,2386,2605,3875,3594,3762,3899,4694,2298,2823,4512,4295,4602,4839,5825
1925,Japan,392,Mexico,484,786,1255,1740,1845,1956,2141,2735,400,602,804,841,880,956,1222,386,653,936,1004,1076,1185,1513
1926,Japan,392,Netherlands,528,749,834,904,1037,1099,1046,1298,382,401,418,473,495,468,581,367,433,486,564,604,578,717
1927,Japan,392,NewZealand,554,1275,2094,3264,3065,3250,3152,3552,650,1005,1508,1396,1462,1407,1586,625,1089,1756,1669,1788,1745,1966
1928,Japan,392,Nigeria,566,193,1269,1741,2574,2729,2638,3069,98,608,804,1172,1227,1178,1371,95,661,937,1402,1502,1460,1698
1929,Japan,392,Norway,578,360,379,380,392,416,456,566,183,182,176,179,187,204,254,177,197,204,213,229,252,312
1930,Japan,392,Pakistan,586,2068,4818,7499,9714,10299,12708,16434,1054,2313,3464,4425,4633,5669,7332,1014,2505,4035,5289,5666,7039,9102
1931,Japan,392,Peru,604,10282,36768,46174,51532,54636,47721,49068,5238,17648,21331,23472,24573,21285,21886,5044,19120,24843,28060,30063,26436,27182
1932,Japan,392,Philippines,608,49106,75318,144882,198241,210181,229595,275252,25018,36152,66932,90299,94533,102406,122771,24088,39166,77950,107942,115648,127189,152481
1933,Japan,392,Poland,616,359,585,742,922,978,1653,1649,183,281,343,420,439,738,737,176,304,399,502,539,915,912
1934,Japan,392,Portugal,620,319,345,370,439,465,467,579,163,166,171,200,209,209,260,156,179,199,239,256,258,319
1935,Japan,392,RepublicofKorea,410,687832,660554,635194,532475,565989,457772,456203,343142,339998,311245,255852,264657,225162,224391,344690,320556,323949,276623,301332,232610,231812
1936,Japan,392,RussianFederation,643,440,2199,4893,7370,7814,8092,9118,224,1055,2261,3357,3514,3610,4068,216,1144,2632,4013,4300,4482,5050
1937,Japan,392,Singapore,702,1194,1575,1940,2369,2512,2444,3033,608,756,896,1079,1129,1090,1353,586,819,1044,1290,1383,1354,1680
1938,Japan,392,Spain,724,856,1146,1338,1799,1907,2495,3417,436,550,618,819,857,1113,1525,420,596,720,980,1050,1382,1892
1939,Japan,392,SriLanka,144,1206,2832,5655,8580,9097,13152,25781,614,1359,2613,3909,4092,5868,11503,592,1473,3042,4671,5005,7284,14278
1940,Japan,392,Sweden,752,586,860,1158,1465,1553,1805,1782,299,413,535,667,698,805,795,287,447,623,798,855,1000,987
1941,Japan,392,Switzerland,756,980,955,907,1027,1089,1060,1315,499,458,419,468,490,473,587,481,497,488,559,599,587,728
1942,Japan,392,Thailand,764,6726,16255,29291,38934,41279,45379,53087,3427,7803,13531,17734,18566,20240,23678,3299,8452,15760,21200,22713,25139,29409
1943,Japan,392,UnitedKingdom,826,10209,12657,16526,15133,16044,15826,18205,5201,6075,7635,6893,7216,7060,8122,5008,6582,8891,8240,8828,8766,10083
1944,Japan,392,UnitedStatesofAmerica,840,38375,43792,44859,47789,50667,52271,58340,19550,21020,20724,21768,22788,23315,26023,18825,22772,24135,26021,27879,28956,32317
1945,Japan,392,VietNam,704,6235,9224,16909,39408,41781,146956,335668,3176,4427,7812,17951,18793,70322,160626,3059,4797,9097,21457,22988,76634,175042
1946,Mongolia,496,Melanesia,928,0,0,0,0,0,0,0,0,0,0,0,0,0,0,0,0,0,0,0,0,0
1947,Mongolia,496,Micronesia,954,0,0,0,0,0,0,0,0,0,0,0,0,0,0,0,0,0,0,0,0,0
1948,Mongolia,496,Polynesia,957,0,0,0,0,0,0,0,0,0,0,0,0,0,0,0,0,0,0,0,0,0
1949,Mongolia,496,Australia,36,3,3,4,91,189,233,248,2,3,3,59,124,131,140,1,0,1,32,65,102,108
1950,Mongolia,496,Austria,40,3,3,4,8,13,16,15,1,2,2,6,9,10,10,2,1,2,2,4,6,5
1951,Mongolia,496,Bulgaria,100,2,1,2,7,13,16,15,1,1,1,6,10,12,12,1,0,1,1,3,4,3
1952,Mongolia,496,Canada,124,26,28,32,74,125,154,164,14,17,20,56,99,113,122,12,11,12,18,26,41,42
1953,Mongolia,496,China,156,1649,1821,2013,4994,8546,10595,11419,944,1081,1235,4057,7444,8841,9516,705,740,778,937,1102,1754,1903
1954,Mongolia,496,Czechia,203,7,6,7,10,15,18,18,3,3,3,6,10,11,12,4,3,4,4,5,7,6
1955,Mongolia,496,Finland,246,20,21,24,12,3,3,2,6,8,10,5,2,2,2,14,13,14,7,1,1,0
1956,Mongolia,496,France,250,11,12,14,37,66,81,86,8,10,11,30,53,61,66,3,2,3,7,13,20,20
1957,Mongolia,496,Germany,276,50,54,60,98,148,183,195,28,32,36,61,97,103,111,22,22,24,37,51,80,84
1958,Mongolia,496,Hungary,348,0,0,0,4,9,11,10,0,0,0,3,5,5,5,0,0,0,1,4,6,5
1959,Mongolia,496,India,356,24,26,29,56,90,111,117,16,18,20,38,62,67,72,8,8,9,18,28,44,45
1960,Mongolia,496,Ireland,372,2,1,2,4,7,8,7,1,1,1,3,5,5,5,1,0,1,1,2,3,2
1961,Mongolia,496,Italy,380,3,3,4,9,17,21,21,3,3,4,6,9,9,10,0,0,0,3,8,12,11
1962,Mongolia,496,Japan,392,122,134,149,229,336,415,444,64,74,85,126,193,190,204,58,60,64,103,143,225,240
1963,Mongolia,496,Kazakhstan,398,528,583,644,384,170,210,225,247,288,333,189,88,81,87,281,295,311,195,82,129,138
1964,Mongolia,496,DemPeoplesRepublicofKorea,408,51,56,62,271,512,633,678,24,29,33,192,382,428,460,27,27,29,79,130,205,218
1965,Mongolia,496,RepublicofKorea,410,276,304,336,866,1497,1853,1987,142,164,188,496,901,913,980,134,140,148,370,596,940,1007
1966,Mongolia,496,LaoPeoplesDemocraticRepublic,418,4,4,5,2,1,1,0,3,4,4,2,1,1,0,1,0,1,0,0,0,0
1967,Mongolia,496,Pakistan,586,12,13,15,15,17,21,21,12,13,15,15,17,21,21,0,0,0,0,0,0,0
1968,Mongolia,496,Philippines,608,31,33,37,82,138,170,181,19,22,25,63,110,126,136,12,11,12,19,28,44,45
1969,Mongolia,496,Poland,616,5,4,5,7,11,13,12,3,3,3,5,8,9,9,2,1,2,2,3,4,3
1970,Mongolia,496,RussianFederation,643,2755,3042,3362,2740,2433,3012,3232,1278,1491,1731,1273,1119,938,989,1477,1551,1631,1467,1314,2074,2243
1971,Mongolia,496,Slovakia,703,4,4,5,3,3,3,2,1,2,2,2,3,3,2,3,2,3,1,0,0,0
1972,Mongolia,496,VietNam,704,11,11,13,112,225,278,297,10,11,12,107,215,263,283,1,0,1,5,10,15,14
1973,Mongolia,496,Switzerland,756,4,4,5,10,17,21,21,2,3,3,5,7,6,7,2,1,2,5,10,15,14
1974,Mongolia,496,Turkey,792,109,120,133,148,180,222,236,62,72,82,85,104,103,110,47,48,51,63,76,119,126
1975,Mongolia,496,NorthMacedonia,807,12,13,15,8,3,3,2,10,12,13,8,3,3,2,2,1,2,0,0,0,0
1976,Mongolia,496,UnitedKingdom,826,65,71,79,75,80,99,105,28,33,39,46,61,70,76,37,38,40,29,19,29,29
1977,Mongolia,496,UnitedStatesofAmerica,840,247,272,301,447,646,799,856,135,155,177,250,373,369,397,112,117,124,197,273,430,459
1978,Mongolia,496,Uruguay,858,7,6,7,3,1,1,0,4,4,4,2,1,1,0,3,2,3,1,0,0,0
1979,RepublicofKorea,410,Melanesia,928,0,0,0,0,0,0,0,0,0,0,0,0,0,0,0,0,0,0,0,0,0
1980,RepublicofKorea,410,Micronesia,954,0,0,0,0,0,0,0,0,0,0,0,0,0,0,0,0,0,0,0,0,0
1981,RepublicofKorea,410,Polynesia,957,0,0,0,0,0,0,0,0,0,0,0,0,0,0,0,0,0,0,0,0,0
1982,RepublicofKorea,410,Australia,36,315,631,1148,2155,4016,3542,5604,178,348,645,1717,3441,2624,4584,137,283,503,438,575,918,1020
1983,RepublicofKorea,410,Bangladesh,50,658,4103,8855,7318,8670,7432,12102,654,4078,8802,7108,8206,5526,6441,4,25,53,210,464,1906,5661
1984,RepublicofKorea,410,Cambodia,116,3,20,44,4552,10863,41049,54573,3,16,34,2438,5677,20448,26107,0,4,10,2114,5186,20601,28466
1985,RepublicofKorea,410,Canada,124,513,1818,3703,7358,13922,11589,19435,278,1056,2219,5628,10653,9234,13484,235,762,1484,1730,3269,2355,5951
1986,RepublicofKorea,410,China,156,19827,48299,92142,243217,490407,759204,803011,10564,24455,47637,121985,233675,362953,376444,9263,23844,44505,121232,256732,396251,426567
1987,RepublicofKorea,410,France,250,507,929,1647,1467,1869,1857,2608,277,567,1060,980,1258,1148,1537,230,362,587,487,611,709,1071
1988,RepublicofKorea,410,Germany,276,645,799,1208,1106,1442,1343,2121,409,523,820,829,1148,986,1281,236,276,388,277,294,357,840
1989,RepublicofKorea,410,India,356,136,849,1833,2611,4422,4505,6172,102,628,1368,1886,2961,3044,3792,34,221,465,725,1461,1461,2380
1990,RepublicofKorea,410,Indonesia,360,65,8121,18763,18502,28486,42084,50117,53,6489,15093,15988,24616,34691,40090,12,1632,3670,2514,3870,7393,10027
1991,RepublicofKorea,410,Japan,392,4447,8709,15744,14133,18100,17632,22466,2390,3011,4950,4429,5060,6534,5899,2057,5698,10794,9704,13040,11098,16567
1992,RepublicofKorea,410,Kazakhstan,398,97,608,1314,1027,1145,924,1712,68,416,910,651,624,457,915,29,192,404,376,521,467,797
1993,RepublicofKorea,410,Kyrgyzstan,417,0,0,0,635,1524,851,2126,0,0,0,375,885,486,1216,0,0,0,260,639,365,910
1994,RepublicofKorea,410,Malaysia,458,51,149,294,585,1108,1087,1684,28,84,169,334,616,594,919,23,65,125,251,492,493,765
1995,RepublicofKorea,410,Mongolia,496,112,703,1519,9094,20266,24452,31107,57,347,771,5422,11875,14037,17507,55,356,748,3672,8391,10415,13600
1996,RepublicofKorea,410,Myanmar,104,88,552,1193,1978,3544,18128,26922,82,512,1107,1841,3292,10428,15671,6,40,86,137,252,7700,11251
1997,RepublicofKorea,410,Nepal,524,10,956,2208,4499,8569,29131,40748,10,838,1940,3838,7211,21409,24708,0,118,268,661,1358,7722,16040
1998,RepublicofKorea,410,NewZealand,554,39,558,1256,1268,1781,1725,3161,22,308,708,916,1449,1410,2583,17,250,548,352,332,315,578
1999,RepublicofKorea,410,Nigeria,566,0,150,348,643,1194,1052,1816,0,116,270,499,916,802,1385,0,34,78,144,278,250,431
2000,RepublicofKorea,410,Pakistan,586,269,1674,3612,4744,7750,4429,10720,265,1645,3549,4536,7301,4167,10087,4,29,63,208,449,262,633
2001,RepublicofKorea,410,Philippines,608,482,7943,17932,22847,34918,51632,64942,310,4249,9772,13344,20395,29748,36407,172,3694,8160,9503,14523,21884,28535
2002,RepublicofKorea,410,RussianFederation,643,37,1266,2899,2710,3594,3125,5472,21,250,623,753,1062,873,1526,16,1016,2276,1957,2532,2252,3946
2003,RepublicofKorea,410,SouthAfrica,710,0,190,442,830,1549,1212,2160,0,83,200,375,671,510,909,0,107,242,455,878,702,1251
2004,RepublicofKorea,410,SriLanka,144,60,1258,2858,7941,16165,20085,32841,46,936,2145,7389,15520,14860,25002,14,322,713,552,645,5225,7839
2005,RepublicofKorea,410,Thailand,764,43,1588,3640,12233,31372,77548,159264,29,1048,2436,9268,23769,58741,116630,14,540,1204,2965,7603,18807,42634
2006,RepublicofKorea,410,UnitedKingdom,826,559,855,1425,2199,3842,3818,5848,324,568,1011,1636,2871,2831,4337,235,287,414,563,971,987,1511
2007,RepublicofKorea,410,UnitedStatesofAmerica,840,11713,16092,25592,33075,36756,54530,68050,6715,8758,14051,23923,26586,43151,53845,4998,7334,11541,9152,10170,11379,14205
2008,RepublicofKorea,410,Uzbekistan,860,30,1823,4198,9821,29405,43648,55601,24,1405,3260,7438,22271,32280,41118,6,418,938,2383,7134,11368,14483
2009,RepublicofKorea,410,VietNam,704,445,7664,17554,45497,91420,124852,177274,263,4914,11441,25913,48439,66588,93947,182,2750,6113,19584,42981,58264,83327
2010,BruneiDarussalam,96,Melanesia,928,0,0,0,0,0,0,0,0,0,0,0,0,0,0,0,0,0,0,0,0,0
2011,BruneiDarussalam,96,Micronesia,954,0,0,0,0,0,0,0,0,0,0,0,0,0,0,0,0,0,0,0,0,0
2012,BruneiDarussalam,96,Polynesia,957,0,0,0,0,0,0,0,0,0,0,0,0,0,0,0,0,0,0,0,0,0
2013,BruneiDarussalam,96,Australia,36,262,372,482,493,504,515,559,140,201,262,269,276,283,308,122,171,220,224,228,232,251
2014,BruneiDarussalam,96,Bangladesh,50,659,908,1156,1182,1208,1234,1343,593,818,1042,1066,1090,1114,1213,66,90,114,116,118,120,130
2015,BruneiDarussalam,96,SriLanka,144,676,916,1156,1182,1208,1234,1343,251,346,442,456,470,484,527,425,570,714,726,738,750,816
2016,BruneiDarussalam,96,China,156,1509,1718,1926,1969,2012,2055,2238,809,929,1048,1077,1106,1135,1237,700,789,878,892,906,920,1001
2017,BruneiDarussalam,96,China,156,344,382,432,482,493,504,515,559,188,215,242,249,256,263,286,194,217,240,244,248,252
2018,BruneiDarussalam,96,India,356,2595,2742,2889,2953,3017,3081,3357,2181,2309,2437,2494,2551,2608,2843,414,433,452,459,466,473,514
2019,BruneiDarussalam,96,Indonesia,360,3324,4551,5778,5907,6036,6165,6717,581,838,1095,1148,1201,1254,1367,2743,3713,4683,4759,4835,4911,5350
2020,BruneiDarussalam,96,Japan,392,83,138,192,196,200,204,220,49,82,114,117,120,123,133,34,56,78,79,80,81,87
2021,BruneiDarussalam,96,RepublicofKorea,410,138,141,144,147,150,153,165,71,73,76,78,80,82,89,67,68,68,69,70,71,76
2022,BruneiDarussalam,96,Malaysia,458,40306,42782,45258,46267,47276,48285,52628,21991,23525,25059,25742,26424,27106,29540,18315,19257,20199,20525,20852,21179,23088
2023,BruneiDarussalam,96,Nepal,524,3665,4337,5008,5120,5232,5344,5822,2812,3338,3863,3956,4049,4142,4513,853,999,1145,1164,1183,1202,1309
2024,BruneiDarussalam,96,Netherlands,528,247,268,289,295,301,307,333,135,147,160,164,168,172,187,112,121,129,131,133,135,146
2025,BruneiDarussalam,96,NewZealand,554,119,156,192,196,200,204,220,68,90,111,114,117,120,130,51,66,81,82,83,84,90
2026,BruneiDarussalam,96,Pakistan,586,378,574,770,787,804,821,893,249,380,512,525,538,551,600,129,194,258,262,266,270,293
2027,BruneiDarussalam,96,Philippines,608,7837,10226,12614,12895,13176,13457,14664,3188,4226,5263,5425,5587,5749,6265,4649,6000,7351,7470,7589,7708,8399
2028,BruneiDarussalam,96,Singapore,702,1499,1472,1445,1477,1509,1541,1678,829,820,811,833,855,877,956,670,652,634,644,654,664,722
2029,BruneiDarussalam,96,Thailand,764,6612,10047,13482,13782,14083,14384,15674,6057,7783,9510,9746,9983,10220,11137,555,2264,3972,4036,4100,4164,4537
2030,BruneiDarussalam,96,UnitedKingdom,826,1996,1961,1926,1969,2012,2055,2238,1144,1131,1119,1149,1179,1209,1317,852,830,807,820,833,846,921
2031,BruneiDarussalam,96,UnitedStatesofAmerica,840,113,129,144,147,150,153,165,80,91,102,104,106,108,118,33,38,42,43,44,45,47
2032,Cambodia,116,Melanesia,928,0,0,0,0,0,0,0,0,0,0,0,0,0,0,0,0,0,0,0,0,0
2033,Cambodia,116,Micronesia,954,0,0,0,0,0,0,0,0,0,0,0,0,0,0,0,0,0,0,0,0,0
2034,Cambodia,116,Polynesia,957,0,0,0,0,0,0,0,0,0,0,0,0,0,0,0,0,0,0,0,0,0
2035,Cambodia,116,Australia,36,54,142,229,179,129,116,123,34,89,144,114,85,77,83,20,53,85,65,44,39,40
2036,Cambodia,116,Myanmar,104,24,63,102,80,58,52,54,16,42,68,54,40,36,38,8,21,34,26,18,16,16
2037,Cambodia,116,Canada,124,20,53,85,66,47,42,43,10,26,42,33,24,22,23,10,27,43,33,23,20,20
2038,Cambodia,116,SriLanka,144,22,58,93,73,52,47,48,16,42,67,53,38,35,37,6,16,26,20,14,12,11
2039,Cambodia,116,China,156,707,1853,2998,2340,1682,1518,1627,412,1077,1742,1387,1031,943,1011,295,776,1256,953,651,575,616
2040,Cambodia,116,France,250,128,336,543,424,305,275,294,83,217,351,278,205,187,201,45,119,192,146,100,88,93
2041,Cambodia,116,Germany,276,18,47,76,59,42,38,39,11,28,46,36,26,24,26,7,19,30,23,16,14,13
2042,Cambodia,116,China,156,344,54,142,229,179,129,116,123,31,81,131,105,78,71,77,23,61,98,74,51,45
2043,Cambodia,116,India,356,44,116,187,146,105,95,101,33,87,140,110,80,73,79,11,29,47,36,25,22,22
2044,Cambodia,116,Indonesia,360,49,129,208,162,116,105,111,38,100,161,126,91,83,89,11,29,47,36,25,22,22
2045,Cambodia,116,Italy,380,7,19,30,23,17,15,14,4,11,17,13,10,9,9,3,8,13,10,7,6,5
2046,Cambodia,116,Japan,392,58,152,246,192,138,125,132,36,94,152,121,90,83,89,22,58,94,71,48,42,43
2047,Cambodia,116,DemPeoplesRepublicofKorea,408,20,53,85,66,47,42,43,12,32,51,40,29,26,27,8,21,34,26,18,16,16
2048,Cambodia,116,RepublicofKorea,410,26,68,110,86,62,56,58,17,44,72,57,42,38,40,9,24,38,29,20,18,18
2049,Cambodia,116,LaoPeoplesDemocraticRepublic,418,121,317,513,400,288,260,278,67,175,283,225,169,155,167,54,142,230,175,119,105,111
2050,Cambodia,116,Malaysia,458,80,210,339,265,191,172,182,62,162,262,207,151,137,146,18,48,77,58,40,35,36
2051,Cambodia,116,Nepal,524,21,55,89,69,50,45,46,11,28,46,36,27,25,26,10,27,43,33,23,20,20
2052,Cambodia,116,Netherlands,528,14,37,59,46,33,30,30,9,24,38,30,22,20,21,5,13,21,16,11,10,9
2053,Cambodia,116,Pakistan,586,19,50,81,63,45,41,42,9,23,38,30,22,21,22,10,27,43,33,23,20,20
2054,Cambodia,116,Philippines,608,71,186,301,235,169,152,162,37,96,156,125,94,86,92,34,90,145,110,75,66,70
2055,Cambodia,116,RussianFederation,643,14,37,59,46,33,30,30,6,16,25,20,15,14,14,8,21,34,26,18,16,16
2056,Cambodia,116,Singapore,702,57,150,242,189,136,123,130,37,97,157,124,92,84,90,20,53,85,65,44,39,40
2057,Cambodia,116,VietNam,704,16771,44367,71963,56174,40384,36436,39098,8024,21155,34286,27571,20856,19175,20551,8747,23212,37677,28603,19528,17261,18547
2058,Cambodia,116,Thailand,764,14149,37488,60844,47494,34143,30806,33048,6937,18319,29705,23855,18004,16541,17743,7212,19169,31139,23639,16139,14265,15305
2059,Cambodia,116,UnitedKingdom,826,43,113,182,142,102,92,97,30,79,127,100,73,66,71,13,34,55,42,29,26,26
2060,Cambodia,116,UnitedStatesofAmerica,840,91,239,386,301,216,195,208,52,136,220,175,130,119,128,39,103,166,126,86,76,80
2061,Indonesia,360,Melanesia,928,0,0,0,0,0,0,0,0,0,0,0,0,0,0,0,0,0,0,0,0,0
2062,Indonesia,360,Micronesia,954,0,0,0,0,0,0,0,0,0,0,0,0,0,0,0,0,0,0,0,0,0
2063,Indonesia,360,Polynesia,957,0,0,0,0,0,0,0,0,0,0,0,0,0,0,0,0,0,0,0,0,0
2064,Indonesia,360,Australia,36,5963,3945,1928,5679,9796,10844,11400,3492,2353,1215,3486,5744,6456,6779,2471,1592,713,2193,4052,4388,4621
2065,Indonesia,360,Canada,124,286,189,92,983,1938,2144,2253,151,102,53,531,994,1122,1178,135,87,39,452,944,1022,1075
2066,Indonesia,360,China,156,258310,170906,83502,72094,65307,72302,76028,121854,82982,44109,40757,36626,41236,43293,136456,87924,39393,31337,28681,31066,32735
2067,Indonesia,360,India,356,7818,5172,2527,6465,10818,11976,12590,4448,3001,1554,3944,6314,7098,7452,3370,2171,973,2521,4504,4878,5138
2068,Indonesia,360,Japan,392,12535,8293,4052,10237,17080,18909,19879,7733,5199,2666,6829,11061,12391,13014,4802,3094,1386,3408,6019,6518,6865
2069,Indonesia,360,Jordan,400,4851,3209,1568,6000,10818,11976,12590,2330,1585,840,3592,6314,7098,7452,2521,1624,728,2408,4504,4878,5138
2070,Indonesia,360,RepublicofKorea,410,10866,7189,3513,15679,28850,31940,33580,6710,4511,2313,9440,16497,18560,19487,4156,2678,1200,6239,12353,13380,14093
2071,Indonesia,360,Libya,434,13860,9170,4480,3161,2045,2263,2378,6657,4529,2401,1812,1192,1340,1407,7203,4641,2079,1349,853,923,971
2072,Indonesia,360,Malaysia,458,5406,3577,1748,1837,2045,2263,2378,3216,2166,1116,1154,1192,1340,1407,2190,1411,632,683,853,923,971
2073,Indonesia,360,Netherlands,528,928,614,300,3187,6279,6950,7306,585,393,201,2037,3879,4351,4570,343,221,99,1150,2400,2599,2736
2074,Indonesia,360,Pakistan,586,5486,3629,1773,4457,7428,8223,8645,2706,1838,970,2295,3533,4005,4203,2780,1791,803,2162,3895,4218,4442
2075,Indonesia,360,Philippines,608,3472,2297,1122,2305,3636,4025,4230,1787,1212,636,1363,2075,2335,2451,1685,1085,486,942,1561,1690,1779
2076,Indonesia,360,TimorLeste,626,729,71378,142028,78666,20346,22525,23681,476,35745,71014,41882,11455,12896,13539,253,35633,71014,36784,8891,9629,10142
2077,Indonesia,360,SaudiArabia,682,5544,3668,1792,1858,2045,2263,2378,2663,1812,960,1083,1192,1340,1407,2881,1856,832,775,853,923,971
2078,Indonesia,360,Singapore,702,4346,2875,1405,10537,20346,22525,23681,2858,1916,975,6247,11455,12896,13539,1488,959,430,4290,8891,9629,10142
2079,Indonesia,360,SyrianArabRepublic,760,3465,2292,1120,1533,2045,2263,2378,1664,1132,600,901,1192,1340,1407,1801,1160,520,632,853,923,971
2080,Indonesia,360,Thailand,764,1458,964,471,10085,20346,22525,23681,953,639,325,5925,11455,12896,13539,505,325,146,4160,8891,9629,10142
2081,Indonesia,360,UnitedKingdom,826,20883,13817,6751,16969,28276,31304,32911,11363,7683,4003,9565,14939,16858,17694,9520,6134,2748,7404,13337,14446,15217
2082,Indonesia,360,UnitedStatesofAmerica,840,8745,5786,2827,6654,10909,12077,12697,4280,2909,1538,3906,6227,7007,7357,4465,2877,1289,2748,4682,5070,5340
2083,LaoPeoplesDemocraticRepublic,418,Melanesia,928,0,0,0,0,0,0,0,0,0,0,0,0,0,0,0,0,0,0,0,0,0
2084,LaoPeoplesDemocraticRepublic,418,Micronesia,954,0,0,0,0,0,0,0,0,0,0,0,0,0,0,0,0,0,0,0,0,0
2085,LaoPeoplesDemocraticRepublic,418,Polynesia,957,0,0,0,0,0,0,0,0,0,0,0,0,0,0,0,0,0,0,0,0,0
2086,LaoPeoplesDemocraticRepublic,418,Australia,36,18,18,17,16,110,205,218,10,10,9,9,76,144,155,8,8,8,7,34,61,63
2087,LaoPeoplesDemocraticRepublic,418,Myanmar,104,404,360,282,245,1540,2835,3032,213,188,146,122,826,1530,1637,191,172,136,123,714,1305,1395
2088,LaoPeoplesDemocraticRepublic,418,Cambodia,116,1398,1362,1197,1119,2273,3428,3667,697,675,597,573,1196,1820,1948,701,687,600,546,1077,1608,1719
2089,LaoPeoplesDemocraticRepublic,418,China,156,4125,3743,3005,2820,8110,13400,14338,2251,2044,1664,1596,5576,9555,10226,1874,1699,1341,1224,2534,3845,4112
2090,LaoPeoplesDemocraticRepublic,418,VietNam,704,13852,13368,11611,10717,14827,18938,20270,6845,6589,5786,5428,8395,11362,12160,7007,6779,5825,5289,6432,7576,8110
2091,LaoPeoplesDemocraticRepublic,418,Thailand,764,2277,2060,1648,1538,2415,3293,3522,1326,1204,979,930,1783,2637,2822,951,856,669,608,632,656,700
2092,Malaysia,458,Melanesia,928,0,0,0,0,0,0,0,0,0,0,0,0,0,0,0,0,0,0,0,0,0
2093,Malaysia,458,Micronesia,954,0,0,0,0,0,0,0,0,0,0,0,0,0,0,0,0,0,0,0,0,0
2094,Malaysia,458,Polynesia,957,0,0,0,0,0,0,0,0,0,0,0,0,0,0,0,0,0,0,0,0,0
2095,Malaysia,458,Afghanistan,4,32,36,50,271,506,545,2478,18,20,27,154,284,317,1364,14,16,23,117,222,228,1114
2096,Malaysia,458,Australia,36,1851,2118,2989,4005,4766,5811,6157,906,1040,1461,2056,2523,3122,3393,945,1078,1528,1949,2243,2689,2764
2097,Malaysia,458,Bangladesh,50,23930,33453,53272,202874,351422,392295,415717,22967,23327,29945,115387,202317,228434,247285,963,10126,23327,87487,149105,163861,168432
2098,Malaysia,458,BruneiDarussalam,96,3234,2956,3425,4589,5460,6657,7054,1628,1603,1986,2754,3362,4137,4464,1606,1353,1439,1835,2098,2520,2590
2099,Malaysia,458,Cambodia,116,747,1770,3413,8592,12679,15461,16384,457,1032,1963,5150,7748,9536,10294,290,738,1450,3442,4931,5925,6090
2100,Malaysia,458,China,156,91377,65974,54430,29909,9306,11347,12024,45422,32710,26406,14796,4895,6058,6588,45955,33264,28024,15113,4411,5289,5436
2101,Malaysia,458,India,356,20808,46325,87900,106098,119097,139752,148096,3865,22384,49409,60251,68566,81379,88095,16943,23941,38491,45847,50531,58373,60001
2102,Malaysia,458,Indonesia,360,252710,421423,726961,863998,960819,1171677,1241634,167538,255624,423850,519990,594408,731189,788858,85172,165799,303111,344008,366411,440488,452776
2103,Malaysia,458,Iraq,368,32,72,138,351,686,1244,1318,18,42,81,212,385,720,778,14,30,57,139,301,524,540
2104,Malaysia,458,Japan,392,5255,6016,8490,12057,14764,18004,19078,2919,3350,4713,6955,8742,10772,11645,2336,2666,3777,5102,6022,7232,7433
2105,Malaysia,458,Myanmar,104,4568,10170,19298,134525,226432,330851,350605,3177,7080,13427,96213,164270,234312,251373,1391,3090,5871,38312,62162,96539,99232
2106,Malaysia,458,Nepal,524,14931,27097,48253,124125,276557,552855,585864,7977,14496,25762,69589,158199,319950,346462,6954,12601,22491,54536,118358,232905,239402
2107,Malaysia,458,NewZealand,554,746,853,1204,1614,1921,2343,2482,329,378,531,756,930,1158,1264,417,475,673,858,991,1185,1218
2108,Malaysia,458,Pakistan,586,3208,4484,7140,16632,31814,80224,85013,2767,2981,4015,9457,18317,46720,50575,441,1503,3125,7175,13497,33504,34438
2109,Malaysia,458,Philippines,608,104730,123116,176961,91270,38871,111343,117990,55859,65881,94441,49362,22228,47346,52208,48871,57235,82520,41908,16643,63997,65782
2110,Malaysia,458,RepublicofKorea,410,1194,1366,1927,2582,3073,3747,3970,944,1081,1523,2068,2507,3058,3262,250,285,404,514,566,689,708
2111,Malaysia,458,Singapore,702,31269,33418,44779,59989,71367,87031,92227,14591,16050,21837,30720,37696,46657,50727,16678,17368,22942,29269,33671,40374,41500
2112,Malaysia,458,Somalia,706,51,121,233,588,1026,1510,3294,32,72,136,355,576,873,1402,19,49,97,233,450,637,1892
2113,Malaysia,458,SriLanka,144,1194,1366,1927,4186,5960,7260,7693,777,891,1254,2807,4072,4985,5355,417,475,673,1379,1888,2275,2338
2114,Malaysia,458,VietNam,704,12877,28668,54395,68238,78326,95517,101220,7584,16905,32038,41490,48913,60152,64869,5293,11763,22357,26748,29413,35365,36351
2115,Malaysia,458,Thailand,764,31127,29090,34501,19811,18929,14901,15790,14856,12511,12999,7721,8011,6465,7119,16271,16579,21502,12090,10918,8436,8671
2116,Malaysia,458,UnitedKingdom,826,3433,3930,5547,7431,8842,10782,11425,2154,2471,3479,4793,5840,7169,7712,1279,1459,2068,2638,3002,3613,3713
2117,Myanmar,104,Melanesia,928,0,0,0,0,0,0,0,0,0,0,0,0,0,0,0,0,0,0,0,0,0
2118,Myanmar,104,Micronesia,954,0,0,0,0,0,0,0,0,0,0,0,0,0,0,0,0,0,0,0,0,0
2119,Myanmar,104,Polynesia,957,0,0,0,0,0,0,0,0,0,0,0,0,0,0,0,0,0,0,0,0,0
2120,Myanmar,104,Bangladesh,50,1370,1557,1359,1154,1065,1024,1066,1158,1236,1043,889,826,797,830,212,321,316,265,239,227,236
2121,Myanmar,104,China,156,72413,55637,44999,38118,35082,33656,35104,38077,29002,23227,19832,18543,17929,18698,34336,26635,21772,18286,16539,15727,16406
2122,Myanmar,104,India,356,41093,37969,35038,29680,27316,26205,27325,22056,20168,18140,15488,14480,13999,14599,19037,17801,16898,14192,12836,12206,12726
2123,Myanmar,104,Pakistan,586,5171,4685,3980,3371,3102,2975,3101,4024,3543,2855,2427,2249,2162,2255,1147,1142,1125,944,853,813,846
2124,Philippines,608,Melanesia,928,9,12,373,301,59,60,62,9,12,171,141,27,27,28,0,0,202,160,32,33,34
2125,Philippines,608,Micronesia,954,61,82,2242,1813,1026,1042,1106,41,55,1015,836,458,466,498,20,27,1227,977,568,576,608
2126,Philippines,608,Polynesia,957,0,0,0,0,0,0,0,0,0,0,0,0,0,0,0,0,0,0,0,0,0
2127,Philippines,608,Afghanistan,4,25,33,781,632,1201,1220,1297,19,25,380,313,569,579,617,6,8,401,319,632,641,680
2128,Philippines,608,Albania,8,421,566,582,471,114,116,122,209,276,286,236,55,56,60,212,290,296,235,59,60,62
2129,Philippines,608,Algeria,12,795,1069,541,437,454,462,490,444,588,279,229,229,234,249,351,481,262,208,225,228,241
2130,Philippines,608,Angola,24,581,781,2523,2042,74,76,79,322,426,1170,964,34,35,37,259,355,1353,1078,40,41,42
2131,Philippines,608,Argentina,32,32,43,657,531,146,148,155,21,28,396,324,88,89,94,11,15,261,207,58,59,61
2132,Philippines,608,Australia,36,943,1269,2396,1939,3932,3993,4249,597,795,1381,1131,2226,2264,2414,346,474,1015,808,1706,1729,1835
2133,Philippines,608,Austria,40,92,123,1657,1341,495,503,533,58,77,921,755,270,275,292,34,46,736,586,225,228,241
2134,Philippines,608,Bahrain,48,19,25,8381,6783,110,111,117,13,17,4150,3412,54,54,58,6,8,4231,3371,56,57,59
2135,Philippines,608,Bangladesh,50,70,94,754,610,156,158,166,39,52,342,282,69,69,73,31,42,412,328,87,89,93
2136,Philippines,608,Armenia,51,31,41,141,114,133,135,143,17,22,72,60,66,67,72,14,19,69,54,67,68,71
2137,Philippines,608,Belgium,56,76,102,848,686,524,533,566,57,76,394,325,236,241,257,19,26,454,361,288,292,309
2138,Philippines,608,BoliviaPlurinationalStateof,68,108,145,531,429,34,35,36,61,81,273,224,18,18,20,47,64,258,205,16,17,16
2139,Philippines,608,Brazil,76,123,165,4146,3355,160,162,171,54,71,2061,1694,79,79,85,69,94,2085,1661,81,83,86
2140,Philippines,608,BruneiDarussalam,96,106,142,805,651,80,82,85,58,77,379,312,37,38,39,48,65,426,339,43,44,46
2141,Philippines,608,Myanmar,104,55,74,333,269,415,421,447,32,43,159,131,192,195,208,23,31,174,138,223,226,239
2142,Philippines,608,Cambodia,116,7528,10130,186,150,38,39,40,3840,5068,97,80,20,20,22,3688,5062,89,70,18,19,18
2143,Philippines,608,Canada,124,628,845,1872,1515,5480,5565,5922,326,431,1054,864,3027,3077,3280,302,414,818,651,2453,2488,2642
2144,Philippines,608,CaboVerde,132,12,16,11,8,128,131,139,7,10,11,8,128,131,139,5,6,0,0,0,0,0
2145,Philippines,608,SriLanka,144,43,57,151,122,170,172,182,28,37,122,99,137,139,148,15,20,29,23,33,33,34
2146,Philippines,608,Chile,152,9,12,108,87,92,93,97,3,4,46,38,38,39,41,6,8,62,49,54,54,56
2147,Philippines,608,China,156,53792,72391,88418,71566,35398,35952,38269,28456,37615,44141,36289,17245,17544,18719,25336,34776,44277,35277,18153,18408,19550
2148,Philippines,608,Colombia,170,156,209,56,45,123,125,131,81,107,41,34,89,90,95,75,102,15,11,34,35,36
2149,Philippines,608,Congo,178,121,162,555,449,521,529,561,66,87,555,449,521,529,561,55,75,0,0,0,0,0
2150,Philippines,608,DemocraticRepublicoftheCongo,180,1,1,2,1,32,32,33,1,1,1,1,16,15,17,0,0,1,0,16,17,16
2151,Philippines,608,CostaRica,188,21,28,29,23,38,39,40,15,20,29,23,38,39,40,6,8,0,0,0,0,0
2152,Philippines,608,Denmark,208,182,244,846,684,436,442,468,119,158,388,320,195,198,210,63,86,458,364,241,244,258
2153,Philippines,608,Ecuador,218,105,141,481,389,452,459,487,58,77,244,201,224,227,242,47,64,237,188,228,232,245
2154,Philippines,608,Finland,246,9,12,430,348,110,112,118,7,10,247,203,63,64,68,2,2,183,145,47,48,50
2155,Philippines,608,France,250,197,265,365,295,1186,1204,1280,121,161,197,162,632,643,686,76,104,168,133,554,561,594
2156,Philippines,608,Germany,276,704,947,1638,1325,3727,3786,4029,509,680,1017,831,2281,2319,2472,195,267,621,494,1446,1467,1557
2157,Philippines,608,Ghana,288,8,10,11,8,34,34,35,7,9,11,8,34,34,35,1,1,0,0,0,0,0
2158,Philippines,608,Greece,300,19,25,245,198,150,153,161,12,16,140,115,84,87,92,7,9,105,83,66,66,69
2159,Philippines,608,Guam,316,58,78,1056,854,992,1008,1071,38,51,483,398,442,451,481,20,27,573,456,550,557,590
2160,Philippines,608,Guatemala,320,9,12,276,223,34,34,35,4,6,111,92,14,13,15,5,6,165,131,20,21,20
2161,Philippines,608,China,156,344,196,263,268,216,252,256,272,127,169,136,111,124,127,136,69,94,132,105,128,129
2162,Philippines,608,Hungary,348,3,4,125,101,240,244,258,1,2,99,81,189,192,204,2,2,26,20,51,52,54
2163,Philippines,608,Iceland,352,0,0,58,46,53,53,55,0,0,46,37,42,42,45,0,0,12,9,11,11,10
2164,Philippines,608,India,356,2611,3513,4632,3749,10476,10639,11323,1573,2089,2707,2216,6020,6120,6525,1038,1424,1925,1533,4456,4519,4798
2165,Philippines,608,Indonesia,360,3752,5049,4711,3813,3253,3304,3515,2116,2804,2380,1956,1605,1632,1741,1636,2245,2331,1857,1648,1672,1774
2166,Philippines,608,IranIslamicRepublicof,364,212,285,975,789,577,586,622,159,213,426,352,245,250,267,53,72,549,437,332,336,355
2167,Philippines,608,Iraq,368,18,24,24,19,70,71,75,17,23,24,19,70,71,75,1,1,0,0,0,0,0
2168,Philippines,608,Ireland,372,33,44,212,171,425,431,457,27,36,125,102,246,250,266,6,8,87,69,179,181,191
2169,Philippines,608,Israel,376,59,79,555,449,605,614,652,47,63,266,219,283,287,306,12,16,289,230,322,327,346
2170,Philippines,608,Italy,380,207,278,1020,825,1705,1731,1841,119,158,506,416,825,838,893,88,120,514,409,880,893,948
2171,Philippines,608,Japan,392,2891,3890,6249,5057,13537,13749,14634,2061,2751,3690,3019,7860,7992,8521,830,1139,2559,2038,5677,5757,6113
2172,Philippines,608,Jordan,400,182,244,51,41,175,177,187,171,229,37,30,126,128,136,11,15,14,11,49,49,51
2173,Philippines,608,Kenya,404,4,5,275,222,53,53,55,3,4,125,103,24,24,26,1,1,150,119,29,29,29
2174,Philippines,608,DemPeoplesRepublicofKorea,408,1321,1777,6033,4883,5665,5753,6123,721,954,3060,2515,2807,2855,3046,600,823,2973,2368,2858,2898,3077
2175,Philippines,608,RepublicofKorea,410,593,798,1827,1478,6799,6906,7350,369,491,984,807,3585,3647,3890,224,307,843,671,3214,3259,3460
2176,Philippines,608,Kuwait,414,47,63,56,45,168,171,181,35,47,30,25,88,90,97,12,16,26,20,80,81,84
2177,Philippines,608,LaoPeoplesDemocraticRepublic,418,4321,5815,532,430,372,287,304,2204,2910,272,223,190,147,157,2117,2905,260,207,182,140,147
2178,Philippines,608,Lebanon,422,30,40,140,113,131,134,142,16,21,71,59,66,68,73,14,19,69,54,65,66,69
2179,Philippines,608,Libya,434,32,43,44,35,47,48,50,21,28,28,23,29,29,32,11,15,16,12,18,19,18
2180,Philippines,608,Malaysia,458,245,329,316,255,781,793,842,137,181,170,139,409,416,444,108,148,146,116,372,377,398
2181,Philippines,608,Mexico,484,31,41,105,84,143,145,152,23,31,63,51,85,87,92,8,10,42,33,58,58,60
2182,Philippines,608,Oman,512,93,125,428,346,401,408,433,51,68,217,178,198,203,217,42,57,211,168,203,205,216
2183,Philippines,608,Nepal,524,74,99,616,498,67,68,72,55,73,340,279,37,37,41,19,26,276,219,30,31,31
2184,Philippines,608,Netherlands,528,82,110,229,185,476,483,513,52,69,136,111,279,284,303,30,41,93,74,197,199,210
2185,Philippines,608,Aruba,533,9,12,67,54,62,63,65,6,8,38,31,34,35,37,3,4,29,23,28,28,28
2186,Philippines,608,NewZealand,554,117,157,105,84,378,383,407,69,92,62,50,218,221,236,48,65,43,34,160,162,171
2187,Philippines,608,Nigeria,566,45,60,321,259,189,192,204,31,41,176,144,102,103,111,14,19,145,115,87,89,93
2188,Philippines,608,Norway,578,100,134,1176,951,642,653,693,69,92,613,503,328,334,355,31,42,563,448,314,319,338
2189,Philippines,608,Palau,585,3,4,1186,959,34,34,35,3,4,532,438,16,15,17,0,0,654,521,18,19,18
2190,Philippines,608,Pakistan,586,262,352,1232,997,491,499,530,235,315,626,515,243,248,266,27,37,606,482,248,251,264
2191,Philippines,608,PapuaNewGuinea,598,9,12,373,301,59,60,62,9,12,171,141,27,27,28,0,0,202,160,32,33,34
2192,Philippines,608,Peru,604,6,8,512,414,110,111,117,5,7,249,205,53,54,58,1,1,263,209,57,57,59
2193,Philippines,608,Poland,616,12,16,75,60,108,110,116,9,12,25,21,32,33,36,3,4,50,39,76,77,80
2194,Philippines,608,Portugal,620,25,33,82,66,59,60,62,16,21,40,33,29,29,31,9,12,42,33,30,31,31
2195,Philippines,608,TimorLeste,626,7,9,1717,1389,139,141,149,3,4,787,649,63,64,69,4,5,930,740,76,77,80
2196,Philippines,608,PuertoRico,630,8,10,54,43,51,51,53,6,8,25,20,23,23,25,2,2,29,23,28,28,28
2197,Philippines,608,Qatar,634,27,36,126,101,119,120,126,15,20,64,52,60,60,64,12,16,62,49,59,60,62
2198,Philippines,608,Romania,642,2,2,154,124,34,35,36,2,2,82,67,18,19,21,0,0,72,57,16,16,15
2199,Philippines,608,RussianFederation,643,23,30,80,64,65,67,71,11,14,66,53,54,56,61,12,16,14,11,11,11,10
2200,Philippines,608,SaudiArabia,682,227,305,877,709,722,733,779,172,230,530,433,430,437,466,55,75,347,276,292,296,313
2201,Philippines,608,Singapore,702,133,178,231,186,807,820,871,79,104,179,145,623,634,676,54,74,52,41,184,186,195
2202,Philippines,608,VietNam,704,18174,24458,601,486,406,413,438,8113,10649,375,306,250,254,270,10061,13809,226,180,156,159,168
2203,Philippines,608,SouthAfrica,710,186,250,852,689,800,813,864,102,135,432,355,396,404,431,84,115,420,334,404,409,433
2204,Philippines,608,Spain,724,257,345,83,67,1284,1305,1388,124,163,35,29,515,526,562,133,182,48,38,769,779,826
2205,Philippines,608,Sudan,729,17,22,23,18,61,62,64,15,20,20,16,53,54,57,2,2,3,2,8,8,7
2206,Philippines,608,Suriname,740,28,37,131,106,123,125,131,15,20,66,55,60,62,67,13,17,65,51,63,63,64
2207,Philippines,608,Sweden,752,99,133,121,97,596,605,643,71,95,82,66,402,409,436,28,38,39,31,194,196,207
2208,Philippines,608,Switzerland,756,250,336,369,298,1017,1033,1098,171,228,240,196,651,662,706,79,108,129,102,366,371,392
2209,Philippines,608,SyrianArabRepublic,760,19,25,26,21,61,62,64,19,25,25,21,58,59,62,0,0,1,0,3,3,2
2210,Philippines,608,Thailand,764,180,242,120,97,335,340,360,97,129,64,53,176,179,190,83,113,56,44,159,161,170
2211,Philippines,608,UnitedArabEmirates,784,99,133,453,366,425,431,457,54,72,230,189,210,213,227,45,61,223,177,215,218,230
2212,Philippines,608,Tunisia,788,17,22,242,195,560,568,603,9,12,116,95,261,265,282,8,10,126,100,299,303,321
2213,Philippines,608,Turkey,792,202,271,922,746,866,879,934,111,147,468,385,430,436,466,91,124,454,361,436,443,468
2214,Philippines,608,Egypt,818,33,44,336,271,158,161,170,25,34,163,134,75,76,82,8,10,173,137,83,85,88
2215,Philippines,608,UnitedKingdom,826,6028,8112,33603,27198,4217,4282,4556,3305,4375,16101,13254,1968,2001,2135,2723,3737,17502,13944,2249,2281,2421
2216,Philippines,608,UnitedStatesofAmerica,840,17746,23882,35977,29119,35015,35564,37857,10685,14191,18874,15493,17968,18277,19498,7061,9691,17103,13626,17047,17287,18359
2217,Singapore,702,Melanesia,928,0,0,0,0,0,0,0,0,0,0,0,0,0,0,0,0,0,0,0,0,0
2218,Singapore,702,Micronesia,954,0,0,0,0,0,0,0,0,0,0,0,0,0,0,0,0,0,0,0,0,0
2219,Singapore,702,Polynesia,957,0,0,0,0,0,0,0,0,0,0,0,0,0,0,0,0,0,0,0,0,0
2220,Singapore,702,Bangladesh,50,8818,18587,30155,47991,68502,78584,79857,5840,12247,19725,28036,37883,43426,44088,2978,6340,10430,19955,30619,35158,35769
2221,Singapore,702,China,156,150447,191075,250198,299651,365797,419634,426434,70486,86902,109883,126904,150765,172725,175232,79961,104173,140315,172747,215032,246909,251202
2222,Singapore,702,China,156,344,15043,31708,51442,52509,56502,64817,65867,7049,14689,23448,23390,24597,28183,28596,7994,17019,27994,29119,31905,36634
2223,Singapore,702,China,156,446,11755,10309,9861,13897,18709,21462,21809,5110,4505,4233,5815,7712,8835,8963,6645,5804,5628,8082,10997,12627
2224,Singapore,702,India,356,14109,29739,48248,83963,124357,142659,144970,9343,19593,31559,47985,67037,76842,78009,4766,10146,16689,35978,57320,65817,66961
2225,Singapore,702,SriLanka,144,5788,5078,4860,6850,9222,10587,10767,2649,2334,2196,3025,4016,4610,4670,3139,2744,2664,3825,5206,5977,6097
2226,Singapore,702,Indonesia,360,21520,34241,50277,91090,136979,157139,159685,9521,13196,17775,31219,46323,53044,53780,11999,21045,32502,59871,90656,104095,105905
2227,Singapore,702,Malaysia,458,195072,431854,710434,818337,971827,1114858,1132924,87993,182690,290654,346501,421024,482401,489469,107079,249164,419780,471836,550803,632457,643455
2228,Singapore,702,Pakistan,586,12345,26021,42217,73468,108812,124826,126848,8176,17144,27615,41988,58657,67236,68257,4169,8877,14602,31480,50155,57590,58591
2229,Singapore,702,Philippines,608,1175,2480,4027,8195,12820,14706,14944,268,548,848,1406,2032,2319,2342,907,1932,3179,6789,10788,12387,12602
2230,Singapore,702,Thailand,764,1438,3032,4921,10010,15658,17962,18253,329,670,1034,1717,2485,2837,2865,1109,2362,3887,8293,13173,15125,15388
2231,Singapore,702,UnitedStatesofAmerica,840,3423,3949,4858,9340,14344,16455,16721,1880,2159,2615,4880,7431,8518,8646,1543,1790,2243,4460,6913,7937,8075
2232,Singapore,702,Canada,124,717,816,996,2339,3814,4375,4445,396,448,538,1223,1976,2265,2299,321,368,458,1116,1838,2110,2146
2233,Singapore,702,Australia,36,2913,3577,4588,6466,8706,9987,10148,1614,1961,2469,3423,4565,5233,5312,1299,1616,2119,3043,4141,4754,4836
2234,Singapore,702,NewZealand,554,1131,1389,1783,2514,3386,3884,3946,625,761,959,1330,1773,2032,2062,506,628,824,1184,1613,1852,1884
2235,Thailand,764,Melanesia,928,0,0,0,0,0,0,0,0,0,0,0,0,0,0,0,0,0,0,0,0,0
2236,Thailand,764,Micronesia,954,0,0,0,0,0,0,0,0,0,0,0,0,0,0,0,0,0,0,0,0,0
2237,Thailand,764,Polynesia,957,0,0,0,0,0,0,0,0,0,0,0,0,0,0,0,0,0,0,0,0,0
2238,Thailand,764,Afghanistan,4,0,9,20,11,1,1,1,0,5,10,7,1,1,1,0,4,10,4,0,0,0
2239,Thailand,764,Australia,36,593,991,1595,1402,1310,1405,1470,409,673,1069,919,845,905,946,184,318,526,483,465,500,524
2240,Thailand,764,Bangladesh,50,725,1211,1949,1567,1299,1393,1458,438,714,1127,898,748,800,837,287,497,822,669,551,593,621
2241,Thailand,764,Cambodia,116,73756,102948,153382,369213,611508,666096,691776,36220,50552,74040,171788,285936,310564,321877,37536,52396,79342,197425,325572,355532,369899
2242,Thailand,764,Canada,124,917,826,907,773,695,745,779,566,522,579,487,435,466,487,351,304,328,286,260,279,292
2243,Thailand,764,China,156,58,116,200,33311,68811,73828,77280,39,74,124,21444,44547,47704,49899,19,42,76,11867,24264,26124,27381
2244,Thailand,764,CotedIvoire,384,0,0,2,8,15,16,16,0,0,1,5,8,9,9,0,0,1,3,7,7,7
2245,Thailand,764,DemocraticRepublicoftheCongo,180,0,0,2,8,15,16,16,0,0,1,5,8,9,9,0,0,1,3,7,7,7
2246,Thailand,764,Denmark,208,429,392,437,497,593,636,665,329,294,318,354,417,447,467,100,98,119,143,176,189,198
2247,Thailand,764,Ethiopia,231,0,0,0,0,2,2,2,0,0,0,0,1,1,1,0,0,0,0,1,1,1
2248,Thailand,764,France,250,1349,1220,1343,1237,1220,1308,1369,1009,916,1003,905,879,941,985,340,304,340,332,341,367,384
2249,Thailand,764,Germany,276,2551,2303,2531,2247,2126,2281,2387,2159,1948,2130,1843,1698,1821,1905,392,355,401,404,428,460,482
2250,Thailand,764,India,356,3389,5665,9112,8371,8232,8832,9245,1903,3097,4869,4651,4845,5186,5424,1486,2568,4243,3720,3387,3646,3821
2251,Thailand,764,Indonesia,360,545,495,549,564,621,666,697,266,246,271,294,345,369,386,279,249,278,270,276,297,311
2252,Thailand,764,IranIslamicRepublicof,364,0,9,21,16,13,13,13,0,5,11,9,7,7,7,0,4,10,7,6,6,6
2253,Thailand,764,Iraq,368,0,16,36,54,76,81,84,0,8,18,27,37,40,42,0,8,18,27,39,41,42
2254,Thailand,764,Italy,380,662,598,658,591,567,608,636,493,449,493,436,414,444,465,169,149,165,155,153,164,171
2255,Thailand,764,Japan,392,10091,9092,9971,8458,7553,8103,8481,6054,5625,6274,5344,4862,5206,5445,4037,3467,3697,3114,2691,2897,3036
2256,Thailand,764,LaoPeoplesDemocraticRepublic,418,165019,205957,289386,540225,829426,899705,941309,75232,95882,133655,238083,365662,395488,413070,89787,110075,155731,302142,463764,504217,528239
2257,Thailand,764,Liberia,430,0,0,1,0,1,1,1,0,0,0,0,1,1,1,0,0,1,0,0,0,0
2258,Thailand,764,Malaysia,458,1293,1170,1290,1209,1216,1304,1364,897,815,893,821,816,874,914,396,355,397,388,400,430,450
2259,Thailand,764,Myanmar,104,229504,436777,734129,1182070,1658622,1760543,1848270,137948,243661,394930,631207,895752,948706,994684,91556,193116,339199,550863,762870,811837,853586
2260,Thailand,764,Nepal,524,5763,9634,15494,12472,10345,11099,11618,2760,4443,6916,5483,4588,4901,5122,3003,5191,8578,6989,5757,6198,6496
2261,Thailand,764,Netherlands,528,151,252,406,500,630,675,706,121,200,320,370,448,480,502,30,52,86,130,182,195,204
2262,Thailand,764,NewZealand,554,2439,2194,2403,1963,1665,1786,1869,1011,974,1109,896,770,823,860,1428,1220,1294,1067,895,963,1009
2263,Thailand,764,Norway,578,812,732,805,709,664,712,745,423,393,437,381,359,384,402,389,339,368,328,305,328,343
2264,Thailand,764,Pakistan,586,1086,1820,2930,2463,2215,1593,2202,602,982,1543,1304,1203,881,1161,484,838,1387,1159,1012,712,1041
2265,Thailand,764,Philippines,608,1266,1146,1264,1195,1213,1301,1361,495,469,524,518,564,603,630,771,677,740,677,649,698,731
2266,Thailand,764,Portugal,620,53,88,143,306,491,526,550,35,57,90,176,277,296,309,18,31,53,130,214,230,241
2267,Thailand,764,RepublicofKorea,410,469,784,1262,1015,841,902,944,307,504,799,639,532,570,597,162,280,463,376,309,332,347
2268,Thailand,764,Rwanda,646,0,0,1,2,4,4,4,0,0,0,1,2,2,2,0,0,1,1,2,2,2
2269,Thailand,764,SaudiArabia,682,0,0,0,0,1,1,1,0,0,0,0,1,1,1,0,0,0,0,0,0,0
2270,Thailand,764,Singapore,702,809,730,803,713,675,724,757,603,546,598,515,472,506,529,206,184,205,198,203,218,228
2271,Thailand,764,Somalia,706,2,9,19,68,122,130,136,1,5,10,34,61,65,68,1,4,9,34,61,65,68
2272,Thailand,764,SriLanka,144,3781,6348,10226,8375,7126,7645,8002,2029,3306,5191,4199,3596,3845,4020,1752,3042,5035,4176,3530,3800,3982
2273,Thailand,764,Sudan,729,0,0,1,0,1,1,1,0,0,0,0,1,1,1,0,0,1,0,0,0,0
2274,Thailand,764,Sweden,752,249,416,670,634,645,692,724,179,295,469,424,415,445,466,70,121,201,210,230,247,258
2275,Thailand,764,Switzerland,756,370,619,997,901,870,933,976,306,509,814,720,680,729,763,64,110,183,181,190,204,213
2276,Thailand,764,Togo,768,0,0,0,0,2,2,2,0,0,0,0,1,1,1,0,0,0,0,1,1,1
2277,Thailand,764,Turkey,792,0,0,1,0,1,1,1,0,0,0,0,1,1,1,0,0,1,0,0,0,0
2278,Thailand,764,UnitedKingdom,826,21,36,59,951,1913,2052,2147,13,23,36,644,1305,1398,1462,8,13,23,307,608,654,685
2279,Thailand,764,UnitedStatesofAmerica,840,1640,2742,4411,3939,3750,4023,4211,1191,1966,3128,2799,2693,2885,3019,449,776,1283,1140,1057,1138,1192
2280,Thailand,764,VietNam,704,18879,12336,8340,7172,6519,6994,7322,9431,6103,3884,3358,3152,3369,3525,9448,6233,4456,3814,3367,3625,3797
2281,Thailand,764,StateofPalestine,275,0,1,3,8,14,15,15,0,1,1,4,7,8,8,0,0,2,4,7,7,7
2282,Thailand,764,Zimbabwe,716,0,0,0,0,1,1,1,0,0,0,0,1,1,1,0,0,0,0,0,0,0
2283,TimorLeste,626,Melanesia,928,0,0,0,0,0,0,0,0,0,0,0,0,0,0,0,0,0,0,0,0,0
2284,TimorLeste,626,Micronesia,954,0,0,0,0,0,0,0,0,0,0,0,0,0,0,0,0,0,0,0,0,0
2285,TimorLeste,626,Polynesia,957,0,0,0,0,0,0,0,0,0,0,0,0,0,0,0,0,0,0,0,0,0
2286,TimorLeste,626,Australia,36,425,451,482,522,543,562,553,201,204,209,238,256,349,344,224,247,273,284,287,213,209
2287,TimorLeste,626,Bangladesh,50,103,112,122,130,133,69,67,60,62,64,73,78,53,53,43,50,58,57,55,16,14
2288,TimorLeste,626,Brazil,76,152,165,181,192,197,66,64,59,67,76,76,71,38,38,93,98,105,116,126,28,26
2289,TimorLeste,626,China,156,928,1012,1104,1172,1196,953,938,588,637,690,781,851,674,664,340,375,414,391,345,279,274
2290,TimorLeste,626,Cuba,192,85,92,101,107,110,29,27,41,44,47,50,51,17,17,44,48,54,57,59,12,10
2291,TimorLeste,626,Indonesia,360,4485,4893,5337,5666,5779,4177,4113,2093,2252,2419,2603,2667,2380,2340,2392,2641,2918,3063,3112,1797,1773
2292,TimorLeste,626,Malaysia,458,134,145,159,169,173,65,63,71,76,83,92,98,42,42,63,69,76,77,75,23,21
2293,TimorLeste,626,NewZealand,554,139,151,165,175,179,72,70,75,81,88,98,104,46,46,64,70,77,77,75,26,24
2294,TimorLeste,626,Pakistan,586,190,207,226,240,245,306,301,103,111,120,133,140,199,197,87,96,106,107,105,107,104
2295,TimorLeste,626,Philippines,608,591,629,673,731,762,377,370,317,320,324,378,427,248,244,274,309,349,353,335,129,126
2296,TimorLeste,626,Portugal,620,258,281,308,327,334,276,271,123,133,145,157,162,156,154,135,148,163,170,172,120,117
2297,TimorLeste,626,Singapore,702,57,62,68,73,75,81,79,31,33,35,39,42,49,49,26,29,33,34,33,32,30
2298,TimorLeste,626,Thailand,764,119,130,143,152,155,62,60,49,53,58,61,59,28,28,70,77,85,91,96,34,32
2299,TimorLeste,626,UnitedStatesofAmerica,840,64,64,66,70,72,59,57,26,27,28,26,21,36,36,38,37,38,44,51,23,21
2300,TimorLeste,626,VietNam,704,162,176,192,204,209,208,204,69,75,80,85,86,124,123,93,101,112,119,123,84,81
2301,VietNam,704,Melanesia,928,0,0,0,0,0,0,0,0,0,0,0,0,0,0,0,0,0,0,0,0,0
2302,VietNam,704,Micronesia,954,0,0,0,0,0,0,0,0,0,0,0,0,0,0,0,0,0,0,0,0,0
2303,VietNam,704,Polynesia,957,0,0,0,0,0,0,0,0,0,0,0,0,0,0,0,0,0,0,0,0,0
2304,VietNam,704,Australia,36,16,28,45,36,32,37,37,8,15,25,22,17,19,20,8,13,20,14,15,18,17
2305,VietNam,704,Bangladesh,50,225,523,1244,4129,6540,7895,8325,215,355,719,2399,3596,4306,4542,10,168,525,1730,2944,3589,3783
2306,VietNam,704,Myanmar,104,963,2690,6807,7834,9356,11187,11796,569,1552,4087,5012,5904,6801,7172,394,1138,2720,2822,3452,4386,4624
2307,VietNam,704,Cambodia,116,21150,34400,15945,2357,1928,990,1043,11456,18916,9223,1417,1124,574,606,9694,15484,6722,940,804,416,437
2308,VietNam,704,Canada,124,26,77,201,544,1205,1454,1532,14,45,126,347,743,891,940,12,32,75,197,462,563,592
2309,VietNam,704,SriLanka,144,46,114,278,151,101,79,82,24,62,159,91,60,47,50,22,52,119,60,41,32,32
2310,VietNam,704,China,156,612,1192,2573,2661,2440,3005,3167,323,650,1481,1604,1427,1753,1848,289,542,1092,1057,1013,1252,1319
2311,VietNam,704,France,250,21,53,127,145,170,205,215,14,37,90,105,121,146,155,7,16,37,40,49,59,60
2312,VietNam,704,India,356,116,350,933,1143,1614,1938,2043,34,174,552,695,958,1142,1205,82,176,381,448,656,796,838
2313,VietNam,704,Indonesia,360,793,2197,5662,5861,6511,7860,8288,488,1281,3387,3594,3867,4637,4891,305,916,2275,2267,2644,3223,3397
2314,VietNam,704,Japan,392,124,224,471,809,1542,1843,1942,81,145,310,538,991,1178,1241,43,79,161,271,551,665,701
2315,VietNam,704,DemPeoplesRepublicofKorea,408,56,228,648,867,1246,1503,1584,31,124,374,515,708,847,894,25,104,274,352,538,656,690
2316,VietNam,704,RepublicofKorea,410,25,75,196,639,1495,1805,1902,16,44,119,394,890,1067,1125,9,31,77,245,605,738,777
2317,VietNam,704,LaoPeoplesDemocraticRepublic,418,1033,1889,3994,4941,5981,6956,7334,457,921,2130,2742,3202,3965,4182,576,968,1864,2199,2779,2991,3152
2318,VietNam,704,Malaysia,458,13,33,79,90,106,128,133,11,27,65,75,87,105,110,2,6,14,15,19,23,23
2319,VietNam,704,Nepal,524,106,299,774,1375,1944,2315,2440,50,150,420,786,1061,1253,1321,56,149,354,589,883,1062,1119
2320,VietNam,704,Pakistan,586,30,70,166,338,490,591,622,26,46,96,197,270,323,341,4,24,70,141,220,268,281
2321,VietNam,704,Philippines,608,12,29,70,80,94,113,118,7,17,42,50,58,69,74,5,12,28,30,36,44,44
2322,VietNam,704,Singapore,702,294,522,1046,1220,1451,1751,1845,115,234,530,642,727,869,915,179,288,516,578,724,882,930
2323,VietNam,704,Thailand,764,1218,2995,7145,8148,9570,11552,12192,629,1623,4119,4896,5596,6708,7074,589,1372,3026,3252,3974,4844,5118
2324,VietNam,704,UnitedKingdom,826,256,1230,3613,2803,927,1119,1178,140,641,1996,1610,504,603,635,116,589,1617,1193,423,516,543
2325,VietNam,704,UnitedStatesofAmerica,840,263,585,1359,1812,2625,3164,3335,158,341,812,1108,1536,1838,1937,105,244,547,704,1089,1326,1398
2326,Afghanistan,4,Melanesia,928,0,0,0,0,0,0,0,0,0,0,0,0,0,0,0,0,0,0,0,0,0
2327,Afghanistan,4,Micronesia,954,0,0,0,0,0,0,0,0,0,0,0,0,0,0,0,0,0,0,0,0,0
2328,Afghanistan,4,Polynesia,957,0,0,0,0,0,0,0,0,0,0,0,0,0,0,0,0,0,0,0,0,0
2329,Afghanistan,4,Pakistan,586,8107,17225,26343,37163,47984,268369,102500,4576,9722,14868,20975,27082,137935,49988,3531,7503,11475,16188,20902,130434,52512
2330,Afghanistan,4,Tajikistan,762,40537,36733,32929,28460,23991,15031,4422,22879,20733,18586,16064,13541,6364,1735,17658,16000,14343,12396,10450,8667,2687
2331,Afghanistan,4,Uzbekistan,860,2027,1836,1646,1422,1199,751,219,1144,1036,929,803,677,318,86,883,800,717,619,522,433,133
2332,Bangladesh,50,Melanesia,928,0,0,0,0,0,0,0,0,0,0,0,0,0,0,0,0,0,0,0,0,0
2333,Bangladesh,50,Micronesia,954,0,0,0,0,0,0,0,0,0,0,0,0,0,0,0,0,0,0,0,0,0
2334,Bangladesh,50,Polynesia,957,0,0,0,0,0,0,0,0,0,0,0,0,0,0,0,0,0,0,0,0,0
2335,Bangladesh,50,Bahrain,48,89,10375,20661,24592,28471,30160,29574,49,5603,11157,13280,15375,16287,9136,40,4772,9504,11312,13096,13873,20438
2336,Bangladesh,50,Brazil,76,552,5387,10221,12165,14083,14919,14628,299,2909,5520,6570,7605,8057,4518,253,2478,4701,5595,6478,6862,10110
2337,Bangladesh,50,Myanmar,104,225851,228109,230390,128693,235019,237369,907426,106150,107212,108284,60486,110459,111564,724552,119701,120897,122106,68207,124560,125805,182874
2338,Bangladesh,50,Cambodia,116,12924,13190,13455,16015,18541,19642,19259,6979,7123,7266,8649,10013,10607,5949,5945,6067,6189,7366,8528,9035,13310
2339,Bangladesh,50,China,156,140163,131427,122691,145405,160252,162772,159619,75689,70971,66254,78519,86537,87897,49302,64474,60456,56437,66886,73715,74875,110317
2340,Bangladesh,50,India,356,13339,18075,22811,27687,32301,34431,33762,7204,9761,12318,14951,17443,18593,10428,6135,8314,10493,12736,14858,15838,23334
2341,Bangladesh,50,Indonesia,360,70627,84052,97476,123383,143647,152862,149901,38139,45389,52638,66627,77570,82546,46300,32488,38663,44838,56756,66077,70316,103601
2342,Bangladesh,50,Japan,392,9042,9330,9618,11317,13041,13763,13494,4883,5039,5194,6112,7043,7433,4168,4159,4291,4424,5205,5998,6330,9326
2343,Bangladesh,50,LaoPeoplesDemocraticRepublic,418,58722,59555,60387,71878,83217,88155,86447,31710,32160,32609,38815,44938,47604,26701,27012,27395,27778,33063,38279,40551,59746
2344,Bangladesh,50,Malaysia,458,92533,126263,159993,190436,204878,203561,199618,49968,68183,86397,102836,110635,109923,61656,42565,58080,73596,87600,94243,93638,137962
2345,Bangladesh,50,Nepal,524,9670,11361,13051,24995,33308,39059,38301,5222,6135,7048,13498,17987,21092,11831,4448,5226,6003,11497,15321,17967,26470
2346,Bangladesh,50,Norway,578,4240,7022,9804,11669,13509,14311,14032,2290,3792,5295,6302,7295,7728,4335,1950,3230,4509,5367,6214,6583,9697
2347,Bangladesh,50,Singapore,702,10556,9063,7569,8316,9307,9583,9396,5701,4895,4088,4491,5026,5175,2902,4855,4168,3481,3825,4281,4408,6494
2348,Bangladesh,50,VietNam,704,40088,29184,18280,22153,25830,27521,26986,21648,15760,9872,11963,13949,14862,8336,18440,13424,8408,10190,11881,12659,18650
2349,Bangladesh,50,Thailand,764,15503,11945,8386,9181,10259,10548,10343,8372,6451,4529,4958,5540,5696,3196,7131,5494,3857,4223,4719,4852,7147
2350,Bangladesh,50,UnitedKingdom,826,9090,16056,23021,27337,31619,33470,32820,4909,8671,12432,14762,17075,18074,10137,4181,7385,10589,12575,14544,15396,22683
2351,Bangladesh,50,UnitedStatesofAmerica,840,28559,30085,31610,37560,43455,46008,45115,15422,16246,17070,20283,23466,24845,13935,13137,13839,14540,17277,19989,21163,31180
2352,Bhutan,64,Melanesia,928,0,0,0,0,0,0,0,0,0,0,0,0,0,0,0,0,0,0,0,0,0
2353,Bhutan,64,Micronesia,954,0,0,0,0,0,0,0,0,0,0,0,0,0,0,0,0,0,0,0,0,0
2354,Bhutan,64,Polynesia,957,0,0,0,0,0,0,0,0,0,0,0,0,0,0,0,0,0,0,0,0,0
2355,Bhutan,64,Australia,36,12,15,17,21,25,27,27,10,12,14,17,20,22,23,2,3,3,4,5,5,4
2356,Bhutan,64,Bangladesh,50,24,28,33,41,49,52,53,16,19,23,28,33,35,37,8,9,10,13,16,17,16
2357,Bhutan,64,Myanmar,104,16,19,22,27,32,34,34,10,12,14,17,20,21,22,6,7,8,10,12,13,12
2358,Bhutan,64,Canada,124,17,20,23,29,35,37,37,8,10,11,14,17,18,19,9,10,12,15,18,19,18
2359,Bhutan,64,SriLanka,144,15,18,21,26,31,33,33,8,10,12,14,16,18,19,7,8,9,12,15,15,14
2360,Bhutan,64,China,156,422,496,570,714,858,906,949,225,264,304,376,448,673,706,197,232,266,338,410,233,243
2361,Bhutan,64,Denmark,208,18,21,24,30,36,38,38,12,14,16,20,24,25,26,6,7,8,10,12,13,12
2362,Bhutan,64,France,250,14,17,19,24,29,30,30,7,9,10,12,14,15,16,7,8,9,12,15,15,14
2363,Bhutan,64,Germany,276,12,15,17,21,25,27,27,7,9,10,12,14,15,16,5,6,7,9,11,12,11
2364,Bhutan,64,India,356,20841,24485,28128,35256,42383,44732,46974,17317,20343,23368,29215,35061,38509,40408,3524,4142,4760,6041,7322,6223,6566
2365,Bhutan,64,Italy,380,6,7,8,10,12,13,12,4,5,6,7,8,9,9,2,2,2,3,4,4,3
2366,Bhutan,64,Japan,392,59,69,80,100,120,127,132,38,44,52,64,76,81,86,21,25,28,36,44,46,46
2367,Bhutan,64,RepublicofKorea,410,15,18,21,26,31,33,33,7,9,11,13,15,16,17,8,9,10,13,16,17,16
2368,Bhutan,64,Nepal,524,334,392,451,565,679,717,751,220,258,297,369,441,426,447,114,134,154,196,238,291,304
2369,Bhutan,64,Netherlands,528,9,11,13,16,19,20,19,6,8,9,11,13,14,14,3,3,4,5,6,6,5
2370,Bhutan,64,NewZealand,554,11,13,15,19,23,24,24,7,8,9,12,15,15,16,4,5,6,7,8,9,8
2371,Bhutan,64,Pakistan,586,10,12,14,17,20,22,21,10,12,14,17,20,22,21,0,0,0,0,0,0,0
2372,Bhutan,64,Philippines,608,9,10,12,15,18,19,18,7,8,10,12,14,15,15,2,2,2,3,4,4,3
2373,Bhutan,64,Singapore,702,8,10,11,14,17,18,17,4,5,5,7,9,9,9,4,5,6,7,8,9,8
2374,Bhutan,64,Sweden,752,11,13,14,18,22,23,22,6,8,8,10,12,13,13,5,5,6,8,10,10,9
2375,Bhutan,64,Switzerland,756,11,13,15,19,23,24,24,9,10,12,15,18,19,20,2,3,3,4,5,5,4
2376,Bhutan,64,Thailand,764,28,33,38,48,58,61,62,15,18,21,26,31,33,34,13,15,17,22,27,28,28
2377,Bhutan,64,UnitedKingdom,826,17,19,22,28,34,36,36,8,8,9,12,15,15,16,9,11,13,16,19,21,20
2378,Bhutan,64,UnitedStatesofAmerica,840,63,74,85,107,129,136,141,33,39,45,56,67,71,75,30,35,40,51,62,65,66
2379,India,356,Melanesia,928,2385,1298,210,598,895,833,779,985,538,91,298,362,327,298,1400,760,119,300,533,506,481
2380,India,356,Micronesia,954,0,0,0,0,0,0,0,0,0,0,0,0,0,0,0,0,0,0,0,0,0
2381,India,356,Polynesia,957,0,0,0,0,0,0,0,0,0,0,0,0,0,0,0,0,0,0,0,0,0
2382,India,356,Afghanistan,4,14159,19916,12794,15792,18085,16851,16094,7259,10318,6593,8211,8743,7982,7973,6900,9598,6201,7581,9342,8869,8121
2383,India,356,Australia,36,3116,1964,812,2845,4400,4099,3833,1344,871,398,1655,2219,2029,1864,1772,1093,414,1190,2181,2070,1969
2384,India,356,Bangladesh,50,4375155,4127135,3879114,3298833,2855334,2660632,2488471,2324893,2180615,2036336,1659058,1474495,1349706,1241322,2050262,1946520,1842778,1639775,1380839,1310926,1247149
2385,India,356,Bhutan,64,11088,9610,8131,9661,10831,10092,9438,5491,4868,4244,5105,5420,4955,4551,5597,4742,3887,4556,5411,5137,4887
2386,India,356,BruneiDarussalam,96,16220,23639,31057,28757,27000,25158,23530,10518,15249,19979,18045,16754,15431,14277,5702,8390,11078,10712,10246,9727,9253
2387,India,356,Canada,124,6474,4242,2009,3637,4883,4550,4255,3011,2005,999,2012,2473,2263,2080,3463,2237,1010,1625,2410,2287,2175
2388,India,356,China,156,18165,98000,92343,96684,100003,110098,108008,10785,50768,47583,50293,51531,56733,55657,7380,47232,44760,46391,48472,53365,52351
2389,India,356,Fiji,242,2385,1298,210,598,895,833,779,985,538,91,298,362,327,298,1400,760,119,300,533,506,481
2390,India,356,France,250,5858,3628,1397,1734,1992,1856,1735,2694,1679,664,864,947,864,792,3164,1949,733,870,1045,992,943
2391,India,356,Germany,276,5654,4140,2626,2687,2734,2547,2382,2682,1810,938,1123,1327,1212,1112,2972,2330,1688,1564,1407,1335,1270
2392,India,356,Indonesia,360,1786,1394,1002,1291,1512,1408,1316,777,595,414,580,642,583,532,1009,799,588,711,870,825,784
2393,India,356,IranIslamicRepublicof,364,3051,2569,2086,2330,2518,2346,2194,1535,1246,957,1117,1196,1091,1001,1516,1323,1129,1213,1322,1255,1193
2394,India,356,Iraq,368,1189,900,610,700,770,717,670,521,408,294,383,451,415,383,668,492,316,317,319,302,287
2395,India,356,Japan,392,903,890,876,1548,2063,1922,1797,410,381,352,742,896,815,744,493,509,524,806,1167,1107,1053
2396,India,356,Kazakhstan,398,1408,2052,2696,1449,497,463,433,73,88,103,89,209,190,174,1335,1964,2593,1360,288,273,259
2397,India,356,Kenya,404,8170,5541,2912,6291,8874,8268,7733,3855,2625,1396,3399,4225,3855,3535,4315,2916,1516,2892,4649,4413,4198
2398,India,356,Kuwait,414,16860,12149,7437,10884,13519,12597,11781,8100,5857,3614,5737,6681,6106,5606,8760,6292,3823,5147,6838,6491,6175
2399,India,356,Malaysia,458,12295,13758,15220,15439,15607,14542,13601,5101,4605,4108,5091,6233,5643,5135,7194,9153,11112,10348,9374,8899,8466
2400,India,356,Maldives,462,1810,1027,243,667,992,924,864,1493,812,131,393,510,467,430,317,215,112,274,482,457,434
2401,India,356,Mauritius,480,2547,1455,362,382,399,371,346,1297,719,141,150,152,137,124,1250,736,221,232,247,234,222
2402,India,356,Myanmar,104,85706,73795,61884,63976,65575,61103,57149,44527,38244,31962,32463,32031,29258,26854,41179,35551,29922,31513,33544,31845,30295
2403,India,356,Nepal,524,518212,591200,664187,764918,841906,784497,733734,223552,266232,308912,326255,296878,267064,241475,294660,324968,355275,438663,545028,517433,492259
2404,India,356,Nigeria,566,1286,1038,790,930,1037,966,903,734,570,407,532,619,570,527,552,468,383,398,418,396,376
2405,India,356,Pakistan,586,1921278,1637255,1353231,1128173,956166,890966,833314,1024721,863727,702733,562185,497972,455971,419482,896557,773528,650498,565988,458194,434995,413832
2406,India,356,Portugal,620,454,323,191,299,383,356,332,182,136,89,151,176,160,146,272,187,102,148,207,196,186
2407,India,356,SaudiArabia,682,6058,5767,5476,11769,16579,15448,14448,3015,2950,2886,6873,8741,8007,7370,3043,2817,2590,4896,7838,7441,7078
2408,India,356,Singapore,702,9307,7240,5173,7228,8799,8199,7668,3962,3016,2071,3222,3639,3301,3009,5345,4224,3102,4006,5160,4898,4659
2409,India,356,SriLanka,144,281720,235785,189850,202417,212022,197564,184780,143161,119180,95199,102683,105804,96724,88846,138559,116605,94651,99734,106218,100840,95934
2410,India,356,Turkey,792,343,236,129,141,151,140,130,163,112,61,72,79,72,66,180,124,68,69,72,68,64
2411,India,356,RussianFederation,643,3445,2547,1649,1526,1433,1335,1248,1691,1244,797,703,645,587,537,1754,1303,852,823,788,748,711
2412,India,356,Uganda,800,2058,1465,872,29845,51990,48444,45309,935,680,426,14670,18027,16201,14635,1123,785,446,15175,33963,32243,30674
2413,India,356,UnitedArabEmirates,784,9940,12301,14662,31371,44142,41132,38470,4881,6147,7413,18007,22977,21039,19355,5059,6154,7249,13364,21165,20093,19115
2414,India,356,UnitedKingdom,826,5063,5508,5952,9732,12622,11761,10999,2394,2614,2833,5154,6181,5647,5183,2669,2894,3119,4578,6441,6114,5816
2415,India,356,UnitedStatesofAmerica,840,5649,4490,3330,22818,37713,35141,32867,2711,2176,1640,13797,19341,17700,16275,2938,2314,1690,9021,18372,17441,16592
2416,India,356,VietNam,704,2832,1762,692,1161,1520,1416,1324,759,533,307,537,591,535,486,2073,1229,385,624,929,881,838
2417,India,356,Zambia,894,1008,920,831,1304,1666,1552,1451,430,418,405,607,622,561,509,578,502,426,697,1044,991,942
2418,IranIslamicRepublicof,364,Melanesia,928,0,0,0,0,0,0,0,0,0,0,0,0,0,0,0,0,0,0,0,0,0
2419,IranIslamicRepublicof,364,Micronesia,954,0,0,0,0,0,0,0,0,0,0,0,0,0,0,0,0,0,0,0,0,0
2420,IranIslamicRepublicof,364,Polynesia,957,0,0,0,0,0,0,0,0,0,0,0,0,0,0,0,0,0,0,0,0,0
2421,IranIslamicRepublicof,364,Afghanistan,4,3980307,2660518,2232283,2376348,2572558,2621236,2710601,2209668,1471768,1232291,1305236,1411729,1429578,1471475,1770639,1188750,999992,1071112,1160829,1191658,1239126
2422,IranIslamicRepublicof,364,Armenia,51,571,575,1287,1867,1517,1185,989,252,258,657,934,720,578,486,319,317,630,933,797,607,503
2423,IranIslamicRepublicof,364,Azerbaijan,31,896,903,3046,7767,7349,5744,4788,430,441,1632,3922,3480,2794,2347,466,462,1414,3845,3869,2950,2441
2424,IranIslamicRepublicof,364,Iraq,368,290278,257645,204812,121384,99556,68735,54445,148809,130362,109691,64700,53681,38198,30224,141469,127283,95121,56684,45875,30537,24221
2425,IranIslamicRepublicof,364,Pakistan,586,9925,8297,15251,18233,19207,16032,12575,4683,4207,8819,10398,10983,9314,7306,5242,4090,6432,7835,8224,6718,5269
2426,IranIslamicRepublicof,364,Turkey,792,393,590,1110,1099,1558,910,384,185,284,603,584,844,538,231,208,306,507,515,714,372,153
2427,IranIslamicRepublicof,364,Turkmenistan,795,237,238,944,2990,2999,2344,1954,107,109,522,1761,1743,1388,1162,130,129,422,1229,1256,956,792
2428,Maldives,462,Melanesia,928,0,0,0,0,0,0,0,0,0,0,0,0,0,0,0,0,0,0,0,0,0
2429,Maldives,462,Micronesia,954,0,0,0,0,0,0,0,0,0,0,0,0,0,0,0,0,0,0,0,0,0
2430,Maldives,462,Polynesia,957,0,0,0,0,0,0,0,0,0,0,0,0,0,0,0,0,0,0,0,0,0
2431,Maldives,462,Australia,36,37,43,48,56,67,78,84,20,21,26,33,51,69,76,17,22,22,23,16,9,8
2432,Maldives,462,Austria,40,50,36,21,17,20,23,23,27,18,11,10,15,20,21,23,18,10,7,5,3,2
2433,Maldives,462,Bangladesh,50,1623,3574,5286,20163,28598,37034,40390,892,1788,2914,12447,24501,36556,39871,731,1786,2372,7716,4097,478,519
2434,Maldives,462,Canada,124,12,46,78,66,80,94,101,7,21,39,36,59,82,90,5,25,39,30,21,12,11
2435,Maldives,462,SriLanka,144,4289,6212,7720,6929,6850,6772,7383,2359,3104,4251,3996,4912,5828,6356,1930,3108,3469,2933,1938,944,1027
2436,Maldives,462,France,250,51,70,86,81,98,115,124,28,35,47,47,74,101,110,23,35,39,34,24,14,14
2437,Maldives,462,Germany,276,251,213,162,176,213,250,271,138,106,89,103,161,219,239,113,107,73,73,52,31,32
2438,Maldives,462,India,356,951,6418,11427,13773,13568,13364,14596,523,3202,6287,8124,8972,9821,10698,428,3216,5140,5649,4596,3543,3898
2439,Maldives,462,Italy,380,310,352,374,294,229,164,177,170,174,204,167,129,91,99,140,178,170,127,100,73,78
2440,Maldives,462,Japan,392,65,76,83,86,97,109,118,36,38,45,52,39,26,29,29,38,38,34,58,83,89
2441,Maldives,462,Lebanon,422,7,7,8,8,9,10,9,4,4,5,5,7,9,9,3,3,3,3,2,1,0
2442,Maldives,462,Malaysia,458,46,53,58,60,80,101,108,25,26,32,35,47,60,65,21,27,26,25,33,41,43
2443,Maldives,462,NewZealand,554,6,8,10,13,15,17,17,3,4,5,7,11,15,16,3,4,5,6,4,2,1
2444,Maldives,462,Pakistan,586,79,92,100,104,203,303,329,43,46,55,61,152,244,266,36,46,45,43,51,59,63
2445,Maldives,462,Philippines,608,303,237,156,525,717,910,991,167,119,86,323,313,303,331,136,118,70,202,404,607,660
2446,Maldives,462,Singapore,702,42,49,54,55,66,77,82,23,25,30,32,50,68,74,19,24,24,23,16,9,8
2447,Maldives,462,Sweden,752,11,24,36,26,31,36,37,6,12,19,15,24,32,34,5,12,17,11,7,4,3
2448,Maldives,462,Switzerland,756,102,100,92,84,101,118,128,56,50,50,49,76,103,113,46,50,42,35,25,15,15
2449,Maldives,462,Thailand,764,67,78,84,87,193,299,325,37,39,46,52,68,83,91,30,39,38,35,125,216,234
2450,Maldives,462,Egypt,818,15,24,33,27,32,37,38,8,12,18,16,25,33,35,7,12,15,11,7,4,3
2451,Maldives,462,UnitedKingdom,826,94,94,89,101,102,103,110,52,47,49,60,63,65,71,42,47,40,41,39,38,39
2452,Maldives,462,UnitedStatesofAmerica,840,24,20,16,32,38,44,46,13,10,9,21,31,40,43,11,10,7,11,7,4,3
2453,Nepal,524,Melanesia,928,0,0,0,0,0,0,0,0,0,0,0,0,0,0,0,0,0,0,0,0,0
2454,Nepal,524,Micronesia,954,0,0,0,0,0,0,0,0,0,0,0,0,0,0,0,0,0,0,0,0,0
2455,Nepal,524,Polynesia,957,0,0,0,0,0,0,0,0,0,0,0,0,0,0,0,0,0,0,0,0,0
2456,Nepal,524,Bangladesh,50,500,577,522,453,244,233,222,43,109,174,122,123,118,113,457,468,348,331,121,115,109
2457,Nepal,524,Bhutan,64,16805,107664,111196,108387,75457,28740,27502,8065,54530,56629,55123,38594,14760,14018,8740,53134,54567,53264,36863,13980,13484
2458,Nepal,524,SriLanka,144,78,98,87,77,42,46,42,44,10,20,14,17,20,19,34,88,67,63,25,26,23
2459,Nepal,524,China,156,21906,25260,22820,20155,20977,20302,19428,9448,12500,13348,10998,6200,5946,5580,12458,12760,9472,9157,14777,14356,13848
2460,Nepal,524,India,356,369370,515578,543594,514650,461186,446113,426941,101830,132220,152241,152152,133094,127498,119572,267540,383358,391353,362498,328092,318615,307369
2461,Nepal,524,Pakistan,586,2371,2734,2470,2156,1296,1268,1212,886,1213,1341,1078,836,815,776,1485,1521,1129,1078,460,453,436
2462,Pakistan,586,Melanesia,928,0,0,0,0,0,0,0,0,0,0,0,0,0,0,0,0,0,0,0,0,0
2463,Pakistan,586,Micronesia,954,0,0,0,0,0,0,0,0,0,0,0,0,0,0,0,0,0,0,0,0,0
2464,Pakistan,586,Polynesia,957,0,0,0,0,0,0,0,0,0,0,0,0,0,0,0,0,0,0,0,0,0
2465,Pakistan,586,Afghanistan,4,3374973,1291867,2069977,1166210,1990641,1710378,1598223,1723293,660633,1106710,623606,1017008,810665,805362,1651680,631234,963267,542604,973633,899713,792861
2466,Pakistan,586,Myanmar,104,3598,3000,2662,2551,2479,2460,2297,1873,1559,1382,1325,1287,1279,1257,1725,1441,1280,1226,1192,1181,1040
2467,Pakistan,586,SriLanka,144,889,413,569,384,663,578,539,464,219,308,210,346,286,283,425,194,261,174,317,292,256
2468,Pakistan,586,China,156,490,410,363,347,338,334,311,283,237,210,201,196,194,188,207,173,153,146,142,140,123
2469,Pakistan,586,India,356,2818248,2365884,2101039,1998814,1943345,1709217,1597134,1532902,1284253,1137266,1081490,1053199,988946,962407,1285346,1081631,963773,917324,890146,720271,634727
2470,Pakistan,586,Indonesia,360,599,502,443,423,413,408,380,338,283,250,239,226,230,224,261,219,193,184,187,178,156
2471,Pakistan,586,IranIslamicRepublicof,364,4108,3060,2940,2381,2345,2301,2148,2246,1685,1620,1319,1297,1272,1242,1862,1375,1320,1062,1048,1029,906
2472,Pakistan,586,Iraq,368,894,466,586,289,287,251,233,459,240,310,151,149,125,123,435,226,276,138,138,126,110
2473,SriLanka,144,Melanesia,928,0,0,0,0,0,0,0,0,0,0,0,0,0,0,0,0,0,0,0,0,0
2474,SriLanka,144,Micronesia,954,0,0,0,0,0,0,0,0,0,0,0,0,0,0,0,0,0,0,0,0,0
2475,SriLanka,144,Polynesia,957,0,0,0,0,0,0,0,0,0,0,0,0,0,0,0,0,0,0,0,0,0
2476,SriLanka,144,Afghanistan,4,0,15,31,63,129,131,132,0,13,22,33,68,69,71,0,2,9,30,61,62,61
2477,SriLanka,144,Australia,36,51,100,150,253,465,469,474,32,69,96,126,229,226,232,19,31,54,127,236,243,242
2478,SriLanka,144,Bahrain,48,4,50,97,194,393,398,402,2,40,68,100,206,205,210,2,10,29,94,187,193,192
2479,SriLanka,144,Bangladesh,50,7,85,164,326,658,665,673,5,75,136,240,488,491,500,2,10,28,86,170,174,173
2480,SriLanka,144,Bhutan,64,2,28,56,113,229,231,233,1,23,41,63,130,129,132,1,5,15,50,99,102,101
2481,SriLanka,144,Canada,124,2,31,61,122,247,250,251,1,25,43,63,130,129,131,1,6,18,59,117,121,120
2482,SriLanka,144,China,156,37,312,588,1153,2312,2447,2481,30,285,534,1011,2035,2147,2181,7,27,54,142,277,300,300
2483,SriLanka,144,Cyprus,196,2,31,61,122,247,250,251,1,25,43,63,129,128,130,1,6,18,59,118,122,121
2484,SriLanka,144,Finland,246,0,6,14,29,61,61,60,0,5,8,9,21,20,20,0,1,6,20,40,41,40
2485,SriLanka,144,France,250,50,78,107,168,294,297,300,31,52,69,90,157,156,159,19,26,38,78,137,141,141
2486,SriLanka,144,Germany,276,21,83,147,278,547,554,560,14,64,103,152,302,302,309,7,19,44,126,245,252,251
2487,SriLanka,144,Greece,300,1,11,22,44,89,90,89,1,9,16,25,50,50,50,0,2,6,19,39,40,39
2488,SriLanka,144,Haiti,332,0,3,8,18,38,37,36,0,3,5,8,17,16,16,0,0,3,10,21,21,20
2489,SriLanka,144,India,356,39329,35506,31618,24499,10529,10658,10837,22147,18861,16266,13375,5503,5475,5603,17182,16645,15352,11124,5026,5183,5234
2490,SriLanka,144,Indonesia,360,3,40,79,157,317,320,323,1,30,47,53,110,107,110,2,10,32,104,207,213,213
2491,SriLanka,144,IranIslamicRepublicof,364,1,12,25,51,103,104,104,1,10,19,32,65,65,66,0,2,6,19,38,39,38
2492,SriLanka,144,Iraq,368,0,4,9,19,40,40,39,0,4,7,10,22,22,22,0,0,2,9,18,18,17
2493,SriLanka,144,Israel,376,0,5,12,26,55,55,54,0,5,10,17,37,37,37,0,0,2,9,18,18,17
2494,SriLanka,144,Italy,380,3,637,1273,2571,5236,5096,5168,3,518,883,1288,2670,2449,2508,0,119,390,1283,2566,2647,2660
2495,SriLanka,144,Japan,392,9,107,207,410,828,838,848,6,84,139,192,394,391,400,3,23,68,218,434,447,448
2496,SriLanka,144,Jordan,400,3,34,67,134,271,274,276,2,27,45,62,127,126,128,1,7,22,72,144,148,148
2497,SriLanka,144,RepublicofKorea,410,7,77,149,296,596,603,611,4,61,101,145,297,294,301,3,16,48,151,299,309,310
2498,SriLanka,144,Kuwait,414,20,224,430,849,1711,1731,1753,10,175,288,401,824,816,834,10,49,142,448,887,915,919
2499,SriLanka,144,Lebanon,422,8,94,181,358,723,732,741,4,74,122,169,348,345,353,4,20,59,189,375,387,388
2500,SriLanka,144,Libya,434,0,4,9,19,40,40,39,0,4,7,12,25,25,25,0,0,2,7,15,15,14
2501,SriLanka,144,Malaysia,458,22,128,235,453,901,912,925,13,95,146,181,365,360,372,9,33,89,272,536,552,553
2502,SriLanka,144,Maldives,462,17,193,370,731,1474,1390,1408,8,149,240,317,654,545,560,9,44,130,414,820,845,848
2503,SriLanka,144,Oman,512,3,41,81,161,325,328,331,1,32,54,75,154,153,157,2,9,27,86,171,175,174
2504,SriLanka,144,Nepal,524,4,43,84,167,337,340,343,3,37,66,111,226,225,229,1,6,18,56,111,115,114
2505,SriLanka,144,NewZealand,554,1,13,27,54,110,111,111,1,11,19,26,54,54,55,0,2,8,28,56,57,56
2506,SriLanka,144,Norway,578,1,14,28,57,116,117,117,1,12,20,29,59,59,60,0,2,8,28,57,58,57
2507,SriLanka,144,Pakistan,586,173,248,324,482,809,1085,1083,86,159,204,259,449,595,600,87,89,120,223,360,490,483
2508,SriLanka,144,Portugal,620,0,0,2,6,13,33,32,0,0,1,2,5,16,16,0,0,1,4,8,17,16
2509,SriLanka,144,Qatar,634,3,34,67,134,270,273,275,2,28,48,74,150,149,152,1,6,19,60,120,124,123
2510,SriLanka,144,RussianFederation,643,1,18,36,72,147,148,150,1,14,23,27,56,55,59,0,4,13,45,91,93,91
2511,SriLanka,144,SaudiArabia,682,15,167,321,635,1280,1397,1416,8,132,219,312,641,739,755,7,35,102,323,639,658,661
2512,SriLanka,144,Seychelles,690,0,2,5,12,26,25,24,0,2,4,6,14,13,13,0,0,1,6,12,12,11
2513,SriLanka,144,Singapore,702,8,78,150,296,597,604,612,5,59,95,122,251,248,256,3,19,55,174,346,356,356
2514,SriLanka,144,SouthAfrica,710,3,33,64,127,257,260,262,2,25,40,51,106,104,106,1,8,24,76,151,156,156
2515,SriLanka,144,Spain,724,0,3,8,17,36,35,34,0,3,5,7,16,15,15,0,0,3,10,20,20,19
2516,SriLanka,144,Sweden,752,29,39,51,76,127,129,130,18,26,34,46,78,79,81,11,13,17,30,49,50,49
2517,SriLanka,144,Switzerland,756,6,39,73,142,284,288,290,4,31,51,75,151,151,153,2,8,22,67,133,137,137
2518,SriLanka,144,SyrianArabRepublic,760,0,8,17,35,73,73,72,0,7,12,17,36,35,35,0,1,5,18,37,38,37
2519,SriLanka,144,Thailand,764,3,34,67,134,271,274,276,2,28,48,73,150,149,152,1,6,19,61,121,125,124
2520,SriLanka,144,UnitedArabEmirates,784,19,215,413,816,1645,1665,1688,10,170,283,406,833,828,848,9,45,130,410,812,837,840
2521,SriLanka,144,Turkey,792,0,4,10,22,45,45,44,0,4,7,12,24,24,24,0,0,3,10,21,21,20
2522,SriLanka,144,Egypt,818,1,15,31,63,128,130,131,1,13,25,42,86,87,89,0,2,6,21,42,43,42
2523,SriLanka,144,UnitedKingdom,826,48,182,317,594,1163,1177,1192,31,136,213,299,590,586,600,17,46,104,295,573,591,592
2524,SriLanka,144,UnitedStatesofAmerica,840,18,87,158,302,598,605,613,12,67,108,154,307,305,313,6,20,50,148,291,300,300
2525,Armenia,51,Melanesia,928,0,0,0,0,0,0,0,0,0,0,0,0,0,0,0,0,0,0,0,0,0
2526,Armenia,51,Micronesia,954,0,0,0,0,0,0,0,0,0,0,0,0,0,0,0,0,0,0,0,0,0
2527,Armenia,51,Polynesia,957,0,0,0,0,0,0,0,0,0,0,0,0,0,0,0,0,0,0,0,0,0
2528,Armenia,51,Azerbaijan,31,464459,560521,525188,376231,130855,78908,78560,195541,235987,221595,155727,54162,32661,32920,268918,324534,303593,220504,76693,46247,45640
2529,Armenia,51,Belarus,112,1280,929,743,493,410,306,304,380,294,253,178,158,118,119,900,635,490,315,252,188,185
2530,Armenia,51,Georgia,268,1646,27684,46779,30947,25767,38094,37921,564,9488,16040,11275,9939,14694,14832,1082,18196,30739,19672,15828,23400,23089
2531,Armenia,51,Germany,276,660,700,766,508,422,635,631,281,314,353,243,210,316,317,379,386,413,265,212,319,314
2532,Armenia,51,Greece,300,5612,3387,2073,1373,1143,1021,1015,2242,1361,841,584,509,455,457,3370,2026,1232,789,634,566,558
2533,Armenia,51,IranIslamicRepublicof,364,9654,10242,11205,7413,6172,8135,8097,4003,4478,5047,3472,3001,3956,3974,5651,5764,6158,3941,3171,4179,4123
2534,Armenia,51,Iraq,368,0,0,2,283,888,1033,1088,0,0,1,117,369,430,488,0,0,1,166,519,603,600
2535,Armenia,51,Kazakhstan,398,787,835,913,605,503,791,786,179,215,251,180,162,255,258,608,620,662,425,341,536,528
2536,Armenia,51,Lebanon,422,1129,1198,1310,868,722,853,848,440,495,559,387,336,397,399,689,703,751,481,386,456,449
2537,Armenia,51,RussianFederation,643,62218,36037,20363,13472,11216,19170,19082,20135,11100,5616,4033,3622,6191,6276,42083,24937,14747,9439,7594,12979,12806
2538,Armenia,51,SyrianArabRepublic,760,3225,3422,3743,2477,2062,17538,17416,1300,1458,1645,1134,982,8353,8354,1925,1964,2098,1343,1080,9185,9062
2539,Armenia,51,Turkey,792,1956,2075,2270,1503,1250,542,539,505,595,689,490,436,190,192,1451,1480,1581,1013,814,352,347
2540,Armenia,51,Turkmenistan,795,820,871,953,631,525,816,811,236,275,317,223,197,307,310,584,596,636,408,328,509,501
2541,Armenia,51,Ukraine,804,10066,5665,3008,1991,1657,2464,2452,3708,1807,622,464,429,638,652,6358,3858,2386,1527,1228,1826,1800
2542,Armenia,51,Uzbekistan,860,1150,1220,1335,884,736,989,983,288,340,395,281,252,339,343,862,880,940,603,484,650,640
2543,Azerbaijan,31,Melanesia,928,0,0,0,0,0,0,0,0,0,0,0,0,0,0,0,0,0,0,0,0,0
2544,Azerbaijan,31,Micronesia,954,0,0,0,0,0,0,0,0,0,0,0,0,0,0,0,0,0,0,0,0,0
2545,Azerbaijan,31,Polynesia,957,0,0,0,0,0,0,0,0,0,0,0,0,0,0,0,0,0,0,0,0,0
2546,Azerbaijan,31,Afghanistan,4,254,223,224,213,195,186,176,175,158,157,148,138,132,126,79,65,67,65,57,54,50
2547,Azerbaijan,31,Armenia,51,202586,205368,188400,170050,155685,148503,141756,94942,89233,81860,81293,77374,75416,72072,107644,116135,106540,88757,78311,73087,69684
2548,Azerbaijan,31,Belarus,112,626,549,554,525,481,459,437,114,127,122,103,108,111,107,512,422,432,422,373,348,330
2549,Azerbaijan,31,Estonia,233,662,581,586,556,509,486,462,287,272,270,247,236,231,220,375,309,316,309,273,255,242
2550,Azerbaijan,31,Georgia,268,69766,61233,61708,58561,53614,51141,48815,30871,29158,28924,26490,25318,24733,23640,38895,32075,32784,32071,28296,26408,25175
2551,Azerbaijan,31,Germany,276,389,341,344,327,299,285,270,155,148,147,134,129,126,120,234,193,197,193,170,159,150
2552,Azerbaijan,31,IranIslamicRepublicof,364,2088,1832,1846,1752,1604,1530,1460,1263,1152,1151,1072,1004,970,927,825,680,695,680,600,560,533
2553,Azerbaijan,31,Kazakhstan,398,4940,4336,4370,4147,3797,3621,3456,1837,1777,1754,1588,1539,1514,1449,3103,2559,2616,2559,2258,2107,2007
2554,Azerbaijan,31,Kyrgyzstan,417,3487,3061,3084,2927,2680,2556,2438,1547,1461,1448,1327,1268,1239,1184,1940,1600,1636,1600,1412,1317,1254
2555,Azerbaijan,31,RepublicofMoldova,498,386,339,342,324,297,283,268,45,58,55,43,49,51,49,341,281,287,281,248,232,219
2556,Azerbaijan,31,RussianFederation,643,39234,34436,34703,32933,30151,28760,27452,10717,10920,10666,9420,9405,9398,8994,28517,23516,24037,23513,20746,19362,18458
2557,Azerbaijan,31,Tajikistan,762,340,298,300,285,261,249,236,123,119,117,106,103,101,96,217,179,183,179,158,148,140
2558,Azerbaijan,31,Turkey,792,2894,2540,2560,2429,2224,2121,2023,2094,1881,1886,1770,1642,1578,1507,800,659,674,659,582,543,516
2559,Azerbaijan,31,Turkmenistan,795,2352,2065,2081,1975,1808,1724,1644,934,896,886,806,777,761,727,1418,1169,1195,1169,1031,963,917
2560,Azerbaijan,31,Ukraine,804,3842,3372,3399,3225,2953,2817,2687,817,878,850,731,753,763,730,3025,2494,2549,2494,2200,2054,1957
2561,Azerbaijan,31,Uzbekistan,860,23232,20391,20549,19501,17853,17030,16254,10255,9690,9611,8801,8412,8219,7856,12977,10701,10938,10700,9441,8811,8398
2562,Bahrain,48,Melanesia,928,0,0,0,0,0,0,0,0,0,0,0,0,0,0,0,0,0,0,0,0,0
2563,Bahrain,48,Micronesia,954,0,0,0,0,0,0,0,0,0,0,0,0,0,0,0,0,0,0,0,0,0
2564,Bahrain,48,Polynesia,957,0,0,0,0,0,0,0,0,0,0,0,0,0,0,0,0,0,0,0,0,0
2565,Bahrain,48,Afghanistan,4,215,236,258,392,613,664,860,154,167,178,267,414,457,601,61,69,80,125,199,207,259
2566,Bahrain,48,Bangladesh,50,20442,24630,28889,49900,81920,88813,115071,18393,21000,23621,42486,70746,77164,100469,2049,3630,5268,7414,11174,11649,14602
2567,Bahrain,48,SriLanka,144,5863,5119,4391,6038,9019,9777,12667,1544,1791,2002,3073,4832,5412,7196,4319,3328,2389,2965,4187,4365,5471
2568,Bahrain,48,Chad,148,140,154,169,256,401,434,562,100,109,118,175,272,300,395,40,45,51,81,129,134,167
2569,Bahrain,48,Ethiopia,231,357,392,430,565,826,895,1159,255,276,297,384,557,615,809,102,116,133,181,269,280,350
2570,Bahrain,48,Eritrea,232,508,558,610,926,1448,1569,2032,363,393,421,629,978,1079,1418,145,165,189,297,470,490,614
2571,Bahrain,48,France,250,57,118,180,693,1361,1475,1911,29,64,98,420,836,928,1226,28,54,82,273,525,547,685
2572,Bahrain,48,StateofPalestine,275,1531,1684,1843,2795,4364,4731,6129,1095,1185,1273,1899,2945,3252,4276,436,499,570,896,1419,1479,1853
2573,Bahrain,48,India,356,60505,74599,88904,157081,259915,281787,365098,46340,55490,64553,117730,196998,216192,282874,14165,19109,24351,39351,62917,65595,82224
2574,Bahrain,48,Indonesia,360,6151,7640,9152,14859,23845,25851,33493,3065,3194,3275,4975,7801,9124,12526,3086,4446,5877,9884,16044,16727,20967
2575,Bahrain,48,Jordan,400,3442,4019,4609,7772,12651,13715,17769,2070,2468,2853,4910,8060,8929,11770,1372,1551,1756,2862,4591,4786,5999
2576,Bahrain,48,Kuwait,414,1728,1913,2105,3223,5054,5479,7098,1231,1340,1447,2180,3397,3752,4934,497,573,658,1043,1657,1727,2164
2577,Bahrain,48,Lebanon,422,728,800,875,1808,3142,3406,4413,521,564,605,1226,2120,2341,3078,207,236,270,582,1022,1065,1335
2578,Bahrain,48,Morocco,504,257,282,308,439,669,725,939,184,199,213,298,451,498,655,73,83,95,141,218,227,284
2579,Bahrain,48,Nepal,524,228,250,274,1066,2095,2271,2942,163,176,189,722,1415,1563,2055,65,74,85,344,680,708,887
2580,Bahrain,48,Netherlands,528,174,156,140,169,236,255,330,66,70,74,97,141,156,206,108,86,66,72,95,99,124
2581,Bahrain,48,Nigeria,566,187,205,224,631,1179,1278,1655,134,145,155,427,794,877,1153,53,60,69,204,385,401,502
2582,Bahrain,48,Pakistan,586,20949,25280,29683,46931,74535,80807,104698,15949,18926,21876,35612,57239,62775,82095,5000,6354,7807,11319,17296,18032,22603
2583,Bahrain,48,Philippines,608,7934,10206,12508,24672,42281,45839,59391,4499,6281,8031,17725,31351,34444,45108,3435,3925,4477,6947,10930,11395,14283
2584,Bahrain,48,Qatar,634,8,13,19,99,201,217,281,1,3,4,33,69,80,110,7,10,15,66,132,137,171
2585,Bahrain,48,SaudiArabia,682,61,108,156,291,492,533,690,37,68,99,195,336,371,487,24,40,57,96,156,162,203
2586,Bahrain,48,Somalia,706,340,374,410,512,727,788,1020,243,264,284,349,490,541,711,97,110,126,163,237,247,309
2587,Bahrain,48,SouthSudan,728,522,586,652,829,1190,1290,1671,326,368,407,524,757,839,1106,196,218,245,305,433,451,565
2588,Bahrain,48,Sudan,729,4235,4760,5299,6869,9955,10792,13982,2646,2984,3308,4337,6329,7012,9244,1589,1776,1991,2532,3626,3780,4738
2589,Bahrain,48,SyrianArabRepublic,760,1777,1955,2139,2743,3954,4286,5553,1271,1376,1478,1865,2667,2945,3873,506,579,661,878,1287,1341,1680
2590,Bahrain,48,Thailand,764,294,323,353,591,960,1040,1347,210,228,244,402,648,715,940,84,95,109,189,312,325,407
2591,Bahrain,48,UnitedArabEmirates,784,771,1359,1952,3429,5663,6139,7954,313,590,859,1716,2955,3316,4416,458,769,1093,1713,2708,2823,3538
2592,Bahrain,48,Tunisia,788,155,170,186,281,440,477,618,111,120,129,191,297,328,432,44,50,57,90,143,149,186
2593,Bahrain,48,Turkey,792,1291,1420,1553,1984,2853,3093,4007,923,1000,1073,1349,1924,2125,2794,368,420,480,635,929,968,1213
2594,Bahrain,48,Egypt,818,21908,23628,25417,41784,67374,73043,94638,13549,15058,16501,27252,44061,48738,64172,8359,8570,8916,14532,23313,24305,30466
2595,Bahrain,48,UnitedKingdom,826,1614,1493,1378,1602,2181,2364,3062,940,890,835,1009,1408,1559,2053,674,603,543,593,773,805,1009
2596,Bahrain,48,UnitedStatesofAmerica,840,453,498,545,771,1169,1267,1641,324,351,377,524,788,870,1144,129,147,168,247,381,397,497
2597,Bahrain,48,Yemen,887,5876,6464,7072,10111,15381,16675,21605,4201,4548,4884,6869,10378,11459,15067,1675,1916,2188,3242,5003,5216,6538
2598,Cyprus,196,Melanesia,928,1,2,2,3,3,2,1,0,0,0,0,0,0,0,1,2,2,3,3,2,1
2599,Cyprus,196,Micronesia,954,0,0,0,0,0,0,0,0,0,0,0,0,0,0,0,0,0,0,0,0,0
2600,Cyprus,196,Polynesia,957,0,0,0,0,0,0,0,0,0,0,0,0,0,0,0,0,0,0,0,0,0
2601,Cyprus,196,Afghanistan,4,2,3,4,6,8,7,6,2,3,4,4,6,6,6,0,0,0,2,2,1,0
2602,Cyprus,196,Albania,8,69,98,126,190,291,266,274,41,57,72,107,166,153,159,28,41,54,83,125,113,115
2603,Cyprus,196,Algeria,12,9,13,16,25,38,34,34,5,7,8,13,20,18,18,4,6,8,12,18,16,16
2604,Cyprus,196,Argentina,32,21,30,38,57,88,80,81,12,17,21,32,49,46,46,9,13,17,25,39,34,35
2605,Cyprus,196,Armenia,51,292,413,534,803,1232,1130,1166,159,217,276,410,638,591,614,133,196,258,393,594,539,552
2606,Cyprus,196,Australia,36,741,1048,1355,2037,3126,2870,2961,378,514,650,961,1500,1394,1448,363,534,705,1076,1626,1476,1513
2607,Cyprus,196,Austria,40,88,125,161,243,372,340,349,39,53,66,98,154,143,147,49,72,95,145,218,197,202
2608,Cyprus,196,Azerbaijan,31,9,13,16,25,38,34,34,4,5,6,10,15,14,14,5,8,10,15,23,20,20
2609,Cyprus,196,Bahrain,48,27,38,49,74,112,103,104,15,20,26,39,59,57,57,12,18,23,35,53,46,47
2610,Cyprus,196,Bangladesh,50,162,229,296,1569,683,626,1526,159,224,290,1538,670,615,1502,3,5,6,31,13,11,24
2611,Cyprus,196,Belarus,112,84,119,154,232,356,326,336,21,26,32,46,75,71,74,63,93,122,186,281,255,262
2612,Cyprus,196,Belgium,56,65,92,119,179,273,250,256,32,43,55,82,126,117,120,33,49,64,97,147,133,136
2613,Cyprus,196,Benin,204,2,3,4,6,8,7,6,2,3,4,6,8,7,6,0,0,0,0,0,0,0
2614,Cyprus,196,BoliviaPlurinationalStateof,68,3,4,5,7,10,9,8,2,2,3,4,7,7,7,1,2,2,3,3,2,1
2615,Cyprus,196,BosniaandHerzegovina,70,17,24,31,47,70,64,65,8,11,14,22,31,30,30,9,13,17,25,39,34,35
2616,Cyprus,196,Botswana,72,2,3,4,6,8,7,6,1,1,2,3,5,5,5,1,2,2,3,3,2,1
2617,Cyprus,196,Brazil,76,15,21,27,40,60,55,55,6,8,10,15,21,21,20,9,13,17,25,39,34,35
2618,Cyprus,196,BruneiDarussalam,96,1,2,2,3,3,2,1,0,0,0,0,0,0,0,1,2,2,3,3,2,1
2619,Cyprus,196,Bulgaria,100,1531,2165,2799,4209,6459,5930,6121,501,650,799,1159,1847,1744,1829,1030,1515,2000,3050,4612,4186,4292
2620,Cyprus,196,Burundi,108,1,2,2,3,3,2,1,1,2,2,3,3,2,1,0,0,0,0,0,0,0
2621,Cyprus,196,Cameroon,120,14,20,26,39,59,54,1885,8,11,14,21,31,30,1044,6,9,12,18,28,24,841
2622,Cyprus,196,Canada,124,374,529,684,1029,1578,1449,1494,185,251,317,469,732,681,707,189,278,367,560,846,768,787
2623,Cyprus,196,CentralAfricanRepublic,140,4,6,7,10,15,13,13,2,3,3,4,7,6,7,2,3,4,6,8,7,6
2624,Cyprus,196,Chile,152,12,17,22,33,50,45,46,5,6,8,13,19,18,18,7,11,14,20,31,27,28
2625,Cyprus,196,China,156,398,563,728,1094,1679,1541,1591,204,277,351,519,811,753,784,194,286,377,575,868,788,807
2626,Cyprus,196,Colombia,170,31,44,57,87,132,120,123,9,11,14,21,32,30,32,22,33,43,66,100,90,91
2627,Cyprus,196,CostaRica,188,1,2,2,3,3,2,1,0,0,0,0,0,0,0,1,2,2,3,3,2,1
2628,Cyprus,196,Croatia,191,21,30,38,57,88,80,81,9,12,15,22,35,34,34,12,18,23,35,53,46,47
2629,Cyprus,196,Cuba,192,9,13,16,25,38,34,34,5,7,8,13,20,18,18,4,6,8,12,18,16,16
2630,Cyprus,196,Czechia,203,168,238,307,461,707,649,669,62,82,101,146,231,219,229,106,156,206,315,476,430,440
2631,Cyprus,196,DemPeoplesRepublicofKorea,408,8,12,15,23,35,31,31,3,4,5,8,12,11,11,5,8,10,15,23,20,20
2632,Cyprus,196,DemocraticRepublicoftheCongo,180,170,241,311,468,717,657,678,81,110,138,204,318,296,308,89,131,173,264,399,361,370
2633,Cyprus,196,Denmark,208,42,60,77,115,176,161,164,19,26,32,47,73,68,71,23,34,45,68,103,93,93
2634,Cyprus,196,Djibouti,262,1,2,2,3,3,2,1,0,0,0,0,0,0,0,1,2,2,3,3,2,1
2635,Cyprus,196,DominicanRepublic,214,3,4,5,7,10,9,8,1,1,1,1,2,2,2,2,3,4,6,8,7,6
2636,Cyprus,196,Ecuador,218,2,3,4,6,8,7,6,1,1,2,3,5,5,5,1,2,2,3,3,2,1
2637,Cyprus,196,Egypt,818,1290,1824,2358,3545,5441,4995,5156,774,1065,1356,2017,3131,2899,3007,516,759,1002,1528,2310,2096,2149
2638,Cyprus,196,ElSalvador,222,3,4,5,7,10,9,8,2,2,3,4,7,7,7,1,2,2,3,3,2,1
2639,Cyprus,196,Eritrea,232,1,2,2,3,3,2,1,0,0,0,0,0,0,0,1,2,2,3,3,2,1
2640,Cyprus,196,Estonia,233,7,10,13,19,30,26,26,2,2,3,4,7,6,6,5,8,10,15,23,20,20
2641,Cyprus,196,Ethiopia,231,20,29,37,55,85,77,78,8,11,14,20,32,31,31,12,18,23,35,53,46,47
2642,Cyprus,196,Fiji,242,1,2,2,3,3,2,1,0,0,0,0,0,0,0,1,2,2,3,3,2,1
2643,Cyprus,196,Finland,246,123,174,225,338,518,474,489,35,44,54,77,124,117,124,88,130,171,261,394,357,365
2644,Cyprus,196,France,250,228,323,417,627,961,881,908,97,130,163,240,376,351,365,131,193,254,387,585,530,543
2645,Cyprus,196,Georgia,268,3802,5376,6950,10451,16037,14727,15201,2082,2846,3610,5358,8337,7737,8034,1720,2530,3340,5093,7700,6990,7167
2646,Cyprus,196,Germany,276,646,914,1181,1776,2725,2501,2582,294,396,497,733,1147,1069,1114,352,518,684,1043,1578,1432,1468
2647,Cyprus,196,Ghana,288,21,30,38,57,88,80,81,11,15,19,28,44,42,42,10,15,19,29,44,38,39
2648,Cyprus,196,Gibraltar,292,1,2,2,3,3,2,1,1,2,2,3,3,2,1,0,0,0,0,0,0,0
2649,Cyprus,196,Greece,300,5898,8340,10781,16211,24875,22844,23581,3411,4682,5952,8846,13741,12736,13215,2487,3658,4829,7365,11134,10108,10366
2650,Cyprus,196,Haiti,332,1,2,2,3,3,2,1,0,0,0,0,0,0,0,1,2,2,3,3,2,1
2651,Cyprus,196,Honduras,340,1,2,2,3,3,2,1,1,2,2,3,3,2,1,0,0,0,0,0,0,0
2652,Cyprus,196,Hungary,348,86,122,157,237,362,332,342,36,48,60,89,139,130,135,50,74,97,148,223,202,207
2653,Cyprus,196,Iceland,352,8,12,15,23,35,31,31,2,3,3,5,7,7,6,6,9,12,18,28,24,25
2654,Cyprus,196,India,356,684,967,1250,1880,2885,2648,2732,414,570,726,1081,1677,1552,1608,270,397,524,799,1208,1096,1124
2655,Cyprus,196,Indonesia,360,43,61,79,118,181,165,169,7,8,9,12,20,20,20,36,53,70,106,161,145,149
2656,Cyprus,196,IranIslamicRepublicof,364,299,423,547,1128,1262,1158,1194,189,261,333,689,770,712,738,110,162,214,439,492,446,456
2657,Cyprus,196,Iraq,368,78,111,143,215,1059,1234,1274,54,75,96,144,715,673,699,24,36,47,71,344,561,575
2658,Cyprus,196,Ireland,372,193,273,353,532,815,747,770,70,92,114,168,264,247,257,123,181,239,364,551,500,513
2659,Cyprus,196,Israel,376,95,135,174,262,401,368,379,54,74,94,140,217,202,208,41,61,80,122,184,166,171
2660,Cyprus,196,Italy,380,120,170,219,330,505,463,477,61,83,104,155,240,224,232,59,87,115,175,265,239,245
2661,Cyprus,196,Jamaica,388,4,6,7,10,15,13,13,2,3,3,4,7,6,7,2,3,4,6,8,7,6
2662,Cyprus,196,Japan,392,21,30,38,57,88,80,81,9,12,15,22,35,34,34,12,18,23,35,53,46,47
2663,Cyprus,196,Jordan,400,110,156,201,302,463,425,437,71,98,125,186,288,267,275,39,58,76,116,175,158,162
2664,Cyprus,196,Kazakhstan,398,59,84,108,162,248,227,232,24,32,40,59,92,87,88,35,52,68,103,156,140,144
2665,Cyprus,196,Kenya,404,21,30,38,57,88,80,81,11,15,19,28,44,42,42,10,15,19,29,44,38,39
2666,Cyprus,196,Kuwait,414,58,82,106,159,244,223,229,34,46,59,88,136,127,132,24,36,47,71,108,96,97
2667,Cyprus,196,Kyrgyzstan,417,6,9,11,16,25,22,22,3,4,5,7,12,11,11,3,5,6,9,13,11,11
2668,Cyprus,196,LaoPeoplesDemocraticRepublic,418,1,2,2,3,3,2,1,0,0,0,0,0,0,0,1,2,2,3,3,2,1
2669,Cyprus,196,Latvia,428,41,58,75,112,171,157,161,13,17,21,29,46,44,46,28,41,54,83,125,113,115
2670,Cyprus,196,Lebanon,422,685,969,1252,1882,2888,2651,2736,387,530,673,999,1553,1440,1494,298,439,579,883,1335,1211,1242
2671,Cyprus,196,Libya,434,57,81,104,156,239,219,224,34,47,59,88,136,126,131,23,34,45,68,103,93,93
2672,Cyprus,196,Lithuania,440,23,33,42,64,98,89,91,5,6,7,12,19,18,18,18,27,35,52,79,71,73
2673,Cyprus,196,Luxembourg,442,3,4,5,7,10,9,8,1,1,1,1,2,2,2,2,3,4,6,8,7,6
2674,Cyprus,196,Madagascar,450,2,3,4,6,8,7,6,1,1,2,3,5,5,5,1,2,2,3,3,2,1
2675,Cyprus,196,Malawi,454,2,3,4,6,8,7,6,1,1,2,3,5,5,5,1,2,2,3,3,2,1
2676,Cyprus,196,Malaysia,458,11,16,20,31,48,43,44,4,5,6,11,17,16,16,7,11,14,20,31,27,28
2677,Cyprus,196,Malta,470,8,12,15,23,35,31,31,5,7,9,14,22,20,20,3,5,6,9,13,11,11
2678,Cyprus,196,Mauritius,480,3,4,5,7,10,9,8,2,2,3,4,7,7,7,1,2,2,3,3,2,1
2679,Cyprus,196,Mexico,484,16,23,29,44,65,59,60,6,8,10,15,21,21,21,10,15,19,29,44,38,39
2680,Cyprus,196,Morocco,504,16,23,29,44,65,59,60,9,12,15,24,34,32,32,7,11,14,20,31,27,28
2681,Cyprus,196,Mozambique,508,3,4,5,7,10,9,8,1,1,1,1,2,2,2,2,3,4,6,8,7,6
2682,Cyprus,196,Myanmar,104,11,16,20,31,48,43,44,3,4,4,8,12,11,12,8,12,16,23,36,32,32
2683,Cyprus,196,Namibia,516,1,2,2,3,3,2,1,1,2,2,3,3,2,1,0,0,0,0,0,0,0
2684,Cyprus,196,Nepal,524,14,20,26,39,59,54,54,12,17,22,33,51,47,48,2,3,4,6,8,7,6
2685,Cyprus,196,Netherlands,528,120,170,219,330,505,463,477,52,70,87,128,200,187,195,68,100,132,202,305,276,282
2686,Cyprus,196,NewZealand,554,23,33,42,64,98,89,91,9,12,15,24,37,34,35,14,21,27,40,61,55,56
2687,Cyprus,196,Nicaragua,558,3,4,5,7,10,9,8,2,2,3,4,7,7,7,1,2,2,3,3,2,1
2688,Cyprus,196,Niger,562,2,3,4,6,8,7,6,1,1,2,3,5,5,5,1,2,2,3,3,2,1
2689,Cyprus,196,Nigeria,566,76,108,139,208,320,292,299,44,61,77,113,177,163,167,32,47,62,95,143,129,132
2690,Cyprus,196,NorthMacedonia,807,5,7,9,13,20,18,18,2,2,3,4,7,7,7,3,5,6,9,13,11,11
2691,Cyprus,196,Norway,578,50,71,91,137,209,191,196,19,25,31,46,71,67,69,31,46,60,91,138,124,127
2692,Cyprus,196,Oman,512,16,23,29,44,65,59,60,10,14,17,26,37,35,35,6,9,12,18,28,24,25
2693,Cyprus,196,Pakistan,586,129,183,236,1409,544,499,1374,120,170,219,1312,505,465,1285,9,13,17,97,39,34,89
2694,Cyprus,196,Panama,591,5,7,9,13,20,18,18,4,5,7,10,17,16,17,1,2,2,3,3,2,1
2695,Cyprus,196,Paraguay,600,2,3,4,6,8,7,6,0,0,0,0,0,0,0,2,3,4,6,8,7,6
2696,Cyprus,196,Peru,604,8,12,15,23,35,31,31,3,4,5,8,12,11,11,5,8,10,15,23,20,20
2697,Cyprus,196,Philippines,608,1793,2535,3277,4927,7560,6941,7165,196,186,176,197,409,449,508,1597,2349,3101,4730,7151,6492,6657
2698,Cyprus,196,Poland,616,176,249,322,484,742,680,701,49,62,75,107,173,164,172,127,187,247,377,569,516,529
2699,Cyprus,196,Portugal,620,16,23,29,44,65,59,60,5,7,8,12,16,16,16,11,16,21,32,49,43,44
2700,Cyprus,196,PuertoRico,630,1,2,2,3,3,2,1,1,2,2,3,3,2,1,0,0,0,0,0,0,0
2701,Cyprus,196,Qatar,634,3,4,5,7,10,9,8,2,2,3,4,7,7,7,1,2,2,3,3,2,1
2702,Cyprus,196,RepublicofKorea,410,2,3,4,6,8,7,6,0,0,0,0,0,0,0,2,3,4,6,8,7,6
2703,Cyprus,196,RepublicofMoldova,498,234,331,428,643,986,905,933,52,63,75,104,173,168,177,182,268,353,539,813,737,756
2704,Cyprus,196,Romania,642,1345,1902,2459,3697,5673,5209,5377,423,546,669,967,1545,1462,1536,922,1356,1790,2730,4128,3747,3841
2705,Cyprus,196,RussianFederation,643,3235,4574,5913,8891,13644,12530,12935,1407,1885,2363,3477,5458,5099,5315,1828,2689,3550,5414,8186,7431,7620
2706,Cyprus,196,SaudiArabia,682,58,82,106,159,244,223,229,32,44,56,84,130,120,125,26,38,50,75,114,103,104
2707,Cyprus,196,Senegal,686,2,3,4,6,8,7,6,1,1,2,3,5,5,5,1,2,2,3,3,2,1
2708,Cyprus,196,Serbia,688,630,891,1152,1732,2657,2439,2518,303,410,517,763,1194,1111,1156,327,481,635,969,1463,1328,1362
2709,Cyprus,196,Seychelles,690,2,3,4,6,8,7,6,1,1,2,3,5,5,5,1,2,2,3,3,2,1
2710,Cyprus,196,SierraLeone,694,1,2,2,3,3,2,1,1,2,2,3,3,2,1,0,0,0,0,0,0,0
2711,Cyprus,196,Singapore,702,8,12,15,23,35,31,31,2,3,3,5,7,7,6,6,9,12,18,28,24,25
2712,Cyprus,196,Slovakia,703,34,48,62,94,144,131,135,14,18,23,34,54,50,52,20,30,39,60,90,81,83
2713,Cyprus,196,Slovenia,705,4,6,7,10,15,13,13,2,3,3,4,7,6,7,2,3,4,6,8,7,6
2714,Cyprus,196,Somalia,706,3,4,5,7,10,9,8,2,2,3,4,7,7,7,1,2,2,3,3,2,1
2715,Cyprus,196,SouthAfrica,710,1235,1747,2258,3395,5210,4784,4937,585,791,996,1470,2301,2143,2230,650,956,1262,1925,2909,2641,2707
2716,Cyprus,196,Spain,724,39,55,71,107,163,149,153,12,15,19,28,43,41,43,27,40,52,79,120,108,110
2717,Cyprus,196,SriLanka,144,2457,3474,4491,6752,10361,9514,9821,558,680,803,1127,1858,1794,1906,1899,2794,3688,5625,8503,7720,7915
2718,Cyprus,196,StateofPalestine,275,90,128,165,247,3415,2202,2389,54,75,95,141,1977,1130,1252,36,53,70,106,1438,1072,1137
2719,Cyprus,196,Sudan,729,129,183,236,355,544,499,514,66,90,114,169,263,244,252,63,93,122,186,281,255,262
2720,Cyprus,196,Suriname,740,1,2,2,3,3,2,1,0,0,0,0,0,0,0,1,2,2,3,3,2,1
2721,Cyprus,196,Sweden,752,227,321,415,624,957,878,905,84,110,137,200,315,296,309,143,211,278,424,642,582,596
2722,Cyprus,196,Switzerland,756,94,133,172,258,395,362,373,36,47,59,85,133,126,130,58,86,113,173,262,236,243
2723,Cyprus,196,SyrianArabRepublic,760,810,1146,1481,2228,3418,6949,11446,622,869,1116,1671,2576,3705,6221,188,277,365,557,842,3244,5225
2724,Cyprus,196,Tajikistan,762,2,3,4,6,8,7,6,1,1,2,3,5,5,5,1,2,2,3,3,2,1
2725,Cyprus,196,Thailand,764,65,92,119,179,273,250,256,13,15,18,25,41,40,41,52,77,101,154,232,210,215
2726,Cyprus,196,TrinidadandTobago,780,4,6,7,10,15,13,13,1,1,1,1,2,2,2,3,5,6,9,13,11,11
2727,Cyprus,196,Tunisia,788,9,13,16,25,38,34,34,6,8,10,16,25,23,23,3,5,6,9,13,11,11
2728,Cyprus,196,Turkey,792,152,215,278,418,641,587,605,75,101,128,189,295,274,285,77,114,150,229,346,313,320
2729,Cyprus,196,Turkmenistan,795,3,4,5,7,10,9,8,1,1,1,1,2,2,2,2,3,4,6,8,7,6
2730,Cyprus,196,Uganda,800,5,7,9,13,20,18,18,4,5,7,10,17,16,17,1,2,2,3,3,2,1
2731,Cyprus,196,Ukraine,804,815,1153,1490,2240,3437,3156,3257,287,376,465,676,1074,1012,1058,528,777,1025,1564,2363,2144,2199
2732,Cyprus,196,UnitedArabEmirates,784,38,54,69,103,159,145,149,23,32,40,60,94,87,90,15,22,29,43,65,58,59
2733,Cyprus,196,UnitedKingdom,826,9055,12804,16552,24892,38224,34762,35876,4361,5899,7437,10956,17179,15620,16301,4694,6905,9115,13936,21045,19142,19575
2734,Cyprus,196,UnitedRepublicofTanzania,834,36,51,66,99,152,138,142,18,24,31,47,73,67,69,18,27,35,52,79,71,73
2735,Cyprus,196,UnitedStatesofAmerica,840,791,1119,1446,2174,3335,3063,3161,393,533,673,995,1553,1445,1503,398,586,773,1179,1782,1618,1658
2736,Cyprus,196,Uruguay,858,1,2,2,3,3,2,1,0,0,0,0,0,0,0,1,2,2,3,3,2,1
2737,Cyprus,196,Uzbekistan,860,18,26,33,50,77,69,70,8,11,14,21,33,31,31,10,15,19,29,44,38,39
2738,Cyprus,196,VenezuelaBolivarianRepublicof,862,16,23,29,44,65,59,60,7,10,12,19,26,25,25,9,13,17,25,39,34,35
2739,Cyprus,196,VietNam,704,16,23,29,44,65,59,60,3,4,4,6,8,8,8,13,19,25,38,57,51,52
2740,Cyprus,196,Yemen,887,4,6,7,10,15,13,13,2,3,3,4,7,6,7,2,3,4,6,8,7,6
2741,Cyprus,196,Zambia,894,34,48,62,94,144,131,135,13,17,21,31,49,46,47,21,31,41,63,95,85,88
2742,Cyprus,196,Zimbabwe,716,76,108,139,208,320,292,299,33,45,56,82,129,119,123,43,63,83,126,191,173,176
2743,Georgia,268,Melanesia,928,0,0,0,0,0,0,0,0,0,0,0,0,0,0,0,0,0,0,0,0,0
2744,Georgia,268,Micronesia,954,0,0,0,0,0,0,0,0,0,0,0,0,0,0,0,0,0,0,0,0,0
2745,Georgia,268,Polynesia,957,0,0,0,0,0,0,0,0,0,0,0,0,0,0,0,0,0,0,0,0,0
2746,Georgia,268,Afghanistan,4,0,0,42,39,39,40,40,0,0,22,21,21,22,23,0,0,20,18,18,18,17
2747,Georgia,268,Albania,8,0,0,11,10,10,10,9,0,0,4,4,4,4,4,0,0,7,6,6,6,5
2748,Georgia,268,Algeria,12,0,0,18,17,17,17,16,0,0,7,7,7,7,7,0,0,11,10,10,10,9
2749,Georgia,268,Azerbaijan,31,7911,6433,5780,5490,5544,5821,6023,3642,3131,1985,1885,1903,1998,2079,4269,3302,3795,3605,3641,3823,3944
2750,Georgia,268,Argentina,32,0,0,16,15,15,15,14,0,0,8,8,8,8,8,0,0,8,7,7,7,6
2751,Georgia,268,Austria,40,0,0,26,24,24,25,24,0,0,14,13,13,14,14,0,0,12,11,11,11,10
2752,Georgia,268,Armenia,51,4039,3297,12268,11654,11770,12358,12789,1827,1596,6721,6385,6449,6771,7025,2212,1701,5547,5269,5321,5587,5764
2753,Georgia,268,Belgium,56,0,0,23,21,21,22,21,0,0,9,8,8,9,9,0,0,14,13,13,13,12
2754,Georgia,268,Bulgaria,100,0,0,225,213,215,225,231,0,0,101,96,97,102,106,0,0,124,117,118,123,125
2755,Georgia,268,Belarus,112,16521,2118,1059,1006,1016,1066,1101,7161,404,202,192,194,203,213,9360,1714,857,814,822,863,888
2756,Georgia,268,China,156,421,337,74,70,70,73,74,186,159,36,34,34,36,37,235,178,38,36,36,37,37
2757,Georgia,268,Cuba,192,0,0,13,12,12,12,11,0,0,7,7,7,7,7,0,0,6,5,5,5,4
2758,Georgia,268,Czechia,203,0,0,34,32,32,33,33,0,0,12,12,12,13,14,0,0,22,20,20,20,19
2759,Georgia,268,Estonia,233,846,720,120,113,114,119,121,377,318,37,35,36,38,39,469,402,83,78,78,81,82
2760,Georgia,268,Finland,246,0,0,12,11,11,11,10,0,0,3,3,3,3,3,0,0,9,8,8,8,7
2761,Georgia,268,France,250,0,0,41,38,38,39,39,0,0,14,13,13,13,14,0,0,27,25,25,26,25
2762,Georgia,268,Germany,276,8348,1214,607,576,581,610,629,3717,546,273,259,261,275,285,4631,668,334,317,320,335,344
2763,Georgia,268,Greece,300,0,0,159,151,152,159,163,0,0,83,79,80,84,87,0,0,76,72,72,75,76
2764,Georgia,268,Hungary,348,0,0,49,46,46,48,48,0,0,21,20,20,21,22,0,0,28,26,26,27,26
2765,Georgia,268,India,356,0,0,32,30,30,31,30,0,0,19,18,18,19,19,0,0,13,12,12,12,11
2766,Georgia,268,IranIslamicRepublicof,364,0,0,120,113,114,119,121,0,0,67,63,64,67,69,0,0,53,50,50,52,52
2767,Georgia,268,Israel,376,0,0,32,30,30,31,30,0,0,20,19,19,20,20,0,0,12,11,11,11,10
2768,Georgia,268,Italy,380,0,0,18,17,17,17,16,0,0,11,11,11,11,11,0,0,7,6,6,6,5
2769,Georgia,268,Kazakhstan,398,21017,3302,1651,1568,1583,1662,1718,9244,1866,933,886,895,940,975,11773,1436,718,682,688,722,743
2770,Georgia,268,Kyrgyzstan,417,3360,484,242,229,231,242,249,1476,158,79,75,76,80,83,1884,326,163,154,155,162,166
2771,Georgia,268,Lebanon,422,0,0,10,9,9,9,8,0,0,4,4,4,4,4,0,0,6,5,5,5,4
2772,Georgia,268,Latvia,428,1382,398,199,189,190,199,205,612,138,69,66,66,69,71,770,260,130,123,124,130,134
2773,Georgia,268,Lithuania,440,3623,410,205,194,195,204,210,1607,96,48,45,45,47,50,2016,314,157,149,150,157,160
2774,Georgia,268,Mongolia,496,0,0,29,27,27,28,27,0,0,7,7,7,8,8,0,0,22,20,20,20,19
2775,Georgia,268,RepublicofMoldova,498,4413,3659,466,442,446,468,483,1972,1671,87,82,83,87,91,2441,1988,379,360,363,381,392
2776,Georgia,268,Nepal,524,0,0,18,17,17,17,16,0,0,18,17,17,17,16,0,0,0,0,0,0,0
2777,Georgia,268,Netherlands,528,0,0,12,11,11,11,10,0,0,4,4,4,4,4,0,0,8,7,7,7,6
2778,Georgia,268,Pakistan,586,0,0,86,81,81,85,86,0,0,79,75,75,79,81,0,0,7,6,6,6,5
2779,Georgia,268,Peru,604,0,0,22,20,20,20,19,0,0,2,2,2,2,2,0,0,20,18,18,18,17
2780,Georgia,268,Poland,616,3794,350,175,166,167,175,180,1465,98,49,47,47,50,52,2329,252,126,119,120,125,128
2781,Georgia,268,Romania,642,390,396,213,202,204,214,220,180,185,51,49,50,53,56,210,211,162,153,154,161,164
2782,Georgia,268,RussianFederation,643,151090,89180,35672,32888,34226,35936,37267,63383,38080,15232,14044,14616,15346,15955,87707,51100,20440,18844,19610,20590,21312
2783,Georgia,268,Spain,724,0,0,20,18,18,18,17,0,0,10,9,9,9,9,0,0,10,9,9,9,8
2784,Georgia,268,Switzerland,756,0,0,15,14,14,14,13,0,0,7,7,7,7,7,0,0,8,7,7,7,6
2785,Georgia,268,Tajikistan,762,3306,2690,145,137,138,144,148,1457,1254,53,50,51,53,56,1849,1436,92,87,87,91,92
2786,Georgia,268,Turkey,792,455,513,455,432,436,457,472,210,245,316,300,303,318,330,245,268,139,132,133,139,142
2787,Georgia,268,Turkmenistan,795,1609,1335,197,187,188,197,203,724,599,69,66,66,69,72,885,736,128,121,122,128,131
2788,Georgia,268,Ukraine,804,46581,23412,11706,11120,11231,11792,12203,20387,10064,5032,4780,4828,5069,5267,26194,13348,6674,6340,6403,6723,6936
2789,Georgia,268,UnitedKingdom,826,0,0,34,32,32,33,33,0,0,24,23,23,24,25,0,0,10,9,9,9,8
2790,Georgia,268,UnitedStatesofAmerica,840,0,0,107,101,102,107,109,0,0,65,62,63,67,69,0,0,42,39,39,40,40
2791,Georgia,268,Uzbekistan,860,10078,9342,736,699,705,740,765,4523,4253,260,247,249,262,274,5555,5089,476,452,456,478,491
2792,Iraq,368,Melanesia,928,0,0,0,0,0,0,0,0,0,0,0,0,0,0,0,0,0,0,0,0,0
2793,Iraq,368,Micronesia,954,0,0,0,0,0,0,0,0,0,0,0,0,0,0,0,0,0,0,0,0,0
2794,Iraq,368,Polynesia,957,0,0,0,0,0,0,0,0,0,0,0,0,0,0,0,0,0,0,0,0,0
2795,Iraq,368,Afghanistan,4,241,284,269,313,320,312,314,160,114,68,143,156,178,170,81,170,201,170,164,134,144
2796,Iraq,368,Eritrea,232,359,732,694,808,826,806,812,272,429,336,507,536,568,555,87,303,358,301,290,238,257
2797,Iraq,368,StateofPalestine,275,14347,73847,94124,29940,13296,12051,12164,9515,42738,64522,20490,9335,6749,6411,4832,31109,29602,9450,3961,5302,5753
2798,Iraq,368,India,356,179,211,200,233,238,232,234,107,105,75,128,136,149,144,72,106,125,105,102,83,90
2799,Iraq,368,IranIslamicRepublicof,364,14976,44953,42602,17651,18029,14405,14540,9828,25623,19779,8161,8880,8251,7864,5148,19330,22823,9490,9149,6154,6676
2800,Iraq,368,Jordan,400,7970,9397,8905,10358,10580,10336,10432,5522,5787,4643,6780,7131,7507,7363,2448,3610,4262,3578,3449,2829,3069
2801,Iraq,368,Kuwait,414,309,364,345,401,410,400,403,205,212,166,250,264,280,275,104,152,179,151,146,120,128
2802,Iraq,368,Lebanon,422,1173,1383,1311,1526,1558,1522,1536,668,639,433,788,847,939,904,505,744,878,738,711,583,632
2803,Iraq,368,Mauritania,478,154,182,172,200,205,200,201,113,122,101,139,147,152,149,41,60,71,61,58,48,52
2804,Iraq,368,Morocco,504,451,532,504,587,600,586,591,275,273,198,330,352,383,372,176,259,306,257,248,203,219
2805,Iraq,368,Pakistan,586,525,619,587,683,698,682,688,381,407,337,473,495,516,508,144,212,250,210,203,166,180
2806,Iraq,368,RussianFederation,643,210,248,235,273,280,273,274,142,148,117,174,184,195,191,68,100,118,99,96,78,83
2807,Iraq,368,SaudiArabia,682,519,612,580,675,690,674,680,366,387,314,451,474,498,489,153,225,266,224,216,176,191
2808,Iraq,368,Somalia,706,204,377,357,415,424,414,417,145,241,196,279,293,307,302,59,136,161,136,131,107,115
2809,Iraq,368,SouthSudan,728,360,268,254,296,302,295,297,311,222,200,250,257,259,259,49,46,54,46,45,36,38
2810,Iraq,368,Sudan,729,2924,3447,3267,3800,3882,3792,3826,2522,2856,2569,3214,3317,3329,3325,402,591,698,586,565,463,501
2811,Iraq,368,SyrianArabRepublic,760,4778,5633,5338,6209,6342,252036,254441,2952,2941,2159,3539,3768,140161,133031,1826,2692,3179,2670,2574,111875,121410
2812,Iraq,368,UnitedArabEmirates,784,222,262,248,289,295,288,289,168,183,155,210,219,226,223,54,79,93,79,76,62,66
2813,Iraq,368,Tunisia,788,241,284,269,313,320,312,314,205,231,206,260,269,270,269,36,53,63,53,51,42,45
2814,Iraq,368,Turkey,792,938,17439,13885,17586,17961,17514,20677,631,10300,8201,10361,10996,9808,10895,307,7139,5684,7225,6965,7706,9782
2815,Iraq,368,Egypt,818,11075,13058,12375,14394,14702,14363,14498,8898,9848,8585,11212,11635,11847,11769,2177,3210,3790,3182,3067,2516,2729
2816,Iraq,368,Yemen,887,1543,1819,1724,2005,2049,2001,2020,1214,1334,1151,1524,1585,1621,1608,329,485,573,481,464,380,412
2817,Israel,376,Melanesia,928,0,0,0,0,0,0,0,0,0,0,0,0,0,0,0,0,0,0,0,0,0
2818,Israel,376,Micronesia,954,0,0,0,0,0,0,0,0,0,0,0,0,0,0,0,0,0,0,0,0,0
2819,Israel,376,Polynesia,957,0,0,0,0,0,0,0,0,0,0,0,0,0,0,0,0,0,0,0,0,0
2820,Israel,376,Afghanistan,4,2724,2836,2790,2610,2462,2539,2464,1282,1322,1305,1235,1178,1208,1173,1442,1514,1485,1375,1284,1331,1291
2821,Israel,376,Algeria,12,19544,25514,30056,36950,44292,45680,44358,9202,11797,13880,17046,20378,20896,20292,10342,13717,16176,19904,23914,24784,24066
2822,Israel,376,Azerbaijan,31,14696,15271,14990,13969,13118,13529,13136,7009,7180,7034,6567,6165,6323,6140,7687,8091,7956,7402,6953,7206,6996
2823,Israel,376,Argentina,32,25526,29503,31828,34777,38148,39343,38204,12315,14003,15074,16457,18003,18465,17931,13211,15500,16754,18320,20145,20878,20273
2824,Israel,376,Australia,36,2102,2435,2631,2882,3167,3266,3170,970,1124,1229,1373,1530,1569,1523,1132,1311,1402,1509,1637,1697,1647
2825,Israel,376,Austria,40,6373,6471,6206,5525,4910,5064,4916,3030,3012,2862,2518,2197,2252,2187,3343,3459,3344,3007,2713,2812,2729
2826,Israel,376,Belgium,56,3657,4294,4690,5219,5811,5993,5818,1642,1902,2080,2325,2593,2658,2580,2015,2392,2610,2894,3218,3335,3238
2827,Israel,376,Brazil,76,5866,6759,7274,7919,8661,8932,8673,2567,2915,3142,3439,3770,3863,3752,3299,3844,4132,4480,4891,5069,4921
2828,Israel,376,Bulgaria,100,19353,19887,19308,17611,16128,16633,16151,8873,8951,8645,7855,7140,7318,7107,10480,10936,10663,9756,8988,9315,9044
2829,Israel,376,Belarus,112,33049,32968,31040,26567,22417,23119,22449,15568,15187,14145,11912,9795,10038,9749,17481,17781,16895,14655,12622,13081,12700
2830,Israel,376,Canada,124,4777,5666,6238,7019,7885,8132,7896,2207,2600,2881,3277,3706,3801,3692,2570,3066,3357,3742,4179,4331,4204
2831,Israel,376,Chile,152,2613,2900,3024,3134,3283,3386,3286,1228,1342,1396,1447,1514,1553,1507,1385,1558,1628,1687,1769,1833,1779
2832,Israel,376,China,156,1027,1002,921,747,582,600,581,468,449,411,333,259,265,258,559,553,510,414,323,335,323
2833,Israel,376,Colombia,170,1155,1520,1800,2226,2678,2762,2680,486,628,745,922,1106,1133,1100,669,892,1055,1304,1572,1629,1580
2834,Israel,376,Denmark,208,1040,1261,1411,1625,1858,1916,1859,411,466,503,552,605,617,598,629,795,908,1073,1253,1299,1261
2835,Israel,376,Ethiopia,231,40595,50287,57163,67189,78029,80474,78146,20567,25090,28478,33443,38744,39760,38611,20028,25197,28685,33746,39285,40714,39535
2836,Israel,376,Finland,246,529,516,474,384,299,308,297,149,140,127,102,79,80,77,380,376,347,282,220,228,220
2837,Israel,376,France,250,17904,23373,27534,33850,40576,41847,40636,8311,10650,12530,15388,18395,18859,18314,9593,12723,15004,18462,22181,22988,22322
2838,Israel,376,Georgia,268,25921,24200,21123,14988,9034,9317,9046,12697,11667,10117,7128,4209,4317,4192,13224,12533,11006,7860,4825,5000,4854
2839,Israel,376,Germany,276,26628,27508,26847,24742,22937,23656,22971,11817,11996,11670,10757,9946,10193,9898,14811,15512,15177,13985,12991,13463,13073
2840,Israel,376,Greece,300,1320,1723,2030,2495,2991,3085,2994,612,784,923,1133,1354,1388,1347,708,939,1107,1362,1637,1697,1647
2841,Israel,376,Hungary,348,15656,15907,15268,13609,12115,12495,12133,7361,7325,6971,6146,5380,5515,5357,8295,8582,8297,7463,6735,6980,6776
2842,Israel,376,India,356,16927,18225,18502,18334,18389,18965,18415,8204,8712,8833,8770,8794,9021,8760,8723,9513,9669,9564,9595,9944,9655
2843,Israel,376,IranIslamicRepublicof,364,47785,51220,51786,50950,50732,52322,50808,23622,24963,25188,24796,24651,25292,24562,24163,26257,26598,26154,26081,27030,26246
2844,Israel,376,Iraq,368,74502,77265,75702,70291,65732,67791,65830,37111,37760,36719,33773,31162,31964,31040,37391,39505,38983,36518,34570,35827,34790
2845,Israel,376,Italy,380,4617,4981,5066,5035,5066,5225,5073,2178,2294,2311,2267,2246,2302,2236,2439,2687,2755,2768,2820,2923,2837
2846,Israel,376,Kazakhstan,398,6279,8001,9275,11179,13218,13632,13237,2866,3607,4193,5076,6008,6160,5982,3413,4394,5082,6103,7210,7472,7255
2847,Israel,376,Kyrgyzstan,417,1078,1407,1657,2037,2442,2519,2444,486,622,731,898,1073,1100,1068,592,785,926,1139,1369,1419,1376
2848,Israel,376,Lebanon,422,3924,4570,4960,5468,6043,6232,6051,1547,1820,2020,2308,2618,2682,2605,2377,2750,2940,3160,3425,3550,3446
2849,Israel,376,Latvia,428,9479,8948,7916,5829,3812,3931,3815,4348,4032,3544,2594,1669,1710,1660,5131,4916,4372,3235,2143,2221,2155
2850,Israel,376,Libya,434,19180,19857,19423,17977,16748,17273,16773,9295,9406,9103,8298,7573,7764,7540,9885,10451,10320,9679,9175,9509,9233
2851,Israel,376,Lithuania,440,13594,12500,10706,7185,3751,3869,3756,6248,5636,4783,3166,1579,1618,1571,7346,6864,5923,4019,2172,2251,2185
2852,Israel,376,Mexico,484,1422,1721,1923,2209,2522,2601,2525,662,801,905,1056,1218,1250,1215,760,920,1018,1153,1304,1351,1310
2853,Israel,376,RepublicofMoldova,498,28570,26793,23516,16945,10580,10911,10594,13506,12457,10865,7784,4779,4899,4757,15064,14336,12651,9161,5801,6012,5837
2854,Israel,376,Morocco,504,157029,166657,166953,161576,158158,163113,158396,76439,79803,79630,76867,74864,76790,74571,80590,86854,87323,84709,83294,86323,83825
2855,Israel,376,Netherlands,528,4337,4717,4832,4864,4955,5110,4961,1890,2007,2039,2035,2049,2098,2037,2447,2710,2793,2829,2906,3012,2924
2856,Israel,376,Peru,604,649,1021,1336,1840,2366,2440,2368,264,434,586,830,1082,1109,1077,385,587,750,1010,1284,1331,1291
2857,Israel,376,Poland,616,95566,93907,86990,71802,57485,59286,57570,44020,42436,39029,31965,25208,25835,25088,51546,51471,47961,39837,32277,33451,32482
2858,Israel,376,Romania,642,128886,131109,125991,112577,100528,103678,100679,58736,58689,56133,50026,44398,45507,44192,70150,72420,69858,62551,56130,58171,56487
2859,Israel,376,RussianFederation,643,175938,173915,162154,135827,111148,114630,111316,80450,77862,71946,59557,47736,48912,47500,95488,96053,90208,76270,63412,65718,63816
2860,Israel,376,SouthAfrica,710,8519,9581,10107,10671,11365,11721,11381,4083,4501,4722,4957,5241,5374,5219,4436,5080,5385,5714,6124,6347,6162
2861,Israel,376,Spain,724,3129,3065,2829,2317,1833,1890,1833,1368,1320,1217,1005,802,822,798,1761,1745,1612,1312,1031,1068,1035
2862,Israel,376,Sweden,752,1178,1149,1056,856,667,688,667,488,466,426,345,267,273,265,690,683,630,511,400,415,402
2863,Israel,376,Switzerland,756,2662,3030,3228,3461,3736,3853,3740,1137,1268,1346,1440,1548,1585,1539,1525,1762,1882,2021,2188,2268,2201
2864,Israel,376,SyrianArabRepublic,760,10963,11277,10960,10017,9195,9483,9207,5212,5257,5073,4598,4168,4273,4149,5751,6020,5887,5419,5027,5210,5058
2865,Israel,376,Tajikistan,762,4484,4238,3754,2774,1828,1885,1830,2251,2089,1833,1334,848,869,844,2233,2149,1921,1440,980,1016,986
2866,Israel,376,Tunisia,788,40293,39320,36146,29309,22828,23543,22860,19268,18522,16963,13751,10674,10947,10629,21025,20798,19183,15558,12154,12596,12231
2867,Israel,376,Turkey,792,31449,32492,31716,29236,27111,27960,27150,15362,15618,15181,13955,12867,13198,12816,16087,16874,16535,15281,14244,14762,14334
2868,Israel,376,Turkmenistan,795,507,871,1187,1699,2231,2301,2233,236,404,556,801,1053,1080,1049,271,467,631,898,1178,1221,1184
2869,Israel,376,Ukraine,804,168081,170963,164271,146749,131007,135112,131205,77361,77252,73822,65661,58132,59587,57865,90720,93711,90449,81088,72875,75525,73340
2870,Israel,376,Egypt,818,21780,22829,22599,21399,20459,21100,20489,10470,10811,10674,10110,9646,9894,9609,11310,12018,11925,11289,10813,11206,10880
2871,Israel,376,UnitedKingdom,826,14958,17066,18218,19593,21205,21869,21235,7092,7937,8436,9037,9726,9973,9684,7866,9129,9782,10556,11479,11896,11551
2872,Israel,376,UnitedStatesofAmerica,840,47532,56033,61396,68622,76680,79082,76794,23400,27127,29644,33070,36824,37776,36684,24132,28906,31752,35552,39856,41306,40110
2873,Israel,376,Uruguay,858,4315,4936,5280,5697,6184,6378,6193,2047,2302,2456,2647,2865,2938,2854,2268,2634,2824,3050,3319,3440,3339
2874,Israel,376,Uzbekistan,860,31121,31147,29428,25379,21638,22316,21669,15148,14899,13990,11987,10102,10360,10061,15973,16248,15438,13392,11536,11956,11608
2875,Israel,376,VenezuelaBolivarianRepublicof,862,640,624,574,465,362,373,361,295,283,259,209,162,166,161,345,341,315,256,200,207,200
2876,Israel,376,Yemen,887,36222,37172,36041,32787,29931,30869,29975,17242,17299,16602,14885,13313,13647,13253,18980,19873,19439,17902,16618,17222,16722
2877,Jordan,400,Melanesia,928,0,0,0,0,0,0,0,0,0,0,0,0,0,0,0,0,0,0,0,0,0
2878,Jordan,400,Micronesia,954,0,0,0,0,0,0,0,0,0,0,0,0,0,0,0,0,0,0,0,0,0
2879,Jordan,400,Polynesia,957,0,0,0,0,0,0,0,0,0,0,0,0,0,0,0,0,0,0,0,0,0
2880,Jordan,400,Afghanistan,4,74,75,76,38,119,49,61,43,44,46,26,81,30,37,31,31,30,12,38,19,24
2881,Jordan,400,Algeria,12,222,320,417,313,646,267,345,63,116,169,178,342,108,139,159,204,248,135,304,159,206
2882,Jordan,400,Australia,36,188,246,303,228,470,194,251,86,118,150,144,281,96,125,102,128,153,84,189,98,126
2883,Jordan,400,Austria,40,78,110,141,107,219,91,116,34,57,80,74,144,52,67,44,53,61,33,75,39,49
2884,Jordan,400,Bahrain,48,143,330,515,388,800,330,427,61,186,311,277,551,199,259,82,144,204,111,249,131,168
2885,Jordan,400,Bangladesh,50,948,4677,8402,9088,21853,9021,11693,651,3329,6014,7260,16959,6454,8358,297,1348,2388,1828,4894,2567,3335
2886,Jordan,400,Armenia,51,26,29,32,24,50,21,25,11,10,10,12,23,6,7,15,19,22,12,27,15,18
2887,Jordan,400,Belgium,56,33,61,88,67,137,57,71,17,29,41,41,80,28,35,16,32,47,26,57,29,36
2888,Jordan,400,BosniaandHerzegovina,70,320,197,74,56,115,47,59,150,92,34,34,65,21,27,170,105,40,22,50,26,32
2889,Jordan,400,Brazil,76,101,115,129,97,199,82,105,38,50,62,60,117,39,50,63,65,67,37,82,43,55
2890,Jordan,400,BruneiDarussalam,96,11,21,30,23,48,20,24,5,4,2,8,13,1,1,6,17,28,15,35,19,23
2891,Jordan,400,Bulgaria,100,91,77,62,46,95,39,49,46,36,26,26,52,16,21,45,41,36,20,43,23,28
2892,Jordan,400,Myanmar,104,2,16,29,22,46,19,23,2,16,29,22,46,19,23,0,0,0,0,0,0,0
2893,Jordan,400,Canada,124,241,319,396,298,614,253,326,123,166,210,197,387,134,173,118,153,186,101,227,119,153
2894,Jordan,400,SriLanka,144,11062,13104,15147,11370,23474,9689,12559,131,755,1435,3930,6717,902,1136,10931,12349,13712,7440,16757,8787,11423
2895,Jordan,400,Chad,148,4,18,32,24,50,21,25,4,14,24,20,41,17,20,0,4,8,4,9,4,5
2896,Jordan,400,China,156,192,5718,11240,8438,17420,16121,20896,103,646,1232,3007,5187,4321,5556,89,5072,10008,5431,12233,11800,15340
2897,Jordan,400,Colombia,170,15,23,30,23,48,20,24,3,8,12,13,24,8,9,12,15,18,10,24,12,15
2898,Jordan,400,Croatia,191,19,25,31,24,50,21,25,3,5,8,11,21,6,6,16,20,23,13,29,15,19
2899,Jordan,400,Cyprus,196,13,87,160,121,248,102,131,4,40,75,75,144,48,62,9,47,85,46,104,54,69
2900,Jordan,400,Czechia,203,18,24,29,22,46,19,23,6,9,11,12,22,7,8,12,15,18,10,24,12,15
2901,Jordan,400,Denmark,208,49,56,62,46,95,39,49,23,29,34,31,60,20,26,26,27,28,15,35,19,23
2902,Jordan,400,Ethiopia,231,21,57,93,70,144,60,75,12,9,7,23,39,5,5,9,48,86,47,105,55,70
2903,Jordan,400,Eritrea,232,139,115,91,69,141,58,73,64,57,51,47,91,32,41,75,58,40,22,50,26,32
2904,Jordan,400,France,250,295,388,480,361,743,307,396,169,207,245,234,457,157,202,126,181,235,127,286,150,194
2905,Jordan,400,StateofPalestine,275,851880,1140038,1428251,1827877,1983733,2117361,2272411,403331,540174,676212,878552,943263,1056617,1144177,448549,599864,752039,949325,1040470,1060744,1128234
2906,Jordan,400,Germany,276,413,642,869,653,1347,556,719,206,331,457,429,844,293,378,207,311,412,224,503,263,341
2907,Jordan,400,Ghana,288,44,39,34,25,51,21,26,29,26,23,19,38,14,18,15,13,11,6,13,7,8
2908,Jordan,400,Greece,300,117,96,75,57,117,48,60,45,35,26,30,56,17,21,72,61,49,27,61,31,39
2909,Jordan,400,China,156,344,1,24,47,36,73,30,37,1,14,28,25,49,18,22,0,10,19,11,24,12
2910,Jordan,400,Hungary,348,35,374,712,535,1103,456,589,4,154,305,314,606,196,253,31,220,407,221,497,260,336
2911,Jordan,400,India,356,871,2572,4273,4622,11113,4587,5945,603,2163,3726,4203,9991,3999,5180,268,409,547,419,1122,588,765
2912,Jordan,400,Indonesia,360,183,6415,12641,9489,19589,14677,19024,72,87,154,2713,4327,2758,3529,111,6328,12487,6776,15262,11919,15495
2913,Jordan,400,IranIslamicRepublicof,364,119,117,115,87,179,73,93,46,52,58,56,109,36,47,73,65,57,31,70,37,46
2914,Jordan,400,Iraq,368,25773,40831,55884,139668,396962,158951,206047,15543,24550,33648,84390,209241,83699,108206,10230,16281,22236,55278,187721,75252,97841
2915,Jordan,400,Ireland,372,75,70,64,48,99,41,51,17,22,27,28,54,18,22,58,48,37,20,45,23,29
2916,Jordan,400,Israel,376,6,956,1906,1431,2953,1219,1578,2,634,1270,1086,2176,811,1050,4,322,636,345,777,408,528
2917,Jordan,400,Italy,380,518,447,375,282,581,240,309,234,205,177,174,339,113,145,284,242,198,108,242,127,164
2918,Jordan,400,Japan,392,143,135,126,95,195,81,103,88,85,82,71,141,53,68,55,50,44,24,54,28,35
2919,Jordan,400,Kazakhstan,398,3,14,25,19,39,16,19,1,4,8,9,17,5,6,2,10,17,10,22,11,13
2920,Jordan,400,DemPeoplesRepublicofKorea,408,40,71,102,77,159,65,83,25,48,72,60,121,46,59,15,23,30,17,38,19,24
2921,Jordan,400,RepublicofKorea,410,96,106,115,87,179,73,93,48,56,64,59,115,40,52,48,50,51,28,64,33,41
2922,Jordan,400,Kuwait,414,233,573,912,685,1415,584,755,96,371,647,541,1092,415,536,137,202,265,144,323,169,219
2923,Jordan,400,Lebanon,422,3021,2625,2230,1674,3457,1427,1849,1213,1098,990,1001,1940,631,815,1808,1527,1240,673,1517,796,1034
2924,Jordan,400,Libya,434,338,761,1182,888,1832,15094,19564,181,430,681,615,1218,9883,12791,157,331,501,273,614,5211,6773
2925,Jordan,400,Malaysia,458,983,664,345,259,534,220,282,520,351,184,171,337,117,150,463,313,161,88,197,103,132
2926,Jordan,400,Mauritania,478,90,87,83,63,130,54,69,77,71,64,52,106,42,54,13,16,19,11,24,12,15
2927,Jordan,400,RepublicofMoldova,498,2,23,44,34,70,29,35,1,0,0,10,16,1,0,1,23,44,24,54,28,35
2928,Jordan,400,Morocco,504,398,563,726,545,1125,465,601,141,149,159,237,431,101,130,257,414,567,308,694,364,471
2929,Jordan,400,Oman,512,540,657,772,580,1198,494,639,293,331,370,361,706,236,306,247,326,402,219,492,258,333
2930,Jordan,400,Nepal,524,9,115,220,166,343,141,182,7,67,127,115,229,81,106,2,48,93,51,114,60,76
2931,Jordan,400,Netherlands,528,147,195,243,182,375,155,199,70,94,120,115,224,76,98,77,101,123,67,151,79,101
2932,Jordan,400,NewZealand,554,28,53,77,59,121,49,62,16,27,37,37,71,23,30,12,26,40,22,50,26,32
2933,Jordan,400,Nigeria,566,23,28,32,24,50,21,25,14,18,21,18,37,14,17,9,10,11,6,13,7,8
2934,Jordan,400,Norway,578,8,31,53,40,82,34,43,5,15,25,25,47,15,20,3,16,28,15,35,19,23
2935,Jordan,400,Pakistan,586,5168,4558,3949,2965,6120,2526,3273,2723,2521,2328,2085,4140,1488,1924,2445,2037,1621,880,1980,1038,1349
2936,Jordan,400,Philippines,608,2245,3455,4664,3501,7227,2983,3866,275,307,357,1163,1962,222,278,1970,3148,4307,2338,5265,2761,3588
2937,Jordan,400,Poland,616,85,93,100,75,153,64,80,31,35,39,42,78,25,31,54,58,61,33,75,39,49
2938,Jordan,400,Qatar,634,102,187,272,204,421,173,224,66,132,199,165,333,127,166,36,55,73,39,88,46,58
2939,Jordan,400,Romania,642,310,320,330,248,510,210,270,22,44,68,106,190,43,54,288,276,262,142,320,167,216
2940,Jordan,400,RussianFederation,643,581,653,724,544,1122,463,599,138,161,187,252,465,118,153,443,492,537,292,657,345,446
2941,Jordan,400,SaudiArabia,682,3495,4802,6108,4586,9467,3908,5064,1829,2964,4107,3500,7021,2625,3397,1666,1838,2001,1086,2446,1283,1667
2942,Jordan,400,Serbia,688,35,54,72,54,110,45,57,5,9,13,22,38,7,9,30,45,59,32,72,38,48
2943,Jordan,400,Slovakia,703,12,20,28,21,44,18,22,4,6,9,10,20,6,7,8,14,19,11,24,12,15
2944,Jordan,400,Somalia,706,24,58,92,69,142,591,764,15,34,54,48,95,329,424,9,24,38,21,47,262,340
2945,Jordan,400,SouthAfrica,710,24,48,72,54,110,45,57,11,30,49,41,81,30,38,13,18,23,13,29,15,19
2946,Jordan,400,Spain,724,282,326,370,278,574,237,306,108,128,150,158,305,96,125,174,198,220,120,269,141,181
2947,Jordan,400,SouthSudan,728,233,285,336,253,521,215,277,181,199,217,188,375,139,179,52,86,119,65,146,76,98
2948,Jordan,400,Sudan,729,1891,2309,2727,2048,4227,4145,6010,1468,1612,1761,1523,3046,2305,3331,423,697,966,525,1181,1840,2679
2949,Jordan,400,Sweden,752,82,96,109,83,170,70,89,39,43,46,49,93,30,39,43,53,63,34,77,40,50
2950,Jordan,400,Switzerland,756,53,148,243,182,375,155,199,23,72,122,116,227,78,100,30,76,121,66,148,77,99
2951,Jordan,400,SyrianArabRepublic,760,51557,54585,57624,54460,124888,674705,698701,28760,30463,32278,37396,81609,337853,353095,22797,24122,25346,17064,43279,336852,345606
2952,Jordan,400,Thailand,764,73,100,126,95,195,81,103,36,57,77,68,134,50,64,37,43,49,27,61,31,39
2953,Jordan,400,UnitedArabEmirates,784,156,205,254,191,393,163,211,64,105,147,132,262,95,124,92,100,107,59,131,68,87
2954,Jordan,400,Tunisia,788,221,269,316,237,489,201,259,105,133,161,152,297,101,131,116,136,155,85,192,100,128
2955,Jordan,400,Turkey,792,957,1101,1245,935,1929,797,1031,599,764,931,764,1544,595,771,358,337,314,171,385,202,260
2956,Jordan,400,Ukraine,804,45,263,480,361,745,308,397,6,36,67,136,241,43,55,39,227,413,225,504,265,342
2957,Jordan,400,NorthMacedonia,807,208,158,107,81,167,69,87,52,41,29,39,72,20,25,156,117,78,42,95,49,62
2958,Jordan,400,Egypt,818,171413,229396,287377,97992,113465,78178,101340,121445,162571,204045,74494,93584,51190,66253,49968,66825,83332,23498,19881,26988,35087
2959,Jordan,400,UnitedKingdom,826,465,724,981,737,1521,628,813,251,404,557,507,1004,357,462,214,320,424,230,517,271,351
2960,Jordan,400,UnitedStatesofAmerica,840,1691,2433,3176,2384,4922,2032,2633,733,1253,1780,1626,3215,1137,1472,958,1180,1396,758,1707,895,1161
2961,Jordan,400,VenezuelaBolivarianRepublicof,862,45,42,38,29,59,25,30,14,17,19,18,35,13,15,31,25,19,11,24,12,15
2962,Jordan,400,Yemen,887,2439,2664,2889,2169,4478,22918,29708,1715,1819,1927,1647,3303,13876,17952,724,845,962,522,1175,9042,11756
2963,Kuwait,414,Melanesia,928,0,0,0,0,0,0,0,0,0,0,0,0,0,0,0,0,0,0,0,0,0
2964,Kuwait,414,Micronesia,954,0,0,0,0,0,0,0,0,0,0,0,0,0,0,0,0,0,0,0,0,0
2965,Kuwait,414,Polynesia,957,0,0,0,0,0,0,0,0,0,0,0,0,0,0,0,0,0,0,0,0,0
2966,Kuwait,414,Afghanistan,4,1334,1068,1219,1317,1794,2669,2896,808,681,823,868,1170,1612,1750,526,387,396,449,624,1057,1146
2967,Kuwait,414,Bahrain,48,189,231,363,538,849,1297,1407,19,48,97,177,308,357,387,170,183,266,361,541,940,1020
2968,Kuwait,414,Bangladesh,50,126783,110044,136047,175042,258071,350229,380046,109188,91689,110012,146576,220370,292017,316858,17595,18355,26035,28466,37701,58212,63188
2969,Kuwait,414,SriLanka,144,36364,23883,20680,20377,25192,36556,39667,3636,5147,8871,9507,12665,15875,17219,32728,18736,11809,10870,12527,20681,22448
2970,Kuwait,414,Chad,148,870,697,795,859,1138,1305,1414,527,445,538,567,741,788,854,343,252,257,292,397,517,560
2971,Kuwait,414,Ethiopia,231,2216,1776,2026,2189,2902,3595,3899,1342,1132,1369,1444,1891,2171,2355,874,644,657,745,1011,1424,1544
2972,Kuwait,414,Eritrea,232,3148,2522,2877,3108,4122,4725,5127,1906,1607,1943,2049,2686,2853,3096,1242,915,934,1059,1436,1872,2031
2973,Kuwait,414,France,250,355,505,853,1426,2358,4810,5218,119,236,449,811,1386,2554,2771,236,269,404,615,972,2256,2447
2974,Kuwait,414,StateofPalestine,275,9497,7610,8681,9378,12432,14253,15465,5750,4849,5863,6185,8101,8605,9335,3747,2761,2818,3193,4331,5648,6130
2975,Kuwait,414,India,356,375183,332377,418664,485921,675347,1061758,1152175,257851,232387,298321,353967,500247,748549,812171,117332,99990,120343,131954,175100,313209,340004
2976,Kuwait,414,Indonesia,360,38147,34017,43100,52868,75932,99485,107953,11651,10650,14052,15458,21211,17914,19409,26496,23367,29048,37410,54721,81571,88544
2977,Kuwait,414,Jordan,400,21348,18028,21710,24523,33502,50399,54688,9571,9422,13029,14832,20484,28119,30504,11777,8606,8681,9691,13018,22280,24184
2978,Kuwait,414,Lebanon,422,4513,3616,4125,4456,5908,11532,12512,2733,2304,2786,2939,3850,6962,7553,1780,1312,1339,1517,2058,4570,4959
2979,Kuwait,414,Morocco,504,1594,1277,1457,1574,2087,2795,3032,966,814,984,1038,1359,1687,1831,628,463,473,536,728,1108,1201
2980,Kuwait,414,Nepal,524,1416,1134,1294,1398,1854,22678,24607,858,723,874,921,1207,13683,14844,558,411,420,477,647,8995,9763
2981,Kuwait,414,Netherlands,528,1080,729,662,641,780,980,1062,151,201,334,344,444,500,543,929,528,328,297,336,480,519
2982,Kuwait,414,Nigeria,566,1160,929,1060,1145,1518,4441,4817,703,593,716,755,989,2681,2908,457,336,344,390,529,1760,1909
2983,Kuwait,414,Pakistan,586,129928,112925,139783,162388,225820,312434,339033,88717,79357,101202,120088,169693,224082,243128,41211,33568,38581,42300,56127,88352,95905
2984,Kuwait,414,Philippines,608,49207,45266,58906,76339,112977,181462,196910,21606,24346,36779,52487,81699,124304,134867,27601,20920,22127,23852,31278,57158,62043
2985,Kuwait,414,Qatar,634,49,60,96,142,224,623,674,5,10,19,36,65,121,131,44,50,77,106,159,502,543
2986,Kuwait,414,SaudiArabia,682,380,466,733,1088,1716,2077,2252,172,259,448,701,1135,1277,1385,208,207,285,387,581,800,867
2987,Kuwait,414,Somalia,706,2111,1691,1929,2084,2763,3168,3436,1279,1078,1303,1375,1801,1914,2076,832,613,626,709,962,1254,1360
2988,Kuwait,414,SouthSudan,728,0,0,0,0,0,1726,1871,0,0,0,0,0,960,1040,0,0,0,0,0,766,831
2989,Kuwait,414,Sudan,729,29503,24089,28031,30756,41211,45525,49399,14174,12991,16978,18638,25131,25316,27464,15329,11098,11053,12118,16080,20209,21935
2990,Kuwait,414,SyrianArabRepublic,760,11021,8831,10073,10882,14426,21340,23156,6673,5627,6803,7177,9399,12880,13974,4348,3204,3270,3705,5027,8460,9182
2991,Kuwait,414,Thailand,764,1823,1460,1666,1801,2388,3755,4073,1104,930,1125,1188,1556,2267,2459,719,530,541,613,832,1488,1614
2992,Kuwait,414,UnitedArabEmirates,784,4778,5852,9199,13638,21510,24662,26760,846,1924,3792,6305,10496,10294,11166,3932,3928,5407,7333,11014,14368,15594
2993,Kuwait,414,Tunisia,788,961,769,878,949,1259,1784,1935,582,490,593,625,820,1077,1169,379,279,285,324,439,707,766
2994,Kuwait,414,Turkey,792,8007,6416,7319,7907,10482,12297,13342,4848,4088,4943,5215,6830,7423,8054,3159,2328,2376,2692,3652,4874,5288
2995,Kuwait,414,Egypt,818,135880,107006,119693,128040,168563,387993,421025,65940,59047,75635,80460,106091,224387,243432,69940,47959,44058,47580,62472,163606,177593
2996,Kuwait,414,UnitedKingdom,826,10010,6908,6491,6444,8016,9394,10191,4226,3347,3809,3886,4971,5335,5787,5784,3561,2682,2558,3045,4059,4404
2997,Kuwait,414,UnitedStatesofAmerica,840,2808,2250,2567,2773,3676,4763,5167,1700,1434,1734,1829,2395,2876,3120,1108,816,833,944,1281,1887,2047
2998,Kuwait,414,Yemen,887,36441,29202,33307,35981,47699,65129,70672,22064,18605,22493,23729,31079,39310,42647,14377,10597,10814,12252,16620,25819,28025
2999,Lebanon,422,Melanesia,928,0,0,0,0,0,0,0,0,0,0,0,0,0,0,0,0,0,0,0,0,0
3000,Lebanon,422,Micronesia,954,0,0,0,0,0,0,0,0,0,0,0,0,0,0,0,0,0,0,0,0,0
3001,Lebanon,422,Polynesia,957,0,0,0,0,0,0,0,0,0,0,0,0,0,0,0,0,0,0,0,0,0
3002,Lebanon,422,Bahrain,48,65,150,234,180,128,108,93,28,80,132,104,78,52,47,37,70,102,76,50,56,46
3003,Lebanon,422,Bangladesh,50,433,2124,3814,3646,3498,2957,2582,297,1460,2622,2569,2528,1416,1262,136,664,1192,1077,970,1541,1320
3004,Lebanon,422,SriLanka,144,5054,5965,6876,5279,3757,3176,2771,60,45,31,237,436,1521,1353,4994,5920,6845,5042,3321,1655,1418
3005,Lebanon,422,China,156,88,2596,5103,3918,2789,2358,2058,47,77,107,238,365,1130,1006,41,2519,4996,3680,2424,1228,1052
3006,Lebanon,422,France,250,135,177,218,168,119,101,87,77,89,101,81,61,48,43,58,88,117,87,58,53,44
3007,Lebanon,422,StateofPalestine,275,389171,428088,467005,489195,512795,500579,476033,184258,202684,221110,235693,250827,239765,232450,204913,225404,245895,253502,261968,260814,243583
3008,Lebanon,422,Germany,276,189,292,395,304,216,183,159,94,141,189,151,116,87,78,95,151,206,153,100,96,81
3009,Lebanon,422,Hungary,348,16,170,323,249,177,150,129,2,61,120,98,78,72,63,14,109,203,151,99,78,66
3010,Lebanon,422,India,356,398,1169,1940,1854,1779,1503,1311,276,971,1667,1606,1556,720,641,122,198,273,248,223,783,670
3011,Lebanon,422,Indonesia,360,84,2911,5738,4405,3135,2650,2312,33,635,1238,663,110,1269,1129,51,2276,4500,3742,3025,1381,1183
3012,Lebanon,422,Iraq,368,11774,18572,25369,82759,138593,117164,102319,7101,10685,14269,43169,71293,56119,49970,4673,7887,11100,39590,67300,61045,52349
3013,Lebanon,422,Israel,376,3,434,865,664,473,400,348,1,274,548,430,319,192,171,2,160,317,234,154,208,177
3014,Lebanon,422,Jordan,400,1380,1196,1012,778,554,468,408,554,473,393,321,253,224,200,826,723,619,457,301,244,208
3015,Lebanon,422,Kuwait,414,106,260,414,318,227,192,166,43,162,282,220,163,93,82,63,98,132,98,64,99,84
3016,Lebanon,422,Libya,434,154,345,536,412,293,248,214,82,184,286,227,171,119,104,72,161,250,185,122,129,110
3017,Lebanon,422,Morocco,504,182,256,330,254,180,153,132,65,56,47,45,42,74,65,117,200,283,209,138,79,67
3018,Lebanon,422,Oman,512,247,299,351,270,192,163,140,134,142,150,121,95,78,68,113,157,201,149,97,85,72
3019,Lebanon,422,Pakistan,586,2361,2077,1793,1377,980,827,721,1244,1114,984,780,587,396,352,1117,963,809,597,393,431,369
3020,Lebanon,422,Philippines,608,1026,1572,2117,1626,1157,978,853,126,195,263,187,114,468,417,900,1377,1854,1439,1043,510,436
3021,Lebanon,422,RussianFederation,643,265,297,329,254,180,153,132,63,62,61,55,49,74,65,202,235,268,199,131,79,67
3022,Lebanon,422,SaudiArabia,682,1597,2185,2773,2129,1515,1280,1116,836,1305,1774,1393,1030,612,545,761,880,999,736,485,668,571
3023,Lebanon,422,SouthSudan,728,106,129,152,117,84,70,61,82,87,93,72,55,34,31,24,42,59,45,29,36,30
3024,Lebanon,422,Sudan,729,864,1051,1238,951,677,2055,2201,671,713,755,594,443,984,1084,193,338,483,357,234,1071,1117
3025,Lebanon,422,SyrianArabRepublic,760,23553,24856,26159,22970,19987,1194049,1042785,13138,13322,13507,12414,11411,575741,512527,10415,11534,12652,10556,8576,618308,530258
3026,Lebanon,422,Turkey,792,437,501,565,434,309,261,226,273,340,408,318,232,126,111,164,161,157,116,77,135,115
3027,Lebanon,422,Ukraine,804,21,120,218,168,119,101,87,3,8,12,15,19,48,43,18,112,206,153,100,53,44
3028,Lebanon,422,Egypt,818,78308,104377,130459,112519,95688,80893,70643,55481,72174,88862,78396,68624,38746,34500,22827,32203,41597,34123,27064,42147,36143
3029,Lebanon,422,UnitedKingdom,826,212,329,445,343,244,206,179,114,174,233,187,141,99,89,98,155,212,156,103,107,90
3030,Lebanon,422,UnitedStatesofAmerica,840,773,1108,1442,1108,788,666,579,335,540,745,595,450,319,283,438,568,697,513,338,347,296
3031,Lebanon,422,Yemen,887,1114,1213,1311,1007,717,606,528,783,807,831,652,484,290,259,331,406,480,355,233,316,269
3032,Oman,512,Melanesia,928,0,0,0,0,0,0,0,0,0,0,0,0,0,0,0,0,0,0,0,0,0
3033,Oman,512,Micronesia,954,0,0,0,0,0,0,0,0,0,0,0,0,0,0,0,0,0,0,0,0,0
3034,Oman,512,Polynesia,957,0,0,0,0,0,0,0,0,0,0,0,0,0,0,0,0,0,0,0,0,0
3035,Oman,512,Bahrain,48,106,294,400,366,393,893,1140,50,139,205,193,220,559,714,56,155,195,173,173,334,426
3036,Oman,512,Bangladesh,50,50041,82653,92034,92947,108861,247568,316467,49323,78117,85448,86008,100762,231922,296473,718,4536,6586,6939,8099,15646,19994
3037,Oman,512,SriLanka,144,13996,14591,11085,9913,10342,23519,30063,4573,4929,4952,4482,4982,13165,16832,9423,9662,6133,5431,5360,10354,13231
3038,Oman,512,France,250,200,663,940,972,1162,2642,3377,132,437,644,670,817,1976,2527,68,226,296,302,345,666,850
3039,Oman,512,India,356,152554,282987,333881,373411,473206,1076151,1375667,130597,231637,273163,311991,403953,942362,1204672,21957,51350,60718,61420,69253,133789,170995
3040,Oman,512,Indonesia,360,4605,12728,17274,19887,25710,58468,74739,355,911,2498,3298,5382,19197,24551,4250,11817,14776,16589,20328,39271,50188
3041,Oman,512,Iraq,368,118,1361,2223,2983,4226,9610,12283,66,753,1296,1761,2566,6404,8188,52,608,927,1222,1660,3206,4095
3042,Oman,512,Jordan,400,4527,8732,10484,8331,7523,17108,21868,2639,5409,7021,5396,4775,11800,15085,1888,3323,3463,2935,2748,5308,6783
3043,Oman,512,Kuwait,414,64,177,241,247,294,668,852,42,115,163,183,236,556,711,22,62,78,64,58,112,141
3044,Oman,512,Netherlands,528,611,780,730,594,556,1264,1614,342,464,489,413,412,986,1260,269,316,241,181,144,278,354
3045,Oman,512,Pakistan,586,35675,59439,66498,70569,86029,195644,250092,31374,50942,57118,61607,76443,177125,226426,4301,8497,9380,8962,9586,18519,23666
3046,Oman,512,Philippines,608,5930,7180,6412,10324,15904,36168,46233,2356,2733,2825,4218,6570,18136,23188,3574,4447,3587,6106,9334,18032,23045
3047,Oman,512,Qatar,634,27,77,106,127,170,386,492,11,33,50,85,136,321,410,16,44,56,42,34,65,82
3048,Oman,512,SaudiArabia,682,215,595,808,714,736,1673,2137,155,428,598,516,527,1270,1623,60,167,210,198,209,403,514
3049,Oman,512,SouthSudan,728,0,0,0,0,0,317,405,0,0,0,0,0,214,273,0,0,0,0,0,103,132
3050,Oman,512,Sudan,729,4910,8625,9917,7816,6978,15552,19879,2847,5124,6342,4856,4288,10459,13372,2063,3501,3575,2960,2690,5093,6507
3051,Oman,512,UnitedArabEmirates,784,2702,7470,10139,7711,6529,14848,18978,1562,4299,6173,4514,3729,9439,12067,1140,3171,3966,3197,2800,5409,6911
3052,Oman,512,Egypt,818,18811,27544,28536,27249,30361,69046,88261,10270,16042,18558,17568,19852,48744,62316,8541,11502,9978,9681,10509,20302,25945
3053,Oman,512,UnitedKingdom,826,4260,5188,4658,4061,4120,9369,11975,2866,3436,3231,2760,2792,6804,8698,1394,1752,1427,1301,1328,2565,3277
3054,Qatar,634,Melanesia,928,0,0,0,0,0,0,0,0,0,0,0,0,0,0,0,0,0,0,0,0,0
3055,Qatar,634,Micronesia,954,0,0,0,0,0,0,0,0,0,0,0,0,0,0,0,0,0,0,0,0,0
3056,Qatar,634,Polynesia,957,0,0,0,0,0,0,0,0,0,0,0,0,0,0,0,0,0,0,0,0,0
3057,Qatar,634,Afghanistan,4,384,417,388,620,1356,1571,1599,281,312,296,462,1087,1280,1283,103,105,92,158,269,291,316
3058,Qatar,634,Bahrain,48,54,91,116,275,659,764,777,15,37,55,143,420,506,497,39,54,61,132,239,258,280
3059,Qatar,634,Bangladesh,50,36556,43199,43402,75689,169370,160183,261672,33076,38020,37323,66805,155268,147723,241854,3480,5179,6079,8884,14102,12460,19818
3060,Qatar,634,SriLanka,144,932,1033,980,12231,33403,54731,154078,600,701,698,7940,23938,40243,110379,332,332,282,4291,9465,14488,43699
3061,Qatar,634,Chad,148,10484,9228,6597,2582,663,512,520,3150,3761,3840,1311,532,418,419,7334,5467,2757,1271,131,94,101
3062,Qatar,634,Ethiopia,231,908,986,917,982,1846,1667,1697,662,736,700,726,1480,1359,1362,246,250,217,256,366,308,335
3063,Qatar,634,Eritrea,232,639,694,646,1083,2401,1854,5881,467,518,493,807,1925,1511,4717,172,176,153,276,476,343,1164
3064,Qatar,634,France,250,102,202,272,585,1374,1061,1079,56,127,178,402,1052,829,827,46,75,94,183,322,232,252
3065,Qatar,634,StateofPalestine,275,7574,8393,7961,5408,7243,5595,5696,4875,5686,5664,3764,5805,4558,4566,2699,2707,2297,1644,1438,1037,1130
3066,Qatar,634,India,356,2738,2975,2769,193404,540914,645577,702013,1998,2218,2111,157924,460980,556448,604194,740,757,658,35480,79934,89129,97819
3067,Qatar,634,Indonesia,360,108178,130606,133562,64612,48072,43049,43839,84970,102805,105462,43548,28326,26529,25815,23208,27801,28100,21064,19746,16520,18024
3068,Qatar,634,Jordan,400,10999,13371,13750,14466,26916,32217,32808,5758,6857,6968,8856,20955,25552,25538,5241,6514,6782,5610,5961,6665,7270
3069,Qatar,634,Kuwait,414,6155,7067,6926,5450,8395,6494,6612,3827,4708,4899,3818,6715,5280,5289,2328,2359,2027,1632,1680,1214,1323
3070,Qatar,634,Lebanon,422,3090,3377,3162,3211,5865,8274,8425,2247,2509,2402,2364,4701,6740,6752,843,868,760,847,1164,1534,1673
3071,Qatar,634,Morocco,504,1300,1412,1315,976,1431,1437,1462,948,1053,1003,714,1147,1171,1173,352,359,312,262,284,266,289
3072,Qatar,634,Nepal,524,459,498,464,23647,66011,151314,253940,335,372,354,17821,52886,123207,205400,124,126,110,5826,13125,28107,48540
3073,Qatar,634,Netherlands,528,407,442,412,323,497,450,456,297,330,315,228,376,348,346,110,112,97,95,121,102,110
3074,Qatar,634,Nigeria,566,311,282,211,909,2347,4071,4145,128,142,135,671,1881,3316,3322,183,140,76,238,466,755,823
3075,Qatar,634,Pakistan,586,334,363,338,51773,145204,133212,235505,244,271,258,42682,124634,115582,203257,90,92,80,9091,20570,17630,32248
3076,Qatar,634,Philippines,608,37462,44332,44593,54268,107963,148496,170052,29310,35034,35585,42802,90926,126604,133099,8152,9298,9008,11466,17037,21892,36953
3077,Qatar,634,SaudiArabia,682,14187,17817,18792,7059,1054,897,911,8727,12060,13626,4695,850,735,736,5460,5757,5166,2364,204,162,175
3078,Qatar,634,Somalia,706,109,184,233,655,1609,1243,1264,68,127,167,486,1290,1013,1014,41,57,66,169,319,230,250
3079,Qatar,634,SouthSudan,728,608,660,615,1155,2632,2033,2069,444,493,469,834,2047,1611,1610,164,167,146,321,585,422,459
3080,Qatar,634,Sudan,729,3178,3452,3213,9065,22272,18583,23415,2318,2573,2450,6549,17319,14723,18204,860,879,763,2516,4953,3860,5211
3081,Qatar,634,SyrianArabRepublic,760,526,571,531,3279,8688,7148,24749,384,426,405,2465,6963,5823,19836,142,145,126,814,1725,1325,4913
3082,Qatar,634,Thailand,764,1377,2329,2935,1725,1916,2291,2331,599,1224,1672,1002,1536,1867,1870,778,1105,1263,723,380,424,461
3083,Qatar,634,UnitedArabEmirates,784,39178,41796,38184,18041,12533,9682,9558,25344,28726,27896,11902,8875,7042,6767,13834,13070,10288,6139,3658,2640,2791
3084,Qatar,634,Tunisia,788,277,300,280,423,910,978,994,203,225,214,315,730,798,799,74,75,66,108,180,180,195
3085,Qatar,634,Turkey,792,2308,2508,2335,3053,6249,5046,5137,1683,1870,1781,2264,5009,4111,4119,625,638,554,789,1240,935,1018
3086,Qatar,634,Egypt,818,250,271,253,48490,136060,163569,183544,183,203,193,35811,107320,131290,145720,67,68,60,12679,28740,32279,37824
3087,Qatar,634,UnitedKingdom,826,2886,2677,2070,2433,4771,3841,6868,1742,1718,1444,1704,3739,3065,5382,1144,959,626,729,1032,776,1486
3088,Qatar,634,UnitedStatesofAmerica,840,809,879,819,1149,2412,2280,4317,591,657,626,854,1933,1857,3461,218,222,193,295,479,423,856
3089,Qatar,634,Yemen,887,10506,11418,10626,15725,33584,34877,35517,7663,8512,8102,11680,26918,28410,28462,2843,2906,2524,4045,6666,6467,7055
3090,SaudiArabia,682,Melanesia,928,0,0,0,0,0,0,0,0,0,0,0,0,0,0,0,0,0,0,0,0,0
3091,SaudiArabia,682,Micronesia,954,0,0,0,0,0,0,0,0,0,0,0,0,0,0,0,0,0,0,0,0,0
3092,SaudiArabia,682,Polynesia,957,0,0,0,0,0,0,0,0,0,0,0,0,0,0,0,0,0,0,0,0,0
3093,SaudiArabia,682,Afghanistan,4,166255,170388,175068,216261,280395,385241,481215,110590,113637,117007,148673,197352,266864,330299,55665,56751,58061,67588,83043,118377,150916
3094,SaudiArabia,682,Bangladesh,50,479380,491297,504790,623564,808485,1022812,1277624,357396,366551,377555,470864,626506,777664,965089,121984,124746,127235,152700,181979,245148,312535
3095,SaudiArabia,682,Myanmar,104,89529,101950,104750,129398,167772,214371,267776,59554,67994,70010,88958,118084,148499,183797,29975,33956,34740,40440,49688,65872,83979
3096,SaudiArabia,682,SriLanka,144,200579,205566,211212,260909,338283,423765,529336,133422,137099,141163,179368,238095,292548,362050,67157,68467,70049,81541,100188,131217,167286
3097,SaudiArabia,682,Ethiopia,231,61017,62534,64252,79371,102910,131493,164250,40588,41706,42943,54566,72127,91518,113287,20429,20828,21309,24805,30783,39975,50963
3098,SaudiArabia,682,India,356,906468,929709,978992,1216549,1579235,2003256,2502337,612071,627174,664047,846607,1120873,1406156,1741093,294397,302535,314945,369942,458362,597100,761244
3099,SaudiArabia,682,Indonesia,360,635007,650793,668666,825998,1070951,1368407,1709318,422395,434034,446901,567849,753771,947919,1173243,212612,216759,221765,258149,317180,420488,536075
3100,SaudiArabia,682,Iraq,368,42857,33020,10177,5363,5039,4865,6075,21581,17505,5470,2920,2788,2765,3400,21276,15515,4707,2443,2251,2100,2675
3101,SaudiArabia,682,Jordan,400,90278,92523,95064,117432,152257,192620,240606,60052,61707,63536,80731,107164,133432,165149,30226,30816,31528,36701,45093,59188,75457
3102,SaudiArabia,682,Lebanon,422,57203,58626,60237,74411,96479,123277,153988,38051,39100,40260,51156,67906,85397,105697,19152,19526,19977,23255,28573,37880,48291
3103,SaudiArabia,682,Nepal,524,177661,182078,187079,231098,299632,403005,503404,136023,139627,143648,180541,233077,316320,392892,41638,42451,43431,50557,66555,86685,110512
3104,SaudiArabia,682,Pakistan,586,556715,570555,586225,724160,938913,1187817,1483737,383365,393823,405412,511418,680304,844721,1046329,173350,176732,180813,212742,258609,343096,437408
3105,SaudiArabia,682,Philippines,608,239551,245507,252250,311603,404010,516223,644828,123253,126940,126808,170395,230033,285263,350381,116298,118567,125442,141208,173977,230960,294447
3106,SaudiArabia,682,Sudan,729,178769,183214,188246,232539,301500,385241,481215,118914,122191,125814,159864,212206,266864,330299,59855,61023,62432,72675,89294,118377,150916
3107,SaudiArabia,682,SyrianArabRepublic,760,305838,313441,322050,397826,515803,659067,823261,172718,177724,183199,236194,317211,393766,485033,133120,135717,138851,161632,198592,265301,338228
3108,SaudiArabia,682,Egypt,818,357540,366429,376493,465079,603000,770483,962432,237829,244383,251628,319728,424412,533727,660595,119711,122046,124865,145351,178588,236756,301837
3109,SaudiArabia,682,Yemen,887,286032,293143,301194,372063,482400,616386,769945,185475,190625,196308,249969,332386,415997,514474,100557,102518,104886,122094,150014,200389,255471
3110,StateofPalestine,275,Melanesia,928,0,0,0,0,0,0,0,0,0,0,0,0,0,0,0,0,0,0,0,0,0
3111,StateofPalestine,275,Micronesia,954,0,0,0,0,0,0,0,0,0,0,0,0,0,0,0,0,0,0,0,0,0
3112,StateofPalestine,275,Polynesia,957,0,0,0,0,0,0,0,0,0,0,0,0,0,0,0,0,0,0,0,0,0
3113,StateofPalestine,275,Bahrain,48,8351,8161,7971,7951,7931,7911,7900,4064,3951,3837,3838,3839,3839,3840,4287,4210,4134,4113,4092,4072,4060
3114,StateofPalestine,275,Israel,376,98290,96052,93814,78664,63755,62895,62927,42646,41403,40159,32804,26786,26351,26333,55644,54649,53655,45860,36969,36544,36594
3115,StateofPalestine,275,Jordan,400,55317,54057,52798,61322,61279,60127,59543,25066,24347,23628,27715,23613,22645,22164,30251,29710,29170,33607,37666,37482,37379
3116,StateofPalestine,275,Kuwait,414,16702,16322,15942,15902,17624,18541,19605,8128,7901,7674,7675,8325,9258,10348,8574,8421,8268,8227,9299,9283,9257
3117,StateofPalestine,275,Lebanon,422,2342,2288,2235,2229,2223,2217,2213,1125,1093,1062,1062,1062,1062,1062,1217,1195,1173,1167,1161,1155,1151
3118,StateofPalestine,275,Oman,512,9110,8902,8695,10368,10342,11667,11984,4433,4309,4185,4939,4932,5494,5928,4677,4593,4510,5429,5410,6173,6056
3119,StateofPalestine,275,Qatar,634,9870,9645,9420,9396,9372,9348,9335,4803,4669,4535,4535,4535,4535,4536,5067,4976,4885,4861,4837,4813,4799
3120,StateofPalestine,275,SaudiArabia,682,21258,20773,20289,20238,23955,24094,24951,10345,10055,9766,10188,11382,11398,12340,10913,10718,10523,10050,12573,12696,12611
3121,StateofPalestine,275,SyrianArabRepublic,760,5224,5105,4986,6134,5653,5739,5731,2381,2313,2244,2813,2543,2622,2623,2843,2792,2742,3321,3110,3117,3108
3122,StateofPalestine,275,UnitedArabEmirates,784,10629,10387,10145,13525,13718,14045,14087,5173,5029,4884,6443,6535,6898,6860,5456,5358,5261,7082,7183,7147,7227
3123,StateofPalestine,275,Tunisia,788,850,830,811,808,805,803,801,378,367,356,356,356,357,357,472,463,455,452,449,446,444
3124,StateofPalestine,275,Egypt,818,17920,17515,17104,17061,20333,21218,21588,8003,7771,7542,7546,10865,11779,12175,9917,9744,9562,9515,9468,9439,9413
3125,StateofPalestine,275,UnitedStatesofAmerica,840,8436,8244,8052,8032,8012,7992,8179,4043,3930,3816,3817,3818,3799,4048,4393,4314,4236,4215,4194,4193,4131
3126,StateofPalestine,275,Yemen,887,1486,1452,1419,1415,1411,1407,1413,764,743,723,723,723,723,731,722,709,696,692,688,684,682
3127,SyrianArabRepublic,760,Melanesia,928,0,0,0,0,0,0,0,0,0,0,0,0,0,0,0,0,0,0,0,0,0
3128,SyrianArabRepublic,760,Micronesia,954,0,0,0,0,0,0,0,0,0,0,0,0,0,0,0,0,0,0,0,0,0
3129,SyrianArabRepublic,760,Polynesia,957,0,0,0,0,0,0,0,0,0,0,0,0,0,0,0,0,0,0,0,0,0
3130,SyrianArabRepublic,760,Afghanistan,4,0,92,172,629,2605,1487,1143,0,47,87,321,1328,779,585,0,45,85,308,1277,708,558
3131,SyrianArabRepublic,760,StateofPalestine,275,244707,289464,385199,442981,495785,573436,596357,125212,145829,196452,226104,252043,291535,295220,119495,143635,188747,216877,243742,281901,301137
3132,SyrianArabRepublic,760,Iraq,368,3825,3036,1829,337785,1110642,195204,203003,1932,1528,924,172794,566430,99561,100838,1893,1508,905,164991,544212,95643,102165
3133,SyrianArabRepublic,760,Somalia,706,200,345,443,1458,3100,1040,1079,102,175,224,746,1582,545,552,98,170,219,712,1518,495,527
3134,SyrianArabRepublic,760,Sudan,729,0,48,91,222,538,203,209,0,24,46,113,274,107,108,0,24,45,109,264,96,101
3135,Turkey,792,Melanesia,928,0,0,0,0,0,0,0,0,0,0,0,0,0,0,0,0,0,0,0,0,0
3136,Turkey,792,Micronesia,954,0,0,0,0,0,0,0,0,0,0,0,0,0,0,0,0,0,0,0,0,0
3137,Turkey,792,Polynesia,957,0,0,0,0,0,0,0,0,0,0,0,0,0,0,0,0,0,0,0,0,0
3138,Turkey,792,Afghanistan,4,7652,9633,9020,9360,11074,94002,117595,3875,5233,5149,5255,6156,51608,60583,3777,4400,3871,4105,4918,42394,57012
3139,Turkey,792,Albania,8,801,1939,3086,3192,3292,3261,4554,426,993,1563,1583,1595,1540,1972,375,946,1523,1609,1697,1721,2582
3140,Turkey,792,Algeria,12,156,378,603,624,643,636,887,116,276,438,450,460,451,612,40,102,165,174,183,185,275
3141,Turkey,792,Azerbaijan,31,4062,9832,15638,16174,16683,16529,23090,2202,5143,8093,8199,8275,8000,10286,1860,4689,7545,7975,8408,8529,12804
3142,Turkey,792,Argentina,32,34,82,131,135,139,138,190,18,42,66,66,67,66,84,16,40,65,69,72,72,106
3143,Turkey,792,Australia,36,2910,2817,2736,2830,2918,2890,4036,1404,1316,1230,1238,1239,1188,1483,1506,1501,1506,1592,1679,1702,2553
3144,Turkey,792,Austria,40,6979,10148,13354,13812,14247,14115,19717,3440,5040,6649,6725,6775,6535,8337,3539,5108,6705,7087,7472,7580,11380
3145,Turkey,792,Bangladesh,50,79,192,307,318,327,323,450,73,177,282,291,299,295,410,6,15,25,27,28,28,40
3146,Turkey,792,Armenia,51,192,465,740,765,789,781,1090,78,178,277,276,274,259,308,114,287,463,489,515,522,782
3147,Turkey,792,Belgium,56,4703,6415,8152,8432,8697,8617,12035,2287,3078,3874,3910,3929,3782,4776,2416,3337,4278,4522,4768,4835,7259
3148,Turkey,792,BosniaandHerzegovina,70,6811,7000,2839,2294,2352,2330,3253,3781,3816,1441,1114,1113,1073,1368,3030,3184,1398,1180,1239,1257,1885
3149,Turkey,792,Brazil,76,83,201,320,331,341,338,471,35,80,124,124,123,117,141,48,121,196,207,218,221,330
3150,Turkey,792,BritishVirginIslands,92,18,43,70,73,75,74,102,9,20,32,32,32,31,41,9,23,38,41,43,43,61
3151,Turkey,792,Bulgaria,100,462767,454518,447912,463279,477882,473482,661438,224879,218995,213480,215487,216604,169207,204551,237888,235523,234432,247792,261278,304275,456887
3152,Turkey,792,Myanmar,104,18,21,36,37,38,37,50,16,16,27,27,28,28,37,2,5,9,10,10,9,13
3153,Turkey,792,Belarus,112,72,175,280,290,298,295,410,20,43,67,65,61,55,51,52,132,213,225,237,240,359
3154,Turkey,792,Canada,124,345,835,1329,1375,1417,1404,1959,176,409,642,649,653,630,798,169,426,687,726,764,774,1161
3155,Turkey,792,SriLanka,144,18,21,36,38,68,51,70,17,18,30,31,49,39,53,1,3,6,7,19,12,17
3156,Turkey,792,Chile,152,10,25,41,43,44,43,58,4,9,14,14,14,13,14,6,16,27,29,30,30,44
3157,Turkey,792,China,156,529,1020,1634,1702,1736,1730,2415,289,511,810,826,820,798,1017,240,509,824,876,916,932,1398
3158,Turkey,792,Colombia,170,11,27,44,46,47,46,61,4,10,15,15,15,14,15,7,17,29,31,32,32,46
3159,Turkey,792,DemocraticRepublicoftheCongo,180,7,17,28,31,41,72,99,5,13,20,22,27,45,60,2,4,8,9,14,27,39
3160,Turkey,792,CostaRica,188,13,31,51,53,54,52,72,8,17,27,27,27,26,35,5,14,24,26,27,26,37
3161,Turkey,792,Croatia,191,53,129,207,214,221,218,303,25,57,90,90,91,87,108,28,72,117,124,130,131,195
3162,Turkey,792,Cuba,192,10,24,40,42,44,42,56,6,13,21,21,22,21,26,4,11,19,21,22,21,30
3163,Turkey,792,Cyprus,196,9195,9419,9679,10011,10327,10231,14291,4420,4449,4487,4523,4541,4362,5479,4775,4970,5192,5488,5786,5869,8812
3164,Turkey,792,Czechia,203,274,663,1056,1093,1127,1115,1557,145,337,530,537,541,521,668,129,326,526,556,586,594,889
3165,Turkey,792,Denmark,208,814,1970,3135,3242,3344,3313,4627,415,964,1515,1529,1539,1482,1880,399,1006,1620,1713,1805,1831,2747
3166,Turkey,792,Ethiopia,231,23,34,56,60,79,148,204,15,14,22,23,34,72,91,8,20,34,37,45,76,113
3167,Turkey,792,Estonia,233,27,65,105,109,112,110,153,11,25,39,39,39,37,44,16,40,66,70,73,73,109
3168,Turkey,792,Finland,246,404,978,1557,1610,1660,1645,2295,198,459,722,728,730,702,881,206,519,835,882,930,943,1414
3169,Turkey,792,France,250,10280,12558,14882,15392,15877,15730,21973,5235,6264,7304,7382,7432,7164,9112,5045,6294,7578,8010,8445,8566,12861
3170,Turkey,792,Georgia,268,1575,3813,6065,6273,6470,6410,8952,715,1645,2577,2586,2584,2468,3034,860,2168,3488,3687,3886,3942,5918
3171,Turkey,792,StateofPalestine,275,768,432,748,724,797,1698,1013,480,361,606,597,643,1398,822,288,71,142,127,154,300,191
3172,Turkey,792,Germany,276,176820,215428,254815,263557,271865,269361,376288,88533,106300,124254,125556,126354,102137,125191,88287,109128,130561,138001,145511,167224,251097
3173,Turkey,792,Ghana,288,34,83,134,139,143,142,196,30,74,118,122,126,126,173,4,9,16,17,17,16,23
3174,Turkey,792,Greece,300,101752,78316,55164,57056,58854,58312,81457,47783,36472,25217,25402,25478,24456,30621,53969,41844,29947,31654,33376,33856,50836
3175,Turkey,792,Guadeloupe,312,11,27,44,46,47,46,61,6,14,21,21,21,21,25,5,13,23,25,26,25,36
3176,Turkey,792,China,156,344,14,33,54,56,57,55,76,7,16,26,26,26,24,31,7,17,28,30,31,31
3177,Turkey,792,Hungary,348,126,304,485,501,517,511,713,57,129,203,203,203,194,238,69,175,282,298,314,317,475
3178,Turkey,792,Iceland,352,10,24,40,42,43,42,56,5,12,19,19,19,19,23,5,12,21,23,24,23,33
3179,Turkey,792,India,356,126,304,485,501,517,511,713,82,192,304,310,316,307,409,44,112,181,191,201,204,304
3180,Turkey,792,Indonesia,360,43,104,167,173,178,176,244,17,38,59,59,58,55,64,26,66,108,114,120,121,180
3181,Turkey,792,IranIslamicRepublicof,364,23816,13188,13427,14451,14798,38569,84270,13895,8104,8274,8796,8946,23140,44603,9921,5084,5153,5655,5852,15429,39667
3182,Turkey,792,Iraq,368,33620,21033,8922,8690,14135,139629,233288,18174,11614,5308,5123,8217,83770,39413,15446,9419,3614,3567,5918,55859,193875
3183,Turkey,792,Ireland,372,130,314,501,518,534,529,737,68,157,247,250,251,243,310,62,157,254,268,283,286,427
3184,Turkey,792,Israel,376,658,1592,2533,2620,2702,2677,3738,358,836,1315,1333,1345,1301,1673,300,756,1218,1287,1357,1376,2065
3185,Turkey,792,Italy,380,1958,2298,2648,2739,2825,2798,3908,1079,1283,1490,1515,1535,1490,1946,879,1015,1158,1224,1290,1308,1962
3186,Turkey,792,Japan,392,972,1415,1865,1929,1989,1970,2750,512,676,841,846,847,812,1013,460,739,1024,1083,1142,1158,1737
3187,Turkey,792,Kazakhstan,398,1209,2926,4654,4813,4965,4918,6869,577,1333,2090,2103,2108,2020,2520,632,1593,2564,2710,2857,2898,4349
3188,Turkey,792,Jordan,400,217,525,836,867,896,901,1257,143,339,535,549,559,554,738,74,186,301,318,337,347,519
3189,Turkey,792,Kenya,404,42,101,162,167,172,170,236,28,66,104,105,107,105,140,14,35,58,62,65,65,96
3190,Turkey,792,DemPeoplesRepublicofKorea,408,7,17,28,29,29,28,37,4,10,15,15,15,15,19,3,7,13,14,14,13,18
3191,Turkey,792,RepublicofKorea,410,124,299,477,493,508,503,700,58,132,207,208,207,198,244,66,167,270,285,301,305,456
3192,Turkey,792,Kuwait,414,69,167,266,276,284,281,391,46,110,173,177,180,177,236,23,57,93,99,104,104,155
3193,Turkey,792,Kyrgyzstan,417,423,1025,1632,1692,1741,1931,2697,249,586,924,942,952,1042,1364,174,439,708,750,789,889,1333
3194,Turkey,792,Lebanon,422,273,662,1054,1091,1126,1113,1554,143,334,526,533,538,517,661,130,328,528,558,588,596,893
3195,Turkey,792,Latvia,428,15,37,61,63,64,62,86,5,13,21,20,19,17,21,10,24,40,43,45,45,65
3196,Turkey,792,Libya,434,743,1798,2861,2959,3052,3023,4220,440,1035,1632,1660,1683,1635,2136,303,763,1229,1299,1369,1388,2084
3197,Turkey,792,Lithuania,440,63,152,243,251,259,255,355,27,61,96,96,96,90,110,36,91,147,155,163,165,245
3198,Turkey,792,Luxembourg,442,11,26,42,44,45,44,59,6,13,19,19,19,19,23,5,13,23,25,26,25,36
3199,Turkey,792,Malaysia,458,64,155,247,255,263,259,361,37,87,136,138,140,135,177,27,68,111,117,123,124,184
3200,Turkey,792,Malta,470,10,24,40,42,43,42,56,4,9,14,14,14,13,15,6,15,26,28,29,29,41
3201,Turkey,792,Mexico,484,37,89,143,148,152,151,208,19,44,69,70,70,68,86,18,45,74,78,82,83,122
3202,Turkey,792,Mongolia,496,46,111,178,184,189,187,259,24,55,87,88,88,85,108,22,56,91,96,101,102,151
3203,Turkey,792,RepublicofMoldova,498,564,1366,2173,2248,2318,2296,3206,114,232,347,318,283,232,109,450,1134,1826,1930,2035,2064,3097
3204,Turkey,792,Morocco,504,113,274,437,459,472,472,659,70,166,262,271,276,271,359,43,108,175,188,196,201,300
3205,Turkey,792,Oman,512,6,14,24,25,25,24,32,3,6,10,10,10,10,13,3,8,14,15,15,14,19
3206,Turkey,792,Netherlands,528,9916,15095,20329,21027,21689,21488,30017,4899,7476,10065,10178,10250,9885,12596,5017,7619,10264,10849,11439,11603,17421
3207,Turkey,792,NewZealand,554,70,169,270,280,288,285,397,31,71,112,113,113,108,134,39,98,158,167,175,177,263
3208,Turkey,792,Nigeria,566,70,170,272,282,294,863,1204,61,148,235,243,252,574,772,9,22,37,39,42,289,432
3209,Turkey,792,Norway,578,860,2081,3310,3423,3531,3498,4886,445,1034,1624,1641,1653,1593,2027,415,1047,1686,1782,1878,1905,2859
3210,Turkey,792,Pakistan,586,275,666,1060,1097,1131,2015,1599,171,403,636,649,660,1158,868,104,263,424,448,471,857,731
3211,Turkey,792,Peru,604,13,31,50,52,53,51,70,6,13,20,20,20,18,22,7,18,30,32,33,33,48
3212,Turkey,792,Philippines,608,141,341,544,564,581,574,801,54,123,192,192,190,178,208,87,218,352,372,391,396,593
3213,Turkey,792,Poland,616,826,1999,3181,3291,3393,3362,4695,414,960,1509,1524,1531,1474,1862,412,1039,1672,1767,1862,1888,2833
3214,Turkey,792,Portugal,620,54,131,209,216,223,220,305,28,65,101,102,103,99,125,26,66,108,114,120,121,180
3215,Turkey,792,Qatar,634,7,18,30,31,31,30,40,5,12,19,19,19,19,25,2,6,11,12,12,11,15
3216,Turkey,792,Romania,642,5018,12145,19316,19979,20609,20418,28522,2190,5014,7843,7852,7822,7447,9048,2828,7131,11473,12127,12787,12971,19474
3217,Turkey,792,RussianFederation,643,11430,14936,18497,19132,19740,19557,27319,6336,6798,7269,7264,7224,6862,8259,5094,8138,11228,11868,12516,12695,19060
3218,Turkey,792,SaudiArabia,682,3344,3712,4094,4234,4368,4331,6049,1762,1959,2160,2189,2213,2143,2766,1582,1753,1934,2045,2155,2188,3283
3219,Turkey,792,Senegal,686,16,39,63,65,66,64,88,11,25,39,39,39,38,51,5,14,24,26,27,26,37
3220,Turkey,792,Singapore,702,48,116,185,191,196,194,269,19,42,65,64,63,59,69,29,74,120,127,133,135,200
3221,Turkey,792,Slovakia,703,76,184,293,303,312,308,428,38,88,138,139,140,134,169,38,96,155,164,172,174,259
3222,Turkey,792,VietNam,704,7,17,29,30,30,29,39,3,7,12,12,12,12,15,4,10,17,18,18,17,24
3223,Turkey,792,Slovenia,705,35,85,136,141,145,144,199,18,41,64,65,65,63,79,17,44,72,76,80,81,120
3224,Turkey,792,Somalia,706,114,14,34,90,1267,3962,2980,76,14,28,59,730,2267,1610,38,0,6,31,537,1695,1370
3225,Turkey,792,SouthAfrica,710,71,172,275,285,293,290,403,39,91,143,145,146,141,181,32,81,132,140,147,149,222
3226,Turkey,792,Spain,724,292,707,1126,1165,1201,1190,1661,147,341,536,542,544,525,664,145,366,590,623,657,665,997
3227,Turkey,792,Sudan,729,63,132,212,225,355,393,546,50,100,160,167,244,262,351,13,32,52,58,111,131,195
3228,Turkey,792,Eswatini,748,18,44,71,74,76,75,103,7,16,25,25,25,24,29,11,28,46,49,51,51,74
3229,Turkey,792,Sweden,752,1291,3124,4969,5139,5301,5252,7335,638,1476,2317,2336,2346,2254,2835,653,1648,2652,2803,2955,2998,4500
3230,Turkey,792,Switzerland,756,8109,8867,9659,9990,10305,10209,14260,4018,4312,4615,4658,4684,4508,5700,4091,4555,5044,5332,5621,5701,8560
3231,Turkey,792,SyrianArabRepublic,760,5247,5106,4995,5178,5336,2714774,3792505,2742,2557,2388,2417,2428,1655872,2301270,2505,2549,2607,2761,2908,1058902,1491235
3232,Turkey,792,Tajikistan,762,64,155,248,256,265,272,378,50,119,188,192,198,200,272,14,36,60,64,67,72,106
3233,Turkey,792,Thailand,764,35,85,136,141,145,144,199,19,45,70,71,72,71,90,16,40,66,70,73,73,109
3234,Turkey,792,UnitedArabEmirates,784,3344,1689,41,43,44,43,58,1762,893,26,27,28,28,36,1582,796,15,16,16,15,22
3235,Turkey,792,Tunisia,788,132,297,475,491,508,507,708,87,183,290,296,302,297,394,45,114,185,195,206,210,314
3236,Turkey,792,Turkmenistan,795,492,1190,1894,1961,2022,2001,2793,362,862,1366,1403,1434,1405,1900,130,328,528,558,588,596,893
3237,Turkey,792,Ukraine,804,1011,2447,3893,4026,4153,4114,5745,342,760,1177,1155,1127,1045,1138,669,1687,2716,2871,3026,3069,4607
3238,Turkey,792,NorthMacedonia,807,37647,84307,134372,138686,143057,141740,198004,19251,41060,64668,65146,65515,80733,106400,18396,43247,69704,73540,77542,61007,91604
3239,Turkey,792,Egypt,818,2318,1514,717,744,770,773,1079,1314,867,422,432,440,434,572,1004,647,295,312,330,339,507
3240,Turkey,792,UnitedKingdom,826,6483,12029,17619,18224,18797,18624,26016,3140,5683,8234,8305,8338,8015,10088,3343,6346,9385,9919,10459,10609,15928
3241,Turkey,792,UnitedRepublicofTanzania,834,53,129,207,214,221,218,303,48,116,185,190,196,194,268,5,13,22,24,25,24,35
3242,Turkey,792,UnitedStatesofAmerica,840,12868,12735,12649,13083,13494,13370,18675,7695,7324,6970,7080,7166,6951,9038,5173,5411,5679,6003,6328,6419,9637
3243,Turkey,792,Uruguay,858,10,25,41,43,44,43,58,6,14,22,22,22,22,28,4,11,19,21,22,21,30
3244,Turkey,792,Uzbekistan,860,1992,4632,7375,7644,7904,7842,10954,1026,2266,3565,3610,3644,3517,4462,966,2366,3810,4034,4260,4325,6492
3245,Turkey,792,VenezuelaBolivarianRepublicof,862,9,22,37,39,40,39,52,4,10,17,17,17,17,21,5,12,20,22,23,22,31
3246,Turkey,792,Yemen,887,16,39,64,67,69,99,136,10,24,38,39,40,56,75,6,15,26,28,29,43,61
3247,UnitedArabEmirates,784,Melanesia,928,0,0,0,0,0,0,0,0,0,0,0,0,0,0,0,0,0,0,0,0,0
3248,UnitedArabEmirates,784,Micronesia,954,0,0,0,0,0,0,0,0,0,0,0,0,0,0,0,0,0,0,0,0,0
3249,UnitedArabEmirates,784,Polynesia,957,0,0,0,0,0,0,0,0,0,0,0,0,0,0,0,0,0,0,0,0,0
3250,UnitedArabEmirates,784,Afghanistan,4,1630,2088,2668,3208,6878,7515,8191,1161,1496,1911,2219,4818,5176,5640,469,592,757,989,2060,2339,2551
3251,UnitedArabEmirates,784,Bahrain,48,231,498,795,831,1679,1834,1998,58,169,286,329,758,788,858,173,329,509,502,921,1046,1140
3252,UnitedArabEmirates,784,Bangladesh,50,154869,219911,297620,408976,919365,1004611,1095231,139177,188280,247853,350939,803842,873398,952077,15692,31631,49767,58037,115523,131213,143154
3253,UnitedArabEmirates,784,SriLanka,144,44420,43576,45340,49194,101145,110523,120491,11333,16689,22765,26058,57848,61346,66839,33087,26887,22575,23136,43297,49177,53652
3254,UnitedArabEmirates,784,Chad,148,1063,1361,1739,2094,4493,4909,5350,757,975,1245,1448,3152,3386,3689,306,386,494,646,1341,1523,1661
3255,UnitedArabEmirates,784,Ethiopia,231,2708,3470,4433,4607,9276,10136,11049,1928,2486,3175,3190,6498,6981,7609,780,984,1258,1417,2778,3155,3440
3256,UnitedArabEmirates,784,Eritrea,232,3846,4928,6295,7570,16231,17735,19334,2738,3530,4509,5236,11367,12211,13309,1108,1398,1786,2334,4864,5524,6025
3257,UnitedArabEmirates,784,France,250,434,1118,1868,5745,15230,16642,18141,223,643,1095,3578,9829,10508,11451,211,475,773,2167,5401,6134,6690
3258,UnitedArabEmirates,784,StateofPalestine,275,11602,14868,18995,22830,48946,53484,58308,8260,10650,13608,15788,34277,36823,40132,3342,4218,5387,7042,14669,16661,18176
3259,UnitedArabEmirates,784,India,356,458294,667853,915878,1286993,2913858,3184043,3471300,353599,506060,685691,978024,2264033,2445963,2666029,104695,161793,230187,308969,649825,738080,805271
3260,UnitedArabEmirates,784,Indonesia,360,46598,68471,94285,121621,267618,292432,318809,22969,30221,38758,43878,101732,104016,113244,23629,38250,55527,77743,165886,188416,205565
3261,UnitedArabEmirates,784,Jordan,400,26078,35757,47494,63626,141838,154989,168968,15576,22664,30900,41156,94436,101149,110229,10502,13093,16594,22470,47402,53840,58739
3262,UnitedArabEmirates,784,Kuwait,414,13095,16904,21687,26337,56684,61939,67525,9293,12061,15466,18142,39564,42494,46312,3802,4843,6221,8195,17120,19445,21213
3263,UnitedArabEmirates,784,Lebanon,422,5513,7065,9024,14856,35184,38446,41913,3925,5061,6464,10255,24639,26469,28847,1588,2004,2560,4601,10545,11977,13066
3264,UnitedArabEmirates,784,Morocco,504,1948,2496,3188,3594,7508,8204,8942,1387,1789,2284,2487,5259,5650,6157,561,707,904,1107,2249,2554,2785
3265,UnitedArabEmirates,784,Nepal,524,1730,2217,2832,8818,23410,25580,27886,1232,1589,2029,6074,16396,17614,19196,498,628,803,2744,7014,7966,8690
3266,UnitedArabEmirates,784,Netherlands,528,1320,1346,1450,1378,2651,2896,3155,491,643,823,813,1667,1779,1939,829,703,627,565,984,1117,1216
3267,UnitedArabEmirates,784,Nigeria,566,1417,1815,2319,5207,13178,14399,15697,1009,1300,1661,3590,9228,9913,10804,408,515,658,1617,3950,4486,4893
3268,UnitedArabEmirates,784,Pakistan,586,158710,225750,305782,383831,836310,913855,996288,121958,172353,232003,295159,657517,710779,774730,36752,53397,73779,88672,178793,203076,221558
3269,UnitedArabEmirates,784,Philippines,608,60107,91840,128860,202658,474083,518041,564769,35485,59497,86564,148170,361185,389810,424868,24622,32343,42296,54488,112898,128231,139901
3270,UnitedArabEmirates,784,Qatar,634,61,131,210,824,2244,2452,2671,10,35,62,292,875,898,977,51,96,148,532,1369,1554,1694
3271,UnitedArabEmirates,784,SaudiArabia,682,465,1005,1604,2395,5524,6036,6579,279,652,1058,1638,3912,4206,4584,186,353,546,757,1612,1830,1995
3272,UnitedArabEmirates,784,Somalia,706,2578,3304,4221,4165,8173,8930,9734,1835,2367,3023,2885,5725,6150,6702,743,937,1198,1280,2448,2780,3032
3273,UnitedArabEmirates,784,SouthSudan,728,3951,5187,6723,6751,13368,14607,15922,2452,3344,4407,4363,8882,9512,10365,1499,1843,2316,2388,4486,5095,5557
3274,UnitedArabEmirates,784,Sudan,729,32088,42130,54597,55931,111835,122204,133226,19917,27155,35785,36147,74302,79574,86717,12171,14975,18812,19784,37533,42630,46509
3275,UnitedArabEmirates,784,SyrianArabRepublic,760,13462,17252,22036,22332,44428,48547,52925,9584,12357,15784,15463,31056,33359,36356,3878,4895,6252,6869,13372,15188,16569
3276,UnitedArabEmirates,784,Thailand,764,2228,2855,3647,4842,10763,11760,12819,1586,2045,2612,3347,7538,8097,8825,642,810,1035,1495,3225,3663,3994
3277,UnitedArabEmirates,784,Tunisia,788,1175,1505,1922,2303,4932,5389,5874,837,1079,1377,1594,3455,3712,4046,338,426,545,709,1477,1677,1828
3278,UnitedArabEmirates,784,Turkey,792,9781,12534,16050,16152,32055,35027,38186,6963,8978,11508,11185,22449,24117,26284,2818,3556,4542,4967,9606,10910,11902
3279,UnitedArabEmirates,784,Egypt,818,165980,207924,261934,341789,755158,825178,899612,103608,137088,177635,227694,514424,551748,601297,62372,70836,84299,114095,240734,273430,298315
3280,UnitedArabEmirates,784,UnitedKingdom,826,12229,12845,14201,13007,24505,26777,29191,7070,7875,9074,8397,16480,17663,19249,5159,4970,5127,4610,8025,9114,9942
3281,UnitedArabEmirates,784,UnitedStatesofAmerica,840,3431,4396,5615,6294,13114,14329,15620,2443,3149,4022,4355,9183,9865,10751,988,1247,1593,1939,3931,4464,4869
3282,UnitedArabEmirates,784,Yemen,887,44514,57044,72861,82490,172602,188606,205618,31692,40859,52169,57067,120868,129846,141511,12822,16185,20692,25423,51734,58760,64107
3283,Yemen,887,Melanesia,928,0,0,0,0,0,0,0,0,0,0,0,0,0,0,0,0,0,0,0,0,0
3284,Yemen,887,Micronesia,954,0,0,0,0,0,0,0,0,0,0,0,0,0,0,0,0,0,0,0,0,0
3285,Yemen,887,Polynesia,957,0,0,0,0,0,0,0,0,0,0,0,0,0,0,0,0,0,0,0,0,0
3286,Yemen,887,Ethiopia,231,15804,687,1703,1916,6181,15740,16039,9175,399,990,1114,3594,9153,10070,6629,288,713,802,2587,6587,5969
3287,Yemen,887,Eritrea,232,0,2500,2766,789,1515,1902,1937,0,1452,1607,491,943,1184,1288,0,1048,1159,298,572,718,649
3288,Yemen,887,StateofPalestine,275,2562,3353,2794,3392,3792,3757,3826,1422,1880,1503,1835,1990,1926,2168,1140,1473,1291,1557,1802,1831,1658
3289,Yemen,887,IranIslamicRepublicof,364,0,0,0,0,10,7,6,0,0,0,0,6,4,4,0,0,0,0,4,3,2
3290,Yemen,887,Iraq,368,4943,5140,5389,6731,10441,9801,9987,2743,3054,2898,3653,5564,5068,5698,2200,2086,2491,3078,4877,4733,4289
3291,Yemen,887,VietNam,704,706,0,9,0,28,15,14,410,0,6,0,16,8,8,296,0,3,0,12,7,6
3292,Yemen,887,Somalia,706,36771,61684,69757,92022,194353,275683,280940,21042,35648,39943,56367,106606,145260,162717,15729,26036,29814,35655,87747,130423,118223
3293,Yemen,887,SouthSudan,728,0,0,0,0,0,541,551,0,0,0,0,0,282,317,0,0,0,0,0,259,234
3294,Yemen,887,Sudan,729,18648,19777,20102,21394,23170,26541,27044,10342,11574,10796,11347,12032,13831,15525,8306,8203,9306,10047,11138,12710,11519
3295,Yemen,887,SyrianArabRepublic,760,2238,2318,2411,2578,2822,3943,4013,1242,1287,1295,1362,1467,2050,2298,996,1031,1116,1216,1355,1893,1715
3296,Yemen,887,Egypt,818,8579,8886,9206,9808,10621,7596,7739,4760,4991,4943,5141,5512,3943,4429,3819,3895,4263,4667,5109,3653,3310
3297,Belarus,112,Melanesia,928,0,0,0,0,0,0,0,0,0,0,0,0,0,0,0,0,0,0,0,0,0
3298,Belarus,112,Micronesia,954,0,0,0,0,0,0,0,0,0,0,0,0,0,0,0,0,0,0,0,0,0
3299,Belarus,112,Polynesia,957,0,0,0,0,0,0,0,0,0,0,0,0,0,0,0,0,0,0,0,0,0
3300,Belarus,112,Afghanistan,4,140,216,292,281,270,282,277,106,152,199,192,185,192,190,34,64,93,89,85,90,87
3301,Belarus,112,Algeria,12,27,41,55,53,50,53,51,24,35,46,44,41,44,44,3,6,9,9,9,9,7
3302,Belarus,112,Azerbaijan,31,15651,14826,14000,13806,13611,13493,13294,8959,8516,8073,7960,7846,7781,7667,6692,6310,5927,5846,5765,5712,5627
3303,Belarus,112,Argentina,32,76,92,107,103,99,102,99,40,39,38,37,36,35,34,36,53,69,66,63,67,65
3304,Belarus,112,Australia,36,21,25,28,27,26,28,26,12,12,12,11,10,12,12,9,13,16,16,16,16,14
3305,Belarus,112,Austria,40,44,53,61,59,56,59,57,21,20,18,17,16,18,18,23,33,43,42,40,41,39
3306,Belarus,112,Armenia,51,6645,6295,5944,5862,5779,5728,5643,3957,3761,3564,3514,3464,3434,3384,2688,2534,2380,2348,2315,2294,2259
3307,Belarus,112,Belgium,56,28,33,38,37,35,36,34,20,21,23,22,21,21,21,8,12,15,15,14,15,13
3308,Belarus,112,Brazil,76,69,83,97,93,89,94,91,32,29,27,25,24,26,25,37,54,70,68,65,68,66
3309,Belarus,112,Bulgaria,100,30,47,63,61,58,61,59,19,26,33,32,31,31,31,11,21,30,29,27,30,28
3310,Belarus,112,Canada,124,85,123,160,154,148,155,152,44,52,60,58,56,58,58,41,71,100,96,92,97,94
3311,Belarus,112,Cuba,192,22,34,46,45,43,44,42,21,32,43,42,40,41,41,1,2,3,3,3,3,1
3312,Belarus,112,Czechia,203,83,91,99,95,91,96,93,39,34,30,29,28,29,28,44,57,69,66,63,67,65
3313,Belarus,112,Denmark,208,130,168,206,198,190,199,195,86,104,122,117,113,118,117,44,64,84,81,77,81,78
3314,Belarus,112,Ethiopia,231,11,18,25,24,23,25,23,11,17,24,23,22,24,23,0,1,1,1,1,1,0
3315,Belarus,112,Estonia,233,3429,3397,3365,3232,3099,3243,3194,1709,1427,1145,1099,1054,1104,1087,1720,1970,2220,2133,2045,2139,2107
3316,Belarus,112,Finland,246,1185,1688,2190,2104,2017,2111,2079,710,863,1016,976,935,979,965,475,825,1174,1128,1082,1132,1114
3317,Belarus,112,Georgia,268,9868,9348,8827,8705,8583,8507,8381,5654,5375,5096,5025,4954,4911,4839,4214,3973,3731,3680,3629,3596,3542
3318,Belarus,112,Germany,276,32,50,68,65,62,66,64,21,29,37,35,33,35,35,11,21,31,30,29,31,29
3319,Belarus,112,Greece,300,164,139,113,109,104,108,105,75,56,37,36,34,35,34,89,83,76,73,70,73,71
3320,Belarus,112,Hungary,348,291,323,354,341,327,342,335,149,141,133,128,123,128,125,142,182,221,213,204,214,210
3321,Belarus,112,India,356,24,37,50,48,46,48,46,21,31,41,39,37,39,39,3,6,9,9,9,9,7
3322,Belarus,112,IranIslamicRepublicof,364,25,38,51,49,47,49,47,22,31,41,39,37,39,39,3,7,10,10,10,10,8
3323,Belarus,112,Ireland,372,16,20,24,23,21,24,22,7,7,8,7,5,8,8,9,13,16,16,16,16,14
3324,Belarus,112,Israel,376,192,297,402,386,370,387,380,111,149,187,179,172,179,176,81,148,215,207,198,208,204
3325,Belarus,112,Italy,380,10,17,24,23,21,24,22,9,15,21,20,18,21,21,1,2,3,3,3,3,1
3326,Belarus,112,Kazakhstan,398,81148,76868,72587,71580,70573,69957,68934,38716,36862,35008,34514,34020,33739,33246,42432,40006,37579,37066,36553,36218,35688
3327,Belarus,112,Jordan,400,13,22,30,29,28,30,28,13,21,29,28,27,29,28,0,1,1,1,1,1,0
3328,Belarus,112,DemPeoplesRepublicofKorea,408,97,80,62,60,57,60,58,44,32,19,18,17,19,19,53,48,43,42,40,41,39
3329,Belarus,112,RepublicofKorea,410,22,26,29,28,27,29,27,14,14,14,13,13,14,14,8,12,15,15,14,15,13
3330,Belarus,112,Kyrgyzstan,417,6071,5751,5430,5355,5279,5234,5156,2906,2767,2627,2590,2552,2532,2495,3165,2984,2803,2765,2727,2702,2661
3331,Belarus,112,Lebanon,422,32,50,67,64,61,65,63,32,50,67,64,61,65,63,0,0,0,0,0,0,0
3332,Belarus,112,Latvia,428,11085,10983,10880,10450,10019,10486,10332,5137,4170,3203,3075,2946,3087,3043,5948,6813,7677,7375,7073,7399,7289
3333,Belarus,112,Lithuania,440,18380,18210,18039,17326,16612,17385,17130,8096,6431,4766,4575,4384,4592,4525,10284,11779,13273,12751,12228,12793,12605
3334,Belarus,112,Mongolia,496,96,136,175,168,161,168,164,40,43,45,43,42,43,42,56,93,130,125,119,125,122
3335,Belarus,112,RepublicofMoldova,498,8826,8361,7895,7786,7676,7608,7496,4703,4474,4244,4184,4124,4089,4030,4123,3887,3651,3602,3552,3519,3466
3336,Belarus,112,Norway,578,49,56,63,61,58,61,59,30,33,36,35,33,34,34,19,23,27,26,25,27,25
3337,Belarus,112,Pakistan,586,24,37,49,47,45,47,45,24,37,49,47,45,47,45,0,0,0,0,0,0,0
3338,Belarus,112,Poland,616,235,365,495,476,456,478,470,133,180,228,219,210,221,218,102,185,267,257,246,257,252
3339,Belarus,112,Romania,642,10,17,23,22,20,23,21,6,8,10,9,7,10,10,4,9,13,13,13,13,11
3340,Belarus,112,RussianFederation,643,791522,749767,708011,698192,688372,682362,672481,349598,333116,316633,312157,307680,305167,300709,441924,416651,391378,386035,380692,377195,371772
3341,Belarus,112,Serbia,688,16,27,37,36,34,35,33,12,18,24,23,21,22,22,4,9,13,13,13,13,11
3342,Belarus,112,Slovakia,703,25,26,27,26,25,27,25,11,10,9,9,9,9,9,14,16,18,17,16,18,16
3343,Belarus,112,VietNam,704,182,282,381,366,351,366,359,107,144,180,173,167,172,169,75,138,201,193,184,194,190
3344,Belarus,112,Spain,724,31,34,37,36,34,35,33,19,18,18,18,17,16,16,12,16,19,18,17,19,17
3345,Belarus,112,Sweden,752,190,271,352,338,324,340,333,122,152,183,176,169,177,174,68,119,169,162,155,163,159
3346,Belarus,112,Switzerland,756,22,26,29,28,27,29,27,13,13,13,12,11,13,13,9,13,16,16,16,16,14
3347,Belarus,112,SyrianArabRepublic,760,40,63,86,83,79,83,80,40,63,86,83,79,83,80,0,0,0,0,0,0,0
3348,Belarus,112,Tajikistan,762,6587,6240,5892,5811,5729,5679,5595,3336,3175,3013,2971,2928,2905,2863,3251,3065,2879,2840,2801,2774,2732
3349,Belarus,112,UnitedArabEmirates,784,15,19,23,22,20,23,21,9,10,11,10,9,11,11,6,9,12,12,11,12,10
3350,Belarus,112,Turkey,792,11,18,25,24,23,25,23,11,17,24,23,22,24,23,0,1,1,1,1,1,0
3351,Belarus,112,Turkmenistan,795,6339,6005,5670,5592,5513,5464,5382,3062,2915,2768,2729,2690,2667,2627,3277,3090,2902,2863,2823,2797,2755
3352,Belarus,112,Ukraine,804,261845,248032,234219,230971,227722,225734,222436,125347,119339,113332,111734,110136,109228,107632,136498,128693,120887,119237,117586,116506,114804
3353,Belarus,112,UnitedKingdom,826,340,409,478,460,441,461,453,178,178,178,171,164,171,168,162,231,300,289,277,290,285
3354,Belarus,112,UnitedStatesofAmerica,840,42,66,90,86,82,87,84,23,30,38,35,33,37,36,19,36,52,51,49,50,48
3355,Belarus,112,Uruguay,858,21,25,28,27,26,28,26,7,6,4,4,4,4,4,14,19,24,23,22,24,22
3356,Belarus,112,Uzbekistan,860,17154,16225,15344,15108,14919,14788,14570,8207,7808,7420,7303,7212,7152,7047,8947,8417,7924,7805,7707,7636,7523
3357,Belarus,112,Yemen,887,14,24,33,32,30,33,31,12,20,27,26,24,27,27,2,4,6,6,6,6,4
3358,Bulgaria,100,Melanesia,928,1,3,3,6,6,18,16,1,3,3,4,4,13,11,0,0,0,2,2,5,5
3359,Bulgaria,100,Micronesia,954,1,3,4,7,8,7,4,1,2,3,5,6,5,2,0,1,1,2,2,2,2
3360,Bulgaria,100,Polynesia,957,5,9,12,19,23,9,5,3,5,7,10,12,2,1,2,4,5,9,11,7,4
3361,Bulgaria,100,Afghanistan,4,222,223,223,2320,2450,3438,426,145,153,161,1767,1945,2563,298,77,70,62,553,505,875,128
3362,Bulgaria,100,Albania,8,103,316,528,785,1028,990,1351,54,165,276,408,538,520,777,49,151,252,377,490,470,574
3363,Bulgaria,100,Algeria,12,32,105,178,266,350,347,460,23,60,98,142,187,194,283,9,45,80,124,163,153,177
3364,Bulgaria,100,Andorra,20,0,0,0,1,1,0,0,0,0,0,1,1,0,0,0,0,0,0,0,0,0
3365,Bulgaria,100,Angola,24,4,4,4,5,6,8,15,4,3,2,2,2,2,5,0,1,2,3,4,6,10
3366,Bulgaria,100,Anguilla,660,10,16,21,29,35,29,30,7,10,13,18,22,19,22,3,6,8,11,13,10,8
3367,Bulgaria,100,AntiguaandBarbuda,28,1,2,3,4,5,5,4,1,2,3,3,4,4,3,0,0,0,1,1,1,1
3368,Bulgaria,100,Argentina,32,7,30,53,81,107,99,127,3,13,24,36,48,44,65,4,17,29,45,59,55,62
3369,Bulgaria,100,Armenia,51,1207,1179,1150,1246,1334,1371,1802,605,579,553,590,634,576,809,602,600,597,656,700,795,993
3370,Bulgaria,100,Aruba,533,1,2,3,4,5,5,3,1,2,3,3,4,4,2,0,0,0,1,1,1,1
3371,Bulgaria,100,Australia,36,13,40,66,99,129,200,295,9,23,37,54,70,110,164,4,17,29,45,59,90,131
3372,Bulgaria,100,Austria,40,26,62,98,142,184,804,1938,14,35,57,83,109,441,1064,12,27,41,59,75,363,874
3373,Bulgaria,100,Azerbaijan,31,8,466,923,1454,1953,1652,1930,4,210,415,650,876,688,862,4,256,508,804,1077,964,1068
3374,Bulgaria,100,Bahamas,44,1,2,2,3,4,4,3,1,1,0,0,0,0,0,0,1,2,3,4,4,3
3375,Bulgaria,100,Bahrain,48,1,3,4,6,8,14,28,1,2,2,3,4,5,14,0,1,2,3,4,9,14
3376,Bulgaria,100,Bangladesh,50,22,150,278,429,571,478,539,18,81,144,218,289,235,288,4,69,134,211,282,243,251
3377,Bulgaria,100,Barbados,52,1,2,2,3,4,4,3,0,0,0,0,1,1,0,1,2,2,3,3,3,3
3378,Bulgaria,100,Belarus,112,89,198,307,443,571,704,1110,17,39,61,87,115,148,300,72,159,246,356,456,556,810
3379,Bulgaria,100,Belgium,56,14,98,181,280,372,1297,2606,11,60,109,166,220,662,1377,3,38,72,114,152,635,1229
3380,Bulgaria,100,Belize,84,0,1,1,2,2,2,0,0,0,0,0,0,0,0,0,1,1,2,2,2,0
3381,Bulgaria,100,Benin,204,2,9,15,22,30,24,27,2,6,9,12,17,13,16,0,3,6,10,13,11,11
3382,Bulgaria,100,Bermuda,60,0,0,0,1,1,1,1,0,0,0,0,0,0,0,0,0,0,1,1,1,1
3383,Bulgaria,100,Bhutan,64,1,7,13,20,27,21,23,1,4,7,11,15,12,14,0,3,6,9,12,9,9
3384,Bulgaria,100,BoliviaPlurinationalStateof,68,1,6,10,16,20,16,22,1,4,6,9,10,9,12,0,2,4,7,10,7,10
3385,Bulgaria,100,BosniaandHerzegovina,70,18,36,54,77,98,102,164,11,23,35,49,63,65,111,7,13,19,28,35,37,53
3386,Bulgaria,100,Botswana,72,7,11,15,20,26,23,26,5,7,10,12,16,13,16,2,4,5,8,10,10,10
3387,Bulgaria,100,Brazil,76,8,25,42,63,83,120,210,4,11,18,26,34,44,89,4,14,24,37,49,76,121
3388,Bulgaria,100,BritishVirginIslands,92,21,34,46,63,79,59,60,14,23,31,42,53,36,35,7,11,15,21,26,23,25
3389,Bulgaria,100,BruneiDarussalam,96,0,0,0,1,1,1,1,0,0,0,1,1,1,1,0,0,0,0,0,0,0
3390,Bulgaria,100,BurkinaFaso,854,3,5,6,9,11,11,13,2,3,4,6,7,7,9,1,2,2,3,4,4,4
3391,Bulgaria,100,Burundi,108,4,7,9,12,15,15,18,2,4,5,6,7,7,10,2,3,4,6,8,8,8
3392,Bulgaria,100,CaboVerde,132,2,3,4,6,7,6,5,2,2,3,4,5,4,3,0,1,1,2,2,2,2
3393,Bulgaria,100,Cambodia,116,6,8,9,11,13,11,13,2,2,2,2,2,0,0,4,6,7,9,11,11,13
3394,Bulgaria,100,Cameroon,120,1,3,4,6,8,13,24,1,3,4,6,8,11,18,0,0,0,0,0,2,6
3395,Bulgaria,100,Canada,124,17,64,111,167,220,484,753,11,37,63,93,123,246,402,6,27,48,74,97,238,351
3396,Bulgaria,100,CaymanIslands,136,0,1,1,2,2,3,3,0,1,1,1,1,2,1,0,0,0,1,1,1,2
3397,Bulgaria,100,Chad,148,1,2,3,4,5,5,4,1,2,3,3,4,4,3,0,0,0,1,1,1,1
3398,Bulgaria,100,Chile,152,3,7,10,15,19,20,27,2,4,6,9,11,12,16,1,3,4,6,8,8,11
3399,Bulgaria,100,China,156,362,443,524,657,780,1083,1550,211,247,283,348,411,525,742,151,196,241,309,369,558,808
3400,Bulgaria,100,Colombia,170,1,6,10,16,21,36,68,0,3,6,10,13,19,32,1,3,4,6,8,17,36
3401,Bulgaria,100,Congo,178,10,9,8,9,9,10,26,9,7,5,5,4,4,11,1,2,3,4,5,6,15
3402,Bulgaria,100,CostaRica,188,1,2,3,4,5,7,8,1,2,3,4,5,7,6,0,0,0,0,0,0,2
3403,Bulgaria,100,CotedIvoire,384,1,2,3,4,5,12,15,1,2,3,3,4,7,9,0,0,0,1,1,5,6
3404,Bulgaria,100,Croatia,191,15,29,42,60,76,95,125,8,15,22,31,39,54,73,7,14,20,29,37,41,52
3405,Bulgaria,100,Cuba,192,50,91,132,185,234,241,301,36,59,82,112,140,142,186,14,32,50,73,94,99,115
3406,Bulgaria,100,Cyprus,196,103,126,149,187,222,883,1479,52,68,84,108,132,461,804,51,58,65,79,90,422,675
3407,Bulgaria,100,Czechia,203,162,313,464,657,838,1039,1533,56,119,182,260,338,425,688,106,194,282,397,500,614,845
3408,Bulgaria,100,DemPeoplesRepublicofKorea,408,1,1,1,18,33,29,37,1,1,1,9,16,10,14,0,0,0,9,17,19,23
3409,Bulgaria,100,DemocraticRepublicoftheCongo,180,3,6,8,11,14,13,13,2,5,7,9,12,11,11,1,1,1,2,2,2,2
3410,Bulgaria,100,Denmark,208,10,21,31,44,57,201,555,7,15,22,31,41,123,314,3,6,9,13,16,78,241
3411,Bulgaria,100,Djibouti,262,1,2,2,3,3,3,2,1,2,2,3,3,3,2,0,0,0,0,0,0,0
3412,Bulgaria,100,Dominica,212,0,0,0,1,1,0,0,0,0,0,1,1,0,0,0,0,0,0,0,0,0
3413,Bulgaria,100,DominicanRepublic,214,5,8,11,16,19,41,56,2,3,4,6,7,15,25,3,5,7,10,12,26,31
3414,Bulgaria,100,Ecuador,218,1,4,6,9,12,15,28,1,2,2,3,4,2,8,0,2,4,6,8,13,20
3415,Bulgaria,100,Egypt,818,30,50,69,96,120,210,358,23,38,53,74,93,154,262,7,12,16,22,27,56,96
3416,Bulgaria,100,ElSalvador,222,1,2,3,5,7,8,11,0,1,2,3,5,5,8,1,1,1,2,2,3,3
3417,Bulgaria,100,Eritrea,232,1,2,2,3,3,3,13,1,2,2,2,2,2,12,0,0,0,1,1,1,1
3418,Bulgaria,100,Estonia,233,4,16,27,41,54,64,103,1,5,8,11,15,19,34,3,11,19,30,39,45,69
3419,Bulgaria,100,Eswatini,748,1,2,2,3,3,2,1,0,0,0,0,0,0,0,1,2,2,3,3,2,1
3420,Bulgaria,100,Ethiopia,231,26,30,34,41,49,50,63,24,27,30,35,41,37,44,2,3,4,6,8,13,19
3421,Bulgaria,100,Fiji,242,0,1,1,2,2,1,0,0,1,1,1,1,1,0,0,0,0,1,1,0,0
3422,Bulgaria,100,Finland,246,10,19,28,40,51,129,211,4,9,14,21,27,64,107,6,10,14,19,24,65,104
3423,Bulgaria,100,France,250,63,165,267,392,509,1560,3021,40,99,159,232,301,821,1668,23,66,108,160,208,739,1353
3424,Bulgaria,100,Gabon,266,3,5,6,9,11,10,8,1,2,2,3,4,3,3,2,3,4,6,7,7,5
3425,Bulgaria,100,Gambia,270,2,4,5,8,10,8,9,1,2,2,4,5,3,4,1,2,3,4,5,5,5
3426,Bulgaria,100,Georgia,268,77,117,157,213,264,354,492,39,53,67,88,108,145,221,38,64,90,125,156,209,271
3427,Bulgaria,100,Germany,276,252,625,998,1457,1889,4846,12588,114,318,523,769,1009,2517,6655,138,307,475,688,880,2329,5933
3428,Bulgaria,100,Ghana,288,4,5,6,8,10,15,29,3,3,3,3,4,7,19,1,2,3,5,6,8,10
3429,Bulgaria,100,Gibraltar,292,2,3,4,6,8,6,9,1,1,1,1,2,2,2,1,2,3,5,6,4,7
3430,Bulgaria,100,Greece,300,1246,1945,2643,3584,4469,6276,8061,777,1075,1373,1793,2209,3329,4507,469,870,1270,1791,2260,2947,3554
3431,Bulgaria,100,Greenland,304,1,2,2,3,3,2,1,1,2,2,3,3,2,1,0,0,0,0,0,0,0
3432,Bulgaria,100,Guatemala,320,1,2,3,5,6,4,4,0,0,0,1,1,2,1,1,2,3,4,5,2,3
3433,Bulgaria,100,Guinea,324,4,5,6,8,10,9,9,3,4,5,6,8,8,8,1,1,1,2,2,1,1
3434,Bulgaria,100,GuineaBissau,624,1,2,3,4,5,4,3,1,1,2,2,3,2,1,0,1,1,2,2,2,2
3435,Bulgaria,100,Guyana,328,1,2,2,3,4,4,3,1,2,2,2,3,3,2,0,0,0,1,1,1,1
3436,Bulgaria,100,Haiti,332,1,2,3,4,5,5,4,1,2,3,3,4,4,3,0,0,0,1,1,1,1
3437,Bulgaria,100,HolySee,336,0,0,0,0,0,1,0,0,0,0,0,0,1,0,0,0,0,0,0,0,0
3438,Bulgaria,100,Honduras,340,0,1,1,2,2,2,4,0,1,1,1,1,1,0,0,0,0,1,1,1,4
3439,Bulgaria,100,Hungary,348,70,122,174,242,306,312,391,30,49,68,92,117,124,174,40,73,106,150,189,188,217
3440,Bulgaria,100,Iceland,352,1,34,66,104,140,15,29,1,19,37,57,78,7,14,0,15,29,47,62,8,15
3441,Bulgaria,100,India,356,163,149,135,137,138,251,553,133,119,105,103,101,166,363,30,30,30,34,37,85,190
3442,Bulgaria,100,Indonesia,360,1,6,11,17,22,38,63,0,2,4,7,9,11,14,1,4,7,10,13,27,49
3443,Bulgaria,100,IranIslamicRepublicof,364,98,127,155,199,239,303,475,86,105,123,153,182,216,334,12,22,32,46,57,87,141
3444,Bulgaria,100,Iraq,368,171,265,358,1325,2549,4850,1389,118,195,271,1029,2002,3548,971,53,70,87,296,547,1302,418
3445,Bulgaria,100,Ireland,372,4,5,6,8,10,214,385,2,2,3,4,6,111,209,2,3,3,4,4,103,176
3446,Bulgaria,100,IsleofMan,833,0,0,0,0,0,2,18,0,0,0,0,0,0,12,0,0,0,0,0,2,6
3447,Bulgaria,100,Israel,376,58,114,169,240,306,486,824,41,73,104,144,183,296,518,17,41,65,96,123,190,306
3448,Bulgaria,100,Italy,380,113,312,511,754,982,2479,3994,82,207,333,486,633,1463,2401,31,105,178,268,349,1016,1593
3449,Bulgaria,100,Jamaica,388,1,2,3,5,6,5,5,0,0,1,2,3,2,1,1,2,2,3,3,3,4
3450,Bulgaria,100,Japan,392,26,44,61,84,105,159,220,13,22,31,42,53,68,99,13,22,30,42,52,91,121
3451,Bulgaria,100,Jordan,400,83,94,105,127,148,201,293,74,82,90,108,125,148,213,9,12,15,19,23,53,80
3452,Bulgaria,100,Kazakhstan,398,89,271,452,672,879,1327,2308,26,80,133,196,260,399,815,63,191,319,476,619,928,1493
3453,Bulgaria,100,Kenya,404,2,4,6,9,11,16,28,1,2,3,4,5,6,12,1,2,3,5,6,10,16
3454,Bulgaria,100,Kiribati,296,1,2,3,4,5,4,3,1,1,2,2,3,2,1,0,1,1,2,2,2,2
3455,Bulgaria,100,Kuwait,414,9,28,47,71,92,100,227,8,21,35,53,68,66,155,1,7,12,18,24,34,72
3456,Bulgaria,100,Kyrgyzstan,417,10,26,41,60,78,145,237,3,10,16,22,29,41,90,7,16,25,38,49,104,147
3457,Bulgaria,100,LaoPeoplesDemocraticRepublic,418,0,0,0,1,1,1,0,0,0,0,0,0,0,0,0,0,0,1,1,1,0
3458,Bulgaria,100,Latvia,428,10,34,58,87,115,148,218,1,7,13,20,27,31,52,9,27,45,67,88,117,166
3459,Bulgaria,100,Lebanon,422,266,323,379,473,560,662,1026,207,250,292,363,429,478,736,59,73,87,110,131,184,290
3460,Bulgaria,100,Liberia,430,1,2,3,4,5,5,6,1,1,2,2,3,4,4,0,1,1,2,2,1,2
3461,Bulgaria,100,Libya,434,34,67,99,140,179,210,294,22,38,53,73,92,107,170,12,29,46,67,87,103,124
3462,Bulgaria,100,Liechtenstein,438,1,2,2,3,3,2,1,1,2,2,2,2,1,0,0,0,0,1,1,1,1
3463,Bulgaria,100,Lithuania,440,9,30,50,75,98,118,158,1,4,6,9,11,22,44,8,26,44,66,87,96,114
3464,Bulgaria,100,Luxembourg,442,2,3,4,6,8,64,109,1,1,2,3,5,28,56,1,2,2,3,3,36,53
3465,Bulgaria,100,Madagascar,450,0,1,1,2,2,2,1,0,1,1,2,2,2,1,0,0,0,0,0,0,0
3466,Bulgaria,100,Malawi,454,0,0,0,0,0,1,2,0,0,0,0,0,1,2,0,0,0,0,0,0,0
3467,Bulgaria,100,Malaysia,458,0,1,1,2,2,3,20,0,1,1,1,1,2,14,0,0,0,1,1,1,6
3468,Bulgaria,100,Maldives,462,1,1,1,2,2,1,0,1,1,1,1,1,0,0,0,0,0,1,1,1,0
3469,Bulgaria,100,Mali,466,0,0,0,1,1,5,3,0,0,0,0,0,3,1,0,0,0,1,1,2,2
3470,Bulgaria,100,Malta,470,1,9,16,25,33,63,165,0,4,8,13,18,32,91,1,5,8,12,15,31,74
3471,Bulgaria,100,MarshallIslands,584,0,0,0,1,1,1,0,0,0,0,1,1,1,0,0,0,0,0,0,0,0
3472,Bulgaria,100,Mauritania,478,1,2,2,3,3,2,2,1,2,2,3,3,2,2,0,0,0,0,0,0,0
3473,Bulgaria,100,Mauritius,480,0,0,0,1,1,4,5,0,0,0,0,0,2,1,0,0,0,1,1,2,4
3474,Bulgaria,100,Mexico,484,2,7,12,18,23,54,97,1,3,5,8,10,25,49,1,4,7,10,13,29,48
3475,Bulgaria,100,Monaco,492,1,2,2,3,4,8,12,0,1,1,1,2,3,6,1,1,1,2,2,5,6
3476,Bulgaria,100,Mongolia,496,23,29,35,45,54,79,101,11,12,13,15,18,27,37,12,17,22,30,36,52,64
3477,Bulgaria,100,Montenegro,499,7,11,15,20,25,24,41,4,6,9,11,14,12,23,3,5,6,9,11,12,18
3478,Bulgaria,100,Morocco,504,19,30,41,57,70,93,156,15,20,25,33,39,48,89,4,10,16,24,31,45,67
3479,Bulgaria,100,Mozambique,508,6,10,14,20,24,31,38,4,6,9,12,14,17,22,2,4,5,8,10,14,16
3480,Bulgaria,100,Namibia,516,1,2,2,3,3,5,8,1,2,2,2,2,2,4,0,0,0,1,1,3,4
3481,Bulgaria,100,Nauru,520,0,1,1,2,2,2,1,0,1,1,2,2,2,1,0,0,0,0,0,0,0
3482,Bulgaria,100,Nepal,524,1,2,3,4,5,8,16,1,2,3,4,5,8,11,0,0,0,0,0,0,5
3483,Bulgaria,100,Netherlands,528,12,72,132,204,271,911,1772,8,47,86,133,177,499,977,4,25,46,71,94,412,795
3484,Bulgaria,100,NewZealand,554,5,9,12,17,20,42,63,3,5,7,10,11,25,37,2,4,5,7,9,17,26
3485,Bulgaria,100,Nicaragua,558,15,17,19,23,27,28,38,14,15,17,20,24,25,33,1,2,2,3,3,3,5
3486,Bulgaria,100,Niger,562,8,6,4,3,1,1,0,5,4,3,2,1,1,0,3,2,1,1,0,0,0
3487,Bulgaria,100,Nigeria,566,31,38,45,57,68,124,246,28,33,39,48,57,102,183,3,5,6,9,11,22,63
3488,Bulgaria,100,NorthMacedonia,807,1018,1247,1476,1850,2200,2402,4614,569,679,789,977,1165,1287,2934,449,568,687,873,1035,1115,1680
3489,Bulgaria,100,Norway,578,4,24,43,66,88,230,545,3,14,25,37,50,114,283,1,10,18,29,38,116,262
3490,Bulgaria,100,Oman,512,0,1,1,2,2,4,9,0,1,1,2,2,4,9,0,0,0,0,0,0,0
3491,Bulgaria,100,Pakistan,586,23,25,27,33,37,137,290,22,23,24,28,31,85,182,1,2,3,5,6,52,108
3492,Bulgaria,100,Panama,591,4,4,4,5,6,7,7,3,3,4,5,6,6,5,1,1,0,0,0,1,2
3493,Bulgaria,100,PapuaNewGuinea,598,1,2,2,3,3,2,1,1,2,2,3,3,2,1,0,0,0,0,0,0,0
3494,Bulgaria,100,Paraguay,600,0,1,1,2,2,2,3,0,1,1,2,2,2,2,0,0,0,0,0,0,1
3495,Bulgaria,100,Peru,604,7,10,12,16,19,26,33,6,7,8,10,12,15,18,1,3,4,6,7,11,15
3496,Bulgaria,100,Philippines,608,10,15,20,27,33,72,155,4,3,3,2,2,5,19,6,12,17,25,31,67,136
3497,Bulgaria,100,Poland,616,423,558,693,895,1085,1444,1946,128,168,208,267,331,437,683,295,390,485,628,754,1007,1263
3498,Bulgaria,100,Portugal,620,3,24,44,68,90,339,569,3,14,25,37,48,159,285,0,10,19,31,42,180,284
3499,Bulgaria,100,Qatar,634,2,3,4,6,8,29,58,2,2,3,4,6,20,40,0,1,1,2,2,9,18
3500,Bulgaria,100,RepublicofKorea,410,33,43,53,41,51,140,230,19,22,25,20,20,64,108,14,21,28,21,31,76,122
3501,Bulgaria,100,RepublicofMoldova,498,582,821,1059,1398,1716,2070,3144,236,303,369,470,576,693,1232,346,518,690,928,1140,1377,1912
3502,Bulgaria,100,Romania,642,143,1393,2642,4103,5479,4039,3519,55,552,1049,1615,2172,1501,1445,88,841,1593,2488,3307,2538,2074
3503,Bulgaria,100,RussianFederation,643,6899,8936,10972,14064,16970,21381,32789,1559,1996,2433,3093,3864,5327,10489,5340,6940,8539,10971,13106,16054,22300
3504,Bulgaria,100,Rwanda,646,0,1,1,2,2,2,1,0,1,1,1,1,1,0,0,0,0,1,1,1,1
3505,Bulgaria,100,Samoa,882,1,2,3,5,6,5,5,0,0,0,1,1,1,1,1,2,3,4,5,4,4
3506,Bulgaria,100,SanMarino,674,1,2,2,3,4,6,4,0,0,0,0,1,1,0,1,2,2,3,3,5,4
3507,Bulgaria,100,SaudiArabia,682,1,8,15,23,31,56,139,1,5,9,13,18,37,97,0,3,6,10,13,19,42
3508,Bulgaria,100,Senegal,686,1,3,4,7,9,11,14,0,1,2,4,5,7,10,1,2,2,3,4,4,4
3509,Bulgaria,100,Serbia,688,562,895,1227,1606,2022,1944,3245,267,417,566,742,941,918,1756,295,478,661,864,1081,1026,1489
3510,Bulgaria,100,Seychelles,690,0,0,0,0,0,0,1,0,0,0,0,0,0,0,0,0,0,0,0,0,1
3511,Bulgaria,100,SierraLeone,694,0,0,0,1,1,1,1,0,0,0,1,1,1,1,0,0,0,0,0,0,0
3512,Bulgaria,100,Singapore,702,2,3,4,6,7,15,33,1,1,1,2,2,8,15,1,2,3,4,5,7,18
3513,Bulgaria,100,Slovakia,703,63,107,151,209,263,299,394,12,24,36,51,67,71,121,51,83,115,158,196,228,273
3514,Bulgaria,100,Slovenia,705,8,14,19,26,33,83,129,4,7,10,13,17,43,76,4,7,9,13,16,40,53
3515,Bulgaria,100,Somalia,706,1,2,2,3,3,16,23,1,2,2,3,3,8,12,0,0,0,0,0,8,11
3516,Bulgaria,100,SouthAfrica,710,9,35,61,92,121,188,335,3,15,28,42,56,90,168,6,20,33,50,65,98,167
3517,Bulgaria,100,Spain,724,18,346,674,1057,1417,4589,7450,10,185,360,562,756,2301,3943,8,161,314,495,661,2288,3507
3518,Bulgaria,100,SriLanka,144,2,4,5,7,9,12,20,2,3,4,5,6,10,14,0,1,1,2,3,2,6
3519,Bulgaria,100,StateofPalestine,275,3,2,1,1,0,37,83,3,2,1,1,0,23,52,0,0,0,0,0,14,31
3520,Bulgaria,100,Sudan,729,12,17,21,28,34,41,48,11,15,18,23,28,33,40,1,2,3,5,6,8,8
3521,Bulgaria,100,Suriname,740,0,0,0,1,1,1,2,0,0,0,1,1,1,2,0,0,0,0,0,0,0
3522,Bulgaria,100,Sweden,752,15,37,58,85,111,274,514,9,22,34,49,65,139,264,6,15,24,36,46,135,250
3523,Bulgaria,100,Switzerland,756,15,46,76,114,148,347,600,7,25,43,65,86,191,332,8,21,33,49,62,156,268
3524,Bulgaria,100,SyrianArabRepublic,760,473,606,738,942,1134,15502,17848,388,496,604,770,930,10126,10976,85,110,134,172,204,5376,6872
3525,Bulgaria,100,Tajikistan,762,5,29,53,82,109,133,169,1,12,23,36,49,54,66,4,17,30,46,60,79,103
3526,Bulgaria,100,Thailand,764,3,5,7,10,12,30,57,0,0,0,0,0,2,9,3,5,7,10,12,28,48
3527,Bulgaria,100,Togo,768,0,0,0,0,0,1,3,0,0,0,0,0,0,0,0,0,0,0,0,1,3
3528,Bulgaria,100,Tokelau,772,0,0,0,1,1,0,0,0,0,0,0,0,0,0,0,0,0,1,1,0,0
3529,Bulgaria,100,Tonga,776,0,1,1,2,2,1,0,0,1,1,1,1,0,0,0,0,0,1,1,1,0
3530,Bulgaria,100,TrinidadandTobago,780,0,0,0,0,0,4,4,0,0,0,0,0,4,4,0,0,0,0,0,0,0
3531,Bulgaria,100,Tunisia,788,18,30,41,58,72,97,150,17,24,31,43,52,73,112,1,6,10,15,20,24,38
3532,Bulgaria,100,Turkey,792,743,1377,2010,2822,3587,8130,14454,469,943,1417,2012,2583,5682,9507,274,434,593,810,1004,2448,4947
3533,Bulgaria,100,Turkmenistan,795,7,61,115,179,239,250,317,0,19,39,61,83,82,116,7,42,76,118,156,168,201
3534,Bulgaria,100,TurksandCaicosIslands,796,1,2,2,3,3,3,1,1,2,2,3,3,3,1,0,0,0,0,0,0,0
3535,Bulgaria,100,Tuvalu,798,4,6,8,11,14,2,0,3,4,6,8,10,1,0,1,2,2,3,4,1,0
3536,Bulgaria,100,Uganda,800,1,2,3,4,5,7,9,1,2,3,3,4,5,6,0,0,0,1,1,2,3
3537,Bulgaria,100,Ukraine,804,1671,2451,3230,4311,5327,6164,11275,446,592,738,947,1185,1412,3856,1225,1859,2492,3364,4142,4752,7419
3538,Bulgaria,100,UnitedArabEmirates,784,1,14,26,41,55,133,347,1,8,15,23,31,67,192,0,6,11,18,24,66,155
3539,Bulgaria,100,UnitedKingdom,826,59,692,1324,2062,2757,5901,11981,45,393,741,1142,1528,3115,6338,14,299,583,920,1229,2786,5643
3540,Bulgaria,100,UnitedRepublicofTanzania,834,7,8,9,11,13,10,13,7,8,9,11,13,9,12,0,0,0,0,0,1,1
3541,Bulgaria,100,UnitedStatesofAmerica,840,139,352,565,826,1071,2129,3454,76,185,294,426,554,1079,1881,63,167,271,400,517,1050,1573
3542,Bulgaria,100,Uruguay,858,2,5,8,12,16,16,17,0,2,4,7,10,11,12,2,3,4,5,6,5,5
3543,Bulgaria,100,Uzbekistan,860,24,163,302,465,619,675,925,7,55,103,157,211,218,315,17,108,199,308,408,457,610
3544,Bulgaria,100,Vanuatu,548,0,0,0,1,1,15,15,0,0,0,0,0,10,10,0,0,0,1,1,5,5
3545,Bulgaria,100,VenezuelaBolivarianRepublicof,862,1,7,12,19,24,34,52,1,4,6,9,11,14,24,0,3,6,10,13,20,28
3546,Bulgaria,100,VietNam,704,346,381,416,494,566,557,709,244,263,283,333,380,362,431,102,118,133,161,186,195,278
3547,Bulgaria,100,WallisandFutunaIslands,876,0,0,0,0,0,1,0,0,0,0,0,0,0,0,0,0,0,0,0,1,0
3548,Bulgaria,100,Yemen,887,28,30,32,38,43,46,93,22,23,25,30,34,34,66,6,7,7,8,9,12,27
3549,Bulgaria,100,Zambia,894,3,5,6,9,11,10,13,2,3,3,4,5,5,7,1,2,3,5,6,5,6
3550,Bulgaria,100,Zimbabwe,716,4,9,14,20,27,27,41,3,6,10,14,19,17,23,1,3,4,6,8,10,18
3551,Czechia,203,Melanesia,928,3,6,8,8,7,11,20,2,3,5,4,3,9,16,1,3,3,4,4,2,4
3552,Czechia,203,Micronesia,954,2,2,2,2,1,1,0,2,1,1,0,0,0,0,0,1,1,2,1,1,0
3553,Czechia,203,Polynesia,957,3,5,6,4,0,6,3,2,2,2,1,0,2,0,1,3,4,3,0,4,3
3554,Czechia,203,Afghanistan,4,51,77,103,221,317,418,484,37,57,77,142,196,268,333,14,20,26,79,121,150,151
3555,Czechia,203,Albania,8,44,66,88,184,262,309,487,28,42,56,123,180,209,299,16,24,32,61,82,100,188
3556,Czechia,203,Algeria,12,80,121,161,408,616,686,805,69,105,140,366,559,583,675,11,16,21,42,57,103,130
3557,Czechia,203,Andorra,20,4,6,8,4,0,0,0,2,3,4,2,0,0,0,2,3,4,2,0,0,0
3558,Czechia,203,Angola,24,33,50,67,129,178,168,161,29,44,59,110,150,140,138,4,6,8,19,28,28,23
3559,Czechia,203,AntiguaandBarbuda,28,1,2,3,2,0,0,0,1,2,3,2,0,0,0,0,0,0,0,0,0,0
3560,Czechia,203,Argentina,32,76,114,152,133,102,199,366,37,57,77,71,61,116,234,39,57,75,62,41,83,132
3561,Czechia,203,Armenia,51,227,340,453,1305,2031,1865,2096,136,208,280,723,1120,1018,1151,91,132,173,582,911,847,945
3562,Czechia,203,Aruba,533,0,0,0,0,1,0,0,0,0,0,0,1,0,0,0,0,0,0,0,0,0
3563,Czechia,203,Australia,36,56,85,113,269,399,551,701,32,50,67,164,249,347,464,24,35,46,105,150,204,237
3564,Czechia,203,Austria,40,1811,2717,3623,3043,2192,2618,3002,818,1269,1720,1843,1853,2210,2531,993,1448,1903,1200,339,408,471
3565,Czechia,203,Azerbaijan,31,45,68,91,406,681,1142,1596,25,38,52,224,381,663,972,20,30,39,182,300,479,624
3566,Czechia,203,Bahamas,44,0,0,0,0,2,2,1,0,0,0,0,1,1,0,0,0,0,0,1,1,1
3567,Czechia,203,Bahrain,48,6,9,12,15,16,14,25,5,8,11,13,14,9,19,1,1,1,2,2,5,6
3568,Czechia,203,Bangladesh,50,8,12,16,70,117,183,718,7,10,13,61,104,160,666,1,2,3,9,13,23,52
3569,Czechia,203,Barbados,52,3,5,7,4,1,1,1,1,1,2,1,1,1,1,2,4,5,3,0,0,0
3570,Czechia,203,Belarus,112,322,483,644,2344,3816,4097,5864,138,215,292,988,1645,1710,2851,184,268,352,1356,2171,2387,3013
3571,Czechia,203,Belgium,56,186,279,372,419,427,613,819,105,161,217,281,324,468,621,81,118,155,138,103,145,198
3572,Czechia,203,Belize,84,1,1,1,1,0,0,1,0,0,0,0,0,0,1,1,1,1,1,0,0,0
3573,Czechia,203,Benin,204,7,10,13,28,41,43,39,6,9,12,24,34,31,27,1,1,1,4,7,12,12
3574,Czechia,203,Bermuda,60,1,1,1,2,3,4,2,1,1,1,1,1,2,1,0,0,0,1,2,2,1
3575,Czechia,203,Bhutan,64,0,0,0,2,3,2,3,0,0,0,1,1,1,1,0,0,0,1,2,1,2
3576,Czechia,203,BoliviaPlurinationalStateof,68,12,18,24,49,69,78,99,9,13,17,36,51,54,67,3,5,7,13,18,24,32
3577,Czechia,203,BosniaandHerzegovina,70,355,533,711,1713,2550,2504,3178,220,336,452,1123,1711,1661,2239,135,197,259,590,839,843,939
3578,Czechia,203,Botswana,72,0,1,1,40,74,97,30,0,1,1,24,44,62,14,0,0,0,16,30,35,16
3579,Czechia,203,Brazil,76,28,42,56,188,301,462,1150,17,26,35,107,172,280,672,11,16,21,81,129,182,478
3580,Czechia,203,BruneiDarussalam,96,0,0,0,0,0,1,0,0,0,0,0,0,1,0,0,0,0,0,0,0,0
3581,Czechia,203,Bulgaria,100,1154,1731,2308,4421,6113,9276,15166,743,1131,1519,2818,3916,5821,9637,411,600,789,1603,2197,3455,5529
3582,Czechia,203,BurkinaFaso,854,1,2,3,8,12,17,17,0,1,2,5,7,11,12,1,1,1,3,5,6,5
3583,Czechia,203,Burundi,108,0,0,0,2,4,5,5,0,0,0,2,4,3,4,0,0,0,0,0,2,1
3584,Czechia,203,CaboVerde,132,3,5,7,9,11,11,17,2,3,4,5,7,8,10,1,2,3,4,4,3,7
3585,Czechia,203,Cambodia,116,4,6,8,15,20,40,60,2,3,4,9,12,18,23,2,3,4,6,8,22,37
3586,Czechia,203,Cameroon,120,1,2,3,44,81,99,131,0,1,2,35,65,83,102,1,1,1,9,16,16,29
3587,Czechia,203,Canada,124,121,181,241,409,539,766,1015,68,104,140,238,322,453,606,53,77,101,171,217,313,409
3588,Czechia,203,CaymanIslands,136,0,0,0,0,0,1,0,0,0,0,0,0,1,0,0,0,0,0,0,0,0
3589,Czechia,203,CentralAfricanRepublic,140,1,1,1,1,0,0,0,1,0,0,0,0,0,0,0,1,1,1,0,0,0
3590,Czechia,203,Chad,148,2,3,4,6,7,6,4,2,3,4,5,6,5,3,0,0,0,1,1,1,1
3591,Czechia,203,Chile,152,7,11,15,53,85,122,244,4,7,10,33,53,75,145,3,4,5,20,32,47,99
3592,Czechia,203,China,156,303,454,605,2714,4558,4807,6620,182,278,374,1507,2543,2531,3516,121,176,231,1207,2015,2276,3104
3593,Czechia,203,China,156,344,6,9,12,6,0,0,0,2,3,4,2,0,0,0,4,6,8,4,0,0
3594,Czechia,203,Colombia,170,18,27,36,99,152,250,424,11,16,22,52,78,134,230,7,11,14,47,74,116,194
3595,Czechia,203,Comoros,174,0,1,1,1,1,0,0,0,1,1,1,1,0,0,0,0,0,0,0,0,0
3596,Czechia,203,Congo,178,16,24,32,43,50,62,60,14,20,27,31,32,42,42,2,4,5,12,18,20,18
3597,Czechia,203,CostaRica,188,3,4,5,17,28,54,158,2,3,4,11,18,32,88,1,1,1,6,10,22,70
3598,Czechia,203,CotedIvoire,384,3,5,7,42,73,87,107,2,4,6,38,67,77,89,1,1,1,4,6,10,18
3599,Czechia,203,Croatia,191,417,626,835,1163,1383,1632,1898,247,378,509,766,968,1123,1277,170,248,326,397,415,509,621
3600,Czechia,203,Cuba,192,123,185,247,320,363,431,489,98,148,198,236,255,288,313,25,37,49,84,108,143,176
3601,Czechia,203,Cyprus,196,13,20,27,56,79,106,137,10,16,22,46,65,84,104,3,4,5,10,14,22,33
3602,Czechia,203,DemPeoplesRepublicofKorea,408,21,32,43,35,25,13,3,5,8,11,17,23,8,0,16,24,32,18,2,5,3
3603,Czechia,203,DemocraticRepublicoftheCongo,180,8,12,16,37,54,88,91,7,10,13,27,38,53,59,1,2,3,10,16,35,32
3604,Czechia,203,Denmark,208,32,48,64,172,264,308,423,20,30,40,127,204,229,312,12,18,24,45,60,79,111
3605,Czechia,203,Djibouti,262,1,2,3,3,3,3,1,1,1,2,1,1,1,0,0,1,1,2,2,2,1
3606,Czechia,203,Dominica,212,0,0,0,1,2,2,2,0,0,0,1,2,2,2,0,0,0,0,0,0,0
3607,Czechia,203,DominicanRepublic,214,1,2,3,18,32,58,93,0,1,2,11,19,32,51,1,1,1,7,13,26,42
3608,Czechia,203,Ecuador,218,10,15,19,50,76,93,116,7,10,12,31,47,57,68,3,5,7,19,29,36,48
3609,Czechia,203,Egypt,818,39,58,77,289,474,728,1145,30,45,60,260,437,654,976,9,13,17,29,37,74,169
3610,Czechia,203,ElSalvador,222,3,5,7,9,11,26,45,2,3,4,4,4,18,24,1,2,3,5,7,8,21
3611,Czechia,203,EquatorialGuinea,226,1,1,1,1,0,0,0,1,0,0,0,0,0,0,0,1,1,1,0,0,0
3612,Czechia,203,Eritrea,232,1,1,1,2,3,9,8,1,1,1,1,2,6,4,0,0,0,1,1,3,4
3613,Czechia,203,Estonia,233,15,23,31,83,128,175,256,6,10,14,36,57,72,113,9,13,17,47,71,103,143
3614,Czechia,203,Eswatini,748,0,1,1,1,0,0,0,0,0,0,0,0,0,0,0,1,1,1,0,0,0
3615,Czechia,203,Ethiopia,231,19,29,39,58,71,105,122,16,24,32,46,55,72,78,3,5,7,12,16,33,44
3616,Czechia,203,Fiji,242,2,3,4,4,3,5,6,1,2,3,2,1,4,5,1,1,1,2,2,1,1
3617,Czechia,203,Finland,246,82,123,164,200,218,298,412,41,63,85,109,127,172,246,41,60,79,91,91,126,166
3618,Czechia,203,France,250,891,1336,1781,1978,1993,2791,3817,453,697,941,1216,1411,1977,2726,438,639,840,762,582,814,1091
3619,Czechia,203,FrenchPolynesia,258,0,0,0,0,0,1,2,0,0,0,0,0,0,0,0,0,0,0,0,1,2
3620,Czechia,203,Gabon,266,0,0,0,1,2,3,10,0,0,0,1,2,3,5,0,0,0,0,0,0,5
3621,Czechia,203,Gambia,270,2,3,4,8,11,16,13,1,1,1,6,10,14,13,1,2,3,2,1,2,0
3622,Czechia,203,Georgia,268,88,132,176,607,979,1070,1453,50,77,104,351,575,616,903,38,55,72,256,404,454,550
3623,Czechia,203,Germany,276,2375,3563,4750,8294,11052,15567,17983,1189,1833,2476,5890,8842,12755,14642,1186,1730,2274,2404,2210,2812,3341
3624,Czechia,203,Ghana,288,10,16,21,70,113,197,426,8,12,16,57,94,163,342,2,4,5,13,19,34,84
3625,Czechia,203,Gibraltar,292,0,0,0,0,3,3,2,0,0,0,0,1,1,0,0,0,0,0,2,2,2
3626,Czechia,203,Greece,300,445,667,889,718,483,724,1248,250,383,516,436,329,512,899,195,284,373,282,154,212,349
3627,Czechia,203,Greenland,304,0,0,0,0,1,2,1,0,0,0,0,1,1,0,0,0,0,0,0,1,1
3628,Czechia,203,Grenada,308,0,0,0,1,1,1,0,0,0,0,1,1,1,0,0,0,0,0,0,0,0
3629,Czechia,203,Guatemala,320,2,3,4,18,30,35,51,1,2,3,8,13,18,29,1,1,1,10,17,17,22
3630,Czechia,203,Guinea,324,6,9,11,43,70,78,79,5,8,10,33,52,58,61,1,1,1,10,18,20,18
3631,Czechia,203,GuineaBissau,624,2,3,4,13,20,21,22,2,3,4,11,17,18,19,0,0,0,2,3,3,3
3632,Czechia,203,Guyana,328,1,1,1,4,7,5,5,1,1,1,3,6,5,5,0,0,0,1,1,0,0
3633,Czechia,203,Haiti,332,5,8,11,8,4,7,10,2,4,6,4,2,4,6,3,4,5,4,2,3,4
3634,Czechia,203,Honduras,340,1,1,1,6,10,21,40,1,0,0,3,6,12,18,0,1,1,3,4,9,22
3635,Czechia,203,Hungary,348,1526,2290,3053,1998,771,1202,1695,771,1189,1607,1059,463,708,1019,755,1101,1446,939,308,494,676
3636,Czechia,203,Iceland,352,5,7,9,19,27,30,43,3,4,5,12,17,22,32,2,3,4,7,10,8,11
3637,Czechia,203,India,356,60,90,119,547,921,1707,4315,41,63,84,407,696,1242,3167,19,27,35,140,225,465,1148
3638,Czechia,203,Indonesia,360,22,33,43,84,118,179,333,15,23,30,43,55,69,158,7,10,13,41,63,110,175
3639,Czechia,203,IranIslamicRepublicof,364,47,70,93,212,310,502,896,33,50,67,150,221,322,510,14,20,26,62,89,180,386
3640,Czechia,203,Iraq,368,65,98,131,298,436,519,657,52,79,107,211,299,355,453,13,19,24,87,137,164,204
3641,Czechia,203,Ireland,372,16,25,33,262,466,584,689,11,17,22,200,362,456,536,5,8,11,62,104,128,153
3642,Czechia,203,Israel,376,35,52,69,252,411,510,796,24,36,48,187,311,364,530,11,16,21,65,100,146,266
3643,Czechia,203,Italy,380,255,382,509,1467,2283,3364,4893,175,266,357,1223,1980,2880,4117,80,116,152,244,303,484,776
3644,Czechia,203,Jamaica,388,1,2,3,7,11,22,25,1,1,2,4,7,14,18,0,1,1,3,4,8,7
3645,Czechia,203,Japan,392,48,72,95,758,1346,1519,1764,26,39,52,385,695,767,868,22,33,43,373,651,752,896
3646,Czechia,203,Jordan,400,25,38,51,104,148,169,223,22,33,44,88,126,134,170,3,5,7,16,22,35,53
3647,Czechia,203,Kazakhstan,398,454,682,909,2909,4627,6563,8015,220,341,462,1420,2303,3369,4081,234,341,447,1489,2324,3194,3934
3648,Czechia,203,Kenya,404,11,16,21,52,77,93,137,7,10,14,36,54,64,85,4,6,7,16,23,29,52
3649,Czechia,203,Kiribati,296,1,1,1,1,1,1,0,1,1,1,0,0,0,0,0,0,0,1,1,1,0
3650,Czechia,203,Kuwait,414,14,21,27,59,86,103,128,9,14,18,46,71,79,90,5,7,9,13,15,24,38
3651,Czechia,203,Kyrgyzstan,417,37,56,75,415,714,810,1262,18,29,40,196,342,400,728,19,27,35,219,372,410,534
3652,Czechia,203,LaoPeoplesDemocraticRepublic,418,2,3,4,16,27,25,35,2,2,3,9,14,12,17,0,1,1,7,13,13,18
3653,Czechia,203,Latvia,428,32,49,65,153,226,450,679,12,20,27,57,85,209,330,20,29,38,96,141,241,349
3654,Czechia,203,Lebanon,422,51,76,101,221,319,345,433,42,63,85,181,260,274,330,9,13,16,40,59,71,103
3655,Czechia,203,Lesotho,426,1,2,3,3,2,2,0,1,2,3,3,2,2,0,0,0,0,0,0,0,0
3656,Czechia,203,Liberia,430,2,3,4,7,9,10,12,1,1,1,4,6,8,8,1,2,3,3,3,2,4
3657,Czechia,203,Libya,434,25,37,49,102,146,188,205,18,27,36,77,113,145,149,7,10,13,25,33,43,56
3658,Czechia,203,Liechtenstein,438,0,0,0,1,1,1,0,0,0,0,1,1,1,0,0,0,0,0,0,0,0
3659,Czechia,203,Lithuania,440,41,61,81,285,462,610,748,18,27,36,131,220,284,353,23,34,45,154,242,326,395
3660,Czechia,203,Luxembourg,442,4,6,8,13,17,22,26,3,4,5,9,12,16,20,1,2,3,4,5,6,6
3661,Czechia,203,Madagascar,450,6,9,12,20,27,24,27,4,6,8,13,17,15,18,2,3,4,7,10,9,9
3662,Czechia,203,Malawi,454,5,7,9,5,0,5,7,2,3,4,2,0,5,6,3,4,5,3,0,0,1
3663,Czechia,203,Malaysia,458,3,5,7,179,333,356,219,2,4,6,84,158,147,95,1,1,1,95,175,209,124
3664,Czechia,203,Maldives,462,0,0,0,2,3,2,5,0,0,0,1,2,2,5,0,0,0,1,1,0,0
3665,Czechia,203,Mali,466,4,6,8,19,28,27,28,3,5,7,14,19,19,20,1,1,1,5,9,8,8
3666,Czechia,203,Malta,470,2,3,4,11,17,22,32,1,2,3,7,11,15,24,1,1,1,4,6,7,8
3667,Czechia,203,Mauritania,478,1,1,1,3,4,7,5,1,1,1,3,4,7,5,0,0,0,0,0,0,0
3668,Czechia,203,Mauritius,480,1,1,1,15,27,32,54,1,1,1,9,15,20,36,0,0,0,6,12,12,18
3669,Czechia,203,Mexico,484,19,29,39,147,240,432,888,10,16,22,87,146,271,530,9,13,17,60,94,161,358
3670,Czechia,203,Monaco,492,0,1,1,2,3,6,6,0,1,1,2,3,5,4,0,0,0,0,0,1,2
3671,Czechia,203,Mongolia,496,140,210,279,2887,5209,4607,7831,52,82,111,1097,2046,1817,3556,88,128,168,1790,3163,2790,4275
3672,Czechia,203,Montenegro,499,29,43,57,46,32,91,148,20,30,40,33,24,56,82,9,13,17,13,8,35,66
3673,Czechia,203,Morocco,504,26,39,51,154,243,303,449,22,33,43,132,210,253,357,4,6,8,22,33,50,92
3674,Czechia,203,Mozambique,508,1,1,1,3,5,12,20,1,1,1,2,4,10,17,0,0,0,1,1,2,3
3675,Czechia,203,Myanmar,104,1,1,1,30,56,130,146,1,1,1,18,33,75,82,0,0,0,12,23,55,64
3676,Czechia,203,Namibia,516,2,3,4,14,22,24,36,1,2,3,8,11,14,16,1,1,1,6,11,10,20
3677,Czechia,203,Nauru,520,1,1,1,1,0,0,0,1,0,0,0,0,0,0,0,1,1,1,0,0,0
3678,Czechia,203,Nepal,524,4,6,8,59,105,182,1286,3,4,5,47,85,134,1055,1,2,3,12,20,48,231
3679,Czechia,203,Netherlands,528,135,203,271,1330,2258,2593,3045,88,134,180,927,1600,1839,2172,47,69,91,403,658,754,873
3680,Czechia,203,NewZealand,554,9,13,17,68,113,180,247,6,9,12,49,82,141,197,3,4,5,19,31,39,50
3681,Czechia,203,Nicaragua,558,4,6,8,10,11,13,22,3,5,7,8,9,9,12,1,1,1,2,2,4,10
3682,Czechia,203,Niger,562,1,2,3,5,6,4,4,1,1,2,4,5,4,4,0,1,1,1,1,0,0
3683,Czechia,203,Nigeria,566,17,25,33,275,490,604,771,14,21,28,235,420,514,635,3,4,5,40,70,90,136
3684,Czechia,203,NorthMacedonia,807,131,197,263,1155,1934,1925,2572,105,158,212,919,1546,1454,1891,26,39,51,236,388,471,681
3685,Czechia,203,Norway,578,24,36,48,84,112,168,238,13,20,27,60,88,124,173,11,16,21,24,24,44,65
3686,Czechia,203,Oman,512,0,0,0,0,1,2,34,0,0,0,0,1,1,32,0,0,0,0,0,1,2
3687,Czechia,203,Pakistan,586,23,34,45,222,376,533,662,19,28,37,180,306,412,501,4,6,8,42,70,121,161
3688,Czechia,203,Panama,591,2,4,5,15,24,44,47,2,3,4,11,17,31,36,0,1,1,4,7,13,11
3689,Czechia,203,PapuaNewGuinea,598,0,1,1,2,3,5,14,0,0,0,1,2,4,11,0,1,1,1,1,1,3
3690,Czechia,203,Paraguay,600,8,12,15,24,31,27,23,5,7,8,16,23,20,17,3,5,7,8,8,7,6
3691,Czechia,203,Peru,604,17,25,33,105,166,234,319,14,20,26,67,101,149,201,3,5,7,38,65,85,118
3692,Czechia,203,Philippines,608,8,13,17,177,320,509,1590,2,4,5,72,136,106,498,6,9,12,105,184,403,1092
3693,Czechia,203,Poland,616,6082,9124,12165,16032,18409,18796,21694,2264,3556,4848,7160,9183,9503,11305,3818,5568,7317,8872,9226,9293,10389
3694,Czechia,203,Portugal,620,10,15,19,78,129,310,507,6,9,11,53,90,220,354,4,6,8,25,39,90,153
3695,Czechia,203,Qatar,634,7,10,13,10,6,4,7,3,4,5,4,3,2,2,4,6,8,6,3,2,5
3696,Czechia,203,RepublicofKorea,410,19,28,37,553,1013,1428,2552,9,14,19,285,532,744,1338,10,14,18,268,481,684,1214
3697,Czechia,203,RepublicofMoldova,498,202,303,403,5361,9786,6849,10102,120,183,245,3383,6264,3986,6033,82,120,158,1978,3522,2863,4069
3698,Czechia,203,Romania,642,2945,4417,5889,5109,3872,5446,9659,1476,2275,3074,2865,2498,3678,6847,1469,2142,2815,2244,1374,1768,2812
3699,Czechia,203,RussianFederation,643,3282,4924,6565,18399,28453,32735,37471,1435,2231,3026,8277,13147,14606,16506,1847,2693,3539,10122,15306,18129,20965
3700,Czechia,203,Rwanda,646,3,5,7,6,5,8,19,2,4,6,5,5,6,12,1,1,1,1,0,2,7
3701,Czechia,203,SaintKittsandNevis,659,1,2,3,2,0,0,0,1,2,3,2,0,0,0,0,0,0,0,0,0,0
3702,Czechia,203,SaintLucia,662,0,1,1,2,3,7,4,0,1,1,1,2,4,2,0,0,0,1,1,3,2
3703,Czechia,203,SaintVincentandtheGrenadines,670,0,0,0,1,1,1,0,0,0,0,1,1,1,0,0,0,0,0,0,0,0
3704,Czechia,203,Samoa,882,0,1,1,1,0,3,0,0,0,0,0,0,1,0,0,1,1,1,0,2,0
3705,Czechia,203,SanMarino,674,1,1,1,1,1,1,0,0,0,0,0,0,0,0,1,1,1,1,1,1,0
3706,Czechia,203,SaoTomeandPrincipe,678,0,0,0,1,2,2,0,0,0,0,1,2,2,0,0,0,0,0,0,0,0
3707,Czechia,203,SaudiArabia,682,4,6,8,36,61,208,299,3,5,7,33,56,161,215,1,1,1,3,5,47,84
3708,Czechia,203,Senegal,686,8,12,15,34,51,59,76,7,10,12,32,50,56,69,1,2,3,2,1,3,7
3709,Czechia,203,Serbia,688,1181,1772,2363,1639,774,1534,3665,693,1060,1427,1031,573,1020,2561,488,712,936,608,201,514,1104
3710,Czechia,203,Seychelles,690,0,1,1,1,0,3,5,0,1,1,1,0,1,2,0,0,0,0,0,2,3
3711,Czechia,203,SierraLeone,694,1,1,1,6,11,16,23,1,0,0,4,9,14,22,0,1,1,2,2,2,1
3712,Czechia,203,Singapore,702,3,5,7,20,31,53,115,1,2,3,11,19,31,56,2,3,4,9,12,22,59
3713,Czechia,203,Slovakia,703,70252,105379,140506,109909,69630,89301,113773,36842,56662,76483,59441,39421,48510,61914,33410,48717,64023,50468,30209,40791,51859
3714,Czechia,203,Slovenia,705,64,96,128,182,220,337,478,34,52,70,113,148,225,306,30,44,58,69,72,112,172
3715,Czechia,203,Somalia,706,1,2,3,20,35,28,17,1,1,2,11,20,15,10,0,1,1,9,15,13,7
3716,Czechia,203,SouthAfrica,710,38,57,76,187,279,338,554,20,31,42,108,166,204,328,18,26,34,79,113,134,226
3717,Czechia,203,Spain,724,42,63,84,306,498,962,1524,25,38,52,205,343,681,1084,17,25,32,101,155,281,440
3718,Czechia,203,SriLanka,144,8,12,15,58,96,135,209,6,9,11,41,69,107,159,2,3,4,17,27,28,50
3719,Czechia,203,StateofPalestine,275,19,28,37,75,105,100,119,17,25,33,66,93,81,83,2,3,4,9,12,19,36
3720,Czechia,203,Sudan,729,16,25,33,49,60,58,63,12,19,25,40,51,48,47,4,6,8,9,9,10,16
3721,Czechia,203,Suriname,740,0,1,1,4,7,7,13,0,1,1,3,5,3,9,0,0,0,1,2,4,4
3722,Czechia,203,Sweden,752,52,78,104,236,345,464,576,34,52,70,173,261,325,423,18,26,34,63,84,139,153
3723,Czechia,203,Switzerland,756,95,142,189,332,444,518,684,56,85,114,224,318,370,475,39,57,75,108,126,148,209
3724,Czechia,203,SyrianArabRepublic,760,108,162,215,396,540,922,1358,94,142,189,310,407,634,898,14,20,26,86,133,288,460
3725,Czechia,203,Tajikistan,762,16,24,32,170,291,255,348,7,10,14,112,202,155,205,9,14,18,58,89,100,143
3726,Czechia,203,Thailand,764,8,12,16,279,515,864,1418,3,4,5,21,47,79,134,5,8,11,258,468,785,1284
3727,Czechia,203,TimorLeste,626,0,1,1,1,0,0,0,0,1,1,1,0,0,0,0,0,0,0,0,0,0
3728,Czechia,203,Togo,768,4,6,8,11,13,14,20,3,4,5,7,8,10,16,1,2,3,4,5,4,4
3729,Czechia,203,Tonga,776,2,3,4,2,0,2,1,1,1,1,0,0,1,0,1,2,3,2,0,1,1
3730,Czechia,203,TrinidadandTobago,780,0,1,1,3,4,7,13,0,1,1,2,3,4,7,0,0,0,1,1,3,6
3731,Czechia,203,Tunisia,788,39,58,77,330,550,776,1135,33,49,65,301,507,726,1026,6,9,12,29,43,50,109
3732,Czechia,203,Turkey,792,55,82,109,539,915,1617,3077,41,61,81,424,729,1202,2257,14,21,28,115,186,415,820
3733,Czechia,203,Turkmenistan,795,12,18,23,91,151,162,189,5,8,10,39,67,68,82,7,10,13,52,84,94,107
3734,Czechia,203,Tuvalu,798,1,1,1,1,0,0,0,1,1,1,1,0,0,0,0,0,0,0,0,0,0
3735,Czechia,203,Uganda,800,4,6,8,16,23,35,47,2,3,4,8,12,19,24,2,3,4,8,11,16,23
3736,Czechia,203,Ukraine,804,8198,12298,16397,73905,124172,100664,131316,3958,6115,8271,42073,73050,55523,73146,4240,6183,8126,31832,51122,45141,58170
3737,Czechia,203,UnitedArabEmirates,784,8,12,15,25,33,67,211,7,10,12,20,26,50,131,1,2,3,5,7,17,80
3738,Czechia,203,UnitedKingdom,826,351,526,701,2383,3833,4851,6410,241,366,491,1844,3039,3863,5101,110,160,210,539,794,988,1309
3739,Czechia,203,UnitedRepublicofTanzania,834,5,7,9,16,21,20,30,4,5,6,11,15,14,18,1,2,3,5,6,6,12
3740,Czechia,203,UnitedStatesofAmerica,840,517,775,1033,2286,3320,5209,8115,307,469,631,1464,2191,3264,4663,210,306,402,822,1129,1945,3452
3741,Czechia,203,Uruguay,858,9,13,17,19,19,31,45,6,9,12,12,10,21,26,3,4,5,7,9,10,19
3742,Czechia,203,Uzbekistan,860,44,66,88,1202,2197,2166,2777,21,32,43,890,1661,1468,1854,23,34,45,312,536,698,923
3743,Czechia,203,Vanuatu,548,1,2,3,2,1,1,0,1,1,2,1,0,1,0,0,1,1,1,1,0,0
3744,Czechia,203,VenezuelaBolivarianRepublicof,862,11,17,23,56,84,122,309,7,11,15,32,48,61,164,4,6,8,24,36,61,145
3745,Czechia,203,VietNam,704,3604,5386,7208,31521,52748,45525,50350,2426,3684,4950,19234,32141,26266,28241,1178,1702,2258,12287,20607,19259,22109
3746,Czechia,203,WesternSahara,732,4,6,8,4,0,0,0,2,3,5,2,0,0,0,2,3,3,2,0,0,0
3747,Czechia,203,Yemen,887,27,41,55,122,177,158,190,23,35,47,90,125,100,115,4,6,8,32,52,58,75
3748,Czechia,203,Zambia,894,5,7,9,31,51,62,73,4,6,8,21,34,45,53,1,1,1,10,17,17,20
3749,Czechia,203,Zimbabwe,716,5,8,11,25,37,60,116,3,5,8,15,22,36,72,2,3,3,10,15,24,44
3750,Hungary,348,Melanesia,928,0,1,1,1,1,12,10,0,0,0,0,0,4,5,0,1,1,1,1,8,5
3751,Hungary,348,Micronesia,954,0,0,0,0,0,4,0,0,0,0,0,0,2,0,0,0,0,0,0,2,0
3752,Hungary,348,Polynesia,957,0,0,0,0,0,2,3,0,0,0,0,0,0,0,0,0,0,0,0,2,3
3753,Hungary,348,Afghanistan,4,274,403,532,2385,1821,9411,1816,122,224,326,1474,1135,6602,1263,152,179,206,911,686,2809,553
3754,Hungary,348,Albania,8,96,113,129,159,189,228,503,34,49,63,79,95,129,358,62,64,66,80,94,99,145
3755,Hungary,348,Algeria,12,263,365,467,575,686,684,929,252,301,351,434,520,487,693,11,64,116,141,166,197,236
3756,Hungary,348,Andorra,20,0,0,0,0,0,1,0,0,0,0,0,0,0,0,0,0,0,0,0,1,0
3757,Hungary,348,Angola,24,32,43,53,67,80,78,116,28,31,34,44,53,49,68,4,12,19,23,27,29,48
3758,Hungary,348,AntiguaandBarbuda,28,0,0,0,0,0,1,0,0,0,0,0,0,0,0,0,0,0,0,0,1,0
3759,Hungary,348,Argentina,32,22,123,223,274,327,368,432,10,64,118,147,178,208,244,12,59,105,127,149,160,188
3760,Hungary,348,Armenia,51,186,165,144,177,212,173,225,86,75,64,80,98,79,111,100,90,80,97,114,94,114
3761,Hungary,348,Aruba,533,0,0,0,0,0,1,2,0,0,0,0,0,1,2,0,0,0,0,0,0,0
3762,Hungary,348,Australia,36,832,737,642,789,942,906,1246,419,365,311,388,469,466,680,413,372,331,401,473,440,566
3763,Hungary,348,Austria,40,5206,5365,5523,6780,8097,8694,11188,2313,2625,2937,3656,4416,4695,6084,2893,2740,2586,3124,3681,3999,5104
3764,Hungary,348,Azerbaijan,31,134,119,103,127,151,201,617,65,57,48,59,71,105,414,69,62,55,68,80,96,203
3765,Hungary,348,Bahamas,44,1,3,5,6,7,6,7,1,2,3,4,5,4,5,0,1,2,2,2,2,2
3766,Hungary,348,Bahrain,48,13,12,10,12,14,14,37,8,7,5,6,8,8,19,5,5,5,6,6,6,18
3767,Hungary,348,Bangladesh,50,60,53,46,57,68,67,244,52,46,40,50,60,53,196,8,7,6,7,8,14,48
3768,Hungary,348,Barbados,52,0,2,3,4,5,2,3,0,1,1,2,3,0,0,0,1,2,2,2,2,3
3769,Hungary,348,Belarus,112,91,125,159,195,233,199,266,46,49,52,65,80,66,92,45,76,107,130,153,133,174
3770,Hungary,348,Belgium,56,98,601,1104,1356,1620,1853,2574,43,298,553,690,836,961,1391,55,303,551,666,784,892,1183
3771,Hungary,348,Belize,84,0,1,1,1,1,3,2,0,1,1,1,1,2,1,0,0,0,0,0,1,1
3772,Hungary,348,Benin,204,11,15,18,22,26,9,33,11,13,15,18,21,7,24,0,2,3,4,5,2,9
3773,Hungary,348,Bermuda,60,0,1,1,1,1,1,1,0,0,0,0,0,0,0,0,1,1,1,1,1,1
3774,Hungary,348,Bhutan,64,0,0,0,0,0,1,12,0,0,0,0,0,1,5,0,0,0,0,0,0,7
3775,Hungary,348,BoliviaPlurinationalStateof,68,14,27,40,49,57,46,55,13,21,29,36,42,31,38,1,6,11,13,15,15,17
3776,Hungary,348,BosniaandHerzegovina,70,381,323,264,324,387,234,438,227,189,151,187,226,142,293,154,134,113,137,161,92,145
3777,Hungary,348,Botswana,72,1,3,4,5,6,3,12,1,2,2,3,4,3,8,0,1,2,2,2,0,4
3778,Hungary,348,Brazil,76,68,207,346,425,507,1621,1321,26,105,184,228,275,964,692,42,102,162,197,232,657,629
3779,Hungary,348,BruneiDarussalam,96,0,0,0,0,0,2,1,0,0,0,0,0,2,1,0,0,0,0,0,0,0
3780,Hungary,348,Bulgaria,100,1962,1696,1429,1755,2096,1294,1421,872,757,641,803,974,575,699,1090,939,788,952,1122,719,722
3781,Hungary,348,BurkinaFaso,854,0,0,0,0,0,5,12,0,0,0,0,0,2,7,0,0,0,0,0,3,5
3782,Hungary,348,Burundi,108,0,0,0,0,0,5,12,0,0,0,0,0,5,7,0,0,0,0,0,0,5
3783,Hungary,348,CaboVerde,132,0,0,0,0,0,5,19,0,0,0,0,0,3,11,0,0,0,0,0,2,8
3784,Hungary,348,Cambodia,116,65,58,51,63,74,53,88,37,33,29,36,42,32,44,28,25,22,27,32,21,44
3785,Hungary,348,Cameroon,120,6,71,136,168,201,249,322,6,52,98,122,147,190,237,0,19,38,46,54,59,85
3786,Hungary,348,Canada,124,226,824,1422,1746,2084,2228,2914,100,413,726,905,1094,1160,1578,126,411,696,841,990,1068,1336
3787,Hungary,348,CaymanIslands,136,0,0,0,0,0,1,2,0,0,0,0,0,0,0,0,0,0,0,0,1,2
3788,Hungary,348,CentralAfricanRepublic,140,4,5,6,7,7,6,14,4,4,4,5,6,5,9,0,1,2,2,1,1,5
3789,Hungary,348,Chad,148,2,2,1,1,1,1,5,2,1,0,0,0,1,5,0,1,1,1,1,0,0
3790,Hungary,348,Chile,152,112,110,108,133,158,132,214,70,63,56,70,84,67,112,42,47,52,63,74,65,102
3791,Hungary,348,China,156,941,4242,7543,9259,11058,13867,17648,419,2194,3969,4941,5970,6960,8911,522,2048,3574,4318,5088,6907,8737
3792,Hungary,348,Colombia,170,33,84,135,166,199,202,335,20,45,70,87,106,100,164,13,39,65,79,93,102,171
3793,Hungary,348,Comoros,174,0,0,0,0,0,1,2,0,0,0,0,0,1,2,0,0,0,0,0,0,0
3794,Hungary,348,Congo,178,18,37,55,68,81,77,76,18,32,46,57,68,60,62,0,5,9,11,13,17,14
3795,Hungary,348,CostaRica,188,8,15,22,27,32,44,98,7,11,15,19,23,23,53,1,4,7,8,9,21,45
3796,Hungary,348,CotedIvoire,384,0,8,16,20,24,35,59,0,6,12,15,18,26,46,0,2,4,5,6,9,13
3797,Hungary,348,Croatia,191,365,980,1595,1958,2338,1921,2282,162,444,727,909,1102,889,1162,203,536,868,1049,1236,1032,1120
3798,Hungary,348,Cuba,192,252,335,417,512,612,539,618,86,130,174,218,265,246,295,166,205,243,294,347,293,323
3799,Hungary,348,Cyprus,196,387,288,189,232,277,276,307,254,173,93,116,142,148,169,133,115,96,116,135,128,138
3800,Hungary,348,Czechia,203,68,578,1088,1336,1596,1455,1487,17,207,398,502,614,560,662,51,371,690,834,982,895,825
3801,Hungary,348,DemPeoplesRepublicofKorea,408,0,0,0,0,0,16,17,0,0,0,0,0,5,4,0,0,0,0,0,11,13
3802,Hungary,348,DemocraticRepublicoftheCongo,180,11,15,18,22,26,36,70,7,10,12,15,18,26,40,4,5,6,7,8,10,30
3803,Hungary,348,Denmark,208,42,146,249,306,363,435,643,18,81,144,179,214,267,377,24,65,105,127,149,168,266
3804,Hungary,348,Djibouti,262,0,0,0,0,0,2,3,0,0,0,0,0,1,2,0,0,0,0,0,1,1
3805,Hungary,348,Dominica,212,0,0,0,0,0,1,2,0,0,0,0,0,1,2,0,0,0,0,0,0,0
3806,Hungary,348,DominicanRepublic,214,0,12,24,30,36,33,59,0,6,13,17,21,17,27,0,6,11,13,15,16,32
3807,Hungary,348,Ecuador,218,22,49,76,94,112,107,219,14,30,47,59,71,63,125,8,19,29,35,41,44,94
3808,Hungary,348,Egypt,818,251,390,529,649,775,1264,2220,220,315,411,506,607,829,1462,31,75,118,143,168,435,758
3809,Hungary,348,ElSalvador,222,12,11,9,11,13,15,21,7,5,3,4,5,5,10,5,6,6,7,8,10,11
3810,Hungary,348,EquatorialGuinea,226,0,0,0,0,0,2,5,0,0,0,0,0,2,4,0,0,0,0,0,0,1
3811,Hungary,348,Eritrea,232,0,3,6,9,11,29,40,0,1,2,4,5,17,25,0,2,4,5,6,12,15
3812,Hungary,348,Estonia,233,39,63,87,107,126,148,160,12,17,22,28,33,40,44,27,46,65,79,93,108,116
3813,Hungary,348,Eswatini,748,0,0,0,0,0,1,2,0,0,0,0,0,1,0,0,0,0,0,0,0,2
3814,Hungary,348,Ethiopia,231,31,61,90,111,132,127,199,26,46,66,82,98,81,134,5,15,24,29,34,46,65
3815,Hungary,348,FalklandIslandsMalvinas,238,0,0,0,0,0,0,1,0,0,0,0,0,0,0,0,0,0,0,0,0,1
3816,Hungary,348,FaroeIslands,234,0,0,0,0,0,1,0,0,0,0,0,0,1,0,0,0,0,0,0,0,0
3817,Hungary,348,Fiji,242,0,0,0,0,0,4,4,0,0,0,0,0,2,3,0,0,0,0,0,2,1
3818,Hungary,348,Finland,246,92,284,476,586,699,721,922,41,133,226,284,344,338,455,51,151,250,302,355,383,467
3819,Hungary,348,France,250,1793,2203,2613,3207,3830,3896,4839,797,1076,1356,1688,2040,2007,2641,996,1127,1257,1519,1790,1889,2198
3820,Hungary,348,Gabon,266,0,2,4,5,5,7,7,0,1,2,3,4,4,3,0,1,2,2,1,3,4
3821,Hungary,348,Gambia,270,0,4,7,9,11,11,13,0,2,4,5,6,8,8,0,2,3,4,5,3,5
3822,Hungary,348,Georgia,268,186,165,144,177,212,191,361,102,89,77,96,117,89,168,84,76,67,81,95,102,193
3823,Hungary,348,Germany,276,18409,19850,21290,26133,31209,28219,35636,8179,9154,10129,12650,15322,14419,18816,10230,10696,11161,13483,15887,13800,16820
3824,Hungary,348,Ghana,288,44,65,85,105,124,116,283,37,47,56,70,83,74,178,7,18,29,35,41,42,105
3825,Hungary,348,Greece,300,1601,1252,903,1109,1324,1140,1361,712,573,434,541,655,553,713,889,679,469,568,669,587,648
3826,Hungary,348,Greenland,304,0,0,0,0,0,0,1,0,0,0,0,0,0,1,0,0,0,0,0,0,0
3827,Hungary,348,Grenada,308,1,3,4,5,5,3,3,1,2,2,3,4,2,1,0,1,2,2,1,1,2
3828,Hungary,348,Guatemala,320,6,9,12,15,18,16,32,2,3,5,7,9,9,18,4,6,7,8,9,7,14
3829,Hungary,348,Guinea,324,15,22,29,36,43,38,60,15,19,24,30,37,32,51,0,3,5,6,6,6,9
3830,Hungary,348,GuineaBissau,624,5,6,6,7,8,3,10,5,6,6,7,8,3,8,0,0,0,0,0,0,2
3831,Hungary,348,Guyana,328,5,4,3,4,5,8,9,4,3,2,3,4,6,5,1,1,1,1,1,2,4
3832,Hungary,348,Haiti,332,0,0,0,0,0,4,8,0,0,0,0,0,1,2,0,0,0,0,0,3,6
3833,Hungary,348,Honduras,340,2,5,7,9,11,10,9,2,3,4,5,6,7,3,0,2,3,4,5,3,6
3834,Hungary,348,Iceland,352,8,48,88,109,130,125,148,2,20,39,50,61,56,66,6,28,49,59,69,69,82
3835,Hungary,348,India,356,978,867,755,928,1108,1110,3217,641,563,485,601,722,707,2170,337,304,270,327,386,403,1047
3836,Hungary,348,Indonesia,360,191,169,147,181,217,211,567,80,69,58,73,90,79,332,111,100,89,108,127,132,235
3837,Hungary,348,IranIslamicRepublicof,364,1800,1595,1389,1706,2037,1997,4125,1125,987,849,1053,1268,1201,2325,675,608,540,653,769,796,1800
3838,Hungary,348,Iraq,368,732,649,565,1255,1101,2661,1465,504,444,383,858,757,1888,999,228,205,182,397,344,773,466
3839,Hungary,348,Ireland,372,26,287,548,674,805,1120,2046,12,145,278,347,419,572,1077,14,142,270,327,386,548,969
3840,Hungary,348,Israel,376,425,786,1147,1410,1683,1556,1898,189,426,663,825,994,908,1139,236,360,484,585,689,648,759
3841,Hungary,348,Italy,380,389,1499,2609,3202,3824,4428,6187,173,896,1619,2006,2414,2787,3926,216,603,990,1196,1410,1641,2261
3842,Hungary,348,Jamaica,388,4,12,19,25,30,25,32,3,8,12,17,21,13,16,1,4,7,8,9,12,16
3843,Hungary,348,Japan,392,271,595,919,1128,1347,1423,2069,120,288,456,569,690,770,1163,151,307,463,559,657,653,906
3844,Hungary,348,Jordan,400,350,310,270,331,395,481,868,264,232,201,247,296,379,641,86,78,69,84,99,102,227
3845,Hungary,348,Kazakhstan,398,469,416,362,445,531,483,837,229,199,169,212,257,164,302,240,217,193,233,274,319,535
3846,Hungary,348,Kenya,404,18,39,60,74,88,95,254,11,21,32,40,48,46,144,7,18,28,34,40,49,110
3847,Hungary,348,Kiribati,296,0,0,0,0,0,1,0,0,0,0,0,0,1,0,0,0,0,0,0,0,0
3848,Hungary,348,Kuwait,414,154,137,119,147,175,243,380,103,91,78,97,116,156,247,51,46,41,50,59,87,133
3849,Hungary,348,Kyrgyzstan,417,116,103,90,111,132,126,247,27,22,18,24,31,27,88,89,81,72,87,101,99,159
3850,Hungary,348,LaoPeoplesDemocraticRepublic,418,40,35,30,38,45,46,104,24,20,17,22,26,27,54,16,15,13,16,19,19,50
3851,Hungary,348,Latvia,428,21,59,96,119,142,165,194,3,13,23,30,37,49,70,18,46,73,89,105,116,124
3852,Hungary,348,Lebanon,422,304,270,235,289,344,369,521,235,208,180,221,264,269,363,69,62,55,68,80,100,158
3853,Hungary,348,Lesotho,426,0,2,4,5,6,3,1,0,1,3,4,5,3,1,0,1,1,1,1,0,0
3854,Hungary,348,Liberia,430,1,12,23,28,33,33,21,1,8,16,20,24,23,19,0,4,7,8,9,10,2
3855,Hungary,348,Libya,434,332,275,217,268,320,406,395,148,144,140,173,208,247,264,184,131,77,95,112,159,131
3856,Hungary,348,Liechtenstein,438,0,3,5,6,7,4,3,0,1,2,2,2,3,2,0,2,3,4,5,1,1
3857,Hungary,348,Lithuania,440,42,71,99,122,145,181,264,21,32,42,53,64,77,97,21,39,57,69,81,104,167
3858,Hungary,348,Luxembourg,442,4,49,94,116,138,167,285,2,26,50,63,76,91,154,2,23,44,53,62,76,131
3859,Hungary,348,Madagascar,450,8,15,22,27,32,32,44,7,8,9,11,13,16,24,1,7,13,16,19,16,20
3860,Hungary,348,Malawi,454,0,0,0,0,0,3,3,0,0,0,0,0,1,3,0,0,0,0,0,2,0
3861,Hungary,348,Malaysia,458,0,40,79,98,117,93,156,0,18,35,45,55,41,61,0,22,44,53,62,52,95
3862,Hungary,348,Mali,466,8,12,15,18,20,20,26,6,10,13,16,18,16,21,2,2,2,2,2,4,5
3863,Hungary,348,Malta,470,0,13,25,31,37,76,159,0,6,12,15,18,41,78,0,7,13,16,19,35,81
3864,Hungary,348,Mauritania,478,9,6,3,4,5,5,5,4,3,3,4,5,5,5,5,3,0,0,0,0,0
3865,Hungary,348,Mauritius,480,21,28,35,43,51,56,74,9,14,19,24,29,28,38,12,14,16,19,22,28,36
3866,Hungary,348,Mexico,484,20,154,288,355,424,420,708,11,79,148,185,224,229,390,9,75,140,170,200,191,318
3867,Hungary,348,Monaco,492,0,2,4,5,5,5,7,0,1,2,3,4,3,3,0,1,2,2,1,2,4
3868,Hungary,348,Mongolia,496,386,625,863,1060,1265,862,1792,171,205,238,305,375,226,799,215,420,625,755,890,636,993
3869,Hungary,348,Montenegro,499,0,14,27,33,39,44,91,0,9,17,21,25,27,57,0,5,10,12,14,17,34
3870,Hungary,348,Morocco,504,38,83,128,158,188,203,441,33,62,92,114,136,136,292,5,21,36,44,52,67,149
3871,Hungary,348,Mozambique,508,12,14,15,18,20,20,29,11,10,9,11,13,11,16,1,4,6,7,7,9,13
3872,Hungary,348,Myanmar,104,8,7,6,7,8,13,31,4,3,3,3,3,8,6,4,4,3,4,5,5,25
3873,Hungary,348,Namibia,516,0,3,6,7,7,19,25,0,2,4,5,5,8,10,0,1,2,2,2,11,15
3874,Hungary,348,Nauru,520,0,0,0,0,0,3,0,0,0,0,0,0,1,0,0,0,0,0,0,2,0
3875,Hungary,348,Nepal,524,0,19,38,47,56,52,113,0,12,25,31,37,30,74,0,7,13,16,19,22,39
3876,Hungary,348,Netherlands,528,181,1012,1843,2262,2701,3076,4264,80,573,1066,1323,1594,1753,2458,101,439,777,939,1107,1323,1806
3877,Hungary,348,NewCaledonia,540,0,0,0,0,0,3,2,0,0,0,0,0,2,1,0,0,0,0,0,1,1
3878,Hungary,348,NewZealand,554,0,61,121,149,176,175,246,0,33,66,82,97,99,137,0,28,55,67,79,76,109
3879,Hungary,348,Nicaragua,558,8,12,15,19,23,20,26,6,7,8,9,11,11,14,2,5,7,10,12,9,12
3880,Hungary,348,Niger,562,15,12,9,12,14,7,8,13,9,5,7,8,4,6,2,3,4,5,6,3,2
3881,Hungary,348,Nigeria,566,169,484,799,981,1172,1447,1769,141,339,537,664,798,901,1162,28,145,262,317,374,546,607
3882,Hungary,348,NorthMacedonia,807,46027,23063,98,121,144,149,301,20451,10257,62,77,92,85,193,25576,12806,36,44,52,64,108
3883,Hungary,348,Norway,578,118,456,793,973,1161,1158,1479,53,177,300,377,459,436,579,65,279,493,596,702,722,900
3884,Hungary,348,Oman,512,14,13,11,14,17,20,36,4,4,3,4,5,12,18,10,9,8,10,12,8,18
3885,Hungary,348,Pakistan,586,205,182,158,194,232,3677,1055,138,122,105,130,157,2735,780,67,60,53,64,75,942,275
3886,Hungary,348,Panama,591,8,13,18,22,26,28,29,7,9,12,15,18,13,15,1,4,6,7,8,15,14
3887,Hungary,348,PapuaNewGuinea,598,0,1,1,1,1,4,4,0,0,0,0,0,0,1,0,1,1,1,1,4,3
3888,Hungary,348,Paraguay,600,5,10,14,17,20,15,19,4,5,6,7,8,6,9,1,5,8,10,12,9,10
3889,Hungary,348,Peru,604,72,111,149,183,219,188,267,48,62,75,93,114,92,141,24,49,74,90,105,96,126
3890,Hungary,348,Philippines,608,0,85,170,209,250,282,533,0,15,31,40,51,68,149,0,70,139,169,199,214,384
3891,Hungary,348,Poland,616,3647,3200,2752,3378,4033,3018,3383,1620,1265,909,1151,1409,1032,1245,2027,1935,1843,2227,2624,1986,2138
3892,Hungary,348,Portugal,620,21,123,224,276,330,435,630,9,72,134,167,202,257,379,12,51,90,109,128,178,251
3893,Hungary,348,Qatar,634,30,27,23,28,33,53,119,18,16,13,16,19,31,70,12,11,10,12,14,22,49
3894,Hungary,348,RepublicofKorea,410,1076,953,830,1019,1217,1160,1931,586,512,438,545,658,619,1085,490,441,392,474,559,541,846
3895,Hungary,348,RepublicofMoldova,498,56,103,150,184,220,208,594,23,41,59,74,91,81,388,33,62,91,110,129,127,206
3896,Hungary,348,Romania,642,194128,170168,146208,179463,214330,190203,214514,86252,76685,67119,83927,101750,89405,106398,107876,93483,79089,95536,112580,100798,108116
3897,Hungary,348,RussianFederation,643,38081,20575,3069,3768,4500,3462,4583,16919,9000,1081,1366,1670,1288,1787,21162,11575,1988,2402,2830,2174,2796
3898,Hungary,348,Rwanda,646,1,7,12,15,18,18,23,1,4,6,8,10,10,10,0,3,6,7,8,8,13
3899,Hungary,348,SaintKittsandNevis,659,12,8,3,4,5,0,0,3,2,1,2,4,0,0,9,6,2,2,1,0,0
3900,Hungary,348,SaintLucia,662,0,0,0,0,0,2,2,0,0,0,0,0,2,2,0,0,0,0,0,0,0
3901,Hungary,348,SaintVincentandtheGrenadines,670,0,2,3,4,5,3,1,0,1,1,2,3,1,0,0,1,2,2,2,2,1
3902,Hungary,348,Samoa,882,0,0,0,0,0,2,1,0,0,0,0,0,0,0,0,0,0,0,0,2,1
3903,Hungary,348,SanMarino,674,0,0,0,0,0,5,3,0,0,0,0,0,4,2,0,0,0,0,0,1,1
3904,Hungary,348,SaudiArabia,682,286,253,220,272,325,373,451,210,184,159,198,238,256,298,76,69,61,74,87,117,153
3905,Hungary,348,Senegal,686,5,11,17,21,24,34,51,4,8,12,15,18,25,35,1,3,5,6,6,9,16
3906,Hungary,348,Serbia,688,0,8421,16841,20672,24689,37115,48194,0,4114,8228,10267,12428,19457,27521,0,4307,8613,10405,12261,17658,20673
3907,Hungary,348,Seychelles,690,0,0,0,0,0,7,8,0,0,0,0,0,3,3,0,0,0,0,0,4,5
3908,Hungary,348,SierraLeone,694,6,13,20,25,30,31,30,5,12,19,24,29,30,24,1,1,1,1,1,1,6
3909,Hungary,348,Singapore,702,73,65,56,70,83,77,102,34,30,25,32,38,40,56,39,35,31,38,45,37,46
3910,Hungary,348,Slovakia,703,316,7703,15089,18522,22121,19717,20980,140,2732,5324,6725,8220,7142,8311,176,4971,9765,11797,13901,12575,12669
3911,Hungary,348,Slovenia,705,96,189,282,346,413,386,454,53,97,142,176,213,194,246,43,92,140,170,200,192,208
3912,Hungary,348,Somalia,706,5,139,272,334,399,564,472,4,109,213,262,314,461,415,1,30,59,72,85,103,57
3913,Hungary,348,SouthAfrica,710,44,137,230,283,337,332,604,25,72,120,150,181,182,323,19,65,110,133,156,150,281
3914,Hungary,348,Spain,724,54,437,819,1006,1202,1788,2599,24,218,411,513,621,923,1369,30,219,408,493,581,865,1230
3915,Hungary,348,SriLanka,144,47,42,36,44,52,61,74,28,25,21,26,31,37,49,19,17,15,18,21,24,25
3916,Hungary,348,StateofPalestine,275,93,83,72,89,105,70,182,76,67,58,72,85,48,128,17,16,14,17,20,22,54
3917,Hungary,348,Sudan,729,72,95,117,145,173,167,225,63,77,90,112,135,132,180,9,18,27,33,38,35,45
3918,Hungary,348,Suriname,740,0,0,0,0,0,13,12,0,0,0,0,0,10,7,0,0,0,0,0,3,5
3919,Hungary,348,Sweden,752,262,653,1043,1281,1530,1500,1858,116,309,502,627,760,775,1027,146,344,541,654,770,725,831
3920,Hungary,348,Switzerland,756,145,829,1512,1857,2218,2477,3692,64,431,797,993,1201,1328,2025,81,398,715,864,1017,1149,1667
3921,Hungary,348,SyrianArabRepublic,760,482,664,846,1039,1241,19083,2693,214,424,634,783,939,14167,1896,268,240,212,256,302,4916,797
3922,Hungary,348,Tajikistan,762,16,14,12,15,18,15,17,9,7,6,8,10,6,12,7,7,6,7,8,9,5
3923,Hungary,348,Thailand,764,631,559,487,599,715,762,1408,76,59,43,62,82,91,248,555,500,444,537,633,671,1160
3924,Hungary,348,Togo,768,2,4,6,7,8,11,27,2,3,4,5,7,6,19,0,1,2,2,1,5,8
3925,Hungary,348,Tonga,776,0,0,0,0,0,0,2,0,0,0,0,0,0,0,0,0,0,0,0,0,2
3926,Hungary,348,TrinidadandTobago,780,0,5,9,12,14,8,16,0,2,3,5,6,2,10,0,3,6,7,8,6,6
3927,Hungary,348,Tunisia,788,34,82,129,159,189,273,573,29,69,108,134,160,213,391,5,13,21,25,29,60,182
3928,Hungary,348,Turkey,792,385,919,1452,1782,2128,2075,3391,171,588,1005,1242,1492,1422,2414,214,331,447,540,636,653,977
3929,Hungary,348,Turkmenistan,795,0,0,0,0,0,19,44,0,0,0,0,0,7,25,0,0,0,0,0,12,19
3930,Hungary,348,Uganda,800,6,14,22,27,32,36,97,6,10,14,16,19,21,60,0,4,8,11,13,15,37
3931,Hungary,348,Ukraine,804,3040,11454,19867,24333,29075,39189,70944,1351,4544,7736,9718,11840,17351,37075,1689,6910,12131,14615,17235,21838,33869
3932,Hungary,348,UnitedArabEmirates,784,0,62,123,152,181,263,618,0,34,67,84,101,144,370,0,28,56,68,80,119,248
3933,Hungary,348,UnitedKingdom,826,521,2091,3661,4494,5367,7414,15065,231,1161,2092,2599,3134,4037,8178,290,930,1569,1895,2233,3377,6887
3934,Hungary,348,UnitedRepublicofTanzania,834,28,34,40,49,57,62,78,24,26,28,34,39,41,59,4,8,12,15,18,21,19
3935,Hungary,348,UnitedStatesofAmerica,840,2956,3967,4977,6109,7295,7273,9362,1313,1909,2504,3122,3775,3744,4990,1643,2058,2473,2987,3520,3529,4372
3936,Hungary,348,Uruguay,858,60,53,46,57,68,62,56,27,23,20,25,30,29,24,33,30,26,32,38,33,32
3937,Hungary,348,Uzbekistan,860,102,91,79,98,117,129,170,44,39,33,42,51,58,80,58,52,46,56,66,71,90
3938,Hungary,348,Vanuatu,548,0,0,0,0,0,1,0,0,0,0,0,0,0,0,0,0,0,0,0,1,0
3939,Hungary,348,VenezuelaBolivarianRepublicof,862,169,150,131,161,193,203,828,92,80,69,86,106,106,402,77,70,62,75,87,97,426
3940,Hungary,348,VietNam,704,653,1499,2345,2880,3440,3091,5272,290,702,1114,1393,1688,1444,2766,363,797,1231,1487,1752,1647,2506
3941,Hungary,348,WesternSahara,732,0,0,0,0,0,1,0,0,0,0,0,0,1,0,0,0,0,0,0,0,0
3942,Hungary,348,Yemen,887,241,214,186,229,274,271,370,172,152,131,162,195,183,255,69,62,55,67,79,88,115
3943,Hungary,348,Zambia,894,2,7,12,15,18,16,30,0,2,5,5,6,8,15,2,5,7,10,12,8,15
3944,Hungary,348,Zimbabwe,716,9,18,27,33,39,33,97,3,10,18,22,26,20,53,6,8,9,11,13,13,44
3945,Poland,616,Melanesia,928,0,0,0,0,0,0,0,0,0,0,0,0,0,0,0,0,0,0,0,0,0
3946,Poland,616,Micronesia,954,0,0,0,0,0,0,0,0,0,0,0,0,0,0,0,0,0,0,0,0,0
3947,Poland,616,Polynesia,957,0,0,0,0,0,0,0,0,0,0,0,0,0,0,0,0,0,0,0,0,0
3948,Poland,616,Afghanistan,4,219,187,160,151,147,139,184,194,166,142,135,132,126,168,25,21,18,16,15,13,16
3949,Poland,616,Albania,8,82,70,60,94,131,124,165,51,43,36,73,111,107,144,31,27,24,21,20,17,21
3950,Poland,616,Algeria,12,643,549,470,528,604,574,766,485,412,351,417,495,473,645,158,137,119,111,109,101,121
3951,Poland,616,Angola,24,38,32,28,42,59,55,72,38,32,28,39,52,50,65,0,0,0,3,7,5,7
3952,Poland,616,Argentina,32,251,214,183,229,283,268,357,136,115,97,133,172,165,234,115,99,86,96,111,103,123
3953,Poland,616,Armenia,51,1181,1010,864,1499,2183,2078,2775,696,590,499,909,1344,1295,1836,485,420,365,590,839,783,939
3954,Poland,616,Australia,36,863,737,631,774,942,896,1196,459,387,327,430,543,524,751,404,350,304,344,399,372,445
3955,Poland,616,Austria,40,6119,5234,4477,4138,3930,3742,4997,3030,2552,2148,2004,1909,1855,2730,3089,2682,2329,2134,2021,1887,2267
3956,Poland,616,Azerbaijan,31,356,304,260,263,276,262,348,164,138,115,131,150,145,207,192,166,145,132,126,117,141
3957,Poland,616,Bangladesh,50,60,51,44,72,103,97,128,57,49,42,64,88,84,112,3,2,2,8,15,13,16
3958,Poland,616,Belarus,112,148245,126812,108478,92167,78747,74999,100175,62588,52423,43874,35936,28755,28286,44050,85657,74389,64604,56231,49992,46713,56125
3959,Poland,616,Belgium,56,3969,3395,2904,4094,5413,5155,6884,1967,1657,1394,2052,2760,2677,3908,2002,1738,1510,2042,2653,2478,2976
3960,Poland,616,BoliviaPlurinationalStateof,68,35,30,26,37,50,47,61,23,20,17,27,38,37,49,12,10,9,10,12,10,12
3961,Poland,616,BosniaandHerzegovina,70,4625,3955,3383,3440,3606,3433,4584,2092,1755,1472,1425,1410,1382,2120,2533,2200,1911,2015,2196,2051,2464
3962,Poland,616,Brazil,76,299,255,219,240,270,256,340,123,103,86,118,153,148,210,176,152,133,122,117,108,130
3963,Poland,616,Bulgaria,100,2414,2064,1766,1752,1794,1707,2280,1427,1208,1022,1007,1018,982,1410,987,856,744,745,776,725,870
3964,Poland,616,Cambodia,116,31,26,23,24,27,25,33,20,17,15,17,20,20,26,11,9,8,7,7,5,7
3965,Poland,616,Cameroon,120,14,11,10,23,48,35,47,13,11,9,20,37,31,42,1,0,1,3,11,4,5
3966,Poland,616,Canada,124,2207,1887,1614,2301,3061,2915,3891,1174,990,835,1218,1631,1580,2289,1033,897,779,1083,1430,1335,1602
3967,Poland,616,Chile,152,33,28,24,41,61,57,75,21,18,15,24,35,34,47,12,10,9,17,26,23,28
3968,Poland,616,China,156,922,788,674,932,1221,1162,1550,443,373,313,421,540,526,787,479,415,361,511,681,636,763
3969,Poland,616,Colombia,170,81,69,59,92,128,121,161,54,46,38,49,61,59,86,27,23,21,43,67,62,75
3970,Poland,616,Congo,178,68,58,50,78,110,104,138,54,47,40,51,63,61,87,14,11,10,27,47,43,51
3971,Poland,616,CostaRica,188,28,24,21,28,37,34,45,21,19,16,26,37,34,45,7,5,5,2,0,0,0
3972,Poland,616,Croatia,191,1142,976,835,812,815,775,1034,536,451,379,412,454,439,630,606,525,456,400,361,336,404
3973,Poland,616,Cuba,192,261,223,191,209,234,222,294,175,149,126,139,155,149,207,86,74,65,70,79,73,87
3974,Poland,616,Cyprus,196,62,53,46,128,216,205,273,43,37,32,82,136,131,185,19,16,14,46,80,74,88
3975,Poland,616,Czechia,203,8798,7526,6438,5473,4680,4457,5952,3756,3148,2635,2349,2115,2061,3075,5042,4378,3803,3124,2565,2396,2877
3976,Poland,616,Denmark,208,998,853,729,814,926,881,1173,429,360,301,387,483,468,677,569,493,428,427,443,413,496
3977,Poland,616,DominicanRepublic,214,4,3,3,11,21,19,25,3,3,2,4,6,6,9,1,0,1,7,15,13,16
3978,Poland,616,Ecuador,218,43,36,31,38,47,44,57,33,28,24,35,47,44,57,10,8,7,3,0,0,0
3979,Poland,616,Egypt,818,289,246,211,334,469,446,594,211,179,152,245,345,331,455,78,67,59,89,124,115,139
3980,Poland,616,Eritrea,232,3,2,2,13,25,29,39,3,2,2,1,0,5,9,0,0,0,12,25,24,30
3981,Poland,616,Estonia,233,402,343,293,245,206,195,259,159,133,110,90,72,71,110,243,210,183,155,134,124,149
3982,Poland,616,Ethiopia,231,68,58,50,46,45,42,55,50,43,37,33,31,30,40,18,15,13,13,14,12,15
3983,Poland,616,Finland,246,272,232,199,225,260,246,327,126,106,89,98,110,107,160,146,126,110,127,150,139,167
3984,Poland,616,France,250,49150,42043,35964,31040,27091,25801,34461,22761,19126,16061,13530,11308,11053,16743,26389,22917,19903,17510,15783,14748,17718
3985,Poland,616,Georgia,268,460,393,336,331,638,321,428,221,186,156,149,247,144,215,239,207,180,182,391,177,213
3986,Poland,616,Germany,276,144229,123377,105540,90919,79149,75383,100688,64066,53759,45078,39612,35050,34176,51179,80163,69618,60462,51307,44099,41207,49509
3987,Poland,616,Ghana,288,65,55,48,41,37,34,45,46,39,34,28,24,23,31,19,16,14,13,13,11,14
3988,Poland,616,Greece,300,3964,3390,2900,3009,3214,3060,4085,2349,1988,1683,1694,1750,1693,2444,1615,1402,1217,1315,1464,1367,1641
3989,Poland,616,Guinea,324,17,14,12,34,58,54,71,12,10,8,28,48,46,61,5,4,4,6,10,8,10
3990,Poland,616,Guyana,328,18,15,13,19,27,25,33,15,13,11,13,15,15,21,3,2,2,6,12,10,12
3991,Poland,616,Hungary,348,1907,1631,1395,1372,1393,1326,1770,833,699,586,609,646,629,933,1074,932,809,763,747,697,837
3992,Poland,616,Iceland,352,58,49,42,272,511,486,647,39,33,28,135,245,239,350,19,16,14,137,266,247,297
3993,Poland,616,India,356,436,372,318,594,889,846,1128,305,259,219,397,585,563,789,131,113,99,197,304,283,339
3994,Poland,616,Indonesia,360,62,53,46,80,117,110,146,42,36,31,63,97,93,125,20,17,15,17,20,17,21
3995,Poland,616,IranIslamicRepublicof,364,197,168,144,188,239,227,301,145,123,105,134,166,159,219,52,45,39,54,73,68,82
3996,Poland,616,Iraq,368,562,480,410,418,441,419,559,486,414,352,336,331,317,437,76,66,58,82,110,102,122
3997,Poland,616,Ireland,372,101,86,74,3912,7874,7498,10014,74,63,53,1995,3987,3867,5652,27,23,21,1917,3887,3631,4362
3998,Poland,616,Israel,376,542,463,396,371,359,341,454,380,323,274,243,220,212,299,162,140,122,128,139,129,155
3999,Poland,616,Italy,380,6091,5210,4457,7266,10304,9812,13105,3226,2723,2297,3880,5563,5383,7785,2865,2487,2160,3386,4741,4429,5320
4000,Poland,616,Japan,392,326,278,238,377,529,503,670,162,136,115,154,197,193,299,164,142,123,223,332,310,371
4001,Poland,616,Jordan,400,223,190,163,150,142,134,178,194,165,141,131,125,119,160,29,25,22,19,17,15,18
4002,Poland,616,Kazakhstan,398,4778,4087,3496,4071,4775,4546,6071,2252,1893,1590,1848,2149,2093,3125,2526,2194,1906,2223,2626,2453,2946
4003,Poland,616,Kenya,404,75,64,55,58,63,59,77,42,36,30,32,33,32,45,33,28,25,26,30,27,32
4004,Poland,616,Kuwait,414,194,165,142,167,199,188,250,120,102,87,114,145,138,190,74,63,55,53,54,50,60
4005,Poland,616,Kyrgyzstan,417,106,90,78,102,130,123,163,46,39,33,60,88,85,118,60,51,45,42,42,38,45
4006,Poland,616,Latvia,428,3167,2708,2317,1932,1608,1531,2043,1298,1086,909,752,610,599,924,1869,1622,1408,1180,998,932,1119
4007,Poland,616,Lebanon,422,467,399,341,363,397,377,501,378,322,274,292,319,305,415,89,77,67,71,78,72,86
4008,Poland,616,Libya,434,433,369,316,278,249,237,315,265,224,190,177,169,163,227,168,145,126,101,80,74,88
4009,Poland,616,Lithuania,440,113201,96834,82835,66534,52319,49829,66555,46949,39297,32866,25488,18637,18356,28740,66252,57537,49969,41046,33682,31473,37815
4010,Poland,616,Luxembourg,442,177,151,130,181,239,227,301,80,67,57,70,85,84,130,97,84,73,111,154,143,171
4011,Poland,616,Malaysia,458,11,9,8,24,42,39,52,7,6,5,11,17,17,25,4,3,3,13,25,22,27
4012,Poland,616,Mali,466,35,30,26,28,31,28,36,35,30,26,27,27,26,33,0,0,0,1,4,2,3
4013,Poland,616,Mexico,484,165,140,120,167,220,209,278,86,72,60,95,132,128,181,79,68,60,72,88,81,97
4014,Poland,616,Monaco,492,3,2,2,13,25,23,30,2,2,1,9,16,16,21,1,0,1,4,9,7,9
4015,Poland,616,Mongolia,496,234,200,171,248,334,318,424,110,93,78,91,106,106,171,124,107,93,157,228,212,253
4016,Poland,616,Montenegro,499,275,235,201,128,61,57,75,166,141,119,80,44,42,57,109,94,82,48,17,15,18
4017,Poland,616,Morocco,504,221,189,162,241,329,313,416,162,139,118,193,274,262,355,59,50,44,48,55,51,61
4018,Poland,616,Mozambique,508,18,15,13,20,28,25,33,17,15,12,20,28,25,33,1,0,1,0,0,0,0
4019,Poland,616,Nepal,524,13,10,9,32,58,54,71,13,10,9,25,43,41,55,0,0,0,7,15,13,16
4020,Poland,616,Netherlands,528,1368,1170,1001,1815,2686,2557,3413,852,723,613,1100,1616,1558,2213,516,447,388,715,1070,999,1200
4021,Poland,616,NewZealand,554,71,60,52,79,110,104,138,41,34,29,45,62,60,86,30,26,23,34,48,44,52
4022,Poland,616,Nigeria,566,281,240,205,295,395,375,500,240,205,174,277,388,370,493,41,35,31,18,7,5,7
4023,Poland,616,NorthMacedonia,807,291,248,212,239,275,261,346,191,162,137,149,165,159,224,100,86,75,90,110,102,122
4024,Poland,616,Norway,578,447,381,326,940,1585,1509,2014,246,207,175,458,753,732,1082,201,174,151,482,832,777,932
4025,Poland,616,Pakistan,586,85,72,62,139,221,210,278,70,60,51,124,201,193,257,15,12,11,15,20,17,21
4026,Poland,616,Panama,591,34,29,25,29,34,31,40,20,18,15,15,15,15,20,14,11,10,14,19,16,20
4027,Poland,616,Peru,604,143,122,105,108,116,109,144,109,93,79,85,94,90,121,34,29,26,23,22,19,23
4028,Poland,616,Philippines,608,67,57,49,123,202,191,254,27,23,19,27,36,36,69,40,34,30,96,166,155,185
4029,Poland,616,Portugal,620,85,72,62,100,142,134,178,52,44,37,65,95,91,127,33,28,25,35,47,43,51
4030,Poland,616,Qatar,634,9,7,6,15,26,24,31,6,5,4,7,11,11,15,3,2,2,8,15,13,16
4031,Poland,616,RepublicofKorea,410,53,44,38,78,122,115,152,24,19,16,36,57,55,80,29,25,22,42,65,60,72
4032,Poland,616,RepublicofMoldova,498,467,399,341,450,575,547,728,179,149,124,189,259,253,376,288,250,217,261,316,294,352
4033,Poland,616,Romania,642,4748,4061,3475,2977,2573,2449,3270,2073,1739,1458,1243,1055,1032,1569,2675,2322,2017,1734,1518,1417,1701
4034,Poland,616,RussianFederation,643,76953,65827,56310,47197,39565,37682,50329,29105,24273,20222,16556,13208,13054,20740,47848,41554,36088,30641,26357,24628,29589
4035,Poland,616,SaudiArabia,682,34,29,25,101,181,171,227,20,18,15,54,94,90,131,14,11,10,47,87,81,96
4036,Poland,616,Senegal,686,34,29,25,57,91,85,113,33,29,24,47,71,68,92,1,0,1,10,20,17,21
4037,Poland,616,Serbia,688,4743,4056,3470,2236,1073,1021,1363,2273,1912,1608,1123,666,641,907,2470,2144,1862,1113,407,380,456
4038,Poland,616,Slovakia,703,2149,1838,1572,1435,1344,1279,1707,923,774,648,609,584,570,856,1226,1064,924,826,760,709,851
4039,Poland,616,Slovenia,705,183,156,134,143,158,150,198,78,65,55,76,99,96,133,105,91,79,67,59,54,65
4040,Poland,616,SouthAfrica,710,376,321,275,329,395,375,500,197,166,140,178,222,214,308,179,155,135,151,173,161,192
4041,Poland,616,Spain,724,1577,1348,1153,3029,5000,4761,6357,862,728,614,1564,2553,2476,3612,715,620,539,1465,2447,2285,2745
4042,Poland,616,SriLanka,144,35,30,26,56,89,83,111,24,21,18,30,43,41,61,11,9,8,26,46,42,50
4043,Poland,616,Sudan,729,88,75,64,89,117,110,146,73,63,53,73,94,90,122,15,12,11,16,23,20,24
4044,Poland,616,Sweden,752,998,853,729,1025,1355,1290,1722,527,445,375,575,791,764,1090,471,408,354,450,564,526,632
4045,Poland,616,Switzerland,756,718,613,525,776,1053,1002,1337,344,289,244,398,562,544,788,374,324,281,378,491,458,549
4046,Poland,616,SyrianArabRepublic,760,785,671,574,582,610,580,773,680,580,495,496,513,491,666,105,91,79,86,97,89,107
4047,Poland,616,Tajikistan,762,85,72,62,60,60,56,198,30,25,21,18,15,15,91,55,47,41,42,45,41,107
4048,Poland,616,Thailand,764,53,44,38,68,102,96,127,24,19,16,33,51,49,71,29,25,22,35,51,47,56
4049,Poland,616,Tunisia,788,187,160,137,276,425,404,538,149,127,108,237,373,356,481,38,33,29,39,52,48,57
4050,Poland,616,Turkey,792,641,548,469,676,906,862,1149,414,351,298,488,692,663,910,227,197,171,188,214,199,239
4051,Poland,616,Turkmenistan,795,62,53,46,50,56,52,68,13,11,9,7,4,4,11,49,42,37,43,52,48,57
4052,Poland,616,Uganda,800,61,52,45,54,65,61,80,34,29,24,25,25,25,37,27,23,21,29,40,36,43
4053,Poland,616,Ukraine,804,438692,375267,321013,263473,214193,204061,272594,181106,151564,126735,100752,76854,75663,118392,257586,223703,194278,162721,137339,128398,154202
4054,Poland,616,UnitedArabEmirates,784,118,100,86,106,130,123,163,61,51,43,54,67,65,93,57,49,43,52,63,58,70
4055,Poland,616,UnitedKingdom,826,3732,3192,2731,18982,35829,34124,45577,2139,1809,1530,9987,18698,18117,26344,1593,1383,1201,8995,17131,16007,19233
4056,Poland,616,UnitedRepublicofTanzania,834,71,60,52,61,72,68,90,55,47,40,42,45,44,61,16,13,12,19,27,24,29
4057,Poland,616,UnitedStatesofAmerica,840,12778,10929,9349,11582,14179,13504,18035,5470,4583,3838,5338,6964,6763,9936,7308,6346,5511,6244,7215,6741,8099
4058,Poland,616,Uruguay,858,14,11,10,52,97,91,120,6,5,4,26,48,46,66,8,6,6,26,49,45,54
4059,Poland,616,Uzbekistan,860,498,425,364,432,515,489,652,188,157,131,149,171,168,268,310,268,233,283,344,321,384
4060,Poland,616,VenezuelaBolivarianRepublicof,862,67,57,49,61,75,71,94,38,32,27,46,66,64,85,29,25,22,15,9,7,9
4061,Poland,616,VietNam,704,2343,2003,1713,2268,2896,2757,3681,1475,1250,1059,1370,1718,1657,2359,868,753,654,898,1178,1100,1322
4062,Poland,616,Yemen,887,132,112,96,105,118,111,147,122,104,89,79,71,68,96,10,8,7,26,47,43,51
4063,Poland,616,Zambia,894,53,44,38,40,44,41,54,35,29,25,31,38,37,49,18,15,13,9,6,4,5
4064,Poland,616,Zimbabwe,716,35,30,26,65,107,101,134,20,18,15,31,48,47,69,15,12,11,34,59,54,65
4065,RepublicofMoldova,498,Melanesia,928,0,0,0,0,0,0,0,0,0,0,0,0,0,0,0,0,0,0,0,0,0
4066,RepublicofMoldova,498,Micronesia,954,0,0,0,0,0,0,0,0,0,0,0,0,0,0,0,0,0,0,0,0,0
4067,RepublicofMoldova,498,Polynesia,957,0,0,0,0,0,0,0,0,0,0,0,0,0,0,0,0,0,0,0,0,0
4068,RepublicofMoldova,498,Azerbaijan,31,3748,2530,1708,1180,896,741,727,2369,1575,1046,714,547,455,447,1379,955,662,466,349,286,280
4069,RepublicofMoldova,498,Belarus,112,12664,8547,5768,3983,2845,2115,2076,4964,3215,2076,1386,1008,763,751,7700,5332,3692,2597,1837,1352,1325
4070,RepublicofMoldova,498,Bulgaria,100,462,312,211,146,122,116,113,266,176,116,79,67,64,63,196,136,95,67,55,52,50
4071,RepublicofMoldova,498,Czechia,203,520,351,237,164,162,185,181,274,180,118,80,81,93,92,246,171,119,84,81,92,89
4072,RepublicofMoldova,498,Georgia,268,3550,2396,1617,1117,804,607,595,2008,1328,877,596,433,330,324,1542,1068,740,521,371,277,271
4073,RepublicofMoldova,498,Germany,276,3419,2308,1558,1076,835,714,701,1778,1171,770,521,409,353,347,1641,1137,788,555,426,361,354
4074,RepublicofMoldova,498,Greece,300,306,207,140,97,256,452,443,187,124,82,56,150,265,260,119,83,58,41,106,187,183
4075,RepublicofMoldova,498,Israel,376,308,208,141,98,232,400,392,184,122,81,55,132,228,224,124,86,60,43,100,172,168
4076,RepublicofMoldova,498,Italy,380,930,628,424,293,1669,3285,3225,497,328,216,146,849,1669,1641,433,300,208,147,820,1616,1584
4077,RepublicofMoldova,498,Kazakhstan,398,19736,13319,8989,6207,4973,4452,4370,9132,5977,3905,2631,2139,1937,1905,10604,7342,5084,3576,2834,2515,2465
4078,RepublicofMoldova,498,Mongolia,496,348,235,159,110,83,69,67,148,96,62,41,32,27,27,200,139,97,69,51,42,40
4079,RepublicofMoldova,498,Poland,616,794,536,362,250,178,133,130,402,264,173,117,85,64,63,392,272,189,133,93,69,67
4080,RepublicofMoldova,498,Portugal,620,401,271,183,127,377,683,670,241,160,106,72,217,393,386,160,111,77,55,160,290,284
4081,RepublicofMoldova,498,Romania,642,5138,3468,2341,1617,1648,1915,1880,2595,1707,1121,758,785,918,903,2543,1761,1220,859,863,997,977
4082,RepublicofMoldova,498,RussianFederation,643,225571,152253,102749,70947,52125,40760,40018,94242,61320,39801,26674,19687,15318,15067,131329,90933,62948,44273,32438,25442,24951
4083,RepublicofMoldova,498,Turkey,792,702,474,320,221,381,596,585,470,313,208,142,248,388,382,232,161,112,79,133,208,203
4084,RepublicofMoldova,498,Ukraine,804,243717,164474,111007,76649,55935,43223,42436,106759,69651,45350,30478,22344,17202,16917,136958,94823,65657,46171,33591,26021,25519
4085,RepublicofMoldova,498,Hungary,348,690,466,315,218,153,112,109,350,230,151,102,73,54,53,340,236,164,116,80,58,56
4086,RepublicofMoldova,498,Uzbekistan,860,4024,2716,1833,1266,919,704,691,2006,1318,865,585,430,333,328,2018,1398,968,681,489,371,363
4087,Romania,642,Melanesia,928,0,0,0,0,0,0,9,0,0,0,0,0,0,2,0,0,0,0,0,0,7
4088,Romania,642,Micronesia,954,0,0,0,0,0,0,0,0,0,0,0,0,0,0,0,0,0,0,0,0,0
4089,Romania,642,Polynesia,957,0,0,0,0,0,3,24,0,0,0,0,0,2,17,0,0,0,0,0,1,7
4090,Romania,642,Afghanistan,4,0,0,0,0,0,0,44,0,0,0,0,0,0,28,0,0,0,0,0,0,16
4091,Romania,642,Albania,8,591,632,675,690,790,3,823,264,290,315,329,379,2,612,327,342,360,361,411,1,211
4092,Romania,642,Algeria,12,3,5,7,8,12,130,554,2,4,6,8,9,60,330,1,1,1,0,3,70,224
4093,Romania,642,Andorra,20,0,0,0,0,0,40,17,0,0,0,0,0,22,10,0,0,0,0,0,18,7
4094,Romania,642,Angola,24,0,0,0,0,0,17,98,0,0,0,0,0,8,70,0,0,0,0,0,9,28
4095,Romania,642,Anguilla,660,0,0,0,0,0,158,3,0,0,0,0,0,114,1,0,0,0,0,0,44,2
4096,Romania,642,AntiguaandBarbuda,28,0,0,0,0,0,3,0,0,0,0,0,0,1,0,0,0,0,0,0,2,0
4097,Romania,642,Argentina,32,10,8,8,6,26,24,337,3,4,4,3,13,12,171,7,4,4,3,13,12,166
4098,Romania,642,Armenia,51,1,1,1,1,11,32,163,1,1,1,1,5,17,70,0,0,0,0,6,15,93
4099,Romania,642,Australia,36,17,50,85,62,48,73,342,10,31,52,39,31,41,188,7,19,33,23,17,32,154
4100,Romania,642,Austria,40,722,631,536,626,816,509,3282,312,299,284,337,441,287,1747,410,332,252,289,375,222,1535
4101,Romania,642,Azerbaijan,31,0,0,0,0,0,11,134,0,0,0,0,0,6,83,0,0,0,0,0,5,51
4102,Romania,642,Bahamas,44,0,0,0,0,0,0,3,0,0,0,0,0,0,3,0,0,0,0,0,0,0
4103,Romania,642,Bahrain,48,0,0,0,0,0,8,19,0,0,0,0,0,3,11,0,0,0,0,0,5,8
4104,Romania,642,Bangladesh,50,3,5,7,8,11,100,161,2,4,6,8,8,97,153,1,1,1,0,3,3,8
4105,Romania,642,Barbados,52,0,0,0,0,0,0,2,0,0,0,0,0,0,2,0,0,0,0,0,0,0
4106,Romania,642,Belarus,112,9,26,45,32,25,39,243,4,13,22,16,13,16,121,5,13,23,16,12,23,122
4107,Romania,642,Belgium,56,273,254,235,583,1026,1102,4593,109,121,133,307,530,570,2447,164,133,102,276,496,532,2146
4108,Romania,642,Belize,84,0,0,0,0,0,0,3,0,0,0,0,0,0,3,0,0,0,0,0,0,0
4109,Romania,642,Benin,204,0,0,0,0,0,1,41,0,0,0,0,0,1,27,0,0,0,0,0,0,14
4110,Romania,642,Bhutan,64,0,0,0,0,0,4,6,0,0,0,0,0,2,3,0,0,0,0,0,2,3
4111,Romania,642,BoliviaPlurinationalStateof,68,0,0,0,0,0,20,191,0,0,0,0,0,6,100,0,0,0,0,0,14,91
4112,Romania,642,BosniaandHerzegovina,70,25,73,122,89,70,11,160,12,36,59,44,36,6,107,13,37,63,45,34,5,53
4113,Romania,642,Botswana,72,0,0,0,0,0,0,7,0,0,0,0,0,0,4,0,0,0,0,0,0,3
4114,Romania,642,Brazil,76,2,3,4,4,8,29,690,1,2,3,4,6,9,283,1,1,1,0,2,20,407
4115,Romania,642,Bulgaria,100,24353,21944,19404,18833,20319,10465,11846,11092,9713,8276,8227,9012,4030,4841,13261,12231,11128,10606,11307,6435,7005
4116,Romania,642,BurkinaFaso,854,0,0,0,0,0,6,64,0,0,0,0,0,6,56,0,0,0,0,0,0,8
4117,Romania,642,Burundi,108,0,0,0,0,0,2,9,0,0,0,0,0,2,7,0,0,0,0,0,0,2
4118,Romania,642,CaboVerde,132,0,0,0,0,0,6,82,0,0,0,0,0,2,35,0,0,0,0,0,4,47
4119,Romania,642,Cambodia,116,0,0,0,0,0,3,14,0,0,0,0,0,0,4,0,0,0,0,0,3,10
4120,Romania,642,Cameroon,120,0,0,0,0,2,36,367,0,0,0,0,2,25,248,0,0,0,0,0,11,119
4121,Romania,642,Canada,124,28,82,138,100,78,118,760,15,45,76,56,45,58,440,13,37,62,44,33,60,320
4122,Romania,642,CaymanIslands,136,0,0,0,0,0,1,2,0,0,0,0,0,0,0,0,0,0,0,0,1,2
4123,Romania,642,CentralAfricanRepublic,140,0,0,0,0,0,1,28,0,0,0,0,0,0,18,0,0,0,0,0,1,10
4124,Romania,642,Chad,148,0,0,0,0,0,2,29,0,0,0,0,0,0,26,0,0,0,0,0,2,3
4125,Romania,642,Chile,152,0,0,0,0,2,25,157,0,0,0,0,1,13,69,0,0,0,0,1,12,88
4126,Romania,642,China,156,605,1331,2100,2101,2695,3722,6544,346,766,1209,1228,1591,2170,3582,259,565,891,873,1104,1552,2962
4127,Romania,642,Colombia,170,0,0,0,0,0,28,163,0,0,0,0,0,22,79,0,0,0,0,0,6,84
4128,Romania,642,Comoros,174,0,0,0,0,0,0,12,0,0,0,0,0,0,7,0,0,0,0,0,0,5
4129,Romania,642,Congo,178,0,0,0,0,0,23,119,0,0,0,0,0,13,75,0,0,0,0,0,10,44
4130,Romania,642,CostaRica,188,0,0,0,0,0,12,76,0,0,0,0,0,4,45,0,0,0,0,0,8,31
4131,Romania,642,CotedIvoire,384,0,0,0,0,0,34,206,0,0,0,0,0,32,172,0,0,0,0,0,2,34
4132,Romania,642,Croatia,191,324,927,1543,1128,537,18,373,158,467,781,577,366,11,283,166,460,762,551,171,7,90
4133,Romania,642,Cuba,192,1,1,1,1,4,42,275,1,1,1,1,3,27,199,0,0,0,0,1,15,76
4134,Romania,642,Cyprus,196,18,32,48,56,74,307,1528,7,14,21,25,34,162,802,11,18,27,31,40,145,726
4135,Romania,642,Czechia,203,829,691,546,561,636,138,841,298,255,208,223,257,62,451,531,436,338,338,379,76,390
4136,Romania,642,DemPeoplesRepublicofKorea,408,0,0,0,0,0,7,20,0,0,0,0,0,4,10,0,0,0,0,0,3,10
4137,Romania,642,DemocraticRepublicoftheCongo,180,0,0,0,0,0,10,76,0,0,0,0,0,2,32,0,0,0,0,0,8,44
4138,Romania,642,Denmark,208,51,52,53,67,89,263,2001,20,25,30,36,44,149,1090,31,27,23,31,45,114,911
4139,Romania,642,Djibouti,262,0,0,0,0,0,0,9,0,0,0,0,0,0,9,0,0,0,0,0,0,0
4140,Romania,642,Dominica,212,0,0,0,0,0,4,11,0,0,0,0,0,3,3,0,0,0,0,0,1,8
4141,Romania,642,DominicanRepublic,214,0,0,0,0,1,17,203,0,0,0,0,0,9,105,0,0,0,0,1,8,98
4142,Romania,642,Ecuador,218,0,0,0,0,0,16,254,0,0,0,0,0,8,77,0,0,0,0,0,8,177
4143,Romania,642,Egypt,818,7,13,20,23,41,105,592,4,9,13,16,29,80,421,3,4,7,7,12,25,171
4144,Romania,642,ElSalvador,222,0,0,0,0,0,13,67,0,0,0,0,0,7,34,0,0,0,0,0,6,33
4145,Romania,642,EquatorialGuinea,226,0,0,0,0,0,20,181,0,0,0,0,0,2,62,0,0,0,0,0,18,119
4146,Romania,642,Eritrea,232,0,0,0,0,0,1,52,0,0,0,0,0,0,52,0,0,0,0,0,1,0
4147,Romania,642,Estonia,233,0,0,0,0,0,9,122,0,0,0,0,0,3,57,0,0,0,0,0,6,65
4148,Romania,642,Eswatini,748,0,0,0,0,0,1,7,0,0,0,0,0,0,3,0,0,0,0,0,1,4
4149,Romania,642,Ethiopia,231,0,0,0,0,0,3,78,0,0,0,0,0,2,33,0,0,0,0,0,1,45
4150,Romania,642,FaroeIslands,234,0,0,0,0,0,3,3,0,0,0,0,0,1,1,0,0,0,0,0,2,2
4151,Romania,642,Fiji,242,0,0,0,0,0,0,5,0,0,0,0,0,0,2,0,0,0,0,0,0,3
4152,Romania,642,Finland,246,116,108,102,74,58,24,420,52,44,36,27,23,14,216,64,64,66,47,35,10,204
4153,Romania,642,France,250,427,677,942,1319,1880,6471,21756,195,373,558,773,1093,3594,11830,232,304,384,546,787,2877,9926
4154,Romania,642,FrenchPolynesia,258,0,0,0,0,0,1,6,0,0,0,0,0,1,3,0,0,0,0,0,0,3
4155,Romania,642,Gabon,266,0,0,0,0,0,1,49,0,0,0,0,0,0,25,0,0,0,0,0,1,24
4156,Romania,642,Gambia,270,0,0,0,0,0,2,150,0,0,0,0,0,1,134,0,0,0,0,0,1,16
4157,Romania,642,Georgia,268,0,0,0,0,2,57,254,0,0,0,0,2,20,152,0,0,0,0,0,37,102
4158,Romania,642,Germany,276,1783,2033,2299,2580,3208,6552,30498,731,956,1187,1350,1692,3558,16264,1052,1077,1112,1230,1516,2994,14234
4159,Romania,642,Ghana,288,0,0,0,0,2,57,303,0,0,0,0,2,40,231,0,0,0,0,0,17,72
4160,Romania,642,Gibraltar,292,0,0,0,0,0,2,8,0,0,0,0,0,1,5,0,0,0,0,0,1,3
4161,Romania,642,Greece,300,4380,4350,4321,4708,5657,4653,8458,1931,2094,2256,2512,3065,2616,4931,2449,2256,2065,2196,2592,2037,3527
4162,Romania,642,Grenada,308,0,0,0,0,0,1,5,0,0,0,0,0,1,5,0,0,0,0,0,0,0
4163,Romania,642,Guatemala,320,0,0,0,0,0,14,86,0,0,0,0,0,7,51,0,0,0,0,0,7,35
4164,Romania,642,Guinea,324,1,1,1,1,2,49,284,1,1,1,1,2,35,222,0,0,0,0,0,14,62
4165,Romania,642,GuineaBissau,624,0,0,0,0,0,18,156,0,0,0,0,0,4,110,0,0,0,0,0,14,46
4166,Romania,642,Guyana,328,0,0,0,0,0,0,5,0,0,0,0,0,0,5,0,0,0,0,0,0,0
4167,Romania,642,Haiti,332,0,0,0,0,0,1,23,0,0,0,0,0,1,8,0,0,0,0,0,0,15
4168,Romania,642,Honduras,340,0,0,0,0,0,11,109,0,0,0,0,0,2,34,0,0,0,0,0,9,75
4169,Romania,642,Hungary,348,9320,7522,5624,5868,6673,6420,10491,3291,2708,2088,2296,2700,3038,4903,6029,4814,3536,3572,3973,3382,5588
4170,Romania,642,Iceland,352,0,0,0,0,0,7,102,0,0,0,0,0,4,51,0,0,0,0,0,3,51
4171,Romania,642,India,356,0,0,0,0,9,78,544,0,0,0,0,5,54,374,0,0,0,0,4,24,170
4172,Romania,642,Indonesia,360,0,0,0,0,0,13,177,0,0,0,0,0,8,52,0,0,0,0,0,5,125
4173,Romania,642,IranIslamicRepublicof,364,853,875,899,937,1144,1261,1516,717,737,757,788,961,1051,1149,136,138,142,149,183,210,367
4174,Romania,642,Iraq,368,299,638,998,1018,1245,1419,1558,218,466,729,750,915,1018,1091,81,172,269,268,330,401,467
4175,Romania,642,Ireland,372,96,83,69,204,379,657,3769,50,47,43,114,205,320,1970,46,36,26,90,174,337,1799
4176,Romania,642,IsleofMan,833,0,0,0,0,0,0,3,0,0,0,0,0,0,1,0,0,0,0,0,0,2
4177,Romania,642,Israel,376,262,516,785,849,1006,1837,4901,194,394,604,646,751,1338,3411,68,122,181,203,255,499,1490
4178,Romania,642,Italy,380,461,1436,2469,7152,13083,38580,79752,200,1036,1912,4333,7468,21202,44008,261,400,557,2819,5615,17378,35744
4179,Romania,642,Jamaica,388,0,0,0,0,0,7,19,0,0,0,0,0,4,10,0,0,0,0,0,3,9
4180,Romania,642,Japan,392,8,23,39,28,22,34,342,4,12,20,15,13,15,192,4,11,19,13,9,19,150
4181,Romania,642,Jordan,400,261,527,809,858,1042,120,435,202,421,651,682,819,95,342,59,106,158,176,223,25,93
4182,Romania,642,Kazakhstan,398,0,0,0,0,5,85,412,0,0,0,0,1,40,210,0,0,0,0,4,45,202
4183,Romania,642,Kenya,404,0,0,0,0,0,10,55,0,0,0,0,0,1,23,0,0,0,0,0,9,32
4184,Romania,642,Kuwait,414,0,0,0,0,0,15,132,0,0,0,0,0,11,87,0,0,0,0,0,4,45
4185,Romania,642,Kyrgyzstan,417,0,0,0,0,0,6,74,0,0,0,0,0,4,33,0,0,0,0,0,2,41
4186,Romania,642,LaoPeoplesDemocraticRepublic,418,0,0,0,0,0,0,2,0,0,0,0,0,0,0,0,0,0,0,0,0,2
4187,Romania,642,Latvia,428,0,0,0,0,0,24,326,0,0,0,0,0,10,165,0,0,0,0,0,14,161
4188,Romania,642,Lebanon,422,306,642,999,1032,1256,248,662,245,522,816,840,1013,192,493,61,120,183,192,243,56,169
4189,Romania,642,Liberia,430,0,0,0,0,0,2,15,0,0,0,0,0,2,11,0,0,0,0,0,0,4
4190,Romania,642,Libya,434,0,0,0,0,0,10,138,0,0,0,0,0,4,87,0,0,0,0,0,6,51
4191,Romania,642,Liechtenstein,438,0,0,0,0,0,0,5,0,0,0,0,0,0,2,0,0,0,0,0,0,3
4192,Romania,642,Lithuania,440,0,0,0,0,4,12,354,0,0,0,0,2,3,180,0,0,0,0,2,9,174
4193,Romania,642,Luxembourg,442,7,20,35,25,19,30,303,5,14,23,17,13,18,154,2,6,12,8,6,12,149
4194,Romania,642,Madagascar,450,0,0,0,0,0,1,23,0,0,0,0,0,0,7,0,0,0,0,0,1,16
4195,Romania,642,Malawi,454,0,0,0,0,0,1,7,0,0,0,0,0,0,4,0,0,0,0,0,1,3
4196,Romania,642,Malaysia,458,0,0,0,0,0,1,67,0,0,0,0,0,0,34,0,0,0,0,0,1,33
4197,Romania,642,Maldives,462,0,0,0,0,0,6,15,0,0,0,0,0,4,8,0,0,0,0,0,2,7
4198,Romania,642,Mali,466,0,0,0,0,0,57,467,0,0,0,0,0,54,435,0,0,0,0,0,3,32
4199,Romania,642,Malta,470,0,0,0,0,0,15,104,0,0,0,0,0,8,58,0,0,0,0,0,7,46
4200,Romania,642,Mauritania,478,0,0,0,0,0,19,207,0,0,0,0,0,16,160,0,0,0,0,0,3,47
4201,Romania,642,Mauritius,480,0,0,0,0,0,5,17,0,0,0,0,0,2,7,0,0,0,0,0,3,10
4202,Romania,642,Mexico,484,4,6,9,10,13,116,462,1,2,3,4,4,41,217,3,4,6,6,9,75,245
4203,Romania,642,Monaco,492,0,0,0,0,0,2,23,0,0,0,0,0,2,14,0,0,0,0,0,0,9
4204,Romania,642,Mongolia,496,0,0,0,0,0,10,40,0,0,0,0,0,8,18,0,0,0,0,0,2,22
4205,Romania,642,Montenegro,499,0,0,0,0,0,33,44,0,0,0,0,0,22,22,0,0,0,0,0,11,22
4206,Romania,642,Morocco,504,4,6,8,9,16,129,1265,2,3,4,6,8,76,797,2,3,4,3,8,53,468
4207,Romania,642,Mozambique,508,0,0,0,0,0,5,19,0,0,0,0,0,2,11,0,0,0,0,0,3,8
4208,Romania,642,Myanmar,104,0,0,0,0,0,0,11,0,0,0,0,0,0,2,0,0,0,0,0,0,9
4209,Romania,642,Namibia,516,0,0,0,0,0,1,6,0,0,0,0,0,0,2,0,0,0,0,0,1,4
4210,Romania,642,Nepal,524,0,0,0,0,0,11,677,0,0,0,0,0,9,548,0,0,0,0,0,2,129
4211,Romania,642,Netherlands,528,59,165,279,330,439,198,1803,29,104,184,210,273,119,1101,30,61,95,120,166,79,702
4212,Romania,642,NewCaledonia,540,0,0,0,0,0,0,1,0,0,0,0,0,0,0,0,0,0,0,0,0,1
4213,Romania,642,NewZealand,554,0,0,0,0,0,16,98,0,0,0,0,0,6,50,0,0,0,0,0,10,48
4214,Romania,642,Nicaragua,558,0,0,0,0,0,9,235,0,0,0,0,0,6,23,0,0,0,0,0,3,212
4215,Romania,642,Niger,562,0,0,0,0,0,1,19,0,0,0,0,0,1,19,0,0,0,0,0,0,0
4216,Romania,642,Nigeria,566,1,1,1,1,5,170,468,0,1,1,1,4,59,211,1,0,0,0,1,111,257
4217,Romania,642,NorthMacedonia,807,3205,1849,518,814,940,1536,242,1366,812,268,334,493,857,106,1839,1037,250,480,447,679,136
4218,Romania,642,Norway,578,120,62,2,2,4,263,1378,55,29,1,2,2,144,711,65,33,1,0,2,119,667
4219,Romania,642,Oman,512,0,0,0,0,0,0,30,0,0,0,0,0,0,16,0,0,0,0,0,0,14
4220,Romania,642,Pakistan,586,1,1,1,1,11,289,625,1,1,1,1,10,238,438,0,0,0,0,1,51,187
4221,Romania,642,Panama,591,0,0,0,0,0,5,44,0,0,0,0,0,2,24,0,0,0,0,0,3,20
4222,Romania,642,PapuaNewGuinea,598,0,0,0,0,0,0,3,0,0,0,0,0,0,0,0,0,0,0,0,0,3
4223,Romania,642,Paraguay,600,0,0,0,0,0,13,160,0,0,0,0,0,4,46,0,0,0,0,0,9,114
4224,Romania,642,Peru,604,0,0,0,0,0,34,224,0,0,0,0,0,8,105,0,0,0,0,0,26,119
4225,Romania,642,Philippines,608,18,15,14,11,47,40,751,0,2,4,3,10,11,161,18,13,10,8,37,29,590
4226,Romania,642,Poland,616,538,480,419,411,460,170,1379,206,189,169,170,190,101,724,332,291,250,241,270,69,655
4227,Romania,642,Portugal,620,48,79,113,346,637,364,2430,21,40,60,163,288,214,1368,27,39,53,183,349,150,1062
4228,Romania,642,Qatar,634,0,0,0,0,0,7,87,0,0,0,0,0,5,49,0,0,0,0,0,2,38
4229,Romania,642,RepublicofKorea,410,10,8,8,6,26,23,349,7,6,6,5,22,15,164,3,2,2,1,4,8,185
4230,Romania,642,RepublicofMoldova,498,52248,45512,38405,40681,50455,114654,285364,20865,17989,14966,16880,22259,56960,154703,31383,27523,23439,23801,28196,57694,130661
4231,Romania,642,RussianFederation,643,7224,7431,7654,7475,8135,5269,9608,2354,2442,2535,2576,2878,1725,3873,4870,4989,5119,4899,5257,3544,5735
4232,Romania,642,Rwanda,646,0,0,0,0,0,4,19,0,0,0,0,0,4,16,0,0,0,0,0,0,3
4233,Romania,642,SaintHelena,654,0,0,0,0,0,2,30,0,0,0,0,0,0,15,0,0,0,0,0,2,15
4234,Romania,642,SaintLucia,662,0,0,0,0,0,0,1,0,0,0,0,0,0,1,0,0,0,0,0,0,0
4235,Romania,642,SaintVincentandtheGrenadines,670,0,0,0,0,0,1,0,0,0,0,0,0,0,0,0,0,0,0,0,1,0
4236,Romania,642,SanMarino,674,0,0,0,0,0,5,8,0,0,0,0,0,1,1,0,0,0,0,0,4,7
4237,Romania,642,SaoTomeandPrincipe,678,0,0,0,0,0,0,3,0,0,0,0,0,0,1,0,0,0,0,0,0,2
4238,Romania,642,SaudiArabia,682,8,6,6,4,17,19,297,7,6,5,4,17,15,213,1,0,1,0,0,4,84
4239,Romania,642,Senegal,686,0,0,0,0,2,16,171,0,0,0,0,2,4,114,0,0,0,0,0,12,57
4240,Romania,642,Serbia,688,565,1255,1987,1973,2177,5783,2926,273,598,942,968,1095,4613,1664,292,657,1045,1005,1082,1170,1262
4241,Romania,642,SierraLeone,694,0,0,0,0,0,4,46,0,0,0,0,0,3,26,0,0,0,0,0,1,20
4242,Romania,642,Singapore,702,0,0,0,0,0,9,71,0,0,0,0,0,2,37,0,0,0,0,0,7,34
4243,Romania,642,Slovakia,703,58,166,277,202,158,21,579,24,70,117,87,71,9,272,34,96,160,115,87,12,307
4244,Romania,642,Slovenia,705,0,0,0,0,0,12,123,0,0,0,0,0,6,69,0,0,0,0,0,6,54
4245,Romania,642,Somalia,706,0,0,0,0,0,1,89,0,0,0,0,0,1,64,0,0,0,0,0,0,25
4246,Romania,642,SouthAfrica,710,0,0,0,0,0,2,89,0,0,0,0,0,0,63,0,0,0,0,0,2,26
4247,Romania,642,Spain,724,106,158,213,3504,7333,29937,61861,42,79,116,1836,3815,15458,32372,64,79,97,1668,3518,14479,29489
4248,Romania,642,SriLanka,144,1,0,1,0,0,4,747,1,0,1,0,0,2,581,0,0,0,0,0,2,166
4249,Romania,642,StateofPalestine,275,7,12,19,22,27,72,239,4,8,13,16,18,60,174,3,4,6,6,9,12,65
4250,Romania,642,Sudan,729,0,0,0,0,0,11,17,0,0,0,0,0,9,8,0,0,0,0,0,2,9
4251,Romania,642,Suriname,740,0,0,0,0,0,0,9,0,0,0,0,0,0,9,0,0,0,0,0,0,0
4252,Romania,642,Sweden,752,177,134,89,118,168,191,1323,71,62,51,65,91,90,712,106,72,38,53,77,101,611
4253,Romania,642,Switzerland,756,106,85,63,73,99,158,1080,52,41,29,35,47,93,631,54,44,34,38,52,65,449
4254,Romania,642,SyrianArabRepublic,760,2087,4579,7217,7254,4087,2576,3138,1226,2689,4237,4318,2598,2031,2396,861,1890,2980,2936,1489,545,742
4255,Romania,642,Tajikistan,762,0,0,0,0,0,1,35,0,0,0,0,0,0,18,0,0,0,0,0,1,17
4256,Romania,642,Thailand,764,0,0,0,0,0,12,178,0,0,0,0,0,1,49,0,0,0,0,0,11,129
4257,Romania,642,TimorLeste,626,0,0,0,0,0,1,1,0,0,0,0,0,0,0,0,0,0,0,0,1,1
4258,Romania,642,Togo,768,0,0,0,0,0,0,18,0,0,0,0,0,0,9,0,0,0,0,0,0,9
4259,Romania,642,Tonga,776,0,0,0,0,0,2,14,0,0,0,0,0,1,11,0,0,0,0,0,1,3
4260,Romania,642,TrinidadandTobago,780,0,0,0,0,0,2,32,0,0,0,0,0,0,15,0,0,0,0,0,2,17
4261,Romania,642,Tunisia,788,2,3,4,4,8,1062,1924,1,2,3,4,4,737,1319,1,1,1,0,4,325,605
4262,Romania,642,Turkey,792,878,1810,2797,2927,3710,5833,9206,695,1473,2294,2369,2975,4541,6933,183,337,503,558,735,1292,2273
4263,Romania,642,Turkmenistan,795,0,0,0,0,0,7,154,0,0,0,0,0,3,112,0,0,0,0,0,4,42
4264,Romania,642,Tuvalu,798,0,0,0,0,0,0,2,0,0,0,0,0,0,1,0,0,0,0,0,0,1
4265,Romania,642,Uganda,800,0,0,0,0,0,3,23,0,0,0,0,0,2,8,0,0,0,0,0,1,15
4266,Romania,642,Ukraine,804,15695,14717,13688,13131,14032,11900,43363,6575,6044,5492,5407,5905,5895,25876,9120,8673,8196,7724,8127,6005,17487
4267,Romania,642,UnitedArabEmirates,784,5,4,4,3,13,13,514,5,4,4,3,13,12,288,0,0,0,0,0,1,226
4268,Romania,642,UnitedKingdom,826,273,354,439,701,1063,5208,31593,148,214,282,412,597,2809,16675,125,140,157,289,466,2399,14918
4269,Romania,642,UnitedRepublicofTanzania,834,0,0,0,0,0,3,25,0,0,0,0,0,1,10,0,0,0,0,0,2,15
4270,Romania,642,UnitedStatesofAmerica,840,705,1055,1425,1960,2758,2876,6235,330,470,617,923,1340,1522,3292,375,585,808,1037,1418,1354,2943
4271,Romania,642,Uruguay,858,0,0,0,0,0,8,207,0,0,0,0,0,5,117,0,0,0,0,0,3,90
4272,Romania,642,Uzbekistan,860,0,0,0,0,0,15,129,0,0,0,0,0,7,84,0,0,0,0,0,8,45
4273,Romania,642,VenezuelaBolivarianRepublicof,862,3,5,7,8,13,31,282,1,2,2,3,2,9,108,2,3,5,5,11,22,174
4274,Romania,642,VietNam,704,4,6,8,9,21,80,2383,3,5,6,8,16,48,2110,1,1,2,1,5,32,273
4275,Romania,642,WallisandFutunaIslands,876,0,0,0,0,0,0,2,0,0,0,0,0,0,2,0,0,0,0,0,0,0
4276,Romania,642,Yemen,887,0,0,0,0,0,21,87,0,0,0,0,0,16,67,0,0,0,0,0,5,20
4277,Romania,642,Zambia,894,0,0,0,0,0,15,105,0,0,0,0,0,10,53,0,0,0,0,0,5,52
4278,Romania,642,Zimbabwe,716,0,0,0,0,0,0,18,0,0,0,0,0,0,7,0,0,0,0,0,0,11
4279,RussianFederation,643,Melanesia,928,0,0,0,0,0,0,0,0,0,0,0,0,0,0,0,0,0,0,0,0,0
4280,RussianFederation,643,Micronesia,954,254,268,273,162,49,50,48,125,131,132,77,20,21,21,129,137,141,85,29,29,27
4281,RussianFederation,643,Polynesia,957,988,1043,1062,846,614,625,621,485,508,513,392,261,264,264,503,535,549,454,353,361,357
4282,RussianFederation,643,Afghanistan,4,19103,15576,11486,8328,4999,5095,5090,9374,9811,9896,6935,3832,3899,3896,9729,5765,1590,1393,1167,1196,1194
4283,RussianFederation,643,Albania,8,1026,988,915,578,230,234,232,503,527,532,337,136,137,137,523,461,383,241,94,97,95
4284,RussianFederation,643,Algeria,12,1303,1189,1033,907,763,778,776,639,669,676,613,537,546,546,664,520,357,294,226,232,230
4285,RussianFederation,643,AmericanSamoa,16,959,1012,1029,541,43,43,41,471,493,498,263,22,22,22,488,519,531,278,21,21,19
4286,RussianFederation,643,Angola,24,519,470,404,457,501,511,509,255,267,269,340,403,410,410,264,203,135,117,98,101,99
4287,RussianFederation,643,Azerbaijan,31,936852,905728,841759,805658,752975,767339,766918,459725,481763,486490,457244,418800,425084,424851,477127,423965,355269,348414,334175,342255,342067
4288,RussianFederation,643,Argentina,32,582,572,543,399,247,252,250,286,299,303,231,153,155,155,296,273,240,168,94,97,95
4289,RussianFederation,643,Australia,36,761,743,699,622,533,543,541,373,391,395,347,291,296,296,388,352,304,275,242,247,245
4290,RussianFederation,643,Austria,40,3776,3905,3894,3430,2897,2953,2950,1853,1943,1963,1689,1382,1401,1400,1923,1962,1931,1741,1515,1552,1550
4291,RussianFederation,643,Bangladesh,50,1280,1035,753,614,463,471,469,628,658,664,538,401,407,407,652,377,89,76,62,64,62
4292,RussianFederation,643,Armenia,51,535266,516425,478856,503316,517417,527287,526997,262661,275248,277944,287600,291468,295875,295713,272605,241177,200912,215716,225949,231412,231284
4293,RussianFederation,643,Belgium,56,859,857,824,650,463,471,469,422,443,447,357,260,263,263,437,414,377,293,203,208,206
4294,RussianFederation,643,BoliviaPlurinationalStateof,68,392,368,331,209,83,84,82,192,201,203,132,57,58,58,200,167,128,77,26,26,24
4295,RussianFederation,643,BosniaandHerzegovina,70,876,776,648,582,505,515,513,430,451,454,453,443,452,452,446,325,194,129,62,63,61
4296,RussianFederation,643,Botswana,72,194,195,189,109,27,28,26,95,100,101,55,8,9,9,99,95,88,54,19,19,17
4297,RussianFederation,643,Brazil,76,577,594,590,512,425,433,431,283,297,300,268,232,235,235,294,297,290,244,193,198,196
4298,RussianFederation,643,Bulgaria,100,10760,9934,8749,7315,5731,5841,5836,5280,5531,5584,4790,3899,3964,3961,5480,4403,3165,2525,1832,1877,1875
4299,RussianFederation,643,Myanmar,104,411,339,256,440,615,626,624,202,211,213,411,599,610,610,209,128,43,29,16,16,14
4300,RussianFederation,643,Burundi,108,171,164,153,141,128,131,129,84,88,89,99,107,110,110,87,76,64,42,21,21,19
4301,RussianFederation,643,Belarus,112,809353,886234,930977,849214,749972,764279,763879,397159,416615,421140,376057,323523,327520,327312,412194,469619,509837,473157,426449,436759,436567
4302,RussianFederation,643,Cambodia,116,227,190,148,131,112,114,112,111,116,118,107,93,95,95,116,74,30,24,19,19,17
4303,RussianFederation,643,Cameroon,120,738,624,488,412,328,334,332,362,379,382,326,262,266,266,376,245,106,86,66,68,66
4304,RussianFederation,643,Canada,124,394,396,385,470,547,558,556,193,202,205,260,310,316,316,201,194,180,210,237,242,240
4305,RussianFederation,643,CaboVerde,132,52,50,47,46,45,45,43,26,27,27,27,26,26,26,26,23,20,19,19,19,17
4306,RussianFederation,643,CentralAfricanRepublic,140,131,132,129,110,90,91,89,64,67,68,63,57,57,57,67,65,61,47,33,34,32
4307,RussianFederation,643,SriLanka,144,1020,941,829,709,576,588,586,501,525,530,432,325,330,330,519,416,299,277,251,258,256
4308,RussianFederation,643,Chad,148,161,139,112,131,149,152,150,79,83,84,104,123,126,126,82,56,28,27,26,26,24
4309,RussianFederation,643,Chile,152,638,662,662,386,104,107,105,313,328,331,199,64,66,66,325,334,331,187,40,41,39
4310,RussianFederation,643,China,156,67405,64969,60177,58247,55119,56171,56138,33076,34661,35000,33333,30995,31463,31445,34329,30308,25177,24914,24124,24708,24693
4311,RussianFederation,643,Colombia,170,336,297,249,228,203,206,204,165,173,175,160,141,142,142,171,124,74,68,62,64,62
4312,RussianFederation,643,Comoros,174,17,15,13,50,87,88,86,8,9,9,27,45,44,44,9,6,4,23,42,44,42
4313,RussianFederation,643,Congo,178,492,424,341,459,569,580,578,241,253,256,344,426,434,434,251,171,85,115,143,146,144
4314,RussianFederation,643,CostaRica,188,35,34,33,32,31,32,30,17,18,18,18,17,17,17,18,16,15,14,14,15,13
4315,RussianFederation,643,Croatia,191,365,313,250,284,314,321,319,179,188,189,211,229,234,234,186,125,61,73,85,87,85
4316,RussianFederation,643,Cuba,192,2689,2513,2246,2238,2185,2227,2224,1320,1383,1396,1385,1347,1369,1368,1369,1130,850,853,838,858,856
4317,RussianFederation,643,Cyprus,196,479,466,437,575,703,716,714,235,246,248,306,358,362,362,244,220,189,269,345,354,352
4318,RussianFederation,643,Czechia,203,13710,14104,13987,12647,11047,11257,11249,6728,7054,7126,6395,5535,5611,5608,6982,7050,6861,6252,5512,5646,5641
4319,RussianFederation,643,Benin,204,317,324,320,208,93,94,92,156,164,165,119,70,71,71,161,160,155,89,23,23,21
4320,RussianFederation,643,Denmark,208,2445,2546,2556,1405,227,231,229,1200,1257,1270,704,125,126,126,1245,1289,1286,701,102,105,103
4321,RussianFederation,643,Ecuador,218,336,313,280,260,236,241,239,165,172,174,170,163,166,166,171,141,106,90,73,75,73
4322,RussianFederation,643,EquatorialGuinea,226,29,33,37,70,102,104,102,14,15,15,41,66,67,67,15,18,22,29,36,37,35
4323,RussianFederation,643,Ethiopia,231,438,372,293,282,266,272,270,215,225,227,216,201,205,205,223,147,66,66,65,67,65
4324,RussianFederation,643,Estonia,233,62441,65943,67055,63001,57651,58751,58718,30641,32132,32470,29942,26818,27173,27159,31800,33811,34585,33059,30833,31578,31559
4325,RussianFederation,643,Finland,246,1737,1899,1994,2103,2169,2210,2207,852,894,904,962,1000,1012,1011,885,1005,1090,1141,1169,1198,1196
4326,RussianFederation,643,France,250,1474,1481,1436,1997,2518,2567,2564,723,758,766,1097,1406,1428,1427,751,723,670,900,1112,1139,1137
4327,RussianFederation,643,Georgia,268,656888,653159,625743,539318,441793,450221,449973,322343,337869,341259,292371,237616,241107,240975,334545,315290,284484,246947,204177,209114,208998
4328,RussianFederation,643,StateofPalestine,275,1808,1556,1248,911,556,566,564,887,929,937,736,519,528,528,921,627,311,175,37,38,36
4329,RussianFederation,643,Germany,276,144895,149872,149414,145892,139367,142026,141947,71102,74550,75322,72930,69080,70040,70001,73793,75322,74092,72962,70287,71986,71946
4330,RussianFederation,643,Ghana,288,286,263,231,273,310,316,314,140,147,149,200,247,251,251,146,116,82,73,63,65,63
4331,RussianFederation,643,Greece,300,1997,1975,1882,1918,1916,1952,1950,980,1028,1038,1078,1097,1113,1113,1017,947,844,840,819,839,837
4332,RussianFederation,643,Guinea,324,429,397,351,278,200,204,202,211,221,222,192,157,159,159,218,176,129,86,43,45,43
4333,RussianFederation,643,China,156,344,38,36,34,46,58,60,58,19,20,20,27,34,36,36,19,16,14,19,24,24
4334,RussianFederation,643,Hungary,348,18236,18740,18565,17727,16525,16841,16831,8949,9383,9479,8962,8266,8383,8378,9287,9357,9086,8765,8259,8458,8453
4335,RussianFederation,643,Iceland,352,54,56,56,50,44,44,42,26,28,28,25,21,21,21,28,28,28,25,23,23,21
4336,RussianFederation,643,India,356,9801,8083,6072,5893,5594,5701,5696,4809,5035,5078,4677,4181,4254,4251,4992,3048,994,1216,1413,1447,1445
4337,RussianFederation,643,Indonesia,360,377,336,283,223,160,163,161,185,194,196,148,98,100,100,192,142,87,75,62,63,61
4338,RussianFederation,643,IranIslamicRepublicof,364,3096,2829,2461,2240,1974,2012,2010,1519,1591,1607,1465,1293,1315,1315,1577,1238,854,775,681,697,695
4339,RussianFederation,643,Iraq,368,1424,1213,959,973,968,986,984,699,732,738,770,786,800,800,725,481,221,203,182,186,184
4340,RussianFederation,643,Ireland,372,194,178,156,165,171,175,173,95,100,101,95,87,89,89,99,78,55,70,84,86,84
4341,RussianFederation,643,Israel,376,2842,2641,2345,2993,3580,3649,3646,1395,1462,1476,1743,1975,2005,2004,1447,1179,869,1250,1605,1644,1642
4342,RussianFederation,643,Italy,380,1020,974,894,1391,1861,1896,1894,501,525,530,849,1152,1170,1170,519,449,364,542,709,726,724
4343,RussianFederation,643,CotedIvoire,384,113,100,85,97,108,110,108,55,58,59,71,81,83,83,58,42,26,26,27,27,25
4344,RussianFederation,643,Japan,392,655,679,679,850,1005,1025,1023,321,337,340,428,507,515,515,334,342,339,422,498,510,508
4345,RussianFederation,643,Kazakhstan,398,2349697,2506132,2571681,2568446,2512343,2560269,2558907,1153024,1209241,1222091,1204356,1162664,1177958,1177323,1196673,1296891,1349590,1364090,1349679,1382311,1381584
4346,RussianFederation,643,Jordan,400,1555,1300,999,909,801,816,814,763,798,805,740,660,672,672,792,502,194,169,141,144,142
4347,RussianFederation,643,Kenya,404,394,381,355,403,443,451,449,193,203,205,251,292,297,297,201,178,150,152,151,154,152
4348,RussianFederation,643,DemPeoplesRepublicofKorea,408,9699,9245,8456,9538,10425,10624,10617,4759,4987,5035,6616,8062,8203,8199,4940,4258,3421,2922,2363,2421,2418
4349,RussianFederation,643,RepublicofKorea,410,2014,2017,1948,2828,3651,3721,3718,988,1036,1047,1606,2133,2166,2165,1026,981,901,1222,1518,1555,1553
4350,RussianFederation,643,Kuwait,414,248,212,170,128,84,85,83,122,127,129,93,55,56,56,126,85,41,35,29,29,27
4351,RussianFederation,643,Kyrgyzstan,417,433625,455644,461140,526124,580279,591349,591025,212785,223132,225474,256976,283353,287245,287089,220840,232512,235666,269148,296926,304104,303936
4352,RussianFederation,643,LaoPeoplesDemocraticRepublic,418,100,85,68,94,119,122,120,49,51,52,77,101,104,104,51,34,16,17,18,18,16
4353,RussianFederation,643,Lebanon,422,2133,1710,1225,1098,949,968,966,1047,1096,1105,959,792,807,807,1086,614,120,139,157,161,159
4354,RussianFederation,643,Latvia,428,95730,100686,101991,95839,87715,89389,89338,46976,49261,49778,45868,41044,41590,41567,48754,51425,52213,49971,46671,47799,47771
4355,RussianFederation,643,Libya,434,373,362,339,304,264,270,268,183,192,194,182,167,170,170,190,170,145,122,97,100,98
4356,RussianFederation,643,Lithuania,440,82889,85879,85756,78560,69747,71078,71038,40675,42648,43091,38309,32763,33200,33182,42214,43231,42665,40251,36984,37878,37856
4357,RussianFederation,643,Luxembourg,442,92,91,87,61,35,36,34,45,48,48,35,21,21,21,47,43,39,26,14,15,13
4358,RussianFederation,643,Madagascar,450,144,139,130,107,82,84,82,71,74,75,67,56,58,58,73,65,55,40,26,26,24
4359,RussianFederation,643,Malawi,454,12,9,7,17,28,29,27,6,6,6,11,17,17,17,6,3,1,6,11,12,10
4360,RussianFederation,643,Malaysia,458,557,533,490,1018,1527,1556,1554,273,286,289,591,882,896,896,284,247,201,427,645,660,658
4361,RussianFederation,643,Maldives,462,135,124,109,77,45,45,43,66,69,70,44,18,18,18,69,55,39,33,27,27,25
4362,RussianFederation,643,Mali,466,196,167,132,102,71,73,71,96,101,102,84,65,66,66,100,66,30,18,6,7,5
4363,RussianFederation,643,Malta,470,575,616,636,347,52,54,52,282,295,298,164,27,29,29,293,321,338,183,25,25,23
4364,RussianFederation,643,Mauritius,480,273,247,213,139,63,64,62,134,141,142,95,45,46,46,139,106,71,44,18,18,16
4365,RussianFederation,643,Mexico,484,173,170,162,182,200,204,202,85,90,91,94,96,97,97,88,80,71,88,104,107,105
4366,RussianFederation,643,Monaco,492,192,218,238,142,45,45,43,94,98,100,58,15,15,15,98,120,138,84,30,30,28
4367,RussianFederation,643,Mongolia,496,21142,22734,23503,22355,20748,21144,21132,10375,10881,10997,10299,9397,9518,9514,10767,11853,12506,12056,11351,11626,11618
4368,RussianFederation,643,RepublicofMoldova,498,292807,289707,276101,285390,288805,294314,294152,143684,150599,152104,154470,153735,155978,155894,149123,139108,123997,130920,135070,138336,138258
4369,RussianFederation,643,Montenegro,499,538,551,545,406,259,263,261,264,276,279,245,206,209,209,274,275,266,161,53,54,52
4370,RussianFederation,643,Morocco,504,1755,1514,1220,1162,1081,1101,1099,861,901,910,838,749,761,761,894,613,310,324,332,340,338
4371,RussianFederation,643,Mozambique,508,111,105,96,103,109,111,109,54,57,58,68,76,77,77,57,48,38,35,33,34,32
4372,RussianFederation,643,Oman,512,61,51,40,45,51,52,50,30,32,32,31,31,32,32,31,19,8,14,20,20,18
4373,RussianFederation,643,Namibia,516,106,95,82,101,118,121,119,52,54,55,64,70,72,72,54,41,27,37,48,49,47
4374,RussianFederation,643,Nepal,524,573,492,395,285,171,175,173,281,294,297,225,150,154,154,292,198,98,60,21,21,19
4375,RussianFederation,643,Netherlands,528,371,376,368,457,538,548,546,182,191,193,255,312,316,316,189,185,175,202,226,232,230
4376,RussianFederation,643,NewZealand,554,196,191,180,133,85,86,84,96,101,103,76,48,48,48,100,90,77,57,37,38,36
4377,RussianFederation,643,Nicaragua,558,71,66,60,60,59,60,58,35,36,37,41,43,44,44,36,30,23,19,16,16,14
4378,RussianFederation,643,Niger,562,27,24,21,25,29,30,28,13,14,14,21,28,28,28,14,10,7,4,1,2,0
4379,RussianFederation,643,Nigeria,566,1165,1039,876,837,781,796,794,572,599,604,624,631,643,643,593,440,272,213,150,153,151
4380,RussianFederation,643,Norway,578,1134,1193,1210,958,687,701,699,556,584,591,457,313,318,318,578,609,619,501,374,383,381
4381,RussianFederation,643,NorthernMarianaIslands,580,254,268,273,162,49,50,48,125,131,132,77,20,21,21,129,137,141,85,29,29,27
4382,RussianFederation,643,Pakistan,586,1683,1367,1002,866,714,728,726,826,864,871,727,568,579,579,857,503,131,139,146,149,147
4383,RussianFederation,643,Panama,591,81,72,61,42,24,25,23,40,42,42,31,20,20,20,41,30,19,11,4,5,3
4384,RussianFederation,643,Paraguay,600,104,117,126,81,36,36,34,51,54,55,36,16,16,16,53,63,71,45,20,20,18
4385,RussianFederation,643,Peru,604,784,702,595,437,271,277,275,385,403,406,304,195,199,199,399,299,189,133,76,78,76
4386,RussianFederation,643,Philippines,608,190,175,154,150,144,147,145,93,98,99,80,60,61,61,97,77,55,70,84,86,84
4387,RussianFederation,643,Poland,616,31333,32973,33418,31362,28661,29207,29190,15375,16123,16292,15137,13680,13864,13857,15958,16850,17126,16225,14981,15343,15333
4388,RussianFederation,643,Portugal,620,129,125,117,174,228,232,230,63,66,67,98,126,127,127,66,59,50,76,102,105,103
4389,RussianFederation,643,GuineaBissau,624,342,308,264,198,128,131,129,168,176,178,136,91,93,93,174,132,86,62,37,38,36
4390,RussianFederation,643,Qatar,634,115,107,97,61,25,26,24,56,59,60,37,14,14,14,59,48,37,24,11,12,10
4391,RussianFederation,643,Romania,642,3936,4284,4477,4200,3837,3911,3908,1931,2027,2049,1890,1693,1715,1715,2005,2257,2428,2310,2144,2196,2193
4392,RussianFederation,643,Rwanda,646,177,168,154,100,45,45,43,87,91,92,60,27,27,27,90,77,62,40,18,18,16
4393,RussianFederation,643,Anguilla,660,304,300,286,168,48,49,47,149,156,157,98,37,37,37,155,144,129,70,11,12,10
4394,RussianFederation,643,SanMarino,674,31,36,41,43,46,46,44,15,16,16,16,16,16,16,16,20,25,27,30,30,28
4395,RussianFederation,643,SaudiArabia,682,317,278,229,223,214,219,217,156,163,164,159,152,155,155,161,115,65,64,62,64,62
4396,RussianFederation,643,Senegal,686,108,105,100,86,71,73,71,53,55,56,53,49,51,51,55,50,44,33,22,22,20
4397,RussianFederation,643,Singapore,702,60,61,60,55,49,50,48,29,31,31,28,23,24,24,31,30,29,27,26,26,24
4398,RussianFederation,643,Slovakia,703,1020,1046,1036,1431,1798,1832,1830,501,524,530,745,946,959,959,519,522,506,686,852,873,871
4399,RussianFederation,643,VietNam,704,32251,28489,23695,18748,13416,13671,13662,15826,16574,16725,12700,8418,8553,8549,16425,11915,6970,6048,4998,5118,5113
4400,RussianFederation,643,Slovenia,705,138,127,113,230,344,350,348,68,71,72,151,227,231,231,70,56,41,79,117,119,117
4401,RussianFederation,643,Somalia,706,129,121,109,83,57,59,57,63,66,67,59,50,51,51,66,55,42,24,7,8,6
4402,RussianFederation,643,SouthAfrica,710,246,241,229,234,236,240,238,121,126,127,129,130,131,131,125,115,102,105,106,109,107
4403,RussianFederation,643,Zimbabwe,716,265,258,243,158,71,73,71,130,136,137,90,41,43,43,135,122,106,68,30,30,28
4404,RussianFederation,643,Spain,724,840,850,831,1110,1368,1394,1392,412,432,437,593,737,747,747,428,418,394,517,631,647,645
4405,RussianFederation,643,Sudan,729,588,483,361,310,254,258,256,289,303,305,270,229,233,233,299,180,56,40,25,25,23
4406,RussianFederation,643,WesternSahara,732,111,117,119,75,30,31,29,54,57,58,33,6,7,7,57,60,61,42,24,24,22
4407,RussianFederation,643,Sweden,752,340,338,324,399,467,475,473,167,176,177,213,245,247,247,173,162,147,186,222,228,226
4408,RussianFederation,643,Switzerland,756,407,418,415,497,569,580,578,200,209,211,252,287,291,291,207,209,204,245,282,289,287
4409,RussianFederation,643,SyrianArabRepublic,760,5464,4479,3332,3301,3203,3265,3262,2681,2806,2830,2796,2704,2754,2753,2783,1673,502,505,499,511,509
4410,RussianFederation,643,Tajikistan,762,424727,410349,381090,423794,457775,466508,466252,208419,218409,220551,248341,271125,275345,275195,216308,191940,160539,175453,186650,191163,191057
4411,RussianFederation,643,Thailand,764,75,78,80,148,213,217,215,37,38,39,71,100,102,102,38,40,41,77,113,115,113
4412,RussianFederation,643,UnitedArabEmirates,784,283,261,230,292,349,355,353,139,146,147,176,202,205,205,144,115,83,116,147,150,148
4413,RussianFederation,643,Tunisia,788,607,526,426,381,329,335,333,298,312,314,289,258,262,262,309,214,112,92,71,73,71
4414,RussianFederation,643,Turkey,792,13032,11200,8962,9602,10045,10237,10230,6395,6696,6756,7418,7928,8068,8064,6637,4504,2206,2184,2117,2169,2166
4415,RussianFederation,643,Turkmenistan,795,165923,173279,174352,180124,182189,185664,185561,81420,85376,86268,87695,87373,88556,88507,84503,87903,88084,92429,94816,97108,97054
4416,RussianFederation,643,Tuvalu,798,29,31,33,305,571,582,580,14,15,15,129,239,242,242,15,16,18,176,332,340,338
4417,RussianFederation,643,Uganda,800,100,93,84,82,80,82,80,49,51,52,49,46,47,47,51,42,32,33,34,35,33
4418,RussianFederation,643,Ukraine,804,3301922,3485074,3541839,3293929,2978217,3269992,3268263,1620293,1694890,1708694,1557903,1376105,1518786,1517969,1681629,1790184,1833145,1736026,1602112,1751206,1750294
4419,RussianFederation,643,NorthMacedonia,807,359,301,234,245,251,255,253,176,184,186,199,206,208,208,183,117,48,46,45,47,45
4420,RussianFederation,643,Egypt,818,1499,1488,1425,1245,1041,1060,1058,736,771,779,757,720,731,731,763,717,646,488,321,329,327
4421,RussianFederation,643,UnitedKingdom,826,899,865,800,1267,1708,1741,1739,441,463,467,720,958,973,973,458,402,333,547,750,768,766
4422,RussianFederation,643,UnitedRepublicofTanzania,834,269,244,211,214,213,217,215,132,139,140,142,141,143,143,137,105,71,72,72,74,72
4423,RussianFederation,643,UnitedStatesofAmerica,840,3077,3051,2915,3747,4502,4588,4583,1510,1583,1598,2054,2468,2505,2502,1567,1468,1317,1693,2034,2083,2081
4424,RussianFederation,643,BurkinaFaso,854,525,568,592,519,436,445,443,258,270,272,234,191,195,195,267,298,320,285,245,250,248
4425,RussianFederation,643,Uruguay,858,479,498,500,312,118,121,119,235,246,249,153,53,54,54,244,252,251,159,65,67,65
4426,RussianFederation,643,Uzbekistan,860,890893,918869,913322,1030041,1125335,1146803,1146175,437172,458355,463099,532421,591087,599638,599311,453721,460514,450223,497620,534248,547165,546864
4427,RussianFederation,643,VenezuelaBolivarianRepublicof,862,371,376,369,234,96,98,96,182,191,193,120,46,47,47,189,185,176,114,50,51,49
4428,RussianFederation,643,Yemen,887,986,794,574,611,636,648,646,484,506,510,546,571,581,581,502,288,64,65,65,67,65
4429,RussianFederation,643,Zambia,894,354,305,245,357,463,471,469,174,182,183,257,326,330,330,180,123,62,100,137,141,139
4430,Slovakia,703,Melanesia,928,0,0,0,0,0,7,4,0,0,0,0,0,4,2,0,0,0,0,0,3,2
4431,Slovakia,703,Micronesia,954,0,0,0,0,0,8,6,0,0,0,0,0,3,1,0,0,0,0,0,5,5
4432,Slovakia,703,Polynesia,957,0,0,0,0,0,3,0,0,0,0,0,0,3,0,0,0,0,0,0,0,0
4433,Slovakia,703,Afghanistan,4,26,125,315,488,139,155,194,24,106,276,451,119,132,166,2,19,39,37,20,23,28
4434,Slovakia,703,Albania,8,6,29,60,68,76,99,133,4,25,51,58,65,84,114,2,4,9,10,11,15,19
4435,Slovakia,703,Algeria,12,8,32,66,75,84,105,125,6,27,55,62,70,88,105,2,5,11,13,14,17,20
4436,Slovakia,703,Andorra,20,0,0,0,0,0,1,0,0,0,0,0,0,1,0,0,0,0,0,0,0,0
4437,Slovakia,703,Angola,24,11,11,16,18,20,25,25,9,10,15,16,18,21,20,2,1,1,2,2,4,5
4438,Slovakia,703,Argentina,32,20,32,54,61,68,83,90,9,14,23,26,30,37,46,11,18,31,35,38,46,44
4439,Slovakia,703,Armenia,51,37,57,94,306,118,148,169,19,29,47,154,60,80,90,18,28,47,152,58,68,79
4440,Slovakia,703,Aruba,533,0,0,0,0,0,1,1,0,0,0,0,0,0,0,0,0,0,0,0,1,1
4441,Slovakia,703,Australia,36,18,85,176,198,222,288,419,8,43,90,103,117,158,224,10,42,86,95,105,130,195
4442,Slovakia,703,Austria,40,281,1033,2070,2322,2604,3361,4722,111,550,1140,1297,1470,2001,2747,170,483,930,1025,1134,1360,1975
4443,Slovakia,703,Azerbaijan,31,4,11,23,26,29,37,56,3,4,8,9,10,15,27,1,7,15,17,19,22,29
4444,Slovakia,703,Bahrain,48,0,0,0,0,0,14,14,0,0,0,0,0,9,7,0,0,0,0,0,5,7
4445,Slovakia,703,Bangladesh,50,0,0,0,0,0,18,21,0,0,0,0,0,15,18,0,0,0,0,0,3,3
4446,Slovakia,703,Barbados,52,0,0,0,0,0,1,1,0,0,0,0,0,1,1,0,0,0,0,0,0,0
4447,Slovakia,703,Belarus,112,60,87,140,158,177,223,262,18,22,33,40,47,70,86,42,65,107,118,130,153,176
4448,Slovakia,703,Belgium,56,62,259,529,594,666,828,1029,27,150,314,357,404,528,663,35,109,215,237,262,300,366
4449,Slovakia,703,Belize,84,0,0,0,0,0,2,2,0,0,0,0,0,2,2,0,0,0,0,0,0,0
4450,Slovakia,703,Benin,204,0,0,0,0,0,9,10,0,0,0,0,0,8,9,0,0,0,0,0,1,1
4451,Slovakia,703,BoliviaPlurinationalStateof,68,0,0,0,0,0,15,16,0,0,0,0,0,12,13,0,0,0,0,0,3,3
4452,Slovakia,703,BosniaandHerzegovina,70,47,133,257,289,324,394,463,33,91,174,197,222,281,339,14,42,83,92,102,113,124
4453,Slovakia,703,Botswana,72,0,0,0,0,0,4,2,0,0,0,0,0,0,0,0,0,0,0,0,4,2
4454,Slovakia,703,Brazil,76,4,30,66,75,84,114,171,2,11,23,27,31,47,75,2,19,43,48,53,67,96
4455,Slovakia,703,BritishVirginIslands,92,0,0,0,0,0,1,1,0,0,0,0,0,1,1,0,0,0,0,0,0,0
4456,Slovakia,703,Bulgaria,100,362,790,1437,1612,1808,2193,2596,197,489,916,1037,1172,1490,1782,165,301,521,575,636,703,814
4457,Slovakia,703,BurkinaFaso,854,0,0,0,0,0,3,1,0,0,0,0,0,3,1,0,0,0,0,0,0,0
4458,Slovakia,703,Burundi,108,0,0,0,0,0,5,4,0,0,0,0,0,4,3,0,0,0,0,0,1,1
4459,Slovakia,703,Cambodia,116,0,0,0,0,0,8,10,0,0,0,0,0,5,5,0,0,0,0,0,3,5
4460,Slovakia,703,Cameroon,120,0,0,0,0,0,10,15,0,0,0,0,0,8,12,0,0,0,0,0,2,3
4461,Slovakia,703,Canada,124,40,144,288,324,363,480,613,18,71,142,162,184,264,339,22,73,146,162,179,216,274
4462,Slovakia,703,CaymanIslands,136,0,0,0,0,0,2,1,0,0,0,0,0,1,0,0,0,0,0,0,1,1
4463,Slovakia,703,CentralAfricanRepublic,140,0,0,0,0,0,2,1,0,0,0,0,0,1,0,0,0,0,0,0,1,1
4464,Slovakia,703,Chad,148,8,43,91,103,116,139,133,5,17,33,38,44,60,57,3,26,58,65,72,79,76
4465,Slovakia,703,Chile,152,2,8,17,20,22,28,32,1,5,10,12,13,17,19,1,3,7,8,9,11,13
4466,Slovakia,703,China,156,49,320,681,764,856,1074,1256,26,154,325,371,421,576,673,23,166,356,393,435,498,583
4467,Slovakia,703,Colombia,170,3,16,34,39,44,56,69,2,12,25,29,33,41,49,1,4,9,10,11,15,20
4468,Slovakia,703,Congo,178,1,6,14,16,18,23,23,1,4,9,10,11,14,14,0,2,5,6,7,9,9
4469,Slovakia,703,CostaRica,188,0,0,0,0,0,12,16,0,0,0,0,0,7,11,0,0,0,0,0,5,5
4470,Slovakia,703,CotedIvoire,384,0,0,0,0,0,9,9,0,0,0,0,0,7,7,0,0,0,0,0,2,2
4471,Slovakia,703,Croatia,191,95,273,527,592,664,850,1242,61,171,328,372,421,573,866,34,102,199,220,243,277,376
4472,Slovakia,703,Cuba,192,23,49,90,101,113,137,153,18,36,64,72,81,99,109,5,13,26,29,32,38,44
4473,Slovakia,703,Cyprus,196,4,32,69,78,87,120,171,3,18,38,43,49,73,105,1,14,31,35,38,47,66
4474,Slovakia,703,Czechia,203,26268,37407,58709,65367,73744,87989,89560,11934,15280,22911,25972,30179,39855,40032,14334,22127,35798,39395,43565,48134,49528
4475,Slovakia,703,DemPeoplesRepublicofKorea,408,0,0,0,0,0,16,14,0,0,0,0,0,9,7,0,0,0,0,0,7,7
4476,Slovakia,703,DemocraticRepublicoftheCongo,180,0,0,0,0,0,8,8,0,0,0,0,0,5,5,0,0,0,0,0,3,3
4477,Slovakia,703,Denmark,208,6,72,158,178,199,260,326,4,46,99,112,126,173,214,2,26,59,66,73,87,112
4478,Slovakia,703,Dominica,212,0,0,0,0,0,3,2,0,0,0,0,0,1,0,0,0,0,0,0,2,2
4479,Slovakia,703,DominicanRepublic,214,0,0,0,0,0,18,26,0,0,0,0,0,8,15,0,0,0,0,0,10,11
4480,Slovakia,703,Ecuador,218,1,10,22,25,28,36,48,1,7,13,15,17,22,28,0,3,9,10,11,14,20
4481,Slovakia,703,Egypt,818,9,55,118,133,149,195,260,8,53,113,127,143,185,246,1,2,5,6,6,10,14
4482,Slovakia,703,ElSalvador,222,0,0,0,0,0,2,1,0,0,0,0,0,2,1,0,0,0,0,0,0,0
4483,Slovakia,703,Estonia,233,3,15,33,38,42,55,69,1,4,8,10,11,18,23,2,11,25,28,31,37,46
4484,Slovakia,703,Eswatini,748,0,0,0,0,0,1,0,0,0,0,0,0,1,0,0,0,0,0,0,0,0
4485,Slovakia,703,Ethiopia,231,5,10,19,22,25,31,39,4,8,14,16,18,22,25,1,2,5,6,7,9,14
4486,Slovakia,703,FaroeIslands,234,0,0,0,0,0,1,0,0,0,0,0,0,0,0,0,0,0,0,0,1,0
4487,Slovakia,703,Finland,246,4,44,98,111,124,154,208,2,23,50,58,65,86,111,2,21,48,53,59,68,97
4488,Slovakia,703,France,250,484,1071,1952,2189,2454,2938,3043,206,496,922,1053,1198,1562,1696,278,575,1030,1136,1256,1376,1347
4489,Slovakia,703,FrenchPolynesia,258,0,0,0,0,0,1,0,0,0,0,0,0,1,0,0,0,0,0,0,0,0
4490,Slovakia,703,Gambia,270,0,0,0,0,0,3,4,0,0,0,0,0,3,4,0,0,0,0,0,0,0
4491,Slovakia,703,Georgia,268,11,27,51,120,65,78,93,5,16,30,68,39,47,57,6,11,21,52,26,31,36
4492,Slovakia,703,Germany,276,255,1460,3067,3439,3856,4817,6202,123,906,1938,2194,2479,3208,4038,132,554,1129,1245,1377,1609,2164
4493,Slovakia,703,Ghana,288,1,5,12,14,16,19,27,1,5,10,11,13,14,20,0,0,2,3,3,5,7
4494,Slovakia,703,Greece,300,9,119,262,294,330,431,649,4,74,163,184,208,284,425,5,45,99,110,122,147,224
4495,Slovakia,703,Greenland,304,0,0,0,0,0,3,2,0,0,0,0,0,3,2,0,0,0,0,0,0,0
4496,Slovakia,703,Grenada,308,0,0,0,0,0,2,1,0,0,0,0,0,1,0,0,0,0,0,0,1,1
4497,Slovakia,703,Guatemala,320,0,0,0,0,0,3,5,0,0,0,0,0,2,4,0,0,0,0,0,1,1
4498,Slovakia,703,Guinea,324,0,0,0,0,0,6,6,0,0,0,0,0,6,6,0,0,0,0,0,0,0
4499,Slovakia,703,GuineaBissau,624,0,0,0,0,0,2,1,0,0,0,0,0,1,0,0,0,0,0,0,1,1
4500,Slovakia,703,Haiti,332,0,0,0,0,0,2,4,0,0,0,0,0,2,4,0,0,0,0,0,0,0
4501,Slovakia,703,HolySee,336,0,0,0,0,0,3,2,0,0,0,0,0,2,1,0,0,0,0,0,1,1
4502,Slovakia,703,Honduras,340,0,0,0,0,0,2,4,0,0,0,0,0,2,4,0,0,0,0,0,0,0
4503,Slovakia,703,Hungary,348,6010,7707,11565,12768,14561,17058,16291,2339,3145,4848,5375,6368,8345,8428,3671,4562,6717,7393,8193,8713,7863
4504,Slovakia,703,Iceland,352,0,13,30,34,38,63,97,0,6,13,15,17,31,44,0,7,17,19,21,32,53
4505,Slovakia,703,India,356,7,45,97,401,122,155,194,4,31,68,345,87,113,147,3,14,29,56,35,42,47
4506,Slovakia,703,Indonesia,360,0,7,17,20,22,35,50,0,4,9,11,12,18,23,0,3,8,9,10,17,27
4507,Slovakia,703,IranIslamicRepublicof,364,11,198,93,206,104,130,168,10,170,64,168,79,99,120,1,28,29,38,25,31,48
4508,Slovakia,703,Iraq,368,10,25,49,55,62,79,215,9,22,41,46,52,65,133,1,3,8,9,10,14,82
4509,Slovakia,703,Ireland,372,1,233,530,595,667,914,1494,1,116,262,299,340,493,810,0,117,268,296,327,421,684
4510,Slovakia,703,IsleofMan,833,0,0,0,0,0,3,3,0,0,0,0,0,3,3,0,0,0,0,0,0,0
4511,Slovakia,703,Israel,376,15,58,118,133,149,192,242,10,39,78,88,100,134,166,5,19,40,45,49,58,76
4512,Slovakia,703,Italy,380,41,793,1764,1978,2217,2841,3918,27,571,1271,1434,1616,2117,2873,14,222,493,544,601,724,1045
4513,Slovakia,703,Jamaica,388,0,0,0,0,0,14,15,0,0,0,0,0,9,10,0,0,0,0,0,5,5
4514,Slovakia,703,Japan,392,6,41,88,99,111,137,158,4,16,32,37,43,59,69,2,25,56,62,68,78,89
4515,Slovakia,703,Jordan,400,9,19,36,41,46,57,68,8,16,30,34,38,47,53,1,3,6,7,8,10,15
4516,Slovakia,703,Kazakhstan,398,21,78,158,178,199,246,290,6,32,67,77,88,118,134,15,46,91,101,111,128,156
4517,Slovakia,703,Kenya,404,1,7,16,18,20,25,28,1,4,7,8,9,11,13,0,3,9,10,11,14,15
4518,Slovakia,703,Kiribati,296,0,0,0,0,0,7,6,0,0,0,0,0,2,1,0,0,0,0,0,5,5
4519,Slovakia,703,Kuwait,414,10,25,47,53,59,75,91,7,18,33,37,41,54,65,3,7,14,16,18,21,26
4520,Slovakia,703,Kyrgyzstan,417,3,7,15,17,19,25,33,1,3,7,8,9,14,18,2,4,8,9,10,11,15
4521,Slovakia,703,LaoPeoplesDemocraticRepublic,418,0,0,0,0,0,6,5,0,0,0,0,0,2,1,0,0,0,0,0,4,4
4522,Slovakia,703,Latvia,428,5,40,88,99,111,144,199,1,14,32,37,42,61,81,4,26,56,62,69,83,118
4523,Slovakia,703,Lebanon,422,14,36,68,77,86,111,157,11,31,59,66,74,95,131,3,5,9,11,12,16,26
4524,Slovakia,703,Lesotho,426,0,0,0,0,0,4,3,0,0,0,0,0,1,0,0,0,0,0,0,3,3
4525,Slovakia,703,Liberia,430,0,0,0,0,0,3,2,0,0,0,0,0,2,1,0,0,0,0,0,1,1
4526,Slovakia,703,Libya,434,7,18,35,40,45,59,87,6,15,27,31,35,46,61,1,3,8,9,10,13,26
4527,Slovakia,703,Liechtenstein,438,0,0,0,0,0,7,7,0,0,0,0,0,4,4,0,0,0,0,0,3,3
4528,Slovakia,703,Lithuania,440,9,42,87,98,110,142,199,2,14,29,33,38,58,77,7,28,58,65,72,84,122
4529,Slovakia,703,Luxembourg,442,14,20,32,36,40,57,90,8,10,15,17,19,29,42,6,10,17,19,21,28,48
4530,Slovakia,703,Madagascar,450,0,0,0,0,0,18,18,0,0,0,0,0,10,9,0,0,0,0,0,8,9
4531,Slovakia,703,Malawi,454,0,0,0,0,0,6,6,0,0,0,0,0,5,5,0,0,0,0,0,1,1
4532,Slovakia,703,Malaysia,458,0,0,0,0,0,18,23,0,0,0,0,0,12,15,0,0,0,0,0,6,8
4533,Slovakia,703,Maldives,462,0,0,0,0,0,1,1,0,0,0,0,0,1,1,0,0,0,0,0,0,0
4534,Slovakia,703,Malta,470,1,6,14,16,18,27,45,0,4,9,10,12,16,26,1,2,5,6,6,11,19
4535,Slovakia,703,Mauritius,480,0,0,0,0,0,11,23,0,0,0,0,0,6,13,0,0,0,0,0,5,10
4536,Slovakia,703,Mexico,484,3,24,53,60,67,93,158,1,16,35,40,45,62,105,2,8,18,20,22,31,53
4537,Slovakia,703,MicronesiaFedStatesof,583,0,0,0,0,0,1,0,0,0,0,0,0,1,0,0,0,0,0,0,0,0
4538,Slovakia,703,Monaco,492,0,0,0,0,0,5,5,0,0,0,0,0,4,3,0,0,0,0,0,1,2
4539,Slovakia,703,Mongolia,496,11,22,41,47,52,64,66,6,9,15,18,20,28,27,5,13,26,29,32,36,39
4540,Slovakia,703,Montenegro,499,10,14,24,28,31,39,41,5,8,15,18,20,25,26,5,6,9,10,11,14,15
4541,Slovakia,703,Morocco,504,3,15,33,38,42,55,73,2,13,28,32,36,47,59,1,2,5,6,6,8,14
4542,Slovakia,703,Mozambique,508,0,0,0,0,0,4,3,0,0,0,0,0,4,3,0,0,0,0,0,0,0
4543,Slovakia,703,Myanmar,104,0,0,0,0,0,4,3,0,0,0,0,0,3,2,0,0,0,0,0,1,1
4544,Slovakia,703,Namibia,516,0,0,0,0,0,1,0,0,0,0,0,0,1,0,0,0,0,0,0,0,0
4545,Slovakia,703,Nepal,524,0,0,0,0,0,9,12,0,0,0,0,0,7,9,0,0,0,0,0,2,3
4546,Slovakia,703,Netherlands,528,11,163,360,404,453,585,780,8,111,244,276,312,414,546,3,52,116,128,141,171,234
4547,Slovakia,703,NewZealand,554,1,10,22,25,28,43,63,1,7,15,17,19,30,40,0,3,7,8,9,13,23
4548,Slovakia,703,Nicaragua,558,0,0,0,0,0,11,12,0,0,0,0,0,11,10,0,0,0,0,0,0,2
4549,Slovakia,703,Niger,562,0,0,0,0,0,6,5,0,0,0,0,0,6,5,0,0,0,0,0,0,0
4550,Slovakia,703,Nigeria,566,1,30,69,78,87,111,143,1,29,65,73,82,104,135,0,1,4,5,5,7,8
4551,Slovakia,703,NorthMacedonia,807,54,231,473,531,595,760,883,41,153,308,349,394,530,614,13,78,165,182,201,230,269
4552,Slovakia,703,Norway,578,3,197,447,502,563,750,1097,1,79,179,206,236,344,499,2,118,268,296,327,406,598
4553,Slovakia,703,Oman,512,0,0,0,0,0,3,4,0,0,0,0,0,0,0,0,0,0,0,0,3,4
4554,Slovakia,703,Pakistan,586,2,25,93,125,69,90,122,2,25,62,102,66,84,110,0,0,31,23,3,6,12
4555,Slovakia,703,Panama,591,0,0,0,0,0,14,14,0,0,0,0,0,8,8,0,0,0,0,0,6,6
4556,Slovakia,703,PapuaNewGuinea,598,0,0,0,0,0,3,2,0,0,0,0,0,2,1,0,0,0,0,0,1,1
4557,Slovakia,703,Paraguay,600,0,0,0,0,0,6,7,0,0,0,0,0,3,2,0,0,0,0,0,3,5
4558,Slovakia,703,Peru,604,5,17,35,40,45,59,76,3,11,23,26,30,40,55,2,6,12,14,15,19,21
4559,Slovakia,703,Philippines,608,0,8,19,22,24,34,63,0,3,6,7,8,11,19,0,5,13,15,16,23,44
4560,Slovakia,703,Poland,616,1207,2476,4425,4962,5564,6721,7367,360,920,1731,1992,2279,3119,3530,847,1556,2694,2970,3285,3602,3837
4561,Slovakia,703,Portugal,620,1,46,104,117,131,172,283,1,31,68,77,87,119,198,0,15,36,40,44,53,85
4562,Slovakia,703,Qatar,634,0,0,0,0,0,2,6,0,0,0,0,0,1,3,0,0,0,0,0,1,3
4563,Slovakia,703,RepublicofKorea,410,0,152,346,388,435,534,609,0,89,202,229,259,338,381,0,63,144,159,176,196,228
4564,Slovakia,703,RepublicofMoldova,498,8,35,73,82,92,125,183,2,16,34,39,44,67,111,6,19,39,43,48,58,72
4565,Slovakia,703,Romania,642,1115,2843,5353,6003,6731,8299,9763,515,1570,3079,3496,3958,5156,6250,600,1273,2274,2507,2773,3143,3513
4566,Slovakia,703,RussianFederation,643,622,1073,1819,2040,2287,2780,3098,197,308,503,589,683,975,1111,425,765,1316,1451,1604,1805,1987
4567,Slovakia,703,Rwanda,646,0,0,0,0,0,2,1,0,0,0,0,0,1,1,0,0,0,0,0,1,0
4568,Slovakia,703,SaintHelena,654,0,0,0,0,0,1,0,0,0,0,0,0,1,0,0,0,0,0,0,0,0
4569,Slovakia,703,SaintKittsandNevis,659,0,0,0,0,0,1,0,0,0,0,0,0,1,0,0,0,0,0,0,0,0
4570,Slovakia,703,SaintLucia,662,0,0,0,0,0,1,0,0,0,0,0,0,0,0,0,0,0,0,0,1,0
4571,Slovakia,703,Samoa,882,0,0,0,0,0,1,0,0,0,0,0,0,1,0,0,0,0,0,0,0,0
4572,Slovakia,703,SanMarino,674,0,0,0,0,0,1,0,0,0,0,0,0,0,0,0,0,0,0,0,1,0
4573,Slovakia,703,SaoTomeandPrincipe,678,0,0,0,0,0,2,1,0,0,0,0,0,2,1,0,0,0,0,0,0,0
4574,Slovakia,703,SaudiArabia,682,2,10,22,25,28,39,48,2,10,22,24,27,35,40,0,0,0,1,1,4,8
4575,Slovakia,703,Senegal,686,0,0,0,0,0,15,19,0,0,0,0,0,12,16,0,0,0,0,0,3,3
4576,Slovakia,703,Serbia,688,383,709,1230,1380,1547,1917,2463,227,420,727,825,934,1229,1570,156,289,503,555,613,688,893
4577,Slovakia,703,Seychelles,690,0,0,0,0,0,7,6,0,0,0,0,0,4,3,0,0,0,0,0,3,3
4578,Slovakia,703,SierraLeone,694,0,0,0,0,0,2,1,0,0,0,0,0,2,1,0,0,0,0,0,0,0
4579,Slovakia,703,Singapore,702,0,0,0,0,0,17,20,0,0,0,0,0,7,9,0,0,0,0,0,10,11
4580,Slovakia,703,Slovenia,705,15,95,203,228,255,311,380,8,63,135,152,171,216,262,7,32,68,76,84,95,118
4581,Slovakia,703,SolomonIslands,90,0,0,0,0,0,3,2,0,0,0,0,0,2,1,0,0,0,0,0,1,1
4582,Slovakia,703,Somalia,706,0,0,0,0,0,14,17,0,0,0,0,0,8,9,0,0,0,0,0,6,8
4583,Slovakia,703,SouthAfrica,710,6,33,70,79,88,112,154,4,23,47,53,59,79,110,2,10,23,26,29,33,44
4584,Slovakia,703,Spain,724,10,240,537,603,676,885,1304,5,122,273,312,354,497,721,5,118,264,291,322,388,583
4585,Slovakia,703,SriLanka,144,0,0,0,0,0,15,24,0,0,0,0,0,6,12,0,0,0,0,0,9,12
4586,Slovakia,703,StateofPalestine,275,6,13,24,27,30,44,54,5,12,21,23,26,38,48,1,1,3,4,4,6,6
4587,Slovakia,703,Sudan,729,0,0,0,0,0,19,18,0,0,0,0,0,17,16,0,0,0,0,0,2,2
4588,Slovakia,703,Sweden,752,8,76,167,188,211,270,342,3,41,92,105,119,159,202,5,35,75,83,92,111,140
4589,Slovakia,703,Switzerland,756,18,186,407,457,512,677,1045,10,101,221,252,286,393,577,8,85,186,205,226,284,468
4590,Slovakia,703,SyrianArabRepublic,760,37,81,148,167,187,237,289,33,67,118,133,150,191,228,4,14,30,34,37,46,61
4591,Slovakia,703,Tajikistan,762,0,0,0,0,0,12,13,0,0,0,0,0,5,6,0,0,0,0,0,7,7
4592,Slovakia,703,Thailand,764,1,18,40,45,50,71,107,0,2,3,4,5,12,17,1,16,37,41,45,59,90
4593,Slovakia,703,Togo,768,0,0,0,0,0,3,2,0,0,0,0,0,3,2,0,0,0,0,0,0,0
4594,Slovakia,703,TrinidadandTobago,780,0,0,0,0,0,6,8,0,0,0,0,0,5,6,0,0,0,0,0,1,2
4595,Slovakia,703,Tunisia,788,6,43,94,106,118,153,200,5,40,87,98,109,142,184,1,3,7,8,9,11,16
4596,Slovakia,703,Turkey,792,10,92,201,226,253,322,405,9,76,165,186,209,269,339,1,16,36,40,44,53,66
4597,Slovakia,703,Turkmenistan,795,0,0,0,0,0,11,13,0,0,0,0,0,5,4,0,0,0,0,0,6,9
4598,Slovakia,703,Tuvalu,798,0,0,0,0,0,1,0,0,0,0,0,0,1,0,0,0,0,0,0,0,0
4599,Slovakia,703,Uganda,800,0,0,0,0,0,8,11,0,0,0,0,0,3,4,0,0,0,0,0,5,7
4600,Slovakia,703,Ukraine,804,2619,4039,6561,7325,8258,10092,11582,1012,1350,2069,2374,2782,3945,4767,1607,2689,4492,4951,5476,6147,6815
4601,Slovakia,703,UnitedArabEmirates,784,4,20,43,49,55,75,127,3,13,26,30,34,44,76,1,7,17,19,21,31,51
4602,Slovakia,703,UnitedKingdom,826,34,1426,3211,3601,4037,5501,9187,22,744,1662,1903,2159,3099,5085,12,682,1549,1698,1878,2402,4102
4603,Slovakia,703,UnitedRepublicofTanzania,834,0,0,0,0,0,1,0,0,0,0,0,0,1,0,0,0,0,0,0,0,0
4604,Slovakia,703,UnitedStatesofAmerica,840,290,743,1402,1573,1764,2181,2646,95,331,658,753,858,1148,1444,195,412,744,820,906,1033,1202
4605,Slovakia,703,Uruguay,858,0,0,0,0,0,12,18,0,0,0,0,0,7,8,0,0,0,0,0,5,10
4606,Slovakia,703,Uzbekistan,860,8,16,29,33,37,46,59,1,6,11,13,15,19,31,7,10,18,20,22,27,28
4607,Slovakia,703,Vanuatu,548,0,0,0,0,0,1,0,0,0,0,0,0,0,0,0,0,0,0,0,1,0
4608,Slovakia,703,VenezuelaBolivarianRepublicof,862,0,0,0,0,0,19,25,0,0,0,0,0,14,18,0,0,0,0,0,5,7
4609,Slovakia,703,VietNam,704,241,713,1381,1546,1737,2145,2373,171,415,772,874,994,1303,1424,70,298,609,672,743,842,949
4610,Slovakia,703,Yemen,887,6,12,22,25,28,34,41,5,11,19,21,24,28,34,1,1,3,4,4,6,7
4611,Slovakia,703,Zambia,894,0,0,0,0,0,11,11,0,0,0,0,0,9,8,0,0,0,0,0,2,3
4612,Slovakia,703,Zimbabwe,716,0,0,0,0,0,6,6,0,0,0,0,0,3,2,0,0,0,0,0,3,4
4613,Ukraine,804,Melanesia,928,0,0,0,0,0,0,0,0,0,0,0,0,0,0,0,0,0,0,0,0,0
4614,Ukraine,804,Micronesia,954,0,0,0,0,0,0,0,0,0,0,0,0,0,0,0,0,0,0,0,0,0
4615,Ukraine,804,Polynesia,957,0,0,0,0,0,0,0,0,0,0,0,0,0,0,0,0,0,0,0,0,0
4616,Ukraine,804,Afghanistan,4,2552,2468,2416,2207,2605,4812,4891,1945,1897,1874,1713,2022,3736,3799,607,571,542,494,583,1076,1092
4617,Ukraine,804,Azerbaijan,31,81482,87250,94083,85967,82025,82299,83674,34915,43333,52279,47823,45681,45884,46651,46567,43917,41804,38144,36344,36415,37023
4618,Ukraine,804,Armenia,51,35141,44340,54082,49416,47150,47307,48097,15058,23012,31247,28580,27297,27416,27875,20083,21328,22835,20836,19853,19891,20222
4619,Ukraine,804,Bulgaria,100,2094,2026,1983,1811,1727,1732,1760,1372,1348,1339,1224,1168,1172,1192,722,678,644,587,559,560,568
4620,Ukraine,804,Belarus,112,403448,339992,280687,256474,244715,245534,249641,172877,142945,114758,105069,100452,100989,102679,230571,197047,165929,151405,144263,144545,146962
4621,Ukraine,804,China,156,7924,7666,7502,6854,6539,6560,6668,4888,4812,4795,4384,4186,4203,4273,3036,2854,2707,2470,2353,2357,2395
4622,Ukraine,804,Estonia,233,10585,11068,11687,10678,10188,10222,10392,4536,5154,5835,5339,5101,5126,5213,6049,5914,5852,5339,5087,5096,5179
4623,Ukraine,804,Georgia,268,76612,74660,73621,67270,64185,64399,65475,32828,36124,39862,36466,34834,34991,35576,43784,38536,33759,30804,29351,29408,29899
4624,Ukraine,804,StateofPalestine,275,1828,1768,1731,1581,1508,1513,1537,1708,1656,1624,1484,1416,1421,1446,120,112,107,97,92,92,91
4625,Ukraine,804,Germany,276,1308,1265,1239,1132,1080,1083,1099,665,661,665,609,582,585,594,643,604,574,523,498,498,505
4626,Ukraine,804,India,356,4609,4459,4364,3987,3804,3816,3879,3648,3556,3507,3206,3060,3071,3123,961,903,857,781,744,745,756
4627,Ukraine,804,IranIslamicRepublicof,364,2580,2496,2443,2232,2129,2136,2170,2070,2017,1988,1817,1734,1741,1771,510,479,455,415,395,395,399
4628,Ukraine,804,Israel,376,4532,4384,4291,3920,3740,3752,3813,2184,2177,2197,2010,1921,1930,1962,2348,2207,2094,1910,1819,1822,1851
4629,Ukraine,804,Kazakhstan,398,330947,290731,254065,232148,221504,222245,225962,141810,127108,113958,104305,99692,100195,101871,189137,163623,140107,127843,121812,122050,124091
4630,Ukraine,804,Jordan,400,4486,4340,4247,3880,3702,3714,3775,4378,4239,4150,3792,3619,3631,3693,108,101,97,88,83,83,82
4631,Ukraine,804,Kyrgyzstan,417,37304,33724,30557,27921,26640,26729,27175,15985,14889,13976,12792,12225,12286,12492,21319,18835,16581,15129,14415,14443,14683
4632,Ukraine,804,Lebanon,422,2132,2062,2019,1844,1759,1764,1792,2007,1945,1907,1742,1662,1667,1696,125,117,112,102,97,97,96
4633,Ukraine,804,Latvia,428,20185,21108,22289,20366,19432,19497,19821,8649,9830,11131,10185,9732,9779,9941,11536,11278,11158,10181,9700,9718,9880
4634,Ukraine,804,Lithuania,440,25282,26437,27916,25507,24337,24418,24825,10834,12312,13940,12755,12187,12245,12450,14448,14125,13976,12752,12150,12173,12375
4635,Ukraine,804,RepublicofMoldova,498,180029,174541,171185,156418,149246,149745,152249,77142,77261,78324,71686,68511,68852,70005,102887,97280,92861,84732,80735,80893,82244
4636,Ukraine,804,Morocco,504,2100,2031,1988,1816,1732,1737,1765,1469,1438,1425,1303,1244,1249,1271,631,593,563,513,488,488,494
4637,Ukraine,804,Poland,616,3718,3597,3520,3216,3068,3078,3128,1577,1585,1611,1475,1410,1417,1441,2141,2012,1909,1741,1658,1661,1687
4638,Ukraine,804,RussianFederation,643,5018098,4355392,3745842,3422713,3265811,3275758,3330586,2150244,1829955,1531998,1402646,1341012,1347176,1369721,2867854,2525437,2213844,2020067,1924799,1928582,1960865
4639,Ukraine,804,VietNam,704,14964,14476,14166,12943,12349,12390,12596,8191,8109,8127,7433,7099,7130,7249,6773,6367,6039,5510,5250,5260,5347
4640,Ukraine,804,SyrianArabRepublic,760,4494,4347,4255,3887,3708,3720,3781,4307,4172,4088,3735,3564,3576,3636,187,175,167,152,144,144,145
4641,Ukraine,804,Tajikistan,762,34861,34009,33574,30677,29270,29367,29857,14938,15678,16611,15199,14523,14592,14836,19923,18331,16963,15478,14747,14775,15021
4642,Ukraine,804,Turkey,792,1637,1583,1550,1416,1351,1355,1376,1390,1351,1329,1215,1160,1164,1184,247,232,221,201,191,191,192
4643,Ukraine,804,Turkmenistan,795,31201,28347,25840,23610,22527,22602,22979,13370,12632,12048,11026,10537,10589,10766,17831,15715,13792,12584,11990,12013,12213
4644,Ukraine,804,UnitedStatesofAmerica,840,3308,3200,3132,2861,2729,2738,2782,1697,1686,1695,1550,1480,1487,1512,1611,1514,1437,1311,1249,1251,1270
4645,Ukraine,804,Uzbekistan,860,131997,190478,251285,229608,219081,219814,223491,56561,89941,124418,113846,108780,109298,111127,75436,100537,126867,115762,110301,110516,112364
4646,ChannelIslands,830,Melanesia,928,0,0,0,0,0,0,0,0,0,0,0,0,0,0,0,0,0,0,0,0,0
4647,ChannelIslands,830,Micronesia,954,0,0,0,0,0,0,0,0,0,0,0,0,0,0,0,0,0,0,0,0,0
4648,ChannelIslands,830,Polynesia,957,0,0,0,0,0,0,0,0,0,0,0,0,0,0,0,0,0,0,0,0,0
4649,ChannelIslands,830,France,250,840,824,875,1371,1866,1980,2021,396,388,412,652,891,948,968,444,436,463,719,975,1032,1053
4650,ChannelIslands,830,Ireland,372,1660,1629,1731,2731,3731,3958,4042,781,766,814,1295,1777,1890,1931,879,863,917,1436,1954,2068,2111
4651,ChannelIslands,830,Portugal,620,3380,3318,3525,8293,13060,13856,14154,1590,1561,1657,3942,6226,6623,6767,1790,1757,1868,4351,6834,7233,7387
4652,ChannelIslands,830,UnitedKingdom,826,54519,53511,56856,56412,55971,59380,60665,25643,25170,26733,26708,26678,28378,28992,28876,28341,30123,29704,29293,31002,31673
4653,Denmark,208,Melanesia,928,23,29,34,38,38,37,47,10,13,15,15,15,17,19,13,16,19,23,23,20,28
4654,Denmark,208,Micronesia,954,4,4,2,2,1,4,3,2,2,0,0,0,2,2,2,2,2,2,1,2,1
4655,Denmark,208,Polynesia,957,16,18,18,25,29,39,43,6,7,6,9,12,18,22,10,11,12,16,17,21,21
4656,Denmark,208,Afghanistan,4,354,1648,2941,6609,9817,12293,13715,212,903,1594,3562,5286,6817,7596,142,745,1347,3047,4531,5476,6119
4657,Denmark,208,Albania,8,5,45,84,173,249,347,568,3,19,35,77,113,162,274,2,26,49,96,136,185,294
4658,Denmark,208,Algeria,12,526,717,907,920,892,913,1004,395,506,617,601,560,551,594,131,211,290,319,332,362,410
4659,Denmark,208,Andorra,20,1,1,1,1,0,2,5,1,1,1,1,0,1,2,0,0,0,0,0,1,3
4660,Denmark,208,Angola,24,48,77,106,129,145,164,169,30,41,52,61,68,81,79,18,36,54,68,77,83,90
4661,Denmark,208,AntiguaandBarbuda,28,0,0,0,2,3,3,3,0,0,0,0,1,1,0,0,0,0,2,2,2,3
4662,Denmark,208,Argentina,32,833,899,965,1038,1063,1259,2361,411,435,460,502,522,639,1213,422,464,505,536,541,620,1148
4663,Denmark,208,Armenia,51,400,430,459,542,596,677,733,212,229,245,267,277,304,325,188,201,214,275,319,373,408
4664,Denmark,208,Aruba,533,5,3,0,3,0,0,0,4,2,0,2,0,0,0,1,1,0,1,0,0,0
4665,Denmark,208,Australia,36,981,1310,1638,2105,2460,2878,3707,458,651,844,1098,1295,1509,1991,523,659,794,1007,1165,1369,1716
4666,Denmark,208,Austria,40,1275,1400,1525,1644,1690,1815,1984,574,662,751,811,836,875,949,701,738,774,833,854,940,1035
4667,Denmark,208,Azerbaijan,31,84,90,95,187,264,314,394,27,29,30,77,117,133,169,57,61,65,110,147,181,225
4668,Denmark,208,Bahamas,44,5,7,9,12,13,17,20,1,1,2,4,5,6,7,4,6,7,8,8,11,13
4669,Denmark,208,Bahrain,48,67,81,95,88,77,95,109,35,41,47,44,39,50,58,32,40,48,44,38,45,51
4670,Denmark,208,Bangladesh,50,241,320,398,551,672,1320,1919,78,124,170,265,344,737,1074,163,196,228,286,328,583,845
4671,Denmark,208,Barbados,52,17,21,24,29,33,42,49,11,13,14,18,21,28,33,6,8,10,11,12,14,16
4672,Denmark,208,Belarus,112,125,135,144,395,615,696,820,33,36,39,134,217,221,250,92,99,105,261,398,475,570
4673,Denmark,208,Belgium,56,727,980,1233,1494,1679,1974,2426,333,478,623,761,862,1012,1286,394,502,610,733,817,962,1140
4674,Denmark,208,Belize,84,5,5,5,8,10,8,6,1,2,3,3,4,3,1,4,3,2,5,6,5,5
4675,Denmark,208,Benin,204,14,24,33,44,52,52,52,9,16,23,30,35,28,29,5,8,10,14,17,24,23
4676,Denmark,208,Bermuda,60,9,5,0,0,0,0,0,3,2,0,0,0,0,0,6,3,0,0,0,0,0
4677,Denmark,208,Bhutan,64,7,8,9,148,271,642,632,6,7,8,76,135,332,326,1,1,1,72,136,310,306
4678,Denmark,208,BoliviaPlurinationalStateof,68,60,105,149,292,416,456,475,32,52,72,143,206,225,223,28,53,77,149,210,231,252
4679,Denmark,208,BosniaandHerzegovina,70,16411,17628,18844,18774,17934,17162,17182,8344,8973,9602,9479,8979,8539,8528,8067,8655,9242,9295,8955,8623,8654
4680,Denmark,208,Botswana,72,34,48,61,66,68,63,67,15,21,27,28,28,24,23,19,27,34,38,40,39,44
4681,Denmark,208,Brazil,76,765,1154,1542,2269,2864,3352,4605,284,405,525,773,976,1121,1624,481,749,1017,1496,1888,2231,2981
4682,Denmark,208,BruneiDarussalam,96,4,4,4,4,4,7,8,2,2,2,1,2,4,5,2,2,2,3,2,3,3
4683,Denmark,208,Bulgaria,100,224,445,666,1752,2709,7183,10026,99,189,280,862,1379,4107,5747,125,256,386,890,1330,3076,4279
4684,Denmark,208,BurkinaFaso,854,2,12,21,39,54,106,131,1,8,14,21,28,59,74,1,4,7,18,26,47,57
4685,Denmark,208,Burundi,108,23,132,241,384,503,511,539,10,59,109,166,214,214,235,13,73,132,218,289,297,304
4686,Denmark,208,CaboVerde,132,5,12,18,22,23,31,35,4,7,9,10,10,16,16,1,5,9,12,13,15,19
4687,Denmark,208,Cambodia,116,50,90,129,162,186,234,288,27,44,60,71,78,98,122,23,46,69,91,108,136,166
4688,Denmark,208,Cameroon,120,31,84,137,347,530,717,846,18,52,87,214,325,438,473,13,32,50,133,205,279,373
4689,Denmark,208,Canada,124,2175,2519,2862,3191,3369,3607,4008,1043,1238,1432,1580,1655,1766,1958,1132,1281,1430,1611,1714,1841,2050
4690,Denmark,208,CentralAfricanRepublic,140,1,2,2,6,9,24,30,1,1,1,2,4,11,14,0,1,1,4,5,13,16
4691,Denmark,208,Chad,148,1,2,2,9,14,17,25,1,2,2,7,10,10,11,0,0,0,2,4,7,14
4692,Denmark,208,Chile,152,1070,1198,1326,1397,1405,1520,2078,538,600,662,689,686,742,1046,532,598,664,708,719,778,1032
4693,Denmark,208,China,156,1301,2441,3580,7194,10328,11988,14576,637,1070,1502,2801,3923,4440,5488,664,1371,2078,4393,6405,7548,9088
4694,Denmark,208,China,156,344,492,492,491,501,0,0,0,246,246,245,250,0,0,0,246,246,246,251,0,0
4695,Denmark,208,China,156,446,5,3,0,0,0,0,0,2,1,0,0,0,0,0,3,2,0,0,0,0
4696,Denmark,208,Colombia,170,807,1424,2040,2510,2852,3397,3660,421,764,1107,1330,1489,1767,1904,386,660,933,1180,1363,1630,1756
4697,Denmark,208,Comoros,174,18,17,16,17,17,14,13,13,12,11,9,7,5,4,5,5,5,8,10,9,9
4698,Denmark,208,Congo,178,31,58,84,376,637,594,419,14,29,44,183,310,283,198,17,29,40,193,327,311,221
4699,Denmark,208,CostaRica,188,42,68,93,119,138,164,196,32,46,60,73,81,96,106,10,22,33,46,57,68,90
4700,Denmark,208,CotedIvoire,384,70,191,311,364,399,447,485,52,134,215,220,216,231,236,18,57,96,144,183,216,249
4701,Denmark,208,Croatia,191,504,542,579,662,714,1098,2244,263,283,302,337,359,562,1199,241,259,277,325,355,536,1045
4702,Denmark,208,Cuba,192,34,102,170,301,411,489,568,20,46,72,131,181,213,251,14,56,98,170,230,276,317
4703,Denmark,208,Cyprus,196,111,131,151,155,151,207,280,45,54,64,66,66,96,130,66,77,87,89,85,111,150
4704,Denmark,208,Czechia,203,189,203,217,556,854,1288,1986,68,73,79,236,375,579,950,121,130,138,320,479,709,1036
4705,Denmark,208,DemPeoplesRepublicofKorea,408,163,211,258,305,336,375,406,63,87,110,134,152,173,183,100,124,148,171,184,202,223
4706,Denmark,208,DemocraticRepublicoftheCongo,180,70,120,169,394,590,1254,1732,43,71,98,207,302,633,861,27,49,71,187,288,621,871
4707,Denmark,208,Djibouti,262,14,15,16,19,21,20,18,8,7,7,7,8,8,7,6,8,9,12,13,12,11
4708,Denmark,208,Dominica,212,4,7,9,10,11,13,15,2,4,5,4,4,5,5,2,3,4,6,7,8,10
4709,Denmark,208,DominicanRepublic,214,35,56,77,103,123,158,208,12,18,24,31,38,55,79,23,38,53,72,85,103,129
4710,Denmark,208,Ecuador,218,159,269,379,460,518,592,650,67,122,178,210,233,257,290,92,147,201,250,285,335,360
4711,Denmark,208,Egypt,818,869,1076,1282,1408,1469,1731,1944,581,720,858,941,981,1160,1298,288,356,424,467,488,571,646
4712,Denmark,208,ElSalvador,222,25,38,50,62,71,82,104,11,16,21,26,30,34,44,14,22,29,36,41,48,60
4713,Denmark,208,EquatorialGuinea,226,0,0,0,0,1,6,8,0,0,0,0,1,3,2,0,0,0,0,0,3,6
4714,Denmark,208,Eritrea,232,73,79,84,152,210,3389,5599,32,35,37,70,99,2033,3445,41,44,47,82,111,1356,2154
4715,Denmark,208,Estonia,233,7,234,460,772,1035,1461,1485,4,73,141,228,301,466,454,3,161,319,544,734,995,1031
4716,Denmark,208,Eswatini,748,37,39,40,44,45,51,51,23,23,23,26,27,30,33,14,16,17,18,18,21,18
4717,Denmark,208,Ethiopia,231,559,820,1081,1378,1601,2091,2296,350,471,593,770,907,1198,1275,209,349,488,608,694,893,1021
4718,Denmark,208,FaroeIslands,234,6430,8533,10636,10844,10594,11472,11057,2448,3400,4352,4419,4305,4742,4555,3982,5133,6284,6425,6289,6730,6502
4719,Denmark,208,Fiji,242,13,17,21,23,24,23,32,4,5,6,6,7,8,11,9,12,15,17,17,15,21
4720,Denmark,208,Finland,246,3180,3503,3826,3784,3587,3677,4104,1101,1194,1287,1235,1135,1120,1278,2079,2309,2539,2549,2452,2557,2826
4721,Denmark,208,France,250,2451,3345,4238,5206,5908,6673,8182,1228,1803,2377,2906,3289,3649,4398,1223,1542,1861,2300,2619,3024,3784
4722,Denmark,208,FrenchGuiana,254,5,3,0,0,0,0,0,3,2,0,0,0,0,0,2,1,0,0,0,0,0
4723,Denmark,208,FrenchPolynesia,258,6,4,1,1,0,0,0,3,2,0,0,0,0,0,3,2,1,1,0,0,0
4724,Denmark,208,Gabon,266,5,5,5,6,6,7,10,3,3,3,3,2,2,4,2,2,2,3,4,5,6
4725,Denmark,208,Gambia,270,236,360,483,546,582,643,684,171,231,291,318,329,349,378,65,129,192,228,253,294,306
4726,Denmark,208,Georgia,268,72,78,83,143,194,208,251,35,38,41,64,84,85,98,37,40,42,79,110,123,153
4727,Denmark,208,Germany,276,22533,25297,28060,31594,33648,34299,37111,9734,11440,13145,15196,16532,16642,18037,12799,13857,14915,16398,17116,17657,19074
4728,Denmark,208,Ghana,288,391,678,965,1318,1597,1917,2263,275,429,584,760,894,1091,1291,116,249,381,558,703,826,972
4729,Denmark,208,Greece,300,738,916,1093,1268,1381,2540,3702,535,656,777,871,926,1593,2213,203,260,316,397,455,947,1489
4730,Denmark,208,Greenland,304,8672,10581,12489,13803,14482,15710,16794,3456,4249,5042,5690,6077,6700,7186,5216,6332,7447,8113,8405,9010,9608
4731,Denmark,208,Grenada,308,3,5,7,9,9,14,13,0,2,5,6,5,7,6,3,3,2,3,4,7,7
4732,Denmark,208,Guadeloupe,312,8,4,0,0,0,0,0,6,3,0,0,0,0,0,2,1,0,0,0,0,0
4733,Denmark,208,Guatemala,320,22,78,133,182,220,236,254,11,37,62,86,105,118,128,11,41,71,96,115,118,126
4734,Denmark,208,Guinea,324,21,38,54,73,87,124,122,16,22,28,39,47,77,71,5,16,26,34,40,47,51
4735,Denmark,208,GuineaBissau,624,9,20,31,39,45,76,111,9,17,26,31,36,54,78,0,3,5,8,9,22,33
4736,Denmark,208,Guyana,328,73,86,99,100,95,99,100,23,25,28,30,30,31,33,50,61,71,70,65,68,67
4737,Denmark,208,Haiti,332,50,90,130,140,143,144,162,28,54,81,86,86,85,93,22,36,49,54,57,59,69
4738,Denmark,208,Honduras,340,34,52,69,91,107,128,155,11,18,25,33,39,52,64,23,34,44,58,68,76,91
4739,Denmark,208,Hungary,348,1210,1426,1641,2189,2618,4550,5668,668,768,867,1105,1286,2242,2759,542,658,774,1084,1332,2308,2909
4740,Denmark,208,Iceland,352,2986,4471,5955,7339,8349,7620,8479,1366,2138,2909,3550,4015,3554,3928,1620,2333,3046,3789,4334,4066,4551
4741,Denmark,208,India,356,2604,3498,4391,6325,7901,10006,14638,1161,1501,1840,2973,3929,5063,7540,1443,1997,2551,3352,3972,4943,7098
4742,Denmark,208,Indonesia,360,422,528,633,866,1050,1135,1294,198,238,278,370,442,442,497,224,290,355,496,608,693,797
4743,Denmark,208,IranIslamicRepublicof,364,8022,9753,11483,11970,11938,14600,17125,5474,6222,6970,7089,6912,8402,9799,2548,3531,4513,4881,5026,6198,7326
4744,Denmark,208,Iraq,368,2418,7703,12988,17558,21174,20879,22040,1703,4646,7589,9909,11712,11430,12063,715,3057,5399,7649,9462,9449,9977
4745,Denmark,208,Ireland,372,895,1024,1153,1280,1348,1602,2209,509,608,708,783,824,960,1461,386,416,445,497,524,642,748
4746,Denmark,208,Israel,376,1048,1251,1454,1568,1610,1624,1753,709,818,928,994,1015,1019,1075,339,433,526,574,595,605,678
4747,Denmark,208,Italy,380,2203,2768,3333,4179,4810,7213,9887,1570,1942,2315,2829,3202,4684,6209,633,826,1018,1350,1608,2529,3678
4748,Denmark,208,Jamaica,388,74,103,132,144,148,164,168,32,50,68,70,69,76,76,42,53,64,74,79,88,92
4749,Denmark,208,Japan,392,935,1129,1323,1518,1638,1734,2149,353,401,450,500,528,572,723,582,728,873,1018,1110,1162,1426
4750,Denmark,208,Jordan,400,579,773,967,1050,1085,1204,1324,363,472,582,614,619,677,738,216,301,385,436,466,527,586
4751,Denmark,208,Kazakhstan,398,38,41,43,96,141,209,272,9,10,10,30,47,67,79,29,31,33,66,94,142,193
4752,Denmark,208,Kenya,404,609,803,996,1198,1338,1640,1900,289,372,454,527,574,676,753,320,431,542,671,764,964,1147
4753,Denmark,208,Kiribati,296,3,3,2,2,1,3,2,1,1,0,0,0,1,1,2,2,2,2,1,2,1
4754,Denmark,208,Kuwait,414,96,529,962,1155,1289,1334,1449,55,300,545,658,738,769,835,41,229,417,497,551,565,614
4755,Denmark,208,Kyrgyzstan,417,2,2,2,18,31,53,64,1,1,1,5,8,15,16,1,1,1,13,23,38,48
4756,Denmark,208,LaoPeoplesDemocraticRepublic,418,18,21,24,38,49,66,71,10,11,12,15,16,19,16,8,10,12,23,33,47,55
4757,Denmark,208,Latvia,428,15,341,667,1681,2574,4518,5301,6,133,260,686,1064,2006,2462,9,208,407,995,1510,2512,2839
4758,Denmark,208,Lebanon,422,7758,10077,12396,12509,12100,12321,13092,4631,5704,6777,6828,6599,6660,7051,3127,4373,5619,5681,5501,5661,6041
4759,Denmark,208,Lesotho,426,31,36,40,42,42,44,47,11,12,12,13,14,15,17,20,24,28,29,28,29,30
4760,Denmark,208,Liberia,430,50,78,106,130,146,158,163,20,39,58,63,65,69,72,30,39,48,67,81,89,91
4761,Denmark,208,Libya,434,71,121,170,194,208,248,309,46,77,108,123,132,153,185,25,44,62,71,76,95,124
4762,Denmark,208,Liechtenstein,438,10,11,11,16,20,19,24,5,5,5,6,7,6,9,5,6,6,10,13,13,15
4763,Denmark,208,Lithuania,440,13,479,944,3138,5092,9640,13429,5,183,361,1462,2450,4857,7037,8,296,583,1676,2642,4783,6392
4764,Denmark,208,Luxembourg,442,64,145,226,333,420,497,599,32,76,121,170,210,251,305,32,69,105,163,210,246,294
4765,Denmark,208,Madagascar,450,14,18,22,38,51,57,76,10,11,12,16,18,25,32,4,7,10,22,33,32,44
4766,Denmark,208,Malawi,454,38,43,47,64,76,82,89,19,19,19,30,38,40,43,19,24,28,34,38,42,46
4767,Denmark,208,Malaysia,458,298,351,404,553,670,821,902,135,155,176,236,283,342,349,163,196,228,317,387,479,553
4768,Denmark,208,Maldives,462,3,3,2,5,7,0,8,1,1,0,1,2,0,0,2,2,2,4,5,0,8
4769,Denmark,208,Mali,466,5,16,26,32,0,48,53,4,10,16,18,0,27,32,1,6,10,14,0,21,21
4770,Denmark,208,Malta,470,48,53,58,79,95,103,136,27,30,33,48,61,67,71,21,23,25,31,34,36,65
4771,Denmark,208,MarshallIslands,584,1,1,0,0,0,0,0,1,1,0,0,0,0,0,0,0,0,0,0,0,0
4772,Denmark,208,Martinique,474,8,4,0,0,0,0,0,4,2,0,0,0,0,0,4,2,0,0,0,0,0
4773,Denmark,208,Mauritania,478,4,15,26,28,29,26,30,2,8,14,13,13,13,14,2,7,12,15,16,13,16
4774,Denmark,208,Mauritius,480,83,97,110,128,139,142,157,41,48,55,60,63,66,70,42,49,55,68,76,76,87
4775,Denmark,208,Mexico,484,239,350,461,691,880,1182,1576,97,148,199,301,386,539,705,142,202,262,390,494,643,871
4776,Denmark,208,Monaco,492,5,6,7,11,14,17,20,3,4,5,6,8,11,11,2,2,2,5,6,6,9
4777,Denmark,208,Mongolia,496,2,10,17,41,62,63,66,1,4,6,10,14,14,15,1,6,11,31,48,49,51
4778,Denmark,208,Montenegro,499,1900,1933,1965,1018,77,228,313,997,1015,1032,533,37,106,148,903,918,933,485,40,122,165
4779,Denmark,208,Morocco,504,3004,3943,4881,5132,5157,5393,5885,1824,2274,2723,2776,2712,2739,2926,1180,1669,2158,2356,2445,2654,2959
4780,Denmark,208,Mozambique,508,65,94,122,155,179,217,240,38,43,48,58,66,81,90,27,51,74,97,113,136,150
4781,Denmark,208,Myanmar,104,43,54,64,657,1193,1722,1764,13,22,30,387,710,947,945,30,32,34,270,483,775,819
4782,Denmark,208,Namibia,516,10,24,37,48,56,73,90,3,8,12,19,24,27,30,7,16,25,29,32,46,60
4783,Denmark,208,Nauru,520,0,0,0,0,0,1,1,0,0,0,0,0,1,1,0,0,0,0,0,0,0
4784,Denmark,208,Nepal,524,37,78,118,816,1446,2644,4496,23,44,65,550,988,1503,2388,14,34,53,266,458,1141,2108
4785,Denmark,208,Netherlands,528,2389,3612,4835,5666,6222,6830,8085,1294,2033,2773,3253,3578,3899,4583,1095,1579,2062,2413,2644,2931,3502
4786,Denmark,208,NewZealand,554,309,427,545,645,714,819,971,155,245,335,392,432,496,569,154,182,210,253,282,323,402
4787,Denmark,208,Nicaragua,558,36,79,122,153,175,198,222,17,36,55,67,75,82,88,19,43,67,86,100,116,134
4788,Denmark,208,Niger,562,3,6,9,12,13,14,16,1,3,5,6,7,9,12,2,3,4,6,6,5,4
4789,Denmark,208,Nigeria,566,219,389,558,834,1062,1434,1637,119,232,345,505,638,848,963,100,157,213,329,424,586,674
4790,Denmark,208,NorthMacedonia,807,1151,1237,1322,1967,2497,3061,3740,586,631,675,1036,1336,1642,2034,565,606,647,931,1161,1419,1706
4791,Denmark,208,Norway,578,12613,14633,16652,17961,18462,19189,20581,4748,5610,6471,6972,7168,7414,8020,7865,9023,10181,10989,11294,11775,12561
4792,Denmark,208,Oman,512,1,7,13,16,17,33,33,0,2,4,6,7,18,16,1,5,9,10,10,15,17
4793,Denmark,208,Pakistan,586,6946,8498,10049,10743,10959,13144,14318,3949,4692,5435,5779,5873,7079,7503,2997,3806,4614,4964,5086,6065,6815
4794,Denmark,208,Panama,591,25,31,37,53,65,87,101,14,18,22,28,32,33,43,11,13,15,25,33,54,58
4795,Denmark,208,PapuaNewGuinea,598,4,6,7,8,8,6,9,2,4,5,5,4,3,5,2,2,2,3,4,3,4
4796,Denmark,208,Paraguay,600,28,41,54,60,63,80,95,13,19,25,27,27,36,37,15,22,29,33,36,44,58
4797,Denmark,208,Peru,604,245,396,547,766,941,1044,1223,103,163,223,280,323,355,423,142,233,324,486,618,689,800
4798,Denmark,208,Philippines,608,1972,2951,3929,6631,8921,10772,12121,540,759,978,1277,1512,1690,2017,1432,2192,2951,5354,7409,9082,10104
4799,Denmark,208,Poland,616,8085,9520,10954,18914,25693,34569,42528,3035,3413,3790,8602,12827,17764,22772,5050,6107,7164,10312,12866,16805,19756
4800,Denmark,208,Portugal,620,441,561,681,939,1144,1927,2900,228,295,362,516,640,1084,1643,213,266,319,423,504,843,1257
4801,Denmark,208,PuertoRico,630,5,3,0,0,0,0,0,2,1,0,0,0,0,0,3,2,0,0,0,0,0
4802,Denmark,208,Qatar,634,5,18,31,50,65,109,169,2,6,10,17,23,45,74,3,12,21,33,42,64,95
4803,Denmark,208,RepublicofKorea,410,6527,7400,8273,8490,8345,8548,8940,2049,2404,2760,2903,2923,3008,3143,4478,4996,5513,5587,5422,5540,5797
4804,Denmark,208,RepublicofMoldova,498,59,63,67,188,292,481,980,20,21,22,74,117,211,488,39,42,45,114,175,270,492
4805,Denmark,208,Reunion,638,5,3,0,0,0,0,0,3,2,0,0,0,0,0,2,1,0,0,0,0,0
4806,Denmark,208,Romania,642,877,1435,1993,4213,6146,18745,28985,428,623,819,2020,3079,10581,16641,449,812,1174,2193,3067,8164,12344
4807,Denmark,208,RussianFederation,643,1595,2544,3493,4212,4720,5872,6499,586,867,1149,1301,1394,1788,2001,1009,1677,2344,2911,3326,4084,4498
4808,Denmark,208,Rwanda,646,11,70,129,226,308,371,426,6,34,62,101,133,162,199,5,36,67,125,175,209,227
4809,Denmark,208,SaintKittsandNevis,659,0,0,0,0,0,2,2,0,0,0,0,0,1,2,0,0,0,0,0,1,0
4810,Denmark,208,SaintLucia,662,3,2,0,4,7,11,12,2,1,0,2,3,5,7,1,1,0,2,4,6,5
4811,Denmark,208,SaintVincentandtheGrenadines,670,8,8,8,8,4,4,4,7,7,7,7,3,2,2,1,1,1,1,1,2,2
4812,Denmark,208,Samoa,882,6,8,10,15,18,19,22,1,1,1,4,6,7,10,5,7,9,11,12,12,12
4813,Denmark,208,SanMarino,674,1,1,0,1,1,3,0,0,0,0,0,0,2,0,1,1,0,1,1,1,0
4814,Denmark,208,SaoTomeandPrincipe,678,0,0,0,0,0,0,2,0,0,0,0,0,0,0,0,0,0,0,0,0,2
4815,Denmark,208,SaudiArabia,682,48,120,191,219,237,306,448,25,62,98,113,124,164,233,23,58,93,106,113,142,215
4816,Denmark,208,Senegal,686,35,58,81,107,126,177,192,24,36,48,61,70,103,108,11,22,33,46,56,74,84
4817,Denmark,208,Serbia,688,5700,5796,5891,4771,2394,2637,3674,2993,3043,3092,2469,1139,1362,1883,2707,2753,2799,2302,1255,1275,1791
4818,Denmark,208,Seychelles,690,14,18,21,20,17,21,20,4,6,8,6,4,9,5,10,12,13,14,13,12,15
4819,Denmark,208,SierraLeone,694,72,164,255,292,314,327,341,51,94,136,151,159,159,167,21,70,119,141,155,168,174
4820,Denmark,208,Singapore,702,236,308,379,528,647,723,921,92,125,158,225,280,319,404,144,183,221,303,367,404,517
4821,Denmark,208,Slovakia,703,105,113,121,502,841,1789,2896,40,43,46,258,446,890,1498,65,70,75,244,395,899,1398
4822,Denmark,208,Slovenia,705,56,60,64,152,228,341,468,24,25,27,71,110,161,231,32,35,37,81,118,180,237
4823,Denmark,208,SolomonIslands,90,2,2,2,3,3,4,2,2,2,2,3,3,4,2,0,0,0,0,0,0,0
4824,Denmark,208,Somalia,706,584,6085,11586,10963,9919,11007,11361,386,3273,6160,5815,5252,5799,5905,198,2812,5426,5148,4667,5208,5456
4825,Denmark,208,SouthAfrica,710,604,794,984,1306,1556,1866,2332,300,398,496,676,818,996,1236,304,396,488,630,738,870,1096
4826,Denmark,208,SouthSudan,728,0,0,0,0,0,2,16,0,0,0,0,0,0,5,0,0,0,0,0,2,11
4827,Denmark,208,Spain,724,1525,2136,2747,3627,4313,6173,7934,821,1121,1421,1877,2235,3185,4142,704,1015,1326,1750,2078,2988,3792
4828,Denmark,208,SriLanka,144,5014,6510,8005,7994,7653,7767,8054,2923,3490,4057,3999,3782,3832,3959,2091,3020,3948,3995,3871,3935,4095
4829,Denmark,208,StateofPalestine,275,54,27,0,1127,0,0,0,44,22,0,545,0,0,0,10,5,0,582,0,0,0
4830,Denmark,208,Sudan,729,74,140,206,438,639,729,830,58,102,146,274,385,434,483,16,38,60,164,254,295,347
4831,Denmark,208,Suriname,740,20,23,26,28,28,31,32,12,13,15,15,15,18,17,8,10,11,13,13,13,15
4832,Denmark,208,Sweden,752,15641,17707,19772,20591,20519,21806,24246,6260,7301,8341,8701,8692,9414,10689,9381,10406,11431,11890,11827,12392,13557
4833,Denmark,208,Switzerland,756,1388,1655,1922,2208,2386,2613,2916,673,830,988,1140,1236,1342,1493,715,825,934,1068,1150,1271,1423
4834,Denmark,208,SyrianArabRepublic,760,538,921,1304,1706,2017,13813,36184,282,423,565,790,973,8683,20178,256,498,739,916,1044,5130,16006
4835,Denmark,208,Tajikistan,762,6,7,7,16,24,28,37,2,3,3,5,7,8,11,4,4,4,11,17,20,26
4836,Denmark,208,Thailand,764,1958,3777,5596,8144,10227,12322,14225,450,818,1186,1699,2122,2493,2868,1508,2959,4410,6445,8105,9829,11357
4837,Denmark,208,Togo,768,32,66,99,121,135,140,150,25,50,74,82,85,89,94,7,16,25,39,50,51,56
4838,Denmark,208,Tonga,776,4,6,7,9,11,18,19,2,4,5,5,6,11,12,2,2,2,4,5,7,7
4839,Denmark,208,TrinidadandTobago,780,100,126,151,157,154,161,176,49,58,66,69,67,67,77,51,68,85,88,87,94,99
4840,Denmark,208,Tunisia,788,410,567,723,802,842,880,975,334,432,529,564,573,584,652,76,135,194,238,269,296,323
4841,Denmark,208,Turkey,792,19476,24783,30089,31767,32051,31881,33385,10525,13189,15852,16655,16744,16572,17361,8951,11594,14237,15112,15307,15309,16024
4842,Denmark,208,Turkmenistan,795,4,4,4,10,15,18,19,1,1,2,2,2,3,2,3,3,2,8,13,15,17
4843,Denmark,208,Tuvalu,798,0,0,0,0,0,2,2,0,0,0,0,0,0,0,0,0,0,0,0,2,2
4844,Denmark,208,Uganda,800,269,605,941,1154,1307,1485,1713,118,238,359,440,499,568,677,151,367,582,714,808,917,1036
4845,Denmark,208,Ukraine,804,605,650,695,3585,6178,7464,11400,231,249,267,1948,3464,3660,5562,374,401,428,1637,2714,3804,5838
4846,Denmark,208,UnitedArabEmirates,784,56,124,192,257,308,399,647,38,72,106,136,160,208,355,18,52,86,121,148,191,292
4847,Denmark,208,UnitedKingdom,826,9126,11553,14074,15379,16085,17830,21428,5155,6807,8453,9399,9902,10925,13147,3971,4746,5621,5980,6183,6905,8281
4848,Denmark,208,UnitedRepublicofTanzania,834,439,616,792,898,961,1010,1078,221,286,350,384,400,418,446,218,330,442,514,561,592,632
4849,Denmark,208,UnitedStatesofAmerica,840,6411,7504,8596,9857,10647,11883,14528,3175,3834,4492,5125,5520,6102,7227,3236,3670,4104,4732,5127,5781,7301
4850,Denmark,208,Uruguay,858,164,184,204,212,211,231,231,83,94,106,109,109,115,115,81,90,98,103,102,116,116
4851,Denmark,208,Uzbekistan,860,37,40,42,147,240,297,314,12,13,13,65,113,139,139,25,27,29,82,127,158,175
4852,Denmark,208,Vanuatu,548,4,4,4,4,3,4,4,2,2,2,1,1,2,1,2,2,2,3,2,2,3
4853,Denmark,208,VenezuelaBolivarianRepublicof,862,188,289,389,496,576,703,911,92,128,164,208,241,290,374,96,161,225,288,335,413,537
4854,Denmark,208,VietNam,704,5087,6865,8651,9215,9448,9781,10384,2941,3658,4405,4503,4454,4424,4596,2146,3207,4246,4712,4994,5357,5788
4855,Denmark,208,Yemen,887,73,107,141,148,146,170,171,41,56,71,74,72,84,77,32,51,70,74,74,86,94
4856,Denmark,208,Zambia,894,175,259,342,439,513,594,675,76,107,137,168,192,214,236,99,152,205,271,321,380,439
4857,Denmark,208,Zimbabwe,716,149,209,268,309,334,396,445,79,103,127,144,155,180,213,70,106,141,165,179,216,232
4858,Estonia,233,Melanesia,928,0,0,0,0,1,3,1,0,0,0,0,1,3,1,0,0,0,0,0,0,0
4859,Estonia,233,Micronesia,954,0,0,0,0,1,1,0,0,0,0,0,1,1,0,0,0,0,0,0,0,0
4860,Estonia,233,Polynesia,957,0,0,0,0,1,1,0,0,0,0,0,1,1,0,0,0,0,0,0,0,0
4861,Estonia,233,Afghanistan,4,0,0,0,0,13,26,65,0,0,0,0,10,20,46,0,0,0,0,3,6,19
4862,Estonia,233,Albania,8,0,0,0,0,7,20,41,0,0,0,0,7,15,25,0,0,0,0,0,5,16
4863,Estonia,233,Algeria,12,0,0,0,0,14,24,32,0,0,0,0,11,20,26,0,0,0,0,3,4,6
4864,Estonia,233,Andorra,20,0,0,0,0,0,0,1,0,0,0,0,0,0,0,0,0,0,0,0,0,1
4865,Estonia,233,Angola,24,0,0,0,0,3,5,3,0,0,0,0,2,4,2,0,0,0,0,1,1,1
4866,Estonia,233,AntiguaandBarbuda,28,0,0,0,0,1,2,7,0,0,0,0,1,2,5,0,0,0,0,0,0,2
4867,Estonia,233,Argentina,32,0,0,0,0,14,27,54,0,0,0,0,11,18,38,0,0,0,0,3,9,16
4868,Estonia,233,Armenia,51,715,655,595,645,690,687,746,475,419,364,389,410,399,417,240,236,231,256,280,288,329
4869,Estonia,233,Australia,36,0,0,0,0,63,98,221,0,0,0,0,44,75,150,0,0,0,0,19,23,71
4870,Estonia,233,Austria,40,0,0,0,0,70,118,196,0,0,0,0,33,53,97,0,0,0,0,37,65,99
4871,Estonia,233,Azerbaijan,31,2211,1824,1437,1525,1600,1484,1625,1358,1106,855,901,937,856,954,853,718,582,624,663,628,671
4872,Estonia,233,Bahrain,48,0,0,0,0,1,2,0,0,0,0,0,0,0,0,0,0,0,0,1,2,0
4873,Estonia,233,Bangladesh,50,0,0,0,0,12,35,263,0,0,0,0,10,32,212,0,0,0,0,2,3,51
4874,Estonia,233,Barbados,52,0,0,0,0,1,1,1,0,0,0,0,1,1,1,0,0,0,0,0,0,0
4875,Estonia,233,Belarus,112,23870,19313,14756,13834,12796,11119,10521,11343,8802,6262,5724,5106,4309,4082,12527,10511,8494,8110,7690,6810,6439
4876,Estonia,233,Belgium,56,0,0,0,0,117,150,273,0,0,0,0,68,91,165,0,0,0,0,49,59,108
4877,Estonia,233,Belize,84,0,0,0,0,1,0,0,0,0,0,0,1,0,0,0,0,0,0,0,0,0
4878,Estonia,233,Benin,204,0,0,0,0,0,0,1,0,0,0,0,0,0,1,0,0,0,0,0,0,0
4879,Estonia,233,Bhutan,64,0,0,0,0,0,0,3,0,0,0,0,0,0,0,0,0,0,0,0,0,3
4880,Estonia,233,BoliviaPlurinationalStateof,68,0,0,0,0,1,2,5,0,0,0,0,0,1,4,0,0,0,0,1,1,1
4881,Estonia,233,BosniaandHerzegovina,70,0,0,0,0,2,5,2,0,0,0,0,1,2,2,0,0,0,0,1,3,0
4882,Estonia,233,Brazil,76,0,0,0,0,62,93,244,0,0,0,0,28,54,144,0,0,0,0,34,39,100
4883,Estonia,233,Bulgaria,100,0,0,0,0,78,268,336,0,0,0,0,50,213,269,0,0,0,0,28,55,67
4884,Estonia,233,CaboVerde,132,0,0,0,0,0,2,0,0,0,0,0,0,1,0,0,0,0,0,0,1,0
4885,Estonia,233,Cambodia,116,0,0,0,0,4,9,6,0,0,0,0,0,4,2,0,0,0,0,4,5,4
4886,Estonia,233,Cameroon,120,0,0,0,0,2,16,80,0,0,0,0,2,13,57,0,0,0,0,0,3,23
4887,Estonia,233,Canada,124,29,45,60,87,114,122,209,16,24,32,51,71,82,134,13,21,28,36,43,40,75
4888,Estonia,233,CentralAfricanRepublic,140,0,0,0,0,1,0,0,0,0,0,0,1,0,0,0,0,0,0,0,0,0
4889,Estonia,233,Chile,152,0,0,0,0,8,13,28,0,0,0,0,8,12,25,0,0,0,0,0,1,3
4890,Estonia,233,China,156,59,92,124,163,201,348,495,28,44,59,81,102,177,245,31,48,65,82,99,171,250
4891,Estonia,233,China,156,344,0,0,0,0,1,0,0,0,0,0,0,0,0,0,0,0,0,0,1,0
4892,Estonia,233,Colombia,170,0,0,0,0,13,27,57,0,0,0,0,6,21,30,0,0,0,0,7,6,27
4893,Estonia,233,Congo,178,0,0,0,0,4,4,5,0,0,0,0,3,3,4,0,0,0,0,1,1,1
4894,Estonia,233,CostaRica,188,0,0,0,0,2,3,12,0,0,0,0,2,3,8,0,0,0,0,0,0,4
4895,Estonia,233,CotedIvoire,384,0,0,0,0,1,5,6,0,0,0,0,1,5,6,0,0,0,0,0,0,0
4896,Estonia,233,Croatia,191,0,0,0,0,13,28,47,0,0,0,0,9,13,24,0,0,0,0,4,15,23
4897,Estonia,233,Cuba,192,0,0,0,0,19,16,32,0,0,0,0,10,8,20,0,0,0,0,9,8,12
4898,Estonia,233,Cyprus,196,0,0,0,0,13,20,47,0,0,0,0,6,13,33,0,0,0,0,7,7,14
4899,Estonia,233,Czechia,203,0,0,0,0,67,190,302,0,0,0,0,40,81,140,0,0,0,0,27,109,162
4900,Estonia,233,DemPeoplesRepublicofKorea,408,0,0,0,0,6,4,3,0,0,0,0,5,3,3,0,0,0,0,1,1,0
4901,Estonia,233,DemocraticRepublicoftheCongo,180,0,0,0,0,2,3,12,0,0,0,0,2,3,9,0,0,0,0,0,0,3
4902,Estonia,233,Denmark,208,25,39,52,94,135,168,225,17,26,35,67,98,137,165,8,13,17,27,37,31,60
4903,Estonia,233,DominicanRepublic,214,0,0,0,0,1,3,5,0,0,0,0,1,3,5,0,0,0,0,0,0,0
4904,Estonia,233,Ecuador,218,0,0,0,0,7,11,24,0,0,0,0,5,7,20,0,0,0,0,2,4,4
4905,Estonia,233,Egypt,818,0,0,0,0,41,68,161,0,0,0,0,37,61,138,0,0,0,0,4,7,23
4906,Estonia,233,ElSalvador,222,0,0,0,0,2,1,4,0,0,0,0,2,1,3,0,0,0,0,0,0,1
4907,Estonia,233,Ethiopia,231,0,0,0,0,4,7,14,0,0,0,0,4,7,11,0,0,0,0,0,0,3
4908,Estonia,233,FalklandIslandsMalvinas,238,0,0,0,0,0,1,0,0,0,0,0,0,0,0,0,0,0,0,0,1,0
4909,Estonia,233,FaroeIslands,234,0,0,0,0,1,1,0,0,0,0,0,0,0,0,0,0,0,0,1,1,0
4910,Estonia,233,Fiji,242,0,0,0,0,0,1,0,0,0,0,0,0,1,0,0,0,0,0,0,0,0
4911,Estonia,233,Finland,246,651,1010,1369,1891,2398,3870,5928,347,542,737,1082,1415,2425,3649,304,468,632,809,983,1445,2279
4912,Estonia,233,France,250,42,65,88,151,212,536,960,19,29,40,87,132,322,574,23,36,48,64,80,214,386
4913,Estonia,233,Gambia,270,0,0,0,0,0,2,2,0,0,0,0,0,2,2,0,0,0,0,0,0,0
4914,Estonia,233,Georgia,268,2196,1884,1572,1592,1599,1642,1771,1132,964,796,794,782,828,897,1064,920,776,798,817,814,874
4915,Estonia,233,Germany,276,461,716,970,1174,1369,1823,2507,230,360,489,618,740,970,1305,231,356,481,556,629,853,1202
4916,Estonia,233,Ghana,288,0,0,0,0,6,12,59,0,0,0,0,4,8,48,0,0,0,0,2,4,11
4917,Estonia,233,Gibraltar,292,0,0,0,0,1,1,0,0,0,0,0,0,0,0,0,0,0,0,1,1,0
4918,Estonia,233,Greece,300,0,0,0,0,25,77,171,0,0,0,0,13,50,105,0,0,0,0,12,27,66
4919,Estonia,233,Guatemala,320,0,0,0,0,7,10,10,0,0,0,0,4,6,9,0,0,0,0,3,4,1
4920,Estonia,233,Guinea,324,0,0,0,0,0,1,1,0,0,0,0,0,1,1,0,0,0,0,0,0,0
4921,Estonia,233,Guyana,328,0,0,0,0,2,2,2,0,0,0,0,0,0,0,0,0,0,0,2,2,2
4922,Estonia,233,HolySee,336,0,0,0,0,1,1,0,0,0,0,0,0,0,0,0,0,0,0,1,1,0
4923,Estonia,233,Honduras,340,0,0,0,0,1,2,12,0,0,0,0,1,2,7,0,0,0,0,0,0,5
4924,Estonia,233,Hungary,348,36,56,76,88,99,201,246,18,28,39,42,44,96,124,18,28,37,46,55,105,122
4925,Estonia,233,Iceland,352,0,0,0,0,22,22,42,0,0,0,0,13,19,33,0,0,0,0,9,3,9
4926,Estonia,233,India,356,25,39,53,82,111,318,712,16,25,35,61,88,252,550,9,14,18,21,23,66,162
4927,Estonia,233,Indonesia,360,0,0,0,0,6,12,40,0,0,0,0,5,7,16,0,0,0,0,1,5,24
4928,Estonia,233,IranIslamicRepublicof,364,0,0,0,0,28,75,216,0,0,0,0,23,56,141,0,0,0,0,5,19,75
4929,Estonia,233,Iraq,368,0,0,0,0,10,12,63,0,0,0,0,8,10,41,0,0,0,0,2,2,22
4930,Estonia,233,Ireland,372,0,0,0,0,146,87,330,0,0,0,0,85,59,183,0,0,0,0,61,28,147
4931,Estonia,233,Israel,376,0,0,0,0,49,65,102,0,0,0,0,34,35,58,0,0,0,0,15,30,44
4932,Estonia,233,Italy,380,0,0,0,0,295,626,1251,0,0,0,0,214,436,792,0,0,0,0,81,190,459
4933,Estonia,233,Jamaica,388,0,0,0,0,2,2,3,0,0,0,0,1,1,3,0,0,0,0,1,1,0
4934,Estonia,233,Japan,392,0,0,0,0,55,85,160,0,0,0,0,28,48,81,0,0,0,0,27,37,79
4935,Estonia,233,Jordan,400,0,0,0,0,4,10,28,0,0,0,0,3,9,20,0,0,0,0,1,1,8
4936,Estonia,233,Kazakhstan,398,7616,5712,3808,3968,4095,3752,3754,3775,2714,1653,1741,1806,1621,1629,3841,2998,2155,2227,2289,2131,2125
4937,Estonia,233,Kenya,404,0,0,0,0,2,7,22,0,0,0,0,2,5,12,0,0,0,0,0,2,10
4938,Estonia,233,Kiribati,296,0,0,0,0,1,1,0,0,0,0,0,1,1,0,0,0,0,0,0,0,0
4939,Estonia,233,Kuwait,414,0,0,0,0,6,9,12,0,0,0,0,6,7,11,0,0,0,0,0,2,1
4940,Estonia,233,Kyrgyzstan,417,1120,843,565,581,593,537,545,575,412,248,257,263,232,236,545,431,317,324,330,305,309
4941,Estonia,233,Latvia,428,6102,5196,4289,4292,4259,4703,6029,2819,2318,1816,1808,1775,2131,3112,3283,2878,2473,2484,2484,2572,2917
4942,Estonia,233,Lebanon,422,0,0,0,0,10,18,41,0,0,0,0,10,16,35,0,0,0,0,0,2,6
4943,Estonia,233,Libya,434,0,0,0,0,4,5,9,0,0,0,0,2,3,6,0,0,0,0,2,2,3
4944,Estonia,233,Liechtenstein,438,0,0,0,0,1,1,0,0,0,0,0,1,1,0,0,0,0,0,0,0,0
4945,Estonia,233,Lithuania,440,3195,2639,2083,2052,2004,2028,2169,1625,1259,894,869,833,853,971,1570,1380,1189,1183,1171,1175,1198
4946,Estonia,233,Luxembourg,442,0,0,0,0,14,11,28,0,0,0,0,7,5,21,0,0,0,0,7,6,7
4947,Estonia,233,Madagascar,450,0,0,0,0,1,1,1,0,0,0,0,0,0,1,0,0,0,0,1,1,0
4948,Estonia,233,Malawi,454,0,0,0,0,0,1,0,0,0,0,0,0,1,0,0,0,0,0,0,0,0
4949,Estonia,233,Malaysia,458,0,0,0,0,2,8,17,0,0,0,0,2,6,12,0,0,0,0,0,2,5
4950,Estonia,233,Malta,470,0,0,0,0,0,4,14,0,0,0,0,0,3,8,0,0,0,0,0,1,6
4951,Estonia,233,Mauritania,478,0,0,0,0,2,2,1,0,0,0,0,0,0,0,0,0,0,0,2,2,1
4952,Estonia,233,Mauritius,480,0,0,0,0,2,4,10,0,0,0,0,1,1,6,0,0,0,0,1,3,4
4953,Estonia,233,Mexico,484,0,0,0,0,28,65,132,0,0,0,0,18,38,81,0,0,0,0,10,27,51
4954,Estonia,233,Monaco,492,0,0,0,0,1,0,0,0,0,0,0,0,0,0,0,0,0,0,1,0,0
4955,Estonia,233,Mongolia,496,28,43,58,56,53,50,46,10,15,21,23,24,20,18,18,28,37,33,29,30,28
4956,Estonia,233,Montenegro,499,0,0,0,0,0,0,8,0,0,0,0,0,0,7,0,0,0,0,0,0,1
4957,Estonia,233,Morocco,504,0,0,0,0,15,25,37,0,0,0,0,12,21,32,0,0,0,0,3,4,5
4958,Estonia,233,Mozambique,508,0,0,0,0,2,2,2,0,0,0,0,2,1,2,0,0,0,0,0,1,0
4959,Estonia,233,Myanmar,104,0,0,0,0,0,2,1,0,0,0,0,0,2,1,0,0,0,0,0,0,0
4960,Estonia,233,Namibia,516,0,0,0,0,1,1,4,0,0,0,0,1,1,1,0,0,0,0,0,0,3
4961,Estonia,233,Nepal,524,0,0,0,0,20,41,145,0,0,0,0,19,39,112,0,0,0,0,1,2,33
4962,Estonia,233,Netherlands,528,0,0,0,0,129,201,342,0,0,0,0,97,149,256,0,0,0,0,32,52,86
4963,Estonia,233,NewZealand,554,0,0,0,0,11,16,29,0,0,0,0,9,13,21,0,0,0,0,2,3,8
4964,Estonia,233,Nicaragua,558,0,0,0,0,1,2,3,0,0,0,0,1,1,1,0,0,0,0,0,1,2
4965,Estonia,233,Nigeria,566,0,0,0,0,14,118,600,0,0,0,0,10,99,449,0,0,0,0,4,19,151
4966,Estonia,233,NorthMacedonia,807,0,0,0,0,4,9,19,0,0,0,0,2,7,13,0,0,0,0,2,2,6
4967,Estonia,233,Norway,578,0,0,0,0,150,203,458,0,0,0,0,102,140,302,0,0,0,0,48,63,156
4968,Estonia,233,Oman,512,0,0,0,0,0,0,3,0,0,0,0,0,0,2,0,0,0,0,0,0,1
4969,Estonia,233,Pakistan,586,0,0,0,0,32,72,261,0,0,0,0,27,63,195,0,0,0,0,5,9,66
4970,Estonia,233,Panama,591,0,0,0,0,0,1,7,0,0,0,0,0,0,6,0,0,0,0,0,1,1
4971,Estonia,233,PapuaNewGuinea,598,0,0,0,0,1,2,1,0,0,0,0,1,2,1,0,0,0,0,0,0,0
4972,Estonia,233,Paraguay,600,0,0,0,0,0,1,0,0,0,0,0,0,0,0,0,0,0,0,0,1,0
4973,Estonia,233,Peru,604,0,0,0,0,15,20,39,0,0,0,0,8,12,27,0,0,0,0,7,8,12
4974,Estonia,233,Philippines,608,0,0,0,0,17,56,106,0,0,0,0,4,17,31,0,0,0,0,13,39,75
4975,Estonia,233,Poland,616,236,366,496,550,599,790,744,92,144,196,240,281,416,386,144,222,300,310,318,374,358
4976,Estonia,233,Portugal,620,0,0,0,0,43,138,236,0,0,0,0,29,101,134,0,0,0,0,14,37,102
4977,Estonia,233,Qatar,634,0,0,0,0,1,1,4,0,0,0,0,1,1,4,0,0,0,0,0,0,0
4978,Estonia,233,RepublicofKorea,410,0,0,0,0,19,69,99,0,0,0,0,7,21,33,0,0,0,0,12,48,66
4979,Estonia,233,RepublicofMoldova,498,1543,1207,870,881,884,905,1125,940,709,478,480,475,489,680,603,498,392,401,409,416,445
4980,Estonia,233,Reunion,638,0,0,0,0,1,0,0,0,0,0,0,1,0,0,0,0,0,0,0,0,0
4981,Estonia,233,Romania,642,0,0,0,0,64,369,306,0,0,0,0,40,314,241,0,0,0,0,24,55,65
4982,Estonia,233,RussianFederation,643,283457,236214,188970,172571,154721,129187,119097,120984,96687,72390,65471,57566,47405,44348,162473,139527,116580,107100,97155,81782,74749
4983,Estonia,233,Rwanda,646,0,0,0,0,1,1,4,0,0,0,0,0,1,3,0,0,0,0,1,0,1
4984,Estonia,233,SaintKittsandNevis,659,0,0,0,0,1,1,0,0,0,0,0,0,0,0,0,0,0,0,1,1,0
4985,Estonia,233,SaudiArabia,682,0,0,0,0,1,5,18,0,0,0,0,0,4,13,0,0,0,0,1,1,5
4986,Estonia,233,Senegal,686,0,0,0,0,2,2,3,0,0,0,0,1,1,3,0,0,0,0,1,1,0
4987,Estonia,233,Serbia,688,0,0,0,0,13,22,52,0,0,0,0,9,16,29,0,0,0,0,4,6,23
4988,Estonia,233,SierraLeone,694,0,0,0,0,0,1,8,0,0,0,0,0,1,8,0,0,0,0,0,0,0
4989,Estonia,233,Singapore,702,0,0,0,0,3,9,18,0,0,0,0,2,3,8,0,0,0,0,1,6,10
4990,Estonia,233,Slovakia,703,0,0,0,0,15,121,177,0,0,0,0,4,54,96,0,0,0,0,11,67,81
4991,Estonia,233,Slovenia,705,0,0,0,0,8,31,40,0,0,0,0,6,17,17,0,0,0,0,2,14,23
4992,Estonia,233,Somalia,706,0,0,0,0,2,2,3,0,0,0,0,0,2,3,0,0,0,0,2,0,0
4993,Estonia,233,SouthAfrica,710,0,0,0,0,23,31,59,0,0,0,0,14,21,41,0,0,0,0,9,10,18
4994,Estonia,233,Spain,724,0,0,0,0,164,393,730,0,0,0,0,104,231,408,0,0,0,0,60,162,322
4995,Estonia,233,SriLanka,144,0,0,0,0,9,21,62,0,0,0,0,7,18,47,0,0,0,0,2,3,15
4996,Estonia,233,StateofPalestine,275,0,0,0,0,1,7,11,0,0,0,0,1,7,11,0,0,0,0,0,0,0
4997,Estonia,233,Sudan,729,0,0,0,0,4,12,26,0,0,0,0,3,11,25,0,0,0,0,1,1,1
4998,Estonia,233,Suriname,740,0,0,0,0,1,2,2,0,0,0,0,1,1,2,0,0,0,0,0,1,0
4999,Estonia,233,Sweden,752,90,139,188,321,451,539,952,51,79,108,208,305,407,720,39,60,80,113,146,132,232
5000,Estonia,233,Switzerland,756,0,0,0,0,42,58,136,0,0,0,0,33,49,90,0,0,0,0,9,9,46
5001,Estonia,233,SyrianArabRepublic,760,0,0,0,0,6,10,174,0,0,0,0,6,9,99,0,0,0,0,0,1,75
5002,Estonia,233,Tajikistan,762,853,604,355,381,403,362,373,431,299,168,185,199,175,182,422,305,187,196,204,187,191
5003,Estonia,233,Thailand,764,0,0,0,0,15,44,109,0,0,0,0,1,3,27,0,0,0,0,14,41,82
5004,Estonia,233,Togo,768,0,0,0,0,0,0,2,0,0,0,0,0,0,2,0,0,0,0,0,0,0
5005,Estonia,233,Tonga,776,0,0,0,0,1,1,0,0,0,0,0,1,1,0,0,0,0,0,0,0,0
5006,Estonia,233,TrinidadandTobago,780,0,0,0,0,2,3,2,0,0,0,0,0,0,0,0,0,0,0,2,3,2
5007,Estonia,233,Tunisia,788,0,0,0,0,7,15,26,0,0,0,0,6,13,24,0,0,0,0,1,2,2
5008,Estonia,233,Turkey,792,0,0,0,0,87,205,468,0,0,0,0,75,169,371,0,0,0,0,12,36,97
5009,Estonia,233,Turkmenistan,795,996,684,371,366,358,345,332,477,315,152,143,132,125,117,519,369,219,223,226,220,215
5010,Estonia,233,Uganda,800,0,0,0,0,2,6,9,0,0,0,0,2,3,8,0,0,0,0,0,3,1
5011,Estonia,233,Ukraine,804,43063,33755,24457,24004,23350,21770,24170,23002,17538,12068,11681,11147,10513,12374,20061,16217,12389,12323,12203,11257,11796
5012,Estonia,233,UnitedArabEmirates,784,0,0,0,0,7,7,32,0,0,0,0,5,7,24,0,0,0,0,2,0,8
5013,Estonia,233,UnitedKingdom,826,31,48,64,295,524,654,1297,20,30,40,203,365,472,883,11,18,24,92,159,182,414
5014,Estonia,233,UnitedRepublicofTanzania,834,0,0,0,0,4,4,5,0,0,0,0,3,3,4,0,0,0,0,1,1,1
5015,Estonia,233,UnitedStatesofAmerica,840,91,141,191,409,624,642,1181,45,70,95,241,384,413,725,46,71,96,168,240,229,456
5016,Estonia,233,Uruguay,858,0,0,0,0,4,5,6,0,0,0,0,2,3,5,0,0,0,0,2,2,1
5017,Estonia,233,Uzbekistan,860,2614,1848,1082,1133,1174,1091,1096,1502,1000,499,520,534,499,495,1112,848,583,613,640,592,601
5018,Estonia,233,VenezuelaBolivarianRepublicof,862,0,0,0,0,8,11,46,0,0,0,0,5,9,32,0,0,0,0,3,2,14
5019,Estonia,233,VietNam,704,0,0,0,0,11,32,53,0,0,0,0,8,22,24,0,0,0,0,3,10,29
5020,Estonia,233,Yemen,887,0,0,0,0,1,5,19,0,0,0,0,1,3,12,0,0,0,0,0,2,7
5021,Estonia,233,Zambia,894,0,0,0,0,1,2,3,0,0,0,0,1,2,3,0,0,0,0,0,0,0
5022,Estonia,233,Zimbabwe,716,0,0,0,0,6,4,10,0,0,0,0,6,2,9,0,0,0,0,0,2,1
5023,FaroeIslands,234,Melanesia,928,0,0,0,0,0,0,0,0,0,0,0,0,0,0,0,0,0,0,0,0,0
5024,FaroeIslands,234,Micronesia,954,0,0,0,0,0,0,0,0,0,0,0,0,0,0,0,0,0,0,0,0,0
5025,FaroeIslands,234,Polynesia,957,0,0,0,0,0,0,0,0,0,0,0,0,0,0,0,0,0,0,0,0,0
5026,FaroeIslands,234,Brazil,76,6,6,6,18,18,11,31,4,4,3,14,9,4,11,2,2,3,4,9,7,20
5027,FaroeIslands,234,Bulgaria,100,0,1,3,10,12,13,61,0,1,2,6,9,10,57,0,0,1,4,3,3,4
5028,FaroeIslands,234,Canada,124,3,6,5,8,14,13,15,2,4,4,4,7,6,6,1,2,1,4,7,7,9
5029,FaroeIslands,234,China,156,1,0,1,7,18,30,35,1,0,1,1,4,8,12,0,0,0,6,14,22,23
5030,FaroeIslands,234,Colombia,170,22,39,43,43,36,30,36,12,23,25,24,22,15,16,10,16,18,19,14,15,20
5031,FaroeIslands,234,Croatia,191,1,1,0,25,25,22,24,1,1,0,14,14,13,14,0,0,0,11,11,9,10
5032,FaroeIslands,234,Denmark,208,3173,2071,2528,3137,3341,3547,4150,1852,1170,1384,1728,1824,1903,2215,1321,901,1144,1409,1517,1644,1935
5033,FaroeIslands,234,Ethiopia,231,0,0,1,5,27,36,39,0,0,1,4,18,24,26,0,0,0,1,9,12,13
5034,FaroeIslands,234,Germany,276,27,17,16,20,20,22,29,13,8,9,12,10,13,14,14,9,7,8,10,9,15
5035,FaroeIslands,234,Ghana,288,1,1,0,5,16,18,23,1,1,0,1,4,6,11,0,0,0,4,12,12,12
5036,FaroeIslands,234,Greenland,304,137,92,102,134,143,150,174,55,36,44,53,52,54,59,82,56,58,81,91,96,115
5037,FaroeIslands,234,Iceland,352,267,183,218,241,278,242,256,150,98,126,137,167,132,141,117,85,92,104,111,110,115
5038,FaroeIslands,234,India,356,14,24,38,56,58,63,72,6,9,15,20,20,24,32,8,15,23,36,38,39,40
5039,FaroeIslands,234,Indonesia,360,1,1,0,3,6,10,11,0,0,0,0,1,1,1,1,1,0,3,5,9,10
5040,FaroeIslands,234,Kenya,404,2,2,2,2,5,15,22,2,2,2,2,3,7,8,0,0,0,0,2,8,14
5041,FaroeIslands,234,RepublicofKorea,410,63,53,37,42,47,53,59,25,21,14,21,25,28,31,38,32,23,21,22,25,28
5042,FaroeIslands,234,Lithuania,440,0,0,0,11,14,13,30,0,0,0,3,6,4,24,0,0,0,8,8,9,6
5043,FaroeIslands,234,Norway,578,151,98,129,153,172,178,200,83,47,62,79,87,88,100,68,51,67,74,85,90,100
5044,FaroeIslands,234,Peru,604,0,0,1,2,5,15,19,0,0,0,0,2,5,7,0,0,1,2,3,10,12
5045,FaroeIslands,234,Philippines,608,14,15,20,33,61,130,213,4,6,7,10,16,25,36,10,9,13,23,45,105,177
5046,FaroeIslands,234,Poland,616,23,20,49,69,75,72,129,9,12,29,50,52,52,103,14,8,20,19,23,20,26
5047,FaroeIslands,234,Romania,642,1,1,11,48,81,62,228,1,1,7,25,43,32,178,0,0,4,23,38,30,50
5048,FaroeIslands,234,RussianFederation,643,2,1,9,30,39,30,32,0,0,3,11,14,8,8,2,1,6,19,25,22,24
5049,FaroeIslands,234,Serbia,688,0,0,13,35,35,51,59,0,0,8,20,26,27,33,0,0,5,15,9,24,26
5050,FaroeIslands,234,SouthAfrica,710,1,2,1,6,14,20,22,1,0,0,1,8,11,14,0,2,1,5,6,9,8
5051,FaroeIslands,234,Sweden,752,56,39,59,58,68,76,83,33,23,33,33,41,45,51,23,16,26,25,27,31,32
5052,FaroeIslands,234,Thailand,764,5,10,17,47,72,112,138,3,1,2,6,12,18,24,2,9,15,41,60,94,114
5053,FaroeIslands,234,Tunisia,788,9,2,3,7,6,11,17,8,2,3,6,4,8,13,1,0,0,1,2,3,4
5054,FaroeIslands,234,UnitedKingdom,826,139,92,88,86,92,100,123,76,41,40,37,42,48,66,63,51,48,49,50,52,57
5055,FaroeIslands,234,UnitedStatesofAmerica,840,21,22,26,31,39,41,45,16,13,16,18,21,19,21,5,9,10,13,18,22,24
5056,Finland,246,Melanesia,928,6,8,9,16,19,25,22,2,4,6,9,11,15,12,4,4,3,7,8,10,10
5057,Finland,246,Micronesia,954,0,0,0,0,1,0,0,0,0,0,0,1,0,0,0,0,0,0,0,0,0
5058,Finland,246,Polynesia,957,1,2,1,4,6,8,2,0,1,1,2,3,5,0,1,1,0,2,3,3,2
5059,Finland,246,Afghanistan,4,4,144,284,1604,2342,4623,7019,4,72,141,891,1281,2521,4317,0,72,143,713,1061,2102,2702
5060,Finland,246,Albania,8,0,17,34,114,174,336,706,0,11,22,94,148,250,485,0,6,12,20,26,86,221
5061,Finland,246,Algeria,12,233,305,377,539,635,781,1014,216,271,327,441,510,615,774,17,34,50,98,125,166,240
5062,Finland,246,Andorra,20,1,1,1,2,2,1,2,1,1,1,2,2,1,2,0,0,0,0,0,0,0
5063,Finland,246,Angola,24,4,49,94,227,328,412,441,2,31,60,142,205,245,262,2,18,34,85,123,167,179
5064,Finland,246,AntiguaandBarbuda,28,0,0,0,0,1,1,1,0,0,0,0,0,0,0,0,0,0,0,1,1,1
5065,Finland,246,Argentina,32,107,120,132,217,267,369,460,58,68,77,128,160,220,281,49,52,55,89,107,149,179
5066,Finland,246,Armenia,51,0,10,19,47,69,89,115,0,5,9,18,27,38,52,0,5,10,29,42,51,63
5067,Finland,246,Aruba,533,0,0,0,0,0,3,0,0,0,0,0,0,2,0,0,0,0,0,0,1,0
5068,Finland,246,Australia,36,452,502,552,774,916,1035,1245,233,272,311,455,544,636,787,219,230,241,319,372,399,458
5069,Finland,246,Austria,40,253,258,262,397,496,567,660,148,151,154,223,274,307,363,105,107,108,174,222,260,297
5070,Finland,246,Azerbaijan,31,0,4,8,48,79,119,178,0,1,3,19,32,52,86,0,3,5,29,47,67,92
5071,Finland,246,Bahamas,44,1,2,3,6,9,8,6,0,0,1,3,4,5,4,1,2,2,3,5,3,2
5072,Finland,246,Bahrain,48,2,3,3,10,14,20,20,1,1,1,7,10,16,13,1,2,2,3,4,4,7
5073,Finland,246,Bangladesh,50,115,231,347,875,1197,1885,2983,93,167,242,631,866,1278,1956,22,64,105,244,331,607,1027
5074,Finland,246,Barbados,52,4,6,7,10,11,10,12,4,5,5,8,9,9,9,0,1,2,2,2,1,3
5075,Finland,246,Belarus,112,0,16,32,131,216,314,443,0,6,13,56,92,119,167,0,10,19,75,124,195,276
5076,Finland,246,Belgium,56,114,144,173,321,419,567,690,61,82,102,206,276,371,448,53,62,71,115,143,196,242
5077,Finland,246,Belize,84,0,1,2,2,2,1,0,0,0,1,1,1,1,0,0,1,1,1,1,0,0
5078,Finland,246,Benin,204,1,1,1,4,4,18,19,1,1,1,3,2,14,13,0,0,0,1,2,4,6
5079,Finland,246,Bermuda,60,0,0,0,0,0,4,0,0,0,0,0,0,4,0,0,0,0,0,0,0,0
5080,Finland,246,Bhutan,64,0,0,0,2,3,3,2,0,0,0,1,2,1,0,0,0,0,1,1,2,2
5081,Finland,246,BoliviaPlurinationalStateof,68,24,34,44,89,124,138,166,15,19,23,43,58,63,73,9,15,21,46,66,75,93
5082,Finland,246,BosniaandHerzegovina,70,0,100,200,404,557,652,811,0,53,106,214,290,334,440,0,47,94,190,267,318,371
5083,Finland,246,Botswana,72,1,2,3,8,11,15,19,1,1,1,5,7,9,11,0,1,2,3,4,6,8
5084,Finland,246,Brazil,76,162,203,243,631,904,1221,1889,70,88,105,270,382,496,814,92,115,138,361,522,725,1075
5085,Finland,246,BruneiDarussalam,96,0,0,0,0,0,2,4,0,0,0,0,0,2,1,0,0,0,0,0,0,3
5086,Finland,246,Bulgaria,100,274,348,421,788,999,1863,2566,160,205,249,440,539,1000,1415,114,143,172,348,460,863,1151
5087,Finland,246,BurkinaFaso,854,0,1,1,4,5,15,29,0,0,0,3,4,13,23,0,1,1,1,1,2,6
5088,Finland,246,Burundi,108,3,4,5,24,39,51,76,3,3,3,14,23,27,41,0,1,2,10,16,24,35
5089,Finland,246,CaboVerde,132,2,3,4,6,8,11,13,2,2,2,4,6,8,9,0,1,2,2,2,3,4
5090,Finland,246,Cambodia,116,62,73,83,157,214,256,320,31,34,37,67,92,105,122,31,39,46,90,122,151,198
5091,Finland,246,Cameroon,120,6,15,24,284,474,759,1094,2,9,16,185,322,477,676,4,6,8,99,152,282,418
5092,Finland,246,Canada,124,960,977,993,1249,1445,1481,1655,449,485,521,670,783,797,903,511,492,472,579,662,684,752
5093,Finland,246,CentralAfricanRepublic,140,0,1,2,2,2,3,7,0,1,2,1,1,2,5,0,0,0,1,1,1,2
5094,Finland,246,Chad,148,1,2,3,5,7,7,11,1,2,3,4,6,5,8,0,0,0,1,1,2,3
5095,Finland,246,Chile,152,166,175,183,282,342,408,542,85,91,96,138,164,203,286,81,84,87,144,178,205,256
5096,Finland,246,China,156,428,1106,1783,4541,6591,9069,11614,253,560,866,1958,2759,3700,4893,175,546,917,2583,3832,5369,6721
5097,Finland,246,Colombia,170,132,242,352,619,816,985,1228,66,130,195,328,421,503,629,66,112,157,291,395,482,599
5098,Finland,246,Comoros,174,1,2,2,3,3,3,2,1,1,1,2,2,2,1,0,1,1,1,1,1,1
5099,Finland,246,Congo,178,12,12,12,55,83,114,125,5,5,6,29,50,62,73,7,7,6,26,33,52,52
5100,Finland,246,CostaRica,188,10,16,21,38,45,61,73,6,9,11,23,27,41,48,4,7,10,15,18,20,25
5101,Finland,246,CotedIvoire,384,14,28,41,76,104,122,146,13,24,35,59,77,90,104,1,4,6,17,27,32,42
5102,Finland,246,Croatia,191,0,52,104,139,159,213,293,0,27,54,71,82,113,167,0,25,50,68,77,100,126
5103,Finland,246,Cuba,192,22,74,125,241,321,445,551,13,48,83,149,192,271,351,9,26,42,92,129,174,200
5104,Finland,246,Cyprus,196,42,53,64,96,112,157,203,34,42,50,72,83,112,140,8,11,14,24,29,45,63
5105,Finland,246,Czechia,203,260,272,283,441,108,204,332,129,136,142,224,60,93,156,131,136,141,217,48,111,176
5106,Finland,246,DemPeoplesRepublicofKorea,408,3,2,1,2,2,4,5,1,0,0,0,1,1,2,2,2,1,2,1,3,3
5107,Finland,246,DemocraticRepublicoftheCongo,180,10,144,277,680,914,1465,1981,9,95,180,371,475,675,941,1,49,97,309,439,790,1040
5108,Finland,246,Denmark,208,559,577,595,745,832,923,1122,317,337,358,449,511,562,694,242,240,237,296,321,361,428
5109,Finland,246,Djibouti,262,0,1,2,4,6,7,12,0,0,1,1,1,3,5,0,1,1,3,5,4,7
5110,Finland,246,Dominica,212,0,1,1,2,3,5,7,0,1,1,2,3,5,7,0,0,0,0,0,0,0
5111,Finland,246,DominicanRepublic,214,10,22,34,81,112,157,205,8,13,18,44,60,85,113,2,9,16,37,52,72,92
5112,Finland,246,Ecuador,218,24,35,45,103,133,180,225,13,19,25,59,77,101,126,11,16,20,44,56,79,99
5113,Finland,246,Egypt,818,209,276,342,584,758,1058,1505,186,245,304,488,615,836,1154,23,31,38,96,143,222,351
5114,Finland,246,ElSalvador,222,4,11,17,34,42,60,74,3,6,9,15,16,23,33,1,5,8,19,26,37,41
5115,Finland,246,EquatorialGuinea,226,0,0,0,5,9,14,10,0,0,0,2,3,6,3,0,0,0,3,6,8,7
5116,Finland,246,Eritrea,232,0,5,9,38,56,128,866,0,2,3,17,26,80,601,0,3,6,21,30,48,265
5117,Finland,246,Estonia,233,0,3285,6569,16258,21761,41006,47280,0,1501,3001,7774,10406,19853,23740,0,1784,3568,8484,11355,21153,23540
5118,Finland,246,Eswatini,748,0,0,0,0,11,14,10,0,0,0,0,6,8,5,0,0,0,0,5,6,5
5119,Finland,246,Ethiopia,231,203,394,584,1073,1434,1845,2456,109,225,341,631,856,1040,1391,94,169,243,442,578,805,1065
5120,Finland,246,Fiji,242,5,6,6,7,7,9,9,2,3,4,4,5,6,5,3,3,2,3,2,3,4
5121,Finland,246,France,250,538,727,916,1461,1850,2268,2684,317,448,579,917,1162,1429,1697,221,279,337,544,688,839,987
5122,Finland,246,FrenchPolynesia,258,0,0,0,0,0,1,0,0,0,0,0,0,1,0,0,0,0,0,0,0,0
5123,Finland,246,Gabon,266,0,1,1,4,7,10,14,0,0,0,1,3,4,5,0,1,1,3,4,6,9
5124,Finland,246,Gambia,270,22,96,169,307,385,648,902,20,88,155,253,300,516,733,2,8,14,54,85,132,169
5125,Finland,246,Georgia,268,0,5,9,23,27,67,111,0,2,3,10,12,33,51,0,3,6,13,15,34,60
5126,Finland,246,Germany,276,2586,2800,3013,4573,5770,6224,6834,1535,1714,1893,2701,3337,3485,3866,1051,1086,1120,1872,2433,2739,2968
5127,Finland,246,Ghana,288,74,161,248,601,861,1334,1820,57,125,193,435,620,912,1231,17,36,55,166,241,422,589
5128,Finland,246,Greece,300,320,357,394,560,658,1110,1674,271,302,333,445,508,766,1134,49,55,61,115,150,344,540
5129,Finland,246,Grenada,308,0,0,0,0,1,1,1,0,0,0,0,1,1,1,0,0,0,0,0,0,0
5130,Finland,246,Guatemala,320,16,21,25,46,59,71,85,12,16,19,30,37,44,50,4,5,6,16,22,27,35
5131,Finland,246,Guinea,324,6,7,8,32,45,85,111,5,6,7,26,40,68,87,1,1,1,6,5,17,24
5132,Finland,246,GuineaBissau,624,0,2,3,5,4,7,8,0,2,3,4,4,6,6,0,0,0,1,0,1,2
5133,Finland,246,Guyana,328,8,8,8,14,14,19,16,6,4,3,7,6,10,9,2,4,5,7,8,9,7
5134,Finland,246,Haiti,332,0,1,1,7,12,10,11,0,1,1,5,8,7,7,0,0,0,2,4,3,4
5135,Finland,246,HolySee,336,0,0,0,0,1,1,0,0,0,0,0,1,1,0,0,0,0,0,0,0,0
5136,Finland,246,Honduras,340,5,10,14,27,39,59,92,2,3,4,10,16,25,37,3,7,10,17,23,34,55
5137,Finland,246,Hungary,348,554,644,734,1177,1442,2068,2376,290,356,423,647,782,1103,1222,264,288,311,530,660,965,1154
5138,Finland,246,Iceland,352,79,90,101,129,144,152,179,42,50,59,75,85,96,119,37,40,42,54,59,56,60
5139,Finland,246,India,356,549,768,986,2545,3624,5159,6954,369,503,637,1603,2274,3104,4095,180,265,349,942,1350,2055,2859
5140,Finland,246,Indonesia,360,36,74,112,229,311,466,709,23,36,49,81,106,157,267,13,38,63,148,205,309,442
5141,Finland,246,IranIslamicRepublicof,364,558,1160,1762,3019,3924,5589,7611,378,738,1099,1786,2262,3140,4286,180,422,663,1233,1662,2449,3325
5142,Finland,246,Iraq,368,206,1453,2699,5065,6180,21027,18304,133,856,1578,3075,3669,13175,11706,73,597,1121,1990,2511,7852,6598
5143,Finland,246,Ireland,372,88,128,168,309,406,553,668,61,94,128,231,305,403,489,27,34,40,78,101,150,179
5144,Finland,246,Israel,376,350,371,391,563,688,715,793,239,257,274,396,481,503,545,111,114,117,167,207,212,248
5145,Finland,246,Italy,380,504,655,806,1331,1700,2316,3023,385,501,618,988,1239,1616,2027,119,154,188,343,461,700,996
5146,Finland,246,Jamaica,388,21,25,29,44,54,75,86,16,17,19,27,30,46,56,5,8,10,17,24,29,30
5147,Finland,246,Japan,392,372,455,538,864,1103,1204,1453,221,248,276,376,446,460,553,151,207,262,488,657,744,900
5148,Finland,246,Jordan,400,58,88,118,180,206,268,348,54,74,95,130,151,168,214,4,14,23,50,55,100,134
5149,Finland,246,Kazakhstan,398,0,22,44,108,156,246,344,0,10,21,46,67,100,138,0,12,23,62,89,146,206
5150,Finland,246,Kenya,404,98,139,180,556,826,1238,1562,59,78,97,280,412,581,721,39,61,83,276,414,657,841
5151,Finland,246,Kuwait,414,17,39,61,87,100,121,220,12,26,41,58,67,77,143,5,13,20,29,33,44,77
5152,Finland,246,Kyrgyzstan,417,0,1,2,19,27,43,84,0,0,0,8,13,16,41,0,1,2,11,14,27,43
5153,Finland,246,LaoPeoplesDemocraticRepublic,418,0,3,5,13,15,42,56,0,1,1,2,2,3,4,0,2,4,11,13,39,52
5154,Finland,246,Latvia,428,0,117,234,662,879,1582,2436,0,51,103,284,363,695,1238,0,66,131,378,516,887,1198
5155,Finland,246,Lebanon,422,142,196,249,380,490,521,731,108,143,177,255,320,323,436,34,53,72,125,170,198,295
5156,Finland,246,Liberia,430,4,19,34,71,104,102,114,3,16,29,51,70,66,72,1,3,5,20,34,36,42
5157,Finland,246,Libya,434,29,45,61,106,138,192,249,27,34,41,71,92,124,169,2,11,20,35,46,68,80
5158,Finland,246,Lithuania,440,0,68,135,388,504,968,1366,0,27,54,155,193,420,657,0,41,81,233,311,548,709
5159,Finland,246,Luxembourg,442,19,23,27,53,70,92,105,10,13,17,27,35,43,54,9,10,10,26,35,49,51
5160,Finland,246,Madagascar,450,0,2,3,8,9,14,19,0,1,1,2,1,5,7,0,1,2,6,8,9,12
5161,Finland,246,Malawi,454,2,2,2,8,14,50,103,2,2,2,5,9,29,53,0,0,0,3,5,21,50
5162,Finland,246,Malaysia,458,142,165,188,287,362,411,531,83,94,106,143,172,191,255,59,71,82,144,190,220,276
5163,Finland,246,Maldives,462,1,1,1,1,2,2,0,1,1,1,1,2,1,0,0,0,0,0,0,1,0
5164,Finland,246,Mali,466,3,3,3,4,3,14,23,3,3,3,4,3,10,19,0,0,0,0,0,4,4
5165,Finland,246,Malta,470,8,13,18,25,31,39,53,7,10,14,18,22,23,33,1,3,4,7,9,16,20
5166,Finland,246,Mauritania,478,0,0,0,4,8,22,37,0,0,0,4,8,18,24,0,0,0,0,0,4,13
5167,Finland,246,Mauritius,480,13,18,22,31,34,45,49,5,8,11,17,21,25,26,8,10,11,14,13,20,23
5168,Finland,246,Mexico,484,67,98,129,334,471,719,995,41,54,67,187,272,409,561,26,44,62,147,199,310,434
5169,Finland,246,Monaco,492,1,2,2,3,3,7,9,1,2,2,3,3,5,5,0,0,0,0,0,2,4
5170,Finland,246,Mongolia,496,1,7,13,30,42,51,63,1,2,4,11,18,18,21,0,5,9,19,24,33,42
5171,Finland,246,Montenegro,499,0,0,0,2,2,4,15,0,0,0,1,0,2,8,0,0,0,1,2,2,7
5172,Finland,246,Morocco,504,412,642,871,1292,1589,1952,2528,390,560,730,995,1179,1354,1720,22,82,141,297,410,598,808
5173,Finland,246,Mozambique,508,6,12,18,39,52,65,73,4,4,4,16,25,32,35,2,8,14,23,27,33,38
5174,Finland,246,Myanmar,104,7,29,50,504,834,1118,1216,3,16,29,270,446,577,627,4,13,21,234,388,541,589
5175,Finland,246,Namibia,516,51,38,24,49,69,90,152,25,18,11,20,27,36,62,26,20,13,29,42,54,90
5176,Finland,246,Nepal,524,16,49,82,631,899,2298,3595,4,29,54,482,685,1658,2388,12,20,28,149,214,640,1207
5177,Finland,246,Netherlands,528,414,515,615,967,1237,1381,1653,308,388,467,723,918,1025,1217,106,127,148,244,319,356,436
5178,Finland,246,NewZealand,554,36,54,72,129,174,198,254,16,33,51,97,134,149,184,20,21,21,32,40,49,70
5179,Finland,246,Nicaragua,558,5,23,41,66,83,99,118,3,9,16,30,38,44,52,2,14,25,36,45,55,66
5180,Finland,246,Niger,562,7,9,10,14,20,21,21,5,6,6,9,15,15,15,2,3,4,5,5,6,6
5181,Finland,246,Nigeria,566,94,170,245,843,1227,2093,2915,79,145,210,696,1017,1564,2024,15,25,35,147,210,529,891
5182,Finland,246,NorthMacedonia,807,0,0,0,0,93,157,212,0,0,0,0,41,75,112,0,0,0,0,52,82,100
5183,Finland,246,Norway,578,904,853,802,1189,1473,1607,1852,415,422,430,633,782,840,988,489,431,372,556,691,767,864
5184,Finland,246,Oman,512,2,2,2,4,5,10,16,2,1,1,1,1,4,7,0,1,1,3,4,6,9
5185,Finland,246,Pakistan,586,139,237,334,860,1179,2129,3134,114,174,234,608,836,1469,2090,25,63,100,252,343,660,1044
5186,Finland,246,Palau,585,0,0,0,0,1,0,0,0,0,0,0,1,0,0,0,0,0,0,0,0,0
5187,Finland,246,Panama,591,10,11,12,17,20,23,29,6,8,10,12,13,14,16,4,3,2,5,7,9,13
5188,Finland,246,PapuaNewGuinea,598,1,2,3,6,7,10,11,0,1,2,3,3,6,6,1,1,1,3,4,4,5
5189,Finland,246,Paraguay,600,7,7,6,10,12,24,28,4,4,3,5,6,15,16,3,3,3,5,6,9,12
5190,Finland,246,Peru,604,88,125,161,291,383,471,613,32,55,77,137,175,210,277,56,70,84,154,208,261,336
5191,Finland,246,Philippines,608,299,484,669,1315,1714,3090,4892,56,113,171,356,454,913,1538,243,371,498,959,1260,2177,3354
5192,Finland,246,Poland,616,1027,1007,987,1926,2602,3983,5018,473,477,481,989,1359,2188,2781,554,530,506,937,1243,1795,2237
5193,Finland,246,Portugal,620,92,106,119,245,333,521,598,59,70,81,170,236,352,398,33,36,38,75,97,169,200
5194,Finland,246,Qatar,634,3,4,4,9,10,16,27,1,2,2,6,6,12,18,2,2,2,3,4,4,9
5195,Finland,246,RepublicofKorea,410,52,82,111,250,341,534,709,21,35,49,106,144,215,268,31,47,62,144,197,319,441
5196,Finland,246,RepublicofMoldova,498,0,7,13,54,80,157,345,0,4,8,26,39,71,178,0,3,5,28,41,86,167
5197,Finland,246,Romania,642,157,375,593,1156,1480,2478,3871,104,228,353,656,821,1345,2248,53,147,240,500,659,1133,1623
5198,Finland,246,RussianFederation,643,1945,2115,2602,4366,7339,11542,15212,768,841,1052,1840,3220,5105,6841,1177,1274,1550,2526,4119,6437,8371
5199,Finland,246,Rwanda,646,2,13,24,137,173,436,524,1,6,11,68,82,218,263,1,7,13,69,91,218,261
5200,Finland,246,SaintKittsandNevis,659,0,1,1,1,1,1,0,0,1,1,1,1,1,0,0,0,0,0,0,0,0
5201,Finland,246,SaintLucia,662,0,1,1,2,3,4,3,0,1,1,1,2,3,2,0,0,0,1,1,1,1
5202,Finland,246,SaintVincentandtheGrenadines,670,1,2,2,3,2,2,1,1,2,2,3,2,2,1,0,0,0,0,0,0,0
5203,Finland,246,Samoa,882,1,1,0,2,3,3,2,0,0,0,1,1,1,0,1,1,0,1,2,2,2
5204,Finland,246,SanMarino,674,0,0,0,0,0,1,0,0,0,0,0,0,0,0,0,0,0,0,0,1,0
5205,Finland,246,SaudiArabia,682,17,93,169,211,237,315,484,15,51,87,109,121,164,255,2,42,82,102,116,151,229
5206,Finland,246,Senegal,686,15,25,34,81,110,168,216,13,22,30,66,86,140,183,2,3,4,15,24,28,33
5207,Finland,246,Serbia,688,0,0,0,1296,69,149,252,0,0,0,694,37,81,130,0,0,0,602,32,68,122
5208,Finland,246,Seychelles,690,0,1,2,4,6,6,6,0,0,1,1,1,1,0,0,1,1,3,5,5,6
5209,Finland,246,SierraLeone,694,21,29,36,74,103,125,145,19,25,30,57,81,92,109,2,4,6,17,22,33,36
5210,Finland,246,Singapore,702,31,41,50,103,142,194,266,15,17,19,38,50,79,113,16,24,31,65,92,115,153
5211,Finland,246,Slovakia,703,0,7,14,68,109,180,334,0,4,8,43,72,95,172,0,3,6,25,37,85,162
5212,Finland,246,Slovenia,705,0,2,4,16,26,50,102,0,1,3,10,16,26,53,0,1,1,6,10,24,49
5213,Finland,246,SolomonIslands,90,0,0,0,2,4,5,2,0,0,0,1,2,2,1,0,0,0,1,2,3,1
5214,Finland,246,Somalia,706,54,1772,3490,5928,7110,9666,12070,41,1009,1977,3208,3747,5026,6295,13,763,1513,2720,3363,4640,5775
5215,Finland,246,SouthAfrica,710,115,145,175,411,564,805,1022,51,74,97,246,349,490,620,64,71,78,165,215,315,402
5216,Finland,246,SouthSudan,728,0,0,0,0,0,0,9,0,0,0,0,0,0,2,0,0,0,0,0,0,7
5217,Finland,246,Spain,724,502,579,655,1183,1544,2567,3046,321,370,419,736,952,1528,1806,181,209,236,447,592,1039,1240
5218,Finland,246,SriLanka,144,159,232,304,511,649,908,1148,73,122,170,288,360,496,629,86,110,134,223,289,412,519
5219,Finland,246,StateofPalestine,275,0,0,0,15,25,49,67,0,0,0,11,19,33,44,0,0,0,4,6,16,23
5220,Finland,246,Sudan,729,0,0,0,0,800,872,1179,0,0,0,0,437,469,653,0,0,0,0,363,403,526
5221,Finland,246,Suriname,740,0,2,3,3,2,1,1,0,1,2,2,2,1,1,0,1,1,1,0,0,0
5222,Finland,246,Sweden,752,26043,24814,23584,27840,30966,30578,33412,12932,12802,12672,14706,16047,15795,17467,13111,12012,10912,13134,14919,14783,15945
5223,Finland,246,Switzerland,756,434,476,517,731,878,977,1148,240,275,310,437,521,586,695,194,201,207,294,357,391,453
5224,Finland,246,SyrianArabRepublic,760,49,105,161,296,384,1326,6223,38,70,103,187,239,792,3524,11,35,58,109,145,534,2699
5225,Finland,246,Tajikistan,762,0,2,3,20,27,42,63,0,1,1,10,13,24,38,0,1,2,10,14,18,25
5226,Finland,246,Thailand,764,411,960,1509,4256,6108,8884,11110,92,255,419,967,1336,1827,2345,319,705,1090,3289,4772,7057,8765
5227,Finland,246,Togo,768,3,8,12,33,46,75,93,3,7,11,27,35,58,77,0,1,1,6,11,17,16
5228,Finland,246,Tonga,776,0,1,1,1,1,2,0,0,1,1,1,1,2,0,0,0,0,0,0,0,0
5229,Finland,246,TrinidadandTobago,780,7,10,13,20,26,35,44,2,4,7,10,13,18,19,5,6,6,10,13,17,25
5230,Finland,246,Tunisia,788,163,208,252,415,527,625,808,149,185,221,345,432,501,617,14,23,31,70,95,124,191
5231,Finland,246,Turkey,792,457,1133,1808,3569,4890,6082,7644,385,909,1433,2676,3620,4269,5240,72,224,375,893,1270,1813,2404
5232,Finland,246,Turkmenistan,795,0,2,4,12,20,21,34,0,1,2,5,8,8,11,0,1,2,7,12,13,23
5233,Finland,246,TurksandCaicosIslands,796,0,0,0,0,0,1,0,0,0,0,0,0,0,0,0,0,0,0,0,1,0
5234,Finland,246,Tuvalu,798,0,0,0,1,2,2,0,0,0,0,0,1,1,0,0,0,0,1,1,1,0
5235,Finland,246,Uganda,800,10,16,22,80,121,183,271,8,11,14,44,63,88,121,2,5,8,36,58,95,150
5236,Finland,246,Ukraine,804,0,92,183,589,857,1540,2851,0,39,77,255,370,686,1303,0,53,106,334,487,854,1548
5237,Finland,246,UnitedArabEmirates,784,14,22,30,56,68,137,257,11,17,23,39,46,81,153,3,5,7,17,22,56,104
5238,Finland,246,UnitedKingdom,826,1738,2018,2297,3504,4367,5328,6460,1119,1383,1646,2529,3161,3833,4660,619,635,651,975,1206,1495,1800
5239,Finland,246,UnitedRepublicofTanzania,834,86,116,145,294,394,508,561,57,74,91,183,243,305,338,29,42,54,111,151,203,223
5240,Finland,246,UnitedStatesofAmerica,840,2545,2494,2442,3335,3907,4427,5445,1164,1263,1362,1881,2187,2544,3152,1381,1231,1080,1454,1720,1883,2293
5241,Finland,246,Uruguay,858,34,39,43,64,75,99,126,22,26,30,43,50,57,71,12,13,13,21,25,42,55
5242,Finland,246,Uzbekistan,860,0,6,11,50,76,127,382,0,3,5,24,38,67,270,0,3,6,26,38,60,112
5243,Finland,246,Vanuatu,548,0,0,0,1,1,1,0,0,0,0,1,1,1,0,0,0,0,0,0,0,0
5244,Finland,246,VenezuelaBolivarianRepublicof,862,34,41,47,90,108,201,290,17,21,25,48,59,108,140,17,20,22,42,49,93,150
5245,Finland,246,VietNam,704,1645,2035,2424,3535,4251,5754,8677,870,1048,1226,1671,1951,2526,3895,775,987,1198,1864,2300,3228,4782
5246,Finland,246,Yemen,887,4,12,19,28,31,63,223,2,7,12,16,15,38,148,2,5,7,12,16,25,75
5247,Finland,246,Zambia,894,45,52,59,107,138,184,341,24,25,27,47,61,81,171,21,27,32,60,77,103,170
5248,Finland,246,Zimbabwe,716,10,15,19,42,54,88,143,7,9,11,26,36,58,86,3,6,8,16,18,30,57
5249,Iceland,352,Melanesia,928,0,1,1,3,3,3,1,0,0,0,0,0,0,0,0,1,1,3,3,3,1
5250,Iceland,352,Micronesia,954,0,0,0,0,0,0,0,0,0,0,0,0,0,0,0,0,0,0,0,0,0
5251,Iceland,352,Polynesia,957,0,1,1,1,1,1,1,0,1,1,1,1,1,1,0,0,0,0,0,0,0
5252,Iceland,352,Afghanistan,4,1,1,1,4,6,13,108,1,1,1,4,6,7,66,0,0,0,0,0,6,42
5253,Iceland,352,Albania,8,10,15,20,30,39,45,220,3,5,7,13,18,25,145,7,10,13,17,21,20,75
5254,Iceland,352,Algeria,12,10,17,23,24,24,40,68,8,13,18,18,17,31,51,2,4,5,6,7,9,17
5255,Iceland,352,Andorra,20,0,0,0,0,0,2,2,0,0,0,0,0,2,0,0,0,0,0,0,0,2
5256,Iceland,352,Angola,24,10,15,19,30,39,34,50,6,9,12,21,28,21,36,4,6,7,9,11,13,14
5257,Iceland,352,AntiguaandBarbuda,28,0,0,0,0,0,1,0,0,0,0,0,0,0,0,0,0,0,0,0,1,0
5258,Iceland,352,Argentina,32,5,9,13,20,26,46,83,4,6,9,13,16,30,51,1,3,4,7,10,16,32
5259,Iceland,352,Armenia,51,2,2,2,4,5,8,10,1,0,0,1,1,3,4,1,2,2,3,4,5,6
5260,Iceland,352,Aruba,533,0,0,0,1,1,1,0,0,0,0,1,1,1,0,0,0,0,0,0,0,0
5261,Iceland,352,Australia,36,60,61,61,75,86,121,172,23,24,25,33,39,60,92,37,37,36,42,47,61,80
5262,Iceland,352,Austria,40,52,62,72,109,143,126,163,24,29,34,47,59,58,69,28,33,38,62,84,68,94
5263,Iceland,352,Azerbaijan,31,2,3,3,5,7,13,19,1,1,1,1,2,4,9,1,2,2,4,5,9,10
5264,Iceland,352,Bahamas,44,1,1,1,3,4,6,5,0,0,0,1,2,3,2,1,1,1,2,2,3,3
5265,Iceland,352,Bahrain,48,0,1,1,1,1,1,0,0,1,1,1,1,1,0,0,0,0,0,0,0,0
5266,Iceland,352,Bangladesh,50,0,0,0,0,0,4,12,0,0,0,0,0,4,7,0,0,0,0,0,0,5
5267,Iceland,352,Barbados,52,0,1,1,2,2,1,0,0,1,1,1,1,1,0,0,0,0,1,1,0,0
5268,Iceland,352,Belarus,112,0,1,1,21,40,41,68,0,1,1,6,12,10,23,0,0,0,15,28,31,45
5269,Iceland,352,Belgium,56,34,56,77,92,104,120,206,15,26,36,45,53,58,108,19,30,41,47,51,62,98
5270,Iceland,352,Belize,84,0,1,1,2,2,0,0,0,0,0,1,1,0,0,0,1,1,1,1,0,0
5271,Iceland,352,Benin,204,0,0,0,0,0,1,1,0,0,0,0,0,1,0,0,0,0,0,0,0,1
5272,Iceland,352,Bermuda,60,1,2,2,2,1,3,2,0,1,1,1,1,2,1,1,1,1,1,0,1,1
5273,Iceland,352,BoliviaPlurinationalStateof,68,6,9,11,12,12,14,15,2,3,3,4,4,4,6,4,6,8,8,8,10,9
5274,Iceland,352,BosniaandHerzegovina,70,9,14,18,83,144,150,273,5,8,10,43,74,79,170,4,6,8,40,70,71,103
5275,Iceland,352,Brazil,76,11,20,28,67,104,139,217,4,7,10,18,26,36,71,7,13,18,49,78,103,146
5276,Iceland,352,Bulgaria,100,18,46,74,106,135,241,515,8,21,34,49,63,122,293,10,25,40,57,72,119,222
5277,Iceland,352,BurkinaFaso,854,0,0,0,1,1,1,0,0,0,0,1,1,1,0,0,0,0,0,0,0,0
5278,Iceland,352,CaboVerde,132,19,28,37,40,41,33,54,9,13,18,19,19,15,26,10,15,19,21,22,18,28
5279,Iceland,352,Cambodia,116,1,2,2,3,4,1,1,0,1,1,1,2,0,0,1,1,1,2,2,1,1
5280,Iceland,352,Cameroon,120,1,2,2,3,4,7,5,1,2,2,3,4,5,3,0,0,0,0,0,2,2
5281,Iceland,352,Canada,124,145,170,195,216,231,277,366,65,78,91,107,119,130,170,80,92,104,109,112,147,196
5282,Iceland,352,Chad,148,0,0,0,0,0,0,1,0,0,0,0,0,0,0,0,0,0,0,0,0,1
5283,Iceland,352,Chile,152,15,34,52,68,81,77,87,9,20,31,38,43,46,47,6,14,21,30,38,31,40
5284,Iceland,352,China,156,58,118,177,335,483,582,747,26,55,83,128,171,183,269,32,63,94,207,312,399,478
5285,Iceland,352,Colombia,170,21,42,62,110,154,189,257,9,18,27,45,61,68,107,12,24,35,65,93,121,150
5286,Iceland,352,Congo,178,0,0,0,0,1,3,1,0,0,0,0,0,2,1,0,0,0,0,1,1,0
5287,Iceland,352,CostaRica,188,3,5,6,6,5,7,18,2,3,4,4,3,4,11,1,2,2,2,2,3,7
5288,Iceland,352,CotedIvoire,384,0,1,1,2,3,1,7,0,0,0,1,2,0,4,0,1,1,1,1,1,3
5289,Iceland,352,Croatia,191,6,9,11,81,148,169,716,3,5,6,43,78,92,504,3,4,5,38,70,77,212
5290,Iceland,352,Cuba,192,7,11,14,25,35,57,64,4,6,8,12,15,26,30,3,5,6,13,20,31,34
5291,Iceland,352,CuraÃao,531,0,0,0,0,0,1,0,0,0,0,0,0,0,0,0,0,0,0,0,1,0
5292,Iceland,352,Cyprus,196,1,2,3,4,5,5,11,1,1,2,3,4,3,7,0,1,1,1,1,2,4
5293,Iceland,352,Czechia,203,43,64,85,122,156,246,810,17,26,35,54,73,141,435,26,38,50,68,83,105,375
5294,Iceland,352,DemPeoplesRepublicofKorea,408,0,0,0,0,2,0,0,0,0,0,0,2,0,0,0,0,0,0,0,0,0
5295,Iceland,352,DemocraticRepublicoftheCongo,180,1,2,2,2,2,2,2,1,2,2,2,2,2,2,0,0,0,0,0,0,0
5296,Iceland,352,Denmark,208,2048,2175,2302,2637,2912,3283,3918,887,964,1041,1245,1421,1619,1979,1161,1211,1261,1392,1491,1664,1939
5297,Iceland,352,Djibouti,262,0,0,0,1,1,0,0,0,0,0,1,1,0,0,0,0,0,0,0,0,0
5298,Iceland,352,Dominica,212,0,1,1,2,2,2,2,0,1,1,1,1,1,0,0,0,0,1,1,1,2
5299,Iceland,352,DominicanRepublic,214,2,4,5,13,21,32,58,0,1,1,4,7,9,18,2,3,4,9,14,23,40
5300,Iceland,352,Ecuador,218,7,10,13,20,25,32,55,3,4,6,8,9,12,24,4,6,7,12,16,20,31
5301,Iceland,352,Egypt,818,8,12,15,22,27,29,45,6,9,11,17,22,21,33,2,3,4,5,5,8,12
5302,Iceland,352,ElSalvador,222,0,1,1,6,11,13,27,0,0,0,3,6,5,10,0,1,1,3,5,8,17
5303,Iceland,352,EquatorialGuinea,226,1,1,1,2,3,9,24,0,0,0,0,1,2,8,1,1,1,2,2,7,16
5304,Iceland,352,Eritrea,232,0,1,1,2,3,7,9,0,1,1,2,3,4,5,0,0,0,0,0,3,4
5305,Iceland,352,Estonia,233,0,11,21,81,137,129,178,0,4,8,34,58,45,72,0,7,13,47,79,84,106
5306,Iceland,352,Ethiopia,231,13,22,31,47,62,71,88,6,11,16,21,27,28,41,7,11,15,26,35,43,47
5307,Iceland,352,FaroeIslands,234,237,273,308,320,324,331,327,92,109,125,130,132,137,146,145,164,183,190,192,194,181
5308,Iceland,352,Fiji,242,0,0,0,1,2,1,0,0,0,0,0,0,0,0,0,0,0,1,2,1,0
5309,Iceland,352,Finland,246,75,97,119,153,182,178,236,22,29,37,48,57,59,81,53,68,82,105,125,119,155
5310,Iceland,352,France,250,135,196,257,355,444,538,910,64,95,126,182,233,286,476,71,101,131,173,211,252,434
5311,Iceland,352,Gabon,266,0,0,0,0,1,0,0,0,0,0,0,0,0,0,0,0,0,0,1,0,0
5312,Iceland,352,Gambia,270,2,4,5,6,7,11,19,1,2,3,3,4,9,15,1,2,2,3,3,2,4
5313,Iceland,352,Georgia,268,2,3,4,12,20,22,52,1,1,2,5,8,8,28,1,2,2,7,12,14,24
5314,Iceland,352,Germany,276,803,922,1040,1387,1699,1649,2148,251,301,350,518,673,635,840,552,621,690,869,1026,1014,1308
5315,Iceland,352,Ghana,288,10,15,19,32,44,62,133,6,9,11,14,17,32,73,4,6,8,18,27,30,60
5316,Iceland,352,Gibraltar,292,0,0,0,0,1,0,0,0,0,0,0,1,0,0,0,0,0,0,0,0,0
5317,Iceland,352,Greece,300,5,8,10,18,25,45,181,3,5,6,10,14,30,119,2,3,4,8,11,15,62
5318,Iceland,352,Greenland,304,35,38,40,53,64,65,82,16,17,18,25,31,28,33,19,21,22,28,33,37,49
5319,Iceland,352,Guatemala,320,14,21,27,30,32,37,36,8,12,16,17,17,20,21,6,9,11,13,15,17,15
5320,Iceland,352,Guinea,324,3,5,7,11,14,18,23,2,3,5,6,6,10,13,1,2,2,5,8,8,10
5321,Iceland,352,GuineaBissau,624,0,0,0,0,1,1,2,0,0,0,0,1,1,2,0,0,0,0,0,0,0
5322,Iceland,352,Guyana,328,7,10,13,17,20,20,23,3,4,5,6,7,6,9,4,6,8,11,13,14,14
5323,Iceland,352,Haiti,332,1,1,1,4,7,12,13,0,0,0,1,2,3,4,1,1,1,3,5,9,9
5324,Iceland,352,Honduras,340,7,11,14,24,32,35,60,6,9,11,13,14,16,23,1,2,3,11,18,19,37
5325,Iceland,352,Hungary,348,35,49,63,110,154,218,505,14,20,26,57,86,109,275,21,29,37,53,68,109,230
5326,Iceland,352,India,356,62,105,148,213,272,305,389,26,45,65,96,125,145,182,36,60,83,117,147,160,207
5327,Iceland,352,Indonesia,360,59,67,75,93,108,129,158,24,28,32,38,43,44,56,35,39,43,55,65,85,102
5328,Iceland,352,IranIslamicRepublicof,364,14,16,18,27,35,63,166,11,12,14,18,21,40,105,3,4,4,9,14,23,61
5329,Iceland,352,Iraq,368,2,9,15,32,48,57,236,1,6,10,19,28,35,147,1,3,5,13,20,22,89
5330,Iceland,352,Ireland,372,81,68,54,68,80,105,150,42,36,29,42,54,62,89,39,32,25,26,26,43,61
5331,Iceland,352,Israel,376,20,20,19,26,31,37,45,13,13,12,17,20,23,33,7,7,7,9,11,14,12
5332,Iceland,352,Italy,380,38,73,107,165,218,260,525,21,41,61,97,130,149,324,17,32,46,68,88,111,201
5333,Iceland,352,Jamaica,388,5,7,9,13,17,18,21,2,3,4,4,5,5,6,3,4,5,9,12,13,15
5334,Iceland,352,Japan,392,17,31,44,66,86,98,118,5,10,15,23,31,33,34,12,21,29,43,55,65,84
5335,Iceland,352,Jordan,400,0,6,12,12,12,13,27,0,2,5,5,5,6,11,0,4,7,7,7,7,16
5336,Iceland,352,Kazakhstan,398,0,1,1,8,15,21,35,0,0,0,1,2,5,9,0,1,1,7,13,16,26
5337,Iceland,352,Kenya,404,10,17,23,38,52,90,103,4,7,10,11,13,29,26,6,10,13,27,39,61,77
5338,Iceland,352,Kuwait,414,0,1,1,2,2,2,3,0,1,1,2,2,2,1,0,0,0,0,0,0,2
5339,Iceland,352,Kyrgyzstan,417,0,1,1,1,1,1,6,0,0,0,0,0,1,3,0,1,1,1,1,0,3
5340,Iceland,352,LaoPeoplesDemocraticRepublic,418,0,0,0,0,0,1,0,0,0,0,0,0,1,0,0,0,0,0,0,0,0
5341,Iceland,352,Latvia,428,0,10,19,339,645,735,1922,0,7,13,178,336,352,1290,0,3,6,161,309,383,632
5342,Iceland,352,Lebanon,422,14,17,19,25,30,30,50,10,12,13,17,20,20,34,4,5,6,8,10,10,16
5343,Iceland,352,Liberia,430,0,0,0,0,0,1,6,0,0,0,0,0,0,4,0,0,0,0,0,1,2
5344,Iceland,352,Libya,434,0,0,0,1,2,4,7,0,0,0,1,2,2,4,0,0,0,0,0,2,3
5345,Iceland,352,Liechtenstein,438,0,0,0,0,0,1,0,0,0,0,0,0,0,0,0,0,0,0,0,1,0
5346,Iceland,352,Lithuania,440,0,16,32,753,1444,1499,3171,0,9,19,425,815,736,1988,0,7,13,328,629,763,1183
5347,Iceland,352,Luxembourg,442,53,64,75,94,110,142,180,26,32,38,46,52,68,89,27,32,37,48,58,74,91
5348,Iceland,352,Madagascar,450,0,1,1,2,2,2,2,0,1,1,1,1,2,2,0,0,0,1,1,0,0
5349,Iceland,352,Malawi,454,0,1,1,2,3,4,1,0,1,1,1,2,3,0,0,0,0,1,1,1,1
5350,Iceland,352,Malaysia,458,5,7,9,19,28,35,48,3,4,6,10,14,16,20,2,3,3,9,14,19,28
5351,Iceland,352,Mali,466,0,0,0,1,1,2,4,0,0,0,1,1,2,4,0,0,0,0,0,0,0
5352,Iceland,352,Malta,470,0,1,1,3,4,8,9,0,0,0,1,2,5,6,0,1,1,2,2,3,3
5353,Iceland,352,Mauritania,478,0,0,0,0,1,1,2,0,0,0,0,1,1,2,0,0,0,0,0,0,0
5354,Iceland,352,Mauritius,480,3,5,7,7,7,5,6,1,2,3,3,3,1,1,2,3,4,4,4,4,5
5355,Iceland,352,Mexico,484,10,24,38,54,68,92,159,3,7,11,20,29,44,73,7,17,27,34,39,48,86
5356,Iceland,352,Monaco,492,0,1,1,1,1,1,0,0,0,0,0,0,0,0,0,1,1,1,1,1,0
5357,Iceland,352,Mongolia,496,5,8,10,18,25,20,21,3,4,5,8,11,8,8,2,4,5,10,14,12,13
5358,Iceland,352,Montenegro,499,0,0,0,0,3,8,12,0,0,0,0,0,2,6,0,0,0,0,3,6,6
5359,Iceland,352,Morocco,504,21,53,84,120,152,166,262,15,37,59,79,97,103,171,6,16,25,41,55,63,91
5360,Iceland,352,Mozambique,508,4,6,7,11,14,23,30,1,2,2,5,7,8,13,3,4,5,6,7,15,17
5361,Iceland,352,Myanmar,104,0,0,0,0,1,1,4,0,0,0,0,1,1,1,0,0,0,0,0,0,3
5362,Iceland,352,Namibia,516,10,15,19,28,36,35,43,5,8,11,13,15,16,15,5,7,8,15,21,19,28
5363,Iceland,352,Nepal,524,8,12,15,56,94,98,129,6,9,11,33,54,56,73,2,3,4,23,40,42,56
5364,Iceland,352,Netherlands,528,112,133,153,228,297,288,408,46,56,65,108,148,152,221,66,77,88,120,149,136,187
5365,Iceland,352,NewZealand,554,86,62,37,43,48,50,78,24,18,12,17,22,25,44,62,44,25,26,26,25,34
5366,Iceland,352,Nicaragua,558,1,2,3,4,5,7,6,0,0,0,0,1,2,0,1,2,3,4,4,5,6
5367,Iceland,352,Nigeria,566,3,18,33,46,58,72,155,2,12,23,28,33,46,88,1,6,10,18,25,26,67
5368,Iceland,352,NorthMacedonia,807,7,9,10,21,31,40,84,4,5,6,12,18,21,43,3,4,4,9,13,19,41
5369,Iceland,352,Norway,578,683,760,836,921,985,1036,1390,288,328,368,416,454,486,671,395,432,468,505,531,550,719
5370,Iceland,352,Oman,512,0,0,0,0,0,2,2,0,0,0,0,0,2,0,0,0,0,0,0,0,2
5371,Iceland,352,Pakistan,586,8,10,12,20,26,38,94,5,6,7,13,17,21,69,3,4,5,7,9,17,25
5372,Iceland,352,Panama,591,1,2,2,4,6,6,7,0,1,1,2,4,3,4,1,1,1,2,2,3,3
5373,Iceland,352,PapuaNewGuinea,598,0,1,1,1,0,1,1,0,0,0,0,0,0,0,0,1,1,1,0,1,1
5374,Iceland,352,Paraguay,600,1,2,2,3,3,4,2,0,1,1,2,3,3,0,1,1,1,1,0,1,2
5375,Iceland,352,Peru,604,20,30,39,56,72,75,105,8,12,15,20,26,26,39,12,18,24,36,46,49,66
5376,Iceland,352,Philippines,608,135,405,675,1056,1407,1565,2284,30,99,168,320,462,534,793,105,306,507,736,945,1031,1491
5377,Iceland,352,Poland,616,265,878,1491,5895,10091,10967,21102,113,389,665,3259,5737,5839,12718,152,489,826,2636,4354,5128,8384
5378,Iceland,352,Portugal,620,45,71,97,358,607,576,1082,28,45,62,236,402,362,724,17,26,35,122,205,214,358
5379,Iceland,352,PuertoRico,630,0,1,1,1,0,0,0,0,1,1,1,0,0,0,0,0,0,0,0,0,0
5380,Iceland,352,Qatar,634,1,2,2,2,2,2,3,0,0,0,0,0,0,1,1,2,2,2,2,2,2
5381,Iceland,352,RepublicofKorea,410,27,29,31,16,35,37,49,10,11,12,6,10,12,11,17,18,19,10,25,25,38
5382,Iceland,352,RepublicofMoldova,498,0,1,1,7,13,21,113,0,1,1,3,6,9,58,0,0,0,4,7,12,55
5383,Iceland,352,Romania,642,1,34,66,137,203,400,1675,1,24,46,82,116,211,1145,0,10,20,55,87,189,530
5384,Iceland,352,RussianFederation,643,37,273,508,406,298,364,492,15,118,221,165,107,131,185,22,155,287,241,191,233,307
5385,Iceland,352,Rwanda,646,0,1,1,1,1,2,0,0,1,1,1,1,2,0,0,0,0,0,0,0,0
5386,Iceland,352,SaintVincentandtheGrenadines,670,0,0,0,0,0,2,0,0,0,0,0,0,1,0,0,0,0,0,0,1,0
5387,Iceland,352,SanMarino,674,0,0,0,0,0,0,2,0,0,0,0,0,0,0,0,0,0,0,0,0,2
5388,Iceland,352,SaudiArabia,682,1,2,2,3,3,8,18,0,0,0,1,1,4,12,1,2,2,2,2,4,6
5389,Iceland,352,Senegal,686,3,5,6,10,14,21,29,2,3,4,6,9,12,20,1,2,2,4,5,9,9
5390,Iceland,352,Serbia,688,312,463,614,466,389,523,752,173,261,350,248,181,256,404,139,202,264,218,208,267,348
5391,Iceland,352,SierraLeone,694,5,8,10,12,13,15,19,3,5,6,7,8,10,13,2,3,4,5,5,5,6
5392,Iceland,352,Singapore,702,6,9,11,13,14,17,21,2,3,3,3,3,4,5,4,6,8,10,11,13,16
5393,Iceland,352,Slovakia,703,1,2,3,120,231,243,517,0,0,1,83,161,154,336,1,2,2,37,70,89,181
5394,Iceland,352,Slovenia,705,8,10,11,21,29,32,70,5,6,7,13,17,18,33,3,4,4,8,12,14,37
5395,Iceland,352,SolomonIslands,90,0,0,0,1,1,1,0,0,0,0,0,0,0,0,0,0,0,1,1,1,0
5396,Iceland,352,Somalia,706,0,1,1,1,1,2,32,0,0,0,0,0,1,23,0,1,1,1,1,1,9
5397,Iceland,352,SouthAfrica,710,65,64,63,65,66,81,104,23,23,23,23,24,31,44,42,41,40,42,42,50,60
5398,Iceland,352,Spain,724,105,130,154,224,288,540,991,63,79,95,132,166,320,572,42,51,59,92,122,220,419
5399,Iceland,352,SriLanka,144,83,93,102,134,162,164,190,26,30,34,48,60,64,77,57,63,68,86,102,100,113
5400,Iceland,352,StateofPalestine,275,0,0,0,0,0,6,27,0,0,0,0,0,2,22,0,0,0,0,0,4,5
5401,Iceland,352,Sudan,729,0,0,0,0,0,0,6,0,0,0,0,0,0,6,0,0,0,0,0,0,0
5402,Iceland,352,Sweden,752,1012,1280,1547,1716,1847,1920,2357,463,600,736,821,888,949,1191,549,680,811,895,959,971,1166
5403,Iceland,352,Switzerland,756,53,63,73,111,145,158,226,28,33,39,55,69,73,105,25,30,34,56,76,85,121
5404,Iceland,352,SyrianArabRepublic,760,8,11,14,17,19,35,280,6,8,11,12,13,26,174,2,3,3,5,6,9,106
5405,Iceland,352,Tajikistan,762,97,50,3,4,4,2,2,30,15,1,1,0,0,0,67,35,2,3,4,2,2
5406,Iceland,352,Thailand,764,83,322,560,822,1062,1196,1500,17,74,130,215,295,312,400,66,248,430,607,767,884,1100
5407,Iceland,352,TimorLeste,626,0,0,0,0,0,1,0,0,0,0,0,0,1,0,0,0,0,0,0,0,0
5408,Iceland,352,Togo,768,0,1,1,2,2,5,11,0,1,1,1,1,4,7,0,0,0,1,1,1,4
5409,Iceland,352,Tonga,776,0,1,1,1,1,1,1,0,1,1,1,1,1,1,0,0,0,0,0,0,0
5410,Iceland,352,TrinidadandTobago,780,1,2,3,3,3,3,6,0,0,1,1,1,1,1,1,2,2,2,2,2,5
5411,Iceland,352,Tunisia,788,6,9,12,14,16,28,41,5,7,10,11,12,20,28,1,2,2,3,4,8,13
5412,Iceland,352,Turkey,792,18,27,35,49,61,73,104,11,17,22,31,38,45,69,7,10,13,18,23,28,35
5413,Iceland,352,Turkmenistan,795,0,0,0,1,1,1,1,0,0,0,0,0,0,0,0,0,0,1,1,1,1
5414,Iceland,352,Uganda,800,3,5,6,14,22,37,60,0,0,0,2,5,11,20,3,5,6,12,17,26,40
5415,Iceland,352,Ukraine,804,11,17,22,118,210,274,437,3,5,7,41,74,90,174,8,12,15,77,136,184,263
5416,Iceland,352,UnitedArabEmirates,784,0,1,1,2,2,6,11,0,1,1,1,1,4,9,0,0,0,1,1,2,2
5417,Iceland,352,UnitedKingdom,826,647,684,721,918,1093,1307,1857,355,381,407,542,664,783,1125,292,303,314,376,429,524,732
5418,Iceland,352,UnitedRepublicofTanzania,834,9,10,10,16,21,28,24,4,4,4,6,8,11,8,5,6,6,10,13,17,16
5419,Iceland,352,UnitedStatesofAmerica,840,1077,1190,1392,1606,1851,2019,2604,551,631,736,871,991,1084,1382,526,559,656,735,860,935,1222
5420,Iceland,352,Uruguay,858,3,5,6,7,8,9,11,2,3,4,5,6,6,8,1,2,2,2,2,3,3
5421,Iceland,352,Uzbekistan,860,2,2,2,4,5,10,13,1,1,1,2,2,4,4,1,1,1,2,3,6,9
5422,Iceland,352,VenezuelaBolivarianRepublicof,862,6,9,12,25,36,39,103,2,3,4,9,13,13,45,4,6,8,16,23,26,58
5423,Iceland,352,VietNam,704,76,148,220,355,480,613,916,34,67,101,159,214,275,403,42,81,119,196,266,338,513
5424,Iceland,352,Yemen,887,0,0,0,1,1,0,1,0,0,0,0,0,0,1,0,0,0,1,1,0,0
5425,Iceland,352,Zambia,894,2,3,4,6,7,8,12,0,0,1,1,1,1,2,2,3,3,5,6,7,10
5426,Iceland,352,Zimbabwe,716,4,6,8,9,10,11,13,0,0,0,1,2,3,4,4,6,8,8,8,8,9
5427,Ireland,372,Melanesia,928,7,21,45,45,37,37,34,3,10,21,20,14,14,12,4,11,24,25,23,23,22
5428,Ireland,372,Micronesia,954,0,0,0,0,0,0,0,0,0,0,0,0,0,0,0,0,0,0,0,0,0
5429,Ireland,372,Polynesia,957,3,9,19,19,15,15,13,1,5,9,9,5,5,4,2,4,10,10,10,10,9
5430,Ireland,372,Afghanistan,4,29,79,173,173,145,148,168,24,64,140,142,117,119,137,5,15,33,31,28,29,31
5431,Ireland,372,Albania,8,57,158,346,347,291,297,340,34,91,204,213,171,173,200,23,67,142,134,120,124,140
5432,Ireland,372,Algeria,12,113,313,686,688,576,588,673,81,221,490,504,410,416,477,32,92,196,184,166,172,196
5433,Ireland,372,Andorra,20,0,1,3,3,2,2,1,0,0,0,0,0,0,0,0,1,3,3,2,2,1
5434,Ireland,372,Angola,24,92,255,559,561,470,480,548,47,125,282,301,236,238,274,45,130,277,260,234,242,274
5435,Ireland,372,Anguilla,660,0,1,2,2,1,1,0,0,1,1,1,0,0,0,0,0,1,1,1,1,0
5436,Ireland,372,AntiguaandBarbuda,28,1,2,3,3,2,2,1,1,2,2,2,1,1,0,0,0,1,1,1,1,1
5437,Ireland,372,Argentina,32,63,175,382,382,320,327,374,30,81,183,194,151,152,175,33,94,199,188,169,175,199
5438,Ireland,372,Armenia,51,10,28,62,62,52,53,59,5,14,32,34,27,27,31,5,14,30,28,25,26,28
5439,Ireland,372,Aruba,533,1,4,8,8,7,7,6,0,2,4,4,3,3,2,1,2,4,4,4,4,4
5440,Ireland,372,Australia,36,532,1882,4267,5846,6462,6601,7568,262,897,2104,2971,2983,3003,3470,270,985,2163,2875,3479,3598,4098
5441,Ireland,372,Austria,40,49,175,397,634,767,784,898,24,83,195,270,255,255,296,25,92,202,364,512,529,602
5442,Ireland,372,Azerbaijan,31,10,27,59,59,49,50,55,6,14,32,34,26,26,29,4,13,27,25,23,24,26
5443,Ireland,372,Bahamas,44,5,14,31,31,26,27,28,3,7,16,17,14,15,15,2,7,15,14,12,12,13
5444,Ireland,372,Bahrain,48,16,44,96,96,80,82,93,8,21,47,50,38,39,44,8,23,49,46,42,43,49
5445,Ireland,372,Bangladesh,50,157,557,1264,2413,3164,3232,3706,77,265,623,1615,2240,2276,2618,80,292,641,798,924,956,1088
5446,Ireland,372,Barbados,52,4,11,23,22,18,18,18,2,5,11,11,8,8,8,2,6,12,11,10,10,10
5447,Ireland,372,Belarus,112,117,325,712,714,598,611,698,52,138,314,339,260,261,300,65,187,398,375,338,350,398
5448,Ireland,372,Belgium,56,471,507,822,1321,1603,1638,1877,230,239,402,659,725,730,843,241,268,420,662,878,908,1034
5449,Ireland,372,Belize,84,1,2,3,3,2,2,1,1,1,0,0,0,0,0,0,1,3,3,2,2,1
5450,Ireland,372,Benin,204,6,18,39,39,33,34,37,2,7,15,16,12,12,13,4,11,24,23,21,22,24
5451,Ireland,372,Bermuda,60,11,30,66,66,56,57,63,5,13,30,32,26,26,30,6,17,36,34,30,31,33
5452,Ireland,372,Bhutan,64,1,4,8,8,7,7,6,1,3,5,5,5,5,4,0,1,3,3,2,2,2
5453,Ireland,372,BoliviaPlurinationalStateof,68,3,10,22,21,17,17,17,1,4,10,10,7,7,7,2,6,12,11,10,10,10
5454,Ireland,372,BosniaandHerzegovina,70,123,342,748,749,627,640,732,59,159,359,382,296,298,343,64,183,389,367,331,342,389
5455,Ireland,372,Botswana,72,15,42,93,93,78,80,89,8,22,51,53,42,43,48,7,20,42,40,36,37,41
5456,Ireland,372,Brazil,76,380,1341,3040,7146,10075,10292,11800,187,638,1496,4233,5904,5979,6887,193,703,1544,2913,4171,4313,4913
5457,Ireland,372,BritishVirginIslands,92,0,1,2,2,1,1,0,0,1,1,1,0,0,0,0,0,1,1,1,1,0
5458,Ireland,372,BruneiDarussalam,96,3,9,19,19,16,16,16,1,5,10,10,7,7,7,2,4,9,9,9,9,9
5459,Ireland,372,Bulgaria,100,178,494,1081,1642,1932,1974,2263,84,224,507,821,895,902,1042,94,270,574,821,1037,1072,1221
5460,Ireland,372,BurkinaFaso,854,2,5,11,11,9,9,8,1,3,8,8,6,6,5,1,2,3,3,3,3,3
5461,Ireland,372,Burundi,108,9,25,56,56,47,48,53,5,12,29,31,24,24,27,4,13,27,25,23,24,26
5462,Ireland,372,CaboVerde,132,1,2,5,5,4,4,3,1,2,4,4,3,3,2,0,0,1,1,1,1,1
5463,Ireland,372,Cambodia,116,2,5,12,13,11,11,11,0,1,3,4,2,2,2,2,4,9,9,9,9,9
5464,Ireland,372,Cameroon,120,67,185,405,405,339,346,395,29,76,173,187,143,143,165,38,109,232,218,196,203,230
5465,Ireland,372,Canada,124,371,1313,2976,4461,5211,5323,6102,182,623,1460,2143,2178,2186,2529,189,690,1516,2318,3033,3137,3573
5466,Ireland,372,CaymanIslands,136,5,13,29,29,24,25,26,2,5,13,14,10,11,11,3,8,16,15,14,14,15
5467,Ireland,372,CentralAfricanRepublic,140,1,4,9,9,8,8,7,0,1,3,3,3,3,2,1,3,6,6,5,5,5
5468,Ireland,372,Chad,148,2,5,12,12,10,10,9,1,3,8,8,7,7,6,1,2,4,4,3,3,3
5469,Ireland,372,Chile,152,27,75,164,165,139,142,160,11,30,68,75,58,58,65,16,45,96,90,81,84,95
5470,Ireland,372,China,156,563,3056,7229,10704,12416,12683,14542,277,1456,3562,5609,6087,6138,7086,286,1600,3667,5095,6329,6545,7456
5471,Ireland,372,China,156,344,86,468,1108,1610,1847,1887,2162,42,221,543,762,748,750,868,44,247,565,848,1099,1137
5472,Ireland,372,Congo,178,163,578,1312,2058,2466,2519,2886,80,274,645,1078,1211,1221,1408,83,304,667,980,1255,1298,1478
5473,Ireland,372,CostaRica,188,2,5,12,13,11,11,11,1,2,5,6,4,4,4,1,3,7,7,7,7,7
5474,Ireland,372,CotedIvoire,384,26,71,154,155,130,133,151,14,36,79,84,66,67,76,12,35,75,71,64,66,75
5475,Ireland,372,Croatia,191,97,269,589,591,495,506,578,51,136,306,324,255,258,296,46,133,283,267,240,248,282
5476,Ireland,372,Cuba,192,16,44,96,96,81,83,94,8,20,44,47,37,37,42,8,24,52,49,44,46,52
5477,Ireland,372,Cyprus,196,20,70,158,240,282,288,330,10,34,80,128,141,142,165,10,36,78,112,141,146,165
5478,Ireland,372,Czechia,203,265,1437,3400,5096,5953,6081,6972,130,683,1673,2825,3224,3259,3759,135,754,1727,2271,2729,2822,3213
5479,Ireland,372,DemPeoplesRepublicofKorea,408,25,70,153,153,128,131,148,10,27,63,68,51,51,58,15,43,90,85,77,80,90
5480,Ireland,372,DemocraticRepublicoftheCongo,180,10,27,60,60,51,52,58,5,12,27,29,24,24,28,5,15,33,31,27,28,30
5481,Ireland,372,Denmark,208,394,359,522,807,959,980,1122,217,192,287,402,400,402,465,177,167,235,405,559,578,657
5482,Ireland,372,Djibouti,262,0,1,2,2,1,1,0,0,1,1,1,0,0,0,0,0,1,1,1,1,0
5483,Ireland,372,Dominica,212,0,1,2,2,1,1,0,0,1,1,1,0,0,0,0,0,1,1,1,1,0
5484,Ireland,372,DominicanRepublic,214,2,5,12,12,10,10,9,1,3,8,8,6,6,5,1,2,4,4,4,4,4
5485,Ireland,372,Ecuador,218,8,21,46,46,38,39,42,3,6,15,17,12,12,13,5,15,31,29,26,27,29
5486,Ireland,372,Egypt,818,102,284,621,622,521,532,609,70,192,425,438,355,360,413,32,92,196,184,166,172,196
5487,Ireland,372,ElSalvador,222,5,14,31,31,26,27,28,2,5,13,14,11,11,11,3,9,18,17,15,16,17
5488,Ireland,372,Eritrea,232,7,20,45,45,37,38,41,4,12,29,30,23,24,26,3,8,16,15,14,14,15
5489,Ireland,372,Estonia,233,190,674,1529,2297,2686,2744,3145,93,319,750,1101,1119,1123,1299,97,355,779,1196,1567,1621,1846
5490,Ireland,372,Eswatini,748,4,11,25,25,21,21,22,2,4,10,11,9,9,9,2,7,15,14,12,12,13
5491,Ireland,372,Ethiopia,231,29,82,179,180,151,154,175,13,36,82,88,68,68,77,16,46,97,92,83,86,98
5492,Ireland,372,FalklandIslandsMalvinas,238,1,2,5,5,4,4,3,1,2,4,4,3,3,2,0,0,1,1,1,1,1
5493,Ireland,372,FaroeIslands,234,1,2,5,4,3,3,2,1,1,2,1,1,1,0,0,1,3,3,2,2,2
5494,Ireland,372,Fiji,242,3,8,17,17,14,14,14,1,3,7,7,5,5,5,2,5,10,10,9,9,9
5495,Ireland,372,Finland,246,75,266,603,844,946,966,1107,37,127,298,320,222,217,254,38,139,305,524,724,749,853
5496,Ireland,372,France,250,1917,3104,5996,9213,10912,11147,12780,747,1153,2346,4139,4606,4626,5351,1170,1951,3650,5074,6306,6521,7429
5497,Ireland,372,FrenchPolynesia,258,0,1,2,2,1,1,0,0,1,1,1,0,0,0,0,0,1,1,1,1,0
5498,Ireland,372,Gabon,266,1,3,6,5,4,4,3,1,2,3,2,2,2,1,0,1,3,3,2,2,2
5499,Ireland,372,Gambia,270,11,30,66,66,56,57,63,6,15,35,37,30,30,34,5,15,31,29,26,27,29
5500,Ireland,372,Georgia,268,49,136,298,299,250,255,290,27,73,165,174,137,138,158,22,63,133,125,113,117,132
5501,Ireland,372,Germany,276,3341,4291,7601,11805,14065,14368,16475,1653,2057,3771,5449,5424,5432,6296,1688,2234,3830,6356,8641,8936,10179
5502,Ireland,372,Ghana,288,97,268,587,588,493,504,576,45,117,267,286,221,223,257,52,151,320,302,272,281,319
5503,Ireland,372,Gibraltar,292,7,20,45,45,38,39,42,3,9,23,24,18,18,20,4,11,22,21,20,21,22
5504,Ireland,372,Greece,300,104,160,304,505,623,636,728,63,95,184,303,347,351,406,41,65,120,202,276,285,322
5505,Ireland,372,Greenland,304,0,1,2,2,1,1,0,0,1,2,2,1,1,0,0,0,0,0,0,0,0
5506,Ireland,372,Grenada,308,3,8,17,17,14,14,14,2,5,10,10,7,7,7,1,3,7,7,7,7,7
5507,Ireland,372,Guatemala,320,24,66,145,145,122,125,142,12,30,69,74,58,59,67,12,36,76,71,64,66,75
5508,Ireland,372,Guinea,324,10,27,59,59,49,50,55,6,15,34,35,27,27,30,4,12,25,24,22,23,25
5509,Ireland,372,GuineaBissau,624,0,1,2,2,1,1,0,0,1,1,1,0,0,0,0,0,1,1,1,1,0
5510,Ireland,372,Guyana,328,6,16,34,34,28,29,30,3,6,13,15,11,11,11,3,10,21,19,17,18,19
5511,Ireland,372,Haiti,332,1,3,6,5,4,4,3,0,1,3,2,1,1,0,1,2,3,3,3,3,3
5512,Ireland,372,Honduras,340,2,6,14,14,12,12,12,1,2,5,5,4,4,4,1,4,9,9,8,8,8
5513,Ireland,372,Hungary,348,167,906,2144,5545,8033,8206,9409,82,431,1056,3120,4362,4410,5085,85,475,1088,2425,3671,3796,4324
5514,Ireland,372,Iceland,352,7,20,45,45,37,38,41,3,9,23,24,17,17,19,4,11,22,21,20,21,22
5515,Ireland,372,India,356,750,2655,6019,13821,19348,19764,22662,369,1265,2967,7227,9462,9540,11015,381,1390,3052,6594,9886,10224,11647
5516,Ireland,372,Indonesia,360,24,67,148,149,125,128,145,9,23,54,60,45,45,51,15,44,94,89,80,83,94
5517,Ireland,372,IranIslamicRepublicof,364,85,237,519,520,436,445,508,56,154,344,355,287,291,334,29,83,175,165,149,154,174
5518,Ireland,372,Iraq,368,87,241,528,529,443,453,518,54,146,326,338,271,275,316,33,95,202,191,172,178,202
5519,Ireland,372,Israel,376,42,116,255,256,215,220,250,23,61,138,146,116,118,135,19,55,117,110,99,102,115
5520,Ireland,372,Italy,380,1296,1977,3745,6259,7743,7910,9070,773,1155,2237,3537,3911,3947,4556,523,822,1508,2722,3832,3963,4514
5521,Ireland,372,Jamaica,388,23,64,139,139,117,120,135,8,20,45,50,37,37,41,15,44,94,89,80,83,94
5522,Ireland,372,Japan,392,102,282,616,618,518,529,604,35,90,208,233,171,170,196,67,192,408,385,347,359,408
5523,Ireland,372,Jordan,400,22,60,131,131,109,111,124,13,33,74,77,61,61,68,9,27,57,54,48,50,56
5524,Ireland,372,Kazakhstan,398,50,138,301,302,254,259,296,23,61,138,149,116,116,134,27,77,163,153,138,143,162
5525,Ireland,372,Kenya,404,93,257,562,563,472,482,551,40,105,239,259,198,199,231,53,152,323,304,274,283,320
5526,Ireland,372,Kuwait,414,39,107,235,235,197,201,228,24,63,141,146,117,118,134,15,44,94,89,80,83,94
5527,Ireland,372,Kyrgyzstan,417,6,17,37,37,31,32,35,3,7,16,18,14,14,16,3,10,21,19,17,18,19
5528,Ireland,372,LaoPeoplesDemocraticRepublic,418,6,18,39,39,33,34,37,2,7,17,18,14,14,16,4,11,22,21,19,20,21
5529,Ireland,372,Latvia,428,703,3814,9021,16717,21660,22126,25371,346,1818,4448,8472,10056,10126,11700,357,1996,4573,8245,11604,12000,13671
5530,Ireland,372,Lebanon,422,26,71,154,155,130,133,151,15,40,88,93,74,75,86,11,31,66,62,56,58,65
5531,Ireland,372,Lesotho,426,7,20,45,45,38,39,42,3,8,20,22,17,17,18,4,12,25,23,21,22,24
5532,Ireland,372,Liberia,430,21,57,125,125,105,107,120,12,31,71,74,59,59,66,9,26,54,51,46,48,54
5533,Ireland,372,Libya,434,84,233,511,513,430,439,501,48,131,294,308,245,248,285,36,102,217,205,185,191,216
5534,Ireland,372,Liechtenstein,438,0,1,3,3,2,2,1,0,1,2,2,1,1,0,0,0,1,1,1,1,1
5535,Ireland,372,Lithuania,440,1246,6758,15984,29282,37759,38572,44229,612,3220,7878,15299,18429,18582,21455,634,3538,8106,13983,19330,19990,22774
5536,Ireland,372,Luxembourg,442,19,36,73,123,153,156,177,8,15,31,64,80,81,92,11,21,42,59,73,75,85
5537,Ireland,372,Madagascar,450,2,6,14,14,12,12,12,1,2,5,5,4,4,4,1,4,9,9,8,8,8
5538,Ireland,372,Malawi,454,14,40,88,88,74,76,85,7,20,46,49,39,40,45,7,20,42,39,35,36,40
5539,Ireland,372,Malaysia,458,171,929,2197,3430,4098,4186,4798,84,443,1083,1783,1981,1997,2305,87,486,1114,1647,2117,2189,2493
5540,Ireland,372,Maldives,462,1,2,3,3,2,2,1,1,1,0,0,0,0,0,0,1,3,3,2,2,1
5541,Ireland,372,Mali,466,6,16,34,34,28,29,30,3,7,16,17,13,13,13,3,9,18,17,15,16,17
5542,Ireland,372,Malta,470,23,81,184,299,364,372,426,11,37,88,148,163,164,190,12,44,96,151,201,208,236
5543,Ireland,372,Mauritania,478,2,4,9,9,8,8,7,1,2,5,5,5,5,4,1,2,4,4,3,3,3
5544,Ireland,372,Mauritius,480,74,206,451,1969,3163,3231,3705,42,115,257,1167,1783,1804,2081,32,91,194,802,1380,1427,1624
5545,Ireland,372,Mexico,484,59,162,355,356,299,305,347,19,47,110,125,91,90,103,40,115,245,231,208,215,244
5546,Ireland,372,Monaco,492,1,4,8,8,7,7,6,1,3,5,5,5,5,4,0,1,3,3,2,2,2
5547,Ireland,372,Mongolia,496,61,169,369,371,311,318,363,23,60,139,154,115,115,133,38,109,230,217,196,203,230
5548,Ireland,372,Montserrat,500,0,1,2,2,1,1,0,0,1,1,1,0,0,0,0,0,1,1,1,1,0
5549,Ireland,372,Morocco,504,52,145,318,319,268,274,312,36,99,221,228,186,189,215,16,46,97,91,82,85,97
5550,Ireland,372,Mozambique,508,8,21,46,46,38,39,42,4,10,24,25,19,19,21,4,11,22,21,19,20,21
5551,Ireland,372,Myanmar,104,12,35,76,76,63,64,72,6,18,40,42,32,32,37,6,17,36,34,31,32,35
5552,Ireland,372,Namibia,516,7,20,43,44,37,38,41,3,7,16,19,14,14,15,4,13,27,25,23,24,26
5553,Ireland,372,Nepal,524,26,73,159,159,133,136,154,18,49,108,111,90,92,104,8,24,51,48,43,44,50
5554,Ireland,372,Netherlands,528,1642,1728,2765,4163,4875,4980,5708,849,868,1433,2160,2277,2293,2648,793,860,1332,2003,2598,2687,3060
5555,Ireland,372,NewCaledonia,540,1,4,8,8,7,7,6,0,2,5,4,3,3,2,1,2,3,4,4,4,4
5556,Ireland,372,NewZealand,554,192,680,1542,2051,2223,2271,2604,94,323,757,1095,1133,1144,1321,98,357,785,956,1090,1127,1283
5557,Ireland,372,Nicaragua,558,3,9,19,19,16,16,16,1,4,9,9,7,7,7,2,5,10,10,9,9,9
5558,Ireland,372,Niger,562,25,69,150,150,126,129,146,10,26,60,65,49,49,56,15,43,90,85,77,80,90
5559,Ireland,372,Nigeria,566,837,4542,10745,17533,21433,21894,25104,411,2160,5287,8515,9196,9239,10687,426,2382,5458,9018,12237,12655,14417
5560,Ireland,372,NorthMacedonia,807,126,349,763,765,641,655,751,73,197,440,461,367,372,431,53,152,323,304,274,283,320
5561,Ireland,372,Norway,578,59,162,355,356,299,305,347,28,74,168,180,140,141,161,31,88,187,176,159,164,186
5562,Ireland,372,Oman,512,9,26,57,57,48,49,54,4,13,29,30,24,24,27,5,13,28,27,24,25,27
5563,Ireland,372,Pakistan,586,293,1594,3770,6971,9025,9219,10570,144,760,1860,4309,5711,5792,6667,149,834,1910,2662,3314,3427,3903
5564,Ireland,372,Panama,591,3,9,19,19,16,16,16,1,3,7,8,6,6,6,2,6,12,11,10,10,10
5565,Ireland,372,PapuaNewGuinea,598,3,7,15,15,13,13,13,2,3,6,6,5,5,5,1,4,9,9,8,8,8
5566,Ireland,372,Paraguay,600,5,14,31,31,26,27,28,2,4,10,11,8,8,8,3,10,21,20,18,19,20
5567,Ireland,372,Peru,604,24,67,147,148,124,127,144,8,21,50,57,42,42,47,16,46,97,91,82,85,97
5568,Ireland,372,Philippines,608,774,2741,6214,11553,14989,15312,17557,380,1303,3057,5176,5634,5637,6536,394,1438,3157,6377,9355,9675,11021
5569,Ireland,372,Poland,616,3168,17186,40650,90158,124820,127507,146211,1556,8183,20024,52402,71364,69919,80601,1612,9003,20626,37756,53456,57588,65610
5570,Ireland,372,Portugal,620,122,432,979,1860,2434,2486,2848,60,206,483,1069,1377,1393,1604,62,226,496,791,1057,1093,1244
5571,Ireland,372,Qatar,634,7,18,40,40,34,35,38,4,9,21,22,17,17,19,3,9,19,18,17,18,19
5572,Ireland,372,RepublicofKorea,410,37,102,224,225,189,193,219,15,38,88,97,74,74,85,22,64,136,128,115,119,134
5573,Ireland,372,RepublicofMoldova,498,113,616,1457,2814,3707,3787,4340,55,290,711,1498,1870,1887,2176,58,326,746,1316,1837,1900,2164
5574,Ireland,372,Romania,642,430,2334,5520,13632,19499,19919,22839,211,1108,2711,6949,9196,9264,10700,219,1226,2809,6683,10303,10655,12139
5575,Ireland,372,RussianFederation,643,229,1244,2943,5108,6432,6570,7532,112,590,1444,2565,2941,2960,3419,117,654,1499,2543,3491,3610,4113
5576,Ireland,372,Rwanda,646,15,42,93,93,78,80,89,6,16,38,41,31,31,34,9,26,55,52,47,49,55
5577,Ireland,372,SaintHelena,654,1,4,8,8,7,7,6,0,1,2,2,1,1,0,1,3,6,6,6,6,6
5578,Ireland,372,SaintKittsandNevis,659,0,1,3,3,2,2,1,0,1,2,2,1,1,0,0,0,1,1,1,1,1
5579,Ireland,372,SaintLucia,662,1,4,8,8,7,7,6,1,3,5,5,5,5,4,0,1,3,3,2,2,2
5580,Ireland,372,SaintVincentandtheGrenadines,670,1,2,3,3,2,2,1,1,2,2,2,1,1,0,0,0,1,1,1,1,1
5581,Ireland,372,Samoa,882,3,7,15,15,13,13,13,1,3,6,6,4,4,4,2,4,9,9,9,9,9
5582,Ireland,372,SaudiArabia,682,82,229,501,502,420,429,490,42,114,257,272,213,215,247,40,115,244,230,207,214,243
5583,Ireland,372,Senegal,686,4,12,26,26,22,22,23,2,6,13,13,10,10,10,2,6,13,13,12,12,13
5584,Ireland,372,Seychelles,690,2,5,12,13,11,11,11,1,2,5,6,4,4,4,1,3,7,7,7,7,7
5585,Ireland,372,SierraLeone,694,38,105,229,229,192,196,223,23,61,136,141,113,114,131,15,44,93,88,79,82,92
5586,Ireland,372,Singapore,702,42,115,252,252,211,216,246,20,52,119,127,98,99,114,22,63,133,125,113,117,132
5587,Ireland,372,Slovakia,703,412,2234,5284,9193,11589,11838,13573,203,1065,2605,5357,6741,6824,7862,209,1169,2679,3836,4848,5014,5711
5588,Ireland,372,Slovenia,705,11,38,87,160,206,210,239,5,17,41,86,106,107,123,6,21,46,74,100,103,116
5589,Ireland,372,SolomonIslands,90,0,1,3,3,2,2,1,0,1,2,2,1,1,0,0,0,1,1,1,1,1
5590,Ireland,372,Somalia,706,102,282,618,620,520,531,606,55,146,328,347,274,277,317,47,136,290,273,246,254,289
5591,Ireland,372,SouthAfrica,710,621,2196,4979,7504,8794,8983,10299,306,1047,2457,3856,4159,4190,4839,315,1149,2522,3648,4635,4793,5460
5592,Ireland,372,Spain,724,499,1765,4000,6314,7588,7751,8886,246,842,1974,2713,2548,2539,2948,253,923,2026,3601,5040,5212,5938
5593,Ireland,372,SriLanka,144,46,127,278,278,233,238,271,27,73,163,169,135,137,157,19,54,115,109,98,101,114
5594,Ireland,372,StateofPalestine,275,13,36,79,79,66,67,75,9,25,55,56,45,45,51,4,11,24,23,21,22,24
5595,Ireland,372,Sudan,729,113,314,687,688,576,588,673,73,198,440,456,367,372,428,40,116,247,232,209,216,245
5596,Ireland,372,Suriname,740,2,6,14,14,12,12,12,1,2,5,5,4,4,4,1,4,9,9,8,8,8
5597,Ireland,372,Sweden,752,145,515,1168,1633,1829,1868,2140,71,245,575,684,560,556,646,74,270,593,949,1269,1312,1494
5598,Ireland,372,Switzerland,756,106,294,644,646,541,553,633,43,112,258,282,212,213,246,63,182,386,364,329,340,387
5599,Ireland,372,SyrianArabRepublic,760,22,61,133,133,112,507,2937,15,41,91,94,77,305,1776,7,20,42,39,35,202,1161
5600,Ireland,372,Tajikistan,762,4,11,25,25,21,21,22,2,4,10,11,9,9,9,2,7,15,14,12,12,13
5601,Ireland,372,Thailand,764,103,285,624,626,524,535,612,32,80,188,215,154,152,177,71,205,436,411,370,383,435
5602,Ireland,372,TimorLeste,626,1,2,5,4,3,3,2,1,1,2,1,1,1,0,0,1,3,3,2,2,2
5603,Ireland,372,Togo,768,22,61,133,133,112,114,128,13,35,79,83,67,67,75,9,26,54,50,45,47,53
5604,Ireland,372,Tonga,776,0,1,2,2,1,1,0,0,1,2,2,1,1,0,0,0,0,0,0,0,0
5605,Ireland,372,TrinidadandTobago,780,22,60,131,131,109,111,124,9,22,49,54,39,39,43,13,38,82,77,70,72,81
5606,Ireland,372,Tunisia,788,19,53,116,117,98,100,113,15,42,94,96,78,79,91,4,11,22,21,20,21,22
5607,Ireland,372,Turkey,792,94,260,570,572,479,489,559,72,196,434,444,363,369,424,22,64,136,128,116,120,135
5608,Ireland,372,Turkmenistan,795,1,3,6,5,4,4,3,0,1,3,2,1,1,0,1,2,3,3,3,3,3
5609,Ireland,372,TurksandCaicosIslands,796,0,1,2,2,1,1,0,0,1,2,2,1,1,0,0,0,0,0,0,0,0
5610,Ireland,372,Uganda,800,29,80,175,175,146,149,169,13,35,79,85,65,65,74,16,45,96,90,81,84,95
5611,Ireland,372,Ukraine,804,170,925,2189,3627,4468,4564,5232,83,438,1072,1978,2349,2373,2736,87,487,1117,1649,2119,2191,2496
5612,Ireland,372,UnitedArabEmirates,784,39,107,235,235,197,201,228,20,53,121,128,101,102,116,19,54,114,107,96,99,112
5613,Ireland,372,UnitedKingdom,826,184671,124169,131924,207764,249392,267364,305197,90869,59132,65087,107625,119746,135582,155565,93802,65037,66837,100139,129646,131782,149632
5614,Ireland,372,UnitedRepublicofTanzania,834,24,67,147,147,122,125,142,11,29,65,70,53,54,62,13,38,82,77,69,71,80
5615,Ireland,372,UnitedStatesofAmerica,840,15922,12608,16225,25210,30043,30690,35190,7656,5860,7824,12433,13375,13453,15552,8266,6748,8401,12777,16668,17237,19638
5616,Ireland,372,Uruguay,858,11,30,65,65,54,55,61,5,13,29,31,23,23,26,6,17,36,34,31,32,35
5617,Ireland,372,Uzbekistan,860,18,49,108,108,90,92,105,8,20,47,50,37,37,43,10,29,61,58,53,55,62
5618,Ireland,372,Vanuatu,548,0,1,2,2,1,1,0,0,1,1,1,0,0,0,0,0,1,1,1,1,0
5619,Ireland,372,VenezuelaBolivarianRepublicof,862,24,67,148,149,125,128,145,11,29,67,73,56,57,65,13,38,81,76,69,71,80
5620,Ireland,372,VietNam,704,122,338,740,742,622,635,727,47,121,280,308,230,230,267,75,217,460,434,392,405,460
5621,Ireland,372,WesternSahara,732,0,1,2,2,1,1,0,0,1,2,2,1,1,0,0,0,0,0,0,0,0
5622,Ireland,372,Yemen,887,6,16,36,36,30,31,34,3,9,21,22,17,18,20,3,7,15,14,13,13,14
5623,Ireland,372,Zambia,894,65,181,396,397,333,340,388,31,83,187,200,155,156,179,34,98,209,197,178,184,209
5624,Ireland,372,Zimbabwe,716,185,653,1480,2459,3033,3098,3551,91,311,730,1244,1398,1407,1626,94,342,750,1215,1635,1691,1925
5625,IsleofMan,833,Melanesia,928,0,0,0,0,0,0,0,0,0,0,0,0,0,0,0,0,0,0,0,0,0
5626,IsleofMan,833,Micronesia,954,0,0,0,0,0,0,0,0,0,0,0,0,0,0,0,0,0,0,0,0,0
5627,IsleofMan,833,Polynesia,957,0,0,0,0,0,0,0,0,0,0,0,0,0,0,0,0,0,0,0,0,0
5628,IsleofMan,833,Australia,36,123,140,157,258,356,188,190,57,65,73,115,156,91,93,66,75,84,143,200,97,97
5629,IsleofMan,833,Canada,124,104,119,133,167,198,157,158,46,53,59,70,79,76,77,58,66,74,97,119,81,81
5630,IsleofMan,833,Ireland,372,1628,1700,1771,1955,2116,1540,1567,693,717,740,770,786,649,660,935,983,1031,1185,1330,891,907
5631,IsleofMan,833,NewZealand,554,48,55,61,76,91,85,85,28,32,36,43,50,47,48,20,23,25,33,41,38,37
5632,IsleofMan,833,SouthAfrica,710,303,345,387,485,577,807,821,145,164,184,220,252,398,405,158,181,203,265,325,409,416
5633,IsleofMan,833,UnitedKingdom,826,30510,32475,34442,36200,37521,33553,34195,14427,15546,16664,17945,18922,16647,16967,16083,16929,17778,18255,18599,16906,17228
5634,IsleofMan,833,ChannelIslands,830,182,195,208,232,253,170,172,105,114,124,133,140,97,99,77,81,84,99,113,73,73
5635,IsleofMan,833,UnitedStatesofAmerica,840,242,210,178,223,265,227,230,108,89,71,83,94,101,104,134,121,107,140,171,126,126
5636,Latvia,428,Melanesia,928,0,0,0,0,0,0,0,0,0,0,0,0,0,0,0,0,0,0,0,0,0
5637,Latvia,428,Micronesia,954,1,1,1,0,0,0,0,0,0,0,0,0,0,0,1,1,1,0,0,0,0
5638,Latvia,428,Polynesia,957,0,0,0,0,0,0,0,0,0,0,0,0,0,0,0,0,0,0,0,0,0
5639,Latvia,428,Afghanistan,4,20,22,24,24,25,27,46,8,15,22,23,24,21,26,12,7,2,1,1,6,20
5640,Latvia,428,Albania,8,4,6,8,7,7,9,12,2,3,4,4,5,5,6,2,3,4,3,2,4,6
5641,Latvia,428,Algeria,12,6,9,12,14,17,15,18,5,8,10,12,15,12,14,1,1,2,2,2,3,4
5642,Latvia,428,Andorra,20,0,0,0,0,1,0,0,0,0,0,0,1,0,0,0,0,0,0,0,0,0
5643,Latvia,428,Angola,24,1,1,2,2,2,2,0,0,0,1,1,1,1,0,1,1,1,1,1,1,0
5644,Latvia,428,Anguilla,660,4,6,9,4,0,0,0,2,4,6,3,0,0,0,2,2,3,1,0,0,0
5645,Latvia,428,AntiguaandBarbuda,28,0,0,0,0,0,1,0,0,0,0,0,0,0,0,0,0,0,0,0,1,0
5646,Latvia,428,Argentina,32,9,14,20,21,22,12,22,3,5,7,9,11,4,14,6,9,13,12,11,8,8
5647,Latvia,428,Armenia,51,1552,1312,1073,1010,922,693,708,921,795,669,632,574,425,414,631,517,404,378,348,268,294
5648,Latvia,428,Aruba,533,1,1,1,0,0,1,0,1,1,1,0,0,1,0,0,0,0,0,0,0,0
5649,Latvia,428,Australia,36,45,69,93,131,166,83,111,26,40,54,82,106,59,77,19,29,39,49,60,24,34
5650,Latvia,428,Austria,40,50,77,104,124,142,90,101,27,42,56,67,76,52,62,23,35,48,57,66,38,39
5651,Latvia,428,Azerbaijan,31,1399,2254,3109,2806,2433,1922,1953,1002,1435,1868,1674,1422,1099,1164,397,819,1241,1132,1011,823,789
5652,Latvia,428,Bahrain,48,0,0,0,0,0,1,0,0,0,0,0,0,1,0,0,0,0,0,0,0,0
5653,Latvia,428,Bangladesh,50,3,4,5,6,8,5,15,3,4,5,6,8,4,11,0,0,0,0,0,1,4
5654,Latvia,428,Barbados,52,2,2,3,1,0,2,2,1,1,2,1,0,0,0,1,1,1,0,0,2,2
5655,Latvia,428,Belarus,112,60530,69060,77583,67044,54799,48588,42251,26196,27849,29500,25008,19259,16745,14448,34334,41211,48083,42036,35540,31843,27803
5656,Latvia,428,Belgium,56,14,21,28,72,116,111,123,9,13,17,42,67,60,66,5,8,11,30,49,51,57
5657,Latvia,428,Benin,204,0,0,0,0,0,2,1,0,0,0,0,0,2,1,0,0,0,0,0,0,0
5658,Latvia,428,BoliviaPlurinationalStateof,68,0,0,0,0,0,0,1,0,0,0,0,0,0,1,0,0,0,0,0,0,0
5659,Latvia,428,BosniaandHerzegovina,70,2,2,3,4,6,7,9,2,2,3,4,6,6,9,0,0,0,0,0,1,0
5660,Latvia,428,Botswana,72,0,0,0,0,0,1,0,0,0,0,0,0,0,0,0,0,0,0,0,1,0
5661,Latvia,428,Brazil,76,8,12,17,27,37,21,46,4,6,8,18,27,15,33,4,6,9,9,10,6,13
5662,Latvia,428,Bulgaria,100,390,220,50,297,538,157,112,187,109,31,251,465,102,82,203,111,19,46,73,55,30
5663,Latvia,428,Burundi,108,1,1,1,0,0,1,0,1,1,1,0,0,1,0,0,0,0,0,0,0,0
5664,Latvia,428,CaboVerde,132,1,1,1,1,1,0,0,1,1,1,1,1,0,0,0,0,0,0,0,0,0
5665,Latvia,428,Cameroon,120,1,1,1,1,2,1,4,1,1,1,1,2,1,4,0,0,0,0,0,0,0
5666,Latvia,428,Canada,124,42,64,87,119,148,120,177,23,35,47,68,85,65,102,19,29,40,51,63,55,75
5667,Latvia,428,CentralAfricanRepublic,140,1,1,2,1,1,0,0,0,0,1,1,1,0,0,1,1,1,0,0,0,0
5668,Latvia,428,Chile,152,1,1,2,3,5,5,7,1,1,2,3,5,4,7,0,0,0,0,0,1,0
5669,Latvia,428,China,156,24,175,326,281,230,268,369,10,93,175,149,118,152,208,14,82,151,132,112,116,161
5670,Latvia,428,Colombia,170,2,3,4,7,10,6,13,0,0,0,2,4,2,6,2,3,4,5,6,4,7
5671,Latvia,428,Congo,178,1,1,2,1,1,0,0,1,1,2,1,1,0,0,0,0,0,0,0,0,0
5672,Latvia,428,CostaRica,188,0,0,0,0,1,2,0,0,0,0,0,0,1,0,0,0,0,0,1,1,0
5673,Latvia,428,CotedIvoire,384,1,1,2,2,2,3,1,1,1,2,2,2,2,1,0,0,0,0,0,1,0
5674,Latvia,428,Croatia,191,4,6,8,7,6,7,8,3,5,7,6,5,5,6,1,1,1,1,1,2,2
5675,Latvia,428,Cuba,192,21,45,70,64,57,46,46,9,27,45,41,36,29,29,12,18,25,23,21,17,17
5676,Latvia,428,Cyprus,196,2,2,3,12,22,44,59,1,1,1,5,9,26,33,1,1,2,7,13,18,26
5677,Latvia,428,Czechia,203,48,112,176,215,249,137,159,21,41,61,97,128,48,57,27,71,115,118,121,89,102
5678,Latvia,428,DemPeoplesRepublicofKorea,408,204,109,14,14,14,11,10,91,50,9,9,9,6,5,113,59,5,5,5,5,5
5679,Latvia,428,DemocraticRepublicoftheCongo,180,0,0,0,0,0,0,4,0,0,0,0,0,0,4,0,0,0,0,0,0,0
5680,Latvia,428,Denmark,208,35,93,151,222,288,203,238,14,67,119,177,229,160,187,21,26,32,45,59,43,51
5681,Latvia,428,DominicanRepublic,214,0,0,0,0,1,1,0,0,0,0,0,1,0,0,0,0,0,0,0,1,0
5682,Latvia,428,Ecuador,218,0,0,0,0,0,2,3,0,0,0,0,0,0,0,0,0,0,0,0,2,3
5683,Latvia,428,Egypt,818,5,8,11,26,42,37,80,4,7,10,22,35,28,64,1,1,1,4,7,9,16
5684,Latvia,428,Eritrea,232,0,0,0,0,0,0,5,0,0,0,0,0,0,5,0,0,0,0,0,0,0
5685,Latvia,428,Estonia,233,1675,2872,4069,3803,3442,3081,2847,723,1299,1874,1758,1568,1403,1308,952,1573,2195,2045,1874,1678,1539
5686,Latvia,428,FaroeIslands,234,0,0,0,0,0,2,1,0,0,0,0,0,1,1,0,0,0,0,0,1,0
5687,Latvia,428,Finland,246,1199,684,170,226,277,170,151,790,445,101,136,166,95,88,409,239,69,90,111,75,63
5688,Latvia,428,France,250,26,77,128,232,331,181,279,11,39,67,131,190,106,166,15,38,61,101,141,75,113
5689,Latvia,428,Gabon,266,0,0,0,0,0,1,0,0,0,0,0,0,1,0,0,0,0,0,0,0,0
5690,Latvia,428,Gambia,270,0,0,0,0,0,0,1,0,0,0,0,0,0,1,0,0,0,0,0,0,0
5691,Latvia,428,Georgia,268,697,1368,2039,1850,1614,1317,1285,427,790,1153,1044,896,720,719,270,578,886,806,718,597,566
5692,Latvia,428,Germany,276,1913,3084,4256,3723,3097,2424,2163,832,1855,2879,2245,1533,1160,1049,1081,1229,1377,1478,1564,1264,1114
5693,Latvia,428,Ghana,288,0,0,0,0,0,5,7,0,0,0,0,0,5,7,0,0,0,0,0,0,0
5694,Latvia,428,Greece,300,326,169,12,23,34,42,51,147,77,7,14,21,24,33,179,92,5,9,13,18,18
5695,Latvia,428,Greenland,304,0,0,0,0,1,1,0,0,0,0,0,1,0,0,0,0,0,0,0,1,0
5696,Latvia,428,Guatemala,320,0,0,0,0,0,1,1,0,0,0,0,0,1,1,0,0,0,0,0,0,0
5697,Latvia,428,Hungary,348,293,289,285,267,244,193,183,153,145,136,125,110,87,84,140,144,149,142,134,106,99
5698,Latvia,428,Iceland,352,4,6,9,24,40,29,53,3,5,7,20,33,18,33,1,1,2,4,7,11,20
5699,Latvia,428,India,356,35,54,74,89,102,131,1290,26,41,56,73,87,118,1125,9,13,18,16,15,13,165
5700,Latvia,428,Indonesia,360,2,2,3,3,3,3,3,1,1,2,2,2,2,3,1,1,1,1,1,1,0
5701,Latvia,428,IranIslamicRepublicof,364,15,22,30,34,38,35,46,11,16,22,27,32,22,32,4,6,8,7,6,13,14
5702,Latvia,428,Iraq,368,3,4,5,8,11,33,52,2,3,3,5,6,17,31,1,1,2,3,5,16,21
5703,Latvia,428,Ireland,372,14,21,28,399,761,731,936,5,7,9,201,385,418,544,9,14,19,198,376,313,392
5704,Latvia,428,Israel,376,21,32,43,81,117,78,108,14,21,28,49,67,46,65,7,11,15,32,50,32,43
5705,Latvia,428,Italy,380,16,36,57,189,317,249,328,8,22,36,128,216,175,240,8,14,21,61,101,74,88
5706,Latvia,428,Jamaica,388,0,0,0,0,1,1,2,0,0,0,0,1,1,2,0,0,0,0,0,0,0
5707,Latvia,428,Japan,392,4,6,9,12,15,16,27,1,2,4,5,6,7,13,3,4,5,7,9,9,14
5708,Latvia,428,Jordan,400,3,5,7,7,7,4,4,2,4,6,6,6,4,4,1,1,1,1,1,0,0
5709,Latvia,428,Kazakhstan,398,528,4627,8726,7993,7058,5931,5651,331,2205,4079,3711,3185,2659,2561,197,2422,4647,4282,3873,3272,3090
5710,Latvia,428,Kenya,404,0,0,0,1,3,3,4,0,0,0,0,1,2,4,0,0,0,1,2,1,0
5711,Latvia,428,Kuwait,414,1,1,2,2,3,3,5,0,0,1,2,3,3,5,1,1,1,0,0,0,0
5712,Latvia,428,Kyrgyzstan,417,593,913,1233,1124,987,809,757,265,410,554,500,424,353,331,328,503,679,624,563,456,426
5713,Latvia,428,Lebanon,422,45,42,40,44,48,29,39,20,28,36,40,43,26,34,25,14,4,4,5,3,5
5714,Latvia,428,Libya,434,2,2,3,4,6,3,4,1,1,1,2,3,1,2,1,1,2,2,3,2,2
5715,Latvia,428,Liechtenstein,438,0,0,0,0,0,1,0,0,0,0,0,0,1,0,0,0,0,0,0,0,0
5716,Latvia,428,Lithuania,440,17512,22699,27884,24365,20226,16668,14209,8077,9854,11629,10126,8155,6447,5430,9435,12845,16255,14239,12071,10221,8779
5717,Latvia,428,Luxembourg,442,1,1,1,7,13,7,10,0,0,0,4,8,2,5,1,1,1,3,5,5,5
5718,Latvia,428,Madagascar,450,1,1,1,0,0,0,0,1,1,1,0,0,0,0,0,0,0,0,0,0,0
5719,Latvia,428,Malawi,454,1,1,1,0,0,0,0,0,0,0,0,0,0,0,1,1,1,0,0,0,0
5720,Latvia,428,Malaysia,458,7,10,14,9,4,7,8,5,7,10,7,3,5,5,2,3,4,2,1,2,3
5721,Latvia,428,Mali,466,2,2,3,2,1,2,0,2,2,3,2,1,2,0,0,0,0,0,0,0,0
5722,Latvia,428,Malta,470,2,2,3,6,10,6,23,1,1,2,5,8,5,13,1,1,1,1,2,1,10
5723,Latvia,428,Mauritania,478,0,0,0,0,0,1,0,0,0,0,0,0,1,0,0,0,0,0,0,0,0
5724,Latvia,428,Mauritius,480,0,0,0,0,0,2,4,0,0,0,0,0,1,2,0,0,0,0,0,1,2
5725,Latvia,428,Mexico,484,6,9,12,28,45,13,26,3,5,7,22,38,11,19,3,4,5,6,7,2,7
5726,Latvia,428,Monaco,492,0,0,0,0,0,1,0,0,0,0,0,0,1,0,0,0,0,0,0,0,0
5727,Latvia,428,Mongolia,496,87,133,180,155,128,109,103,39,60,82,68,51,42,39,48,73,98,87,77,67,64
5728,Latvia,428,Montenegro,499,0,0,0,0,0,0,1,0,0,0,0,0,0,1,0,0,0,0,0,0,0
5729,Latvia,428,Morocco,504,3,4,5,8,11,12,24,1,2,2,6,9,11,20,2,2,3,2,2,1,4
5730,Latvia,428,Mozambique,508,0,0,0,0,0,1,0,0,0,0,0,0,1,0,0,0,0,0,0,0,0
5731,Latvia,428,Namibia,516,0,0,0,0,0,1,0,0,0,0,0,0,0,0,0,0,0,0,0,1,0
5732,Latvia,428,Nepal,524,1,1,2,8,14,16,45,0,0,1,7,13,14,35,1,1,1,1,1,2,10
5733,Latvia,428,Netherlands,528,16,29,42,89,134,135,161,7,21,34,70,103,92,112,9,8,8,19,31,43,49
5734,Latvia,428,NewZealand,554,5,8,11,12,14,5,13,4,7,10,10,10,3,10,1,1,1,2,4,2,3
5735,Latvia,428,Nicaragua,558,1,1,1,0,0,0,0,0,0,0,0,0,0,0,1,1,1,0,0,0,0
5736,Latvia,428,Nigeria,566,4,6,8,10,12,13,22,3,5,7,10,12,12,17,1,1,1,0,0,1,5
5737,Latvia,428,NorthMacedonia,807,0,0,0,0,0,12,17,0,0,0,0,0,8,12,0,0,0,0,0,4,5
5738,Latvia,428,Norway,578,22,37,52,123,192,325,443,9,22,34,83,129,184,267,13,15,18,40,63,141,176
5739,Latvia,428,Pakistan,586,16,25,34,34,35,24,228,14,23,31,30,30,21,204,2,2,3,4,5,3,24
5740,Latvia,428,Palau,585,1,1,1,0,0,0,0,0,0,0,0,0,0,0,1,1,1,0,0,0,0
5741,Latvia,428,Paraguay,600,1,1,2,1,1,3,0,0,0,1,1,1,2,0,1,1,1,0,0,1,0
5742,Latvia,428,Peru,604,3,5,7,7,8,7,9,2,4,5,6,7,5,6,1,1,2,1,1,2,3
5743,Latvia,428,Philippines,608,1,1,2,3,5,108,99,0,0,1,1,2,106,91,1,1,1,2,3,2,8
5744,Latvia,428,Poland,616,30550,16038,1526,1397,1233,832,767,11857,6218,579,586,566,372,342,18693,9820,947,811,667,460,425
5745,Latvia,428,Portugal,620,1,1,2,27,52,48,42,1,1,2,19,36,31,31,0,0,0,8,16,17,11
5746,Latvia,428,Qatar,634,0,0,0,0,0,1,5,0,0,0,0,0,0,2,0,0,0,0,0,1,3
5747,Latvia,428,RepublicofKorea,410,9,13,18,27,37,30,33,5,7,10,14,18,21,20,4,6,8,13,19,9,13
5748,Latvia,428,RepublicofMoldova,498,1629,2027,2426,2261,2039,1705,1707,953,1116,1279,1192,1059,851,863,676,911,1147,1069,980,854,844
5749,Latvia,428,Romania,642,3562,1815,69,191,310,68,71,1677,857,38,157,272,36,39,1885,958,31,34,38,32,32
5750,Latvia,428,RussianFederation,643,473207,354000,234753,201748,163606,136376,116771,211544,151461,91368,77739,60300,49869,43087,261663,202539,143385,124009,103306,86507,73684
5751,Latvia,428,Rwanda,646,1,1,1,0,0,1,1,1,1,1,0,0,1,1,0,0,0,0,0,0,0
5752,Latvia,428,SaudiArabia,682,0,0,0,1,2,5,13,0,0,0,1,2,3,10,0,0,0,0,0,2,3
5753,Latvia,428,Serbia,688,17,8,0,3,6,10,22,8,4,0,3,6,8,16,9,4,0,0,0,2,6
5754,Latvia,428,SierraLeone,694,2,2,3,2,1,1,0,2,2,3,2,1,1,0,0,0,0,0,0,0,0
5755,Latvia,428,Singapore,702,2,2,3,4,5,4,1,1,1,1,3,4,3,1,1,1,2,1,1,1,0
5756,Latvia,428,Slovakia,703,21,19,17,36,56,22,36,8,8,7,19,32,13,22,13,11,10,17,24,9,14
5757,Latvia,428,Slovenia,705,2,3,4,7,11,6,12,0,1,1,3,6,3,6,2,2,3,4,5,3,6
5758,Latvia,428,Somalia,706,0,0,0,2,5,5,3,0,0,0,2,4,4,3,0,0,0,0,1,1,0
5759,Latvia,428,SouthAfrica,710,2,2,3,8,13,13,23,1,1,2,6,9,9,14,1,1,1,2,4,4,9
5760,Latvia,428,SouthSudan,728,1,1,2,2,2,0,0,0,0,1,2,2,0,0,1,1,1,0,0,0,0
5761,Latvia,428,Spain,724,18,17,17,107,196,148,220,8,9,11,68,123,96,142,10,8,6,39,73,52,78
5762,Latvia,428,SriLanka,144,31,21,12,26,40,28,173,13,12,11,19,27,18,125,18,9,1,7,13,10,48
5763,Latvia,428,StateofPalestine,275,0,0,0,0,1,2,3,0,0,0,0,1,2,3,0,0,0,0,0,0,0
5764,Latvia,428,Sudan,729,1,1,2,1,1,3,5,1,1,2,1,1,2,5,0,0,0,0,0,1,0
5765,Latvia,428,Sweden,752,128,167,206,331,449,324,272,89,113,137,223,302,193,182,39,54,69,108,147,131,90
5766,Latvia,428,Switzerland,756,11,17,24,58,91,56,97,7,11,15,36,56,33,67,4,6,9,22,35,23,30
5767,Latvia,428,SyrianArabRepublic,760,5,7,10,15,20,22,63,4,6,9,15,20,18,48,1,1,1,0,0,4,15
5768,Latvia,428,Tajikistan,762,47,434,821,754,669,536,565,20,214,408,376,330,257,290,27,220,413,378,339,279,275
5769,Latvia,428,Thailand,764,1,1,2,7,13,8,29,0,0,0,0,1,3,5,1,1,2,7,12,5,24
5770,Latvia,428,Togo,768,1,1,1,0,0,0,0,1,1,1,0,0,0,0,0,0,0,0,0,0,0
5771,Latvia,428,TrinidadandTobago,780,0,0,0,1,2,1,0,0,0,0,1,2,0,0,0,0,0,0,0,1,0
5772,Latvia,428,Tunisia,788,0,0,0,1,2,2,4,0,0,0,1,2,2,4,0,0,0,0,0,0,0
5773,Latvia,428,Turkey,792,12,18,25,66,106,108,229,9,14,20,50,78,83,181,3,4,5,16,28,25,48
5774,Latvia,428,Turkmenistan,795,23,475,928,831,714,589,552,10,229,448,401,337,278,253,13,246,480,430,377,311,299
5775,Latvia,428,Uganda,800,1,1,2,2,2,0,1,0,0,1,2,2,0,0,1,1,1,0,0,0,1
5776,Latvia,428,Ukraine,804,46572,49867,53157,47145,39933,34080,32262,23774,24807,25837,22647,18518,15641,15345,22798,25060,27320,24498,21415,18439,16917
5777,Latvia,428,UnitedArabEmirates,784,1,1,2,5,9,12,33,1,1,2,4,6,5,24,0,0,0,1,3,7,9
5778,Latvia,428,UnitedKingdom,826,117,167,218,803,1369,2218,3712,85,118,152,479,789,1318,2162,32,49,66,324,580,900,1550
5779,Latvia,428,UnitedRepublicofTanzania,834,0,0,0,0,1,2,2,0,0,0,0,1,2,2,0,0,0,0,0,0,0
5780,Latvia,428,UnitedStatesofAmerica,840,167,323,479,603,712,426,543,82,175,268,335,388,245,331,85,148,211,268,324,181,212
5781,Latvia,428,Uruguay,858,3,4,5,3,2,3,3,1,2,2,2,2,2,1,2,2,3,1,0,1,2
5782,Latvia,428,Uzbekistan,860,309,1614,2919,2641,2296,2052,2569,108,720,1332,1211,1038,961,1409,201,894,1587,1430,1258,1091,1160
5783,Latvia,428,VenezuelaBolivarianRepublicof,862,6,9,12,23,35,22,34,3,5,6,13,21,15,19,3,4,6,10,14,7,15
5784,Latvia,428,VietNam,704,3,5,7,8,10,7,83,2,4,6,6,6,5,37,1,1,1,2,4,2,46
5785,Latvia,428,WesternSahara,732,0,0,0,0,0,1,0,0,0,0,0,0,1,0,0,0,0,0,0,0,0
5786,Latvia,428,Yemen,887,1,1,1,0,0,1,0,1,1,1,0,0,1,0,0,0,0,0,0,0,0
5787,Latvia,428,Zambia,894,0,0,0,0,0,1,0,0,0,0,0,0,1,0,0,0,0,0,0,0,0
5788,Latvia,428,Zimbabwe,716,1,1,2,3,4,3,2,1,1,2,3,4,3,2,0,0,0,0,0,0,0
5789,Lithuania,440,Melanesia,928,0,0,0,0,0,0,0,0,0,0,0,0,0,0,0,0,0,0,0,0,0
5790,Lithuania,440,Micronesia,954,0,0,0,0,0,0,0,0,0,0,0,0,0,0,0,0,0,0,0,0,0
5791,Lithuania,440,Polynesia,957,0,0,0,0,0,1,0,0,0,0,0,0,0,0,0,0,0,0,0,1,0
5792,Lithuania,440,Afghanistan,4,40,45,35,31,24,20,41,26,29,23,24,22,16,22,14,16,12,7,2,4,19
5793,Lithuania,440,Albania,8,0,0,0,0,0,4,28,0,0,0,0,0,3,14,0,0,0,0,0,1,14
5794,Lithuania,440,Algeria,12,0,0,0,0,0,8,11,0,0,0,0,0,5,8,0,0,0,0,0,3,3
5795,Lithuania,440,Angola,24,0,0,0,0,0,1,2,0,0,0,0,0,1,2,0,0,0,0,0,0,0
5796,Lithuania,440,Argentina,32,83,93,72,74,67,53,65,45,50,39,39,32,24,37,38,43,33,35,35,29,28
5797,Lithuania,440,Armenia,51,815,870,681,729,678,579,427,562,601,470,501,451,383,272,253,269,211,228,227,196,155
5798,Lithuania,440,Aruba,533,0,0,0,0,0,2,1,0,0,0,0,0,1,1,0,0,0,0,0,1,0
5799,Lithuania,440,Australia,36,22,25,19,33,44,41,57,13,14,11,25,35,32,48,9,11,8,8,9,9,9
5800,Lithuania,440,Austria,40,48,53,41,54,60,60,80,24,25,20,30,34,34,48,24,28,21,24,26,26,32
5801,Lithuania,440,Azerbaijan,31,2193,1711,1340,1271,1031,878,690,1508,1178,922,859,660,562,428,685,533,418,412,371,316,262
5802,Lithuania,440,Bahamas,44,0,0,0,0,0,1,0,0,0,0,0,0,1,0,0,0,0,0,0,0,0
5803,Lithuania,440,Bahrain,48,0,0,0,0,0,2,5,0,0,0,0,0,1,1,0,0,0,0,0,1,4
5804,Lithuania,440,Bangladesh,50,0,0,0,0,0,5,44,0,0,0,0,0,5,41,0,0,0,0,0,0,3
5805,Lithuania,440,Belarus,112,80249,71602,56088,52280,41370,33613,33813,34760,31169,24352,22282,15662,12041,15369,45489,40433,31736,29998,25708,21572,18444
5806,Lithuania,440,Belgium,56,30,34,26,123,205,181,272,22,24,19,77,123,108,180,8,10,7,46,82,73,92
5807,Lithuania,440,Belize,84,0,0,0,0,0,1,0,0,0,0,0,0,1,0,0,0,0,0,0,0,0
5808,Lithuania,440,Benin,204,0,0,0,0,0,1,0,0,0,0,0,0,1,0,0,0,0,0,0,0,0
5809,Lithuania,440,BoliviaPlurinationalStateof,68,0,0,0,0,0,3,1,0,0,0,0,0,3,1,0,0,0,0,0,0,0
5810,Lithuania,440,BosniaandHerzegovina,70,0,0,0,0,0,3,2,0,0,0,0,0,3,2,0,0,0,0,0,0,0
5811,Lithuania,440,Brazil,76,75,84,65,72,70,61,77,36,39,30,33,29,21,36,39,45,35,39,41,40,41
5812,Lithuania,440,Bulgaria,100,33,37,28,59,83,74,140,27,31,24,47,64,54,101,6,6,4,12,19,20,39
5813,Lithuania,440,Cambodia,116,0,0,0,0,0,5,4,0,0,0,0,0,2,0,0,0,0,0,0,3,4
5814,Lithuania,440,Cameroon,120,0,0,0,0,0,7,30,0,0,0,0,0,4,22,0,0,0,0,0,3,8
5815,Lithuania,440,Canada,124,66,74,57,49,36,29,38,34,38,29,27,20,13,22,32,36,28,22,16,16,16
5816,Lithuania,440,Chile,152,0,0,0,0,0,6,4,0,0,0,0,0,4,2,0,0,0,0,0,2,2
5817,Lithuania,440,China,156,157,175,137,105,60,53,191,92,103,81,46,2,0,48,65,72,56,59,58,53,143
5818,Lithuania,440,Colombia,170,0,0,0,0,0,10,19,0,0,0,0,0,5,7,0,0,0,0,0,5,12
5819,Lithuania,440,Congo,178,0,0,0,0,0,5,6,0,0,0,0,0,3,4,0,0,0,0,0,2,2
5820,Lithuania,440,CotedIvoire,384,0,0,0,0,0,0,1,0,0,0,0,0,0,1,0,0,0,0,0,0,0
5821,Lithuania,440,Croatia,191,0,0,0,0,0,7,35,0,0,0,0,0,3,27,0,0,0,0,0,4,8
5822,Lithuania,440,Cuba,192,0,0,0,0,0,16,14,0,0,0,0,0,8,5,0,0,0,0,0,8,9
5823,Lithuania,440,Cyprus,196,3,4,3,19,33,33,51,0,0,0,12,21,19,30,3,4,3,7,12,14,21
5824,Lithuania,440,Czechia,203,66,74,57,81,94,87,120,33,37,28,40,44,39,62,33,37,29,41,50,48,58
5825,Lithuania,440,DemPeoplesRepublicofKorea,408,0,0,0,0,0,7,6,0,0,0,0,0,2,1,0,0,0,0,0,5,5
5826,Lithuania,440,DemocraticRepublicoftheCongo,180,0,0,0,0,0,3,3,0,0,0,0,0,2,1,0,0,0,0,0,1,2
5827,Lithuania,440,Denmark,208,100,112,87,236,354,377,605,72,81,63,152,216,220,376,28,31,24,84,138,157,229
5828,Lithuania,440,Dominica,212,0,0,0,0,0,1,0,0,0,0,0,0,1,0,0,0,0,0,0,0,0
5829,Lithuania,440,Ecuador,218,0,0,0,0,0,1,5,0,0,0,0,0,1,3,0,0,0,0,0,0,2
5830,Lithuania,440,Egypt,818,3,4,3,31,56,54,86,2,3,3,25,43,38,67,1,1,0,6,13,16,19
5831,Lithuania,440,Eritrea,232,0,0,0,0,0,5,30,0,0,0,0,0,2,21,0,0,0,0,0,3,9
5832,Lithuania,440,Estonia,233,1514,1414,1107,1107,958,816,822,785,735,575,561,444,366,381,729,679,532,546,514,450,441
5833,Lithuania,440,Ethiopia,231,0,0,0,0,0,1,2,0,0,0,0,0,1,2,0,0,0,0,0,0,0
5834,Lithuania,440,Finland,246,74,83,65,89,101,108,164,44,49,39,58,66,67,100,30,34,26,31,35,41,64
5835,Lithuania,440,France,250,215,241,188,280,335,334,519,96,108,84,149,187,178,334,119,133,104,131,148,156,185
5836,Lithuania,440,Gambia,270,0,0,0,0,0,1,0,0,0,0,0,0,1,0,0,0,0,0,0,0,0
5837,Lithuania,440,Georgia,268,2036,1144,896,868,723,656,488,1213,683,535,523,422,389,247,823,461,361,345,301,267,241
5838,Lithuania,440,Germany,276,1833,2049,1605,1819,1786,1628,2090,975,1094,856,990,946,842,1162,858,955,749,829,840,786,928
5839,Lithuania,440,Ghana,288,0,0,0,0,0,4,8,0,0,0,0,0,3,8,0,0,0,0,0,1,0
5840,Lithuania,440,Greece,300,10,12,9,35,57,55,103,5,7,6,23,37,37,73,5,5,3,12,20,18,30
5841,Lithuania,440,Guinea,324,0,0,0,0,0,2,1,0,0,0,0,0,2,1,0,0,0,0,0,0,0
5842,Lithuania,440,Guyana,328,0,0,0,0,0,0,1,0,0,0,0,0,0,1,0,0,0,0,0,0,0
5843,Lithuania,440,Honduras,340,0,0,0,0,0,2,1,0,0,0,0,0,2,1,0,0,0,0,0,0,0
5844,Lithuania,440,Hungary,348,132,147,115,123,115,101,140,68,76,60,66,59,48,77,64,71,55,57,56,53,63
5845,Lithuania,440,Iceland,352,7,8,6,32,54,54,57,2,3,3,18,30,24,25,5,5,3,14,24,30,32
5846,Lithuania,440,India,356,0,0,0,0,0,11,567,0,0,0,0,0,11,434,0,0,0,0,0,0,133
5847,Lithuania,440,Indonesia,360,0,0,0,0,0,2,10,0,0,0,0,0,0,1,0,0,0,0,0,2,9
5848,Lithuania,440,IranIslamicRepublicof,364,24,27,21,55,82,121,60,18,21,17,47,69,91,38,6,6,4,8,13,30,22
5849,Lithuania,440,Iraq,368,0,0,0,0,0,16,55,0,0,0,0,0,13,35,0,0,0,0,0,3,20
5850,Lithuania,440,Ireland,372,18,21,16,794,1465,1465,1790,9,10,8,429,773,759,948,9,11,8,365,692,706,842
5851,Lithuania,440,Israel,376,30,34,26,34,39,18,146,20,22,17,16,12,0,72,10,12,9,18,27,18,74
5852,Lithuania,440,Italy,380,40,45,35,200,338,355,643,23,26,21,138,233,248,473,17,19,14,62,105,107,170
5853,Lithuania,440,Jamaica,388,0,0,0,0,0,1,0,0,0,0,0,0,0,0,0,0,0,0,0,1,0
5854,Lithuania,440,Japan,392,14,15,11,20,28,26,23,7,7,5,11,16,11,10,7,8,6,9,12,15,13
5855,Lithuania,440,Jordan,400,0,0,0,0,0,2,8,0,0,0,0,0,0,3,0,0,0,0,0,2,5
5856,Lithuania,440,Kazakhstan,398,13109,8354,6544,6388,5366,4477,4248,6573,4205,3288,3157,2434,1958,1981,6536,4149,3256,3231,2932,2519,2267
5857,Lithuania,440,Kenya,404,0,0,0,0,0,5,8,0,0,0,0,0,1,5,0,0,0,0,0,4,3
5858,Lithuania,440,Kuwait,414,0,0,0,0,0,11,5,0,0,0,0,0,8,3,0,0,0,0,0,3,2
5859,Lithuania,440,Kyrgyzstan,417,1006,774,606,569,455,380,347,498,384,300,277,200,162,166,508,390,306,292,255,218,181
5860,Lithuania,440,LaoPeoplesDemocraticRepublic,418,0,0,0,0,0,0,3,0,0,0,0,0,0,3,0,0,0,0,0,0,0
5861,Lithuania,440,Latvia,428,11157,10638,8333,8048,6670,5630,5722,5423,5192,4059,3865,2934,2407,2593,5734,5446,4274,4183,3736,3223,3129
5862,Lithuania,440,Lebanon,422,118,133,104,83,52,31,14,108,121,95,76,46,23,5,10,12,9,7,6,8,9
5863,Lithuania,440,Liberia,430,0,0,0,0,0,6,5,0,0,0,0,0,3,2,0,0,0,0,0,3,3
5864,Lithuania,440,Libya,434,0,0,0,0,0,5,5,0,0,0,0,0,5,5,0,0,0,0,0,0,0
5865,Lithuania,440,Luxembourg,442,0,0,0,0,0,18,24,0,0,0,0,0,15,18,0,0,0,0,0,3,6
5866,Lithuania,440,Madagascar,450,0,0,0,0,0,2,6,0,0,0,0,0,1,1,0,0,0,0,0,1,5
5867,Lithuania,440,Malawi,454,0,0,0,0,0,1,0,0,0,0,0,0,0,0,0,0,0,0,0,1,0
5868,Lithuania,440,Malaysia,458,0,0,0,0,0,1,11,0,0,0,0,0,1,7,0,0,0,0,0,0,4
5869,Lithuania,440,Maldives,462,0,0,0,0,0,0,1,0,0,0,0,0,0,1,0,0,0,0,0,0,0
5870,Lithuania,440,Mali,466,0,0,0,0,0,2,1,0,0,0,0,0,2,1,0,0,0,0,0,0,0
5871,Lithuania,440,Malta,470,0,0,0,0,0,9,19,0,0,0,0,0,7,11,0,0,0,0,0,2,8
5872,Lithuania,440,Mauritania,478,0,0,0,0,0,1,0,0,0,0,0,0,1,0,0,0,0,0,0,0,0
5873,Lithuania,440,Mauritius,480,0,0,0,0,0,3,2,0,0,0,0,0,3,2,0,0,0,0,0,0,0
5874,Lithuania,440,Mexico,484,0,0,0,0,0,16,33,0,0,0,0,0,14,33,0,0,0,0,0,2,0
5875,Lithuania,440,Monaco,492,0,0,0,0,0,2,0,0,0,0,0,0,2,0,0,0,0,0,0,0,0
5876,Lithuania,440,Mongolia,496,79,88,68,76,75,62,53,36,41,32,36,33,24,21,43,47,36,40,42,38,32
5877,Lithuania,440,Morocco,504,0,0,0,0,0,3,14,0,0,0,0,0,3,9,0,0,0,0,0,0,5
5878,Lithuania,440,Mozambique,508,0,0,0,0,0,0,1,0,0,0,0,0,0,1,0,0,0,0,0,0,0
5879,Lithuania,440,Namibia,516,0,0,0,0,0,3,1,0,0,0,0,0,2,1,0,0,0,0,0,1,0
5880,Lithuania,440,Nepal,524,0,0,0,0,0,12,15,0,0,0,0,0,9,13,0,0,0,0,0,3,2
5881,Lithuania,440,Netherlands,528,33,37,28,85,131,166,310,20,23,18,55,82,107,217,13,14,10,30,49,59,93
5882,Lithuania,440,NewZealand,554,0,0,0,0,0,8,11,0,0,0,0,0,4,6,0,0,0,0,0,4,5
5883,Lithuania,440,Nicaragua,558,0,0,0,0,0,0,1,0,0,0,0,0,0,1,0,0,0,0,0,0,0
5884,Lithuania,440,Nigeria,566,5,5,3,16,28,15,5,5,5,3,16,28,15,3,0,0,0,0,0,0,2
5885,Lithuania,440,NorthMacedonia,807,0,0,0,0,0,4,7,0,0,0,0,0,2,1,0,0,0,0,0,2,6
5886,Lithuania,440,Norway,578,43,49,38,632,1142,1418,2763,30,35,28,348,608,745,1515,13,14,10,284,534,673,1248
5887,Lithuania,440,Oman,512,0,0,0,0,0,1,5,0,0,0,0,0,0,3,0,0,0,0,0,1,2
5888,Lithuania,440,Pakistan,586,35,40,31,50,63,91,7,29,34,27,46,59,85,3,6,6,4,4,4,6,4
5889,Lithuania,440,Paraguay,600,0,0,0,0,0,3,0,0,0,0,0,0,2,0,0,0,0,0,0,1,0
5890,Lithuania,440,Peru,604,0,0,0,0,0,5,11,0,0,0,0,0,1,5,0,0,0,0,0,4,6
5891,Lithuania,440,Philippines,608,0,0,0,0,0,0,58,0,0,0,0,0,0,42,0,0,0,0,0,0,16
5892,Lithuania,440,Poland,616,4372,4890,3830,3467,2633,2167,1900,1855,2086,1630,1491,1048,848,846,2517,2804,2200,1976,1585,1319,1054
5893,Lithuania,440,Portugal,620,3,4,3,33,59,65,128,2,3,3,25,43,48,97,1,1,0,8,16,17,31
5894,Lithuania,440,Qatar,634,0,0,0,0,0,2,8,0,0,0,0,0,0,1,0,0,0,0,0,2,7
5895,Lithuania,440,RepublicofKorea,410,0,0,0,0,0,0,13,0,0,0,0,0,0,7,0,0,0,0,0,0,6
5896,Lithuania,440,RepublicofMoldova,498,1763,1081,846,834,710,563,936,1004,617,482,488,410,308,720,759,464,364,346,300,255,216
5897,Lithuania,440,Romania,642,35,40,31,130,213,211,360,19,22,17,111,190,190,311,16,18,14,19,23,21,49
5898,Lithuania,440,RussianFederation,643,158448,121622,95271,88849,70305,58511,51718,73239,56468,44131,40804,29502,23913,22285,85209,65154,51140,48045,40803,34598,29433
5899,Lithuania,440,Rwanda,646,0,0,0,0,0,2,1,0,0,0,0,0,1,1,0,0,0,0,0,1,0
5900,Lithuania,440,Samoa,882,0,0,0,0,0,1,0,0,0,0,0,0,0,0,0,0,0,0,0,1,0
5901,Lithuania,440,SaudiArabia,682,0,0,0,0,0,8,14,0,0,0,0,0,8,3,0,0,0,0,0,0,11
5902,Lithuania,440,Serbia,688,0,0,0,0,0,2,13,0,0,0,0,0,0,13,0,0,0,0,0,2,0
5903,Lithuania,440,Singapore,702,0,0,0,0,0,10,5,0,0,0,0,0,8,5,0,0,0,0,0,2,0
5904,Lithuania,440,Slovakia,703,16,18,14,25,34,38,71,9,10,8,13,16,18,37,7,8,6,12,18,20,34
5905,Lithuania,440,Slovenia,705,0,0,0,0,0,3,10,0,0,0,0,0,2,8,0,0,0,0,0,1,2
5906,Lithuania,440,Somalia,706,0,0,0,0,0,2,1,0,0,0,0,0,2,1,0,0,0,0,0,0,0
5907,Lithuania,440,SouthAfrica,710,0,0,0,0,0,8,25,0,0,0,0,0,4,15,0,0,0,0,0,4,10
5908,Lithuania,440,Spain,724,1450,935,732,745,658,630,833,835,538,421,439,383,364,488,615,397,311,306,275,266,345
5909,Lithuania,440,SriLanka,144,0,0,0,0,0,3,61,0,0,0,0,0,0,5,0,0,0,0,0,3,56
5910,Lithuania,440,StateofPalestine,275,0,0,0,0,0,9,8,0,0,0,0,0,6,6,0,0,0,0,0,3,2
5911,Lithuania,440,Sudan,729,0,0,0,0,0,2,2,0,0,0,0,0,1,2,0,0,0,0,0,1,0
5912,Lithuania,440,Suriname,740,0,0,0,0,0,1,0,0,0,0,0,0,1,0,0,0,0,0,0,0,0
5913,Lithuania,440,Sweden,752,478,308,241,293,307,312,555,314,202,158,178,168,174,318,164,106,83,115,139,138,237
5914,Lithuania,440,Switzerland,756,23,26,20,37,50,61,100,14,15,12,27,37,37,63,9,11,8,10,13,24,37
5915,Lithuania,440,SyrianArabRepublic,760,0,0,0,0,0,20,431,0,0,0,0,0,17,235,0,0,0,0,0,3,196
5916,Lithuania,440,Tajikistan,762,1481,659,516,487,392,338,361,823,367,287,266,196,168,177,658,292,229,221,196,170,184
5917,Lithuania,440,Thailand,764,0,0,0,0,0,2,20,0,0,0,0,0,2,7,0,0,0,0,0,0,13
5918,Lithuania,440,Togo,768,0,0,0,0,0,1,0,0,0,0,0,0,1,0,0,0,0,0,0,0,0
5919,Lithuania,440,Tunisia,788,0,0,0,0,0,12,8,0,0,0,0,0,7,6,0,0,0,0,0,5,2
5920,Lithuania,440,Turkey,792,40,45,35,59,75,64,233,31,34,27,46,57,50,161,9,11,8,13,18,14,72
5921,Lithuania,440,Turkmenistan,795,3341,479,375,356,289,236,207,1504,217,170,158,113,90,89,1837,262,205,198,176,146,118
5922,Lithuania,440,Uganda,800,0,0,0,0,0,1,0,0,0,0,0,0,1,0,0,0,0,0,0,0,0
5923,Lithuania,440,Ukraine,804,43228,25598,20051,18521,14475,12347,20566,22776,13532,10581,9695,7043,5923,14554,20452,12066,9470,8826,7432,6424,6012
5924,Lithuania,440,UnitedArabEmirates,784,17,19,14,21,27,35,61,10,12,9,12,14,20,37,7,7,5,9,13,15,24
5925,Lithuania,440,UnitedKingdom,826,281,315,246,2224,3901,4306,6620,136,154,120,1179,2025,2185,3493,145,161,126,1045,1876,2121,3127
5926,Lithuania,440,UnitedRepublicofTanzania,834,0,0,0,0,0,3,1,0,0,0,0,0,2,0,0,0,0,0,0,1,1
5927,Lithuania,440,UnitedStatesofAmerica,840,1170,1310,1026,936,719,554,588,481,542,424,430,352,261,297,689,768,602,506,367,293,291
5928,Lithuania,440,Uruguay,858,22,25,19,24,26,25,17,8,9,7,10,11,9,6,14,16,12,14,15,16,11
5929,Lithuania,440,Uzbekistan,860,4197,2077,1626,1480,1133,945,809,2152,1069,835,754,533,432,389,2045,1008,791,726,600,513,420
5930,Lithuania,440,VenezuelaBolivarianRepublicof,862,0,0,0,0,0,9,24,0,0,0,0,0,8,17,0,0,0,0,0,1,7
5931,Lithuania,440,VietNam,704,66,74,57,52,40,35,40,48,53,41,35,22,20,23,18,21,16,17,18,15,17
5932,Lithuania,440,Zambia,894,0,0,0,0,0,1,0,0,0,0,0,0,0,0,0,0,0,0,0,1,0
5933,Lithuania,440,Zimbabwe,716,0,0,0,0,0,1,5,0,0,0,0,0,1,3,0,0,0,0,0,0,2
5934,Norway,578,Melanesia,928,12,17,24,27,61,67,65,8,10,13,14,29,36,33,4,7,11,13,32,31,32
5935,Norway,578,Micronesia,954,0,0,0,0,5,5,3,0,0,0,0,3,3,1,0,0,0,0,2,2,2
5936,Norway,578,Polynesia,957,0,0,0,0,15,25,15,0,0,0,0,5,12,5,0,0,0,0,10,13,10
5937,Norway,578,Afghanistan,4,253,351,638,5023,8836,13124,17242,186,206,351,3053,5399,7990,10934,67,145,287,1970,3437,5134,6308
5938,Norway,578,Albania,8,21,81,149,274,435,969,2174,13,42,81,156,226,564,1239,8,39,68,118,209,405,935
5939,Norway,578,Algeria,12,448,558,731,912,1113,1210,1283,357,428,516,620,721,771,815,91,130,215,292,392,439,468
5940,Norway,578,Andorra,20,0,0,0,0,7,12,12,0,0,0,0,2,7,5,0,0,0,0,5,5,7
5941,Norway,578,Angola,24,30,41,103,239,377,490,496,15,20,50,110,177,244,229,15,21,53,129,200,246,267
5942,Norway,578,AntiguaandBarbuda,28,0,0,0,0,3,4,4,0,0,0,0,2,3,2,0,0,0,0,1,1,2
5943,Norway,578,Argentina,32,445,491,533,622,803,1086,1246,203,225,244,279,383,554,647,242,266,289,343,420,532,599
5944,Norway,578,Armenia,51,4,15,33,156,196,301,333,4,8,16,74,95,127,142,0,7,17,82,101,174,191
5945,Norway,578,Aruba,533,0,0,0,0,17,19,16,0,0,0,0,14,15,12,0,0,0,0,3,4,4
5946,Norway,578,Australia,36,797,878,977,1203,1770,2206,2457,355,397,506,671,1044,1346,1498,442,481,471,532,726,860,959
5947,Norway,578,Austria,40,997,936,1058,1063,1300,1578,1688,520,474,556,545,668,822,871,477,462,502,518,632,756,817
5948,Norway,578,Azerbaijan,31,0,3,63,187,367,521,557,0,0,25,80,156,228,242,0,3,38,107,211,293,315
5949,Norway,578,Bahamas,44,7,8,9,8,13,21,23,4,4,4,4,7,11,11,3,4,5,4,6,10,12
5950,Norway,578,Bahrain,48,6,12,18,21,25,32,34,3,6,10,11,12,16,16,3,6,8,10,13,16,18
5951,Norway,578,Bangladesh,50,558,492,485,553,704,997,1331,350,245,223,245,340,543,715,208,247,262,308,364,454,616
5952,Norway,578,Barbados,52,9,14,20,21,20,23,24,5,9,12,11,12,16,15,4,5,8,10,8,7,9
5953,Norway,578,Belarus,112,0,36,108,396,676,1020,1211,0,19,31,108,191,315,365,0,17,77,288,485,705,846
5954,Norway,578,Belgium,56,782,818,886,986,1305,1660,1890,349,381,424,484,662,863,995,433,437,462,502,643,797,895
5955,Norway,578,Belize,84,0,0,0,0,8,12,13,0,0,0,0,6,8,9,0,0,0,0,2,4,4
5956,Norway,578,Benin,204,11,3,7,8,18,28,27,11,3,4,4,9,15,12,0,0,3,4,9,13,15
5957,Norway,578,Bermuda,60,0,0,0,0,11,11,9,0,0,0,0,4,4,3,0,0,0,0,7,7,6
5958,Norway,578,Bhutan,64,5,8,15,22,233,365,373,5,8,11,19,109,159,165,0,0,4,3,124,206,208
5959,Norway,578,BoliviaPlurinationalStateof,68,117,171,263,335,424,535,583,61,96,145,180,221,282,299,56,75,118,155,203,253,284
5960,Norway,578,Bonaire,16,535,0,0,0,0,0,1,0,0,0,0,0,0,0,0,0,0,0,0,0,1
5961,Norway,578,BosniaandHerzegovina,70,3,9401,11573,12486,12952,13201,13946,3,4651,5695,6190,6402,6485,6844,0,4750,5878,6296,6550,6716,7102
5962,Norway,578,Botswana,72,35,36,82,96,110,118,118,14,17,45,52,55,56,55,21,19,37,44,55,62,63
5963,Norway,578,Brazil,76,576,895,1260,1967,3577,5152,6256,215,343,486,714,1133,1663,1917,361,552,774,1253,2444,3489,4339
5964,Norway,578,BritishVirginIslands,92,0,0,0,0,4,5,4,0,0,0,0,3,4,3,0,0,0,0,1,1,1
5965,Norway,578,BruneiDarussalam,96,20,20,21,22,29,34,34,12,14,14,14,17,20,20,8,6,7,8,12,14,14
5966,Norway,578,Bulgaria,100,369,566,787,1082,2043,5696,7293,234,335,397,465,1053,3151,3986,135,231,390,617,990,2545,3307
5967,Norway,578,BurkinaFaso,854,19,10,11,15,23,31,32,16,7,8,12,19,25,24,3,3,3,3,4,6,8
5968,Norway,578,Burundi,108,0,3,58,440,895,1014,1123,0,3,31,221,418,474,532,0,0,27,219,477,540,591
5969,Norway,578,CaboVerde,132,163,167,234,251,382,405,406,91,93,136,142,208,223,220,72,74,98,109,174,182,186
5970,Norway,578,Cambodia,116,107,155,173,222,328,405,472,56,80,86,111,151,162,171,51,75,87,111,177,243,301
5971,Norway,578,Cameroon,120,121,149,197,365,543,677,814,71,82,113,214,307,365,449,50,67,84,151,236,312,365
5972,Norway,578,Canada,124,2126,2121,2242,2330,2771,3028,3354,970,963,1010,1068,1298,1449,1592,1156,1158,1232,1262,1473,1579,1762
5973,Norway,578,CaymanIslands,136,0,0,0,0,1,5,3,0,0,0,0,0,3,1,0,0,0,0,1,2,2
5974,Norway,578,CentralAfricanRepublic,140,0,0,0,0,7,19,26,0,0,0,0,4,10,11,0,0,0,0,3,9,15
5975,Norway,578,Chad,148,7,9,7,16,23,24,31,7,9,7,13,19,19,21,0,0,0,3,4,5,10
5976,Norway,578,Chile,152,5496,5249,5444,5837,6308,6585,6698,3117,2885,2922,3088,3317,3410,3440,2379,2364,2522,2749,2991,3175,3258
5977,Norway,578,China,156,1862,2878,3617,5938,9823,12197,13579,1069,1411,1410,1857,3322,4341,4808,793,1467,2207,4081,6501,7856,8771
5978,Norway,578,China,156,344,728,854,884,910,0,0,0,421,467,473,491,0,0,0,307,387,411,419,0,0
5979,Norway,578,China,156,446,17,22,28,61,0,0,0,13,13,14,40,0,0,0,4,9,14,21,0,0
5980,Norway,578,Colombia,170,1618,2584,3230,4084,4806,5636,6186,906,1472,1804,2230,2563,2942,3210,712,1112,1426,1854,2243,2694,2976
5981,Norway,578,Comoros,174,0,0,0,0,4,6,4,0,0,0,0,1,1,0,0,0,0,0,3,5,4
5982,Norway,578,Congo,178,132,172,266,681,145,222,254,67,86,135,349,76,108,118,65,86,131,332,69,114,136
5983,Norway,578,CostaRica,188,130,157,177,217,245,277,320,63,79,88,110,120,143,156,67,78,89,107,125,134,164
5984,Norway,578,CotedIvoire,384,71,92,122,184,282,336,369,53,71,85,118,172,189,196,18,21,37,66,110,147,173
5985,Norway,578,Croatia,191,7,102,1425,2540,2730,3390,4897,4,52,785,1371,1420,1821,2666,3,50,640,1169,1310,1569,2231
5986,Norway,578,Cuba,192,44,49,209,488,715,966,1103,22,25,81,157,230,346,411,22,24,128,331,485,620,692
5987,Norway,578,Cyprus,196,70,91,105,113,121,196,210,58,69,78,81,91,137,130,12,22,27,32,30,59,80
5988,Norway,578,Czechia,203,148,185,506,881,1345,2139,2225,81,96,233,376,653,1099,1108,67,89,273,505,692,1040,1117
5989,Norway,578,DemPeoplesRepublicofKorea,408,26,23,25,27,40,37,36,14,10,10,14,21,19,19,12,13,15,13,19,18,17
5990,Norway,578,DemocraticRepublicoftheCongo,180,32,27,34,144,1689,2186,2798,19,19,21,82,873,1085,1357,13,8,13,62,816,1101,1441
5991,Norway,578,Denmark,208,21160,21161,21713,21971,22586,25312,24842,9996,9869,10409,10932,11470,13182,12931,11164,11292,11304,11039,11116,12130,11911
5992,Norway,578,Djibouti,262,6,3,11,12,34,58,61,3,0,3,3,12,19,21,3,3,8,9,22,39,40
5993,Norway,578,Dominica,212,0,0,0,0,15,16,22,0,0,0,0,8,7,11,0,0,0,0,7,9,11
5994,Norway,578,DominicanRepublic,214,53,128,236,379,556,791,963,15,37,75,128,198,304,382,38,91,161,251,358,487,581
5995,Norway,578,Ecuador,218,177,272,376,474,582,759,833,90,138,194,239,299,381,408,87,134,182,235,283,378,425
5996,Norway,578,Egypt,818,290,310,383,500,726,1071,1355,215,228,267,348,500,729,916,75,82,116,152,226,342,439
5997,Norway,578,ElSalvador,222,54,81,108,128,155,202,225,25,36,49,64,80,99,117,29,45,59,64,75,103,108
5998,Norway,578,EquatorialGuinea,226,0,0,0,0,3,12,13,0,0,0,0,1,4,4,0,0,0,0,2,8,9
5999,Norway,578,Eritrea,232,19,44,530,1780,4828,15150,22974,14,22,266,951,2488,8791,13364,5,22,264,829,2340,6359,9610
6000,Norway,578,Estonia,233,23,159,302,626,1975,5013,4742,13,61,67,162,1001,2941,2567,10,98,235,464,974,2072,2175
6001,Norway,578,Eswatini,748,0,0,0,0,14,15,19,0,0,0,0,10,10,12,0,0,0,0,4,5,7
6002,Norway,578,Ethiopia,231,1681,2227,2567,3028,5137,7900,9493,1114,1356,1526,1666,2731,4046,4805,567,871,1041,1362,2406,3854,4688
6003,Norway,578,FalklandIslandsMalvinas,238,0,0,0,0,1,1,0,0,0,0,0,0,0,0,0,0,0,0,1,1,0
6004,Norway,578,FaroeIslands,234,527,742,902,771,812,883,796,212,318,442,352,392,451,400,315,424,460,419,420,432,396
6005,Norway,578,Fiji,242,12,17,24,27,40,41,41,8,10,13,14,20,23,24,4,7,11,13,20,18,17
6006,Norway,578,Finland,246,4257,4533,6635,6476,6593,6779,7182,1812,1900,2755,2632,2672,2717,2824,2445,2633,3880,3844,3921,4062,4358
6007,Norway,578,France,250,2433,2459,2934,3159,4620,6305,6676,1236,1259,1561,1710,2591,3558,3696,1197,1200,1373,1449,2029,2747,2980
6008,Norway,578,FrenchPolynesia,258,0,0,0,0,6,13,7,0,0,0,0,3,7,4,0,0,0,0,3,6,3
6009,Norway,578,Gabon,266,0,0,0,0,8,9,11,0,0,0,0,5,5,3,0,0,0,0,3,4,8
6010,Norway,578,Gambia,270,570,676,789,879,1012,1151,1252,447,492,526,554,606,671,721,123,184,263,325,406,480,531
6011,Norway,578,Georgia,268,0,11,16,124,207,312,338,0,5,8,58,96,139,157,0,6,8,66,111,173,181
6012,Norway,578,Germany,276,8821,9318,11445,14000,24735,28005,28327,3895,4178,5394,6855,13181,14815,14653,4926,5140,6051,7145,11554,13190,13674
6013,Norway,578,Ghana,288,736,1104,1050,1198,1524,1879,2094,554,693,581,614,814,1035,1117,182,411,469,584,710,844,977
6014,Norway,578,Gibraltar,292,0,0,0,0,8,8,7,0,0,0,0,5,5,4,0,0,0,0,3,3,3
6015,Norway,578,Greece,300,475,495,575,649,849,2279,3352,360,367,433,464,586,1392,1944,115,128,142,185,263,887,1408
6016,Norway,578,Greenland,304,123,155,184,212,255,296,280,45,56,71,83,106,126,113,78,99,113,129,149,170,167
6017,Norway,578,Grenada,308,0,0,0,0,0,19,16,0,0,0,0,0,10,7,0,0,0,0,0,9,9
6018,Norway,578,Guatemala,320,208,234,285,352,389,445,472,108,124,145,181,200,221,235,100,110,140,171,189,224,237
6019,Norway,578,Guinea,324,29,27,30,77,163,273,298,20,16,15,44,86,139,151,9,11,15,33,77,134,147
6020,Norway,578,GuineaBissau,624,9,10,13,13,22,64,68,6,7,9,8,13,43,47,3,3,4,5,9,21,21
6021,Norway,578,Guyana,328,67,69,78,82,86,88,91,28,28,29,30,32,32,30,39,41,49,52,54,56,61
6022,Norway,578,Haiti,332,6,10,11,22,30,40,51,3,5,8,15,19,24,27,3,5,3,7,11,16,24
6023,Norway,578,Honduras,340,57,63,61,69,94,118,133,29,30,31,34,47,50,55,28,33,30,35,47,68,78
6024,Norway,578,Hungary,348,1356,1328,1409,1500,2145,3902,4306,841,803,793,809,1158,2124,2225,515,525,616,691,987,1778,2081
6025,Norway,578,Iceland,352,2221,2601,3780,3622,4849,8221,7786,1035,1241,1833,1768,2483,4323,3967,1186,1360,1947,1854,2366,3898,3819
6026,Norway,578,India,356,4422,4621,5130,5806,8132,11845,14726,2485,2336,2444,2722,4078,6220,7710,1937,2285,2686,3084,4054,5625,7016
6027,Norway,578,Indonesia,360,427,463,573,854,1244,1526,1711,207,211,256,377,495,585,621,220,252,317,477,749,941,1090
6028,Norway,578,IranIslamicRepublicof,364,5198,7055,8857,11527,13037,16043,18379,3446,4463,5212,6484,7219,8614,9745,1752,2592,3645,5043,5818,7429,8634
6029,Norway,578,Iraq,368,738,2376,6941,15274,20534,22006,23557,536,1551,4345,9001,11740,12345,13130,202,825,2596,6273,8794,9661,10427
6030,Norway,578,Ireland,372,446,474,498,500,700,1103,1159,188,215,252,256,401,677,702,258,259,246,244,299,426,457
6031,Norway,578,IsleofMan,833,0,0,0,0,0,6,0,0,0,0,0,0,5,0,0,0,0,0,0,1,0
6032,Norway,578,Israel,376,422,506,506,608,712,787,889,262,310,298,368,412,436,497,160,196,208,240,300,351,392
6033,Norway,578,Italy,380,1090,1157,1413,1547,2265,3976,5040,737,754,909,1004,1458,2511,3138,353,403,504,543,807,1465,1902
6034,Norway,578,Jamaica,388,44,54,73,115,145,161,183,17,24,27,50,69,75,81,27,30,46,65,76,86,102
6035,Norway,578,Japan,392,826,867,926,953,1181,1381,1540,320,321,335,341,405,462,501,506,546,591,612,776,919,1039
6036,Norway,578,Jordan,400,48,74,109,147,301,428,611,31,47,68,83,170,221,319,17,27,41,64,131,207,292
6037,Norway,578,Kazakhstan,398,0,6,46,290,646,931,973,0,3,6,95,235,339,342,0,3,40,195,411,592,631
6038,Norway,578,Kenya,404,489,618,827,1077,1496,1964,2309,269,308,398,488,646,797,929,220,310,429,589,850,1167,1380
6039,Norway,578,Kiribati,296,0,0,0,0,2,2,2,0,0,0,0,2,2,1,0,0,0,0,0,0,1
6040,Norway,578,Kuwait,414,24,94,142,199,316,399,491,13,59,79,117,192,235,292,11,35,63,82,124,164,199
6041,Norway,578,Kyrgyzstan,417,0,0,6,53,141,192,236,0,0,3,11,39,55,67,0,0,3,42,102,137,169
6042,Norway,578,LaoPeoplesDemocraticRepublic,418,56,64,50,53,84,99,130,28,32,24,20,24,23,29,28,32,26,33,60,76,101
6043,Norway,578,Latvia,428,15,130,326,691,2731,9541,10589,11,45,78,184,1447,5562,6022,4,85,248,507,1284,3979,4567
6044,Norway,578,Lebanon,422,590,997,1189,1400,1673,1846,2784,400,624,696,790,934,1022,1479,190,373,493,610,739,824,1305
6045,Norway,578,Lesotho,426,0,0,0,0,9,14,9,0,0,0,0,3,7,3,0,0,0,0,6,7,6
6046,Norway,578,Liberia,430,66,71,70,846,895,922,955,33,37,34,401,432,443,465,33,34,36,445,463,479,490
6047,Norway,578,Libya,434,57,54,70,196,284,539,760,51,46,50,144,193,319,460,6,8,20,52,91,220,300
6048,Norway,578,Liechtenstein,438,3,6,6,4,25,27,20,3,3,3,4,13,16,12,0,3,3,0,12,11,8
6049,Norway,578,Lithuania,440,8,75,274,1313,9784,35565,39856,3,20,53,409,5709,21000,22910,5,55,221,904,4075,14565,16946
6050,Norway,578,Luxembourg,442,58,67,89,105,123,140,149,30,41,55,64,75,89,93,28,26,34,41,48,51,56
6051,Norway,578,Madagascar,450,337,365,371,419,444,471,492,179,184,186,200,212,221,226,158,181,185,219,232,250,266
6052,Norway,578,Malawi,454,8,3,12,55,93,119,112,5,0,5,27,41,54,52,3,3,7,28,52,65,60
6053,Norway,578,Malaysia,458,182,230,304,366,590,836,934,87,97,134,150,246,349,372,95,133,170,216,344,487,562
6054,Norway,578,Maldives,462,0,0,0,0,4,5,4,0,0,0,0,2,3,3,0,0,0,0,2,2,1
6055,Norway,578,Mali,466,5,14,17,34,39,53,57,5,9,12,22,25,32,35,0,5,5,12,14,21,22
6056,Norway,578,Malta,470,37,35,46,51,62,99,105,21,17,26,28,32,48,51,16,18,20,23,30,51,54
6057,Norway,578,Mauritania,478,3,7,12,10,18,60,69,3,7,9,10,16,55,62,0,0,3,0,2,5,7
6058,Norway,578,Mauritius,480,145,148,138,147,173,187,196,71,75,69,68,77,80,79,74,73,69,79,96,107,117
6059,Norway,578,Mayotte,175,0,0,0,0,1,0,0,0,0,0,0,1,0,0,0,0,0,0,0,0,0
6060,Norway,578,Mexico,484,208,262,380,516,834,1224,1530,87,104,150,192,345,532,663,121,158,230,324,489,692,867
6061,Norway,578,MicronesiaFedStatesof,583,0,0,0,0,1,1,0,0,0,0,0,0,0,0,0,0,0,0,1,1,0
6062,Norway,578,Monaco,492,0,0,0,0,13,14,13,0,0,0,0,4,6,5,0,0,0,0,9,8,8
6063,Norway,578,Mongolia,496,0,0,8,42,94,146,154,0,0,3,13,24,34,39,0,0,5,29,70,112,115
6064,Norway,578,Montenegro,499,0,0,0,0,304,404,486,0,0,0,0,152,200,233,0,0,0,0,152,204,253
6065,Norway,578,Montserrat,500,0,0,0,0,2,2,4,0,0,0,0,1,0,3,0,0,0,0,1,2,1
6066,Norway,578,Morocco,504,2393,3044,3719,4309,4874,5522,6199,1666,2035,2331,2552,2782,3069,3315,727,1009,1388,1757,2092,2453,2884
6067,Norway,578,Mozambique,508,22,32,60,102,138,191,193,10,14,17,39,56,83,89,12,18,43,63,82,108,104
6068,Norway,578,Myanmar,104,30,47,56,510,2428,3109,3258,25,33,38,294,1284,1575,1634,5,14,18,216,1144,1534,1624
6069,Norway,578,Namibia,516,19,20,39,72,81,82,99,10,7,17,30,35,31,38,9,13,22,42,46,51,61
6070,Norway,578,Nepal,524,52,71,164,325,719,1559,2233,29,40,90,183,422,910,1212,23,31,74,142,297,649,1021
6071,Norway,578,Netherlands,528,3268,3552,4108,4697,7235,8590,9088,1566,1735,2090,2480,3900,4708,4985,1702,1817,2018,2217,3335,3882,4103
6072,Norway,578,NewCaledonia,540,0,0,0,0,7,10,8,0,0,0,0,4,7,6,0,0,0,0,3,3,2
6073,Norway,578,NewZealand,554,266,305,316,362,527,630,635,114,130,141,182,296,373,385,152,175,175,180,231,257,250
6074,Norway,578,Nicaragua,558,35,57,98,123,156,191,223,12,29,49,56,65,84,99,23,28,49,67,91,107,124
6075,Norway,578,Niger,562,0,5,6,22,35,48,56,0,5,3,19,30,37,41,0,0,3,3,5,11,15
6076,Norway,578,Nigeria,566,306,370,414,579,1002,1776,1977,221,257,269,366,604,1036,1125,85,113,145,213,398,740,852
6077,Norway,578,NorthMacedonia,807,0,26,537,1831,2127,2467,2932,0,14,289,999,1129,1307,1543,0,12,248,832,998,1160,1389
6078,Norway,578,Oman,512,10,13,28,26,35,54,45,3,7,15,17,23,38,28,7,6,13,9,12,16,17
6079,Norway,578,Pakistan,586,10470,11567,13283,15081,17152,19283,21140,6125,6371,7094,7882,8877,9992,10853,4345,5196,6189,7199,8275,9291,10287
6080,Norway,578,Palau,585,0,0,0,0,2,2,1,0,0,0,0,1,1,0,0,0,0,0,1,1,1
6081,Norway,578,Panama,591,12,21,27,36,52,60,85,5,8,9,13,17,23,30,7,13,18,23,35,37,55
6082,Norway,578,PapuaNewGuinea,598,0,0,0,0,9,8,12,0,0,0,0,4,3,3,0,0,0,0,5,5,9
6083,Norway,578,Paraguay,600,50,55,74,99,137,149,174,19,20,33,40,55,57,66,31,35,41,59,82,92,108
6084,Norway,578,Peru,604,277,417,548,785,1161,1476,1669,140,203,255,330,435,574,634,137,214,293,455,726,902,1035
6085,Norway,578,Philippines,608,3552,4686,5698,7939,13124,20512,24388,1129,1384,1604,2042,3018,4670,5655,2423,3302,4094,5897,10106,15842,18733
6086,Norway,578,Poland,616,4367,5157,5738,8224,49005,90350,100479,1982,1919,1975,3357,32174,58750,63466,2385,3238,3763,4867,16831,31600,37013
6087,Norway,578,Portugal,620,600,630,708,741,1098,2854,3536,359,364,391,408,614,1651,2080,241,266,317,333,484,1203,1456
6088,Norway,578,PuertoRico,630,0,0,13,16,0,0,0,0,0,7,7,0,0,0,0,0,6,9,0,0,0
6089,Norway,578,Qatar,634,0,0,12,21,32,68,91,0,0,8,10,17,35,47,0,0,4,11,15,33,44
6090,Norway,578,RepublicofKorea,410,4821,5355,5966,6514,7056,7413,7832,1576,1875,2203,2534,2832,2996,3170,3245,3480,3763,3980,4224,4417,4662
6091,Norway,578,RepublicofMoldova,498,3,4,23,168,302,773,1228,0,0,4,56,97,347,571,3,4,19,112,205,426,657
6092,Norway,578,Romania,642,286,577,1082,1641,4366,12003,14872,150,240,431,562,2209,6579,8124,136,337,651,1079,2157,5424,6748
6093,Norway,578,RussianFederation,643,61,820,3114,8829,13748,17119,18486,21,289,967,2943,4736,5882,6095,40,531,2147,5886,9012,11237,12391
6094,Norway,578,Rwanda,646,6,33,148,316,530,612,662,3,16,67,150,247,280,292,3,17,81,166,283,332,370
6095,Norway,578,SaintHelena,654,0,0,0,0,4,4,3,0,0,0,0,1,1,0,0,0,0,0,3,3,3
6096,Norway,578,SaintKittsandNevis,659,0,0,0,0,3,3,2,0,0,0,0,1,1,0,0,0,0,0,2,2,2
6097,Norway,578,SaintLucia,662,0,0,0,0,13,14,13,0,0,0,0,7,6,5,0,0,0,0,6,8,8
6098,Norway,578,SaintVincentandtheGrenadines,670,0,0,0,0,23,5,4,0,0,0,0,14,4,3,0,0,0,0,9,1,1
6099,Norway,578,Samoa,882,0,0,0,0,3,6,3,0,0,0,0,0,3,0,0,0,0,0,3,3,3
6100,Norway,578,SanMarino,674,0,0,0,0,4,4,4,0,0,0,0,2,1,2,0,0,0,0,2,3,2
6101,Norway,578,SaoTomeandPrincipe,678,0,0,0,0,2,10,5,0,0,0,0,2,5,3,0,0,0,0,0,5,2
6102,Norway,578,SaudiArabia,682,36,69,203,237,368,627,964,20,40,107,121,185,329,510,16,29,96,116,183,298,454
6103,Norway,578,Senegal,686,36,44,71,98,173,253,310,24,29,45,58,108,160,201,12,15,26,40,65,93,109
6104,Norway,578,Serbia,688,0,0,0,3438,3297,3883,6778,0,0,0,1752,1638,1951,3360,0,0,0,1686,1659,1932,3418
6105,Norway,578,Seychelles,690,0,0,0,0,12,12,13,0,0,0,0,8,7,6,0,0,0,0,4,5,7
6106,Norway,578,SierraLeone,694,143,153,195,372,468,514,518,114,107,121,206,247,264,265,29,46,74,166,221,250,253
6107,Norway,578,Singapore,702,268,314,365,454,587,764,866,111,135,145,181,240,325,359,157,179,220,273,347,439,507
6108,Norway,578,Slovakia,703,6,18,141,486,2025,3815,3779,3,6,55,247,1355,2447,2279,3,12,86,239,670,1368,1500
6109,Norway,578,Slovenia,705,0,10,59,109,187,378,438,0,5,25,52,89,190,227,0,5,34,57,98,188,211
6110,Norway,578,SolomonIslands,90,0,0,0,0,3,6,4,0,0,0,0,0,1,0,0,0,0,0,3,5,4
6111,Norway,578,Somalia,706,1286,3293,6445,12645,17925,27009,29034,926,2004,3603,6951,9544,14347,15190,360,1289,2842,5694,8381,12662,13844
6112,Norway,578,SouthAfrica,710,629,641,744,833,1160,1450,1741,309,310,371,410,619,780,947,320,331,373,423,541,670,794
6113,Norway,578,SouthSudan,728,0,0,0,0,0,65,178,0,0,0,0,0,37,102,0,0,0,0,0,28,76
6114,Norway,578,Spain,724,1321,1403,1610,1824,2674,6239,7350,811,826,910,1012,1469,3372,3963,510,577,700,812,1205,2867,3387
6115,Norway,578,SriLanka,144,4707,6122,7295,8157,8714,9187,9531,3273,3773,3966,4243,4573,4757,4876,1434,2349,3329,3914,4141,4430,4655
6116,Norway,578,StateofPalestine,275,0,0,49,679,2659,3305,3423,0,0,32,458,1738,1992,2039,0,0,17,221,921,1313,1384
6117,Norway,578,Sudan,729,68,138,341,659,1061,3264,4794,48,99,225,390,613,1957,2854,20,39,116,269,448,1307,1940
6118,Norway,578,Suriname,740,10,9,17,21,39,41,37,6,4,7,9,16,17,13,4,5,10,12,23,24,24
6119,Norway,578,Sweden,752,20429,23219,33401,32760,41604,49068,48283,9183,10416,15658,15727,20812,24856,24440,11246,12803,17743,17033,20792,24212,23843
6120,Norway,578,Switzerland,756,1151,1237,1501,1541,1868,2226,2427,539,579,720,741,919,1086,1193,612,658,781,800,949,1140,1234
6121,Norway,578,SyrianArabRepublic,760,194,420,582,969,1423,13249,31197,132,253,333,537,775,8396,18531,62,167,249,432,648,4853,12666
6122,Norway,578,Tajikistan,762,0,0,10,52,91,108,121,0,0,3,23,39,47,51,0,0,7,29,52,61,70
6123,Norway,578,Thailand,764,1291,2238,3584,7206,13026,18017,22304,285,466,688,1286,2466,3350,4107,1006,1772,2896,5920,10560,14667,18197
6124,Norway,578,TimorLeste,626,0,0,0,0,14,15,8,0,0,0,0,9,13,5,0,0,0,0,5,2,3
6125,Norway,578,Togo,768,53,39,63,67,95,115,113,48,31,39,38,51,62,60,5,8,24,29,44,53,53
6126,Norway,578,Tonga,776,0,0,0,0,5,5,5,0,0,0,0,2,2,1,0,0,0,0,3,3,4
6127,Norway,578,TrinidadandTobago,780,221,223,265,297,334,345,356,109,107,126,134,153,150,148,112,116,139,163,181,195,208
6128,Norway,578,Tunisia,788,375,447,530,644,855,1003,1133,322,381,429,481,595,680,738,53,66,101,163,260,323,395
6129,Norway,578,Turkey,792,4977,5974,7300,9038,10429,11106,12238,3076,3381,4115,5128,5899,6215,6814,1901,2593,3185,3910,4530,4891,5424
6130,Norway,578,Turkmenistan,795,0,0,9,42,57,76,87,0,0,5,23,31,37,36,0,0,4,19,26,39,51
6131,Norway,578,TurksandCaicosIslands,796,0,0,0,0,0,1,2,0,0,0,0,0,1,1,0,0,0,0,0,0,1
6132,Norway,578,Tuvalu,798,0,0,0,0,1,1,0,0,0,0,0,0,0,0,0,0,0,0,1,1,0
6133,Norway,578,Uganda,800,242,325,459,629,824,1126,1586,146,188,246,304,393,524,737,96,137,213,325,431,602,849
6134,Norway,578,Ukraine,804,6,77,314,1110,2432,4223,5693,3,31,75,264,573,1094,1612,3,46,239,846,1859,3129,4081
6135,Norway,578,UnitedArabEmirates,784,27,34,82,131,245,433,616,16,16,41,67,120,236,333,11,18,41,64,125,197,283
6136,Norway,578,UnitedKingdom,826,14586,13692,14347,14463,16760,19331,19940,7901,7392,8065,8252,9932,11811,12169,6685,6300,6282,6211,6828,7520,7771
6137,Norway,578,UnitedRepublicofTanzania,834,248,350,507,647,832,931,935,157,201,266,306,405,449,446,91,149,241,341,427,482,489
6138,Norway,578,UnitedStatesofAmerica,840,15827,15407,14956,14369,15975,17500,18657,7364,7158,7090,6851,7714,8569,9116,8463,8249,7866,7518,8261,8931,9541
6139,Norway,578,Uruguay,858,145,145,163,154,186,234,248,67,73,81,73,90,117,128,78,72,82,81,96,117,120
6140,Norway,578,Uzbekistan,860,3,4,30,110,302,488,660,3,0,12,43,136,210,306,0,4,18,67,166,278,354
6141,Norway,578,Vanuatu,548,0,0,0,0,2,2,0,0,0,0,0,1,2,0,0,0,0,0,1,0,0
6142,Norway,578,VenezuelaBolivarianRepublicof,862,80,133,178,259,626,1059,1225,37,55,69,96,271,469,534,43,78,109,163,355,590,691
6143,Norway,578,VietNam,704,7522,10594,11177,11993,12919,13682,14596,4234,5668,5755,5851,6084,6169,6358,3288,4926,5422,6142,6835,7513,8238
6144,Norway,578,WesternSahara,732,0,0,0,5,0,42,30,0,0,0,5,0,37,26,0,0,0,0,0,5,4
6145,Norway,578,Yemen,887,13,22,35,68,170,352,611,9,10,18,35,93,187,347,4,12,17,33,77,165,264
6146,Norway,578,Zambia,894,115,140,184,252,463,537,558,66,81,89,116,216,243,262,49,59,95,136,247,294,296
6147,Norway,578,Zimbabwe,716,70,90,148,180,228,291,319,39,48,79,91,120,148,164,31,42,69,89,108,143,155
6148,Sweden,752,Melanesia,928,46,54,61,73,83,95,102,19,20,22,30,38,47,46,27,34,39,43,45,48,56
6149,Sweden,752,Micronesia,954,0,0,7,6,9,11,11,0,0,4,3,4,6,4,0,0,3,3,5,5,7
6150,Sweden,752,Polynesia,957,28,33,37,47,53,56,60,9,10,11,13,14,17,20,19,23,26,34,39,39,40
6151,Sweden,752,Afghanistan,4,3368,3997,4287,8255,12697,53678,53306,1889,2229,2378,4435,7229,32202,34479,1479,1768,1909,3820,5468,21476,18827
6152,Sweden,752,Albania,8,293,348,374,684,1134,2023,5724,160,189,202,379,642,1145,3276,133,159,172,305,492,878,2448
6153,Sweden,752,Algeria,12,1320,1567,1681,1971,2462,2811,3451,878,1038,1110,1289,1618,1791,2180,442,529,571,682,844,1020,1271
6154,Sweden,752,Andorra,20,0,0,1,1,1,4,4,0,0,0,0,0,0,1,0,0,1,1,1,4,3
6155,Sweden,752,Angola,24,340,403,433,547,706,710,812,155,182,194,249,328,331,391,185,221,239,298,378,379,421
6156,Sweden,752,AntiguaandBarbuda,28,6,7,6,8,9,8,5,5,6,4,5,6,6,4,1,1,2,3,3,2,1
6157,Sweden,752,Argentina,32,1913,2270,2435,2683,2823,2979,3503,962,1133,1207,1353,1450,1535,1836,951,1137,1228,1330,1373,1444,1667
6158,Sweden,752,Armenia,51,267,317,341,788,1503,2358,3233,128,151,161,361,735,1122,1548,139,166,180,427,768,1236,1685
6159,Sweden,752,Australia,36,1760,2088,2240,2629,3147,3690,4940,1065,1257,1342,1615,1996,2354,3127,695,831,898,1014,1151,1336,1813
6160,Sweden,752,Austria,40,4731,5614,6021,5803,5869,5553,5901,2671,3151,3362,3234,3239,3019,3158,2060,2463,2659,2569,2630,2534,2743
6161,Sweden,752,Azerbaijan,31,148,176,189,706,1898,2697,3534,44,51,54,292,874,1283,1718,104,125,135,414,1024,1414,1816
6162,Sweden,752,Bahamas,44,12,14,16,26,27,28,35,10,12,13,19,21,21,24,2,2,3,7,6,7,11
6163,Sweden,752,Bahrain,48,42,50,54,54,69,84,113,26,31,33,34,43,49,72,16,19,21,20,26,35,41
6164,Sweden,752,Bangladesh,50,2307,2738,2937,3882,5480,6839,10263,1254,1479,1577,2181,3304,4024,5989,1053,1259,1360,1701,2176,2815,4274
6165,Sweden,752,Barbados,52,79,94,101,106,116,106,119,57,68,72,76,80,75,82,22,26,29,30,36,31,37
6166,Sweden,752,Belarus,112,352,418,449,1088,1866,2606,3407,122,142,151,398,693,985,1348,230,276,298,690,1173,1621,2059
6167,Sweden,752,Belgium,56,943,1119,1201,1443,1843,2267,3073,487,574,612,762,982,1215,1684,456,545,589,681,861,1052,1389
6168,Sweden,752,Belize,84,4,5,5,6,12,17,13,4,5,5,5,10,9,6,0,0,0,1,2,8,7
6169,Sweden,752,Benin,204,17,20,22,32,66,85,114,11,12,13,19,46,61,80,6,8,9,13,20,24,34
6170,Sweden,752,Bermuda,60,0,0,0,6,12,16,19,0,0,0,2,5,7,12,0,0,0,4,7,9,7
6171,Sweden,752,Bhutan,64,7,9,10,19,30,25,36,6,8,8,12,21,18,25,1,1,2,7,9,7,11
6172,Sweden,752,BoliviaPlurinationalStateof,68,1845,2190,2349,2653,3469,4196,4739,990,1168,1245,1391,1782,2120,2374,855,1022,1104,1262,1687,2076,2365
6173,Sweden,752,BosniaandHerzegovina,70,40488,48046,51526,54222,55914,54799,60912,20385,24009,25580,26751,27575,26827,30255,20103,24037,25946,27471,28339,27972,30657
6174,Sweden,752,Botswana,72,38,45,49,61,81,102,134,14,16,17,22,34,40,58,24,29,32,39,47,62,76
6175,Sweden,752,Brazil,76,2747,3259,3496,4409,5741,6633,9533,1058,1240,1316,1613,2061,2375,3710,1689,2019,2180,2796,3680,4258,5823
6176,Sweden,752,BritishVirginIslands,92,0,0,1,0,1,3,2,0,0,0,0,0,2,0,0,0,1,0,1,1,2
6177,Sweden,752,BruneiDarussalam,96,0,0,0,3,6,8,9,0,0,0,0,2,5,4,0,0,0,3,4,3,5
6178,Sweden,752,Bulgaria,100,2756,3271,3508,3920,6208,7964,9869,1335,1572,1674,1816,3196,4062,5042,1421,1699,1834,2104,3012,3902,4827
6179,Sweden,752,BurkinaFaso,854,26,31,34,49,65,80,89,17,20,22,28,33,44,52,9,11,12,21,32,36,37
6180,Sweden,752,Burundi,108,65,77,83,1258,2492,2746,3351,35,41,44,609,1182,1281,1567,30,36,39,649,1310,1465,1784
6181,Sweden,752,CaboVerde,132,231,274,294,325,345,356,419,107,125,133,150,160,167,207,124,149,161,175,185,189,212
6182,Sweden,752,Cambodia,116,254,302,324,379,468,557,717,118,139,148,158,186,219,284,136,163,176,221,282,338,433
6183,Sweden,752,Cameroon,120,84,100,108,592,1311,1320,1703,57,67,72,435,913,806,983,27,33,36,157,398,514,720
6184,Sweden,752,Canada,124,1791,2126,2280,2524,2939,3379,4205,935,1102,1174,1299,1493,1662,2074,856,1024,1106,1225,1446,1717,2131
6185,Sweden,752,CentralAfricanRepublic,140,8,10,11,55,79,103,161,4,5,5,25,37,53,91,4,5,6,30,42,50,70
6186,Sweden,752,Chad,148,22,26,28,39,52,63,136,18,21,22,30,38,43,84,4,5,6,9,14,20,52
6187,Sweden,752,Chile,152,21091,25029,26842,27511,28213,26990,28709,10690,12592,13417,13800,14190,13499,14495,10401,12437,13425,13711,14023,13491,14214
6188,Sweden,752,China,156,6920,8212,8150,13134,21706,28014,34767,2853,3349,3320,4674,8294,11084,14112,4067,4863,4830,8460,13412,16930,20655
6189,Sweden,752,China,156,344,440,523,561,583,0,0,0,189,223,237,253,0,0,0,251,300,324,330,0,0
6190,Sweden,752,Colombia,170,5749,6822,7317,8800,10181,11201,12894,3096,3649,3892,4633,5235,5580,6482,2653,3173,3425,4167,4946,5621,6412
6191,Sweden,752,Comoros,174,7,9,9,6,7,5,2,4,5,5,3,5,3,2,3,4,4,3,2,2,0
6192,Sweden,752,Congo,178,125,149,160,344,591,764,894,67,80,85,178,290,380,445,58,69,75,166,301,384,449
6193,Sweden,752,CostaRica,188,162,193,207,271,344,397,483,77,92,97,128,173,194,232,85,101,110,143,171,203,251
6194,Sweden,752,CotedIvoire,384,247,293,315,438,672,889,1124,168,198,212,267,389,478,601,79,95,103,171,283,411,523
6195,Sweden,752,Croatia,191,4108,4875,5229,5873,6214,7124,11446,2137,2519,2685,2957,3079,3582,6100,1971,2356,2544,2916,3135,3542,5346
6196,Sweden,752,Cuba,192,1170,1388,1489,1813,2257,2538,2992,693,818,873,1006,1225,1345,1586,477,570,616,807,1032,1193,1406
6197,Sweden,752,Cyprus,196,355,422,453,440,525,674,871,225,267,285,264,309,382,481,130,155,168,176,216,292,390
6198,Sweden,752,Czechia,203,252,299,321,616,1195,1627,2309,89,104,110,257,576,747,1079,163,195,211,359,619,880,1230
6199,Sweden,752,DemPeoplesRepublicofKorea,408,44,52,56,74,87,80,86,31,37,39,45,50,46,47,13,15,17,29,37,34,39
6200,Sweden,752,DemocraticRepublicoftheCongo,180,784,931,999,1346,2077,2958,4895,441,521,556,723,1078,1472,2405,343,410,443,623,999,1486,2490
6201,Sweden,752,Denmark,208,30009,35611,38190,42143,45828,40533,41033,15748,18558,19783,22396,24629,21399,21781,14261,17053,18407,19747,21199,19134,19252
6202,Sweden,752,Djibouti,262,44,53,57,69,93,286,457,18,22,23,29,39,134,200,26,31,34,40,54,152,257
6203,Sweden,752,Dominica,212,36,42,46,45,46,41,46,19,22,24,23,25,20,26,17,20,22,22,21,21,20
6204,Sweden,752,DominicanRepublic,214,192,228,245,395,539,678,883,98,115,123,194,269,328,426,94,113,122,201,270,350,457
6205,Sweden,752,Ecuador,218,746,885,950,1376,1889,2251,2643,387,456,486,703,962,1152,1335,359,429,464,673,927,1099,1308
6206,Sweden,752,Egypt,818,1638,1944,2085,2473,3367,5551,8361,1057,1249,1334,1584,2183,3569,5239,581,695,751,889,1184,1982,3122
6207,Sweden,752,ElSalvador,222,1832,2174,2332,2425,2627,2758,3200,967,1140,1215,1239,1323,1387,1606,865,1034,1117,1186,1304,1371,1594
6208,Sweden,752,EquatorialGuinea,226,8,10,11,26,33,42,54,2,3,3,12,13,19,23,6,7,8,14,20,23,31
6209,Sweden,752,Eritrea,232,2399,2847,3054,5314,8929,26801,43380,1274,1501,1601,2657,4322,14126,24087,1125,1346,1453,2657,4607,12675,19293
6210,Sweden,752,Estonia,233,8056,9560,10253,9764,9905,9822,10351,3535,4154,4417,3965,3995,4074,4583,4521,5406,5836,5799,5910,5748,5768
6211,Sweden,752,Eswatini,748,12,14,16,18,20,28,30,5,5,6,7,10,13,14,7,9,10,11,10,15,16
6212,Sweden,752,Ethiopia,231,9356,11103,11907,11100,13003,15444,21223,5054,5959,6354,5822,6758,7715,10752,4302,5144,5553,5278,6245,7729,10471
6213,Sweden,752,Fiji,242,28,33,36,44,54,59,69,8,8,9,13,22,26,27,20,25,27,31,32,33,42
6214,Sweden,752,Finland,246,153578,182250,195447,181703,171565,151599,151661,65280,76671,81486,74651,69547,59654,59828,88298,105579,113961,107052,102018,91945,91833
6215,Sweden,752,France,250,4401,5223,5602,6460,7769,8614,11443,2594,3062,3269,3813,4575,4969,6617,1807,2161,2333,2647,3194,3645,4826
6216,Sweden,752,Gabon,266,3,3,4,3,10,23,33,3,3,4,3,5,13,18,0,0,0,0,5,10,15
6217,Sweden,752,Gambia,270,1965,2332,2501,2900,3596,4523,5501,1176,1388,1482,1677,2098,2606,3260,789,944,1019,1223,1498,1917,2241
6218,Sweden,752,Georgia,268,103,123,132,362,724,1193,1975,43,51,54,165,348,580,975,60,72,78,197,376,613,1000
6219,Sweden,752,Germany,276,29981,35578,38155,41136,47622,47214,52446,13563,15947,16965,18806,22267,21976,24937,16418,19631,21190,22330,25355,25238,27509
6220,Sweden,752,Ghana,288,770,914,981,1395,1748,2446,3271,454,537,573,841,1013,1410,1905,316,377,408,554,735,1036,1366
6221,Sweden,752,Gibraltar,292,0,0,0,5,6,6,4,0,0,0,3,4,2,0,0,0,0,2,2,4,4
6222,Sweden,752,Greece,300,8526,10118,10851,10633,11175,14517,19399,5146,6076,6488,6356,6633,8421,11000,3380,4042,4363,4277,4542,6096,8399
6223,Sweden,752,Grenada,308,31,37,40,42,45,40,39,27,32,34,35,32,29,29,4,5,6,7,13,11,10
6224,Sweden,752,Guatemala,320,517,613,658,688,743,775,875,277,325,347,363,387,399,458,240,288,311,325,356,376,417
6225,Sweden,752,Guinea,324,88,104,112,169,308,485,655,54,64,68,108,202,312,405,34,40,44,61,106,173,250
6226,Sweden,752,GuineaBissau,624,61,72,78,93,111,130,155,38,45,48,59,71,77,93,23,27,30,34,40,53,62
6227,Sweden,752,Guyana,328,83,98,106,118,125,119,132,32,37,40,41,46,40,47,51,61,66,77,79,79,85
6228,Sweden,752,Haiti,332,84,99,107,115,132,138,154,48,56,60,63,70,66,79,36,43,47,52,62,72,75
6229,Sweden,752,Honduras,340,165,195,210,272,321,353,410,83,97,104,134,160,175,204,82,98,106,138,161,178,206
6230,Sweden,752,Hungary,348,11100,13173,14127,13454,15062,15490,17227,5727,6749,7192,6678,7514,7584,8437,5373,6424,6935,6776,7548,7906,8790
6231,Sweden,752,Iceland,352,2773,3291,3530,3835,4463,5103,6144,1423,1677,1787,1946,2269,2536,3015,1350,1614,1743,1889,2194,2567,3129
6232,Sweden,752,India,356,8730,10359,11110,13447,16395,20976,36133,3559,4176,4436,6137,7993,10632,19306,5171,6183,6674,7310,8402,10344,16827
6233,Sweden,752,Indonesia,360,1276,1514,1624,1906,2127,2269,2897,680,801,854,911,965,961,1236,596,713,770,995,1162,1308,1661
6234,Sweden,752,IranIslamicRepublicof,364,40154,47650,51101,53882,59695,65462,79363,22023,25971,27700,28708,31439,33879,41945,18131,21679,23401,25174,28256,31583,37418
6235,Sweden,752,Iraq,368,38795,46038,49372,71770,117472,124520,147715,22101,26077,27826,39009,63944,66408,79637,16694,19961,21546,32761,53528,58112,68078
6236,Sweden,752,Ireland,372,870,1033,1108,1453,1863,2365,2914,535,632,675,938,1245,1602,1975,335,401,433,515,618,763,939
6237,Sweden,752,Israel,376,1192,1414,1517,1981,2351,2462,2803,734,866,925,1219,1413,1472,1639,458,548,592,762,938,990,1164
6238,Sweden,752,Italy,380,4979,5909,6337,6526,7503,9581,13527,3387,4006,4282,4369,4952,6066,8283,1592,1903,2055,2157,2551,3515,5244
6239,Sweden,752,Jamaica,388,153,181,195,220,273,329,420,91,106,114,129,164,204,259,62,75,81,91,109,125,161
6240,Sweden,752,Japan,392,1793,2128,2283,2583,2884,3056,3617,749,880,935,903,917,906,1081,1044,1248,1348,1680,1967,2150,2536
6241,Sweden,752,Jordan,400,839,995,1068,1540,2633,3514,5001,478,564,602,859,1560,2062,2807,361,431,466,681,1073,1452,2194
6242,Sweden,752,Kazakhstan,398,135,161,173,599,1077,1771,2391,43,51,54,221,411,733,1004,92,110,119,378,666,1038,1387
6243,Sweden,752,Kenya,404,995,1181,1267,1600,2121,3384,4616,445,524,557,678,887,1414,1948,550,657,710,922,1234,1970,2668
6244,Sweden,752,Kiribati,296,0,0,4,4,5,4,3,0,0,2,2,3,2,0,0,0,2,2,2,2,3
6245,Sweden,752,Kuwait,414,635,754,809,1028,1391,1981,3618,341,402,429,583,806,1139,2088,294,352,380,445,585,842,1530
6246,Sweden,752,Kyrgyzstan,417,36,42,46,242,506,900,1245,9,9,10,93,212,379,524,27,33,36,149,294,521,721
6247,Sweden,752,LaoPeoplesDemocraticRepublic,418,284,337,362,412,465,479,509,143,168,179,188,202,192,194,141,169,183,224,263,287,315
6248,Sweden,752,Latvia,428,1811,2149,2305,2686,4101,6244,8434,746,876,930,979,1581,2661,4080,1065,1273,1375,1707,2520,3583,4354
6249,Sweden,752,Lebanon,422,15745,18685,20038,21210,23612,24582,28836,8778,10355,11046,11669,13030,13585,15926,6967,8330,8992,9541,10582,10997,12910
6250,Sweden,752,Lesotho,426,16,19,21,20,22,53,69,5,6,6,5,6,23,34,11,13,15,15,16,30,35
6251,Sweden,752,Liberia,430,438,520,558,730,841,902,1006,212,250,266,357,406,444,504,226,270,292,373,435,458,502
6252,Sweden,752,Libya,434,293,348,374,619,1230,2069,3790,188,223,238,425,901,1472,2410,105,125,136,194,329,597,1380
6253,Sweden,752,Liechtenstein,438,0,0,2,2,2,3,4,0,0,0,0,0,2,1,0,0,2,2,2,1,3
6254,Sweden,752,Lithuania,440,616,731,785,2291,5551,10035,15107,255,300,319,901,2615,5037,8057,361,431,466,1390,2936,4998,7050
6255,Sweden,752,Luxembourg,442,94,111,120,156,223,295,386,45,52,56,73,116,140,184,49,59,64,83,107,155,202
6256,Sweden,752,Madagascar,450,57,68,73,81,88,108,137,19,22,23,26,32,35,47,38,46,50,55,56,73,90
6257,Sweden,752,Malawi,454,31,37,40,54,77,70,104,17,20,21,26,33,27,50,14,17,19,28,44,43,54
6258,Sweden,752,Malaysia,458,755,896,961,1140,1365,1461,1711,387,456,486,536,624,636,728,368,440,475,604,741,825,983
6259,Sweden,752,Maldives,462,5,6,7,13,11,21,24,2,3,3,8,5,10,13,3,3,4,5,6,11,11
6260,Sweden,752,Mali,466,40,47,51,61,95,129,187,33,38,41,42,53,74,105,7,9,10,19,42,55,82
6261,Sweden,752,Malta,470,68,81,87,103,126,158,203,37,44,46,53,70,83,108,31,37,41,50,56,75,95
6262,Sweden,752,MarshallIslands,584,0,0,0,0,0,1,1,0,0,0,0,0,1,1,0,0,0,0,0,0,0
6263,Sweden,752,Mauritania,478,15,18,20,26,42,61,75,14,17,18,24,37,50,58,1,1,2,2,5,11,17
6264,Sweden,752,Mauritius,480,104,124,133,141,167,177,208,37,44,46,49,68,71,83,67,80,87,92,99,106,125
6265,Sweden,752,Mexico,484,847,1006,1079,1510,1921,2327,3099,395,465,495,724,899,1041,1398,452,541,584,786,1022,1286,1701
6266,Sweden,752,MicronesiaFedStatesof,583,0,0,0,0,1,1,0,0,0,0,0,0,0,0,0,0,0,0,1,1,0
6267,Sweden,752,Monaco,492,11,13,15,22,24,41,47,9,11,12,17,18,22,27,2,2,3,5,6,19,20
6268,Sweden,752,Mongolia,496,30,36,39,122,496,2254,4212,10,11,12,34,168,922,1835,20,25,27,88,328,1332,2377
6269,Sweden,752,Montenegro,499,0,0,0,0,335,799,1254,0,0,0,0,189,428,663,0,0,0,0,146,371,591
6270,Sweden,752,Morocco,504,3529,4188,4492,5488,7012,8638,11306,2114,2496,2665,3097,3727,4371,5681,1415,1692,1827,2391,3285,4267,5625
6271,Sweden,752,Mozambique,508,154,182,196,243,312,312,338,58,67,71,94,134,129,144,96,115,125,149,178,183,194
6272,Sweden,752,Myanmar,104,98,116,125,438,1342,1442,1556,64,75,80,237,705,744,803,34,41,45,201,637,698,753
6273,Sweden,752,Namibia,516,37,44,48,67,82,120,158,20,24,26,34,45,69,86,17,20,22,33,37,51,72
6274,Sweden,752,Nauru,520,0,0,2,2,2,2,1,0,0,1,1,1,1,0,0,0,1,1,1,1,1
6275,Sweden,752,Nepal,524,121,143,154,238,503,844,1080,66,77,82,136,336,531,630,55,66,72,102,167,313,450
6276,Sweden,752,Netherlands,528,3561,4226,4532,5859,8293,9741,12402,2075,2450,2614,3359,4743,5552,7029,1486,1776,1918,2500,3550,4189,5373
6277,Sweden,752,NewZealand,554,499,593,636,811,945,1062,1267,330,391,417,563,653,735,869,169,202,219,248,292,327,398
6278,Sweden,752,Nicaragua,558,317,376,404,490,609,741,929,133,156,166,211,269,330,417,184,220,238,279,340,411,512
6279,Sweden,752,Niger,562,9,11,12,17,30,42,68,8,10,10,13,20,30,49,1,1,2,4,10,12,19
6280,Sweden,752,Nigeria,566,550,653,701,1429,2629,4168,6096,396,468,501,1070,1877,2699,3829,154,185,200,359,752,1469,2267
6281,Sweden,752,NorthMacedonia,807,1856,2202,2362,3355,4474,5815,8571,981,1156,1232,1722,2302,3006,4466,875,1046,1130,1633,2172,2809,4105
6282,Sweden,752,Norway,578,33367,39596,42464,44290,43653,40463,42813,13969,16401,17427,19020,19119,17753,19300,19398,23195,25037,25270,24534,22710,23513
6283,Sweden,752,Oman,512,5,6,7,20,33,49,80,2,2,2,7,14,24,39,3,4,5,13,19,25,41
6284,Sweden,752,Pakistan,586,2435,2890,3100,4653,9127,10698,16597,1373,1620,1729,2859,6479,6693,9891,1062,1270,1371,1794,2648,4005,6706
6285,Sweden,752,Palau,585,0,0,1,0,1,3,6,0,0,1,0,0,2,3,0,0,0,0,1,1,3
6286,Sweden,752,Panama,591,157,187,201,219,256,285,319,81,96,102,103,112,124,140,76,91,99,116,144,161,179
6287,Sweden,752,PapuaNewGuinea,598,18,21,23,25,24,31,29,11,12,13,15,13,18,16,7,9,10,10,11,13,13
6288,Sweden,752,Paraguay,600,102,121,130,146,176,191,216,49,58,61,63,73,70,81,53,63,69,83,103,121,135
6289,Sweden,752,Peru,604,3560,4225,4531,5455,6517,7077,8093,1720,2024,2155,2546,2985,3226,3724,1840,2201,2376,2909,3532,3851,4369
6290,Sweden,752,Philippines,608,4290,5091,5460,7137,9226,11458,14878,1021,1182,1240,1612,2066,2517,3363,3269,3909,4220,5525,7160,8941,11515
6291,Sweden,752,Poland,616,31527,37413,40123,45705,67262,78146,95128,11143,13040,13814,16491,28412,34317,44730,20384,24373,26309,29214,38850,43829,50398
6292,Sweden,752,Portugal,620,1975,2344,2514,2562,2866,3307,4253,1091,1286,1372,1387,1552,1773,2296,884,1058,1142,1175,1314,1534,1957
6293,Sweden,752,Qatar,634,18,21,23,46,77,131,315,8,9,10,22,41,70,157,10,12,13,24,36,61,158
6294,Sweden,752,RepublicofKorea,410,7205,8550,9170,9693,10194,10271,11641,2663,3119,3307,3640,3928,3995,4618,4542,5431,5863,6053,6266,6276,7023
6295,Sweden,752,RepublicofMoldova,498,58,69,74,217,410,705,1232,21,25,26,73,144,255,484,37,44,48,144,266,450,748
6296,Sweden,752,Romania,642,9253,10980,11776,12611,18462,23594,31831,4282,5035,5359,5540,8740,11364,16046,4971,5945,6417,7071,9722,12230,15785
6297,Sweden,752,RussianFederation,643,5125,6082,6523,10833,14389,18201,22166,1770,2070,2192,3569,4719,6073,7681,3355,4012,4331,7264,9670,12128,14485
6298,Sweden,752,Rwanda,646,88,105,113,240,356,516,748,46,55,58,124,173,255,369,42,50,55,116,183,261,379
6299,Sweden,752,SaintKittsandNevis,659,0,0,2,2,1,1,0,0,0,1,1,1,1,0,0,0,1,1,0,0,0
6300,Sweden,752,SaintLucia,662,22,27,29,25,29,34,40,16,19,20,19,19,22,24,6,8,9,6,10,12,16
6301,Sweden,752,SaintVincentandtheGrenadines,670,10,12,12,12,15,15,18,8,10,10,10,13,11,13,2,2,2,2,2,4,5
6302,Sweden,752,Samoa,882,13,15,17,23,26,23,27,5,5,6,7,8,9,12,8,10,11,16,18,14,15
6303,Sweden,752,SanMarino,674,7,6,6,5,5,4,4,5,4,4,3,3,1,1,2,2,2,2,2,3,3
6304,Sweden,752,SaoTomeandPrincipe,678,6,7,7,10,10,11,12,5,5,5,7,7,8,7,1,2,2,3,3,3,5
6305,Sweden,752,SaudiArabia,682,656,779,836,1012,1536,2862,6316,341,402,429,517,797,1535,3437,315,377,407,495,739,1327,2879
6306,Sweden,752,Senegal,686,180,214,230,325,488,719,989,108,127,136,181,287,455,643,72,87,94,144,201,264,346
6307,Sweden,752,Serbia,688,0,0,0,11953,12866,14812,23696,0,0,0,6256,6770,7785,12338,0,0,0,5697,6096,7027,11358
6308,Sweden,752,Seychelles,690,36,43,47,57,59,66,70,10,12,13,15,17,19,19,26,31,34,42,42,47,51
6309,Sweden,752,SierraLeone,694,170,202,217,509,663,772,941,95,112,119,266,344,407,504,75,90,98,243,319,365,437
6310,Sweden,752,Singapore,702,399,474,509,487,738,705,921,185,218,232,201,315,264,364,214,256,277,286,423,441,557
6311,Sweden,752,Slovakia,703,190,226,243,531,1054,1422,1907,67,79,84,195,456,643,882,123,147,159,336,598,779,1025
6312,Sweden,752,Slovenia,705,536,636,683,813,959,1137,1411,292,345,368,416,503,569,708,244,291,315,397,456,568,703
6313,Sweden,752,SolomonIslands,90,0,0,2,4,4,4,3,0,0,0,2,3,3,2,0,0,2,2,1,1,1
6314,Sweden,752,Somalia,706,10279,12198,13082,15872,31594,55339,70432,5473,6451,6878,8140,15743,27430,34886,4806,5747,6204,7732,15851,27909,35546
6315,Sweden,752,SouthAfrica,710,798,947,1016,1551,1919,2284,3208,454,535,571,884,1096,1295,1823,344,412,445,667,823,989,1385
6316,Sweden,752,SouthSudan,728,0,0,0,0,0,14,91,0,0,0,0,0,9,43,0,0,0,0,0,5,48
6317,Sweden,752,Spain,724,3990,4736,5079,5546,6515,9083,12579,2373,2802,2991,3188,3739,5062,6970,1617,1934,2088,2358,2776,4021,5609
6318,Sweden,752,SriLanka,144,4599,5458,5854,6161,6627,6656,7487,2040,2398,2550,2665,2902,2896,3310,2559,3060,3304,3496,3725,3760,4177
6319,Sweden,752,StateofPalestine,275,799,949,1018,2122,3220,4930,8108,497,587,627,1335,1960,2871,4863,302,362,391,787,1260,2059,3245
6320,Sweden,752,Sudan,729,557,662,710,1030,1473,3162,6065,314,372,396,595,834,1708,3364,243,290,314,435,639,1454,2701
6321,Sweden,752,Suriname,740,16,19,21,27,32,37,57,8,9,10,12,13,15,29,8,10,11,15,19,22,28
6322,Sweden,752,Switzerland,756,1877,2227,2389,2592,2973,3267,4123,1024,1207,1288,1386,1607,1732,2184,853,1020,1101,1206,1366,1535,1939
6323,Sweden,752,SyrianArabRepublic,760,11128,13205,14162,16591,19572,101949,190882,5572,6562,6991,8227,9847,58485,107850,5556,6643,7171,8364,9725,43464,83032
6324,Sweden,752,Tajikistan,762,51,60,65,120,209,289,398,19,22,23,51,88,130,193,32,38,42,69,121,159,205
6325,Sweden,752,Thailand,764,8135,9653,10353,18080,28604,36472,43476,2164,2513,2646,4190,6277,7682,9466,5971,7140,7707,13890,22327,28790,34010
6326,Sweden,752,TimorLeste,626,0,0,0,1,4,4,5,0,0,0,1,2,2,3,0,0,0,0,2,2,2
6327,Sweden,752,Togo,768,182,216,232,251,301,337,394,112,132,141,145,180,191,226,70,84,91,106,121,146,168
6328,Sweden,752,Tonga,776,15,18,20,24,27,33,33,4,5,5,6,6,8,8,11,13,15,18,21,25,25
6329,Sweden,752,TrinidadandTobago,780,183,218,234,250,270,281,306,80,95,101,112,123,129,144,103,123,133,138,147,152,162
6330,Sweden,752,Tunisia,788,2143,2543,2728,3173,3860,4624,5734,1491,1763,1886,2139,2542,3001,3627,652,780,842,1034,1318,1623,2107
6331,Sweden,752,Turkey,792,25061,29740,31894,35466,40582,44141,51223,13287,15662,16698,18831,21982,24168,28201,11774,14078,15196,16635,18600,19973,23022
6332,Sweden,752,Turkmenistan,795,44,52,56,157,210,223,258,14,16,17,59,80,80,92,30,36,39,98,130,143,166
6333,Sweden,752,Uganda,800,1880,2231,2393,2489,2843,3806,4948,945,1113,1186,1217,1377,1857,2430,935,1118,1207,1272,1466,1949,2518
6334,Sweden,752,Ukraine,804,1146,1360,1459,2748,4219,6532,10176,358,417,441,798,1268,2055,3608,788,943,1018,1950,2951,4477,6568
6335,Sweden,752,UnitedArabEmirates,784,275,327,351,479,688,1339,3292,140,165,176,249,362,728,1785,135,162,175,230,326,611,1507
6336,Sweden,752,UnitedKingdom,826,11473,13616,14602,16960,20291,23339,29715,7379,8720,9317,11133,13468,15338,19507,4094,4896,5285,5827,6823,8001,10208
6337,Sweden,752,UnitedRepublicofTanzania,834,664,788,846,1062,1335,1611,1945,327,385,411,503,644,793,953,337,403,435,559,691,818,992
6338,Sweden,752,UnitedStatesofAmerica,840,11325,13439,14413,15335,16493,18719,22503,6010,7084,7553,8168,8701,9788,11742,5315,6355,6860,7167,7792,8931,10761
6339,Sweden,752,Uruguay,858,1749,2076,2227,2288,2270,2078,2249,918,1082,1154,1169,1146,1054,1157,831,994,1073,1119,1124,1024,1092
6340,Sweden,752,Uzbekistan,860,121,144,155,1154,2066,3326,4343,44,52,55,538,1014,1661,2205,77,92,100,616,1052,1665,2138
6341,Sweden,752,Vanuatu,548,0,0,0,0,1,1,1,0,0,0,0,0,0,1,0,0,0,0,1,1,0
6342,Sweden,752,VenezuelaBolivarianRepublicof,862,352,418,449,579,798,1063,1535,175,206,220,274,382,506,735,177,212,229,305,416,557,800
6343,Sweden,752,VietNam,704,8563,10162,10898,12180,13942,15907,20245,4118,4847,5160,5698,6466,7230,9339,4445,5315,5738,6482,7476,8677,10906
6344,Sweden,752,Yemen,887,135,161,173,240,489,1276,2604,77,92,98,139,283,747,1501,58,69,75,101,206,529,1103
6345,Sweden,752,Zambia,894,192,228,245,302,394,493,646,93,109,116,136,162,206,275,99,119,129,166,232,287,371
6346,Sweden,752,Zimbabwe,716,199,236,254,336,419,518,690,98,115,123,180,216,263,356,101,121,131,156,203,255,334
6347,UnitedKingdom,826,Melanesia,928,707,2795,4934,6041,6373,7623,8596,439,1433,2446,3046,3279,3813,4259,268,1362,2488,2995,3094,3810,4337
6348,UnitedKingdom,826,Micronesia,954,24,97,174,175,183,217,240,15,47,80,72,78,88,97,9,50,94,103,105,129,143
6349,UnitedKingdom,826,Polynesia,957,70,281,499,504,530,631,709,47,155,265,283,303,354,398,23,126,234,221,227,277,311
6350,UnitedKingdom,826,Afghanistan,4,2076,8160,14382,36020,38029,45516,51376,1533,5437,9425,22321,23862,28054,31482,543,2723,4957,13699,14167,17462,19894
6351,UnitedKingdom,826,Albania,8,156,1181,2227,7335,7743,9267,10458,91,748,1417,4644,4961,5838,6553,65,433,810,2691,2782,3429,3905
6352,UnitedKingdom,826,Algeria,12,3594,6898,10318,16393,17307,20714,23380,2353,4777,7274,11081,11814,13944,15667,1241,2121,3044,5312,5493,6770,7713
6353,UnitedKingdom,826,Andorra,20,6,15,26,39,41,48,53,5,10,15,21,23,27,30,1,5,11,18,18,21,23
6354,UnitedKingdom,826,Angola,24,825,3243,5717,9446,9973,11936,13471,507,1650,2818,4442,4799,5558,6207,318,1593,2899,5004,5174,6378,7264
6355,UnitedKingdom,826,Anguilla,660,95,377,666,568,599,717,807,58,184,313,272,294,342,381,37,193,353,296,305,375,426
6356,UnitedKingdom,826,AntiguaandBarbuda,28,542,2135,3764,3510,3705,4435,5005,316,1000,1697,1576,1706,1971,2200,226,1135,2067,1934,1999,2464,2805
6357,UnitedKingdom,826,Argentina,32,947,3722,6561,7984,8428,10087,11385,534,1654,2796,3460,3750,4321,4819,413,2068,3765,4524,4678,5766,6566
6358,UnitedKingdom,826,Armenia,51,81,323,572,1038,1095,1310,1477,48,155,265,472,510,590,657,33,168,307,566,585,720,820
6359,UnitedKingdom,826,Aruba,533,111,437,772,659,695,831,936,63,194,328,286,311,359,399,48,243,444,373,384,472,537
6360,UnitedKingdom,826,Australia,36,72426,87623,104295,107938,123443,128232,140235,32613,39437,46800,49279,64228,65068,69502,39813,48186,57495,58659,59215,63164,70733
6361,UnitedKingdom,826,Austria,40,20222,19373,18851,18296,19316,20067,21163,5498,5577,5715,5962,6561,8774,9493,14724,13796,13136,12334,12755,11293,11670
6362,UnitedKingdom,826,Azerbaijan,31,77,307,544,1595,1683,2014,2271,46,152,260,741,801,928,1034,31,155,284,854,882,1086,1237
6363,UnitedKingdom,826,Bahamas,44,250,984,1735,1716,1810,2166,2442,150,481,818,801,864,1001,1116,100,503,917,915,946,1165,1326
6364,UnitedKingdom,826,Bahrain,48,583,2295,4047,4611,4868,5826,6575,364,1195,2043,2347,2527,2941,3289,219,1100,2004,2264,2341,2885,3286
6365,UnitedKingdom,826,Bangladesh,50,102380,124761,149241,169747,209581,215649,241799,54463,64825,76122,87670,108066,114041,123787,47917,59936,73119,82077,101515,101608,118012
6366,UnitedKingdom,826,Barbados,52,21736,21135,20891,18665,19706,23586,26622,10751,10371,10138,9002,9713,11269,12591,10985,10764,10753,9663,9993,12317,14031
6367,UnitedKingdom,826,Belarus,112,310,703,1108,2552,2693,3222,3635,204,343,487,879,964,1092,1209,106,360,621,1673,1729,2130,2426
6368,UnitedKingdom,826,Belgium,56,16085,18359,20943,22475,23729,23934,31425,5609,7036,8553,9698,10516,11383,14554,10476,11323,12390,12777,13213,12551,16871
6369,UnitedKingdom,826,Belize,84,1194,1182,1191,1191,1256,1503,1694,433,392,356,368,406,456,503,761,790,835,823,850,1047,1191
6370,UnitedKingdom,826,Benin,204,32,127,226,398,419,500,563,21,68,117,210,226,263,294,11,59,109,188,193,237,269
6371,UnitedKingdom,826,Bermuda,60,61457,31906,2892,3350,3536,4232,4775,29689,15445,1418,1637,1766,2051,2292,31768,16461,1474,1713,1770,2181,2483
6372,UnitedKingdom,826,Bhutan,64,11,48,86,239,251,299,336,9,33,56,155,165,194,218,2,15,30,84,86,105,118
6373,UnitedKingdom,826,BoliviaPlurinationalStateof,68,158,625,1103,2255,2380,2848,3212,90,281,475,1019,1103,1275,1420,68,344,628,1236,1277,1573,1792
6374,UnitedKingdom,826,BosniaandHerzegovina,70,1816,4108,6470,6717,7090,8486,9576,1217,2074,2960,2978,3224,3721,4149,599,2034,3510,3739,3866,4765,5427
6375,UnitedKingdom,826,Botswana,72,1955,1948,1975,2446,2582,3089,3485,1078,1043,1024,1195,1290,1497,1672,877,905,951,1251,1292,1592,1813
6376,UnitedKingdom,826,Brazil,76,9560,12033,14710,30972,32699,39136,44175,4076,4962,5913,13446,14574,16796,18724,5484,7071,8797,17526,18125,22340,25451
6377,UnitedKingdom,826,BritishVirginIslands,92,47,188,334,285,300,358,403,26,82,139,121,131,151,167,21,106,195,164,169,207,236
6378,UnitedKingdom,826,BruneiDarussalam,96,388,1527,2692,3736,3944,4720,5326,234,752,1279,1729,1869,2163,2414,154,775,1413,2007,2075,2557,2912
6379,UnitedKingdom,826,Bulgaria,100,1670,3395,5178,24618,25990,65868,103196,903,1604,2327,11918,12856,31730,48642,767,1791,2851,12700,13134,34138,54554
6380,UnitedKingdom,826,BurkinaFaso,854,12,52,94,147,154,183,205,9,32,55,82,87,101,113,3,20,39,65,67,82,92
6381,UnitedKingdom,826,Burundi,108,281,1107,1953,2993,3159,3780,4265,166,525,892,1324,1434,1654,1844,115,582,1061,1669,1725,2126,2421
6382,UnitedKingdom,826,CaboVerde,132,45,180,319,699,737,881,993,27,85,144,301,327,377,419,18,95,175,398,410,504,574
6383,UnitedKingdom,826,Cambodia,116,97,385,680,883,931,1113,1255,55,172,290,358,389,446,495,42,213,390,525,542,667,760
6384,UnitedKingdom,826,Cameroon,120,451,1773,3125,6197,6541,7828,8834,278,903,1541,3029,3265,3791,4237,173,870,1584,3168,3276,4037,4597
6385,UnitedKingdom,826,Canada,124,63555,66277,70115,70486,74418,89069,100538,29013,29978,31355,30861,33438,38557,42991,34542,36299,38760,39625,40980,50512,57547
6386,UnitedKingdom,826,CaymanIslands,136,150,591,1043,891,939,1123,1266,85,262,442,387,418,481,536,65,329,601,504,521,642,730
6387,UnitedKingdom,826,CentralAfricanRepublic,140,42,169,299,217,228,272,304,22,64,106,78,85,96,106,20,105,193,139,143,176,198
6388,UnitedKingdom,826,Chad,148,25,101,180,245,258,307,345,21,76,133,157,168,197,222,4,25,47,88,90,110,123
6389,UnitedKingdom,826,ChannelIslands,830,18441,15347,12513,14509,15318,16172,16838,8613,7333,6157,7009,7562,8152,8683,9828,8014,6356,7500,7756,8020,8155
6390,UnitedKingdom,826,Chile,152,717,2817,4966,5655,5969,7143,8063,415,1300,2204,2554,2763,3192,3563,302,1517,2762,3101,3206,3951,4500
6391,UnitedKingdom,826,China,156,23384,83030,144073,146994,155196,199428,208229,10926,40188,70015,71028,76633,85664,93542,12458,42842,74058,75966,78563,113764,114687
6392,UnitedKingdom,826,China,156,344,72371,72931,74718,87020,91875,109963,124122,37581,37509,37977,44544,47947,55818,62434,34790,35422,36741,42476,43928,54145
6393,UnitedKingdom,826,Colombia,170,5546,8660,11920,17530,18508,22151,25001,2037,3398,4802,7129,7753,8895,9900,3509,5262,7118,10401,10755,13256,15101
6394,UnitedKingdom,826,Comoros,174,7,33,60,95,100,118,133,5,16,27,41,45,51,58,2,17,33,54,55,67,75
6395,UnitedKingdom,826,Congo,178,456,1793,3162,5596,5907,7069,7978,277,893,1522,2425,2628,3028,3376,179,900,1640,3171,3279,4041,4602
6396,UnitedKingdom,826,CostaRica,188,50,200,355,502,529,632,712,29,90,153,228,247,285,318,21,110,202,274,282,347,394
6397,UnitedKingdom,826,CotedIvoire,384,388,1529,2697,4936,5210,6235,7035,252,844,1449,2421,2610,3031,3387,136,685,1248,2515,2600,3204,3648
6398,UnitedKingdom,826,Croatia,191,1897,4290,6757,7093,7487,5934,8610,1241,2061,2911,2946,3199,3320,3683,656,2229,3846,4147,4288,2614,4927
6399,UnitedKingdom,826,Cuba,192,150,592,1044,1638,1728,2067,2333,87,275,466,779,841,975,1091,63,317,578,859,887,1092,1242
6400,UnitedKingdom,826,Cyprus,196,76295,75065,75098,72192,76219,74836,61053,39551,38512,38027,36113,38906,34255,27263,36744,36553,37071,36079,37313,40581,33790
6401,UnitedKingdom,826,Czechia,203,8523,10086,11819,23419,24725,42812,45578,3825,3755,3732,8850,9659,16391,14708,4698,6331,8087,14569,15066,26421,30870
6402,UnitedKingdom,826,DemPeoplesRepublicofKorea,408,0,5,11,7984,8428,10087,11385,0,5,10,3361,3648,4195,4674,0,0,1,4623,4780,5892,6711
6403,UnitedKingdom,826,DemocraticRepublicoftheCongo,180,1195,4698,8280,12919,13639,16324,18423,748,2460,4206,5985,6469,7487,8356,447,2238,4074,6934,7170,8837,10067
6404,UnitedKingdom,826,Denmark,208,13911,15833,18023,19297,20372,25684,26960,5033,5916,6873,7668,8347,10312,10973,8878,9917,11150,11629,12025,15372,15987
6405,UnitedKingdom,826,Djibouti,262,33,131,232,319,336,401,451,21,65,109,139,151,174,194,12,66,123,180,185,227,257
6406,UnitedKingdom,826,Dominica,212,941,3697,6517,6048,6385,7641,8625,567,1822,3104,2826,3054,3535,3948,374,1875,3413,3222,3331,4106,4677
6407,UnitedKingdom,826,DominicanRepublic,214,72,285,504,876,923,1104,1246,44,142,242,452,486,566,636,28,143,262,424,437,538,610
6408,UnitedKingdom,826,Ecuador,218,423,1665,2936,5428,5730,6857,7739,244,766,1298,2470,2672,3088,3449,179,899,1638,2958,3058,3769,4290
6409,UnitedKingdom,826,Egypt,818,22368,22933,23885,25824,27264,32631,36831,11880,12296,12892,14441,15492,18121,20300,10488,10637,10993,11383,11772,14510,16531
6410,UnitedKingdom,826,ElSalvador,222,81,322,569,678,715,855,1284,44,131,219,266,290,332,493,37,191,350,412,425,523,791
6411,UnitedKingdom,826,EquatorialGuinea,226,6,29,53,159,167,199,222,4,14,23,56,61,69,75,2,15,30,103,106,130,147
6412,UnitedKingdom,826,Eritrea,232,914,3593,6334,11158,11779,15103,15911,547,1751,2980,5368,5792,7198,7506,367,1842,3354,5790,5987,7905,8405
6413,UnitedKingdom,826,Estonia,233,545,1233,1943,4927,5200,13633,12967,371,643,924,1909,2080,4485,3271,174,590,1019,3018,3120,9148,9696
6414,UnitedKingdom,826,Eswatini,748,118,469,828,1078,1137,1361,1534,72,233,397,488,528,612,682,46,236,431,590,609,749,852
6415,UnitedKingdom,826,Ethiopia,231,1086,4269,7524,10714,11310,13536,15278,657,2118,3609,4881,5278,6102,6809,429,2151,3915,5833,6032,7434,8469
6416,UnitedKingdom,826,FalklandIslandsMalvinas,238,158,626,1105,943,995,1190,1342,87,266,447,391,425,488,545,71,360,658,552,570,702,797
6417,UnitedKingdom,826,FaroeIslands,234,38,150,266,310,326,389,437,21,63,107,121,131,150,167,17,87,159,189,195,239,270
6418,UnitedKingdom,826,Fiji,242,483,1900,3349,4488,4737,5669,6397,303,995,1700,2310,2485,2894,3237,180,905,1649,2178,2252,2775,3160
6419,UnitedKingdom,826,Finland,246,5179,7993,10943,11359,11992,15019,20999,1088,1989,2908,3001,3349,3184,7656,4091,6004,8035,8358,8643,11835,13343
6420,UnitedKingdom,826,France,250,52367,71537,91911,108012,134393,149752,170270,19131,27992,37212,46152,62302,68205,73321,33236,43545,54699,61860,72091,81547,96949
6421,UnitedKingdom,826,FrenchPolynesia,258,13,55,98,84,88,104,117,8,26,44,39,42,48,56,5,29,54,45,46,56,61
6422,UnitedKingdom,826,Gabon,266,17,70,126,229,241,288,322,11,34,58,98,106,123,136,6,36,68,131,135,165,186
6423,UnitedKingdom,826,Gambia,270,1354,2553,3796,7024,7415,8874,10015,755,1402,2070,3797,4079,4763,5333,599,1151,1726,3227,3336,4111,4682
6424,UnitedKingdom,826,Georgia,268,76,303,537,1704,1798,2151,2427,46,151,259,814,878,1018,1138,30,152,278,890,920,1133,1289
6425,UnitedKingdom,826,Germany,276,213058,233229,257322,260849,298299,305973,310043,87109,96500,107160,109267,124672,137032,136873,125949,136729,150162,151582,173627,168941,173170
6426,UnitedKingdom,826,Ghana,288,31872,42703,54254,69890,97035,116139,131095,15509,20676,26135,33412,50995,59390,66442,16363,22027,28119,36478,46040,56749,64653
6427,UnitedKingdom,826,Gibraltar,292,11215,9279,7500,8697,9181,10989,12401,5296,4481,3728,4246,4578,5315,5939,5919,4798,3772,4451,4603,5674,6462
6428,UnitedKingdom,826,Greece,300,14266,23935,34008,33243,35098,53324,75441,7397,12918,18628,17978,19311,27538,47503,6869,11017,15380,15265,15787,25786,27938
6429,UnitedKingdom,826,Greenland,304,9,22,36,42,44,52,57,6,10,13,14,16,19,21,3,12,23,28,28,33,36
6430,UnitedKingdom,826,Grenada,308,1366,5367,9460,8806,9296,11126,12556,811,2585,4397,4053,4382,5069,5657,555,2782,5063,4753,4914,6057,6899
6431,UnitedKingdom,826,Guatemala,320,69,272,481,678,715,855,963,38,114,192,268,292,335,371,31,158,289,410,423,520,592
6432,UnitedKingdom,826,Guinea,324,36,144,255,1202,1268,1517,1710,25,84,143,652,700,818,915,11,60,112,550,568,699,795
6433,UnitedKingdom,826,GuineaBissau,624,53,211,373,1277,1347,1611,1817,34,112,191,623,672,780,872,19,99,182,654,675,831,945
6434,UnitedKingdom,826,Guyana,328,19978,19912,20182,19685,20782,24874,28074,8960,8699,8555,8156,8860,10180,11334,11018,11213,11627,11529,11922,14694,16740
6435,UnitedKingdom,826,Haiti,332,21,86,154,220,231,276,309,11,32,54,95,103,119,132,10,54,100,125,128,157,177
6436,UnitedKingdom,826,Honduras,340,59,233,412,489,516,616,694,32,96,162,184,202,230,255,27,137,250,305,314,386,439
6437,UnitedKingdom,826,Hungary,348,12192,12352,12721,30066,31742,80777,82667,7141,6661,6279,14878,16036,42873,40081,5051,5691,6442,15188,15706,37904,42586
6438,UnitedKingdom,826,Iceland,352,419,947,1492,1665,1757,2102,2370,276,459,649,745,806,930,1036,143,488,843,920,951,1172,1334
6439,UnitedKingdom,826,India,356,399526,422284,452144,548130,684136,807790,835359,194775,204842,217793,271359,352918,414636,420139,204751,217442,234351,276771,331218,393154,415220
6440,UnitedKingdom,826,Indonesia,360,938,3687,6499,7530,7949,9513,10737,503,1507,2531,2736,2992,3403,3778,435,2180,3968,4794,4957,6110,6959
6441,UnitedKingdom,826,IranIslamicRepublicof,364,31563,36022,41087,58564,61831,74004,83531,18450,20843,23547,34374,36815,43169,48402,13113,15179,17540,24190,25016,30835,35129
6442,UnitedKingdom,826,Iraq,368,15166,22970,31162,49476,52236,62520,70569,9161,14130,19315,30871,32996,38805,43553,6005,8840,11847,18605,19240,23715,27016
6443,UnitedKingdom,826,Ireland,372,611877,559011,515544,461897,398201,389731,370151,280892,251820,226188,202450,175558,171104,165134,330985,307191,289356,259447,222643,218627,205017
6444,UnitedKingdom,826,IsleofMan,833,9974,8238,6642,7702,8131,9732,10983,4703,3975,3304,3764,4059,4713,5268,5271,4263,3338,3938,4072,5019,5715
6445,UnitedKingdom,826,Israel,376,11935,11621,11503,13882,14655,17540,19797,6186,6029,5959,7227,7773,9057,10135,5749,5592,5544,6655,6882,8483,9662
6446,UnitedKingdom,826,Italy,380,88822,95453,103689,114477,111540,152535,254054,44154,47818,52163,58740,57227,78021,139639,44668,47635,51526,55737,54313,74514,114415
6447,UnitedKingdom,826,Jamaica,388,138898,139059,141559,141608,147673,138858,128772,67029,65648,65181,63627,61806,54628,47847,71869,73411,76378,77981,85867,84230,80925
6448,UnitedKingdom,826,Japan,392,27561,31661,36294,34522,36447,43623,49238,12564,13434,14483,12786,13968,15916,17672,14997,18227,21811,21736,22479,27707,31566
6449,UnitedKingdom,826,Jordan,400,2469,2712,3001,4136,4366,5225,5897,1573,1698,1849,2550,2727,3205,3598,896,1014,1152,1586,1639,2020,2299
6450,UnitedKingdom,826,Kazakhstan,398,121,480,848,2725,2876,3441,3882,61,176,294,1014,1108,1262,1401,60,304,554,1711,1768,2179,2481
6451,UnitedKingdom,826,Kenya,404,109722,116551,125340,124549,146627,131845,139352,56485,59323,63010,61194,74540,61874,64699,53237,57228,62330,63355,72087,69971,74653
6452,UnitedKingdom,826,Kiribati,296,24,95,168,159,167,199,222,15,46,77,66,72,82,91,9,49,91,93,95,117,131
6453,UnitedKingdom,826,Kuwait,414,820,3223,5682,8721,9207,11020,12436,533,1783,3060,4972,5331,6243,6995,287,1440,2622,3749,3876,4777,5441
6454,UnitedKingdom,826,Kyrgyzstan,417,18,72,129,545,575,687,775,10,25,42,186,205,232,258,8,47,87,359,370,455,517
6455,UnitedKingdom,826,LaoPeoplesDemocraticRepublic,418,64,254,450,522,550,658,741,37,118,201,202,220,252,281,27,136,249,320,330,406,460
6456,UnitedKingdom,826,Latvia,428,1160,2623,4132,30163,31846,103879,86007,857,1592,2352,13802,14927,48722,40658,303,1031,1780,16361,16919,55157,45349
6457,UnitedKingdom,826,Lebanon,422,8712,9330,10106,12153,12831,15356,17333,5128,5405,5762,6990,7493,8777,9840,3584,3925,4344,5163,5338,6579,7493
6458,UnitedKingdom,826,Lesotho,426,45,180,320,516,544,650,732,25,76,129,205,224,256,285,20,104,191,311,320,394,447
6459,UnitedKingdom,826,Liberia,430,219,864,1524,2371,2503,2995,3378,148,501,861,1345,1443,1689,1891,71,363,663,1026,1060,1306,1487
6460,UnitedKingdom,826,Libya,434,6468,7588,8836,11782,12439,14887,16803,3716,4361,5070,6703,7187,8414,9430,2752,3227,3766,5079,5252,6473,7373
6461,UnitedKingdom,826,Liechtenstein,438,7,16,27,26,27,31,33,5,5,6,7,8,8,8,2,11,21,19,19,23,25
6462,UnitedKingdom,826,Lithuania,440,1182,2675,4214,51886,139497,139429,190342,819,1440,2083,23809,63261,63225,80050,363,1235,2131,28077,76236,76204,110292
6463,UnitedKingdom,826,Luxembourg,442,691,926,1177,1457,1538,1979,3314,299,430,566,689,745,196,1681,392,496,611,768,793,1783,1633
6464,UnitedKingdom,826,Madagascar,450,110,433,765,846,892,1067,1202,56,161,268,285,313,354,391,54,272,497,561,579,713,811
6465,UnitedKingdom,826,Malawi,454,10474,11110,11934,13347,14091,16865,19035,5432,5652,5953,6466,6976,8096,9045,5042,5458,5981,6881,7115,8769,9990
6466,UnitedKingdom,826,Malaysia,458,42754,45112,48230,55202,58281,69754,78736,19432,20137,21117,24072,26087,30071,33527,23322,24975,27113,31130,32194,39683,45209
6467,UnitedKingdom,826,Maldives,462,27,107,190,263,277,331,372,17,54,92,133,143,167,187,10,53,98,130,134,164,185
6468,UnitedKingdom,826,Mali,466,16,65,117,232,244,292,327,12,38,65,133,142,167,186,4,27,52,99,102,125,141
6469,UnitedKingdom,826,Malta,470,30631,29655,29178,27539,29075,27203,29600,14667,14197,13926,13065,14107,13969,15077,15964,15458,15252,14474,14968,13234,14523
6470,UnitedKingdom,826,Mauritania,478,3,15,29,113,119,142,157,3,10,18,68,73,86,96,0,5,11,45,46,56,61
6471,UnitedKingdom,826,Mauritius,480,22883,24326,26180,31806,33580,40190,45365,12015,12586,13339,15902,17133,19918,22270,10868,11740,12841,15904,16447,20272,23095
6472,UnitedKingdom,826,Mexico,484,704,2769,4882,6821,7201,8619,9726,407,1278,2167,3036,3288,3796,4234,297,1491,2715,3785,3913,4823,5492
6473,UnitedKingdom,826,Monaco,492,60,136,215,287,302,361,406,44,78,113,161,172,201,226,16,58,102,126,130,160,180
6474,UnitedKingdom,826,Mongolia,496,40,162,288,915,966,1156,1302,23,75,128,339,371,423,470,17,87,160,576,595,733,832
6475,UnitedKingdom,826,Montenegro,499,197,447,705,818,862,1031,1162,138,246,358,408,439,511,570,59,201,347,410,423,520,592
6476,UnitedKingdom,826,Montserrat,500,1290,5069,8935,7624,8048,9632,10872,723,2230,3768,3290,3567,4109,4580,567,2839,5167,4334,4481,5523,6292
6477,UnitedKingdom,826,Morocco,504,8857,10312,11941,15760,16639,19914,22476,5132,5771,6495,8302,8927,10408,11649,3725,4541,5446,7458,7712,9506,10827
6478,UnitedKingdom,826,Mozambique,508,467,1840,3244,4273,4510,5398,6092,280,899,1530,1970,2129,2463,2751,187,941,1714,2303,2381,2935,3341
6479,UnitedKingdom,826,Myanmar,104,10359,9891,9590,10172,10738,12851,14505,4858,4638,4483,4748,5129,5939,6631,5501,5253,5107,5424,5609,6912,7874
6480,UnitedKingdom,826,Namibia,516,172,677,1195,1704,1798,2151,2427,106,344,587,797,861,997,1114,66,333,608,907,937,1154,1313
6481,UnitedKingdom,826,Nauru,520,0,2,6,16,16,18,18,0,1,3,6,6,6,6,0,1,3,10,10,12,12
6482,UnitedKingdom,826,Nepal,524,828,3257,5741,26091,27546,32969,37212,624,2234,3878,14804,15874,18583,20822,204,1023,1863,11287,11672,14386,16390
6483,UnitedKingdom,826,Netherlands,528,28913,33722,39100,47969,50645,67096,81375,12098,14631,17361,22152,23946,33344,33909,16815,19091,21739,25817,26699,33752,47466
6484,UnitedKingdom,826,NewCaledonia,540,19,78,139,119,125,148,165,13,41,69,60,65,75,82,6,37,70,59,60,73,83
6485,UnitedKingdom,826,NewZealand,554,40222,47883,56350,55720,58829,70411,79478,18887,22696,26822,27099,29230,33927,37914,21335,25187,29528,28621,29599,36484,41564
6486,UnitedKingdom,826,Nicaragua,558,31,124,221,279,293,350,393,16,45,75,108,117,134,149,15,79,146,171,176,216,244
6487,UnitedKingdom,826,Niger,562,13,54,97,139,146,174,195,9,30,52,76,81,95,106,4,24,45,63,65,79,89
6488,UnitedKingdom,826,Nigeria,566,45984,65168,85449,133246,162051,181046,205773,22988,32488,42450,67520,78067,90002,103668,22996,32680,42999,65726,83984,91044,102105
6489,UnitedKingdom,826,NorthMacedonia,807,347,787,1241,1948,2056,2460,2776,214,335,460,811,881,1012,1127,133,452,781,1137,1175,1448,1649
6490,UnitedKingdom,826,Norway,578,8506,10835,13348,14181,14971,17918,20224,3379,4364,5406,5768,6271,7195,8010,5127,6471,7942,8413,8700,10723,12214
6491,UnitedKingdom,826,Oman,512,281,1108,1954,2401,2534,3032,3421,198,689,1190,1363,1461,1711,1916,83,419,764,1038,1073,1321,1505
6492,UnitedKingdom,826,Pakistan,586,228321,267177,310526,379494,460473,532502,537047,117858,137138,158388,194851,243285,287171,282645,110463,130039,152138,184643,217188,245331,254402
6493,UnitedKingdom,826,Panama,591,68,269,476,556,586,701,789,38,115,195,230,250,288,320,30,154,281,326,336,413,469
6494,UnitedKingdom,826,PapuaNewGuinea,598,147,580,1023,1003,1058,1266,1428,89,287,489,479,517,600,669,58,293,534,524,541,666,759
6495,UnitedKingdom,826,Paraguay,600,70,275,486,581,613,732,826,42,131,222,259,281,323,362,28,144,264,322,332,409,464
6496,UnitedKingdom,826,Peru,604,567,2231,3933,5209,5499,6581,7426,296,872,1458,1930,2109,2403,2668,271,1359,2475,3279,3390,4178,4758
6497,UnitedKingdom,826,Philippines,608,21328,29809,38793,78153,115812,130438,141722,5337,7313,9354,25335,43573,49817,48765,15991,22496,29439,52818,72239,80621,92957
6498,UnitedKingdom,826,Poland,616,71908,64757,58696,328135,537859,804481,835975,41357,34255,27650,160678,272733,379868,395282,30551,30502,31046,167457,265126,424613,440693
6499,UnitedKingdom,826,Portugal,620,19323,27105,35344,59174,129340,129278,141916,8925,12849,16953,28991,58366,58333,73821,10398,14256,18391,30183,70974,70945,68095
6500,UnitedKingdom,826,Qatar,634,148,582,1026,1647,1738,2079,2347,96,320,548,981,1050,1232,1383,52,262,478,666,688,847,964
6501,UnitedKingdom,826,RepublicofKorea,410,1717,6750,11898,8591,9070,10856,12253,983,3075,5209,3737,4051,4670,5207,734,3675,6689,4854,5019,6186,7046
6502,UnitedKingdom,826,RepublicofMoldova,498,61,243,430,1665,1757,2102,2370,37,121,207,711,771,887,988,24,122,223,954,986,1215,1382
6503,UnitedKingdom,826,Reunion,638,1,7,15,13,13,14,15,1,6,12,10,10,12,14,0,1,3,3,3,2,1
6504,UnitedKingdom,826,Romania,642,3873,5579,7379,41686,173039,172953,393569,2045,2719,3431,20781,90644,90592,207200,1828,2860,3948,20905,82395,82361,186369
6505,UnitedKingdom,826,RussianFederation,643,4247,9605,15125,25383,26798,32073,36203,2632,4122,5667,8702,9547,10810,11980,1615,5483,9458,16681,17251,21263,24223
6506,UnitedKingdom,826,Rwanda,646,331,1301,2294,3141,3315,3967,4476,192,601,1019,1392,1507,1739,1939,139,700,1275,1749,1808,2228,2537
6507,UnitedKingdom,826,SaintHelena,654,480,1888,3329,2841,2999,3589,4049,256,765,1284,1125,1226,1404,1562,224,1123,2045,1716,1773,2185,2487
6508,UnitedKingdom,826,SaintKittsandNevis,659,910,3575,6302,5610,5922,7087,7998,542,1728,2940,2596,2806,3246,3623,368,1847,3362,3014,3116,3841,4375
6509,UnitedKingdom,826,SaintLucia,662,1153,4534,7993,8029,8476,10144,11448,667,2100,3563,3609,3905,4510,5033,486,2434,4430,4420,4571,5634,6415
6510,UnitedKingdom,826,SaintVincentandtheGrenadines,670,990,3889,6855,6704,7077,8470,9558,597,1916,3263,3213,3467,4021,4491,393,1973,3592,3491,3610,4449,5067
6511,UnitedKingdom,826,Samoa,882,38,149,264,226,238,284,319,26,87,149,129,138,162,181,12,62,115,97,100,122,138
6512,UnitedKingdom,826,SaoTomeandPrincipe,678,11,48,87,480,506,605,681,5,14,24,175,192,219,242,6,34,63,305,314,386,439
6513,UnitedKingdom,826,SaudiArabia,682,4198,6294,8497,19498,20585,24638,27808,2218,3380,4592,11116,11917,13954,15639,1980,2914,3905,8382,8668,10684,12169
6514,UnitedKingdom,826,Senegal,686,100,396,699,1247,1315,1573,1775,66,226,389,702,752,880,987,34,170,310,545,563,693,788
6515,UnitedKingdom,826,Serbia,688,1586,3588,5651,19717,6918,8280,9343,1073,1843,2640,9026,3244,3752,4186,513,1745,3011,10691,3674,4528,5157
6516,UnitedKingdom,826,Seychelles,690,2896,2828,2808,3002,3168,3791,4278,1239,1164,1103,1184,1289,1475,1642,1657,1664,1705,1818,1879,2316,2636
6517,UnitedKingdom,826,SierraLeone,694,6161,11228,16485,18691,19733,23618,26657,2896,5210,7596,8488,9182,10613,11843,3265,6018,8889,10203,10551,13005,14814
6518,UnitedKingdom,826,Singapore,702,33320,35923,39131,38111,40236,48157,54357,15854,17079,18542,17670,19096,22100,24672,17466,18844,20589,20441,21140,26057,29685
6519,UnitedKingdom,826,Slovakia,703,1431,3236,5097,31366,33115,76005,72209,722,826,939,13683,14828,33906,33852,709,2410,4158,17683,18287,42099,38357
6520,UnitedKingdom,826,Slovenia,705,334,756,1192,1552,1638,3512,3668,207,323,444,600,654,2026,1344,127,433,748,952,984,1486,2324
6521,UnitedKingdom,826,SolomonIslands,90,42,170,302,301,317,379,425,25,81,138,141,152,176,195,17,89,164,160,165,203,230
6522,UnitedKingdom,826,Somalia,706,6078,23882,42089,67445,111360,133284,150448,3570,11330,19249,29647,42620,48555,53917,2508,12552,22840,37798,68740,84729,96531
6523,UnitedKingdom,826,SouthAfrica,710,66921,100971,136720,158876,220812,204440,247336,30985,47600,64877,75828,111804,94564,124742,35936,53371,71843,83048,109008,109876,122594
6524,UnitedKingdom,826,Spain,724,37827,44874,52676,64159,67738,121378,150892,16147,18838,21778,27668,29999,53931,70507,21680,26036,30898,36491,37739,67447,80385
6525,UnitedKingdom,826,SriLanka,144,38424,51624,65693,90699,109679,141998,128207,20798,28679,36983,49250,59441,75647,68128,17626,22945,28710,41449,50238,66351,60079
6526,UnitedKingdom,826,Sudan,729,1489,5854,10319,13378,14123,16904,19078,984,3323,5711,7597,8145,9537,10687,505,2531,4608,5781,5978,7367,8391
6527,UnitedKingdom,826,Suriname,740,36,144,255,326,343,409,460,21,64,108,129,140,160,176,15,80,147,197,203,249,284
6528,UnitedKingdom,826,Sweden,752,10818,16159,21773,25396,26812,21303,35824,3652,5543,7501,9255,10120,8605,13106,7166,10616,14272,16141,16692,12698,22718
6529,UnitedKingdom,826,Switzerland,756,12338,13797,15488,16582,17506,20952,23649,4214,5044,5936,6610,7194,8242,9170,8124,8753,9552,9972,10312,12710,14479
6530,UnitedKingdom,826,SyrianArabRepublic,760,2761,3366,4028,6178,6521,8144,11457,1647,2009,2400,3757,4018,4927,6891,1114,1357,1628,2421,2503,3217,4566
6531,UnitedKingdom,826,Tajikistan,762,13,54,97,241,253,302,338,9,27,45,108,116,134,149,4,27,52,133,137,168,189
6532,UnitedKingdom,826,Thailand,764,7189,11357,15716,27756,29304,35073,39589,2130,3243,4388,7065,7906,8698,9542,5059,8114,11328,20691,21398,26375,30047
6533,UnitedKingdom,826,TimorLeste,626,330,1300,2293,1956,2064,2470,2787,248,884,1534,1319,1406,1660,1866,82,416,759,637,658,810,921
6534,UnitedKingdom,826,Togo,768,76,300,530,998,1053,1259,1420,54,186,320,569,611,715,801,22,114,210,429,442,544,619
6535,UnitedKingdom,826,Tonga,776,19,77,137,194,204,243,273,13,42,72,115,123,144,161,6,35,65,79,81,99,112
6536,UnitedKingdom,826,TrinidadandTobago,780,17191,18728,20581,20689,21843,26142,29508,6975,7410,7941,7930,8648,9879,10980,10216,11318,12640,12759,13195,16263,18528
6537,UnitedKingdom,826,Tunisia,788,2367,2644,2967,4242,4478,5359,6048,1440,1664,1913,2875,3065,3618,4066,927,980,1054,1367,1413,1741,1982
6538,UnitedKingdom,826,Turkey,792,25947,38795,52296,68149,71951,86116,97205,14729,21671,28932,37536,40292,47093,52747,11218,17124,23364,30613,31659,39023,44458
6539,UnitedKingdom,826,Turkmenistan,795,12,51,91,379,399,477,538,7,19,30,146,159,182,204,5,32,61,233,240,295,334
6540,UnitedKingdom,826,TurksandCaicosIslands,796,17,70,126,108,113,134,149,11,34,59,52,56,64,71,6,36,67,56,57,70,78
6541,UnitedKingdom,826,Uganda,800,49648,51083,53378,53515,56501,67625,76333,26028,26338,27028,26268,28323,32893,36764,23620,24745,26350,27247,28178,34732,39569
6542,UnitedKingdom,826,Ukraine,804,3233,7311,11512,15510,16374,19596,22119,2398,4476,6621,7132,7710,8917,9955,835,2835,4891,8378,8664,10679,12164
6543,UnitedKingdom,826,UnitedArabEmirates,784,754,2965,5226,7760,8192,9805,11065,506,1721,2960,4387,4705,5507,6171,248,1244,2266,3373,3487,4298,4894
6544,UnitedKingdom,826,UnitedRepublicofTanzania,834,29112,30079,31553,31636,33400,39975,45122,15233,15560,16111,15741,16962,19714,22039,13879,14519,15442,15895,16438,20261,23083
6545,UnitedKingdom,826,UnitedStatesofAmerica,840,141818,146271,153185,163855,188055,189961,170771,71043,71391,72746,76098,78140,90904,75770,70775,74880,80439,87757,109915,99057,95001
6546,UnitedKingdom,826,UnitedStatesVirginIslands,850,21,85,152,130,136,161,181,13,41,71,62,66,75,84,8,44,81,68,70,86,97
6547,UnitedKingdom,826,Uruguay,858,134,530,935,1077,1136,1359,1532,78,246,416,495,535,619,691,56,284,519,582,601,740,841
6548,UnitedKingdom,826,Uzbekistan,860,73,287,506,1465,1546,1850,2087,43,133,223,692,748,867,968,30,154,283,773,798,983,1119
6549,UnitedKingdom,826,Vanuatu,548,16,67,121,130,136,161,181,9,29,50,56,60,68,76,7,38,71,74,76,93,105
6550,UnitedKingdom,826,VenezuelaBolivarianRepublicof,862,555,2182,3846,6040,6376,7630,8611,323,1016,1722,2746,2970,3432,3830,232,1166,2124,3294,3406,4198,4781
6551,UnitedKingdom,826,VietNam,704,19674,20943,22566,24657,26032,31158,35168,9856,10135,10558,11213,12130,14023,15649,9818,10808,12008,13444,13902,17135,19519
6552,UnitedKingdom,826,Yemen,887,1745,6857,12085,14073,14857,17782,20071,1185,4051,6977,7780,8350,9762,10936,560,2806,5108,6293,6507,8020,9135
6553,UnitedKingdom,826,Zambia,894,16558,18532,20818,23164,24456,29271,33040,8233,8930,9752,10591,11454,13245,14784,8325,9602,11066,12573,13002,16026,18256
6554,UnitedKingdom,826,Zimbabwe,716,20857,34085,47888,79684,126091,150915,170350,9909,15823,21956,35918,57403,66250,73892,10948,18262,25932,43766,68688,84665,96458
6555,Albania,8,Melanesia,928,0,0,0,0,0,0,0,0,0,0,0,0,0,0,0,0,0,0,0,0,0
6556,Albania,8,Micronesia,954,0,0,0,0,0,0,0,0,0,0,0,0,0,0,0,0,0,0,0,0,0
6557,Albania,8,Polynesia,957,0,0,0,0,0,0,0,0,0,0,0,0,0,0,0,0,0,0,0,0,0
6558,Albania,8,Canada,124,1151,1244,1337,1128,920,906,849,908,982,1057,910,742,731,687,243,262,280,218,178,175,162
6559,Albania,8,Greece,300,40087,43331,46575,39315,32054,31596,29643,17264,18811,20358,18868,15383,15163,14246,22823,24520,26217,20447,16671,16433,15397
6560,Albania,8,Italy,380,11287,12200,13113,11069,9025,8896,8344,5573,6061,6549,5950,4851,4782,4492,5714,6139,6564,5119,4174,4114,3852
6561,Albania,8,Turkey,792,2489,2690,2892,2441,1990,1961,1838,1633,1771,1909,1674,1365,1345,1262,856,919,983,767,625,616,576
6562,Albania,8,NorthMacedonia,807,678,732,787,664,542,534,499,301,327,354,326,266,262,246,377,405,433,338,276,272,253
6563,Albania,8,UnitedStatesofAmerica,840,3011,3255,3498,2953,2408,2373,2225,1784,1936,2088,1854,1512,1490,1399,1227,1319,1410,1099,896,883,826
6564,Andorra,20,Melanesia,928,0,0,0,0,0,0,0,0,0,0,0,0,0,0,0,0,0,0,0,0,0
6565,Andorra,20,Micronesia,954,0,0,0,0,0,0,0,0,0,0,0,0,0,0,0,0,0,0,0,0,0
6566,Andorra,20,Polynesia,957,0,0,0,0,0,0,0,0,0,0,0,0,0,0,0,0,0,0,0,0,0
6567,Andorra,20,Argentina,32,86,118,151,494,819,682,734,46,62,80,261,432,349,379,40,56,71,233,387,333,355
6568,Andorra,20,Australia,36,36,39,41,59,70,65,69,19,20,21,31,37,65,69,17,19,20,28,33,0,0
6569,Andorra,20,Belgium,56,241,241,241,255,231,215,230,129,128,127,135,122,119,129,112,113,114,120,109,96,101
6570,Andorra,20,Chile,152,68,63,58,148,230,214,229,36,33,30,78,121,115,125,32,30,28,70,109,99,104
6571,Andorra,20,Denmark,208,84,111,138,140,121,112,119,45,58,72,73,64,112,119,39,53,66,67,57,0,0
6572,Andorra,20,France,250,4135,4216,4298,4875,4796,3890,4194,2212,2232,2253,2574,2533,2116,2296,1923,1984,2045,2301,2263,1774,1898
6573,Andorra,20,Germany,276,347,351,355,401,392,339,364,185,186,186,212,207,182,197,162,165,169,189,185,157,167
6574,Andorra,20,Italy,380,109,130,151,349,527,458,492,58,69,80,185,278,243,264,51,61,71,164,249,215,228
6575,Andorra,20,Morocco,504,296,383,471,549,556,470,505,159,202,247,290,293,252,274,137,181,224,259,263,218,231
6576,Andorra,20,Netherlands,528,190,209,229,260,257,244,262,102,111,121,137,135,134,146,88,98,108,123,122,110,116
6577,Andorra,20,Philippines,608,146,222,297,392,443,425,457,78,117,156,207,234,231,251,68,105,141,185,209,194,206
6578,Andorra,20,Portugal,620,3957,5364,6771,10722,13686,10697,11534,2117,2833,3549,5666,7227,5716,6204,1840,2531,3222,5056,6459,4981,5330
6579,Andorra,20,Spain,724,27103,26972,26841,28450,25929,20577,22196,14498,14286,14066,15018,13692,10143,11023,12605,12686,12775,13432,12237,10434,11173
6580,Andorra,20,Sweden,752,54,52,49,55,53,49,51,29,28,26,29,28,49,51,25,24,23,26,25,0,0
6581,Andorra,20,Switzerland,756,64,69,74,86,87,80,85,34,36,39,45,46,80,85,30,33,35,41,41,0,0
6582,Andorra,20,UnitedKingdom,826,1043,975,907,1085,1125,1054,1135,557,516,476,573,594,568,616,486,459,431,512,531,486,519
6583,Andorra,20,UnitedStatesofAmerica,840,100,95,89,101,100,105,112,53,50,47,53,53,59,65,47,45,42,48,47,46,47
6584,Andorra,20,Uruguay,858,78,78,77,105,122,102,108,42,41,40,55,65,55,60,36,37,37,50,57,47,48
6585,BosniaandHerzegovina,70,Melanesia,928,0,0,0,0,0,0,0,0,0,0,0,0,0,0,0,0,0,0,0,0,0
6586,BosniaandHerzegovina,70,Micronesia,954,0,0,0,0,0,0,0,0,0,0,0,0,0,0,0,0,0,0,0,0,0
6587,BosniaandHerzegovina,70,Polynesia,957,0,0,0,0,0,0,0,0,0,0,0,0,0,0,0,0,0,0,0,0,0
6588,BosniaandHerzegovina,70,Austria,40,310,292,273,188,211,209,194,141,133,125,87,101,100,92,169,159,148,101,110,109,102
6589,BosniaandHerzegovina,70,Croatia,191,21218,27272,33326,17930,12849,12776,11956,10343,13257,16171,8673,6282,6246,5733,10875,14015,17155,9257,6567,6530,6223
6590,BosniaandHerzegovina,70,France,250,259,238,217,152,175,174,162,116,108,100,70,82,82,76,143,130,117,82,93,92,86
6591,BosniaandHerzegovina,70,Germany,276,816,812,807,530,558,554,516,375,374,372,246,265,263,241,441,438,435,284,293,291,275
6592,BosniaandHerzegovina,70,Hungary,348,233,237,240,156,161,160,148,67,72,76,49,51,51,46,166,165,164,107,110,109,102
6593,BosniaandHerzegovina,70,Italy,380,165,189,213,128,117,116,106,69,79,90,53,49,49,43,96,110,123,75,68,67,63
6594,BosniaandHerzegovina,70,Montenegro,499,3727,4701,5675,3921,4423,4398,4108,1815,2291,2767,1902,2157,2145,1970,1912,2410,2908,2019,2266,2253,2138
6595,BosniaandHerzegovina,70,Romania,642,624,524,424,323,409,406,379,107,97,88,67,88,87,79,517,427,336,256,321,319,300
6596,BosniaandHerzegovina,70,RussianFederation,643,271,228,185,141,179,177,164,54,49,44,33,44,43,38,217,179,141,108,135,134,126
6597,BosniaandHerzegovina,70,Serbia,688,16974,21815,26662,14345,10280,10222,9550,8274,10606,12937,6939,5027,4999,4590,8700,11209,13725,7406,5253,5223,4960
6598,BosniaandHerzegovina,70,Slovakia,703,4681,5736,6791,3961,3409,3389,3165,2292,2828,3365,1951,1683,1673,1537,2389,2908,3426,2010,1726,1716,1628
6599,BosniaandHerzegovina,70,Slovenia,705,2796,3080,3363,2072,1973,1961,1831,1077,1186,1294,800,782,777,708,1719,1894,2069,1272,1191,1184,1123
6600,BosniaandHerzegovina,70,NorthMacedonia,807,2468,3126,3783,2671,3097,3079,2875,1184,1498,1811,1262,1458,1450,1329,1284,1628,1972,1409,1639,1629,1546
6601,Croatia,191,Melanesia,928,0,0,0,0,0,0,0,0,0,0,0,0,0,0,0,0,0,0,0,0,0
6602,Croatia,191,Micronesia,954,0,0,0,0,0,0,0,0,0,0,0,0,0,0,0,0,0,0,0,0,0
6603,Croatia,191,Polynesia,957,0,0,0,0,0,0,0,0,0,0,0,0,0,0,0,0,0,0,0,0,0
6604,Croatia,191,Albania,8,0,83,157,165,172,173,160,0,41,78,77,76,76,70,0,42,79,88,96,97,90
6605,Croatia,191,Algeria,12,0,0,0,28,56,56,50,0,0,0,13,27,27,24,0,0,0,15,29,29,26
6606,Croatia,191,Argentina,32,143,166,171,185,199,200,186,46,59,66,71,76,76,71,97,107,105,114,123,124,115
6607,Croatia,191,Australia,36,694,764,753,1169,1585,1595,1499,266,306,320,536,752,754,710,428,458,433,633,833,841,789
6608,Croatia,191,Austria,40,1265,1440,1461,3288,5115,5148,4843,490,579,618,1603,2588,2598,2449,775,861,843,1685,2527,2550,2394
6609,Croatia,191,Belarus,112,0,0,0,47,93,94,87,0,0,0,8,16,16,15,0,0,0,39,77,78,72
6610,Croatia,191,Belgium,56,192,205,197,285,373,375,351,89,89,81,128,176,176,164,103,116,116,157,197,199,187
6611,Croatia,191,BoliviaPlurinationalStateof,68,0,0,0,16,32,32,29,0,0,0,9,19,19,17,0,0,0,7,13,13,12
6612,Croatia,191,BosniaandHerzegovina,70,312821,506365,430399,416359,402318,404874,381100,148847,240940,205693,198019,190345,190941,180053,163974,265425,224706,218340,211973,213933,201047
6613,Croatia,191,Brazil,76,122,119,103,148,192,193,180,45,38,27,47,67,67,63,77,81,76,101,125,126,117
6614,Croatia,191,Bulgaria,100,0,138,262,283,303,305,285,0,51,98,98,98,98,91,0,87,164,185,205,207,194
6615,Croatia,191,Canada,124,473,468,413,706,998,1004,943,170,189,191,334,476,477,449,303,279,222,372,522,527,494
6616,Croatia,191,Chile,152,122,110,87,106,125,126,117,43,38,30,39,49,49,46,79,72,57,67,76,77,71
6617,Croatia,191,China,156,0,0,0,222,443,446,417,0,0,0,109,218,219,205,0,0,0,113,225,227,212
6618,Croatia,191,Colombia,170,0,0,0,23,45,45,41,0,0,0,8,16,16,15,0,0,0,15,29,29,26
6619,Croatia,191,Czechia,203,0,428,810,877,943,949,891,0,92,179,216,252,252,237,0,336,631,661,691,697,654
6620,Croatia,191,Denmark,208,44,38,27,64,101,102,95,16,15,12,31,51,52,48,28,23,15,33,50,50,47
6621,Croatia,191,Egypt,818,0,0,0,123,245,247,232,0,0,0,56,112,113,107,0,0,0,67,133,134,125
6622,Croatia,191,Estonia,233,0,3,5,13,20,20,17,0,1,2,5,7,7,5,0,2,3,8,13,13,12
6623,Croatia,191,Finland,246,0,13,24,32,39,39,36,0,4,8,11,14,14,13,0,9,16,21,25,25,23
6624,Croatia,191,France,250,831,651,401,1075,1749,1760,1655,332,261,166,502,839,842,793,499,390,235,573,910,918,862
6625,Croatia,191,Germany,276,5148,6825,7773,20667,33561,33774,31783,2143,2800,3212,10032,16852,16910,15939,3005,4025,4561,10635,16709,16864,15844
6626,Croatia,191,Greece,300,0,68,128,137,146,147,136,0,33,63,67,71,71,66,0,35,65,70,75,76,70
6627,Croatia,191,Hungary,348,1666,1393,971,1004,1037,1044,981,510,398,257,293,330,330,311,1156,995,714,711,707,714,670
6628,Croatia,191,India,356,0,0,0,34,67,67,61,0,0,0,21,41,41,37,0,0,0,13,26,26,24
6629,Croatia,191,Indonesia,360,0,0,0,14,27,27,23,0,0,0,5,10,10,8,0,0,0,9,17,17,15
6630,Croatia,191,IranIslamicRepublicof,364,0,0,0,24,48,48,44,0,0,0,13,27,27,25,0,0,0,11,21,21,19
6631,Croatia,191,Iraq,368,0,0,0,41,81,82,75,0,0,0,32,63,64,59,0,0,0,9,18,18,16
6632,Croatia,191,Ireland,372,0,5,10,32,53,53,48,0,2,5,15,25,25,23,0,3,5,17,28,28,25
6633,Croatia,191,Israel,376,0,0,0,28,55,55,49,0,0,0,19,37,37,33,0,0,0,9,18,18,16
6634,Croatia,191,Italy,380,2065,1941,1609,2365,3120,3140,2953,841,831,746,1172,1598,1604,1511,1224,1110,863,1193,1522,1536,1442
6635,Croatia,191,Japan,392,0,0,0,28,56,56,50,0,0,0,7,14,14,11,0,0,0,21,42,42,39
6636,Croatia,191,Jordan,400,0,0,0,34,68,68,62,0,0,0,30,60,60,55,0,0,0,4,8,8,7
6637,Croatia,191,Kazakhstan,398,0,0,0,34,67,67,61,0,0,0,7,13,13,11,0,0,0,27,54,54,50
6638,Croatia,191,Latvia,428,0,11,21,24,27,27,23,0,2,4,3,3,3,1,0,9,17,21,24,24,22
6639,Croatia,191,Lebanon,422,0,0,0,33,65,65,60,0,0,0,25,50,50,47,0,0,0,8,15,15,13
6640,Croatia,191,Libya,434,0,0,0,75,149,150,139,0,0,0,39,77,77,72,0,0,0,36,72,73,67
6641,Croatia,191,Lithuania,440,0,9,17,22,26,26,23,0,2,3,4,5,5,4,0,7,14,18,21,21,19
6642,Croatia,191,Luxembourg,442,0,7,13,22,31,31,27,0,2,4,8,12,12,10,0,5,9,14,19,19,17
6643,Croatia,191,Mexico,484,0,8,15,27,39,39,36,0,3,5,10,16,16,15,0,5,10,17,23,23,21
6644,Croatia,191,Montenegro,499,0,0,0,3071,6142,6181,5815,0,0,0,1438,2877,2886,2720,0,0,0,1633,3265,3295,3095
6645,Croatia,191,Morocco,504,0,0,0,15,29,29,25,0,0,0,6,11,11,9,0,0,0,9,18,18,16
6646,Croatia,191,Netherlands,528,232,250,241,523,804,809,759,80,91,95,236,377,378,356,152,159,146,287,427,431,403
6647,Croatia,191,NewZealand,554,82,72,55,85,115,116,107,27,26,24,39,55,55,51,55,46,31,46,60,61,56
6648,Croatia,191,Nigeria,566,0,0,0,15,29,29,25,0,0,0,9,17,17,14,0,0,0,6,12,12,11
6649,Croatia,191,NorthMacedonia,807,12962,11990,9737,9865,9992,10055,9462,6891,6247,5011,4954,4896,4912,4631,6071,5743,4726,4911,5096,5143,4831
6650,Croatia,191,Norway,578,0,16,30,71,112,113,104,0,6,11,34,57,57,53,0,10,19,37,55,56,51
6651,Croatia,191,Peru,604,53,50,41,63,85,86,79,14,15,14,23,32,33,30,39,35,27,40,53,53,49
6652,Croatia,191,Philippines,608,0,0,0,38,75,75,69,0,0,0,8,15,14,13,0,0,0,30,60,61,56
6653,Croatia,191,Poland,616,655,660,595,664,732,737,691,114,111,103,126,148,148,140,541,549,492,538,584,589,551
6654,Croatia,191,Portugal,620,0,13,25,38,50,50,46,0,4,9,18,27,27,25,0,9,16,20,23,23,21
6655,Croatia,191,RepublicofKorea,410,0,0,0,14,27,27,23,0,0,0,5,9,9,7,0,0,0,9,18,18,16
6656,Croatia,191,RepublicofMoldova,498,0,0,0,57,113,114,105,0,0,0,7,13,13,11,0,0,0,50,100,101,94
6657,Croatia,191,Romania,642,0,166,314,405,496,499,468,0,53,102,135,168,168,158,0,113,212,270,328,331,310
6658,Croatia,191,RussianFederation,643,0,0,0,652,1303,1311,1231,0,0,0,123,245,243,229,0,0,0,529,1058,1068,1002
6659,Croatia,191,Serbia,688,0,0,0,25928,51856,51185,48170,0,0,0,11407,22814,21374,20157,0,0,0,14521,29042,29811,28013
6660,Croatia,191,Slovakia,703,0,279,529,585,640,644,603,0,58,113,130,147,146,136,0,221,416,455,493,498,467
6661,Croatia,191,Slovenia,705,29943,26764,20724,20094,19463,19587,18432,10682,9299,7151,7147,7142,7152,6748,19261,17465,13573,12947,12321,12435,11684
6662,Croatia,191,SouthAfrica,710,0,0,0,101,202,203,189,0,0,0,47,94,94,89,0,0,0,54,108,109,100
6663,Croatia,191,Spain,724,0,31,59,123,187,188,175,0,9,17,48,80,80,75,0,22,42,75,107,108,100
6664,Croatia,191,StateofPalestine,275,0,0,0,22,43,43,39,0,0,0,20,40,40,37,0,0,0,2,3,3,2
6665,Croatia,191,Sudan,729,0,0,0,33,66,66,60,0,0,0,24,49,49,45,0,0,0,9,17,17,15
6666,Croatia,191,Sweden,752,279,276,244,434,624,628,588,101,102,95,195,295,296,277,178,174,149,239,329,332,311
6667,Croatia,191,Switzerland,756,465,622,712,1851,2990,3009,2830,217,277,312,915,1518,1523,1434,248,345,400,936,1472,1486,1396
6668,Croatia,191,SyrianArabRepublic,760,0,0,0,90,179,180,167,0,0,0,78,156,157,146,0,0,0,12,23,23,21
6669,Croatia,191,Turkey,792,0,0,0,43,85,86,79,0,0,0,26,51,52,48,0,0,0,17,34,34,31
6670,Croatia,191,Ukraine,804,0,0,0,377,753,758,711,0,0,0,81,162,162,154,0,0,0,296,591,596,557
6671,Croatia,191,UnitedKingdom,826,182,186,171,419,666,670,628,53,70,81,219,357,358,337,129,116,90,200,309,312,291
6672,Croatia,191,UnitedStatesofAmerica,840,1187,1068,835,1221,1606,1616,1519,392,367,312,531,749,751,707,795,701,523,690,857,865,812
6673,Croatia,191,VenezuelaBolivarianRepublicof,862,0,13,24,40,55,55,49,0,6,11,18,24,24,21,0,7,13,22,31,31,28
6674,Croatia,191,Zambia,894,0,0,0,23,46,46,42,0,0,0,13,27,27,25,0,0,0,10,19,19,17
6675,Gibraltar,292,Melanesia,928,0,0,0,0,0,0,0,0,0,0,0,0,0,0,0,0,0,0,0,0,0
6676,Gibraltar,292,Micronesia,954,0,0,0,0,0,0,0,0,0,0,0,0,0,0,0,0,0,0,0,0,0
6677,Gibraltar,292,Polynesia,957,0,0,0,0,0,0,0,0,0,0,0,0,0,0,0,0,0,0,0,0,0
6678,Gibraltar,292,Morocco,504,2021,1564,1107,1020,933,996,1006,1538,1135,732,656,581,625,633,483,429,375,364,352,371,373
6679,Gibraltar,292,Spain,724,2392,2235,2077,2010,1942,2072,2095,665,641,616,660,703,767,777,1727,1594,1461,1350,1239,1305,1318
6680,Gibraltar,292,UnitedKingdom,826,3025,3316,3607,4462,5317,5673,5741,1587,1733,1880,2335,2790,3012,3044,1438,1583,1727,2127,2527,2661,2697
6681,Greece,300,Melanesia,928,23,28,34,57,80,73,71,11,14,17,44,74,69,69,12,14,17,13,6,4,2
6682,Greece,300,Micronesia,954,26,22,19,106,199,186,189,17,13,9,83,163,151,157,9,9,10,23,36,35,32
6683,Greece,300,Polynesia,957,934,534,146,315,498,466,470,770,412,59,142,234,210,229,164,122,87,173,264,256,241
6684,Greece,300,Afghanistan,4,621,472,331,3401,6704,5810,45293,502,388,279,2741,5387,2835,22835,119,84,52,660,1317,2975,22458
6685,Greece,300,Albania,8,63963,230218,400253,423598,463157,436566,446614,42970,138742,235135,236038,245048,222722,242083,20993,91476,165118,187560,218109,213844,204531
6686,Greece,300,Algeria,12,203,258,317,722,1167,1099,407,164,176,189,575,996,932,205,39,82,128,147,171,167,202
6687,Greece,300,AmericanSamoa,16,3,8,14,7,0,0,0,1,2,3,1,0,0,0,2,6,11,6,0,0,0
6688,Greece,300,Andorra,20,6,5,4,4,4,3,1,3,4,4,3,2,2,1,3,1,0,1,2,1,0
6689,Greece,300,Angola,24,20,19,19,14,9,8,11,11,9,8,6,4,4,7,9,10,11,8,5,4,4
6690,Greece,300,Anguilla,660,6,11,17,14,11,10,8,3,6,9,7,5,5,5,3,5,8,7,6,5,3
6691,Greece,300,AntiguaandBarbuda,28,12,13,14,22,31,29,29,6,8,9,12,17,16,18,6,5,5,10,14,13,11
6692,Greece,300,Argentina,32,641,628,626,641,679,639,652,310,272,233,235,245,215,247,331,356,393,406,434,424,405
6693,Greece,300,Armenia,51,12148,10438,8899,11750,15130,14257,14571,6728,5495,4263,5349,6649,5946,6632,5420,4943,4636,6401,8481,8311,7939
6694,Greece,300,Aruba,533,41,66,92,47,1,0,0,23,37,50,26,1,0,0,18,29,42,21,0,0,0
6695,Greece,300,Australia,36,19643,19792,20267,20467,21417,20182,20630,10494,9927,9345,9360,9689,8690,9654,9149,9865,10922,11107,11728,11492,10976
6696,Greece,300,Austria,40,3523,2854,2232,2267,2386,2247,2295,1369,1050,715,729,768,662,782,2154,1804,1517,1538,1618,1585,1513
6697,Greece,300,Azerbaijan,31,171,277,387,453,536,504,515,94,124,153,178,208,184,210,77,153,234,275,328,320,305
6698,Greece,300,Bahamas,44,21,21,21,22,23,21,20,12,10,8,9,11,10,11,9,11,13,13,12,11,9
6699,Greece,300,Bahrain,48,5,15,26,25,24,22,21,3,8,13,14,15,14,15,2,7,13,11,9,8,6
6700,Greece,300,Bangladesh,50,7665,6129,4694,7361,10390,9791,2851,4245,4374,4544,6981,9757,9172,1441,3420,1755,150,380,633,619,1410
6701,Greece,300,Barbados,52,6,7,8,10,11,10,8,3,4,5,7,8,8,8,3,3,3,3,3,2,0
6702,Greece,300,Belarus,112,592,573,564,1027,1543,1453,1485,327,244,160,271,392,326,409,265,329,404,756,1151,1127,1076
6703,Greece,300,Belgium,56,5284,4916,4629,4933,5426,5112,5225,2304,2112,1905,2044,2255,2005,2258,2980,2804,2724,2889,3171,3107,2967
6704,Greece,300,Belize,84,5,3,2,4,5,4,2,3,2,1,1,0,0,0,2,1,1,3,5,4,2
6705,Greece,300,Benin,204,5,7,9,9,8,7,5,3,5,6,6,5,5,5,2,2,3,3,3,2,0
6706,Greece,300,Bermuda,60,2,4,6,7,8,7,5,2,4,5,4,4,4,4,0,0,1,3,4,3,1
6707,Greece,300,Bhutan,64,6,4,3,3,2,1,0,3,3,3,3,2,1,0,3,1,0,0,0,0,0
6708,Greece,300,BoliviaPlurinationalStateof,68,9,13,18,21,24,22,21,4,4,5,8,11,10,11,5,9,13,13,13,12,10
6709,Greece,300,BosniaandHerzegovina,70,487,422,363,407,467,439,446,269,205,139,142,149,128,150,218,217,224,265,318,311,296
6710,Greece,300,Botswana,72,3,3,3,6,8,7,5,1,1,0,2,3,3,3,2,2,3,4,5,4,2
6711,Greece,300,Brazil,76,1460,1763,2094,2180,2347,2211,2258,705,708,702,712,744,641,758,755,1055,1392,1468,1603,1570,1500
6712,Greece,300,BritishVirginIslands,92,12,10,8,5,1,0,0,6,4,1,1,1,0,0,6,6,7,4,0,0,0
6713,Greece,300,Bulgaria,100,7509,22834,38534,56513,77194,72744,74359,5661,10335,14953,21121,28169,24701,28470,1848,12499,23581,35392,49025,48043,45889
6714,Greece,300,BurkinaFaso,854,5,6,7,44,84,24,35,3,4,4,39,77,12,18,2,2,3,5,7,12,17
6715,Greece,300,Burundi,108,44,90,137,137,141,132,133,24,43,62,68,76,69,73,20,47,75,69,65,63,60
6716,Greece,300,CaboVerde,132,32,33,34,24,14,13,12,18,18,18,12,6,6,7,14,15,16,12,8,7,5
6717,Greece,300,Cambodia,116,8,9,10,16,22,20,19,5,4,3,6,9,8,9,3,5,7,10,13,12,10
6718,Greece,300,Cameroon,120,188,308,434,453,490,460,1545,104,162,221,234,258,233,783,84,146,213,219,232,227,762
6719,Greece,300,Canada,124,14677,13411,12366,12627,13354,12584,12862,7381,6464,5528,5573,5804,5186,5796,7296,6947,6838,7054,7550,7398,7066
6720,Greece,300,CaymanIslands,136,15,12,10,5,0,0,0,7,5,3,1,0,0,0,8,7,7,4,0,0,0
6721,Greece,300,CentralAfricanRepublic,140,42,66,91,247,417,392,399,24,31,37,120,209,189,207,18,35,54,127,208,203,192
6722,Greece,300,Chad,148,18,21,24,22,19,17,16,9,13,17,13,8,7,8,9,8,7,9,11,10,8
6723,Greece,300,ChannelIslands,830,2,3,4,3,2,1,0,2,1,0,0,0,0,0,0,2,4,3,2,1,0
6724,Greece,300,Chile,152,783,582,391,383,389,366,372,461,303,146,140,140,123,141,322,279,245,243,249,243,231
6725,Greece,300,China,156,329,441,560,2015,3596,3388,3462,234,276,320,1077,1898,1725,1874,95,165,240,938,1698,1663,1588
6726,Greece,300,China,156,344,30,40,51,26,0,0,0,16,21,27,14,0,0,0,14,19,24,12,0,0
6727,Greece,300,Colombia,170,442,410,385,397,423,397,404,20,55,85,92,102,83,104,422,355,300,305,321,314,300
6728,Greece,300,Comoros,174,0,0,0,38,78,73,74,0,0,0,29,61,57,59,0,0,0,9,17,16,15
6729,Greece,300,Congo,178,35,435,843,1144,1497,1410,1441,2,211,420,536,675,605,673,33,224,423,608,822,805,768
6730,Greece,300,CookIslands,184,5,5,5,3,0,0,0,3,3,2,1,0,0,0,2,2,3,2,0,0,0
6731,Greece,300,CostaRica,188,26,26,27,33,40,37,37,15,12,9,8,7,5,7,11,14,18,25,33,32,30
6732,Greece,300,CotedIvoire,384,117,116,116,117,122,80,125,64,64,64,76,92,40,63,53,52,52,41,30,40,62
6733,Greece,300,Croatia,191,466,407,355,397,454,427,435,257,189,120,127,137,117,140,209,218,235,270,317,310,295
6734,Greece,300,Cuba,192,194,199,208,284,373,351,357,107,81,54,80,109,93,111,87,118,154,204,264,258,246
6735,Greece,300,Cyprus,196,45588,33684,22334,22208,22882,21562,22039,24000,16762,9493,9622,10076,9013,10053,21588,16922,12841,12586,12806,12549,11986
6736,Greece,300,Czechia,203,2296,2970,3692,4110,4691,4420,4516,908,1265,1612,1690,1825,1612,1835,1388,1705,2080,2420,2866,2808,2681
6737,Greece,300,DemPeoplesRepublicofKorea,408,541,274,11,23,36,33,33,541,271,4,11,19,17,18,0,3,7,12,17,16,15
6738,Greece,300,DemocraticRepublicoftheCongo,180,657,928,1215,715,222,208,4772,406,471,536,318,103,92,2412,251,457,679,397,119,116,2360
6739,Greece,300,Denmark,208,1836,1314,813,867,955,899,917,478,365,240,277,324,282,329,1358,949,573,590,631,617,588
6740,Greece,300,Djibouti,262,3,13,24,32,41,38,38,1,5,10,13,18,16,18,2,8,14,19,23,22,20
6741,Greece,300,Dominica,212,410,401,398,209,19,17,16,227,135,40,20,0,0,0,183,266,358,189,19,17,16
6742,Greece,300,DominicanRepublic,214,218,192,169,374,599,564,575,120,72,23,64,106,82,116,98,120,146,310,493,482,459
6743,Greece,300,Ecuador,218,51,48,46,66,89,83,85,28,17,5,11,19,15,22,23,31,41,55,70,68,63
6744,Greece,300,Egypt,818,12485,22258,32396,30642,29935,28209,28834,8991,12917,16886,16578,16830,15367,16568,3494,9341,15510,14064,13105,12842,12266
6745,Greece,300,ElSalvador,222,18,26,34,43,53,49,49,9,10,11,11,12,9,12,9,16,23,32,41,40,37
6746,Greece,300,EquatorialGuinea,226,2,1,0,1,1,0,7,2,1,0,0,0,0,4,0,0,0,1,1,0,3
6747,Greece,300,Eritrea,232,137,117,99,193,296,395,1333,75,59,42,88,137,193,674,62,58,57,105,159,202,659
6748,Greece,300,Estonia,233,146,102,60,96,137,128,130,81,50,20,25,31,25,33,65,52,40,71,106,103,97
6749,Greece,300,Eswatini,748,6,9,13,18,22,20,19,3,3,3,10,16,15,16,3,6,10,8,6,5,3
6750,Greece,300,Ethiopia,231,3422,2929,2484,2479,2563,2414,2466,1893,1406,914,852,815,702,832,1529,1523,1570,1627,1748,1712,1634
6751,Greece,300,FaroeIslands,234,3,2,2,2,1,0,0,1,0,0,0,0,0,0,2,2,2,2,1,0,0
6752,Greece,300,Fiji,242,11,10,9,5,1,0,0,6,6,6,3,0,0,0,5,4,3,2,1,0,0
6753,Greece,300,Finland,246,1528,1175,841,815,816,768,784,536,338,130,128,128,95,142,992,837,711,687,688,673,642
6754,Greece,300,France,250,10626,8518,6549,6696,7090,6680,6826,4282,3382,2443,2561,2767,2444,2780,6344,5136,4106,4135,4323,4236,4046
6755,Greece,300,FrenchGuiana,254,2,3,4,2,0,0,0,2,2,2,1,0,0,0,0,1,2,1,0,0,0
6756,Greece,300,FrenchPolynesia,258,17,16,16,13,10,9,7,9,8,7,6,5,5,5,8,8,9,7,5,4,2
6757,Greece,300,Gabon,266,18,31,45,27,8,7,5,9,17,25,14,2,2,2,9,14,20,13,6,5,3
6758,Greece,300,Gambia,270,59,51,44,48,53,27,49,32,26,21,32,45,14,26,27,25,23,16,8,13,23
6759,Greece,300,Georgia,268,36031,53103,71047,78132,88308,83218,85065,19955,26400,32796,34054,36476,32424,36549,16076,26703,38251,44078,51832,50794,48516
6760,Greece,300,Germany,276,26527,63007,100521,108685,121089,114110,116644,11636,29130,46488,50099,55512,49846,55261,14891,33877,54033,58586,65577,64264,61383
6761,Greece,300,Ghana,288,633,514,403,507,632,595,608,350,316,283,364,460,427,448,283,198,120,143,172,168,160
6762,Greece,300,Gibraltar,292,12,12,12,9,5,4,2,6,5,4,4,3,3,2,6,7,8,5,2,1,0
6763,Greece,300,Greenland,304,8,8,8,6,3,2,0,5,5,4,3,1,1,0,3,3,4,3,2,1,0
6764,Greece,300,Grenada,308,2,4,6,4,2,1,0,2,2,1,1,1,1,0,0,2,5,3,1,0,0
6765,Greece,300,Guadeloupe,312,20,20,20,10,0,0,0,11,11,10,5,0,0,0,9,9,10,5,0,0,0
6766,Greece,300,Guam,316,2,2,3,2,0,0,0,2,2,2,1,0,0,0,0,0,1,1,0,0,0
6767,Greece,300,Guatemala,320,41,37,33,32,32,30,30,23,15,7,6,6,5,8,18,22,26,26,26,25,22
6768,Greece,300,Guinea,324,11,17,24,105,193,54,176,6,11,16,92,176,27,90,5,6,8,13,17,27,86
6769,Greece,300,GuineaBissau,624,3,5,7,4,0,2,0,1,1,1,1,0,1,0,2,4,6,3,0,1,0
6770,Greece,300,Guyana,328,14,13,12,12,11,10,8,8,7,5,4,3,3,3,6,6,7,8,8,7,5
6771,Greece,300,Haiti,332,143,87,32,36,40,37,37,80,47,14,15,17,15,17,63,40,18,21,23,22,20
6772,Greece,300,HolySee,336,2,5,8,4,0,0,0,2,3,3,1,0,0,0,0,2,5,3,0,0,0
6773,Greece,300,Honduras,340,62,47,33,42,53,49,49,35,22,10,10,12,9,12,27,25,23,32,41,40,37
6774,Greece,300,Hungary,348,905,1228,1572,1669,1830,1724,1761,183,401,612,602,610,530,621,722,827,960,1067,1220,1194,1140
6775,Greece,300,Iceland,352,39,35,32,44,57,53,53,21,15,9,16,24,21,23,18,20,23,28,33,32,30
6776,Greece,300,India,356,5351,6117,6983,8679,10751,10130,10353,4132,5249,6437,7406,8674,8096,8411,1219,868,546,1273,2077,2034,1942
6777,Greece,300,Indonesia,360,195,225,259,356,470,442,450,31,54,75,96,121,101,124,164,171,184,260,349,341,326
6778,Greece,300,IranIslamicRepublicof,364,2645,1946,1279,1613,2017,1900,4684,1618,1222,833,1129,1475,1370,2364,1027,724,446,484,542,530,2320
6779,Greece,300,Iraq,368,6631,6698,6875,5303,9200,4745,16897,4355,4545,4770,3910,7525,2316,8518,2276,2153,2105,1393,1675,2429,8379
6780,Greece,300,Ireland,372,1042,762,494,549,625,588,600,378,255,127,162,203,176,207,664,507,367,387,422,412,393
6781,Greece,300,IsleofMan,833,18,15,12,9,5,4,2,9,8,7,5,3,3,2,9,7,5,4,2,1,0
6782,Greece,300,Israel,376,1413,1032,667,698,754,710,725,785,581,378,390,414,378,409,628,451,289,308,340,332,316
6783,Greece,300,Italy,380,12933,9328,5876,6159,6674,6289,6426,6235,4311,2367,2545,2811,2504,2812,6698,5017,3509,3614,3863,3785,3614
6784,Greece,300,Jamaica,388,72,68,65,39,12,11,10,40,37,33,19,4,4,5,32,31,32,20,8,7,5
6785,Greece,300,Japan,392,1185,863,555,538,539,507,518,531,349,163,143,126,103,133,654,514,392,395,413,404,385
6786,Greece,300,Jordan,400,2473,1630,813,822,861,810,827,2153,1376,616,619,644,598,625,320,254,197,203,217,212,202
6787,Greece,300,Kazakhstan,398,3531,13744,24182,25878,28574,26926,27523,1955,6680,11386,12064,13169,11831,13106,1576,7064,12796,13814,15405,15095,14417
6788,Greece,300,Kenya,404,480,419,365,415,481,452,460,388,261,136,163,197,175,196,92,158,229,252,284,277,264
6789,Greece,300,Kuwait,414,29,87,147,145,148,138,263,17,52,87,84,85,77,132,12,35,60,61,63,61,131
6790,Greece,300,Kyrgyzstan,417,74,141,211,386,580,546,557,41,65,89,170,258,231,257,33,76,122,216,322,315,300
6791,Greece,300,LaoPeoplesDemocraticRepublic,418,6,6,6,24,43,40,40,3,3,3,11,21,19,21,3,3,3,13,22,21,19
6792,Greece,300,Latvia,428,75,65,56,208,373,351,357,42,27,12,40,71,56,76,33,38,44,168,302,295,281
6793,Greece,300,Lebanon,422,5775,3958,2207,2152,2173,2047,2092,3579,2441,1317,1263,1252,1145,1232,2196,1517,890,889,921,902,860
6794,Greece,300,Lesotho,426,3,2,2,1,0,0,0,1,0,0,0,0,0,0,2,2,2,1,0,0,0
6795,Greece,300,Liberia,430,35,28,21,27,33,30,30,20,16,12,15,19,17,19,15,12,9,12,14,13,11
6796,Greece,300,Libya,434,1123,848,587,621,679,639,652,830,580,334,363,406,372,399,293,268,253,258,273,267,253
6797,Greece,300,Liechtenstein,438,12,9,6,8,10,9,7,6,5,3,3,3,3,3,6,4,3,5,7,6,4
6798,Greece,300,Lithuania,440,293,228,167,362,577,543,554,162,99,35,59,84,61,95,131,129,132,303,493,482,459
6799,Greece,300,Luxembourg,442,146,121,98,120,147,137,139,53,48,42,54,68,60,66,93,73,56,66,79,77,73
6800,Greece,300,Madagascar,450,63,101,140,137,138,129,130,34,48,62,59,57,50,55,29,53,78,78,81,79,75
6801,Greece,300,Malaysia,458,63,55,47,56,66,61,61,34,28,22,26,30,26,29,29,27,25,30,36,35,32
6802,Greece,300,Maldives,462,8,6,4,4,3,2,0,5,4,2,2,1,1,0,3,2,2,2,2,1,0
6803,Greece,300,Mali,466,15,16,17,24,31,29,105,7,10,12,15,19,18,54,8,6,5,9,12,11,51
6804,Greece,300,Malta,470,227,162,99,96,95,89,89,126,80,33,29,26,22,27,101,82,66,67,69,67,62
6805,Greece,300,MarshallIslands,584,2,1,0,0,0,0,0,2,1,0,0,0,0,0,0,0,0,0,0,0,0
6806,Greece,300,Mauritania,478,3,4,5,63,125,45,60,1,2,3,59,120,22,31,2,2,2,4,5,23,29
6807,Greece,300,Mauritius,480,45,48,52,46,40,37,37,25,19,14,11,7,5,7,20,29,38,35,33,32,30
6808,Greece,300,Mexico,484,379,366,360,383,420,395,402,137,108,77,81,87,70,93,242,258,283,302,333,325,309
6809,Greece,300,Monaco,492,11,16,22,34,47,44,43,6,7,8,15,24,22,23,5,9,14,19,23,22,20
6810,Greece,300,Mongolia,496,9,10,12,10,8,7,5,4,4,5,4,4,4,4,5,6,7,6,4,3,1
6811,Greece,300,Montserrat,500,2,2,2,41,83,77,78,2,2,2,19,39,34,37,0,0,0,22,44,43,41
6812,Greece,300,Morocco,504,762,772,795,1458,2198,2070,2114,422,413,404,965,1581,1467,1539,340,359,391,493,617,603,575
6813,Greece,300,Mozambique,508,39,52,65,66,68,63,63,21,23,24,26,28,24,27,18,29,41,40,40,39,36
6814,Greece,300,Myanmar,104,42,31,21,21,20,24,95,24,18,13,14,14,12,49,18,13,8,7,6,12,46
6815,Greece,300,Namibia,516,8,7,7,8,8,7,5,5,5,6,6,5,5,5,3,2,1,2,3,2,0
6816,Greece,300,Nepal,524,29,21,14,33,53,49,66,17,13,10,24,40,37,34,12,8,4,9,13,12,32
6817,Greece,300,Netherlands,528,5508,4247,3056,3442,3966,3737,3819,2130,1535,917,1130,1385,1209,1405,3378,2712,2139,2312,2581,2528,2414
6818,Greece,300,NewZealand,554,567,530,501,502,520,489,499,296,242,186,182,184,161,186,271,288,315,320,336,328,313
6819,Greece,300,Nicaragua,558,41,35,30,97,170,159,161,23,17,12,46,83,74,80,18,18,18,51,87,85,81
6820,Greece,300,Niger,562,33,54,75,50,26,24,23,18,34,50,33,17,16,17,15,20,25,17,9,8,6
6821,Greece,300,Nigeria,566,1565,1705,1872,2396,3026,2851,2914,1213,1274,1348,1619,1957,1804,1915,352,431,524,777,1069,1047,999
6822,Greece,300,NorthMacedonia,807,4152,2519,928,1573,2297,2164,2210,2300,1404,512,735,989,884,988,1852,1115,416,838,1308,1280,1222
6823,Greece,300,NorthernMarianaIslands,580,14,9,4,2,0,0,0,8,5,2,1,0,0,0,6,4,2,1,0,0,0
6824,Greece,300,Norway,578,958,701,455,492,547,515,525,499,312,122,151,186,162,190,459,389,333,341,361,353,335
6825,Greece,300,Oman,512,3,3,3,4,5,4,2,1,2,2,2,2,2,2,2,1,1,2,3,2,0
6826,Greece,300,Pakistan,586,5947,8295,10780,21381,33141,31230,8823,4653,7462,10380,20566,31864,29980,4435,1294,833,400,815,1277,1250,4388
6827,Greece,300,Palau,585,8,10,12,102,199,186,189,5,5,5,81,163,151,157,3,5,7,21,36,35,32
6828,Greece,300,Panama,591,286,210,137,149,166,155,158,158,106,53,65,79,70,77,128,104,84,84,87,85,81
6829,Greece,300,PapuaNewGuinea,598,3,2,1,3,4,3,1,1,1,0,2,4,3,1,2,1,1,1,0,0,0
6830,Greece,300,Paraguay,600,72,63,56,69,84,78,79,40,23,6,11,16,12,17,32,40,50,58,68,66,62
6831,Greece,300,Peru,604,209,187,168,233,308,290,296,116,78,40,63,89,76,92,93,109,128,170,219,214,204
6832,Greece,300,Philippines,608,11217,8569,6061,7359,8970,8452,8638,1486,1373,1151,1715,2347,1962,2440,9731,7196,4910,5644,6623,6490,6198
6833,Greece,300,Poland,616,29946,22454,15330,15669,16587,15630,15975,12030,9400,6687,6230,5957,5213,6026,17916,13054,8643,9439,10630,10417,9949
6834,Greece,300,Portugal,620,731,506,289,311,344,323,328,342,213,81,99,120,104,120,389,293,208,212,224,219,208
6835,Greece,300,PuertoRico,630,18,19,20,10,0,0,0,9,10,10,5,0,0,0,9,9,10,5,0,0,0
6836,Greece,300,Qatar,634,6,9,12,570,1168,1100,1123,3,7,10,267,540,486,538,3,2,2,303,628,614,585
6837,Greece,300,RepublicofKorea,410,15,108,202,209,224,210,213,7,45,81,82,87,76,87,8,63,121,127,137,134,126
6838,Greece,300,RepublicofMoldova,498,9177,7674,6297,8283,10641,10027,10248,5083,3468,1833,2443,3146,2683,3234,4094,4206,4464,5840,7495,7344,7014
6839,Greece,300,Reunion,638,5,5,6,3,0,0,0,3,3,3,1,0,0,0,2,2,3,2,0,0,0
6840,Greece,300,Romania,642,5983,16015,26311,36759,48918,46098,47120,2940,8334,13726,17068,21087,18825,21070,3043,7681,12585,19691,27831,27273,26050
6841,Greece,300,RussianFederation,643,28345,49780,72032,63706,57389,54081,55281,15699,23039,30273,25102,20571,18001,20819,12646,26741,41759,38604,36818,36080,34462
6842,Greece,300,Rwanda,646,174,148,125,112,103,96,97,96,94,93,85,81,75,78,78,54,32,27,22,21,19
6843,Greece,300,SaintHelena,654,26,19,13,9,4,3,1,15,11,7,5,3,3,1,11,8,6,4,1,0,0
6844,Greece,300,SaintKittsandNevis,659,6,6,6,4,2,1,0,3,3,3,2,1,1,0,3,3,3,2,1,0,0
6845,Greece,300,SaintPierreandMiquelon,666,11,26,41,21,1,0,0,6,23,40,20,0,0,0,5,3,1,1,1,0,0
6846,Greece,300,SaintVincentandtheGrenadines,670,92,102,114,61,7,6,4,51,73,96,49,1,1,1,41,29,18,12,6,5,3
6847,Greece,300,Samoa,882,2,4,6,233,476,447,455,2,3,3,109,222,199,218,0,1,3,124,254,248,237
6848,Greece,300,SanMarino,674,9,9,9,5,1,0,0,4,4,3,1,0,0,0,5,5,6,4,1,0,0
6849,Greece,300,SaoTomeandPrincipe,678,3,3,4,6,7,6,4,1,1,2,4,5,5,4,2,2,2,2,2,1,0
6850,Greece,300,SaudiArabia,682,532,490,456,446,451,424,432,300,278,256,240,232,210,228,232,212,200,206,219,214,204
6851,Greece,300,Senegal,686,81,63,46,350,678,638,651,45,36,28,313,621,583,600,36,27,18,37,57,55,51
6852,Greece,300,Serbia,688,0,2508,5057,4768,4641,4372,4467,0,1095,2183,1870,1607,1400,1629,0,1413,2874,2898,3034,2972,2838
6853,Greece,300,Seychelles,690,41,37,33,29,26,24,23,23,16,8,5,3,2,3,18,21,25,24,23,22,20
6854,Greece,300,SierraLeone,694,436,344,258,219,186,174,176,242,203,166,143,124,114,119,194,141,92,76,62,60,57
6855,Greece,300,Singapore,702,65,67,70,77,87,81,83,36,25,14,17,22,18,23,29,42,56,60,65,63,60
6856,Greece,300,Slovakia,703,699,548,407,645,914,860,876,388,252,116,140,169,130,181,311,296,291,505,745,730,695
6857,Greece,300,Slovenia,705,104,105,107,120,138,129,130,57,44,29,30,32,26,33,47,61,78,90,106,103,97
6858,Greece,300,SolomonIslands,90,6,12,19,10,0,0,0,3,5,8,4,0,0,0,3,7,11,6,0,0,0
6859,Greece,300,Somalia,706,44,55,66,412,785,739,3788,24,31,37,310,605,563,1920,20,24,29,102,180,176,1868
6860,Greece,300,SouthAfrica,710,1755,3596,5497,6279,7317,6894,7045,900,1649,2390,2734,3181,2842,3176,855,1947,3107,3545,4136,4052,3869
6861,Greece,300,Spain,724,2586,1760,963,1085,1250,1177,1202,1113,695,270,337,417,361,424,1473,1065,693,748,833,816,778
6862,Greece,300,SriLanka,144,1344,1069,811,860,941,886,904,744,511,275,313,361,319,364,600,558,536,547,580,567,540
6863,Greece,300,StateofPalestine,275,389,387,392,708,1060,998,4286,216,252,291,615,973,913,2164,173,135,101,93,87,85,2122
6864,Greece,300,Sudan,729,1141,1262,1404,1650,1965,1850,1889,959,839,726,933,1181,1082,1156,182,423,678,717,784,768,733
6865,Greece,300,Suriname,740,2,2,2,6,9,8,6,2,2,1,2,2,2,2,0,0,1,4,7,6,4
6866,Greece,300,Sweden,752,3364,4336,5380,5459,5739,5408,5526,1202,1746,2272,2268,2338,2076,2345,2162,2590,3108,3191,3401,3332,3181
6867,Greece,300,Switzerland,756,2747,3115,3535,3657,3916,3689,3769,1448,1461,1469,1521,1626,1446,1628,1299,1654,2066,2136,2290,2243,2141
6868,Greece,300,SyrianArabRepublic,760,6547,6220,5996,6597,7459,9549,42861,5066,4893,4777,5063,5538,4660,21609,1481,1327,1219,1534,1921,4889,21252
6869,Greece,300,Tajikistan,762,15,40,66,83,103,96,97,7,15,24,28,33,28,34,8,25,42,55,70,68,63
6870,Greece,300,Thailand,764,326,321,322,354,400,376,383,13,43,70,56,44,28,52,313,278,252,298,356,348,331
6871,Greece,300,TimorLeste,626,0,3,6,114,230,215,217,0,2,3,50,100,88,96,0,1,3,64,130,127,121
6872,Greece,300,Togo,768,11,12,14,14,14,11,21,6,5,4,7,11,6,12,5,7,10,7,3,5,9
6873,Greece,300,Tokelau,772,3,2,2,1,0,0,0,1,0,0,0,0,0,0,2,2,2,1,0,0,0
6874,Greece,300,TrinidadandTobago,780,9,9,10,14,18,16,15,4,3,3,3,4,3,4,5,6,7,11,14,13,11
6875,Greece,300,Tunisia,788,529,407,291,471,674,634,647,290,237,184,346,527,491,511,239,170,107,125,147,143,136
6876,Greece,300,Turkey,792,34502,54741,75879,55051,35395,33420,34081,17362,24365,31218,23162,15590,13963,15578,17140,30376,44661,31889,19805,19457,18503
6877,Greece,300,Turkmenistan,795,40196,19982,97,108,123,115,116,22262,11140,42,45,50,44,49,17934,8842,55,63,73,71,67
6878,Greece,300,Tuvalu,798,20,48,77,44,11,10,8,11,23,35,20,6,6,6,9,25,42,24,5,4,2
6879,Greece,300,Uganda,800,107,99,93,118,148,138,140,59,47,36,45,57,49,57,48,52,57,73,91,89,83
6880,Greece,300,Ukraine,804,189,8282,16512,18198,20604,19416,19846,105,2162,4144,4315,4612,3745,4878,84,6120,12368,13883,15992,15671,14968
6881,Greece,300,UnitedArabEmirates,784,17,47,77,83,91,85,87,9,29,49,49,51,46,51,8,18,28,34,40,39,36
6882,Greece,300,UnitedKingdom,826,34223,23503,13169,15618,18723,17643,18033,14115,9463,4712,6021,7572,6716,7596,20108,14040,8457,9597,11151,10927,10437
6883,Greece,300,UnitedRepublicofTanzania,834,268,330,398,401,419,394,401,149,183,217,218,227,207,224,119,147,181,183,192,187,177
6884,Greece,300,UnitedStatesofAmerica,840,43336,32841,22885,23058,24186,22792,23297,22800,16453,10079,10067,10404,9287,10398,20536,16388,12806,12991,13782,13505,12899
6885,Greece,300,UnitedStatesVirginIslands,850,14,14,15,8,0,0,0,8,5,3,2,0,0,0,6,9,12,6,0,0,0
6886,Greece,300,Uruguay,858,56,87,119,117,119,111,112,30,34,37,41,47,41,46,26,53,82,76,72,70,66
6887,Greece,300,Uzbekistan,860,1284,3199,5167,6778,8784,8277,8459,711,1541,2366,2986,3736,3331,3735,573,1658,2801,3792,5048,4946,4724
6888,Greece,300,Vanuatu,548,3,4,5,39,75,70,70,1,2,3,35,70,66,68,2,2,2,4,5,4,2
6889,Greece,300,VenezuelaBolivarianRepublicof,862,585,716,859,954,1087,1023,1046,241,298,352,387,435,385,437,344,418,507,567,652,638,609
6890,Greece,300,VietNam,704,713,465,224,220,223,209,212,462,292,124,114,107,96,105,251,173,100,106,116,113,107
6891,Greece,300,WallisandFutunaIslands,876,884,451,26,14,1,0,0,743,373,9,5,1,0,0,141,78,17,9,0,0,0
6892,Greece,300,WesternSahara,732,203,103,4,2,0,3,6,203,102,2,1,0,2,4,0,1,2,1,0,1,2
6893,Greece,300,Yemen,887,69,47,25,27,29,32,279,69,43,17,17,17,16,141,0,4,8,10,12,16,138
6894,Greece,300,Zambia,894,189,213,240,242,252,237,241,144,135,126,116,109,98,109,45,78,114,126,143,139,132
6895,Greece,300,Zimbabwe,716,61,253,450,440,445,418,425,37,119,200,196,196,175,194,24,134,250,244,249,243,231
6896,HolySee,336,Melanesia,928,0,0,0,0,0,0,0,0,0,0,0,0,0,0,0,0,0,0,0,0,0
6897,HolySee,336,Micronesia,954,0,0,0,0,0,0,0,0,0,0,0,0,0,0,0,0,0,0,0,0,0
6898,HolySee,336,Polynesia,957,0,0,0,0,0,0,0,0,0,0,0,0,0,0,0,0,0,0,0,0,0
6899,Italy,380,Melanesia,928,8,24,39,72,94,677,105,2,5,9,18,27,226,33,6,19,30,54,67,451,72
6900,Italy,380,Micronesia,954,23,21,19,17,21,17,10,8,6,4,4,7,5,1,15,15,15,13,14,12,9
6901,Italy,380,Polynesia,957,18,52,84,91,105,78,85,7,18,28,35,46,32,35,11,34,56,56,59,46,50
6902,Italy,380,Afghanistan,4,271,236,201,3384,5549,14893,18689,211,187,164,3164,5208,13985,17187,60,49,37,220,341,908,1502
6903,Italy,380,Albania,8,44935,159672,274408,360959,440648,444887,486187,31662,88919,146176,190016,231439,227638,244913,13273,70753,128232,170943,209209,217249,241274
6904,Italy,380,Algeria,12,6171,10991,15810,19139,23713,21908,22363,3826,7501,11175,12733,15472,13832,13976,2345,3490,4635,6406,8241,8076,8387
6905,Italy,380,Andorra,20,2,11,19,75,61,106,44,1,4,7,23,18,29,14,1,7,12,52,43,77,30
6906,Italy,380,Angola,24,304,1024,1744,1807,1934,1813,1917,105,481,858,872,934,842,892,199,543,886,935,1000,971,1025
6907,Italy,380,AntiguaandBarbuda,28,1,6,11,17,24,793,22,1,1,1,5,10,268,7,0,5,10,12,14,525,15
6908,Italy,380,Argentina,32,31345,25795,20245,46708,78640,69876,72321,10390,9096,7802,21085,37217,32012,33725,20955,16699,12443,25623,41423,37864,38596
6909,Italy,380,Armenia,51,25,152,279,768,1107,1354,1847,8,56,104,287,411,495,690,17,96,175,481,696,859,1157
6910,Italy,380,Australia,36,8059,6643,5226,12537,20127,19313,19897,2555,2135,1715,5274,8873,8474,8779,5504,4508,3511,7263,11254,10839,11118
6911,Italy,380,Austria,40,16037,13068,10099,13214,17060,15729,15672,3097,2668,2239,3648,5238,4732,4887,12940,10400,7860,9566,11822,10997,10785
6912,Italy,380,Azerbaijan,31,6,52,98,404,668,698,930,2,20,39,128,214,206,296,4,32,59,276,454,492,634
6913,Italy,380,Bahamas,44,6,17,27,60,90,260,88,2,5,8,21,34,95,39,4,12,19,39,56,165,49
6914,Italy,380,Bahrain,48,0,2,3,27,39,293,72,0,0,0,12,19,161,37,0,2,3,15,20,132,35
6915,Italy,380,Bangladesh,50,5421,14361,23300,60160,89149,105084,135468,4827,10172,15516,43594,65079,77559,102065,594,4189,7784,16566,24070,27525,33403
6916,Italy,380,Barbados,52,3,13,22,36,58,143,52,1,7,12,18,31,51,22,2,6,10,18,27,92,30
6917,Italy,380,Belarus,112,93,884,1674,17026,33171,31350,13321,32,106,179,8609,17493,16224,2842,61,778,1495,8417,15678,15126,10479
6918,Italy,380,Belgium,56,14298,11695,9092,27739,46838,45287,45918,3989,3452,2915,11579,20219,19411,19818,10309,8243,6177,16160,26619,25876,26100
6919,Italy,380,Belize,84,4,10,16,20,26,56,38,1,5,9,11,13,26,25,3,5,7,9,13,30,13
6920,Italy,380,Benin,204,107,656,1205,1886,2528,2529,3254,37,352,668,1108,1535,1517,2108,70,304,537,778,993,1012,1146
6921,Italy,380,Bhutan,64,12,24,36,36,33,39,30,4,14,24,24,21,25,18,8,10,12,12,12,14,12
6922,Italy,380,BoliviaPlurinationalStateof,68,94,1018,1942,8819,15410,15605,15580,33,319,605,3202,5537,5632,5726,61,699,1337,5617,9873,9973,9854
6923,Italy,380,BosniaandHerzegovina,70,4034,15437,26839,18972,10348,11317,29487,1402,7507,13612,7998,2143,2343,15120,2632,7930,13227,10974,8205,8974,14367
6924,Italy,380,Botswana,72,1,6,10,27,46,46,54,0,3,5,13,24,23,32,1,3,5,14,22,23,22
6925,Italy,380,Brazil,76,25441,27162,28883,66536,110536,99588,133398,3993,4877,5762,21344,40412,33745,50050,21448,22285,23121,45192,70124,65843,83348
6926,Italy,380,BruneiDarussalam,96,0,3,5,19,29,33,36,0,0,0,8,13,15,13,0,3,5,11,16,18,23
6927,Italy,380,Bulgaria,100,446,5423,10400,34041,58493,57017,61805,155,1957,3760,12110,20634,19430,21223,291,3466,6640,21931,37859,37587,40582
6928,Italy,380,BurkinaFaso,854,381,2624,4866,8261,11105,11670,13683,133,1516,2898,5535,7756,8104,9716,248,1108,1968,2726,3349,3566,3967
6929,Italy,380,Burundi,108,101,327,553,780,985,1006,1216,35,110,185,312,430,429,532,66,217,368,468,555,577,684
6930,Italy,380,CaboVerde,132,6799,5918,5037,5598,6260,6054,6366,480,739,999,1257,1460,1456,1603,6319,5179,4038,4341,4800,4598,4763
6931,Italy,380,Cambodia,116,41,167,292,807,1299,1315,1385,14,60,106,445,767,768,788,27,107,186,362,532,547,597
6932,Italy,380,Cameroon,120,254,1861,3468,7462,11165,11285,15613,88,921,1755,3832,5791,5710,8321,166,940,1713,3630,5374,5575,7292
6933,Italy,380,Canada,124,10188,8234,6280,15908,25581,24556,25202,3421,2869,2318,6952,11479,10939,11278,6767,5365,3962,8956,14102,13617,13924
6934,Italy,380,CentralAfricanRepublic,140,6,35,63,151,241,223,290,2,19,36,86,143,126,177,4,16,27,65,98,97,113
6935,Italy,380,Chad,148,17,71,124,344,533,526,578,6,31,56,244,395,400,437,11,40,68,100,138,126,141
6936,Italy,380,Chile,152,8674,6919,5164,8795,12765,12093,12721,2913,2375,1837,3562,5412,5011,5333,5761,4544,3327,5233,7353,7082,7388
6937,Italy,380,China,156,32172,53519,74865,137633,194677,199617,233338,14849,25410,35971,68705,98669,99548,115128,17323,28109,38894,68928,96008,100069,118210
6938,Italy,380,Colombia,170,9633,12313,14993,27259,39214,38713,41466,1467,2452,3437,8810,13853,13506,14679,8166,9861,11556,18449,25361,25207,26787
6939,Italy,380,Comoros,174,3,7,11,24,39,29,24,1,2,3,8,15,11,11,2,5,8,16,24,18,13
6940,Italy,380,Congo,178,508,1898,3287,3336,3474,3295,3163,177,904,1630,1694,1815,1687,1636,331,994,1657,1642,1659,1608,1527
6941,Italy,380,CostaRica,188,92,301,509,1009,1478,1473,1658,32,71,109,343,543,558,642,60,230,400,666,935,915,1016
6942,Italy,380,CotedIvoire,384,1324,6833,12341,18946,24594,25082,36256,460,3290,6120,10547,14329,14556,24130,864,3543,6221,8399,10265,10526,12126
6943,Italy,380,Croatia,191,6648,17882,29115,26910,25997,23478,22130,2311,7396,12480,11519,11212,9828,9158,4337,10486,16635,15391,14785,13650,12972
6944,Italy,380,Cuba,192,1444,6552,11659,22561,32329,33612,38532,502,910,1318,4677,7586,7766,9329,942,5642,10341,17884,24743,25846,29203
6945,Italy,380,Cyprus,196,42,119,195,423,696,602,440,14,50,85,188,316,259,181,28,69,110,235,380,343,259
6946,Italy,380,Czechia,203,937,3306,5675,8038,10566,10365,9536,326,379,433,1218,2000,1873,1740,611,2927,5242,6820,8566,8492,7796
6947,Italy,380,DemPeoplesRepublicofKorea,408,1,21,40,83,102,110,82,0,6,11,33,40,54,53,1,15,29,50,62,56,29
6948,Italy,380,DemocraticRepublicoftheCongo,180,205,1118,2031,4059,6198,5988,6874,71,506,941,1980,3092,2881,3375,134,612,1090,2079,3106,3107,3499
6949,Italy,380,Denmark,208,4729,3670,2610,2924,3592,3032,3186,1142,927,712,903,1230,1000,1125,3587,2743,1898,2021,2362,2032,2061
6950,Italy,380,Djibouti,262,2,12,22,56,101,85,77,1,5,10,25,47,34,30,1,7,12,31,54,51,47
6951,Italy,380,Dominica,212,0,22,44,191,265,295,198,0,7,15,54,72,79,52,0,15,29,137,193,216,146
6952,Italy,380,DominicanRepublic,214,9060,13427,17793,30028,40445,41853,48083,3149,3291,3432,8312,12266,12741,15150,5911,10136,14361,21716,28179,29112,32933
6953,Italy,380,Ecuador,218,997,11373,21748,55031,89989,84195,83168,347,3700,7053,21026,35368,32488,32225,650,7673,14695,34005,54621,51707,50943
6954,Italy,380,Egypt,818,40045,41691,43336,75904,107072,108497,128857,26385,27107,27828,52891,77478,76634,88721,13660,14584,15508,23013,29594,31863,40136
6955,Italy,380,ElSalvador,222,724,3013,5302,8882,11705,13021,16672,252,860,1469,2862,3865,4417,6164,472,2153,3833,6020,7840,8604,10508
6956,Italy,380,EquatorialGuinea,226,6,33,60,91,121,119,176,2,20,38,44,51,50,82,4,13,22,47,70,69,94
6957,Italy,380,Eritrea,232,779,4098,7417,10504,13557,13529,16375,271,1064,1858,4670,7387,7407,7952,508,3034,5559,5834,6170,6122,8423
6958,Italy,380,Estonia,233,31,212,392,887,1370,1403,1535,11,20,28,127,203,230,247,20,192,364,760,1167,1173,1288
6959,Italy,380,Eswatini,748,1,5,8,22,37,30,49,0,1,1,7,15,11,19,1,4,7,15,22,19,30
6960,Italy,380,Ethiopia,231,16703,11136,5569,17983,30974,29434,28171,3697,2646,1595,7231,12919,12328,11889,13006,8490,3974,10752,18055,17106,16282
6961,Italy,380,Fiji,242,3,10,17,31,39,38,39,1,1,2,7,11,12,11,2,9,15,24,28,26,28
6962,Italy,380,Finland,246,462,1336,2210,2519,2995,2675,2819,161,201,241,424,644,538,625,301,1135,1969,2095,2351,2137,2194
6963,Italy,380,France,250,66902,56690,46478,90429,137725,127459,128283,16136,14691,13247,33459,54477,49779,50898,50766,41999,33231,56970,83248,77680,77385
6964,Italy,380,Gabon,266,14,75,136,260,383,371,529,5,37,70,133,212,193,264,9,38,66,127,171,178,265
6965,Italy,380,Gambia,270,84,363,641,1078,1253,9992,23086,29,234,439,850,1016,9168,22470,55,129,202,228,237,824,616
6966,Italy,380,Georgia,268,11,164,317,6271,10030,13336,15813,4,54,105,929,1351,1787,2643,7,110,212,5342,8679,11549,13170
6967,Italy,380,Germany,276,96165,75903,55640,137808,222661,213522,211223,26844,22011,17177,56970,96804,92367,91648,69321,53892,38463,80838,125857,121155,119575
6968,Italy,380,Ghana,288,25093,29731,34369,40455,44622,46084,54680,14729,16817,18906,23800,27117,28318,36597,10364,12914,15463,16655,17505,17766,18083
6969,Italy,380,Greece,300,19876,14957,10037,13720,20212,16959,17196,11494,8215,4936,6764,10521,8039,8292,8382,6742,5101,6956,9691,8920,8904
6970,Italy,380,Grenada,308,1,5,8,12,19,15,12,0,2,3,3,6,3,3,1,3,5,9,13,12,9
6971,Italy,380,Guatemala,320,108,353,598,1367,2107,2114,2330,38,79,120,476,805,790,885,70,274,478,891,1302,1324,1445
6972,Italy,380,Guinea,324,103,690,1276,2587,3646,4059,13677,36,421,805,1756,2500,2814,12090,67,269,471,831,1146,1245,1587
6973,Italy,380,GuineaBissau,624,35,152,268,525,695,862,2721,12,84,156,338,444,599,2412,23,68,112,187,251,263,309
6974,Italy,380,Guyana,328,9,21,32,53,79,73,72,3,2,1,8,20,17,14,6,19,31,45,59,56,58
6975,Italy,380,Haiti,332,38,133,228,466,738,712,871,13,34,55,159,268,266,365,25,99,173,307,470,446,506
6976,Italy,380,HolySee,336,8,21,33,106,173,298,166,3,14,25,53,75,106,65,5,7,8,53,98,192,101
6977,Italy,380,Honduras,340,78,319,560,1442,2117,2475,3225,27,67,108,372,564,652,925,51,252,452,1070,1553,1823,2300
6978,Italy,380,Hungary,348,698,2875,5052,8970,13074,12625,13413,243,411,580,1944,3374,3085,3358,455,2464,4472,7026,9700,9540,10055
6979,Italy,380,Iceland,352,55,141,227,217,220,183,204,19,40,61,68,76,61,69,36,101,166,149,144,122,135
6980,Italy,380,India,356,3413,23261,43109,89745,128999,138591,167272,1186,12309,23432,53525,79254,83611,99085,2227,10952,19677,36220,49745,54980,68187
6981,Italy,380,Indonesia,360,166,697,1227,2193,3122,3150,3734,58,161,263,492,738,634,738,108,536,964,1701,2384,2516,2996
6982,Italy,380,IranIslamicRepublicof,364,19096,14034,8971,11701,14360,14869,18529,10789,7969,5148,6588,8091,8149,9821,8307,6065,3823,5113,6269,6720,8708
6983,Italy,380,Iraq,368,176,837,1498,2693,3952,3899,7928,61,544,1027,1945,2837,2900,6043,115,293,471,748,1115,999,1885
6984,Italy,380,Ireland,372,4114,3211,2307,2968,4025,3513,3796,1070,924,778,1168,1731,1470,1627,3044,2287,1529,1800,2294,2043,2169
6985,Italy,380,Israel,376,7287,4920,2553,3218,4541,3690,4107,4208,2826,1445,1895,2758,2172,2374,3079,2094,1108,1323,1783,1518,1733
6986,Italy,380,Jamaica,388,38,106,173,260,373,344,397,13,33,53,97,145,132,154,25,73,120,163,228,212,243
6987,Italy,380,Japan,392,13179,10155,7130,7707,9489,8097,8967,4691,3420,2149,2303,3167,2299,2607,8488,6735,4981,5404,6322,5798,6360
6988,Italy,380,Jordan,400,5005,3989,2973,2982,3324,2902,3058,4155,3082,2010,2093,2471,2059,2100,850,907,963,889,853,843,958
6989,Italy,380,Kazakhstan,398,50,296,542,2196,3586,4028,4810,18,30,42,344,582,644,772,32,266,500,1852,3004,3384,4038
6990,Italy,380,Kenya,404,134,592,1050,2345,3528,3650,4275,46,196,347,907,1431,1442,1631,88,396,703,1438,2097,2208,2644
6991,Italy,380,Kiribati,296,21,16,11,8,5,5,3,7,4,1,1,1,2,0,14,12,10,7,4,3,3
6992,Italy,380,Kuwait,414,49,78,106,325,578,536,632,17,42,67,193,344,317,374,32,36,39,132,234,219,258
6993,Italy,380,Kyrgyzstan,417,3,41,79,703,1188,1418,1944,1,6,11,117,186,229,344,2,35,68,586,1002,1189,1600
6994,Italy,380,LaoPeoplesDemocraticRepublic,418,77,128,179,220,268,250,251,27,52,77,97,123,114,108,50,76,102,123,145,136,143
6995,Italy,380,Latvia,428,38,337,636,1918,3078,3214,3688,13,21,29,356,621,642,799,25,316,607,1562,2457,2572,2889
6996,Italy,380,Lebanon,422,9128,6639,4149,5617,7206,6920,7685,6024,4259,2493,3497,4608,4333,4820,3104,2380,1656,2120,2598,2587,2865
6997,Italy,380,Lesotho,426,0,3,6,19,29,24,30,0,2,4,10,13,12,15,0,1,2,9,16,12,15
6998,Italy,380,Liberia,430,4,108,212,1109,2160,1802,1725,2,53,105,880,1791,1475,1412,2,55,107,229,369,327,313
6999,Italy,380,Libya,434,5450,4411,3371,19794,36492,34955,34542,2738,2101,1463,9544,17686,16733,16778,2712,2310,1908,10250,18806,18222,17764
7000,Italy,380,Liechtenstein,438,3,21,38,85,179,113,110,1,8,14,39,85,56,50,2,13,24,46,94,57,60
7001,Italy,380,Lithuania,440,16,298,580,3113,5537,5640,6317,6,26,46,701,1336,1259,1442,10,272,534,2412,4201,4381,4875
7002,Italy,380,Luxembourg,442,929,779,628,2713,4782,4700,4648,285,259,233,1202,2139,2099,2096,644,520,395,1511,2643,2601,2552
7003,Italy,380,Madagascar,450,193,645,1097,1740,2348,2334,2700,67,125,184,454,695,685,786,126,520,913,1286,1653,1649,1914
7004,Italy,380,Malawi,454,8,29,49,110,173,168,194,2,10,18,48,81,74,80,6,19,31,62,92,94,114
7005,Italy,380,Malaysia,458,67,203,339,476,632,608,677,23,68,114,185,261,249,256,44,135,225,291,371,359,421
7006,Italy,380,Maldives,462,1,6,11,23,83,33,35,0,4,8,18,44,26,26,1,2,3,5,39,7,9
7007,Italy,380,Mali,466,43,272,501,2339,2880,12237,21057,15,139,264,1983,2455,11195,20236,28,133,237,356,425,1042,821
7008,Italy,380,Malta,470,257,697,1137,1533,2105,1852,1984,89,131,173,351,579,489,572,168,566,964,1182,1526,1363,1412
7009,Italy,380,MarshallIslands,584,0,0,0,0,5,1,0,0,0,0,0,1,0,0,0,0,0,0,4,1,0
7010,Italy,380,Mauritania,478,46,216,385,531,630,695,849,16,139,261,395,494,540,668,30,77,124,136,136,155,181
7011,Italy,380,Mauritius,480,9594,10066,10538,10018,9404,8860,8680,3909,4157,4405,4290,4106,3818,3707,5685,5909,6133,5728,5298,5042,4973
7012,Italy,380,Mexico,484,4331,4177,4023,6424,9012,8533,9884,532,702,873,1861,2912,2603,3035,3799,3475,3150,4563,6100,5930,6849
7013,Italy,380,Monaco,492,154,179,203,910,1653,1295,1589,53,60,67,409,759,597,736,101,119,136,501,894,698,853
7014,Italy,380,Mongolia,496,5,31,57,166,249,291,314,1,5,10,44,68,83,90,4,26,47,122,181,208,224
7015,Italy,380,Montenegro,499,1458,3757,6055,4170,2066,2334,2240,507,1826,3145,2111,925,1055,953,951,1931,2910,2059,1141,1279,1287
7016,Italy,380,Morocco,504,169285,227427,285569,355367,416832,422481,451960,131208,147722,164237,202077,237919,233889,244128,38077,79705,121332,153290,178913,188592,207832
7017,Italy,380,Mozambique,508,58,186,314,586,834,1428,922,20,50,80,192,294,671,332,38,136,234,394,540,757,590
7018,Italy,380,Myanmar,104,28,97,165,303,385,451,437,10,43,75,123,143,163,143,18,54,90,180,242,288,294
7019,Italy,380,Namibia,516,13,24,35,64,93,85,89,5,5,5,27,47,43,43,8,19,30,37,46,42,46
7020,Italy,380,Nauru,520,0,1,2,2,2,6,2,0,1,2,1,1,1,0,0,0,0,1,1,5,2
7021,Italy,380,Nepal,524,11,103,195,985,1647,1878,2437,4,54,105,563,950,1077,1416,7,49,90,422,697,801,1021
7022,Italy,380,Netherlands,528,17068,13450,9831,11432,13617,12747,13214,4933,4117,3300,4160,5208,4867,5095,12135,9333,6531,7272,8409,7880,8119
7023,Italy,380,NewZealand,554,88,258,428,665,973,859,934,30,97,164,278,426,371,423,58,161,264,387,547,488,511
7024,Italy,380,Nicaragua,558,78,257,436,806,1135,1190,1381,27,78,129,257,370,373,444,51,179,307,549,765,817,937
7025,Italy,380,Niger,562,4,86,168,614,840,968,1465,1,48,95,459,629,748,1251,3,38,73,155,211,220,214
7026,Italy,380,Nigeria,566,11859,19320,26781,41515,53072,58257,103462,6390,8126,9863,18166,24219,27618,61302,5469,11194,16918,23349,28853,30639,42160
7027,Italy,380,NorthMacedonia,807,72688,58600,44512,58767,74223,72425,68840,32775,29294,25814,33207,41406,39711,37476,39913,29306,18698,25560,32817,32714,31364
7028,Italy,380,Norway,578,159,567,975,1478,1884,1646,1825,55,146,238,488,709,602,698,104,421,737,990,1175,1044,1127
7029,Italy,380,Oman,512,38,39,40,46,48,53,68,13,14,15,19,23,23,30,25,25,25,27,25,30,38
7030,Italy,380,Pakistan,586,6808,15787,24765,54772,78200,89137,124800,5993,11358,16722,37285,53280,60993,89557,815,4429,8043,17487,24920,28144,35243
7031,Italy,380,Palau,585,2,4,6,7,9,5,5,1,1,1,2,4,2,1,1,3,5,5,5,3,4
7032,Italy,380,Panama,591,143,362,580,801,1055,1120,1102,50,77,104,191,288,310,305,93,285,476,610,767,810,797
7033,Italy,380,PapuaNewGuinea,598,3,9,14,23,33,615,38,1,3,4,7,12,209,15,2,6,10,16,21,406,23
7034,Italy,380,Paraguay,600,53,315,577,1607,2646,2642,2886,18,57,97,455,831,785,863,35,258,480,1152,1815,1857,2023
7035,Italy,380,Peru,604,12843,29771,46699,81359,115021,112799,116408,3314,9348,15383,30057,43666,42545,44327,9529,20423,31316,51302,71355,70254,72081
7036,Italy,380,Philippines,608,65197,75405,85612,114522,137814,142694,151520,12997,21351,29705,43623,54051,56418,60650,52200,54054,55907,70899,83763,86276,90870
7037,Italy,380,Poland,616,24516,33838,43160,80891,124693,114517,113874,6428,8007,9586,19418,31430,26503,26086,18088,25831,33574,61473,93263,88014,87788
7038,Italy,380,Portugal,620,6791,6018,5245,5830,7080,6201,6735,1347,1443,1539,1889,2481,2082,2421,5444,4575,3706,3941,4599,4119,4314
7039,Italy,380,Qatar,634,0,1,2,41,77,457,147,0,1,2,21,37,173,72,0,0,0,20,40,284,75
7040,Italy,380,RepublicofKorea,410,630,2263,3896,3913,4683,3789,4607,219,834,1449,1517,1993,1440,1787,411,1429,2447,2396,2690,2349,2820
7041,Italy,380,RepublicofMoldova,498,84,3371,6658,86725,159899,170699,194480,29,911,1794,28457,52489,54405,63356,55,2460,4864,58268,107410,116294,131124
7042,Italy,380,Romania,642,40066,79401,118736,570087,1016949,1012177,1048862,11674,31244,50814,240599,433624,413169,419319,28392,48157,67922,329488,583325,599008,629543
7043,Italy,380,RussianFederation,643,7359,11088,14816,47776,79608,79001,82890,672,1281,1890,10185,17293,17434,19227,6687,9807,12926,37591,62315,61567,63663
7044,Italy,380,Rwanda,646,126,379,631,705,791,772,862,44,159,273,317,380,343,384,82,220,358,388,411,429,478
7045,Italy,380,SaintKittsandNevis,659,2,6,9,7,4,4,4,1,1,1,1,1,1,1,1,5,8,6,3,3,3
7046,Italy,380,SaintLucia,662,1,6,11,17,24,20,23,0,1,3,8,12,11,10,1,5,8,9,12,9,13
7047,Italy,380,SaintVincentandtheGrenadines,670,0,3,6,13,25,19,14,0,1,3,5,8,7,4,0,2,3,8,17,12,10
7048,Italy,380,Samoa,882,13,40,67,68,78,55,63,5,15,26,29,38,22,26,8,25,41,39,40,33,37
7049,Italy,380,SanMarino,674,1055,2080,3105,2509,1907,3242,1932,367,927,1487,1118,707,1077,779,688,1153,1618,1391,1200,2165,1153
7050,Italy,380,SaoTomeandPrincipe,678,9,26,43,59,77,71,81,3,6,9,15,23,18,24,6,20,34,44,54,53,57
7051,Italy,380,SaudiArabia,682,17,55,92,527,1018,968,1237,6,26,46,281,538,511,661,11,29,46,246,480,457,576
7052,Italy,380,Senegal,686,44973,47201,49429,67115,80612,87688,113444,42387,41818,41250,53440,63003,67178,87625,2586,5383,8179,13675,17609,20510,25819
7053,Italy,380,Serbia,688,17845,48026,78207,61890,87994,89708,86911,6203,22646,39090,30369,44698,44820,43214,11642,25380,39117,31521,43296,44888,43697
7054,Italy,380,Seychelles,690,181,520,859,919,1025,928,940,63,107,152,182,220,188,199,118,413,707,737,805,740,741
7055,Italy,380,SierraLeone,694,91,455,818,1098,1389,1367,2451,32,210,388,610,829,818,1811,59,245,430,488,560,549,640
7056,Italy,380,Singapore,702,40,124,208,388,581,551,641,14,29,45,119,191,180,211,26,95,163,269,390,371,430
7057,Italy,380,Slovakia,703,223,1748,3273,7134,11467,10603,10611,77,312,548,1691,3145,2597,2404,146,1436,2725,5443,8322,8006,8207
7058,Italy,380,Slovenia,705,1268,3048,4828,4763,4614,4559,4693,441,1041,1642,1776,1896,1811,1815,827,2007,3186,2987,2718,2748,2878
7059,Italy,380,SolomonIslands,90,1,3,5,5,3,3,7,0,1,3,2,0,0,3,1,2,2,3,3,3,4
7060,Italy,380,Somalia,706,11363,9103,6842,9198,12634,13484,14473,3625,2957,2288,4566,7177,8209,8948,7738,6146,4554,4632,5457,5275,5525
7061,Italy,380,SouthAfrica,710,409,824,1238,3447,5726,5671,5834,142,273,404,1423,2438,2386,2492,267,551,834,2024,3288,3285,3342
7062,Italy,380,SouthSudan,728,0,0,0,0,24,29,41,0,0,0,0,9,18,29,0,0,0,0,15,11,12
7063,Italy,380,Spain,724,26557,23051,19545,25685,33117,30897,35124,3629,3449,3269,6351,9637,9081,11308,22928,19602,16276,19334,23480,21816,23816
7064,Italy,380,SriLanka,144,19974,30976,41977,63528,83767,84992,95811,11738,16657,21576,35011,47685,47310,51805,8236,14319,20401,28517,36082,37682,44006
7065,Italy,380,StateofPalestine,275,55,214,373,382,372,5009,1176,19,129,239,262,270,2564,900,36,85,134,120,102,2445,276
7066,Italy,380,Sudan,729,47,430,813,1864,3094,2851,3039,17,281,545,1407,2440,2193,2311,30,149,268,457,654,658,728
7067,Italy,380,Suriname,740,12,17,21,36,47,41,40,4,5,6,12,15,13,14,8,12,15,24,32,28,26
7068,Italy,380,Sweden,752,5968,5003,4038,5224,6846,6265,6228,1213,1118,1023,1562,2219,1967,2044,4755,3885,3015,3662,4627,4298,4184
7069,Italy,380,Switzerland,756,43544,32837,22130,110133,194518,193299,193568,13618,10570,7523,50147,89998,89238,89545,29926,22267,14607,59986,104520,104061,104023
7070,Italy,380,SyrianArabRepublic,760,527,1963,3399,4728,5827,6105,8276,183,1099,2016,2978,3853,3888,5037,344,864,1383,1750,1974,2217,3239
7071,Italy,380,Tajikistan,762,7,19,30,108,179,202,264,2,8,13,30,45,47,54,5,11,17,78,134,155,210
7072,Italy,380,Thailand,764,568,2205,3842,6853,9476,9827,11338,198,156,114,784,1306,1309,1592,370,2049,3728,6069,8170,8518,9746
7073,Italy,380,TimorLeste,626,10,27,44,62,69,99,77,3,7,12,25,28,44,13,7,20,32,37,41,55,64
7074,Italy,380,Togo,768,87,741,1395,3273,4859,5085,6547,30,374,719,2032,3152,3243,4425,57,367,676,1241,1707,1842,2122
7075,Italy,380,Tonga,776,5,11,16,19,23,18,21,2,2,1,4,7,7,9,3,9,15,15,16,11,12
7076,Italy,380,TrinidadandTobago,780,21,52,82,125,186,161,172,7,12,16,31,46,42,45,14,40,66,94,140,119,127
7077,Italy,380,Tunisia,788,70813,73188,75563,91608,112624,101334,108129,52414,49825,47236,57593,72153,63247,66723,18399,23363,28327,34015,40471,38087,41406
7078,Italy,380,Turkey,792,7575,8597,9618,15053,20888,19499,20513,4083,4609,5134,8490,12096,11146,11539,3492,3988,4484,6563,8792,8353,8974
7079,Italy,380,Turkmenistan,795,7,26,44,125,195,225,283,3,3,2,19,36,35,47,4,23,42,106,159,190,236
7080,Italy,380,Tuvalu,798,0,1,1,4,4,5,1,0,1,1,2,1,3,0,0,0,0,2,3,2,1
7081,Italy,380,Uganda,800,53,208,363,665,996,950,1137,18,78,139,281,452,401,484,35,130,224,384,544,549,653
7082,Italy,380,Ukraine,804,206,6959,13711,117957,213559,222013,248460,72,1124,2175,25160,45333,45594,54437,134,5835,11536,92797,168226,176419,194023
7083,Italy,380,UnitedArabEmirates,784,2,11,19,195,324,373,665,1,4,7,102,165,191,354,1,7,12,93,159,182,311
7084,Italy,380,UnitedKingdom,826,59492,45568,31644,48310,68044,61672,66500,18059,14551,11043,19101,28310,25386,28126,41433,31017,20601,29209,39734,36286,38374
7085,Italy,380,UnitedRepublicofTanzania,834,135,461,786,1195,1631,1590,1845,47,168,288,489,709,666,783,88,293,498,706,922,924,1062
7086,Italy,380,UnitedStatesofAmerica,840,63755,45212,26750,40484,57242,50866,54011,22634,16514,10381,16952,24783,21911,23572,41121,28698,16369,23532,32459,28955,30439
7087,Italy,380,Uruguay,858,678,1637,2596,5048,7912,7169,7383,236,573,910,2091,3440,3084,3200,442,1064,1686,2957,4472,4085,4183
7088,Italy,380,Uzbekistan,860,191,676,1161,1835,2424,2509,2726,67,71,75,279,449,462,489,124,605,1086,1556,1975,2047,2237
7089,Italy,380,Vanuatu,548,1,2,3,13,19,21,21,0,0,0,2,4,5,4,1,2,3,11,15,16,17
7090,Italy,380,VenezuelaBolivarianRepublicof,862,9773,9261,8748,28803,48676,48138,59432,2920,2660,2400,11607,20607,20120,25067,6853,6601,6348,17196,28069,28018,34365
7091,Italy,380,VietNam,704,636,1327,2017,3637,4973,5276,6077,221,518,814,1573,2247,2284,2542,415,809,1203,2064,2726,2992,3535
7092,Italy,380,Yemen,887,40,134,227,245,298,266,395,14,61,108,124,161,146,225,26,73,119,121,137,120,170
7093,Italy,380,Zambia,894,20,90,159,517,895,867,895,7,38,69,241,417,407,417,13,52,90,276,478,460,478
7094,Italy,380,Zimbabwe,716,30,91,151,516,904,849,922,10,27,43,227,420,388,427,20,64,108,289,484,461,495
7095,Malta,470,Melanesia,928,0,0,0,0,0,0,0,0,0,0,0,0,0,0,0,0,0,0,0,0,0
7096,Malta,470,Micronesia,954,0,0,0,0,0,0,0,0,0,0,0,0,0,0,0,0,0,0,0,0,0
7097,Malta,470,Polynesia,957,0,0,0,0,0,0,0,0,0,0,0,0,0,0,0,0,0,0,0,0,0
7098,Malta,470,Albania,8,16,19,48,76,63,106,229,6,7,19,28,29,52,122,10,12,29,48,34,54,107
7099,Malta,470,Algeria,12,21,25,31,38,43,72,155,15,17,22,26,31,53,119,6,8,9,12,12,19,36
7100,Malta,470,Argentina,32,7,9,10,14,8,14,28,5,6,7,9,8,13,27,2,3,3,5,0,1,1
7101,Malta,470,Armenia,51,11,13,15,20,22,38,81,6,7,8,10,9,17,41,5,6,7,10,13,21,40
7102,Malta,470,Australia,36,3435,4022,4128,4016,3461,6006,13091,1618,1926,1886,1796,1593,3053,7176,1817,2096,2242,2220,1868,2953,5915
7103,Malta,470,Austria,40,18,22,55,89,90,153,331,7,9,23,37,46,83,192,11,13,32,52,44,70,139
7104,Malta,470,Bangladesh,50,6,8,9,13,13,11,22,3,4,5,6,7,6,13,3,4,4,7,6,5,9
7105,Malta,470,Belarus,112,3,4,10,19,23,9,18,0,0,0,2,2,5,11,3,4,10,17,21,4,7
7106,Malta,470,Belgium,56,19,23,58,93,136,230,500,9,11,29,46,80,141,323,10,12,29,47,56,89,177
7107,Malta,470,BosniaandHerzegovina,70,25,30,77,122,134,227,494,16,19,50,78,90,157,355,9,11,27,44,44,70,139
7108,Malta,470,Brazil,76,27,32,40,48,79,133,287,10,12,15,19,37,67,156,17,20,25,29,42,66,131
7109,Malta,470,Bulgaria,100,77,91,230,361,739,1253,2729,36,43,110,174,356,647,1516,41,48,120,187,383,606,1213
7110,Malta,470,Canada,124,1385,1622,1603,1519,1493,2440,5317,671,798,773,723,753,1285,3004,714,824,830,796,740,1155,2313
7111,Malta,470,China,156,148,173,220,259,292,495,1076,63,75,97,117,124,229,545,85,98,123,142,168,266,531
7112,Malta,470,Croatia,191,18,22,54,87,59,101,217,10,12,29,47,35,63,142,8,10,25,40,24,38,75
7113,Malta,470,Cyprus,196,21,25,31,38,36,61,131,10,12,16,19,21,38,86,11,13,15,19,15,23,45
7114,Malta,470,Czechia,203,10,12,30,48,66,112,242,5,6,16,24,22,42,103,5,6,14,24,44,70,139
7115,Malta,470,Denmark,208,12,15,37,60,107,181,393,6,8,20,31,63,111,254,6,7,17,29,44,70,139
7116,Malta,470,Egypt,818,255,299,379,446,383,648,1410,157,186,238,283,264,460,1035,98,113,141,163,119,188,375
7117,Malta,470,Eritrea,232,10,12,15,19,1354,929,2023,8,9,12,14,689,473,1111,2,3,3,5,665,456,912
7118,Malta,470,Ethiopia,231,25,30,37,45,280,475,1034,13,16,20,24,145,262,608,12,14,17,21,135,213,426
7119,Malta,470,Finland,246,8,10,25,41,65,109,234,1,1,3,5,23,43,103,7,9,22,36,42,66,131
7120,Malta,470,France,250,97,114,161,203,352,596,1296,43,52,63,73,173,313,730,54,62,98,130,179,283,566
7121,Malta,470,Georgia,268,12,15,19,23,33,55,116,6,8,11,12,16,28,63,6,7,8,11,17,27,53
7122,Malta,470,Germany,276,323,378,578,756,804,1363,2969,128,153,247,334,380,692,1626,195,225,331,422,424,671,1343
7123,Malta,470,Ghana,288,6,8,9,13,55,93,201,5,6,7,10,49,83,181,1,2,2,3,6,10,20
7124,Malta,470,Greece,300,11,13,32,52,63,106,229,7,8,19,31,45,77,171,4,5,13,21,18,29,58
7125,Malta,470,Hungary,348,5,6,15,27,117,199,431,1,1,4,7,41,79,191,4,5,11,20,76,120,240
7126,Malta,470,India,356,130,152,194,228,215,364,791,95,111,143,168,144,251,565,35,41,51,60,71,113,226
7127,Malta,470,Indonesia,360,11,14,18,22,18,30,63,4,5,8,9,9,16,36,7,9,10,13,9,14,27
7128,Malta,470,IranIslamicRepublicof,364,9,11,13,17,24,41,87,6,7,9,11,12,22,51,3,4,4,6,12,19,36
7129,Malta,470,Iraq,368,32,38,48,57,73,114,246,21,25,32,37,38,80,175,11,13,16,20,35,34,71
7130,Malta,470,Ireland,372,47,56,141,223,223,377,819,17,21,53,84,102,185,436,30,35,88,139,121,192,383
7131,Malta,470,Israel,376,8,10,12,15,9,15,31,5,6,8,9,7,12,27,3,4,4,6,2,3,4
7132,Malta,470,Italy,380,665,778,968,1118,1198,2166,4720,378,447,606,742,817,1529,3446,287,331,362,376,381,637,1274
7133,Malta,470,Japan,392,15,18,23,28,37,62,134,2,2,4,5,8,17,44,13,16,19,23,29,45,90
7134,Malta,470,Jordan,400,12,15,19,23,32,54,115,11,13,17,19,27,47,102,1,2,2,4,5,7,13
7135,Malta,470,Kenya,404,18,22,27,34,27,45,96,8,10,13,16,10,18,43,10,12,14,18,17,27,53
7136,Malta,470,Kuwait,414,8,10,12,16,47,79,170,8,9,11,14,31,55,123,0,1,1,2,16,24,47
7137,Malta,470,Latvia,428,4,5,13,22,63,106,229,3,3,8,12,31,56,129,1,2,5,10,32,50,100
7138,Malta,470,Lebanon,422,30,36,44,54,52,89,191,16,19,23,29,36,65,144,14,17,21,25,16,24,47
7139,Malta,470,Libya,434,435,509,645,755,655,1745,3801,231,274,397,505,460,887,2083,204,235,248,250,195,858,1718
7140,Malta,470,Lithuania,440,3,4,10,18,36,61,131,2,2,5,8,10,20,51,1,2,5,10,26,41,80
7141,Malta,470,Malaysia,458,16,19,24,29,32,54,115,5,6,8,9,12,23,54,11,13,16,20,20,31,61
7142,Malta,470,Morocco,504,83,98,124,147,182,309,671,18,23,30,38,48,97,247,65,75,94,109,134,212,424
7143,Malta,470,Netherlands,528,72,85,214,335,347,589,1282,38,46,115,180,189,340,784,34,39,99,155,158,249,498
7144,Malta,470,NewZealand,554,9,11,13,17,35,59,127,3,4,5,6,20,36,82,6,7,8,11,15,23,45
7145,Malta,470,Niger,562,10,12,15,19,45,51,110,7,8,11,13,23,50,109,3,4,4,6,22,1,1
7146,Malta,470,Nigeria,566,51,60,76,90,275,471,1025,39,46,59,69,140,338,760,12,14,17,21,135,133,265
7147,Malta,470,NorthMacedonia,807,14,17,43,70,24,41,87,6,7,17,28,17,30,66,8,10,26,42,7,11,21
7148,Malta,470,Norway,578,5,7,19,31,54,91,196,3,4,12,18,39,68,151,2,3,7,13,15,23,45
7149,Malta,470,Pakistan,586,54,64,81,97,149,253,549,17,21,28,35,70,128,300,37,43,53,62,79,125,249
7150,Malta,470,Peru,604,8,10,12,15,22,38,81,3,4,5,6,7,15,36,5,6,7,9,15,23,45
7151,Malta,470,Philippines,608,94,110,139,165,391,664,1445,21,26,34,44,71,157,430,73,84,105,121,320,507,1015
7152,Malta,470,Poland,616,20,24,61,97,203,344,749,7,9,23,36,69,132,325,13,15,38,61,134,212,424
7153,Malta,470,Portugal,620,3,4,10,19,47,79,170,1,1,2,5,26,47,107,2,3,8,14,21,32,63
7154,Malta,470,RepublicofMoldova,498,6,8,20,33,28,47,99,0,1,3,5,5,11,28,6,7,17,28,23,36,71
7155,Malta,470,Romania,642,76,89,224,351,554,940,2046,31,37,93,147,243,448,1061,45,52,131,204,311,492,985
7156,Malta,470,RussianFederation,643,129,151,382,598,775,1315,2865,33,41,106,170,233,457,1147,96,110,276,428,542,858,1718
7157,Malta,470,SaudiArabia,682,11,13,15,20,21,36,77,5,6,7,9,11,20,46,6,7,8,11,10,16,31
7158,Malta,470,Serbia,688,101,119,302,472,450,764,1663,61,73,186,291,284,501,1137,40,46,116,181,166,263,526
7159,Malta,470,Singapore,702,8,10,12,15,25,42,89,5,6,8,8,15,27,59,3,4,4,7,10,15,30
7160,Malta,470,Slovakia,703,13,16,40,64,83,141,305,6,7,17,26,25,50,124,7,9,23,38,58,91,181
7161,Malta,470,Slovenia,705,6,8,19,32,17,29,61,4,5,11,18,9,17,38,2,3,8,14,8,12,23
7162,Malta,470,Somalia,706,7,9,10,14,3723,1882,4101,5,6,7,9,1893,957,2248,2,3,3,5,1830,925,1853
7163,Malta,470,SouthAfrica,710,45,53,67,80,142,241,523,20,24,32,37,72,131,304,25,29,35,43,70,110,219
7164,Malta,470,Spain,724,11,14,35,56,123,209,453,5,6,15,24,62,112,260,6,8,20,32,61,97,193
7165,Malta,470,SriLanka,144,9,11,13,17,14,23,49,5,6,8,9,9,15,34,4,5,5,8,5,8,15
7166,Malta,470,StateofPalestine,275,12,15,19,23,53,56,120,10,12,16,18,27,29,67,2,3,3,5,26,27,53
7167,Malta,470,Sudan,729,8,10,12,16,366,186,404,7,8,10,12,187,95,223,1,2,2,4,179,91,181
7168,Malta,470,Sweden,752,28,33,83,131,380,645,1403,15,17,44,68,223,397,907,13,16,39,63,157,248,496
7169,Malta,470,Switzerland,756,17,20,50,80,85,143,309,10,11,29,45,45,80,185,7,9,21,35,40,63,124
7170,Malta,470,SyrianArabRepublic,760,101,119,151,179,215,1488,3242,81,95,122,144,183,757,1779,20,24,29,35,32,731,1463
7171,Malta,470,Thailand,764,42,50,63,75,87,148,320,5,7,10,13,15,34,93,37,43,53,62,72,114,227
7172,Malta,470,TrinidadandTobago,780,9,11,13,17,10,17,35,2,2,3,3,5,9,20,7,9,10,14,5,8,15
7173,Malta,470,Tunisia,788,161,188,239,281,263,446,969,90,106,137,162,151,269,616,71,82,102,119,112,177,353
7174,Malta,470,Turkey,792,79,93,117,139,188,318,692,52,62,79,94,128,224,505,27,31,38,45,60,94,187
7175,Malta,470,Ukraine,804,30,36,92,145,235,399,868,6,8,23,36,61,124,318,24,28,69,109,174,275,550
7176,Malta,470,UnitedArabEmirates,784,6,8,9,13,21,35,75,3,4,5,7,15,25,55,3,4,4,6,6,10,20
7177,Malta,470,UnitedKingdom,826,5333,6258,7313,8005,8482,14361,31494,2289,2731,3299,3746,4586,7613,17883,3044,3527,4014,4259,3896,6748,13611
7178,Malta,470,UnitedStatesofAmerica,840,832,974,1051,1087,1053,1667,3632,374,446,506,551,541,912,2120,458,528,545,536,512,755,1512
7179,Malta,470,Uzbekistan,860,7,9,10,14,16,27,56,2,3,3,4,4,8,20,5,6,7,10,12,19,36
7180,Malta,470,Zimbabwe,716,15,18,23,28,29,49,106,9,10,14,16,19,33,75,6,8,9,12,10,16,31
7181,Montenegro,499,Melanesia,928,0,0,0,0,0,0,0,0,0,0,0,0,0,0,0,0,0,0,0,0,0
7182,Montenegro,499,Micronesia,954,0,0,0,0,0,0,0,0,0,0,0,0,0,0,0,0,0,0,0,0,0
7183,Montenegro,499,Polynesia,957,0,0,0,0,0,0,0,0,0,0,0,0,0,0,0,0,0,0,0,0,0
7184,Montenegro,499,Albania,8,0,0,0,0,2015,2754,2763,0,0,0,0,829,1143,1154,0,0,0,0,1186,1611,1609
7185,Montenegro,499,Australia,36,0,0,0,0,122,137,136,0,0,0,0,39,45,46,0,0,0,0,83,92,90
7186,Montenegro,499,Austria,40,0,0,0,0,245,257,256,0,0,0,0,75,80,81,0,0,0,0,170,177,175
7187,Montenegro,499,BosniaandHerzegovina,70,0,0,0,0,34304,32042,32126,0,0,0,0,13816,12819,12905,0,0,0,0,20488,19223,19221
7188,Montenegro,499,Bulgaria,100,0,0,0,0,70,78,77,0,0,0,0,57,64,65,0,0,0,0,13,14,12
7189,Montenegro,499,Canada,124,0,0,0,0,66,69,68,0,0,0,0,9,10,11,0,0,0,0,57,59,57
7190,Montenegro,499,Croatia,191,0,0,0,0,14529,15486,15523,0,0,0,0,5452,5766,5824,0,0,0,0,9077,9720,9699
7191,Montenegro,499,Czechia,203,0,0,0,0,115,120,119,0,0,0,0,66,69,70,0,0,0,0,49,51,49
7192,Montenegro,499,Denmark,208,0,0,0,0,93,97,96,0,0,0,0,18,19,20,0,0,0,0,75,78,76
7193,Montenegro,499,France,250,0,0,0,0,397,446,446,0,0,0,0,120,137,139,0,0,0,0,277,309,307
7194,Montenegro,499,Germany,276,0,0,0,0,1785,1876,1882,0,0,0,0,562,598,607,0,0,0,0,1223,1278,1275
7195,Montenegro,499,Greece,300,0,0,0,0,50,56,55,0,0,0,0,40,45,46,0,0,0,0,10,11,9
7196,Montenegro,499,Hungary,348,0,0,0,0,45,47,46,0,0,0,0,30,32,33,0,0,0,0,15,15,13
7197,Montenegro,499,Italy,380,0,0,0,0,186,209,208,0,0,0,0,53,61,62,0,0,0,0,133,148,146
7198,Montenegro,499,Luxembourg,442,0,0,0,0,96,100,99,0,0,0,0,36,38,39,0,0,0,0,60,62,60
7199,Montenegro,499,Netherlands,528,0,0,0,0,138,155,154,0,0,0,0,28,32,33,0,0,0,0,110,123,121
7200,Montenegro,499,Poland,616,0,0,0,0,94,98,97,0,0,0,0,68,71,72,0,0,0,0,26,27,25
7201,Montenegro,499,Romania,642,0,0,0,0,101,105,104,0,0,0,0,46,48,49,0,0,0,0,55,57,55
7202,Montenegro,499,RussianFederation,643,0,0,0,0,823,925,927,0,0,0,0,345,391,395,0,0,0,0,478,534,532
7203,Montenegro,499,Serbia,688,0,0,0,0,17455,9679,8831,0,0,0,0,7766,3964,3568,0,0,0,0,9689,5715,5263
7204,Montenegro,499,Slovakia,703,0,0,0,0,54,56,55,0,0,0,0,49,51,52,0,0,0,0,5,5,3
7205,Montenegro,499,Slovenia,705,0,0,0,0,1438,1617,1622,0,0,0,0,501,569,577,0,0,0,0,937,1048,1045
7206,Montenegro,499,Sweden,752,0,0,0,0,144,151,150,0,0,0,0,55,58,59,0,0,0,0,89,93,91
7207,Montenegro,499,Switzerland,756,0,0,0,0,202,212,211,0,0,0,0,30,33,34,0,0,0,0,172,179,177
7208,Montenegro,499,Turkey,792,0,0,0,0,79,87,86,0,0,0,0,4,4,5,0,0,0,0,75,83,81
7209,Montenegro,499,Ukraine,804,0,0,0,0,135,150,140,0,0,0,0,88,96,92,0,0,0,0,47,54,48
7210,Montenegro,499,NorthMacedonia,807,0,0,0,0,2949,3317,3329,0,0,0,0,1210,1372,1387,0,0,0,0,1739,1945,1942
7211,Montenegro,499,UnitedKingdom,826,0,0,0,0,98,103,102,0,0,0,0,15,17,18,0,0,0,0,83,86,84
7212,Montenegro,499,UnitedStatesofAmerica,840,0,0,0,0,302,317,317,0,0,0,0,64,69,71,0,0,0,0,238,248,246
7213,NorthMacedonia,807,Melanesia,928,0,0,0,0,0,0,0,0,0,0,0,0,0,0,0,0,0,0,0,0,0
7214,NorthMacedonia,807,Micronesia,954,0,0,0,0,0,0,0,0,0,0,0,0,0,0,0,0,0,0,0,0,0
7215,NorthMacedonia,807,Polynesia,957,0,0,0,0,0,0,0,0,0,0,0,0,0,0,0,0,0,0,0,0,0
7216,NorthMacedonia,807,Albania,8,45001,58009,69367,69782,70230,67799,68113,18759,24182,28917,29077,28250,27915,28040,26242,33827,40450,40705,41980,39884,40073
7217,NorthMacedonia,807,BosniaandHerzegovina,70,4365,5989,7614,7828,8043,8713,8750,1820,2497,3175,3266,3357,3623,3639,2545,3492,4439,4562,4686,5090,5111
7218,NorthMacedonia,807,Bulgaria,100,1075,1006,938,964,990,1072,1075,448,419,391,402,413,446,448,627,587,547,562,577,626,627
7219,NorthMacedonia,807,Croatia,191,1437,1335,1253,1288,1323,1433,1438,599,551,522,537,552,596,599,838,784,731,751,771,837,839
7220,NorthMacedonia,807,Czechia,203,54,50,47,48,50,53,52,23,21,20,21,22,23,23,31,29,27,27,28,30,29
7221,NorthMacedonia,807,Germany,276,43,40,38,38,39,42,41,18,17,16,16,16,18,18,25,23,22,22,23,24,23
7222,NorthMacedonia,807,Greece,300,235,220,205,210,216,233,232,98,92,86,88,91,98,98,137,128,119,122,125,135,134
7223,NorthMacedonia,807,Hungary,348,82,77,72,73,75,81,80,34,32,30,31,32,35,35,48,45,42,42,43,46,45
7224,NorthMacedonia,807,Italy,380,39,36,34,34,35,37,36,16,15,14,14,14,15,15,23,21,20,20,21,22,21
7225,NorthMacedonia,807,Montenegro,499,9247,8606,8065,8292,8519,9229,9269,3855,3559,3362,3459,3555,3837,3854,5392,5047,4703,4833,4964,5392,5415
7226,NorthMacedonia,807,Poland,616,101,94,88,90,93,100,99,42,39,37,38,39,42,42,59,55,51,52,54,58,57
7227,NorthMacedonia,807,Romania,642,24,22,21,21,22,23,22,10,9,9,9,10,10,10,14,13,12,12,12,13,12
7228,NorthMacedonia,807,RussianFederation,643,217,203,189,194,199,215,214,90,84,78,80,82,88,88,127,119,111,114,117,127,126
7229,NorthMacedonia,807,Serbia,688,17950,16803,15656,16097,16538,17930,18009,7482,7004,6526,6714,6902,7452,7486,10468,9799,9130,9383,9636,10478,10523
7230,NorthMacedonia,807,Slovakia,703,38,35,33,33,34,36,35,16,15,14,14,14,15,15,22,20,19,19,20,21,20
7231,NorthMacedonia,807,Slovenia,705,258,241,225,231,237,256,255,108,101,94,97,99,107,107,150,140,131,134,138,149,148
7232,NorthMacedonia,807,Turkey,792,11417,13247,18717,19250,19770,19922,20011,4760,5556,7802,8026,9250,8700,8740,6657,7691,10915,11224,10520,11222,11271
7233,NorthMacedonia,807,Ukraine,804,65,61,57,58,60,64,63,27,26,24,25,26,28,28,38,35,33,33,34,36,35
7234,NorthMacedonia,807,Egypt,818,1969,1843,1717,1765,1813,1964,1971,821,769,716,737,757,817,821,1148,1074,1001,1028,1056,1147,1150
7235,Portugal,620,Melanesia,928,0,0,0,0,0,0,0,0,0,0,0,0,0,0,0,0,0,0,0,0,0
7236,Portugal,620,Micronesia,954,0,0,0,0,0,0,0,0,0,0,0,0,0,0,0,0,0,0,0,0,0
7237,Portugal,620,Polynesia,957,0,0,0,0,0,0,0,0,0,0,0,0,0,0,0,0,0,0,0,0,0
7238,Portugal,620,Albania,8,11,24,40,45,44,50,55,7,15,25,26,24,25,28,4,9,15,19,20,25,27
7239,Portugal,620,Algeria,12,55,118,187,212,203,230,261,35,75,118,149,155,172,198,20,43,69,63,48,58,63
7240,Portugal,620,Andorra,20,122,264,417,406,329,372,425,58,126,199,195,159,169,199,64,138,218,211,170,203,226
7241,Portugal,620,Angola,24,141573,154254,173193,169591,137826,156251,179524,66405,72483,81815,79766,64670,69050,82459,75168,81771,91378,89825,73156,87201,97065
7242,Portugal,620,Argentina,32,303,654,1032,1197,1165,1320,1512,139,300,473,561,558,598,710,164,354,559,636,607,722,802
7243,Portugal,620,Armenia,51,16,34,54,77,89,100,112,9,19,30,47,58,63,72,7,15,24,30,31,37,40
7244,Portugal,620,Australia,36,348,751,1185,1224,1061,1202,1377,158,341,539,561,491,523,622,190,410,646,663,570,679,755
7245,Portugal,620,Austria,40,113,245,388,454,445,504,576,53,115,182,218,217,234,278,60,130,206,236,228,270,298
7246,Portugal,620,Azerbaijan,31,2,5,10,37,58,65,73,1,3,5,22,35,37,43,1,2,5,15,23,28,30
7247,Portugal,620,Bangladesh,50,76,165,261,849,1297,1470,1684,72,155,244,658,963,1073,1244,4,10,17,191,334,397,440
7248,Portugal,620,Belarus,112,38,82,131,526,834,946,1084,24,51,81,269,412,443,527,14,31,50,257,422,503,557
7249,Portugal,620,Belgium,56,1464,2120,2862,3205,3017,3421,3924,657,984,1354,1549,1491,1602,1904,807,1136,1508,1656,1526,1819,2020
7250,Portugal,620,Benin,204,7,15,25,29,29,33,36,6,13,21,27,29,32,35,1,2,4,2,0,1,1
7251,Portugal,620,BoliviaPlurinationalStateof,68,15,32,51,130,188,213,242,8,17,26,34,36,31,40,7,15,25,96,152,182,202
7252,Portugal,620,BosniaandHerzegovina,70,13,27,44,44,37,42,46,7,13,21,16,8,7,8,6,14,23,28,29,35,38
7253,Portugal,620,Brazil,76,23722,35931,49599,91614,118415,134245,154017,10256,16918,24339,41207,51344,54298,65118,13466,19013,25260,50407,67071,79947,88899
7254,Portugal,620,Bulgaria,100,183,395,624,2831,4568,5179,5940,122,262,413,1517,2372,2562,3031,61,133,211,1314,2196,2617,2909
7255,Portugal,620,CaboVerde,132,30179,36695,44701,53008,52513,59532,68299,15865,18895,22760,26065,25102,26858,31967,14314,17800,21941,26943,27411,32674,36332
7256,Portugal,620,Cameroon,120,16,35,57,66,65,73,82,9,20,32,42,45,48,55,7,15,25,24,20,25,27
7257,Portugal,620,Canada,124,4262,5657,7283,7470,6417,7275,8344,2048,2692,3458,3550,3060,3275,3898,2214,2965,3825,3920,3357,4000,4446
7258,Portugal,620,Chile,152,55,119,188,196,172,194,221,27,58,91,94,82,88,104,28,61,97,102,90,106,117
7259,Portugal,620,China,156,673,1452,2291,6280,9227,10461,12000,349,752,1188,3289,4851,5246,6202,324,700,1103,2991,4376,5215,5798
7260,Portugal,620,China,156,344,27,57,91,112,116,132,149,11,23,36,45,47,51,60,16,34,55,67,69,81
7261,Portugal,620,China,156,446,842,1816,2865,2521,1760,1995,2285,378,813,1286,1132,793,843,1005,464,1003,1579,1389,967,1152
7262,Portugal,620,Colombia,170,107,229,362,507,568,644,736,34,72,115,171,199,205,249,73,157,247,336,369,439,487
7263,Portugal,620,Congo,178,532,1148,1812,1216,419,474,542,252,541,855,497,58,44,65,280,607,957,719,361,430,477
7264,Portugal,620,CotedIvoire,384,27,57,91,111,114,130,147,21,43,68,84,86,96,110,6,14,23,27,28,34,37
7265,Portugal,620,Croatia,191,27,58,92,89,72,81,91,17,37,58,49,31,31,37,10,21,34,40,41,50,54
7266,Portugal,620,Cuba,192,116,250,396,996,1431,1621,1858,51,109,173,277,336,317,409,65,141,223,719,1095,1304,1449
7267,Portugal,620,Cyprus,196,5,11,19,24,26,29,31,3,6,9,12,14,15,16,2,5,10,12,12,14,15
7268,Portugal,620,Czechia,203,37,81,129,189,218,247,282,15,33,53,68,72,72,88,22,48,76,121,146,175,194
7269,Portugal,620,DemPeoplesRepublicofKorea,408,1,2,5,38,65,73,82,1,1,2,16,27,28,33,0,1,3,22,38,45,49
7270,Portugal,620,DemocraticRepublicoftheCongo,180,472,1018,1607,1750,1603,1816,2080,229,493,779,1009,1072,1183,1378,243,525,828,741,531,633,702
7271,Portugal,620,Denmark,208,276,315,368,390,349,395,451,138,156,181,197,182,195,230,138,159,187,193,167,200,221
7272,Portugal,620,DominicanRepublic,214,10,22,36,51,59,66,153,3,6,10,17,22,22,51,7,16,26,34,37,44,102
7273,Portugal,620,Ecuador,218,65,140,222,335,394,447,511,32,70,111,166,194,210,248,33,70,111,169,200,237,263
7274,Portugal,620,Egypt,818,30,64,101,256,370,420,480,17,36,55,205,322,362,417,13,28,46,51,48,58,63
7275,Portugal,620,ElSalvador,222,6,14,23,53,76,85,96,3,7,11,10,8,5,8,3,7,12,43,68,80,88
7276,Portugal,620,EquatorialGuinea,226,16,34,55,135,194,221,251,5,11,18,19,17,10,17,11,23,37,116,177,211,234
7277,Portugal,620,Estonia,233,66,141,223,182,112,128,145,29,61,97,70,32,34,41,37,80,126,112,80,94,104
7278,Portugal,620,Eswatini,748,48,103,164,368,511,578,660,21,46,74,206,303,332,388,27,57,90,162,208,246,272
7279,Portugal,620,Ethiopia,231,3,7,12,21,27,30,32,1,2,2,11,18,19,20,2,5,10,10,9,11,12
7280,Portugal,620,Finland,246,91,196,310,329,295,334,381,38,82,129,134,118,123,147,53,114,181,195,177,211,234
7281,Portugal,620,France,250,58434,75053,94718,95316,80086,90792,104164,28258,35425,44182,44553,37638,40194,47901,30176,39628,50536,50763,42448,50598,56263
7282,Portugal,620,Gabon,266,21,45,71,310,499,566,647,10,21,33,282,485,549,629,11,24,38,28,14,17,18
7283,Portugal,620,Gambia,270,7,15,24,68,101,114,128,7,15,23,59,84,94,107,0,0,1,9,17,20,21
7284,Portugal,620,Georgia,268,40,88,140,590,943,1070,1226,36,79,124,454,709,792,918,4,9,16,136,234,278,308
7285,Portugal,620,Germany,276,16069,19705,24141,26104,23733,26905,30866,7873,9622,11799,12820,11742,12612,14973,8196,10083,12342,13284,11991,14293,15893
7286,Portugal,620,Ghana,288,15,33,53,121,170,192,218,12,26,41,91,127,140,161,3,7,12,30,43,52,57
7287,Portugal,620,Greece,300,42,81,124,157,165,186,212,14,38,63,83,89,97,114,28,43,61,74,76,89,98
7288,Portugal,620,Guatemala,320,7,15,25,28,27,30,32,2,4,7,11,13,13,14,5,11,18,17,14,17,18
7289,Portugal,620,Guinea,324,86,186,295,2325,3970,4500,5160,71,153,241,1289,2126,2303,2718,15,33,54,1036,1844,2197,2442
7290,Portugal,620,GuineaBissau,624,6588,13671,21309,25289,25070,28422,32607,3759,8076,12741,14706,14253,15528,18270,2829,5595,8568,10583,10817,12894,14337
7291,Portugal,620,Hungary,348,63,136,215,309,352,398,454,22,47,74,105,118,120,146,41,89,141,204,234,278,308
7292,Portugal,620,Iceland,352,9,20,33,31,25,28,30,5,10,16,15,12,12,13,4,10,17,16,13,16,17
7293,Portugal,620,India,356,1939,4184,6600,7355,6889,7809,8957,1041,2243,3543,4110,4002,4367,5131,898,1941,3057,3245,2887,3442,3826
7294,Portugal,620,Indonesia,360,28,59,94,170,218,247,282,15,31,49,54,50,46,60,13,28,45,116,168,201,222
7295,Portugal,620,IranIslamicRepublicof,364,52,113,179,195,180,203,740,29,63,100,108,99,108,421,23,50,79,87,81,95,319
7296,Portugal,620,Iraq,368,16,34,54,49,37,42,257,10,21,32,31,26,29,148,6,13,22,18,11,13,109
7297,Portugal,620,Ireland,372,199,356,529,1039,1377,1561,1789,70,154,245,508,687,738,875,129,202,284,531,690,823,914
7298,Portugal,620,Israel,376,28,60,96,215,299,339,387,17,36,57,178,270,304,349,11,24,39,37,29,35,38
7299,Portugal,620,Italy,380,985,1436,1946,2372,2405,2726,3125,529,816,1138,1390,1414,1546,1813,456,620,808,982,991,1180,1312
7300,Portugal,620,Jamaica,388,7,16,26,26,23,26,28,4,8,12,14,14,15,16,3,8,14,12,9,11,12
7301,Portugal,620,Japan,392,81,175,278,300,273,309,352,38,81,128,132,115,121,144,43,94,150,168,158,188,208
7302,Portugal,620,Jordan,400,3,6,11,19,25,28,213,3,6,10,14,16,17,128,0,0,1,5,9,11,85
7303,Portugal,620,Kazakhstan,398,27,58,92,469,769,872,998,18,39,61,258,412,447,526,9,19,31,211,357,425,472
7304,Portugal,620,Kenya,404,43,94,150,130,90,101,113,18,40,63,59,46,48,55,25,54,87,71,44,53,58
7305,Portugal,620,Latvia,428,20,44,70,137,182,206,234,14,30,47,51,47,45,57,6,14,23,86,135,161,177
7306,Portugal,620,Lebanon,422,17,36,58,67,65,73,246,10,20,32,40,40,43,151,7,16,26,27,25,30,95
7307,Portugal,620,Liberia,430,8,18,30,29,25,28,30,7,16,25,27,25,27,29,1,2,5,2,0,1,1
7308,Portugal,620,Libya,434,2,5,10,19,25,28,106,2,5,8,16,21,23,60,0,0,2,3,4,5,46
7309,Portugal,620,Liechtenstein,438,1,2,4,99,179,202,230,1,2,3,99,179,201,229,0,0,1,0,0,1,1
7310,Portugal,620,Lithuania,440,38,82,131,247,322,364,416,30,64,101,119,117,121,147,8,18,30,128,205,243,269
7311,Portugal,620,Luxembourg,442,1485,2341,3293,3683,3463,3926,4502,754,1161,1620,1820,1723,1853,2198,731,1180,1673,1863,1740,2073,2304
7312,Portugal,620,Madagascar,450,10,22,35,31,23,26,28,7,15,22,19,14,15,16,3,7,13,12,9,11,12
7313,Portugal,620,Malawi,454,55,119,189,322,403,457,521,21,46,73,125,158,166,199,34,73,116,197,245,291,322
7314,Portugal,620,Malaysia,458,10,23,37,43,43,49,54,4,9,14,17,18,19,22,6,14,23,26,25,30,32
7315,Portugal,620,Mali,466,12,26,43,77,100,113,127,11,23,37,70,93,104,118,1,3,6,7,7,9,9
7316,Portugal,620,Malta,470,6,13,22,32,38,43,47,4,9,14,16,15,15,17,2,4,8,16,23,28,30
7317,Portugal,620,Mauritania,478,8,18,30,35,35,40,44,7,15,24,29,29,32,36,1,3,6,6,6,8,8
7318,Portugal,620,Mexico,484,62,134,212,243,234,264,301,23,49,76,100,107,112,133,39,85,136,143,127,152,168
7319,Portugal,620,Montenegro,499,0,51,105,94,69,77,87,0,46,93,54,7,2,4,0,5,12,40,62,75,83
7320,Portugal,620,Morocco,504,395,853,1346,1680,1736,1968,2256,243,526,830,1093,1176,1301,1516,152,327,516,587,560,667,740
7321,Portugal,620,Mozambique,508,74609,73598,75573,74985,61946,70228,80570,35707,34900,35656,35425,29400,31434,37434,38902,38698,39917,39560,32546,38794,43136
7322,Portugal,620,Nepal,524,9,20,32,272,468,530,6637,8,17,26,195,332,368,4462,1,3,6,77,136,162,2175
7323,Portugal,620,Netherlands,528,1823,2476,3231,3666,3493,3960,4542,884,1217,1605,1861,1812,1956,2315,939,1259,1626,1805,1681,2004,2227
7324,Portugal,620,NewZealand,554,13,29,47,46,39,44,48,6,13,20,19,16,16,18,7,16,27,27,23,28,30
7325,Portugal,620,Nigeria,566,42,91,145,207,235,265,302,29,63,99,138,154,170,197,13,28,46,69,81,95,105
7326,Portugal,620,NorthMacedonia,807,3,6,11,137,241,272,310,2,3,5,69,122,131,155,1,3,6,68,119,141,155
7327,Portugal,620,Norway,578,82,177,281,312,292,331,378,43,92,145,158,145,155,183,39,85,136,154,147,176,195
7328,Portugal,620,Pakistan,586,250,540,852,1395,1708,1935,2217,223,482,760,1036,1142,1261,1469,27,58,92,359,566,674,748
7329,Portugal,620,Panama,591,35,75,119,81,30,35,38,16,34,53,36,13,15,17,19,41,66,45,17,20,21
7330,Portugal,620,Paraguay,600,6,14,23,38,48,53,58,3,6,9,15,19,18,20,3,8,14,23,29,35,38
7331,Portugal,620,Peru,604,59,127,202,247,252,285,324,22,47,75,98,106,110,130,37,80,127,149,146,175,194
7332,Portugal,620,Philippines,608,74,160,253,366,419,474,542,13,28,44,71,86,78,103,61,132,209,295,333,396,439
7333,Portugal,620,Poland,616,104,224,355,661,859,974,1116,50,106,168,226,248,246,308,54,118,187,435,611,728,808
7334,Portugal,620,RepublicofKorea,410,21,46,73,101,113,129,146,9,19,29,43,50,54,63,12,27,44,58,63,75,83
7335,Portugal,620,RepublicofMoldova,498,887,1915,3022,11135,17400,19726,22630,732,1580,2494,6952,10265,11222,13175,155,335,528,4183,7135,8504,9455
7336,Portugal,620,Romania,642,818,1766,2787,12468,20079,22763,26113,598,1289,2035,6818,10481,11323,13393,220,477,752,5650,9598,11440,12720
7337,Portugal,620,RussianFederation,643,680,1468,2317,3993,5006,5674,6508,404,872,1378,1863,2042,2142,2581,276,596,939,2130,2964,3532,3927
7338,Portugal,620,SaoTomeandPrincipe,678,5581,8820,12417,15388,15804,17915,20552,2627,4084,5724,7018,7165,7619,9104,2954,4736,6693,8370,8639,10296,11448
7339,Portugal,620,Senegal,686,183,396,627,1341,1833,2078,2383,135,292,462,1048,1461,1636,1893,48,104,165,293,372,442,490
7340,Portugal,620,Serbia,688,46,99,158,111,46,51,200,41,88,139,89,23,23,81,5,11,19,22,23,28,119
7341,Portugal,620,SierraLeone,694,12,26,43,49,48,53,58,12,25,39,43,41,44,49,0,1,4,6,7,9,9
7342,Portugal,620,Singapore,702,7,15,25,27,25,28,30,3,6,9,11,11,11,12,4,9,16,16,14,17,18
7343,Portugal,620,Slovakia,703,8,18,29,60,82,92,103,4,8,12,17,20,17,20,4,10,17,43,62,75,83
7344,Portugal,620,Slovenia,705,8,18,30,43,50,55,61,4,8,13,17,19,18,21,4,10,17,26,31,37,40
7345,Portugal,620,SouthAfrica,710,6464,8622,11131,11373,9728,11028,12651,3138,4126,5298,5409,4635,4958,5903,3326,4496,5833,5964,5093,6070,6748
7346,Portugal,620,Spain,724,11027,12207,13884,15191,13976,15843,18175,4327,4834,5566,6369,6133,6495,7781,6700,7373,8318,8822,7843,9348,10394
7347,Portugal,620,SriLanka,144,3,7,12,19,23,26,86,2,5,7,12,14,15,58,1,2,5,7,9,11,28
7348,Portugal,620,Sweden,752,216,466,736,787,709,803,920,98,211,333,358,325,345,412,118,255,403,429,384,458,508
7349,Portugal,620,Switzerland,756,3766,8128,12821,14775,14276,16183,18566,1902,4097,6473,7488,7276,7840,9290,1864,4031,6348,7287,7000,8343,9276
7350,Portugal,620,SyrianArabRepublic,760,10,21,34,31,23,26,531,6,12,19,18,14,15,299,4,9,15,13,9,11,232
7351,Portugal,620,Thailand,764,18,39,63,165,241,272,1676,4,9,14,74,122,131,1177,14,30,49,91,119,141,499
7352,Portugal,620,TimorLeste,626,654,1411,2227,2040,1516,1717,1969,315,678,1072,966,702,747,892,339,733,1155,1074,814,970,1077
7353,Portugal,620,Togo,768,8,18,29,51,66,74,83,7,15,23,38,47,52,59,1,3,6,13,19,22,24
7354,Portugal,620,Tunisia,788,15,32,52,94,121,137,155,10,21,33,70,96,107,123,5,11,19,24,25,30,32
7355,Portugal,620,Turkey,792,31,66,105,200,262,296,789,22,46,73,127,159,175,404,9,20,32,73,103,121,385
7356,Portugal,620,Uganda,800,17,36,58,44,24,27,29,7,14,23,18,10,10,11,10,22,35,26,14,17,18
7357,Portugal,620,Ukraine,804,3196,6899,10882,28315,41047,46533,53384,2594,5597,8831,17856,23939,26141,30762,602,1302,2051,10459,17108,20392,22622
7358,Portugal,620,UnitedKingdom,826,6866,8269,10009,14299,16215,18383,21089,3302,4048,4974,7202,8249,8888,10532,3564,4221,5035,7097,7966,9495,10557
7359,Portugal,620,UnitedRepublicofTanzania,834,48,104,165,123,61,68,77,17,38,61,51,32,33,39,31,66,104,72,29,35,38
7360,Portugal,620,UnitedStatesofAmerica,840,5467,6236,7258,7303,6137,6957,7980,2608,3017,3559,3572,3001,3219,3825,2859,3219,3699,3731,3136,3738,4155
7361,Portugal,620,Uruguay,858,39,84,134,181,198,225,256,20,43,68,112,137,153,176,19,41,66,69,61,72,80
7362,Portugal,620,Uzbekistan,860,5,11,18,432,776,879,1006,5,11,16,303,541,600,697,0,0,2,129,235,279,309
7363,Portugal,620,VenezuelaBolivarianRepublicof,862,14959,18220,22222,23744,21323,24174,27732,7204,8679,10544,11235,10087,10780,12840,7755,9541,11678,12509,11236,13394,14892
7364,Portugal,620,VietNam,704,5,12,20,37,48,53,58,3,6,9,19,25,25,28,2,6,11,18,23,28,30
7365,Portugal,620,Zimbabwe,716,395,852,1344,1283,1010,1145,1312,177,380,600,823,911,1028,1183,218,472,744,460,99,117,129
7366,SanMarino,674,Melanesia,928,0,0,0,0,0,0,0,0,0,0,0,0,0,0,0,0,0,0,0,0,0
7367,SanMarino,674,Micronesia,954,0,0,0,0,0,0,0,0,0,0,0,0,0,0,0,0,0,0,0,0,0
7368,SanMarino,674,Polynesia,957,0,0,0,0,0,0,0,0,0,0,0,0,0,0,0,0,0,0,0,0,0
7369,SanMarino,674,Italy,380,2986,3273,3540,3714,4288,4460,4749,1595,1805,2025,2147,2577,2663,2784,1391,1468,1515,1567,1711,1797,1965
7370,SanMarino,674,Albania,8,27,28,31,30,30,37,39,6,5,5,7,7,8,7,21,23,26,23,23,29,32
7371,SanMarino,674,Poland,616,18,19,22,23,25,31,32,2,2,2,3,3,3,2,16,17,20,20,22,28,30
7372,SanMarino,674,Romania,642,43,71,100,104,109,135,145,14,16,18,20,20,20,18,29,55,82,84,89,115,127
7373,SanMarino,674,Ukraine,804,4,25,48,50,53,65,68,3,2,1,2,3,0,11,1,23,47,48,50,65,57
7374,SanMarino,674,RussianFederation,643,7,16,26,27,29,36,38,4,3,1,2,2,1,0,3,13,25,25,27,35,38
7375,SanMarino,674,France,250,32,28,25,24,24,29,30,13,12,10,10,9,10,9,19,16,15,14,15,19,21
7376,SanMarino,674,Argentina,32,68,74,81,74,69,85,90,37,40,43,40,36,43,44,31,34,38,34,33,42,46
7377,SanMarino,674,Brazil,76,18,20,23,23,24,29,30,0,1,1,2,3,2,1,18,19,22,21,21,27,29
7378,Serbia,688,Melanesia,928,0,0,0,0,0,0,0,0,0,0,0,0,0,0,0,0,0,0,0,0,0
7379,Serbia,688,Micronesia,954,0,0,0,0,0,0,0,0,0,0,0,0,0,0,0,0,0,0,0,0,0
7380,Serbia,688,Polynesia,957,0,0,0,0,0,0,0,0,0,0,0,0,0,0,0,0,0,0,0,0,0
7381,Serbia,688,Albania,8,57,364,495,489,478,467,475,13,77,96,91,88,85,88,44,287,399,398,390,382,387
7382,Serbia,688,Algeria,12,6,41,56,56,55,53,52,4,26,35,35,34,33,33,2,15,21,21,21,20,19
7383,Serbia,688,Argentina,32,5,38,52,52,51,49,48,2,13,17,17,16,15,15,3,25,35,35,35,34,33
7384,Serbia,688,Australia,36,82,525,715,706,691,675,686,46,289,387,378,370,361,368,36,236,328,328,321,314,318
7385,Serbia,688,Austria,40,860,5461,7425,7325,7160,6998,7132,441,2743,3652,3561,3477,3389,3458,419,2718,3773,3764,3683,3609,3674
7386,Serbia,688,Armenia,51,19,122,167,165,162,158,159,5,28,36,34,33,32,33,14,94,131,131,129,126,126
7387,Serbia,688,Belgium,56,13,108,184,228,223,217,220,8,63,105,129,126,122,125,5,45,79,99,97,95,95
7388,Serbia,688,BosniaandHerzegovina,70,42141,266909,380524,351671,343743,335992,342526,19925,122940,178164,157221,151536,147578,150616,22216,143969,202360,194450,192207,188414,191910
7389,Serbia,688,Brazil,76,5,42,72,89,87,85,85,2,17,28,33,32,32,33,3,25,44,56,55,53,52
7390,Serbia,688,Bulgaria,100,139,884,1203,1187,1161,1134,1155,43,256,331,317,309,299,307,96,628,872,870,852,835,848
7391,Serbia,688,Belarus,112,16,104,142,141,138,134,135,3,16,19,18,17,16,17,13,88,123,123,121,118,118
7392,Serbia,688,Canada,124,1,19,259,641,627,612,622,1,11,139,340,332,323,329,0,8,120,301,295,289,293
7393,Serbia,688,China,156,216,1375,1870,1845,1804,1763,1796,123,767,1026,1003,980,956,976,93,608,844,842,824,807,820
7394,Serbia,688,Croatia,191,35548,255683,325449,296465,289781,283247,288708,17021,124788,149363,134900,130669,127291,129913,18527,130895,176086,161565,159112,155956,158795
7395,Serbia,688,Cuba,192,3,22,30,30,30,29,28,2,12,15,15,15,15,15,1,10,15,15,15,14,13
7396,Serbia,688,Cyprus,196,21,134,183,181,177,173,174,12,75,100,98,95,93,94,9,59,83,83,82,80,80
7397,Serbia,688,Czechia,203,63,400,545,538,526,514,523,22,129,168,161,157,153,157,41,271,377,377,369,361,366
7398,Serbia,688,Denmark,208,11,91,155,192,188,183,184,6,47,77,94,92,89,90,5,44,78,98,96,94,94
7399,Serbia,688,Finland,246,3,25,35,35,35,34,33,1,11,15,15,15,15,15,2,14,20,20,20,19,18
7400,Serbia,688,France,250,10,168,2287,5640,5513,5388,5490,5,83,1104,2690,2627,2560,2612,5,85,1183,2950,2886,2828,2878
7401,Serbia,688,Georgia,268,5,37,51,51,50,48,47,2,12,15,15,14,13,13,3,25,36,36,36,35,34
7402,Serbia,688,StateofPalestine,275,9,58,80,79,78,76,76,9,55,75,74,73,72,73,0,3,5,5,5,4,3
7403,Serbia,688,Germany,276,31,502,6826,16834,16455,16083,16392,17,260,3454,8524,8197,8019,8182,14,242,3372,8310,8258,8064,8210
7404,Serbia,688,Ghana,288,3,22,30,30,30,29,28,2,15,19,19,19,19,19,1,7,11,11,11,10,9
7405,Serbia,688,Greece,300,112,713,970,957,936,914,930,59,364,485,473,462,450,458,53,349,485,484,474,464,472
7406,Serbia,688,Hungary,348,221,1404,1909,1884,1842,1800,1833,80,490,639,617,599,585,597,141,914,1270,1267,1243,1215,1236
7407,Serbia,688,India,356,36,229,312,308,302,295,299,17,101,134,130,127,124,127,19,128,178,178,175,171,172
7408,Serbia,688,Indonesia,360,3,24,33,33,33,32,31,2,15,20,20,20,20,20,1,9,13,13,13,12,11
7409,Serbia,688,IranIslamicRepublicof,364,7,50,68,68,67,65,65,7,45,61,61,60,59,60,0,5,7,7,7,6,5
7410,Serbia,688,Iraq,368,21,137,187,185,181,176,177,14,91,123,121,118,115,117,7,46,64,64,63,61,60
7411,Serbia,688,Ireland,372,6,40,55,55,54,52,51,4,22,29,29,28,27,27,2,18,26,26,26,25,24
7412,Serbia,688,Israel,376,13,84,115,114,112,109,109,7,44,59,58,57,56,57,6,40,56,56,55,53,52
7413,Serbia,688,Italy,380,51,540,1224,2013,1968,1923,1958,16,211,570,1080,1055,1029,1049,35,329,654,933,913,894,909
7414,Serbia,688,Japan,392,4,29,40,40,40,39,38,2,13,17,17,17,17,17,2,16,23,23,23,22,21
7415,Serbia,688,Kazakhstan,398,11,75,103,102,100,97,97,2,16,21,20,19,18,18,9,59,82,82,81,79,79
7416,Serbia,688,Jordan,400,12,77,105,104,102,99,99,10,61,82,81,79,77,78,2,16,23,23,23,22,21
7417,Serbia,688,RepublicofKorea,410,2,19,27,27,27,26,25,2,15,21,21,21,21,21,0,4,6,6,6,5,4
7418,Serbia,688,Kuwait,414,8,51,70,70,69,67,67,5,31,42,42,41,40,41,3,20,28,28,28,27,26
7419,Serbia,688,Lebanon,422,5,35,48,48,47,45,44,3,20,27,27,26,25,25,2,15,21,21,21,20,19
7420,Serbia,688,Libya,434,45,291,396,391,383,374,379,27,172,230,225,220,215,219,18,119,166,166,163,159,160
7421,Serbia,688,Lithuania,440,3,21,29,29,29,28,27,1,6,7,7,7,7,7,2,15,22,22,22,21,20
7422,Serbia,688,Luxembourg,442,11,70,96,95,93,90,90,7,44,59,58,56,54,55,4,26,37,37,37,36,35
7423,Serbia,688,Malta,470,6,41,56,56,55,53,52,4,22,29,29,28,27,27,2,19,27,27,27,26,25
7424,Serbia,688,Mexico,484,2,19,27,27,27,26,25,1,8,11,11,11,11,11,1,11,16,16,16,15,14
7425,Serbia,688,RepublicofMoldova,498,28,179,244,241,236,230,233,5,29,35,32,31,30,31,23,150,209,209,205,200,202
7426,Serbia,688,Montenegro,499,9511,60383,88070,74564,72867,71224,72596,4518,27415,36182,33040,32146,31311,31975,4993,32968,51888,41524,40721,39913,40621
7427,Serbia,688,Morocco,504,3,25,34,34,34,33,32,1,10,12,12,12,12,12,2,15,22,22,22,21,20
7428,Serbia,688,Netherlands,528,92,586,797,787,770,752,764,51,316,421,411,402,392,399,41,270,376,376,368,360,365
7429,Serbia,688,NewZealand,554,2,18,25,25,25,24,23,1,11,14,14,14,14,14,1,7,11,11,11,10,9
7430,Serbia,688,Norway,578,1,17,58,145,142,138,139,1,10,32,80,78,76,78,0,7,26,65,64,62,61
7431,Serbia,688,Peru,604,5,38,52,52,51,49,48,2,15,19,19,18,17,17,3,23,33,33,33,32,31
7432,Serbia,688,Philippines,608,5,33,46,46,45,43,42,1,5,7,7,6,5,5,4,28,39,39,39,38,37
7433,Serbia,688,Poland,616,81,517,704,695,680,664,675,14,78,94,86,84,80,82,67,439,610,609,596,584,593
7434,Serbia,688,Portugal,620,4,29,40,40,40,39,38,3,18,24,24,24,24,24,1,11,16,16,16,15,14
7435,Serbia,688,Romania,642,443,2815,3828,3776,3691,3607,3675,87,504,619,575,559,538,551,356,2311,3209,3201,3132,3069,3124
7436,Serbia,688,RussianFederation,643,361,2297,3123,3081,3012,2944,2999,109,669,849,812,792,769,786,252,1628,2274,2269,2220,2175,2213
7437,Serbia,688,Slovakia,703,58,371,505,499,488,476,484,18,109,141,135,131,127,130,40,262,364,364,357,349,354
7438,Serbia,688,Slovenia,705,1343,8530,11597,11448,11183,10930,11139,625,3871,5129,5096,4871,4744,4841,718,4659,6468,6352,6312,6186,6298
7439,Serbia,688,SouthAfrica,710,3,39,90,148,145,141,142,1,11,34,68,66,64,65,2,28,56,80,79,77,77
7440,Serbia,688,Zimbabwe,716,3,21,29,29,29,28,27,2,9,12,12,12,12,12,1,12,17,17,17,16,15
7441,Serbia,688,Spain,724,19,122,167,165,162,158,159,11,69,93,91,89,87,88,8,53,74,74,73,71,71
7442,Serbia,688,Sweden,752,146,929,1264,1247,1219,1191,1212,77,481,642,626,611,596,608,69,448,622,621,608,595,604
7443,Serbia,688,Switzerland,756,350,2228,3030,2989,2922,2856,2910,189,1182,1578,1540,1504,1467,1498,161,1046,1452,1449,1418,1389,1412
7444,Serbia,688,SyrianArabRepublic,760,14,94,129,128,126,123,123,12,76,104,103,101,99,100,2,18,25,25,25,24,23
7445,Serbia,688,UnitedArabEmirates,784,2,18,25,25,25,24,23,1,9,12,12,12,12,12,1,9,13,13,13,12,11
7446,Serbia,688,Tunisia,788,4,30,41,41,41,40,39,3,23,30,30,30,30,30,1,7,11,11,11,10,9
7447,Serbia,688,Turkey,792,47,302,411,406,397,388,394,33,207,278,273,266,260,266,14,95,133,133,131,128,128
7448,Serbia,688,Turkmenistan,795,3,22,30,30,30,29,28,1,5,6,6,6,6,6,2,17,24,24,24,23,22
7449,Serbia,688,Ukraine,804,156,994,1352,1334,1304,1274,1297,29,170,208,192,186,179,183,127,824,1144,1142,1118,1095,1114
7450,Serbia,688,NorthMacedonia,807,6395,40287,52051,48899,47797,46737,47637,2752,16683,20737,20248,18789,18274,18690,3643,23604,31314,28651,29008,28463,28947
7451,Serbia,688,Egypt,818,9,59,81,80,79,77,77,7,40,54,53,52,51,52,2,19,27,27,27,26,25
7452,Serbia,688,UnitedKingdom,826,79,504,686,677,662,647,658,44,274,366,357,348,340,347,35,230,320,320,314,307,311
7453,Serbia,688,UnitedStatesofAmerica,840,157,1003,1364,1346,1316,1286,1309,82,514,685,668,652,636,649,75,489,679,678,664,650,660
7454,Serbia,688,Uzbekistan,860,9,61,84,83,82,80,80,1,6,7,6,6,6,6,8,55,77,77,76,74,74
7455,Serbia,688,VenezuelaBolivarianRepublicof,862,4,27,38,38,38,37,36,2,14,19,19,19,19,19,2,13,19,19,19,18,17
7456,Serbia,688,Zambia,894,6,44,60,60,59,57,56,3,21,28,28,27,26,26,3,23,32,32,32,31,30
7457,Slovenia,705,Melanesia,928,0,0,0,0,3,4,2,0,0,0,0,1,1,1,0,0,0,0,2,3,1
7458,Slovenia,705,Micronesia,954,0,0,0,0,0,0,0,0,0,0,0,0,0,0,0,0,0,0,0,0,0
7459,Slovenia,705,Polynesia,957,0,0,0,0,1,1,0,0,0,0,0,1,0,0,0,0,0,0,0,1,0
7460,Slovenia,705,Afghanistan,4,1,2,0,0,5,25,36,1,2,0,0,5,25,36,0,0,0,0,0,0,0
7461,Slovenia,705,Albania,8,15,51,76,49,96,148,146,10,34,45,19,48,79,47,5,17,31,30,48,69,99
7462,Slovenia,705,Algeria,12,4,8,25,27,35,28,40,2,5,18,21,26,22,30,2,3,7,6,9,6,10
7463,Slovenia,705,Angola,24,0,0,0,2,3,2,2,0,0,0,0,2,1,0,0,0,0,2,1,1,2
7464,Slovenia,705,Argentina,32,92,129,163,328,414,417,435,52,66,83,171,216,212,228,40,63,80,157,198,205,207
7465,Slovenia,705,Armenia,51,0,0,0,0,7,13,17,0,0,0,0,3,4,7,0,0,0,0,4,9,10
7466,Slovenia,705,Aruba,533,0,0,0,0,0,6,0,0,0,0,0,0,4,0,0,0,0,0,0,2,0
7467,Slovenia,705,Australia,36,226,220,303,335,393,363,372,103,105,150,162,202,201,206,123,115,153,173,191,162,166
7468,Slovenia,705,Austria,40,4461,3564,5745,5190,5475,2820,2814,1828,1498,2510,2332,2580,1358,1431,2633,2066,3235,2858,2895,1462,1383
7469,Slovenia,705,Azerbaijan,31,0,0,0,1,4,10,40,0,0,0,1,3,7,21,0,0,0,0,1,3,19
7470,Slovenia,705,Bahamas,44,0,0,0,0,1,0,0,0,0,0,0,1,0,0,0,0,0,0,0,0,0
7471,Slovenia,705,Bangladesh,50,0,0,3,0,3,3,20,0,0,2,0,2,3,19,0,0,1,0,1,0,1
7472,Slovenia,705,Barbados,52,0,0,0,0,1,1,1,0,0,0,0,0,0,0,0,0,0,0,1,1,1
7473,Slovenia,705,Belarus,112,16,34,31,72,104,143,213,8,13,10,28,29,40,76,8,21,21,44,75,103,137
7474,Slovenia,705,Belgium,56,250,239,317,314,367,310,331,116,116,151,151,172,157,179,134,123,166,163,195,153,152
7475,Slovenia,705,Belize,84,0,0,0,0,1,2,1,0,0,0,0,1,2,0,0,0,0,0,0,0,1
7476,Slovenia,705,Benin,204,0,0,0,0,0,2,0,0,0,0,0,0,1,0,0,0,0,0,0,1,0
7477,Slovenia,705,Bermuda,60,0,0,0,0,0,1,0,0,0,0,0,0,1,0,0,0,0,0,0,0,0
7478,Slovenia,705,BoliviaPlurinationalStateof,68,0,0,0,0,16,11,13,0,0,0,0,8,4,4,0,0,0,0,8,7,9
7479,Slovenia,705,BosniaandHerzegovina,70,68549,68327,77361,79262,102915,100880,122235,35036,36538,42772,45418,64154,61384,77056,33513,31789,34589,33844,38761,39496,45179
7480,Slovenia,705,Botswana,72,0,0,0,0,1,2,1,0,0,0,0,1,2,1,0,0,0,0,0,0,0
7481,Slovenia,705,Brazil,76,7,14,20,33,79,114,199,4,4,7,11,21,37,71,3,10,13,22,58,77,128
7482,Slovenia,705,Bulgaria,100,65,75,183,130,475,1179,1398,34,39,135,68,287,722,861,31,36,48,62,188,457,537
7483,Slovenia,705,BurkinaFaso,854,0,0,1,0,4,4,5,0,0,1,0,4,4,5,0,0,0,0,0,0,0
7484,Slovenia,705,Burundi,108,0,0,0,0,3,3,3,0,0,0,0,3,3,2,0,0,0,0,0,0,1
7485,Slovenia,705,CaboVerde,132,0,0,0,0,1,4,3,0,0,0,0,1,3,2,0,0,0,0,0,1,1
7486,Slovenia,705,Cambodia,116,0,0,0,0,2,6,3,0,0,0,0,0,1,0,0,0,0,0,2,5,3
7487,Slovenia,705,Cameroon,120,0,0,3,1,7,17,21,0,0,2,1,7,16,18,0,0,1,0,0,1,3
7488,Slovenia,705,Canada,124,274,246,345,379,392,389,390,125,113,158,182,188,203,210,149,133,187,197,204,186,180
7489,Slovenia,705,CentralAfricanRepublic,140,12,25,0,0,3,34,1,6,14,0,0,1,19,0,6,11,0,0,2,15,1
7490,Slovenia,705,Chad,148,0,0,0,1,0,1,0,0,0,0,1,0,1,0,0,0,0,0,0,0,0
7491,Slovenia,705,Chile,152,7,14,16,17,28,28,38,4,7,6,8,16,17,24,3,7,10,9,12,11,14
7492,Slovenia,705,China,156,61,132,201,323,732,863,1113,31,76,122,177,420,469,594,30,56,79,146,312,394,519
7493,Slovenia,705,Colombia,170,2,4,4,12,30,41,68,1,3,2,5,10,12,23,1,1,2,7,20,29,45
7494,Slovenia,705,Comoros,174,0,0,0,0,1,0,0,0,0,0,0,1,0,0,0,0,0,0,0,0,0
7495,Slovenia,705,Congo,178,0,0,2,0,7,9,3,0,0,2,0,5,6,1,0,0,0,0,2,3,2
7496,Slovenia,705,CostaRica,188,0,0,1,0,1,4,5,0,0,0,0,0,2,3,0,0,1,0,1,2,2
7497,Slovenia,705,CotedIvoire,384,0,0,1,0,1,2,2,0,0,1,0,1,1,1,0,0,0,0,0,1,1
7498,Slovenia,705,Croatia,191,48018,47721,59921,56322,55964,46995,46599,24538,23817,30046,28048,27421,23087,23227,23480,23904,29875,28274,28543,23908,23372
7499,Slovenia,705,Cuba,192,2,4,3,15,41,70,95,1,2,1,7,18,36,45,1,2,2,8,23,34,50
7500,Slovenia,705,Cyprus,196,0,0,4,2,7,16,10,0,0,2,1,3,7,5,0,0,2,1,4,9,5
7501,Slovenia,705,Czechia,203,396,349,460,412,333,388,382,113,103,139,124,107,113,120,283,246,321,288,226,275,262
7502,Slovenia,705,DemPeoplesRepublicofKorea,408,0,0,0,0,2,1,0,0,0,0,0,2,0,0,0,0,0,0,0,1,0
7503,Slovenia,705,DemocraticRepublicoftheCongo,180,0,0,1,2,2,6,11,0,0,1,2,2,3,7,0,0,0,0,0,3,4
7504,Slovenia,705,Denmark,208,14,19,32,30,47,58,69,7,9,15,16,24,30,36,7,10,17,14,23,28,33
7505,Slovenia,705,Dominica,212,0,0,0,0,1,2,0,0,0,0,0,0,0,0,0,0,0,0,1,2,0
7506,Slovenia,705,DominicanRepublic,214,3,6,1,31,151,166,199,2,4,0,0,10,22,37,1,2,1,31,141,144,162
7507,Slovenia,705,Ecuador,218,0,0,16,4,13,9,10,0,0,14,3,7,4,3,0,0,2,1,6,5,7
7508,Slovenia,705,Egypt,818,14,29,51,56,91,113,142,7,15,32,35,60,86,115,7,14,19,21,31,27,27
7509,Slovenia,705,ElSalvador,222,0,0,0,0,1,0,1,0,0,0,0,0,0,0,0,0,0,0,1,0,1
7510,Slovenia,705,Eritrea,232,0,0,0,0,3,8,64,0,0,0,0,3,6,57,0,0,0,0,0,2,7
7511,Slovenia,705,Estonia,233,0,0,3,0,18,28,24,0,0,3,0,11,13,11,0,0,0,0,7,15,13
7512,Slovenia,705,Ethiopia,231,0,0,13,14,13,16,15,0,0,4,5,5,11,8,0,0,9,9,8,5,7
7513,Slovenia,705,Fiji,242,0,0,0,0,1,1,0,0,0,0,0,0,0,0,0,0,0,0,1,1,0
7514,Slovenia,705,Finland,246,2,4,11,12,29,33,39,1,3,4,6,9,12,18,1,1,7,6,20,21,21
7515,Slovenia,705,France,250,1408,1262,1698,1549,1636,1167,1182,652,575,780,691,735,558,605,756,687,918,858,901,609,577
7516,Slovenia,705,FrenchPolynesia,258,0,0,0,0,1,0,0,0,0,0,0,1,0,0,0,0,0,0,0,0,0
7517,Slovenia,705,Gabon,266,0,0,2,1,2,1,0,0,0,2,1,2,1,0,0,0,0,0,0,0,0
7518,Slovenia,705,Gambia,270,0,0,1,0,4,16,19,0,0,1,0,3,14,18,0,0,0,0,1,2,1
7519,Slovenia,705,Georgia,268,0,0,11,8,15,18,31,0,0,8,5,6,9,18,0,0,3,3,9,9,13
7520,Slovenia,705,Germany,276,8402,6970,12368,11925,12284,7586,7682,3990,3352,6025,5807,6099,3842,4031,4412,3618,6343,6118,6185,3744,3651
7521,Slovenia,705,Ghana,288,5,10,13,17,19,38,59,3,7,7,10,11,21,35,2,3,6,7,8,17,24
7522,Slovenia,705,Greece,300,45,54,57,61,79,91,127,24,28,30,28,37,47,72,21,26,27,33,42,44,55
7523,Slovenia,705,Guatemala,320,0,0,0,0,1,1,1,0,0,0,0,0,0,0,0,0,0,0,1,1,1
7524,Slovenia,705,Guinea,324,0,0,6,7,8,5,6,0,0,6,5,5,3,3,0,0,0,2,3,2,3
7525,Slovenia,705,GuineaBissau,624,0,0,1,1,2,18,35,0,0,1,1,2,10,23,0,0,0,0,0,8,12
7526,Slovenia,705,Guyana,328,0,0,0,0,3,2,0,0,0,0,0,1,1,0,0,0,0,0,2,1,0
7527,Slovenia,705,Haiti,332,0,0,0,0,1,10,1,0,0,0,0,0,6,0,0,0,0,0,1,4,1
7528,Slovenia,705,Honduras,340,0,0,1,0,0,5,2,0,0,0,0,0,3,1,0,0,1,0,0,2,1
7529,Slovenia,705,Hungary,348,385,329,398,350,450,402,467,128,111,143,125,184,164,193,257,218,255,225,266,238,274
7530,Slovenia,705,Iceland,352,0,0,10,10,9,8,4,0,0,5,4,3,2,0,0,0,5,6,6,6,4
7531,Slovenia,705,India,356,11,22,19,49,83,143,234,6,14,11,33,57,102,173,5,8,8,16,26,41,61
7532,Slovenia,705,Indonesia,360,2,4,8,14,25,43,68,1,3,7,7,11,14,24,1,1,1,7,14,29,44
7533,Slovenia,705,IranIslamicRepublicof,364,8,17,30,31,54,89,161,4,10,15,19,35,61,103,4,7,15,12,19,28,58
7534,Slovenia,705,Iraq,368,12,25,46,46,56,58,113,6,17,34,35,41,42,73,6,8,12,11,15,16,40
7535,Slovenia,705,Ireland,372,2,3,5,9,27,44,58,1,2,1,4,13,26,34,1,1,4,5,14,18,24
7536,Slovenia,705,Israel,376,3,5,19,30,39,34,50,2,3,16,18,25,23,34,1,2,3,12,14,11,16
7537,Slovenia,705,Italy,380,4654,3670,4809,3956,4322,3646,4511,2015,1614,2174,1783,2143,2029,2725,2639,2056,2635,2173,2179,1617,1786
7538,Slovenia,705,Jamaica,388,0,0,2,5,7,9,6,0,0,2,5,6,6,5,0,0,0,0,1,3,1
7539,Slovenia,705,Japan,392,8,16,30,36,72,81,98,4,7,14,16,36,35,44,4,9,16,20,36,46,54
7540,Slovenia,705,Jordan,400,8,16,53,64,71,60,67,4,13,37,50,58,49,52,4,3,16,14,13,11,15
7541,Slovenia,705,Kazakhstan,398,4,7,1,11,45,100,207,2,3,0,1,10,39,87,2,4,1,10,35,61,120
7542,Slovenia,705,Kenya,404,5,10,19,19,16,25,35,3,5,7,8,6,11,15,2,5,12,11,10,14,20
7543,Slovenia,705,Kuwait,414,0,0,2,3,9,11,12,0,0,2,3,8,8,9,0,0,0,0,1,3,3
7544,Slovenia,705,Kyrgyzstan,417,0,0,0,3,5,7,19,0,0,0,1,1,1,5,0,0,0,2,4,6,14
7545,Slovenia,705,LaoPeoplesDemocraticRepublic,418,0,0,0,0,1,3,2,0,0,0,0,1,1,0,0,0,0,0,0,2,2
7546,Slovenia,705,Latvia,428,3,6,8,5,22,38,64,2,2,1,0,5,6,18,1,4,7,5,17,32,46
7547,Slovenia,705,Lebanon,422,4,8,25,20,24,23,26,2,4,19,17,20,21,25,2,4,6,3,4,2,1
7548,Slovenia,705,Liberia,430,0,0,0,0,3,4,12,0,0,0,0,2,4,8,0,0,0,0,1,0,4
7549,Slovenia,705,Libya,434,8,16,38,35,46,40,56,4,9,19,19,24,24,36,4,7,19,16,22,16,20
7550,Slovenia,705,Liechtenstein,438,0,0,14,15,14,11,6,0,0,6,7,7,7,4,0,0,8,8,7,4,2
7551,Slovenia,705,Lithuania,440,2,3,2,7,33,33,46,1,2,1,2,15,6,6,1,1,1,5,18,27,40
7552,Slovenia,705,Luxembourg,442,29,25,28,29,50,39,39,13,11,11,12,25,24,22,16,14,17,17,25,15,17
7553,Slovenia,705,Madagascar,450,0,0,1,1,8,15,22,0,0,0,0,2,4,5,0,0,1,1,6,11,17
7554,Slovenia,705,Malawi,454,0,0,2,1,0,2,2,0,0,0,0,0,2,2,0,0,2,1,0,0,0
7555,Slovenia,705,Malaysia,458,0,0,2,2,10,8,13,0,0,2,2,8,4,3,0,0,0,0,2,4,10
7556,Slovenia,705,Maldives,462,0,0,0,0,0,1,3,0,0,0,0,0,1,3,0,0,0,0,0,0,0
7557,Slovenia,705,Mali,466,0,0,2,2,3,6,6,0,0,2,1,1,2,4,0,0,0,1,2,4,2
7558,Slovenia,705,Malta,470,0,0,1,2,12,8,7,0,0,0,1,8,4,4,0,0,1,1,4,4,3
7559,Slovenia,705,Mauritania,478,0,0,1,0,0,0,0,0,0,1,0,0,0,0,0,0,0,0,0,0,0
7560,Slovenia,705,Mauritius,480,0,0,0,0,4,8,5,0,0,0,0,2,6,4,0,0,0,0,2,2,1
7561,Slovenia,705,Mexico,484,5,10,12,17,38,69,94,3,6,6,7,19,40,43,2,4,6,10,19,29,51
7562,Slovenia,705,Mongolia,496,0,0,0,2,5,4,5,0,0,0,1,2,2,1,0,0,0,1,3,2,4
7563,Slovenia,705,Montenegro,499,2646,2630,0,0,2763,2843,3541,1353,1425,0,0,1501,1533,1950,1293,1205,0,0,1262,1310,1591
7564,Slovenia,705,Montserrat,500,0,0,0,0,0,1,0,0,0,0,0,0,0,0,0,0,0,0,0,1,0
7565,Slovenia,705,Morocco,504,3,5,9,11,18,22,36,2,4,7,10,14,16,24,1,1,2,1,4,6,12
7566,Slovenia,705,Mozambique,508,0,0,0,0,2,4,3,0,0,0,0,1,2,1,0,0,0,0,1,2,2
7567,Slovenia,705,Myanmar,104,0,0,0,0,4,2,1,0,0,0,0,2,0,0,0,0,0,0,2,2,1
7568,Slovenia,705,Namibia,516,0,0,0,0,0,3,2,0,0,0,0,0,2,1,0,0,0,0,0,1,1
7569,Slovenia,705,Nepal,524,0,0,5,9,12,14,27,0,0,4,7,9,9,17,0,0,1,2,3,5,10
7570,Slovenia,705,Netherlands,528,261,246,327,312,385,325,374,123,121,166,158,207,186,226,138,125,161,154,178,139,148
7571,Slovenia,705,NewZealand,554,0,0,0,0,23,27,28,0,0,0,0,16,17,15,0,0,0,0,7,10,13
7572,Slovenia,705,Nicaragua,558,0,0,0,0,3,2,5,0,0,0,0,0,0,0,0,0,0,0,3,2,5
7573,Slovenia,705,Niger,562,0,0,1,0,0,0,0,0,0,1,0,0,0,0,0,0,0,0,0,0,0
7574,Slovenia,705,Nigeria,566,2,4,8,15,27,49,68,1,3,4,10,18,37,52,1,1,4,5,9,12,16
7575,Slovenia,705,NorthMacedonia,807,6720,6599,8231,8770,14333,15637,19133,3435,3831,5813,5614,9272,9370,11414,3285,2768,2418,3156,5061,6267,7719
7576,Slovenia,705,Norway,578,0,0,9,18,25,16,30,0,0,2,8,12,6,17,0,0,7,10,13,10,13
7577,Slovenia,705,Oman,512,0,0,1,0,2,1,0,0,0,0,0,1,1,0,0,0,1,0,1,0,0
7578,Slovenia,705,Pakistan,586,3,5,13,16,18,26,42,2,3,7,10,12,20,31,1,2,6,6,6,6,11
7579,Slovenia,705,Panama,591,0,0,0,0,3,2,1,0,0,0,0,1,1,1,0,0,0,0,2,1,0
7580,Slovenia,705,PapuaNewGuinea,598,0,0,0,0,2,2,2,0,0,0,0,1,1,1,0,0,0,0,1,1,1
7581,Slovenia,705,Paraguay,600,0,0,0,0,4,3,3,0,0,0,0,4,3,3,0,0,0,0,0,0,0
7582,Slovenia,705,Peru,604,4,7,12,21,36,52,61,2,4,8,13,21,26,27,2,3,4,8,15,26,34
7583,Slovenia,705,Philippines,608,3,5,6,17,63,114,181,2,3,3,5,13,22,35,1,2,3,12,50,92,146
7584,Slovenia,705,Poland,616,62,133,254,244,380,413,399,31,37,60,63,131,155,113,31,96,194,181,249,258,286
7585,Slovenia,705,Portugal,620,3,6,13,19,36,52,64,2,4,4,9,16,28,39,1,2,9,10,20,24,25
7586,Slovenia,705,Qatar,634,0,0,0,0,1,1,1,0,0,0,0,1,1,1,0,0,0,0,0,0,0
7587,Slovenia,705,RepublicofKorea,410,0,0,0,0,19,25,48,0,0,0,0,8,10,20,0,0,0,0,11,15,28
7588,Slovenia,705,RepublicofMoldova,498,17,36,41,142,287,338,394,9,18,19,54,108,120,145,8,18,22,88,179,218,249
7589,Slovenia,705,Romania,642,63,93,135,194,283,466,442,27,30,41,54,90,219,173,36,63,94,140,193,247,269
7590,Slovenia,705,RussianFederation,643,171,372,664,804,928,2082,3572,86,119,191,222,289,809,1558,85,253,473,582,639,1273,2014
7591,Slovenia,705,Rwanda,646,0,0,0,0,0,11,1,0,0,0,0,0,5,0,0,0,0,0,0,6,1
7592,Slovenia,705,SanMarino,674,0,0,0,0,0,1,0,0,0,0,0,0,1,0,0,0,0,0,0,0,0
7593,Slovenia,705,SaoTomeandPrincipe,678,0,0,0,0,0,1,0,0,0,0,0,0,1,0,0,0,0,0,0,0,0
7594,Slovenia,705,SaudiArabia,682,0,0,3,1,8,17,26,0,0,3,1,7,13,21,0,0,0,0,1,4,5
7595,Slovenia,705,Senegal,686,0,0,2,1,3,5,3,0,0,1,1,1,4,2,0,0,1,0,2,1,1
7596,Slovenia,705,Serbia,688,24825,24679,29945,34154,32867,39025,47393,12689,13366,16705,19443,21199,23407,29222,12136,11313,13240,14711,11668,15618,18171
7597,Slovenia,705,SierraLeone,694,0,0,0,0,7,5,4,0,0,0,0,7,5,4,0,0,0,0,0,0,0
7598,Slovenia,705,Singapore,702,0,0,1,0,8,11,7,0,0,1,0,1,0,1,0,0,0,0,7,11,6
7599,Slovenia,705,Slovakia,703,35,76,65,59,432,600,577,18,26,53,22,179,230,188,17,50,12,37,253,370,389
7600,Slovenia,705,SolomonIslands,90,0,0,0,0,0,1,0,0,0,0,0,0,0,0,0,0,0,0,0,1,0
7601,Slovenia,705,Somalia,706,0,0,1,0,1,35,25,0,0,1,0,1,23,18,0,0,0,0,0,12,7
7602,Slovenia,705,SouthAfrica,710,5,9,27,28,35,47,83,3,4,9,10,18,20,43,2,5,18,18,17,27,40
7603,Slovenia,705,Spain,724,128,278,30,43,106,463,204,64,113,10,19,58,196,105,64,165,20,24,48,267,99
7604,Slovenia,705,SriLanka,144,0,0,7,6,10,17,19,0,0,5,6,6,10,9,0,0,2,0,4,7,10
7605,Slovenia,705,StateofPalestine,275,0,0,0,0,6,2,5,0,0,0,0,5,2,4,0,0,0,0,1,0,1
7606,Slovenia,705,Sudan,729,0,0,14,14,13,16,17,0,0,9,9,10,12,13,0,0,5,5,3,4,4
7607,Slovenia,705,Suriname,740,0,0,0,0,1,0,0,0,0,0,0,0,0,0,0,0,0,0,1,0,0
7608,Slovenia,705,Sweden,752,248,225,399,387,389,332,339,134,115,196,189,194,177,179,114,110,203,198,195,155,160
7609,Slovenia,705,Switzerland,756,798,744,1330,1405,1386,980,978,402,378,675,709,706,516,524,396,366,655,696,680,464,454
7610,Slovenia,705,SyrianArabRepublic,760,1,1,27,30,35,61,247,1,1,23,25,26,42,151,0,0,4,5,9,19,96
7611,Slovenia,705,Tajikistan,762,0,0,0,0,3,3,11,0,0,0,0,0,1,4,0,0,0,0,3,2,7
7612,Slovenia,705,Thailand,764,5,10,15,76,197,220,314,3,4,3,13,22,24,34,2,6,12,63,175,196,280
7613,Slovenia,705,Togo,768,0,0,0,0,0,3,0,0,0,0,0,0,3,0,0,0,0,0,0,0,0
7614,Slovenia,705,TrinidadandTobago,780,0,0,0,0,3,4,5,0,0,0,0,2,2,3,0,0,0,0,1,2,2
7615,Slovenia,705,Tunisia,788,2,4,9,14,37,53,86,1,3,7,10,30,45,71,1,1,2,4,7,8,15
7616,Slovenia,705,Turkey,792,5,10,26,41,91,116,237,3,8,14,27,64,86,173,2,2,12,14,27,30,64
7617,Slovenia,705,Turkmenistan,795,0,0,0,0,4,5,11,0,0,0,0,0,1,5,0,0,0,0,4,4,6
7618,Slovenia,705,Uganda,800,0,0,2,1,2,4,6,0,0,2,1,2,2,2,0,0,0,0,0,2,4
7619,Slovenia,705,Ukraine,804,89,193,438,943,1382,1803,2806,45,62,165,255,375,537,1000,44,131,273,688,1007,1266,1806
7620,Slovenia,705,UnitedArabEmirates,784,0,0,2,5,15,12,21,0,0,1,2,5,5,6,0,0,1,3,10,7,15
7621,Slovenia,705,UnitedKingdom,826,75,106,201,215,524,559,740,36,56,103,110,298,321,441,39,50,98,105,226,238,299
7622,Slovenia,705,UnitedRepublicofTanzania,834,0,0,3,0,1,2,2,0,0,2,0,0,1,1,0,0,1,0,1,1,1
7623,Slovenia,705,UnitedStatesofAmerica,840,734,564,668,655,666,702,866,260,210,244,284,333,379,480,474,354,424,371,333,323,386
7624,Slovenia,705,Uruguay,858,0,0,5,7,18,11,13,0,0,3,2,7,4,6,0,0,2,5,11,7,7
7625,Slovenia,705,Uzbekistan,860,2,4,4,8,31,32,78,1,3,0,3,8,9,32,1,1,4,5,23,23,46
7626,Slovenia,705,VenezuelaBolivarianRepublicof,862,0,0,0,0,41,46,90,0,0,0,0,21,18,41,0,0,0,0,20,28,49
7627,Slovenia,705,VietNam,704,0,0,0,1,6,15,24,0,0,0,0,0,1,3,0,0,0,1,6,14,21
7628,Slovenia,705,WallisandFutunaIslands,876,0,0,0,0,0,1,0,0,0,0,0,0,0,0,0,0,0,0,0,1,0
7629,Slovenia,705,WesternSahara,732,0,0,0,0,1,3,1,0,0,0,0,1,2,0,0,0,0,0,0,1,1
7630,Slovenia,705,Yemen,887,0,0,6,5,7,13,14,0,0,5,5,7,9,9,0,0,1,0,0,4,5
7631,Slovenia,705,Zambia,894,0,0,6,5,6,5,6,0,0,4,4,5,4,3,0,0,2,1,1,1,3
7632,Slovenia,705,Zimbabwe,716,0,0,4,9,15,12,18,0,0,3,5,7,7,10,0,0,1,4,8,5,8
7633,Spain,724,Melanesia,928,4,9,119,58,59,62,81,2,5,71,34,31,31,40,2,4,48,24,28,31,41
7634,Spain,724,Micronesia,954,15,23,282,136,109,119,158,7,11,149,71,60,53,68,8,12,133,65,49,66,90
7635,Spain,724,Polynesia,957,12,19,232,112,48,34,44,6,10,128,61,28,20,26,6,9,104,51,20,14,18
7636,Spain,724,Afghanistan,4,24,37,455,219,439,458,615,17,26,326,156,344,348,465,7,11,129,63,95,110,150
7637,Spain,724,Albania,8,162,359,712,1094,1807,1938,2615,83,190,383,616,1044,1050,1395,79,169,329,478,763,888,1220
7638,Spain,724,Algeria,12,11518,12706,19360,48283,60246,56038,61611,6656,7895,12658,35324,41619,35129,36917,4862,4811,6702,12959,18627,20909,24694
7639,Spain,724,Andorra,20,2008,2355,3717,4135,5578,5900,7964,925,1107,1800,2002,2733,2861,3783,1083,1248,1917,2133,2845,3039,4181
7640,Spain,724,Angola,24,1201,1532,2524,3438,4005,3553,4795,634,833,1409,1926,2282,1966,2613,567,699,1115,1512,1723,1587,2182
7641,Spain,724,Argentina,32,42923,50810,79339,244014,282553,251841,284921,20170,24493,39327,125841,145829,128585,143613,22753,26317,40012,118173,136724,123256,141308
7642,Spain,724,Armenia,51,282,657,1315,7216,10246,9516,12845,148,351,712,4075,5460,4678,6190,134,306,603,3141,4786,4838,6655
7643,Spain,724,Australia,36,2358,2727,4271,4630,5594,6376,8606,1107,1315,2128,2329,2820,3253,4309,1251,1412,2143,2301,2774,3123,4297
7644,Spain,724,Austria,40,2259,3212,5548,6332,8714,8844,11936,1003,1477,2634,3022,4070,4063,5359,1256,1735,2914,3310,4644,4781,6577
7645,Spain,724,Azerbaijan,31,35,54,655,315,499,616,831,15,24,324,153,238,283,374,20,30,331,162,261,333,457
7646,Spain,724,Bahamas,44,5,9,116,56,53,58,77,3,5,65,31,27,28,37,2,4,51,25,26,30,40
7647,Spain,724,Bahrain,48,3,6,72,35,43,56,74,2,4,48,23,28,34,45,1,2,24,12,15,22,29
7648,Spain,724,Bangladesh,50,248,387,693,4383,10533,9836,14594,205,311,551,3698,8567,7072,10144,43,76,142,685,1966,2764,4450
7649,Spain,724,Barbados,52,3,6,72,35,36,43,56,1,3,36,17,15,22,28,2,3,36,18,21,21,28
7650,Spain,724,Belarus,112,54,145,300,2626,3530,3886,5245,19,54,115,1089,1222,1207,1560,35,91,185,1537,2308,2679,3685
7651,Spain,724,Belgium,56,16881,20333,32533,37120,41797,44130,51896,7825,9673,15970,18455,20980,22327,26389,9056,10660,16563,18665,20817,21803,25507
7652,Spain,724,Belize,84,3,5,66,32,25,34,44,2,3,34,16,11,14,17,1,2,32,16,14,20,27
7653,Spain,724,Benin,204,30,49,91,312,420,398,536,21,32,58,236,309,273,366,9,17,33,76,111,125,170
7654,Spain,724,BoliviaPlurinationalStateof,68,1806,2467,4190,92918,216020,150680,159936,821,1112,1918,41201,91453,58927,62416,985,1355,2272,51717,124567,91753,97520
7655,Spain,724,BosniaandHerzegovina,70,643,867,1466,1888,2162,2119,2858,309,435,761,981,1100,1028,1359,334,432,705,907,1062,1091,1499
7656,Spain,724,Brazil,76,13454,17132,28179,68502,132649,99187,133244,5362,6747,11312,26199,51311,35030,49926,8092,10385,16867,42303,81338,64157,83318
7657,Spain,724,BruneiDarussalam,96,1,3,39,19,23,22,27,1,2,25,12,10,11,13,0,1,14,7,13,11,14
7658,Spain,724,Bulgaria,100,1084,1959,3678,86226,145061,126875,119741,557,1029,1968,48125,77873,64972,59426,527,930,1710,38101,67188,61903,60315
7659,Spain,724,BurkinaFaso,854,96,182,347,537,1111,1147,1547,60,112,214,436,834,825,1105,36,70,133,101,277,322,442
7660,Spain,724,Burundi,108,5,8,103,50,101,107,141,3,5,65,31,51,49,63,2,3,38,19,50,58,78
7661,Spain,724,CaboVerde,132,1274,1528,2441,3243,4499,4445,5999,498,614,1019,1352,1923,1826,2396,776,914,1422,1891,2576,2619,3603
7662,Spain,724,Cambodia,116,5,8,103,50,82,95,125,3,5,60,29,35,32,40,2,3,43,21,47,63,85
7663,Spain,724,Cameroon,120,428,685,1239,3321,5860,5178,6990,228,387,721,2070,3716,3127,4171,200,298,518,1251,2144,2051,2819
7664,Spain,724,Canada,124,2236,2642,4185,4961,5698,6922,9343,1023,1224,1989,2298,2628,3200,4223,1213,1418,2196,2663,3070,3722,5120
7665,Spain,724,CentralAfricanRepublic,140,13,20,241,116,142,162,217,7,11,137,65,78,97,130,6,9,104,51,64,65,87
7666,Spain,724,Chad,148,7,11,141,68,95,122,163,5,8,98,47,65,90,121,2,3,43,21,30,32,42
7667,Spain,724,Chile,152,11887,14194,22607,49390,64296,54400,61798,5295,6449,10585,24552,31720,26031,29121,6592,7745,12022,24838,32576,28369,32677
7668,Spain,724,China,156,8432,4349,2138,81322,154918,155713,179104,4470,2291,1152,42538,76977,71920,80616,3962,2058,986,38784,77941,83793,98488
7669,Spain,724,Colombia,170,12548,21683,40145,270028,376161,347505,450377,4415,7751,14796,115774,163795,143907,185701,8133,13932,25349,154254,212366,203598,264676
7670,Spain,724,Congo,178,93,294,623,1694,2333,2105,2840,62,206,442,1130,1469,1252,1668,31,88,181,564,864,853,1172
7671,Spain,724,CostaRica,188,644,778,1249,2116,3149,3339,4505,275,343,572,952,1466,1499,1975,369,435,677,1164,1683,1840,2530
7672,Spain,724,CotedIvoire,384,152,241,436,1403,3187,2958,3991,95,155,285,1004,2403,2067,2767,57,86,151,399,784,891,1224
7673,Spain,724,Croatia,191,218,348,630,1532,1691,1684,2272,113,184,339,814,835,812,1073,105,164,291,718,856,872,1199
7674,Spain,724,Cuba,192,21854,28314,45738,71614,103189,131134,162368,9264,12258,20270,32087,46653,58864,73028,12590,16056,25468,39527,56536,72270,89340
7675,Spain,724,Cyprus,196,149,165,254,192,309,366,493,76,86,135,111,166,193,256,73,79,119,81,143,173,237
7676,Spain,724,Czechia,203,685,958,1645,4368,8540,8548,11539,277,371,642,1716,3633,3396,4452,408,587,1003,2652,4907,5152,7087
7677,Spain,724,DemPeoplesRepublicofKorea,408,17,27,334,161,103,115,153,9,14,183,87,46,52,68,8,13,151,74,57,63,85
7678,Spain,724,DemocraticRepublicoftheCongo,180,621,950,1688,1194,1614,1468,1980,362,573,1039,757,1009,876,1166,259,377,649,437,605,592,814
7679,Spain,724,Denmark,208,3729,4479,7156,8358,11171,11539,11659,1674,2069,3418,4072,5615,5815,5862,2055,2410,3738,4286,5556,5724,5797
7680,Spain,724,Djibouti,262,1,3,41,20,23,21,26,1,2,29,14,12,15,19,0,1,12,6,11,6,7
7681,Spain,724,Dominica,212,359,408,634,753,935,966,1302,95,111,183,235,319,322,417,264,297,451,518,616,644,885
7682,Spain,724,DominicanRepublic,214,15160,21654,36953,73049,136976,156905,184832,3627,5926,10353,24951,53143,61042,72868,11533,15728,26600,48098,83833,95863,111964
7683,Spain,724,Ecuador,218,3734,11606,24472,456379,496666,416394,430275,1518,5098,11046,220296,240847,195324,199838,2216,6508,13426,236083,255819,221070,230437
7684,Spain,724,Egypt,818,1040,1267,2041,3185,4053,4128,5571,691,858,1407,2334,2925,2768,3701,349,409,634,851,1128,1360,1870
7685,Spain,724,ElSalvador,222,1195,1441,2307,4372,7951,9192,12408,392,490,823,1670,3068,3301,4304,803,951,1484,2702,4883,5891,8104
7686,Spain,724,EquatorialGuinea,226,6040,7506,12201,17628,21552,19339,22528,2555,3168,5259,6914,8234,7462,8468,3485,4338,6942,10714,13318,11877,14060
7687,Spain,724,Eritrea,232,6,10,128,62,140,137,183,4,6,81,39,89,81,107,2,4,47,23,51,56,76
7688,Spain,724,Estonia,233,18,58,124,575,1254,1875,2529,5,22,49,242,469,699,912,13,36,75,333,785,1176,1617
7689,Spain,724,Ethiopia,231,118,174,305,754,2695,3713,5012,66,100,177,406,1465,2008,2669,52,74,128,348,1230,1705,2343
7690,Spain,724,Fiji,242,3,6,72,35,31,32,42,1,3,38,18,15,15,19,2,3,34,17,16,17,23
7691,Spain,724,Finland,246,2803,3868,6598,8459,10378,12359,13200,1110,1639,2933,3762,4606,5539,5785,1693,2229,3665,4697,5772,6820,7415
7692,Spain,724,France,250,100111,113860,174641,177040,210047,203692,221373,45428,53134,83388,84133,102092,98858,107276,54683,60726,91253,92907,107955,104834,114097
7693,Spain,724,Gabon,266,22,34,415,200,271,278,374,10,16,213,101,135,135,179,12,18,202,99,136,143,195
7694,Spain,724,Gambia,270,2779,3557,5866,11215,18687,17017,19489,2013,2553,4218,8822,15422,13320,14958,766,1004,1648,2393,3265,3697,4531
7695,Spain,724,Georgia,268,102,257,523,4926,9792,8760,11824,50,135,281,3132,5490,4016,5298,52,122,242,1794,4302,4744,6526
7696,Spain,724,Germany,276,80772,100172,160472,180349,212883,200641,200659,38178,48525,79608,89215,105477,98763,97756,42594,51647,80864,91134,107406,101878,102903
7697,Spain,724,Ghana,288,436,736,1354,9730,14894,12043,13778,304,542,1019,8504,12520,8985,9451,132,194,335,1226,2374,3058,4327
7698,Spain,724,Greece,300,639,806,1321,2136,3625,3982,5373,381,482,800,1311,2258,2308,3070,258,324,521,825,1367,1674,2303
7699,Spain,724,Grenada,308,0,90,1095,527,513,622,839,0,44,581,276,262,309,409,0,46,514,251,251,313,430
7700,Spain,724,Guatemala,320,975,1214,1977,3643,6440,7411,10002,344,432,728,1439,2649,2832,3702,631,782,1249,2204,3791,4579,6300
7701,Spain,724,Guinea,324,2316,2825,4551,8269,12192,9689,10911,1167,1472,2448,5618,8539,6209,7125,1149,1353,2103,2651,3653,3480,3786
7702,Spain,724,GuineaBissau,624,539,869,1574,4351,6554,5369,7246,471,727,1300,3641,5287,4151,5571,68,142,274,710,1267,1218,1675
7703,Spain,724,Guyana,328,8,13,168,81,108,111,148,3,5,72,34,58,52,68,5,8,96,47,50,59,80
7704,Spain,724,Haiti,332,38,58,704,339,610,723,976,19,30,391,186,342,396,528,19,28,313,153,268,327,448
7705,Spain,724,Honduras,340,1169,1515,2515,7820,26902,41333,99418,354,472,823,2814,8410,10959,26656,815,1043,1692,5006,18492,30374,72762
7706,Spain,724,Hungary,348,587,770,1285,2869,7773,9297,12548,239,320,550,1181,3728,4245,5599,348,450,735,1688,4045,5052,6949
7707,Spain,724,Iceland,352,138,227,414,682,1043,1122,1513,64,101,185,322,517,518,684,74,126,229,360,526,604,829
7708,Spain,724,India,356,4147,5084,8210,18346,35224,34447,47114,2152,2685,4438,12304,24277,20810,28509,1995,2399,3772,6042,10947,13637,18605
7709,Spain,724,Indonesia,360,595,682,1063,1057,1967,1937,2614,222,265,433,421,1076,1016,1347,373,417,630,636,891,921,1267
7710,Spain,724,IranIslamicRepublicof,364,1771,2159,3477,4212,4920,5888,7947,1068,1324,2172,2560,3027,3436,4575,703,835,1305,1652,1893,2452,3372
7711,Spain,724,Iraq,368,638,786,1274,1660,1694,1829,2467,413,508,830,1101,1080,1141,1523,225,278,444,559,614,688,944
7712,Spain,724,Ireland,372,2044,2622,4329,9107,13455,14925,16100,878,1189,2050,4582,6937,7710,8313,1166,1433,2279,4525,6518,7215,7787
7713,Spain,724,Israel,376,656,796,1280,2184,2659,2858,3856,439,526,847,1396,1673,1769,2360,217,270,433,788,986,1089,1496
7714,Spain,724,Italy,380,12204,16048,26797,47475,87330,106324,153583,7415,9924,16867,29544,54205,64435,90134,4789,6124,9930,17931,33125,41889,63449
7715,Spain,724,Jamaica,388,20,31,378,182,262,282,379,7,12,167,79,122,134,176,13,19,211,103,140,148,203
7716,Spain,724,Japan,392,1640,2027,3286,5083,5638,6128,8271,782,974,1612,2188,2246,2291,2994,858,1053,1674,2895,3392,3837,5277
7717,Spain,724,Jordan,400,910,1069,1689,1976,2099,2261,3050,719,841,1330,1504,1575,1637,2192,191,228,359,472,524,624,858
7718,Spain,724,Kazakhstan,398,8,20,43,420,1184,1797,2424,5,7,13,186,496,721,945,3,13,30,234,688,1076,1479
7719,Spain,724,Kenya,404,230,303,507,787,1327,1555,2098,100,134,230,302,437,466,602,130,169,277,485,890,1089,1496
7720,Spain,724,Kuwait,414,41,63,767,369,405,483,650,24,38,483,230,258,321,429,17,25,284,139,147,162,221
7721,Spain,724,Kyrgyzstan,417,17,26,324,156,255,333,448,6,9,134,63,87,102,131,11,17,190,93,168,231,317
7722,Spain,724,LaoPeoplesDemocraticRepublic,418,20,31,376,181,203,188,251,9,14,188,89,97,89,115,11,17,188,92,106,99,136
7723,Spain,724,Latvia,428,50,98,190,1318,3129,3987,5381,22,45,89,560,1328,1532,2005,28,53,101,758,1801,2455,3376
7724,Spain,724,Lebanon,422,1282,1482,2320,2596,3125,3341,4508,952,1094,1717,1826,2133,2218,2964,330,388,603,770,992,1123,1544
7725,Spain,724,Liberia,430,620,870,1495,1255,914,819,1104,474,674,1168,911,640,551,736,146,196,327,344,274,268,368
7726,Spain,724,Libya,434,78,118,1428,687,749,966,1302,49,75,945,451,484,596,794,29,43,483,236,265,370,508
7727,Spain,724,Liechtenstein,438,58,78,133,87,116,115,153,25,31,53,35,59,53,69,33,47,80,52,57,62,84
7728,Spain,724,Lithuania,440,37,104,217,11395,18531,16284,16492,17,49,103,5855,9507,7547,7046,20,55,114,5540,9024,8737,9446
7729,Spain,724,Luxembourg,442,658,783,1245,1178,1398,1425,1921,300,370,610,561,686,705,932,358,413,635,617,712,720,989
7730,Spain,724,Madagascar,450,39,60,734,353,383,462,620,11,18,263,123,126,152,195,28,42,471,230,257,310,425
7731,Spain,724,Malawi,454,3,6,72,35,43,65,86,1,3,38,18,19,31,40,2,3,34,17,24,34,46
7732,Spain,724,Malaysia,458,41,62,752,362,515,602,811,18,27,367,174,236,263,346,23,35,385,188,279,339,465
7733,Spain,724,Mali,466,351,709,1373,11131,23680,17576,18734,298,627,1227,10497,22034,15208,15540,53,82,146,634,1646,2368,3194
7734,Spain,724,Malta,470,95,119,195,146,263,312,420,39,52,88,67,138,154,204,56,67,107,79,125,158,216
7735,Spain,724,Mauritania,478,702,1154,2103,8638,11138,8532,8879,542,922,1704,6966,9090,6252,6134,160,232,399,1672,2048,2280,2745
7736,Spain,724,Mauritius,480,19,29,359,173,237,241,324,10,15,200,95,130,129,172,9,14,159,78,107,112,152
7737,Spain,724,Mexico,484,9649,11659,18686,35811,44801,48613,60854,3999,4903,8137,15602,19426,20525,25059,5650,6756,10549,20209,25375,28088,35795
7738,Spain,724,MicronesiaFedStatesof,583,15,23,282,136,109,119,158,7,11,149,71,60,53,68,8,12,133,65,49,66,90
7739,Spain,724,Monaco,492,82,124,154,182,234,235,315,43,67,81,91,112,111,146,39,57,73,91,122,124,169
7740,Spain,724,Mongolia,496,10,16,193,93,367,419,565,3,5,71,33,134,144,189,7,11,122,60,233,275,376
7741,Spain,724,Montenegro,499,0,0,0,0,138,167,225,0,0,0,0,70,96,128,0,0,0,0,68,71,97
7742,Spain,724,Morocco,504,133341,165214,266706,521940,763734,699880,785884,71364,94722,161769,338967,466079,395003,430708,61977,70492,104937,182973,297655,304877,355176
7743,Spain,724,Mozambique,508,101,153,1854,892,1239,1197,1615,43,67,906,429,613,594,787,58,86,948,463,626,603,828
7744,Spain,724,Myanmar,104,7,12,145,70,76,87,116,5,8,92,44,46,49,65,2,4,53,26,30,38,51
7745,Spain,724,Namibia,516,7,12,151,73,112,126,168,3,5,65,31,52,57,74,4,7,86,42,60,69,94
7746,Spain,724,Nepal,524,45,67,119,680,2594,3136,4232,19,33,61,444,1795,1915,2553,26,34,58,236,799,1221,1679
7747,Spain,724,Netherlands,528,13912,17094,27629,34862,46634,46711,51778,6359,8058,13466,17708,24122,24290,26853,7553,9036,14163,17154,22512,22421,24925
7748,Spain,724,NewZealand,554,128,175,298,516,821,1073,1446,58,83,146,296,477,605,803,70,92,152,220,344,468,643
7749,Spain,724,Nicaragua,558,1002,1240,2013,3156,12892,20361,42784,426,531,885,1256,3831,4819,11563,576,709,1128,1900,9061,15542,31221
7750,Spain,724,Niger,562,18,28,349,168,269,280,377,16,24,296,142,202,215,290,2,4,53,26,67,65,87
7751,Spain,724,Nigeria,566,704,1884,3876,24338,36852,30198,29016,508,1418,2952,15238,22825,17608,16127,196,466,924,9100,14027,12590,12889
7752,Spain,724,NorthMacedonia,807,39,81,159,376,549,627,845,20,45,91,225,286,318,421,19,36,68,151,263,309,424
7753,Spain,724,Norway,578,3145,4036,6665,11673,14587,16018,15024,1386,1835,3134,5757,7283,7957,7457,1759,2201,3531,5916,7304,8061,7567
7754,Spain,724,Oman,512,1,3,41,20,20,51,66,1,2,23,11,14,33,42,0,1,18,9,6,18,24
7755,Spain,724,Pakistan,586,2213,3186,5531,30659,56836,54547,63819,1722,2514,4406,27602,48013,37953,41074,491,672,1125,3057,8823,16594,22745
7756,Spain,724,Panama,591,1236,1407,2185,3120,4381,4246,5730,532,615,984,1382,1909,1784,2344,704,792,1201,1738,2472,2462,3386
7757,Spain,724,PapuaNewGuinea,598,1,3,47,23,28,30,39,1,2,33,16,16,16,21,0,1,14,7,12,14,18
7758,Spain,724,Paraguay,600,907,1090,1744,16642,80087,58926,77926,355,436,724,6186,26611,16474,23779,552,654,1020,10456,53476,42452,54147
7759,Spain,724,Peru,604,18828,25606,42184,101295,197827,184802,226473,7617,10460,17596,45374,93550,82081,98412,11211,15146,24588,55921,104277,102721,128061
7760,Spain,724,Philippines,608,8682,10514,16870,23923,38863,42659,51181,2884,3624,6109,9042,14532,15840,18643,5798,6890,10761,14881,24331,26819,32538
7761,Spain,724,Poland,616,4206,5725,9707,33371,74329,63864,63466,2101,2836,4869,16835,38321,29642,27866,2105,2889,4838,16536,36008,34222,35600
7762,Spain,724,Portugal,620,35909,42238,65690,75768,134592,112032,108063,17052,20510,32952,40776,81148,64253,60260,18857,21728,32738,34992,53444,47779,47803
7763,Spain,724,Qatar,634,5,8,99,48,52,91,121,3,5,59,28,31,60,80,2,3,40,20,21,31,41
7764,Spain,724,RepublicofKorea,410,1257,1496,2379,2975,3641,4189,5654,630,751,1214,1378,1706,1854,2443,627,745,1165,1597,1935,2335,3211
7765,Spain,724,RepublicofMoldova,498,17,94,213,8519,17111,17084,21738,7,43,99,4835,8777,8050,10011,10,51,114,3684,8334,9034,11727
7766,Spain,724,Romania,642,2145,4375,8489,292379,727521,646181,613336,1111,2336,4621,159248,384181,322609,300285,1034,2039,3868,133131,343340,323572,313051
7767,Spain,724,RussianFederation,643,3120,4699,8300,39783,58461,79255,96126,1306,1990,3603,14885,20285,28586,34349,1814,2709,4697,24898,38176,50669,61777
7768,Spain,724,Rwanda,646,23,36,444,214,254,283,381,15,23,301,144,145,154,205,8,13,143,70,109,129,176
7769,Spain,724,SaintLucia,662,3,6,81,39,60,45,59,1,3,38,18,33,25,32,2,3,43,21,27,20,27
7770,Spain,724,SanMarino,674,9,15,18,19,24,37,48,5,8,10,11,13,19,24,4,7,8,8,11,18,24
7771,Spain,724,SaoTomeandPrincipe,678,14,22,272,131,203,189,252,6,10,137,65,99,94,123,8,12,135,66,104,95,129
7772,Spain,724,SaudiArabia,682,157,194,316,458,527,845,1140,97,122,201,290,332,534,714,60,72,115,168,195,311,426
7773,Spain,724,Senegal,686,3334,4574,7783,26850,56349,49461,59549,2723,3705,6304,22332,47425,38720,45072,611,869,1479,4518,8924,10741,14477
7774,Spain,724,Serbia,688,0,0,0,0,3726,3900,5264,0,0,0,0,1900,1894,2504,0,0,0,0,1826,2006,2760
7775,Spain,724,Seychelles,690,3,6,79,38,43,40,52,1,2,26,12,18,19,24,2,4,53,26,25,21,28
7776,Spain,724,SierraLeone,694,212,391,739,1691,1204,1025,1382,158,301,576,1041,824,696,930,54,90,163,650,380,329,452
7777,Spain,724,Singapore,702,35,53,640,308,421,503,678,12,18,251,118,160,186,243,23,35,389,190,261,317,435
7778,Spain,724,Slovakia,703,110,212,406,3279,7312,7297,9849,54,101,194,1496,3438,3085,4054,56,111,212,1783,3874,4212,5795
7779,Spain,724,Slovenia,705,49,109,217,451,1011,1312,1382,23,46,91,218,508,610,632,26,63,126,233,503,702,750
7780,Spain,724,Somalia,706,18,28,349,168,307,272,366,12,19,249,119,192,168,224,6,9,100,49,115,104,142
7781,Spain,724,SouthAfrica,710,740,914,1483,1880,2437,2829,3817,351,453,762,966,1292,1494,1981,389,461,721,914,1145,1335,1836
7782,Spain,724,SriLanka,144,45,69,838,403,565,628,846,24,38,492,234,351,389,518,21,31,346,169,214,239,328
7783,Spain,724,StateofPalestine,275,0,0,0,0,0,0,2569,0,0,0,0,0,0,1229,0,0,0,0,0,0,1340
7784,Spain,724,Sudan,729,36,55,665,320,396,389,524,26,39,485,232,285,271,363,10,16,180,88,111,118,161
7785,Spain,724,Suriname,740,11,18,222,107,196,218,291,3,6,89,42,75,89,115,8,12,133,65,121,129,176
7786,Spain,724,Sweden,752,5755,7207,11761,14768,18133,19318,21562,2382,3095,5252,6636,8101,8736,9896,3373,4112,6509,8132,10032,10582,11666
7787,Spain,724,Switzerland,756,32884,38443,58838,56682,63693,62286,65924,16307,19202,29903,28169,31754,30931,32616,16577,19241,28935,28513,31939,31355,33308
7788,Spain,724,SyrianArabRepublic,760,1927,2245,3531,4433,4880,5910,16938,1463,1688,2656,3158,3483,3904,11083,464,557,875,1275,1397,2006,5855
7789,Spain,724,Tajikistan,762,1,3,41,20,55,84,112,0,1,19,9,23,44,58,1,2,22,11,32,40,54
7790,Spain,724,Thailand,764,271,346,572,953,1630,2084,2812,84,108,185,238,434,520,661,187,238,387,715,1196,1564,2151
7791,Spain,724,Togo,768,41,65,119,343,486,508,684,32,48,87,261,355,345,462,9,17,32,82,131,163,222
7792,Spain,724,TrinidadandTobago,780,13,21,253,122,182,206,276,5,8,104,49,70,74,95,8,13,149,73,112,132,181
7793,Spain,724,Tunisia,788,574,718,1172,1931,2644,2734,3688,367,471,785,1355,1810,1844,2465,207,247,387,576,834,890,1223
7794,Spain,724,Turkey,792,454,590,981,1871,3276,3969,5356,290,387,657,1271,2152,2467,3291,164,203,324,600,1124,1502,2065
7795,Spain,724,Turkmenistan,795,1,2,27,13,27,60,79,0,0,5,2,7,20,25,1,2,22,11,20,40,54
7796,Spain,724,Tuvalu,798,12,19,232,112,48,34,44,6,10,128,61,28,20,26,6,9,104,51,20,14,18
7797,Spain,724,Uganda,800,11,17,214,103,195,211,282,5,8,108,51,104,110,144,6,9,106,52,91,101,138
7798,Spain,724,Ukraine,804,408,1038,2115,61162,79843,81618,106373,169,456,955,30759,36759,34503,44629,239,582,1160,30403,43084,47115,61744
7799,Spain,724,UnitedArabEmirates,784,14,22,266,128,225,326,438,7,11,144,68,127,186,247,7,11,122,60,98,140,191
7800,Spain,724,UnitedKingdom,826,61463,74249,118972,222431,319145,305969,303193,28231,34940,57736,110840,160319,152548,150924,33232,39309,61236,111591,158826,153421,152269
7801,Spain,724,UnitedRepublicofTanzania,834,28,43,0,253,293,360,486,14,22,0,135,161,175,232,14,21,0,118,132,185,254
7802,Spain,724,UnitedStatesofAmerica,840,12187,14474,22987,30491,35239,42291,57112,5596,6849,11253,15053,17145,19947,26974,6591,7625,11734,15438,18094,22344,30138
7803,Spain,724,Uruguay,858,10922,12691,19920,65654,84809,73640,81427,5228,6192,9995,33750,43454,37286,40768,5694,6499,9925,31904,41355,36354,40659
7804,Spain,724,Uzbekistan,860,27,41,499,240,507,642,865,10,16,223,105,219,227,295,17,25,276,135,288,415,570
7805,Spain,724,VenezuelaBolivarianRepublicof,862,32469,38704,61587,108707,148147,160478,325667,15105,18104,29787,50911,69142,73721,148762,17364,20600,31800,57796,79005,86757,176905
7806,Spain,724,VietNam,704,363,423,665,765,1112,1634,2205,165,198,321,352,547,753,994,198,225,344,413,565,881,1211
7807,Spain,724,Yemen,887,21,4,56,27,96,139,187,17,3,44,21,74,101,136,4,1,12,6,22,38,51
7808,Spain,724,Zambia,894,13,21,247,119,149,148,198,6,10,116,55,69,69,91,7,11,131,64,80,79,107
7809,Spain,724,Zimbabwe,716,23,35,424,204,303,335,451,11,17,222,105,147,170,225,12,18,202,99,156,165,226
7810,Austria,40,Melanesia,928,55,62,68,73,80,118,118,26,28,32,35,34,55,56,29,34,36,38,46,63,62
7811,Austria,40,Micronesia,954,4,4,4,0,0,2,1,1,1,1,0,0,1,0,3,3,3,0,0,1,1
7812,Austria,40,Polynesia,957,14,16,17,17,18,17,20,4,4,5,5,2,6,7,10,12,12,12,16,11,13
7813,Austria,40,Afghanistan,4,4748,5357,5966,6614,10055,41725,47602,3194,3632,4070,4461,6717,28486,32347,1554,1725,1896,2153,3338,13239,15255
7814,Austria,40,Albania,8,1733,1955,2177,2414,2681,3230,4398,863,989,1116,1209,1314,1568,2134,870,966,1061,1205,1367,1662,2264
7815,Austria,40,Algeria,12,711,802,893,990,1100,1340,1581,541,613,686,755,833,1031,1158,170,189,207,235,267,309,423
7816,Austria,40,Andorra,20,1,2,2,1,1,2,3,1,2,2,1,1,1,3,0,0,0,0,0,1,0
7817,Austria,40,Angola,24,188,212,236,261,291,397,436,103,117,132,143,157,208,232,85,95,104,118,134,189,204
7818,Austria,40,AntiguaandBarbuda,28,4,5,5,5,5,5,8,0,0,0,0,0,0,1,4,5,5,5,5,5,7
7819,Austria,40,Argentina,32,839,947,1054,1168,1297,1490,1698,423,485,547,592,644,718,847,416,462,507,576,653,772,851
7820,Austria,40,Armenia,51,1681,1896,2111,2341,2600,2998,3433,853,977,1101,1194,1299,1437,1605,828,919,1010,1147,1301,1561,1828
7821,Austria,40,Aruba,533,0,0,0,0,0,2,1,0,0,0,0,0,1,0,0,0,0,0,0,1,1
7822,Austria,40,Australia,36,1371,1547,1723,1910,2122,2187,2548,685,786,887,961,1045,1066,1290,686,761,836,949,1077,1121,1258
7823,Austria,40,Azerbaijan,31,592,668,744,825,916,1199,1410,306,351,396,429,467,582,689,286,317,348,396,449,617,721
7824,Austria,40,Bahamas,44,13,15,16,17,18,22,23,7,8,9,10,9,11,14,6,7,7,7,9,11,9
7825,Austria,40,Bahrain,48,12,13,14,15,17,26,41,6,6,7,8,8,11,17,6,7,7,7,9,15,24
7826,Austria,40,Bangladesh,50,1508,1701,1894,2100,2332,2632,3326,1007,1145,1283,1406,1545,1728,2158,501,556,611,694,787,904,1168
7827,Austria,40,Barbados,52,12,13,14,15,17,20,19,6,6,7,8,8,11,11,6,7,7,7,9,9,8
7828,Austria,40,Belarus,112,918,1036,1153,1278,1420,1756,2113,240,283,326,339,354,413,537,678,753,827,939,1066,1343,1576
7829,Austria,40,Belgium,56,1418,1600,1782,1976,2194,2446,3013,679,780,881,953,1033,1144,1501,739,820,901,1023,1161,1302,1512
7830,Austria,40,Belize,84,22,25,28,31,34,7,9,11,12,14,16,16,2,2,11,13,14,15,18,5,7
7831,Austria,40,Benin,204,44,50,55,61,67,97,113,30,34,38,42,45,65,85,14,16,17,19,22,32,28
7832,Austria,40,Bermuda,60,10,12,13,14,15,17,15,4,5,6,7,6,8,8,6,7,7,7,9,9,7
7833,Austria,40,Bhutan,64,14,16,18,19,20,25,23,8,9,11,12,11,13,10,6,7,7,7,9,12,13
7834,Austria,40,BoliviaPlurinationalStateof,68,280,316,352,390,433,457,514,127,146,166,179,193,192,221,153,170,186,211,240,265,293
7835,Austria,40,BosniaandHerzegovina,70,92349,104186,116023,123348,132222,152759,168798,46141,52909,59678,62843,66693,75141,83258,46208,51277,56345,60505,65529,77618,85540
7836,Austria,40,Botswana,72,15,17,18,19,21,21,23,7,8,8,8,8,8,6,8,9,10,11,13,13,17
7837,Austria,40,Brazil,76,2857,3223,3589,3979,4419,4761,6173,1008,1171,1334,1418,1515,1591,2225,1849,2052,2255,2561,2904,3170,3948
7838,Austria,40,BritishVirginIslands,92,0,0,0,0,0,1,1,0,0,0,0,0,1,0,0,0,0,0,0,0,1
7839,Austria,40,BruneiDarussalam,96,3,4,4,4,4,11,8,3,4,4,4,4,8,5,0,0,0,0,0,3,3
7840,Austria,40,Bulgaria,100,8666,9777,10888,12072,13407,20786,29257,3788,4363,4939,5314,5744,8995,13145,4878,5414,5949,6758,7663,11791,16112
7841,Austria,40,BurkinaFaso,854,67,76,84,93,103,132,159,37,43,48,53,57,73,88,30,33,36,40,46,59,71
7842,Austria,40,Burundi,108,53,60,67,74,82,79,99,31,35,40,44,48,38,49,22,25,27,30,34,41,50
7843,Austria,40,CaboVerde,132,22,25,28,31,34,35,54,9,10,12,13,13,11,19,13,15,16,18,21,24,35
7844,Austria,40,Cambodia,116,528,596,663,735,816,815,886,235,270,305,329,355,339,368,293,326,358,406,461,476,518
7845,Austria,40,Cameroon,120,360,407,453,501,557,639,793,227,259,290,316,347,366,439,133,148,163,185,210,273,354
7846,Austria,40,Canada,124,1402,1582,1761,1953,2170,2242,2613,681,782,882,954,1036,1063,1272,721,800,879,999,1134,1179,1341
7847,Austria,40,CaymanIslands,136,0,0,0,0,0,3,6,0,0,0,0,0,2,4,0,0,0,0,0,1,2
7848,Austria,40,CentralAfricanRepublic,140,16,18,20,22,24,21,26,10,11,13,15,15,12,13,6,7,7,7,9,9,13
7849,Austria,40,Chad,148,7,8,9,9,10,21,18,4,5,6,6,6,14,11,3,3,3,3,4,7,7
7850,Austria,40,Chile,152,693,782,870,965,1072,1153,1384,325,374,422,456,494,530,669,368,408,448,509,578,623,715
7851,Austria,40,China,156,9703,10934,12165,13545,15095,14883,17776,4371,4993,5615,6085,6619,6238,7502,5332,5941,6550,7460,8476,8645,10274
7852,Austria,40,China,156,344,154,174,194,215,239,0,0,75,86,98,106,115,0,0,79,88,96,109,124,0
7853,Austria,40,China,156,446,9,10,11,12,13,0,0,3,3,4,5,4,0,0,6,7,7,7,9,0
7854,Austria,40,Colombia,170,864,975,1086,1204,1337,1604,2139,344,398,452,484,521,613,841,520,577,634,720,816,991,1298
7855,Austria,40,Comoros,174,0,0,0,0,0,2,0,0,0,0,0,0,1,0,0,0,0,0,0,1,0
7856,Austria,40,Congo,178,252,284,316,351,390,268,327,140,160,180,197,215,138,181,112,124,136,154,175,130,146
7857,Austria,40,CostaRica,188,99,112,124,137,152,177,220,38,44,49,52,55,73,95,61,68,75,85,97,104,125
7858,Austria,40,CotedIvoire,384,118,133,148,164,182,255,323,83,94,105,116,127,165,201,35,39,43,48,55,90,122
7859,Austria,40,Croatia,191,43774,49385,54995,44242,34090,40118,46770,20473,23527,26581,21129,15943,18435,21991,23301,25858,28414,23113,18147,21683,24779
7860,Austria,40,Cuba,192,485,547,609,675,750,865,1020,148,173,198,208,219,285,366,337,374,411,467,531,580,654
7861,Austria,40,Cyprus,196,178,201,224,248,276,287,346,95,108,122,132,145,146,172,83,93,102,116,131,141,174
7862,Austria,40,Czechia,203,30293,34176,38058,42199,46865,38777,37118,11654,13492,15330,16381,17590,14144,13675,18639,20684,22728,25818,29275,24633,23443
7863,Austria,40,DemPeoplesRepublicofKorea,408,1550,1749,1947,2158,2397,118,113,582,674,767,818,878,60,56,968,1075,1180,1340,1519,58,57
7864,Austria,40,DemocraticRepublicoftheCongo,180,386,436,485,537,597,888,1007,213,244,275,298,326,456,520,173,192,210,239,271,432,487
7865,Austria,40,Denmark,208,782,882,982,1089,1208,1232,1368,338,389,441,475,512,527,604,444,493,541,614,696,705,764
7866,Austria,40,Djibouti,262,4,5,5,5,5,5,8,3,3,3,4,3,4,6,1,2,2,1,2,1,2
7867,Austria,40,Dominica,212,28,32,35,38,42,29,38,8,9,10,10,10,7,13,20,23,25,28,32,22,25
7868,Austria,40,DominicanRepublic,214,1722,1943,2163,2398,2663,2915,3224,499,586,672,705,744,857,1027,1223,1357,1491,1693,1919,2058,2197
7869,Austria,40,Ecuador,218,364,411,457,506,563,648,796,160,184,208,224,242,265,337,204,227,249,282,321,383,459
7870,Austria,40,Egypt,818,8202,9253,10304,11425,12690,13000,14779,5199,5920,6642,7266,7973,8153,9225,3003,3333,3662,4159,4717,4847,5554
7871,Austria,40,ElSalvador,222,38,43,47,52,57,92,108,16,18,20,22,23,40,42,22,25,27,30,34,52,66
7872,Austria,40,EquatorialGuinea,226,6,7,7,7,8,10,7,3,4,4,4,4,5,2,3,3,3,3,4,5,5
7873,Austria,40,Eritrea,232,57,65,72,80,88,228,357,25,29,33,36,38,134,216,32,36,39,44,50,94,141
7874,Austria,40,Estonia,233,206,232,258,286,318,471,571,54,63,73,76,80,139,169,152,169,185,210,238,332,402
7875,Austria,40,Eswatini,748,13,15,17,18,19,25,23,5,6,7,7,6,12,10,8,9,10,11,13,13,13
7876,Austria,40,Ethiopia,231,703,793,883,979,1088,1138,1382,291,336,381,409,441,461,599,412,457,502,570,647,677,783
7877,Austria,40,FaroeIslands,234,0,0,0,0,0,1,0,0,0,0,0,0,1,0,0,0,0,0,0,0,0
7878,Austria,40,Fiji,242,10,11,12,13,14,26,25,4,4,4,5,4,11,10,6,7,8,8,10,15,15
7879,Austria,40,Finland,246,880,993,1106,1226,1361,1490,1771,242,285,329,343,359,421,556,638,708,777,883,1002,1069,1215
7880,Austria,40,France,250,4939,5572,6205,6879,7639,7943,9184,2236,2572,2909,3136,3394,3501,4213,2703,3000,3296,3743,4245,4442,4971
7881,Austria,40,FrenchPolynesia,258,0,0,0,0,0,5,7,0,0,0,0,0,3,4,0,0,0,0,0,2,3
7882,Austria,40,Gabon,266,14,16,18,19,20,35,46,9,10,12,13,12,23,22,5,6,6,6,8,12,24
7883,Austria,40,Gambia,270,346,391,435,483,536,599,760,310,351,391,434,480,507,623,36,40,44,49,56,92,137
7884,Austria,40,Georgia,268,1827,2061,2295,2544,2825,3028,3716,949,1087,1225,1329,1446,1317,1627,878,974,1070,1215,1379,1711,2089
7885,Austria,40,Germany,276,100832,113756,126680,157809,190769,206750,232836,40249,46527,52805,69201,86357,94448,109814,60583,67229,73875,88608,104412,112302,123022
7886,Austria,40,Ghana,288,1363,1538,1712,1898,2108,2120,2339,785,897,1008,1099,1201,1212,1360,578,641,704,799,907,908,979
7887,Austria,40,Gibraltar,292,0,0,0,0,0,9,11,0,0,0,0,0,4,6,0,0,0,0,0,5,5
7888,Austria,40,Greece,300,2205,2488,2770,3071,3411,5060,6778,1411,1606,1801,1971,2163,2962,3927,794,882,969,1100,1248,2098,2851
7889,Austria,40,Greenland,304,0,0,0,0,0,2,2,0,0,0,0,0,1,0,0,0,0,0,0,1,2
7890,Austria,40,Grenada,308,8,9,10,11,12,15,18,3,3,4,5,4,6,7,5,6,6,6,8,9,11
7891,Austria,40,Guam,316,1,1,1,0,0,0,0,1,1,1,0,0,0,0,0,0,0,0,0,0,0
7892,Austria,40,Guatemala,320,206,232,258,286,318,373,433,105,120,135,147,159,199,228,101,112,123,139,159,174,205
7893,Austria,40,Guinea,324,166,188,209,232,257,313,461,131,149,166,184,202,228,325,35,39,43,48,55,85,136
7894,Austria,40,GuineaBissau,624,38,43,47,52,57,74,96,34,38,42,47,50,63,76,4,5,5,5,7,11,20
7895,Austria,40,Guyana,328,10,12,13,14,15,18,19,2,3,3,3,2,5,5,8,9,10,11,13,13,14
7896,Austria,40,Haiti,332,35,39,43,48,53,86,108,15,17,19,21,22,39,52,20,22,24,27,31,47,56
7897,Austria,40,Honduras,340,54,61,68,75,83,99,124,22,25,29,31,33,32,48,32,36,39,44,50,67,76
7898,Austria,40,Hungary,348,14405,16251,18097,27834,37893,59149,79205,4769,5557,6346,11625,16996,26451,36102,9636,10694,11751,16209,20897,32698,43103
7899,Austria,40,Iceland,352,104,117,130,144,160,176,206,47,54,61,65,70,87,113,57,63,69,79,90,89,93
7900,Austria,40,India,356,7478,8436,9394,10416,11569,12586,14992,4369,4986,5603,6110,6685,7253,8675,3109,3450,3791,4306,4884,5333,6317
7901,Austria,40,Indonesia,360,669,755,841,932,1035,1202,1442,220,257,294,311,331,377,463,449,498,547,621,704,825,979
7902,Austria,40,IranIslamicRepublicof,364,8535,9629,10723,11889,13205,15582,24092,4827,5514,6201,6753,7381,8503,13784,3708,4115,4522,5136,5824,7079,10308
7903,Austria,40,Iraq,368,3043,3433,3823,4238,4707,15474,15343,1897,2161,2426,2651,2908,9499,9801,1146,1272,1397,1587,1799,5975,5542
7904,Austria,40,Ireland,372,544,614,683,756,840,1047,1290,303,346,389,422,461,593,751,241,268,294,334,379,454,539
7905,Austria,40,Israel,376,1412,1593,1774,1967,2184,2109,2226,795,908,1021,1112,1215,1187,1283,617,685,753,855,969,922,943
7906,Austria,40,Italy,380,18566,20946,23325,24180,25341,28164,34205,7824,9025,10226,11422,12741,14569,18423,10742,11921,13099,12758,12600,13595,15782
7907,Austria,40,Jamaica,388,115,130,144,159,177,203,222,49,57,64,68,74,81,92,66,73,80,91,103,122,130
7908,Austria,40,Japan,392,1636,1846,2055,2278,2530,2511,2867,483,567,650,682,720,701,857,1153,1279,1405,1596,1810,1810,2010
7909,Austria,40,Jordan,400,412,465,518,574,638,677,958,286,325,365,400,440,450,598,126,140,153,174,198,227,360
7910,Austria,40,Kazakhstan,398,608,686,763,846,940,1825,2414,230,266,302,322,346,640,845,378,420,461,524,594,1185,1569
7911,Austria,40,Kenya,404,542,611,680,753,837,1015,1254,176,205,234,246,262,296,376,366,406,446,507,575,719,878
7912,Austria,40,Kuwait,414,140,158,175,194,215,258,490,90,102,114,125,136,166,307,50,56,61,69,79,92,183
7913,Austria,40,Kyrgyzstan,417,357,403,449,497,552,777,980,121,141,161,170,181,254,335,236,262,288,327,371,523,645
7914,Austria,40,LaoPeoplesDemocraticRepublic,418,69,78,86,95,105,120,134,31,36,40,43,45,53,59,38,42,46,52,60,67,75
7915,Austria,40,Latvia,428,445,502,559,619,688,1304,1708,138,161,185,194,205,426,583,307,341,374,425,483,878,1125
7916,Austria,40,Lebanon,422,1015,1145,1275,1413,1570,1566,1942,609,694,780,851,933,906,1104,406,451,495,562,637,660,838
7917,Austria,40,Lesotho,426,3,3,3,3,3,4,6,0,0,0,0,0,0,1,3,3,3,3,3,4,5
7918,Austria,40,Liberia,430,150,170,189,210,233,239,240,125,142,159,177,195,191,188,25,28,30,33,38,48,52
7919,Austria,40,Libya,434,254,287,319,353,392,741,910,150,172,193,211,230,420,541,104,115,126,142,162,321,369
7920,Austria,40,Liechtenstein,438,208,235,261,289,322,317,332,81,94,106,113,122,125,132,127,141,155,176,200,192,200
7921,Austria,40,Lithuania,440,501,565,629,697,775,1206,1537,169,196,224,238,254,377,509,332,369,405,459,521,829,1028
7922,Austria,40,Luxembourg,442,420,474,528,585,650,836,1178,224,256,289,314,342,454,663,196,218,239,271,308,382,515
7923,Austria,40,Madagascar,450,42,47,52,57,63,105,133,12,13,15,16,16,26,39,30,34,37,41,47,79,94
7924,Austria,40,Malawi,454,21,24,27,29,32,51,51,11,13,15,16,16,26,31,10,11,12,13,16,25,20
7925,Austria,40,Malaysia,458,266,300,334,370,410,484,588,126,145,164,177,190,202,243,140,155,170,193,220,282,345
7926,Austria,40,Maldives,462,5,6,6,6,7,13,14,4,4,4,5,5,9,11,1,2,2,1,2,4,3
7927,Austria,40,Mali,466,54,61,68,76,84,112,125,39,44,50,56,61,80,90,15,17,18,20,23,32,35
7928,Austria,40,Malta,470,60,68,76,84,92,101,121,26,30,34,37,39,43,55,34,38,42,47,53,58,66
7929,Austria,40,Mauritania,478,19,21,23,25,28,24,31,18,19,21,24,26,23,28,1,2,2,1,2,1,3
7930,Austria,40,Mauritius,480,63,72,80,88,97,113,126,30,35,39,42,45,42,51,33,37,41,46,52,71,75
7931,Austria,40,Mexico,484,832,939,1046,1159,1287,1705,2277,348,402,456,490,528,697,943,484,537,590,669,759,1008,1334
7932,Austria,40,MicronesiaFedStatesof,583,1,1,1,0,0,1,1,0,0,0,0,0,0,0,1,1,1,0,0,1,1
7933,Austria,40,Monaco,492,14,16,18,19,20,26,23,6,7,9,9,8,14,14,8,9,9,10,12,12,9
7934,Austria,40,Mongolia,496,993,1120,1247,1383,1537,1825,2242,353,409,466,496,532,550,724,640,711,781,887,1005,1275,1518
7935,Austria,40,Montenegro,499,12031,13573,15115,16759,18613,1643,1937,5919,6790,7662,8293,9012,796,943,6112,6783,7453,8466,9601,847,994
7936,Austria,40,Morocco,504,1061,1197,1333,1478,1641,1968,2411,581,664,747,813,888,1107,1320,480,533,586,665,753,861,1091
7937,Austria,40,Mozambique,508,37,42,47,51,56,91,98,16,19,22,23,24,38,40,21,23,25,28,32,53,58
7938,Austria,40,Myanmar,104,39,44,49,54,59,95,134,17,19,22,24,25,42,63,22,25,27,30,34,53,71
7939,Austria,40,Namibia,516,101,114,127,140,156,214,246,40,46,53,56,60,84,99,61,68,74,84,96,130,147
7940,Austria,40,Nauru,520,1,1,1,0,0,0,0,0,0,0,0,0,0,0,1,1,1,0,0,0,0
7941,Austria,40,Nepal,524,323,365,406,450,500,610,799,207,236,264,289,317,355,434,116,129,142,161,183,255,365
7942,Austria,40,Netherlands,528,4668,5267,5865,6503,7222,7855,9128,2279,2616,2952,3194,3471,3787,4579,2389,2651,2913,3309,3751,4068,4549
7943,Austria,40,NewCaledonia,540,0,0,0,0,0,1,0,0,0,0,0,0,0,0,0,0,0,0,0,1,0
7944,Austria,40,NewZealand,554,244,275,306,340,378,451,492,132,151,170,186,203,238,269,112,124,136,154,175,213,223
7945,Austria,40,Nicaragua,558,115,130,144,159,177,222,275,46,53,60,64,69,88,111,69,77,84,95,108,134,164
7946,Austria,40,Niger,562,17,20,22,24,26,38,40,11,13,15,17,17,24,24,6,7,7,7,9,14,16
7947,Austria,40,Nigeria,566,4673,5273,5872,6510,7229,7170,8535,3239,3681,4123,4523,4976,4659,5378,1434,1592,1749,1987,2253,2511,3157
7948,Austria,40,NorthMacedonia,807,12075,13623,15170,16821,18680,22352,26880,6624,7574,8523,9271,10118,11657,14030,5451,6049,6647,7550,8562,10695,12850
7949,Austria,40,Norway,578,533,601,669,742,824,737,860,208,240,272,292,313,286,380,325,361,397,450,511,451,480
7950,Austria,40,Oman,512,17,20,22,24,26,139,102,9,11,12,13,13,99,71,8,9,10,11,13,40,31
7951,Austria,40,Pakistan,586,2651,2991,3331,3694,4102,4985,6097,1733,1972,2212,2423,2661,3358,4076,918,1019,1119,1271,1441,1627,2021
7952,Austria,40,Palau,585,1,1,1,0,0,1,0,0,0,0,0,0,1,0,1,1,1,0,0,0,0
7953,Austria,40,Panama,591,34,39,43,47,52,63,65,13,15,17,18,19,23,26,21,24,26,29,33,40,39
7954,Austria,40,PapuaNewGuinea,598,33,37,41,45,50,79,76,17,19,22,24,25,38,37,16,18,19,21,25,41,39
7955,Austria,40,Paraguay,600,125,142,158,175,194,207,217,53,62,70,75,81,87,91,72,80,88,100,113,120,126
7956,Austria,40,Peru,604,930,1049,1168,1295,1438,1570,1816,309,360,411,436,464,506,636,621,689,757,859,974,1064,1180
7957,Austria,40,Philippines,608,7633,8611,9589,10632,11807,12138,13297,2584,3008,3432,3639,3877,3842,4257,5049,5603,6157,6993,7930,8296,9040
7958,Austria,40,Poland,616,33851,38190,42528,49078,56232,67217,75752,14262,16452,18641,22013,25601,31386,36503,19589,21738,23887,27065,30631,35831,39249
7959,Austria,40,Portugal,620,949,1071,1192,1322,1468,2303,2930,556,635,713,779,852,1335,1730,393,436,479,543,616,968,1200
7960,Austria,40,PuertoRico,630,3,4,4,4,4,0,0,1,2,2,2,1,0,0,2,2,2,2,3,0,0
7961,Austria,40,Qatar,634,15,17,18,19,21,29,63,9,10,11,12,12,22,40,6,7,7,7,9,7,23
7962,Austria,40,RepublicofKorea,410,0,0,0,0,0,2210,2553,0,0,0,0,0,778,926,0,0,0,0,0,1432,1627
7963,Austria,40,RepublicofMoldova,498,980,1106,1231,1364,1516,2084,3298,374,433,492,525,565,731,1257,606,673,739,839,951,1353,2041
7964,Austria,40,Romania,642,24968,28168,31368,45357,59878,87770,121355,9408,10901,12394,19252,26272,39163,57536,15560,17267,18974,26105,33606,48607,63819
7965,Austria,40,RussianFederation,643,17059,19246,21433,23765,26393,30501,34745,7491,8628,9766,10513,11366,12228,13852,9568,10618,11667,13252,15027,18273,20893
7966,Austria,40,Rwanda,646,117,132,146,162,180,217,250,65,74,82,89,97,116,124,52,58,64,73,83,101,126
7967,Austria,40,SaintHelena,654,0,0,0,0,0,1,0,0,0,0,0,0,1,0,0,0,0,0,0,0,0
7968,Austria,40,SaintKittsandNevis,659,1,2,2,1,1,2,0,0,0,0,0,0,1,0,1,2,2,1,1,1,0
7969,Austria,40,SaintLucia,662,8,9,10,10,11,14,16,5,6,7,7,7,9,10,3,3,3,3,4,5,6
7970,Austria,40,SaintVincentandtheGrenadines,670,6,7,7,7,8,10,12,3,4,4,4,4,4,6,3,3,3,3,4,6,6
7971,Austria,40,Samoa,882,3,3,3,3,3,6,6,1,1,1,1,0,2,3,2,2,2,2,3,4,3
7972,Austria,40,SanMarino,674,1,1,1,0,0,2,1,0,0,0,0,0,0,0,1,1,1,0,0,2,1
7973,Austria,40,SaoTomeandPrincipe,678,1,2,2,1,1,2,1,0,1,1,1,0,2,1,1,1,1,0,1,0,0
7974,Austria,40,SaudiArabia,682,263,297,331,367,406,609,828,154,176,198,217,235,331,467,109,121,133,150,171,278,361
7975,Austria,40,Senegal,686,184,208,232,256,285,331,383,124,141,159,173,190,228,265,60,67,73,83,95,103,118
7976,Austria,40,Serbia,688,107506,121286,135065,149761,166318,160038,177609,52702,60470,68237,73849,80240,76566,86099,54804,60816,66828,75912,86078,83472,91510
7977,Austria,40,Seychelles,690,24,27,30,33,36,29,32,10,11,13,14,14,12,13,14,16,17,19,22,17,19
7978,Austria,40,SierraLeone,694,147,166,185,205,228,227,236,112,127,143,158,174,165,170,35,39,42,47,54,62,66
7979,Austria,40,Singapore,702,158,179,199,220,244,284,347,61,71,81,87,92,115,136,97,108,118,133,152,169,211
7980,Austria,40,Slovakia,703,14965,16884,18802,20847,23153,34090,42800,5341,6204,7066,7516,8037,12092,15835,9624,10680,11736,13331,15116,21998,26965
7981,Austria,40,Slovenia,705,12724,14355,15986,15523,15259,20300,24263,4904,5677,6451,6516,6650,8919,11132,7820,8678,9535,9007,8609,11381,13131
7982,Austria,40,SolomonIslands,90,8,9,10,10,11,5,11,4,4,5,5,5,3,6,4,5,5,5,6,2,5
7983,Austria,40,Somalia,706,670,756,841,932,1500,6103,8547,406,463,519,566,899,4014,5473,264,293,322,366,601,2089,3074
7984,Austria,40,SouthAfrica,710,1538,1736,1933,2143,2380,2336,2871,679,783,886,953,1031,1016,1300,859,953,1047,1190,1349,1320,1571
7985,Austria,40,Spain,724,2271,2562,2853,3163,3512,5988,7575,1042,1198,1354,1460,1582,2880,3669,1229,1364,1499,1703,1930,3108,3906
7986,Austria,40,SriLanka,144,540,610,679,752,836,852,973,294,337,379,412,450,451,515,246,273,300,340,386,401,458
7987,Austria,40,StateofPalestine,275,152,172,191,212,236,384,352,108,123,137,151,166,256,232,44,49,54,61,70,128,120
7988,Austria,40,Sudan,729,350,395,440,488,541,663,783,258,293,328,360,396,472,529,92,102,112,128,145,191,254
7989,Austria,40,Suriname,740,11,13,14,15,16,22,22,6,7,8,9,8,11,9,5,6,6,6,8,11,13
7990,Austria,40,Sweden,752,1956,2207,2457,2724,3026,2808,3051,814,940,1065,1143,1233,1122,1268,1142,1267,1392,1581,1793,1686,1783
7991,Austria,40,Switzerland,756,8704,9820,10935,12125,13466,13842,15405,4006,4606,5206,5617,6086,6185,7046,4698,5214,5729,6508,7380,7657,8359
7992,Austria,40,SyrianArabRepublic,760,1828,2063,2297,2547,2828,33563,53259,1146,1306,1465,1603,1756,24296,31356,682,757,832,944,1072,9267,21903
7993,Austria,40,Tajikistan,762,157,177,197,218,242,472,633,69,79,90,96,104,221,310,88,98,107,122,138,251,323
7994,Austria,40,Thailand,764,3088,3484,3879,4301,4776,5369,6244,512,625,738,733,731,717,900,2576,2859,3141,3568,4045,4652,5344
7995,Austria,40,TimorLeste,626,0,0,0,0,0,35,35,0,0,0,0,0,11,10,0,0,0,0,0,24,25
7996,Austria,40,Togo,768,120,136,151,167,186,202,220,75,86,96,105,115,124,137,45,50,55,62,71,78,83
7997,Austria,40,Tonga,776,4,5,5,5,5,6,7,1,1,1,1,0,1,0,3,4,4,4,5,5,7
7998,Austria,40,TrinidadandTobago,780,38,43,48,53,58,107,111,15,17,19,21,22,44,49,23,26,29,32,36,63,62
7999,Austria,40,Tunisia,788,2033,2294,2554,2832,3145,3544,4181,1420,1614,1807,1984,2183,2412,2772,613,680,747,848,962,1132,1409
8000,Austria,40,Turkey,792,88108,99359,110695,133248,157450,153899,159999,46640,53389,60129,71612,83829,80010,83627,41468,45970,50566,61636,73621,73889,76372
8001,Austria,40,Turkmenistan,795,77,87,97,108,119,199,230,26,30,35,38,39,51,79,51,57,62,70,80,148,151
8002,Austria,40,Tuvalu,798,7,8,9,9,10,0,0,2,2,3,3,2,0,0,5,6,6,6,8,0,0
8003,Austria,40,Uganda,800,150,170,189,210,233,292,374,79,91,102,111,121,151,179,71,79,87,99,112,141,195
8004,Austria,40,Ukraine,804,4534,5115,5696,6315,7014,10243,14046,1337,1567,1797,1887,1993,2992,4362,3197,3548,3899,4428,5021,7251,9684
8005,Austria,40,UnitedArabEmirates,784,97,109,121,134,149,296,558,46,52,59,63,68,155,289,51,57,62,71,81,141,269
8006,Austria,40,UnitedKingdom,826,6067,6845,7622,8450,9384,9925,11721,3247,3715,4183,4544,4954,5300,6375,2820,3130,3439,3906,4430,4625,5346
8007,Austria,40,UnitedRepublicofTanzania,834,86,98,109,121,133,187,223,44,51,58,63,67,101,108,42,47,51,58,66,86,115
8008,Austria,40,UnitedStatesofAmerica,840,6088,6869,7649,8481,9419,10070,11648,3020,3464,3907,4230,4599,4822,5721,3068,3405,3742,4251,4820,5248,5927
8009,Austria,40,Uruguay,858,155,175,195,216,240,224,273,70,81,92,99,107,104,132,85,94,103,117,133,120,141
8010,Austria,40,Uzbekistan,860,415,469,522,579,643,978,1190,184,213,241,260,281,412,511,231,256,281,319,362,566,679
8011,Austria,40,Vanuatu,548,4,5,5,5,5,7,6,1,1,1,1,0,3,3,3,4,4,4,5,4,3
8012,Austria,40,VenezuelaBolivarianRepublicof,862,504,569,633,702,780,919,1302,201,232,263,282,303,367,534,303,337,370,420,477,552,768
8013,Austria,40,VietNam,704,1842,2078,2314,2566,2849,2856,3412,862,990,1119,1209,1310,1244,1464,980,1088,1195,1357,1539,1612,1948
8014,Austria,40,WesternSahara,732,0,0,0,0,0,1,4,0,0,0,0,0,1,1,0,0,0,0,0,0,3
8015,Austria,40,Yemen,887,52,59,65,72,80,115,366,31,35,39,43,47,77,231,21,24,26,29,33,38,135
8016,Austria,40,Zambia,894,63,71,79,87,96,103,130,26,30,34,37,39,40,52,37,41,45,50,57,63,78
8017,Austria,40,Zimbabwe,716,165,186,207,229,254,315,352,82,93,105,113,123,150,169,83,93,102,116,131,165,183
8018,Belgium,56,Melanesia,928,114,114,114,117,151,161,164,69,69,69,69,58,63,62,45,45,45,48,93,98,102
8019,Belgium,56,Micronesia,954,0,0,0,0,2,0,0,0,0,0,0,0,0,0,0,0,0,0,2,0,0
8020,Belgium,56,Polynesia,957,0,0,0,0,91,123,117,0,0,0,0,37,49,44,0,0,0,0,54,74,73
8021,Belgium,56,Afghanistan,4,93,79,60,2479,4242,12819,24670,46,40,31,1522,2566,8950,17449,47,39,29,957,1676,3869,7221
8022,Belgium,56,Albania,8,2157,2143,2067,3277,6129,9380,11937,1102,1092,1056,1693,3110,4711,5925,1055,1051,1011,1584,3019,4669,6012
8023,Belgium,56,Algeria,12,26077,24149,21519,18450,22372,25666,27491,15089,13661,11875,10605,12539,14539,15180,10988,10488,9644,7845,9833,11127,12311
8024,Belgium,56,Andorra,20,0,0,0,0,39,45,42,0,0,0,0,20,24,21,0,0,0,0,19,21,21
8025,Belgium,56,Angola,24,1282,985,658,3201,4804,6327,7095,664,526,373,1640,2476,3223,3579,618,459,285,1561,2328,3104,3516
8026,Belgium,56,AntiguaandBarbuda,28,0,0,0,0,2,2,1,0,0,0,0,1,1,0,0,0,0,0,1,1,1
8027,Belgium,56,Argentina,32,1156,1152,1114,1674,1969,2261,2587,536,532,515,806,926,1071,1198,620,620,599,868,1043,1190,1389
8028,Belgium,56,Armenia,51,7,6,4,332,846,1413,1834,4,3,2,159,460,769,964,3,3,2,173,386,644,870
8029,Belgium,56,Australia,36,681,941,1173,1273,1368,1487,1598,361,482,591,614,706,764,832,320,459,582,659,662,723,766
8030,Belgium,56,Austria,40,1293,1917,2486,2935,3250,3296,3354,689,968,1223,1417,1349,1406,1441,604,949,1263,1518,1901,1890,1913
8031,Belgium,56,Azerbaijan,31,8,6,5,71,122,202,292,4,3,3,32,69,117,159,4,3,2,39,53,85,133
8032,Belgium,56,Bahamas,44,13,13,6,26,13,15,13,7,7,0,13,8,8,6,6,6,6,13,5,7,7
8033,Belgium,56,Bahrain,48,55,55,27,55,55,52,60,55,55,27,55,31,30,31,0,0,0,0,24,22,29
8034,Belgium,56,Bangladesh,50,554,820,1064,1608,1961,2706,2694,370,546,709,965,1199,1732,1597,184,274,355,643,762,974,1097
8035,Belgium,56,Barbados,52,20,20,20,28,24,17,22,4,4,4,8,9,5,11,16,16,16,20,15,12,11
8036,Belgium,56,Belarus,112,150,149,144,231,366,481,585,53,52,51,82,198,238,270,97,97,93,149,168,243,315
8037,Belgium,56,Belize,84,0,0,0,0,10,13,12,0,0,0,0,5,6,4,0,0,0,0,5,7,8
8038,Belgium,56,Benin,204,1748,1380,972,629,900,1387,1640,1137,841,522,401,534,822,934,611,539,450,228,366,565,706
8039,Belgium,56,Bermuda,60,0,0,0,0,29,31,30,0,0,0,0,9,13,13,0,0,0,0,20,18,17
8040,Belgium,56,Bhutan,64,158,158,153,236,272,280,269,99,99,97,161,194,193,185,59,59,56,75,78,87,84
8041,Belgium,56,BoliviaPlurinationalStateof,68,778,778,752,932,945,1152,1274,325,325,315,405,402,461,516,453,453,437,527,543,691,758
8042,Belgium,56,BosniaandHerzegovina,70,308,306,295,215,267,521,714,156,155,149,111,149,263,347,152,151,146,104,118,258,367
8043,Belgium,56,Botswana,72,24,24,21,30,30,45,38,12,12,9,9,17,20,20,12,12,12,21,13,25,18
8044,Belgium,56,Brazil,76,1585,2304,2958,4948,9222,12618,16345,701,855,992,1749,3702,4939,6547,884,1449,1966,3199,5520,7679,9798
8045,Belgium,56,BritishVirginIslands,92,0,0,0,0,4,7,5,0,0,0,0,0,1,0,0,0,0,0,4,6,5
8046,Belgium,56,BruneiDarussalam,96,0,0,0,0,13,16,21,0,0,0,0,5,7,9,0,0,0,0,8,9,12
8047,Belgium,56,Bulgaria,100,996,1069,1111,4505,14355,28749,37595,385,420,444,2150,7039,14340,18710,611,649,667,2355,7316,14409,18885
8048,Belgium,56,BurkinaFaso,854,488,487,472,664,868,1348,1664,299,298,290,396,450,694,832,189,189,182,268,418,654,832
8049,Belgium,56,Burundi,108,1251,1506,1719,4238,5827,6824,8485,701,799,881,2037,2593,3028,3761,550,707,838,2201,3234,3796,4724
8050,Belgium,56,CaboVerde,132,459,459,445,540,582,735,919,165,165,158,197,257,334,421,294,294,287,343,325,401,498
8051,Belgium,56,Cambodia,116,986,980,950,1277,1384,1444,1502,403,397,385,468,577,566,565,583,583,565,809,807,878,937
8052,Belgium,56,Cameroon,120,2109,2173,2174,4528,9675,16056,21165,1110,1149,1158,2281,4656,7683,10032,999,1024,1016,2247,5019,8373,11133
8053,Belgium,56,Canada,124,2638,3302,3871,4358,4792,4917,5075,1340,1639,1897,2000,2159,2212,2331,1298,1663,1974,2358,2633,2705,2744
8054,Belgium,56,CaymanIslands,136,0,0,0,0,0,1,0,0,0,0,0,0,1,0,0,0,0,0,0,0,0
8055,Belgium,56,CentralAfricanRepublic,140,190,187,182,270,300,411,498,95,92,90,139,157,228,268,95,95,92,131,143,183,230
8056,Belgium,56,Chad,148,202,202,196,304,362,496,545,116,116,112,188,204,278,299,86,86,84,116,158,218,246
8057,Belgium,56,Chile,152,4908,4983,4912,4499,4002,4223,4350,2638,2604,2500,2221,1920,2015,2093,2270,2379,2412,2278,2082,2208,2257
8058,Belgium,56,China,156,4851,5889,6757,12247,15591,19048,21418,2747,2971,3121,5821,6415,8034,8840,2104,2918,3636,6426,9176,11014,12578
8059,Belgium,56,Colombia,170,1897,2318,2671,4197,4836,6119,7250,848,929,989,1606,1994,2490,2938,1049,1389,1682,2591,2842,3629,4312
8060,Belgium,56,Comoros,174,0,0,0,0,69,88,91,0,0,0,0,27,30,33,0,0,0,0,42,58,58
8061,Belgium,56,Congo,178,6195,4892,3445,5235,4151,4084,3948,4028,2982,1848,2652,1986,1943,1861,2167,1910,1597,2583,2165,2141,2087
8062,Belgium,56,CostaRica,188,136,136,131,181,232,284,349,66,66,63,84,100,129,159,70,70,68,97,132,155,190
8063,Belgium,56,CotedIvoire,384,642,874,1080,2317,3856,5642,6711,417,510,592,1307,2054,2889,3396,225,364,488,1010,1802,2753,3315
8064,Belgium,56,Croatia,191,48,72,93,92,109,249,558,23,35,45,42,47,111,256,25,37,48,50,62,138,302
8065,Belgium,56,Cuba,192,335,495,642,1206,1397,1724,1926,114,167,219,406,512,660,742,221,328,423,800,885,1064,1184
8066,Belgium,56,Cyprus,196,77,77,74,184,382,488,557,32,32,30,89,197,251,281,45,45,44,95,185,237,276
8067,Belgium,56,Czechia,203,37,55,71,188,347,657,800,19,25,29,71,175,319,352,18,30,42,117,172,338,448
8068,Belgium,56,DemPeoplesRepublicofKorea,408,1679,1674,1623,1086,73,131,94,683,678,662,449,34,66,43,996,996,961,637,39,65,51
8069,Belgium,56,DemocraticRepublicoftheCongo,180,45711,47249,46718,60825,76139,83629,86925,23531,25101,23993,29910,35593,38440,39657,22180,22148,22725,30915,40546,45189,47268
8070,Belgium,56,Denmark,208,2030,2442,2783,2712,2617,2405,2467,939,1144,1320,1287,1201,1084,1135,1091,1298,1463,1425,1416,1321,1332
8071,Belgium,56,Djibouti,262,76,76,73,311,687,1212,1464,39,39,38,160,349,606,705,37,37,35,151,338,606,759
8072,Belgium,56,Dominica,212,97,97,93,119,101,147,198,49,49,49,56,30,49,73,48,48,44,63,71,98,125
8073,Belgium,56,DominicanRepublic,214,1804,1792,1728,1725,2005,2666,3078,558,552,536,644,720,969,1180,1246,1240,1192,1081,1285,1697,1898
8074,Belgium,56,Ecuador,218,1603,1598,1547,2754,4356,6145,6712,621,617,600,1061,1747,2469,2696,982,981,947,1693,2609,3676,4016
8075,Belgium,56,Egypt,818,1638,1627,1570,2223,3194,4322,5188,1152,1144,1105,1536,2207,2952,3463,486,483,465,687,987,1370,1725
8076,Belgium,56,ElSalvador,222,276,272,264,360,386,547,1081,114,110,110,149,166,236,488,162,162,154,211,220,311,593
8077,Belgium,56,EquatorialGuinea,226,2142,1692,1191,19,39,82,118,1393,1032,639,13,11,22,34,749,660,552,6,28,60,84
8078,Belgium,56,Eritrea,232,1,1,1,4,13,248,2464,1,1,1,2,5,174,1589,0,0,0,2,8,74,875
8079,Belgium,56,Estonia,233,58,57,55,246,511,729,962,26,26,25,80,149,241,291,32,31,30,166,362,488,671
8080,Belgium,56,Eswatini,748,0,0,0,0,58,66,61,0,0,0,0,21,27,20,0,0,0,0,37,39,41
8081,Belgium,56,Ethiopia,231,3433,2711,1909,1522,2561,4056,5283,2232,1653,1024,790,1282,2218,2926,1201,1058,885,732,1279,1838,2357
8082,Belgium,56,Fiji,242,15,15,15,18,25,26,24,3,3,3,3,7,12,11,12,12,12,15,18,14,13
8083,Belgium,56,Finland,246,473,1541,2565,2672,2816,2560,2666,217,622,1014,1033,994,888,932,256,919,1551,1639,1822,1672,1734
8084,Belgium,56,France,250,109361,123438,133707,144642,171198,182214,189544,51521,59024,63845,68845,75933,82542,86903,57840,64414,69862,75797,95265,99672,102641
8085,Belgium,56,FrenchPolynesia,258,0,0,0,0,82,114,105,0,0,0,0,33,47,43,0,0,0,0,49,67,62
8086,Belgium,56,Gabon,266,308,306,296,451,545,614,770,160,158,154,230,268,284,340,148,148,142,221,277,330,430
8087,Belgium,56,Gambia,270,194,194,187,290,435,711,934,125,125,120,185,259,446,585,69,69,67,105,176,265,349
8088,Belgium,56,Georgia,268,184,183,176,128,262,499,690,91,90,87,63,133,251,366,93,93,89,65,129,248,324
8089,Belgium,56,Germany,276,55851,65226,72016,74729,84012,81532,81650,28588,34230,36970,37404,37726,36932,37479,27263,30996,35046,37325,46286,44600,44171
8090,Belgium,56,Ghana,288,2921,2903,2801,4979,6263,8956,10443,1520,1508,1458,2537,3252,4663,5460,1401,1395,1343,2442,3011,4293,4983
8091,Belgium,56,Gibraltar,292,0,0,0,0,9,11,11,0,0,0,0,6,5,4,0,0,0,0,3,6,7
8092,Belgium,56,Greece,300,19584,18488,16857,14891,14217,16193,18201,10643,9954,9010,7725,7078,8045,9041,8941,8534,7847,7166,7139,8148,9160
8093,Belgium,56,Greenland,304,0,0,0,0,2,3,3,0,0,0,0,0,1,0,0,0,0,0,2,2,3
8094,Belgium,56,Grenada,308,0,0,0,0,3,3,5,0,0,0,0,2,2,2,0,0,0,0,1,1,3
8095,Belgium,56,Guatemala,320,5732,5692,5493,538,745,832,890,3384,3355,3247,244,353,400,421,2348,2337,2246,294,392,432,469
8096,Belgium,56,Guinea,324,795,793,767,1920,5147,12984,17039,547,545,528,1158,2934,6758,8672,248,248,239,762,2213,6226,8367
8097,Belgium,56,GuineaBissau,624,124,121,117,171,171,276,364,57,54,53,72,95,162,213,67,67,64,99,76,114,151
8098,Belgium,56,Guyana,328,92,92,88,102,79,92,101,23,23,23,23,32,37,37,69,69,65,79,47,55,64
8099,Belgium,56,Haiti,332,1799,1784,1725,1549,1821,1925,2038,937,929,900,809,796,853,902,862,855,825,740,1025,1072,1136
8100,Belgium,56,Honduras,340,96,96,93,131,173,261,322,32,32,32,41,57,77,99,64,64,61,90,116,184,223
8101,Belgium,56,Hungary,348,1309,1593,1832,3821,6738,8032,8293,718,755,773,1737,3071,3640,3595,591,838,1059,2084,3667,4392,4698
8102,Belgium,56,Iceland,352,117,116,112,144,175,233,231,54,53,51,68,76,99,97,63,63,61,76,99,134,134
8103,Belgium,56,India,356,5343,6415,7298,10615,15220,19815,25900,3316,3840,4259,6440,7792,10320,13499,2027,2575,3039,4175,7428,9495,12401
8104,Belgium,56,Indonesia,360,1692,1838,1928,2612,3251,3354,3598,892,821,726,837,1276,1257,1267,800,1017,1202,1775,1975,2097,2331
8105,Belgium,56,IranIslamicRepublicof,364,3157,2480,1731,4428,8564,10554,11918,1854,1371,850,2442,4804,5912,6543,1303,1109,881,1986,3760,4642,5375
8106,Belgium,56,Iraq,368,70,59,45,1799,5144,11076,21413,35,30,24,1096,3239,7010,13475,35,29,21,703,1905,4066,7938
8107,Belgium,56,Ireland,372,1630,2195,2697,2692,2982,3333,3425,728,986,1221,1255,1432,1666,1724,902,1209,1476,1437,1550,1667,1701
8108,Belgium,56,Israel,376,4093,4018,3827,3574,3426,3532,3418,2366,2257,2091,1989,1982,2095,1999,1727,1761,1736,1585,1444,1437,1419
8109,Belgium,56,Italy,380,176201,163850,146188,125883,120395,119955,121283,94592,89295,79663,67902,61904,61660,62419,81609,74555,66525,57981,58491,58295,58864
8110,Belgium,56,Jamaica,388,264,264,255,304,338,397,463,97,97,94,119,122,155,199,167,167,161,185,216,242,264
8111,Belgium,56,Japan,392,3001,3490,3878,4238,4829,4677,4804,1572,1759,1901,1970,2181,1994,2076,1429,1731,1977,2268,2648,2683,2728
8112,Belgium,56,Jordan,400,467,271,66,564,788,1061,1388,309,175,34,369,507,669,841,158,96,32,195,281,392,547
8113,Belgium,56,Kazakhstan,398,16,14,10,352,773,1051,1176,8,7,5,143,389,527,582,8,7,5,209,384,524,594
8114,Belgium,56,Kenya,404,536,534,518,773,1095,1420,1692,222,220,215,309,422,521,587,314,314,303,464,673,899,1105
8115,Belgium,56,Kiribati,296,0,0,0,0,2,0,0,0,0,0,0,0,0,0,0,0,0,0,2,0,0
8116,Belgium,56,Kuwait,414,136,136,136,116,175,258,519,78,78,78,78,115,180,330,58,58,58,38,60,78,189
8117,Belgium,56,Kyrgyzstan,417,8,7,5,94,223,334,391,4,4,3,42,122,172,188,4,3,2,52,101,162,203
8118,Belgium,56,LaoPeoplesDemocraticRepublic,418,1032,1032,1002,1204,1150,1149,1136,482,482,472,509,554,542,523,550,550,530,695,596,607,613
8119,Belgium,56,Latvia,428,75,75,72,296,676,1218,1854,28,28,26,83,221,448,663,47,47,46,213,455,770,1191
8120,Belgium,56,Lebanon,422,4357,3592,2725,3630,5218,6349,8301,2895,2309,1662,2215,3216,3896,5004,1462,1283,1063,1415,2002,2453,3297
8121,Belgium,56,Lesotho,426,8,8,8,10,16,17,15,3,3,3,3,3,3,3,5,5,5,7,13,14,12
8122,Belgium,56,Liberia,430,371,369,358,522,692,916,983,260,258,251,348,460,582,622,111,111,107,174,232,334,361
8123,Belgium,56,Libya,434,216,216,208,302,461,737,1291,132,132,127,186,261,441,784,84,84,81,116,200,296,507
8124,Belgium,56,Liechtenstein,438,3,3,3,6,11,5,6,1,1,1,2,5,1,2,2,2,2,4,6,4,4
8125,Belgium,56,Lithuania,440,76,76,73,419,989,1512,2447,27,27,26,146,340,553,830,49,49,47,273,649,959,1617
8126,Belgium,56,Luxembourg,442,12908,12473,11679,11559,12315,13351,14435,7495,7237,6794,6601,5647,6287,6879,5413,5236,4885,4958,6668,7064,7556
8127,Belgium,56,Madagascar,450,1049,1049,1016,1385,1772,2079,2391,277,277,268,340,490,584,681,772,772,748,1045,1282,1495,1710
8128,Belgium,56,Malawi,454,29,29,27,55,62,95,85,18,18,16,30,32,48,49,11,11,11,25,30,47,36
8129,Belgium,56,Malaysia,458,334,334,324,501,636,719,820,142,142,140,214,275,307,340,192,192,184,287,361,412,480
8130,Belgium,56,Maldives,462,2,2,2,2,4,4,4,0,0,0,2,2,2,2,2,2,2,0,2,2,2
8131,Belgium,56,Mali,466,270,270,260,417,617,940,1028,145,145,139,221,330,508,544,125,125,121,196,287,432,484
8132,Belgium,56,Malta,470,259,258,249,166,360,435,488,124,124,121,81,163,196,227,135,134,128,85,197,239,261
8133,Belgium,56,Mauritania,478,875,868,837,675,1348,2172,2441,689,682,658,538,1088,1703,1816,186,186,179,137,260,469,625
8134,Belgium,56,Mauritius,480,2939,3397,3755,3184,3091,3334,3419,997,997,974,946,714,827,836,1942,2400,2781,2238,2377,2507,2583
8135,Belgium,56,Mexico,484,1647,1637,1579,1471,1869,2375,3133,617,613,593,577,723,912,1196,1030,1024,986,894,1146,1463,1937
8136,Belgium,56,Monaco,492,77,77,77,108,124,134,138,46,46,46,46,53,62,58,31,31,31,62,71,72,80
8137,Belgium,56,Mongolia,496,47,47,45,164,437,778,844,15,15,15,57,159,279,300,32,32,30,107,278,499,544
8138,Belgium,56,Montenegro,499,10,10,9,0,1,15,36,6,6,5,0,1,5,17,4,4,4,0,0,10,19
8139,Belgium,56,Morocco,504,295459,267838,232447,174115,178785,208071,225217,154823,140907,122580,89862,93520,107420,114638,140636,126931,109867,84253,85265,100651,110579
8140,Belgium,56,Mozambique,508,189,189,180,269,351,447,480,45,45,36,89,164,202,213,144,144,144,180,187,245,267
8141,Belgium,56,Myanmar,104,49,49,47,103,149,224,195,29,29,27,67,102,153,120,20,20,20,36,47,71,75
8142,Belgium,56,Namibia,516,29,29,29,41,46,67,90,13,13,13,8,17,31,38,16,16,16,33,29,36,52
8143,Belgium,56,Nepal,524,59,50,38,760,1864,3529,4021,29,25,20,457,1075,1883,2061,30,25,18,303,789,1646,1960
8144,Belgium,56,Netherlands,528,55946,71295,84345,100812,124731,128544,133062,29323,38456,45383,53715,61983,63812,66063,26623,32839,38962,47097,62748,64732,66999
8145,Belgium,56,NewCaledonia,540,0,0,0,0,75,81,96,0,0,0,0,30,30,34,0,0,0,0,45,51,62
8146,Belgium,56,NewZealand,554,219,217,210,301,411,386,417,121,119,116,159,207,194,235,98,98,94,142,204,192,182
8147,Belgium,56,Nicaragua,558,138,134,130,203,243,302,407,43,39,35,60,118,127,167,95,95,95,143,125,175,240
8148,Belgium,56,Niger,562,1124,888,625,459,1161,1778,2056,731,542,336,301,735,1087,1214,393,346,289,158,426,691,842
8149,Belgium,56,Nigeria,566,1443,1434,1382,2742,3947,5539,6401,887,881,849,1388,1892,2713,3104,556,553,533,1354,2055,2826,3297
8150,Belgium,56,NorthMacedonia,807,81,120,155,314,488,1290,1803,44,65,84,163,247,666,899,37,55,71,151,241,624,904
8151,Belgium,56,Norway,578,763,978,1165,1284,1296,1164,1195,420,524,613,634,595,543,580,343,454,552,650,701,621,615
8152,Belgium,56,Oman,512,2,2,2,10,21,32,53,0,0,0,6,14,19,28,2,2,2,4,7,13,25
8153,Belgium,56,Pakistan,586,3767,4078,4270,6746,8705,11995,13246,2761,2759,2681,4277,5479,7639,8143,1006,1319,1589,2469,3226,4356,5103
8154,Belgium,56,Panama,591,108,105,102,136,140,171,211,37,34,34,46,47,59,76,71,71,68,90,93,112,135
8155,Belgium,56,PapuaNewGuinea,598,99,99,99,99,33,35,28,66,66,66,66,12,11,9,33,33,33,33,21,24,19
8156,Belgium,56,Paraguay,600,166,166,161,250,358,447,521,53,53,54,78,137,156,182,113,113,107,172,221,291,339
8157,Belgium,56,Peru,604,1877,1865,1798,2637,3072,3593,3979,688,682,658,889,1108,1267,1412,1189,1183,1140,1748,1964,2326,2567
8158,Belgium,56,Philippines,608,7502,8282,8127,8392,8444,10423,11778,62,2146,2160,2239,1937,2384,2700,7440,6136,5967,6153,6507,8039,9078
8159,Belgium,56,Poland,616,5537,6931,8125,23940,51711,73447,78798,2560,2757,2891,11457,22280,32007,34005,2977,4174,5234,12483,29431,41440,44793
8160,Belgium,56,Portugal,620,12386,16854,20834,22166,27515,34303,37506,6562,8687,10592,11268,14027,17499,19360,5824,8167,10242,10898,13488,16804,18146
8161,Belgium,56,Qatar,634,0,0,0,0,26,68,105,0,0,0,0,16,46,64,0,0,0,0,10,22,41
8162,Belgium,56,RepublicofKorea,410,271,229,174,1911,4208,4306,4589,133,115,90,763,1478,1512,1615,138,114,84,1148,2730,2794,2974
8163,Belgium,56,RepublicofMoldova,498,46,46,44,108,244,775,2254,17,17,16,41,123,386,1081,29,29,28,67,121,389,1173
8164,Belgium,56,Romania,642,1941,2714,2712,10736,30622,65150,92559,801,1072,1092,5206,15243,33921,50012,1140,1642,1620,5530,15379,31229,42547
8165,Belgium,56,RussianFederation,643,190,546,886,5513,4576,6904,8210,99,226,349,2470,2417,3593,4149,91,320,537,3043,2159,3311,4061
8166,Belgium,56,Rwanda,646,2580,2462,2270,9853,11993,13990,14688,1546,1349,1113,4631,5396,6332,6572,1034,1113,1157,5222,6597,7658,8116
8167,Belgium,56,SaintHelena,654,0,0,0,0,1,1,0,0,0,0,0,0,0,0,0,0,0,0,1,1,0
8168,Belgium,56,SaintKittsandNevis,659,0,0,0,0,0,1,0,0,0,0,0,0,0,0,0,0,0,0,0,1,0
8169,Belgium,56,SaintLucia,662,0,0,0,0,13,16,19,0,0,0,0,5,7,7,0,0,0,0,8,9,12
8170,Belgium,56,SaintPierreandMiquelon,666,0,0,0,0,0,1,0,0,0,0,0,0,1,0,0,0,0,0,0,0,0
8171,Belgium,56,SaintVincentandtheGrenadines,670,0,0,0,0,5,4,6,0,0,0,0,3,3,3,0,0,0,0,2,1,3
8172,Belgium,56,Samoa,882,0,0,0,0,2,3,6,0,0,0,0,0,0,0,0,0,0,0,2,3,6
8173,Belgium,56,SanMarino,674,13,13,12,16,16,14,14,10,10,9,12,6,7,7,3,3,3,4,10,7,7
8174,Belgium,56,SaoTomeandPrincipe,678,35,35,31,44,40,85,132,13,13,9,18,18,45,71,22,22,22,26,22,40,61
8175,Belgium,56,SaudiArabia,682,146,146,140,220,280,485,1025,60,60,54,120,145,276,590,86,86,86,100,135,209,435
8176,Belgium,56,Senegal,686,1644,1633,1576,2333,3226,5404,6767,979,970,936,1421,1765,3087,3721,665,663,640,912,1461,2317,3046
8177,Belgium,56,Serbia,688,197,275,346,1889,1040,548,769,105,143,179,859,488,278,390,92,132,167,1030,552,270,379
8178,Belgium,56,Seychelles,690,56,56,51,66,87,76,83,21,21,16,20,32,29,29,35,35,35,46,55,47,54
8179,Belgium,56,SierraLeone,694,1891,1493,1051,899,1245,1964,2407,1230,910,564,583,814,1288,1562,661,583,487,316,431,676,845
8180,Belgium,56,Singapore,702,412,875,1313,467,523,588,696,211,304,393,167,218,244,306,201,571,920,300,305,344,390
8181,Belgium,56,Slovakia,703,106,106,103,313,697,1307,1752,42,42,42,140,359,674,852,64,64,61,173,338,633,900
8182,Belgium,56,Slovenia,705,23,23,22,48,101,154,268,13,13,12,21,51,70,126,10,10,10,27,50,84,142
8183,Belgium,56,SolomonIslands,90,0,0,0,0,6,4,3,0,0,0,0,4,3,3,0,0,0,0,2,1,0
8184,Belgium,56,Somalia,706,2103,1661,1169,1313,1658,3319,7393,1368,1013,627,699,865,1763,3971,735,648,542,614,793,1556,3422
8185,Belgium,56,SouthAfrica,710,2761,2744,2646,3104,3369,3596,4176,1212,1203,1160,1426,1600,1691,1959,1549,1541,1486,1678,1769,1905,2217
8186,Belgium,56,Spain,724,41437,38946,34629,34009,36970,46030,49754,20332,19953,17035,17047,16782,21377,23354,21105,18993,17594,16962,20188,24653,26400
8187,Belgium,56,SriLanka,144,238,238,230,488,1196,1901,2246,110,110,106,254,616,977,1133,128,128,124,234,580,924,1113
8188,Belgium,56,StateofPalestine,275,8,8,8,90,224,660,2808,6,6,6,59,140,476,1934,2,2,2,31,84,184,874
8189,Belgium,56,Sudan,729,175,175,168,341,645,1047,1524,101,101,95,209,430,689,1041,74,74,73,132,215,358,483
8190,Belgium,56,Suriname,740,274,274,265,453,1111,3017,4694,81,81,81,171,471,1375,2096,193,193,184,282,640,1642,2598
8191,Belgium,56,Sweden,752,1593,2712,3752,3674,3871,3342,3204,845,1338,1797,1726,1750,1493,1440,748,1374,1955,1948,2121,1849,1764
8192,Belgium,56,Switzerland,756,5458,5128,4649,4513,4844,5048,5370,2977,2712,2377,2264,2176,2284,2476,2481,2416,2272,2249,2668,2764,2894
8193,Belgium,56,SyrianArabRepublic,760,1712,1702,1643,2854,4407,10860,33724,1017,1009,975,1697,2632,6641,19215,695,693,668,1157,1775,4219,14509
8194,Belgium,56,Tajikistan,762,6,6,6,15,31,48,70,4,4,4,8,19,28,33,2,2,2,7,12,20,37
8195,Belgium,56,Thailand,764,3947,3922,3782,5685,7190,8668,9955,845,832,806,983,1553,1886,2158,3102,3090,2976,4702,5637,6782,7797
8196,Belgium,56,TimorLeste,626,0,0,0,0,3,7,4,0,0,0,0,1,3,1,0,0,0,0,2,4,3
8197,Belgium,56,Togo,768,1610,1271,895,1937,3725,5502,6373,1047,775,480,1136,2200,3245,3584,563,496,415,801,1525,2257,2789
8198,Belgium,56,Tonga,776,0,0,0,0,2,4,3,0,0,0,0,1,2,1,0,0,0,0,1,2,2
8199,Belgium,56,TrinidadandTobago,780,0,0,0,0,82,83,106,0,0,0,0,31,28,36,0,0,0,0,51,55,70
8200,Belgium,56,Tunisia,788,17755,14184,10205,9468,11453,13996,16137,11594,9066,6295,5953,7394,8937,10082,6161,5118,3910,3515,4059,5059,6055
8201,Belgium,56,Turkey,792,188809,163108,132115,95863,93502,98250,101925,95121,82048,64870,47021,48227,50924,52794,93688,81060,67245,48842,45275,47326,49131
8202,Belgium,56,Turkmenistan,795,1,1,0,2,3,9,15,1,1,0,1,2,5,8,0,0,0,1,1,4,7
8203,Belgium,56,Tuvalu,798,0,0,0,0,1,0,1,0,0,0,0,1,0,0,0,0,0,0,0,0,1
8204,Belgium,56,Uganda,800,208,208,202,305,522,667,843,115,115,113,162,255,297,360,93,93,89,143,267,370,483
8205,Belgium,56,Ukraine,804,527,523,505,422,688,1394,2648,182,179,174,146,376,714,1239,345,344,331,276,312,680,1409
8206,Belgium,56,UnitedArabEmirates,784,0,0,0,0,218,405,864,0,0,0,0,107,201,470,0,0,0,0,111,204,394
8207,Belgium,56,UnitedKingdom,826,20477,22892,24643,23245,23737,22484,22472,11031,12479,13605,12792,12343,11844,11993,9446,10413,11038,10453,11394,10640,10479
8208,Belgium,56,UnitedRepublicofTanzania,834,228,228,219,311,450,615,732,117,117,110,167,224,298,338,111,111,109,144,226,317,394
8209,Belgium,56,UnitedStatesofAmerica,840,15122,15534,15495,14650,15162,15979,16382,7273,7604,7743,7253,7451,7972,8261,7849,7930,7752,7397,7711,8007,8121
8210,Belgium,56,Uruguay,858,337,337,326,442,432,490,533,182,182,177,226,215,248,273,155,155,149,216,217,242,260
8211,Belgium,56,Uzbekistan,860,10,8,6,180,343,395,418,5,4,3,77,171,195,213,5,4,3,103,172,200,205
8212,Belgium,56,Vanuatu,548,0,0,0,0,12,15,13,0,0,0,0,5,7,5,0,0,0,0,7,8,8
8213,Belgium,56,VenezuelaBolivarianRepublicof,862,565,562,545,886,1089,1511,2613,214,211,207,337,460,659,1138,351,351,338,549,629,852,1475
8214,Belgium,56,VietNam,704,2690,3562,4325,6840,7904,8206,8596,1308,1451,1560,2574,3538,3594,3654,1382,2111,2765,4266,4366,4612,4942
8215,Belgium,56,WallisandFutunaIslands,876,0,0,0,0,4,2,2,0,0,0,0,2,0,0,0,0,0,0,2,2,2
8216,Belgium,56,WesternSahara,732,0,0,0,0,11,28,41,0,0,0,0,9,21,31,0,0,0,0,2,7,10
8217,Belgium,56,Yemen,887,110,110,107,101,98,201,426,74,74,71,66,66,134,290,36,36,36,35,32,67,136
8218,Belgium,56,Zambia,894,221,221,213,288,325,338,359,107,107,104,144,141,136,144,114,114,109,144,184,202,215
8219,Belgium,56,Zimbabwe,716,174,174,167,284,457,459,503,78,78,75,138,229,214,234,96,96,92,146,228,245,269
8220,France,250,Melanesia,928,332,344,354,778,869,961,1050,141,142,144,330,278,290,318,191,202,210,448,591,671,732
8221,France,250,Micronesia,954,2,2,2,14,11,12,10,1,1,1,11,3,3,4,1,1,1,3,8,9,6
8222,France,250,Polynesia,957,197,204,210,79,112,122,129,84,85,86,43,44,46,50,113,119,124,36,68,76,79
8223,France,250,Afghanistan,4,3346,3455,3563,3409,4470,6510,35348,1909,1946,1983,1946,2445,3175,17287,1437,1509,1580,1463,2025,3335,18061
8224,France,250,Albania,8,3391,3501,3611,5747,6286,6967,8925,1857,1890,1924,3015,3284,3550,4560,1534,1611,1687,2732,3002,3417,4365
8225,France,250,Algeria,12,788914,814417,839920,1337210,1343555,1489151,1637211,446449,454931,463414,676380,727715,787832,867851,342465,359486,376506,660830,615840,701319,769360
8226,France,250,AmericanSamoa,16,1,1,1,12,1,1,0,0,0,0,6,0,0,0,1,1,1,6,1,1,0
8227,France,250,Andorra,20,1233,1273,1313,980,922,1020,1120,563,570,577,443,394,420,463,670,703,736,537,528,600,657
8228,France,250,Angola,24,11499,11871,12243,14835,19989,22153,24350,6547,6673,6799,7750,10192,10998,12116,4952,5198,5444,7085,9797,11155,12234
8229,France,250,Anguilla,660,8,9,9,123,9,10,9,5,6,6,40,6,7,6,3,3,3,83,3,3,3
8230,France,250,AntiguaandBarbuda,28,19,20,20,103,56,63,67,5,5,5,40,14,14,15,14,15,15,63,42,49,52
8231,France,250,Argentina,32,10137,10465,10793,11825,12156,13472,14807,4592,4644,4696,5303,5135,5476,6039,5545,5821,6097,6522,7021,7996,8768
8232,France,250,Armenia,51,6547,6759,6970,12278,17920,19860,21830,2990,3025,3060,5667,7642,8157,8996,3557,3734,3910,6611,10278,11703,12834
8233,France,250,Aruba,533,10,10,10,67,10,11,10,5,4,4,26,4,4,3,5,6,6,41,6,7,7
8234,France,250,Australia,36,3931,4058,4185,5406,7839,8688,9548,1750,1768,1787,2460,3487,3733,4113,2181,2290,2398,2946,4352,4955,5435
8235,France,250,Austria,40,11675,12052,12429,12167,11793,10916,9993,4000,3995,3991,4787,3607,4282,4055,7675,8057,8438,7380,8186,6634,5938
8236,France,250,Azerbaijan,31,400,413,426,2560,3860,4278,4702,203,206,210,1189,1858,1999,2203,197,207,216,1371,2002,2279,2499
8237,France,250,Bahamas,44,64,67,69,42,42,46,48,26,27,27,16,16,17,18,38,40,42,26,26,29,30
8238,France,250,Bahrain,48,55,57,58,143,151,166,181,27,27,27,72,68,71,78,28,30,31,71,83,95,103
8239,France,250,Bangladesh,50,2198,2269,2340,3164,4690,7726,12878,1432,1465,1498,2041,2964,3768,6296,766,804,842,1123,1726,3958,6582
8240,France,250,Barbados,52,42,44,45,69,72,79,86,19,20,20,34,32,35,39,23,24,25,35,40,44,47
8241,France,250,Belarus,112,1126,1163,1199,2388,3192,3537,3887,452,455,458,731,1174,1240,1368,674,708,741,1657,2018,2297,2519
8242,France,250,Belgium,56,127976,132113,136250,138343,143882,153120,163609,54338,54815,55293,60781,56471,69720,74669,73638,77298,80957,77562,87411,83400,88940
8243,France,250,Belize,84,7,7,7,12,8,9,8,2,1,1,11,1,1,0,5,6,6,1,7,8,8
8244,France,250,Benin,204,11476,11847,12218,17643,19169,21245,23352,6325,6440,6555,9664,10084,10901,12010,5151,5407,5663,7979,9085,10344,11342
8245,France,250,Bermuda,60,53,55,57,96,107,118,128,19,19,20,27,36,38,41,34,36,37,69,71,80,87
8246,France,250,Bhutan,64,240,248,255,44,81,149,162,151,154,157,35,49,73,79,89,94,98,9,32,76,83
8247,France,250,BoliviaPlurinationalStateof,68,1287,1329,1370,2106,2954,3274,3598,567,573,579,907,1210,1290,1422,720,756,791,1199,1744,1984,2176
8248,France,250,Bonaire,16,535,82,85,88,87,87,96,104,36,36,37,36,36,38,42,46,49,51,51,51,58
8249,France,250,BosniaandHerzegovina,70,8357,8628,8898,11323,13089,14506,15944,4202,4266,4330,5678,6219,6684,7367,4155,4362,4568,5645,6870,7822,8577
8250,France,250,Botswana,72,182,188,194,48,38,41,43,86,87,88,22,17,17,18,96,101,106,26,21,24,25
8251,France,250,Brazil,76,20435,21096,21756,42128,53906,59744,65671,8421,8485,8548,18887,20446,21643,23885,12014,12611,13208,23241,33460,38101,41786
8252,France,250,BruneiDarussalam,96,33,34,35,89,45,50,52,11,11,11,47,13,14,13,22,23,24,42,32,36,39
8253,France,250,Bulgaria,100,9404,9708,10012,13222,16552,26463,34807,4203,4248,4294,5494,6887,11940,15764,5201,5460,5718,7728,9665,14523,19043
8254,France,250,BurkinaFaso,854,3831,3955,4079,6972,8208,9096,9997,2103,2141,2179,3566,4299,4646,5116,1728,1814,1900,3406,3909,4450,4881
8255,France,250,Burundi,108,1344,1388,1431,1493,1752,1941,2133,613,621,628,676,747,798,880,731,767,803,817,1005,1143,1253
8256,France,250,CaboVerde,132,16358,16887,17416,18180,20933,23200,25501,7646,7742,7838,8282,9164,9798,10804,8712,9145,9578,9898,11769,13402,14697
8257,France,250,Cambodia,116,69234,71472,73710,58654,59482,65925,72465,35486,36047,36608,28513,28869,31066,34235,33748,35425,37102,30141,30613,34859,38230
8258,France,250,Cameroon,120,36846,38038,39229,63768,76324,84591,92983,17351,17574,17796,27110,29265,31002,34214,19495,20464,21433,36658,47059,53589,58769
8259,France,250,Canada,124,16520,17054,17588,22661,24169,26786,29442,7738,7835,7933,10409,10604,11339,12503,8782,9219,9655,12252,13565,15447,16939
8260,France,250,CentralAfricanRepublic,140,8492,8767,9041,14600,15699,17399,19125,4317,4384,4451,7190,7550,8120,8949,4175,4383,4590,7410,8149,9279,10176
8261,France,250,Chad,148,2554,2637,2719,6219,6966,7719,8484,1460,1488,1516,3309,3815,4131,4550,1094,1149,1203,2910,3151,3588,3934
8262,France,250,Chile,152,13207,13634,14060,13011,13523,14988,16473,6501,6595,6688,6276,6273,6733,7420,6706,7039,7372,6735,7250,8255,9053
8263,France,250,China,156,41681,43028,44375,70951,103338,114531,125893,19645,19896,20148,31501,42025,44711,49322,22036,23132,24227,39450,61313,69820,76571
8264,France,250,China,156,344,2227,2299,2371,1415,484,535,587,1027,1039,1052,628,210,223,245,1200,1260,1319,787,274,312
8265,France,250,China,156,446,111,115,118,67,16,17,16,55,56,57,33,8,8,7,56,59,61,34,8,9
8266,France,250,Colombia,170,15050,15537,16023,22163,25571,28340,31151,6729,6802,6874,10047,10642,11341,12509,8321,8735,9149,12116,14929,16999,18642
8267,France,250,Comoros,174,18859,19469,20078,30384,34401,38126,41908,9246,9378,9509,15080,15886,17043,18788,9613,10091,10569,15304,18515,21083,23120
8268,France,250,Congo,178,48395,49960,51524,57496,65240,72306,79478,25853,26297,26741,28522,33155,35770,39409,22542,23663,24783,28974,32085,36536,40069
8269,France,250,CookIslands,184,4,4,4,6,3,3,3,1,1,1,0,0,0,0,3,3,3,6,3,3,3
8270,France,250,CostaRica,188,421,435,448,640,706,782,858,192,194,196,249,300,321,353,229,241,252,391,406,461,505
8271,France,250,CotedIvoire,384,40942,42266,43589,75481,84455,93604,102889,19709,19978,20246,35351,38212,40947,45141,21233,22288,23343,40130,46243,52657,57748
8272,France,250,Croatia,191,10463,10802,11140,9031,9481,9265,8974,5599,5696,5793,4547,4828,4533,4283,4864,5106,5347,4484,4653,4732,4691
8273,France,250,Cuba,192,2031,2097,2162,3744,4488,4974,5466,861,869,876,1612,1759,1868,2060,1170,1228,1286,2132,2729,3106,3406
8274,France,250,Cyprus,196,1073,1108,1142,937,967,1003,1116,528,536,543,483,449,462,495,545,572,599,454,518,541,621
8275,France,250,Czechia,203,11542,11915,12288,4616,8551,8998,8907,4581,4608,4636,1702,3107,3142,3190,6961,7307,7652,2914,5444,5856,5717
8276,France,250,DemPeoplesRepublicofKorea,408,99,102,105,80,56,63,67,39,39,39,30,21,24,25,60,63,66,50,35,39,42
8277,France,250,DemocraticRepublicoftheCongo,180,32512,33563,34614,49330,72046,79851,87772,16524,16780,17037,23628,33608,36081,39771,15988,16783,17577,25702,38438,43770,48001
8278,France,250,Denmark,208,6772,6991,7210,6496,6085,5792,5805,2570,2580,2590,2608,2098,2313,2380,4202,4411,4620,3888,3987,3479,3425
8279,France,250,Djibouti,262,3050,3149,3247,6015,6170,6838,7515,1623,1651,1678,2943,3121,3367,3708,1427,1498,1569,3072,3049,3471,3807
8280,France,250,Dominica,212,744,768,792,7416,6049,6704,7368,264,264,264,2452,1926,2011,2221,480,504,528,4964,4123,4693,5147
8281,France,250,DominicanRepublic,214,454,469,483,4454,3277,3632,3992,161,161,161,1311,1043,1090,1204,293,308,322,3143,2234,2542,2788
8282,France,250,Ecuador,218,1585,1637,1688,3500,3884,4304,4730,598,601,603,1400,1331,1397,1542,987,1036,1085,2100,2553,2907,3188
8283,France,250,Egypt,818,22453,23179,23905,26659,29051,32197,35390,14584,14919,15254,17180,18302,19959,21969,7869,8260,8651,9479,10749,12238,13421
8284,France,250,ElSalvador,222,999,1032,1064,1418,1046,1158,1271,420,424,428,794,407,430,473,579,608,636,624,639,728,798
8285,France,250,EquatorialGuinea,226,144,149,153,347,366,404,443,64,65,65,97,152,160,176,80,84,88,250,214,244,267
8286,France,250,Eritrea,232,160,166,171,270,599,3129,7811,60,61,61,103,205,1527,3825,100,105,110,167,394,1602,3986
8287,France,250,Estonia,233,828,855,881,786,853,1203,1312,322,324,325,262,303,407,366,506,531,556,524,550,796,946
8288,France,250,Eswatini,748,8,9,9,26,19,21,21,3,3,3,10,5,6,6,5,6,6,16,14,15,15
8289,France,250,Ethiopia,231,3850,3975,4099,5594,8146,9028,9923,1514,1523,1531,2378,2928,3086,3407,2336,2452,2568,3216,5218,5942,6516
8290,France,250,FaroeIslands,234,4,4,4,3,3,3,4,1,1,1,0,0,0,1,3,3,3,3,3,3,3
8291,France,250,Fiji,242,93,96,99,44,147,162,177,40,40,41,12,59,62,68,53,56,58,32,88,100,109
8292,France,250,Finland,246,4412,4555,4698,3613,3595,3813,3479,1204,1187,1171,983,836,1064,936,3208,3368,3527,2630,2759,2749,2543
8293,France,250,Gabon,266,7939,8196,8453,17241,18574,20586,22627,3837,3890,3944,7700,8443,9051,9977,4102,4306,4509,9541,10131,11535,12650
8294,France,250,Gambia,270,1329,1372,1415,1546,1790,1982,2178,700,712,724,876,896,965,1064,629,660,691,670,894,1017,1114
8295,France,250,Georgia,268,1337,1381,1424,5304,7121,7891,8673,659,669,679,2591,3313,3555,3918,678,712,745,2713,3808,4336,4755
8296,France,250,Germany,276,171594,177141,182688,222726,219388,208751,203426,67085,67438,67791,94115,78312,89330,88021,104509,109703,114897,128611,141076,119421,115405
8297,France,250,Ghana,288,5576,5756,5936,5389,6287,6968,7658,2960,3010,3060,2589,3172,3422,3770,2616,2746,2876,2800,3115,3546,3888
8298,France,250,Gibraltar,292,63,65,67,20,66,72,77,21,21,21,13,20,19,20,42,44,46,7,46,53,57
8299,France,250,Greece,300,13918,14368,14818,11470,12103,13221,15488,6859,6958,7057,5583,5621,6457,7320,7059,7410,7761,5887,6482,6764,8168
8300,France,250,Greenland,304,12,13,13,8,12,13,12,3,3,3,0,2,2,1,9,10,10,8,10,11,11
8301,France,250,Guatemala,320,1614,1667,1719,2817,2811,3115,3423,797,809,820,1472,1308,1404,1546,817,858,899,1345,1503,1711,1877
8302,France,250,Guinea,324,7816,8069,8321,21387,28367,31439,34557,4414,4498,4581,11600,15155,16395,18057,3402,3571,3740,9787,13212,15044,16500
8303,France,250,GuineaBissau,624,8060,8321,8581,2476,2878,3189,3506,4789,4887,4985,1616,1646,1787,1969,3271,3434,3596,860,1232,1402,1537
8304,France,250,Guyana,328,30,31,32,4226,4432,4912,5398,12,12,13,2074,1742,1849,2040,18,19,19,2152,2690,3063,3358
8305,France,250,Haiti,332,26253,27102,27950,67078,69806,77368,85042,11872,12006,12140,30040,29433,31395,34625,14381,15096,15810,37038,40373,45973,50417
8306,France,250,Honduras,340,482,498,514,453,550,609,669,204,206,209,158,217,231,255,278,292,305,295,333,378,414
8307,France,250,Hungary,348,13404,13837,14270,9674,9909,11468,11882,7174,7297,7421,4628,5047,5101,4992,6230,6540,6849,5046,4862,6367,6890
8308,France,250,Iceland,352,396,409,422,398,360,398,436,155,156,157,184,128,135,149,241,253,265,214,232,263,287
8309,France,250,India,356,25817,26652,27486,41118,45131,50020,54982,12675,12857,13038,20919,20875,22399,24690,13142,13795,14448,20199,24256,27621,30292
8310,France,250,Indonesia,360,3852,3977,4101,4242,4644,5147,5658,1438,1443,1447,1427,1572,1650,1824,2414,2534,2654,2815,3072,3497,3834
8311,France,250,IranIslamicRepublicof,364,23359,24114,24869,20643,21399,23716,26069,12838,13070,13302,10849,11223,12131,13364,10521,11044,11567,9794,10176,11585,12705
8312,France,250,Iraq,368,4614,4763,4912,4953,5747,6369,10159,2681,2734,2787,2858,3206,3476,5558,1933,2029,2125,2095,2541,2893,4601
8313,France,250,Ireland,372,6702,6919,7135,8596,9229,9748,10765,2542,2552,2561,3833,3180,4489,4783,4160,4367,4574,4763,6049,5259,5982
8314,France,250,IsleofMan,833,12,13,13,12,12,13,12,3,3,3,2,2,2,1,9,10,10,10,10,11,11
8315,France,250,Israel,376,5866,6056,6245,8559,8636,9571,10520,2964,3009,3054,4256,4124,4433,4887,2902,3047,3191,4303,4512,5138,5633
8316,France,250,Italy,380,521793,538661,555528,373839,345189,324629,325933,258913,262716,266519,180965,161575,157711,159514,262880,275945,289009,192874,183614,166918,166419
8317,France,250,Jamaica,388,463,478,493,732,486,537,589,185,186,188,274,178,186,206,278,292,305,458,308,351,383
8318,France,250,Japan,392,18064,18648,19232,18116,20073,22247,24453,6710,6730,6750,5904,5616,5785,6400,11354,11918,12482,12212,14457,16462,18053
8319,France,250,Jordan,400,940,971,1001,1173,1355,1500,1647,639,655,670,689,898,981,1079,301,316,331,484,457,519,568
8320,France,250,Kazakhstan,398,436,450,464,1897,2425,2687,2954,191,192,194,703,982,1045,1152,245,258,270,1194,1443,1642,1802
8321,France,250,Kenya,404,947,978,1008,1328,1641,1818,1999,315,315,314,568,486,503,557,632,663,694,760,1155,1315,1442
8322,France,250,Kiribati,296,1,1,1,12,8,9,8,0,0,0,9,0,0,2,1,1,1,3,8,9,6
8323,France,250,Kuwait,414,680,702,724,651,689,762,836,414,423,432,357,405,440,484,266,279,292,294,284,322,352
8324,France,250,Kyrgyzstan,417,103,106,109,454,677,749,821,35,34,34,135,200,206,226,68,72,75,319,477,543,595
8325,France,250,LaoPeoplesDemocraticRepublic,418,50300,51926,53552,41673,40025,44359,48760,25717,26121,26525,20696,19371,20840,22967,24583,25805,27027,20977,20654,23519,25793
8326,France,250,Latvia,428,1310,1353,1395,1852,2620,3503,3470,598,606,613,848,1120,1474,1461,712,747,782,1004,1500,2029,2009
8327,France,250,Lebanon,422,38599,39847,41094,42108,44287,49084,53953,22664,23120,23575,23989,24982,27103,29847,15935,16727,17519,18119,19305,21981,24106
8328,France,250,Lesotho,426,10,10,10,60,45,50,52,6,6,6,33,27,30,31,4,4,4,27,18,20,21
8329,France,250,Liberia,430,803,829,855,645,737,816,896,493,503,514,362,436,474,523,310,326,341,283,301,342,373
8330,France,250,Libya,434,1354,1398,1441,1800,2207,2446,2688,729,742,754,995,1131,1222,1346,625,656,687,805,1076,1224,1342
8331,France,250,Liechtenstein,438,103,106,109,32,26,28,29,56,56,57,19,14,15,16,47,50,52,13,12,13,13
8332,France,250,Lithuania,440,1547,1597,1647,2048,2457,3463,3729,667,673,680,796,982,1298,1308,880,924,967,1252,1475,2165,2421
8333,France,250,Luxembourg,442,8016,8275,8534,12062,12102,16082,15941,3433,3464,3496,5373,4796,7666,7986,4583,4811,5038,6689,7306,8416,7955
8334,France,250,Madagascar,450,38740,39993,41245,106558,113062,125308,137740,15999,16121,16243,45345,42986,45510,50227,22741,23872,25002,61213,70076,79798,87513
8335,France,250,Malawi,454,77,80,82,133,100,110,120,39,40,40,68,48,51,57,38,40,42,65,52,59,63
8336,France,250,Malaysia,458,1901,1962,2023,2262,2383,2640,2901,837,845,853,1023,975,1038,1145,1064,1117,1170,1239,1408,1602,1756
8337,France,250,Maldives,462,4,4,4,8,6,6,5,3,3,3,4,4,4,3,1,1,1,4,2,2,2
8338,France,250,Mali,466,49299,50893,52487,57153,70950,78635,86437,31926,32656,33387,34687,42479,46215,50883,17373,18237,19100,22466,28471,32420,35554
8339,France,250,Malta,470,910,940,969,472,460,518,442,417,422,427,186,197,222,222,493,518,542,286,263,296,220
8340,France,250,Mauritania,478,11287,11652,12017,12537,16685,18491,20324,7803,7995,8187,8241,10912,11918,13115,3484,3657,3830,4296,5773,6573,7209
8341,France,250,Mauritius,480,38101,39333,40565,38979,41634,46144,50721,15891,16019,16147,15757,16010,16966,18722,22210,23314,24418,23222,25624,29178,31999
8342,France,250,Mexico,484,6305,6509,6712,9332,11813,13092,14390,2439,2451,2462,3799,4165,4384,4840,3866,4058,4250,5533,7648,8708,9550
8343,France,250,MicronesiaFedStatesof,583,1,1,1,2,3,3,2,1,1,1,2,3,3,2,0,0,0,0,0,0,0
8344,France,250,Monaco,492,3282,3388,3494,16581,23426,25963,28539,1677,1703,1730,8309,11335,12195,13440,1605,1685,1764,8272,12091,13768,15099
8345,France,250,Mongolia,496,288,297,306,687,1339,1483,1630,131,132,133,299,566,603,666,157,165,173,388,773,880,964
8346,France,250,Montenegro,499,949,980,1011,1147,1317,1459,1604,501,510,519,584,662,714,788,448,470,492,563,655,745,816
8347,France,250,Montserrat,500,5,6,6,18,6,6,5,0,0,0,13,0,1,0,5,6,6,5,6,5,5
8348,France,250,Morocco,504,713987,737068,760148,832641,870001,964250,1059918,392571,399678,406784,431782,456489,493363,543498,321416,337390,353364,400859,413512,470887,516420
8349,France,250,Mozambique,508,1048,1082,1116,1036,1211,1341,1474,483,489,495,530,522,557,615,565,593,621,506,689,784,859
8350,France,250,Myanmar,104,673,695,716,369,442,490,537,354,360,366,153,222,240,264,319,335,350,216,220,250,273
8351,France,250,Namibia,516,104,108,111,103,162,178,195,50,51,51,45,72,75,83,54,57,60,58,90,103,112
8352,France,250,Nepal,524,707,730,753,1007,1244,1377,1512,336,340,345,485,555,593,653,371,390,408,522,689,784,859
8353,France,250,Netherlands,528,34420,35533,36645,37519,41166,40496,40825,15813,16001,16189,17589,18894,18964,18966,18607,19532,20456,19930,22272,21532,21859
8354,France,250,NewZealand,554,1221,1261,1300,1566,1838,2037,2239,606,615,623,803,859,923,1019,615,646,677,763,979,1114,1220
8355,France,250,Nicaragua,558,489,505,521,472,607,672,738,179,179,180,176,201,211,233,310,326,341,296,406,461,505
8356,France,250,Niger,562,1709,1764,1819,4586,5167,5725,6292,920,936,952,2263,2649,2858,3149,789,828,867,2323,2518,2867,3143
8357,France,250,Nigeria,566,2710,2798,2886,3986,5415,6000,7722,1510,1538,1567,2009,2885,3119,4025,1200,1260,1319,1977,2530,2881,3697
8358,France,250,NorthMacedonia,807,74534,76894,79353,3711,4214,4670,5133,38118,38714,39318,1852,2041,2197,2420,36416,38180,40035,1859,2173,2473,2713
8359,France,250,Norway,578,3257,3363,3468,3173,3822,4235,4653,1180,1183,1185,1298,1249,1306,1442,2077,2180,2283,1875,2573,2929,3211
8360,France,250,Oman,512,21,22,22,89,102,112,122,13,13,13,64,60,63,70,8,9,9,25,42,49,52
8361,France,250,Pakistan,586,15579,16083,16586,16544,22329,24748,27203,9829,10047,10264,10047,13630,14844,16341,5750,6036,6322,6497,8699,9904,10862
8362,France,250,Panama,591,358,370,381,385,479,530,582,153,155,156,150,189,201,221,205,215,225,235,290,329,361
8363,France,250,PapuaNewGuinea,598,108,112,115,50,25,27,28,56,57,58,17,13,14,15,52,55,57,33,12,13,13
8364,France,250,Paraguay,600,755,780,804,699,970,1073,1178,347,351,355,284,418,445,490,408,429,449,415,552,628,688
8365,France,250,Peru,604,7906,8162,8418,9822,10970,12158,13361,3350,3379,3409,4113,4297,4561,5029,4556,4783,5009,5709,6673,7597,8332
8366,France,250,Philippines,608,7979,8237,8495,10645,14295,15843,17414,2360,2339,2318,3171,3667,3743,4145,5619,5898,6177,7474,10628,12100,13269
8367,France,250,Poland,616,135061,139427,143793,101024,104843,100694,94525,48005,48044,48084,36152,38692,38797,36036,87056,91383,95709,64872,66151,61897,58489
8368,France,250,Portugal,620,781382,806641,831900,586242,669693,649325,639888,405398,411971,418544,298974,338063,331949,324925,375984,394670,413356,287268,331630,317376,314963
8369,France,250,PuertoRico,630,290,300,309,51,48,53,57,149,152,154,26,23,25,28,141,148,155,25,25,28,29
8370,France,250,Qatar,634,151,156,160,64,139,153,167,71,72,72,40,61,65,72,80,84,88,24,78,88,95
8371,France,250,RepublicofKorea,410,18230,18820,19409,17773,19439,21545,23681,7568,7628,7687,6885,7434,7876,8691,10662,11192,11722,10888,12005,13669,14990
8372,France,250,RepublicofMoldova,498,861,889,916,3891,6160,6826,7503,465,473,481,1721,3169,3422,3770,396,416,435,2170,2991,3404,3733
8373,France,250,Romania,642,31928,32961,33993,43381,84320,117505,138550,15536,15754,15972,19875,39358,57132,66733,16392,17207,18021,23506,44962,60373,71817
8374,France,250,RussianFederation,643,21377,22069,22760,34476,60093,66601,73208,7320,7313,7306,12408,21111,22211,24525,14057,14756,15454,22068,38982,44390,48683
8375,France,250,Rwanda,646,3150,3252,3354,4950,5816,6445,7082,1480,1499,1518,2319,2562,2740,3019,1670,1753,1836,2631,3254,3705,4063
8376,France,250,SaintHelena,654,1,1,1,8,1,1,3,0,0,0,1,0,0,2,1,1,1,7,1,1,1
8377,France,250,SaintKittsandNevis,659,5,6,6,114,3,3,4,1,2,2,40,0,0,1,4,4,4,74,3,3,3
8378,France,250,SaintLucia,662,155,160,165,4341,4460,4942,5433,52,52,52,1647,1337,1387,1534,103,108,113,2694,3123,3555,3899
8379,France,250,SaintVincentandtheGrenadines,670,93,96,99,45,27,29,30,28,27,27,18,7,7,7,65,69,72,27,20,22,23
8380,France,250,Samoa,882,27,28,29,5,17,18,18,8,8,8,4,5,5,5,19,20,21,1,12,13,13
8381,France,250,SanMarino,674,248,256,264,278,206,228,251,130,132,134,115,102,109,121,118,124,130,163,104,119,130
8382,France,250,SaoTomeandPrincipe,678,127,132,136,757,210,232,254,54,55,56,359,84,88,97,73,77,80,398,126,144,157
8383,France,250,SaudiArabia,682,1246,1286,1326,2165,2337,2589,2845,693,705,718,1241,1242,1342,1479,553,581,608,924,1095,1247,1366
8384,France,250,Senegal,686,73801,76187,78572,99224,110686,122676,134848,43251,44118,44985,53444,62309,67588,74434,30550,32069,33587,45780,48377,55088,60414
8385,France,250,Serbia,688,1898,1960,2021,17288,79539,88154,96899,1002,1019,1036,8900,38940,41923,46199,896,941,985,8388,40599,46231,50700
8386,France,250,Seychelles,690,429,443,457,538,560,620,681,132,131,131,192,151,156,173,297,312,326,346,409,464,508
8387,France,250,SierraLeone,694,713,736,759,975,1221,1352,1486,350,355,360,563,565,606,669,363,381,399,412,656,746,817
8388,France,250,Singapore,702,1348,1392,1436,2189,2144,2375,2608,592,598,604,1012,874,930,1023,756,794,832,1177,1270,1445,1585
8389,France,250,Slovakia,703,2771,2861,2950,3290,4181,5443,5560,1182,1193,1203,1208,1650,2061,1899,1589,1668,1747,2082,2531,3382,3661
8390,France,250,Slovenia,705,3354,3463,3571,2853,2434,2574,2752,1540,1559,1577,1202,1043,1139,1259,1814,1904,1994,1651,1391,1435,1493
8391,France,250,SolomonIslands,90,4,4,4,6,3,3,2,3,3,3,2,2,2,1,1,1,1,4,1,1,1
8392,France,250,Somalia,706,1485,1533,1581,1464,1768,3282,8430,742,753,764,696,835,1601,4125,743,780,817,768,933,1681,4305
8393,France,250,SouthAfrica,710,2397,2475,2552,4182,4864,5390,5925,1016,1025,1033,1953,1905,2021,2231,1381,1450,1519,2229,2959,3369,3694
8394,France,250,Spain,724,433748,447770,461791,306067,285868,286813,282397,198881,201230,203579,134888,122435,127389,125061,234867,246540,258212,171179,163433,159424,157336
8395,France,250,SriLanka,144,33041,34109,35177,34159,44946,49814,54756,18074,18398,18722,17759,23301,25168,27728,14967,15711,16455,16400,21645,24646,27028
8396,France,250,StateofPalestine,275,850,877,904,865,932,1032,1339,514,524,534,546,541,587,764,336,353,370,319,391,445,575
8397,France,250,Sudan,729,1132,1169,1205,2075,3012,8011,21153,712,728,743,1357,1831,3907,10347,420,441,462,718,1181,4104,10806
8398,France,250,Suriname,740,267,276,284,22274,22896,25376,27892,117,118,119,10785,9295,9888,10907,150,158,165,11489,13601,15488,16985
8399,France,250,Sweden,752,10606,10949,11292,9125,9447,9455,8272,3496,3486,3476,3132,2761,3290,3032,7110,7463,7816,5993,6686,6165,5240
8400,France,250,Switzerland,756,60882,62850,64818,84249,89461,99151,108987,26559,26821,27084,38020,36212,38515,42488,34323,36029,37734,46229,53249,60636,66499
8401,France,250,SyrianArabRepublic,760,13644,14085,14526,15414,15736,17440,21488,8157,8325,8494,9010,9056,9834,12141,5487,5760,6032,6404,6680,7606,9347
8402,France,250,Tajikistan,762,30,31,32,146,229,253,276,14,14,14,51,97,103,111,16,17,18,95,132,150,165
8403,France,250,Thailand,764,12071,12461,12851,14139,17044,18890,20763,4580,4598,4616,4882,5877,6175,6818,7491,7863,8235,9257,11167,12715,13945
8404,France,250,TimorLeste,626,1,1,1,6,11,12,11,1,1,1,6,11,12,11,0,0,0,0,0,0,0
8405,France,250,Togo,768,14522,14992,15461,19915,22314,24730,27183,7919,8061,8202,10307,11604,12536,13811,6603,6931,7259,9608,10710,12194,13372
8406,France,250,Tonga,776,164,170,175,50,90,99,107,75,76,77,27,39,41,45,89,94,98,23,51,58,62
8407,France,250,TrinidadandTobago,780,269,278,286,417,385,427,467,83,83,82,144,103,107,117,186,195,204,273,282,320,350
8408,France,250,Tunisia,788,276216,285233,294250,362087,364914,404445,444572,160364,163623,166882,196405,203412,220535,242881,115852,121610,127368,165682,161502,183910,201691
8409,France,250,Turkey,792,241148,248944,256739,229714,279301,309559,340271,129178,131409,133639,123372,146842,158723,174849,111970,117535,123100,106342,132459,150836,165422
8410,France,250,Turkmenistan,795,217,224,230,156,198,218,239,99,100,100,41,84,89,99,118,124,130,115,114,129,140
8411,France,250,TurksandCaicosIslands,796,7,7,7,1,7,8,7,3,3,3,0,4,5,4,4,4,4,1,3,3,3
8412,France,250,Tuvalu,798,1,1,1,6,1,1,1,0,0,0,6,0,0,0,1,1,1,0,1,1,1
8413,France,250,Uganda,800,421,435,448,343,545,603,663,181,183,184,147,218,232,257,240,252,264,196,327,371,406
8414,France,250,Ukraine,804,7869,8124,8378,12020,14912,16527,18166,2753,2754,2754,3929,4677,4874,5386,5116,5370,5624,8091,10235,11653,12780
8415,France,250,UnitedArabEmirates,784,266,275,283,641,736,815,895,153,156,159,322,407,440,485,113,119,124,319,329,375,410
8416,France,250,UnitedKingdom,826,102335,105643,108951,143491,174048,167087,169565,48902,49554,50207,70912,85051,83032,84491,53433,56089,58744,72579,88997,84055,85074
8417,France,250,UnitedRepublicofTanzania,834,629,650,670,526,604,669,735,278,281,284,218,249,265,293,351,369,386,308,355,404,442
8418,France,250,UnitedStatesofAmerica,840,40260,41562,42863,47875,50621,56103,61668,17982,18177,18371,21912,21047,22425,24734,22278,23385,24492,25963,29574,33678,36934
8419,France,250,UnitedStatesVirginIslands,850,1,1,1,23,1,1,0,1,1,1,16,1,1,0,0,0,0,7,0,0,0
8420,France,250,Uruguay,858,2065,2132,2198,2114,2287,2534,2784,977,989,1001,972,1013,1084,1194,1088,1143,1197,1142,1274,1450,1590
8421,France,250,Uzbekistan,860,303,313,322,728,1036,1146,1258,135,136,137,222,427,454,500,168,177,185,506,609,692,758
8422,France,250,Vanuatu,548,127,132,136,678,694,769,843,42,42,42,299,204,212,234,85,90,94,379,490,557,609
8423,France,250,VenezuelaBolivarianRepublicof,862,3253,3358,3463,5493,5950,6595,7249,1346,1356,1366,2424,2266,2401,2649,1907,2002,2097,3069,3684,4194,4600
8424,France,250,VietNam,704,99095,102298,105501,118704,118068,130958,143865,47528,48168,48808,55090,53199,56988,62832,51567,54130,56693,63614,64869,73970,81033
8425,France,250,WesternSahara,732,15,16,16,37,16,1091,1199,6,6,6,20,6,532,586,9,10,10,17,10,559,613
8426,France,250,Yemen,887,911,941,970,342,457,506,554,430,436,441,177,202,216,237,481,505,529,165,255,290,317
8427,France,250,Zambia,894,275,284,293,372,325,358,392,129,130,132,182,142,151,166,146,154,161,190,183,207,226
8428,France,250,Zimbabwe,716,386,399,411,475,658,729,801,176,178,180,224,281,299,330,210,221,231,251,377,430,471
8429,Germany,276,Melanesia,928,0,0,0,0,0,0,0,0,0,0,0,0,0,0,0,0,0,0,0,0,0
8430,Germany,276,Micronesia,954,0,0,0,0,0,0,0,0,0,0,0,0,0,0,0,0,0,0,0,0,0
8431,Germany,276,Polynesia,957,0,0,0,0,0,0,0,0,0,0,0,0,0,0,0,0,0,0,0,0,0
8432,Germany,276,Afghanistan,4,33279,51537,69794,75824,80248,82361,250444,21242,29287,37331,41742,45003,45975,153819,12037,22250,32463,34082,35245,36386,96625
8433,Germany,276,Albania,8,5211,8303,11394,13162,14532,32767,61063,4451,5370,6288,7015,7573,17040,32785,760,2933,5106,6147,6959,15727,28278
8434,Germany,276,Algeria,12,8493,12366,16238,17681,18744,19237,25819,6415,9659,12903,13162,13291,13607,18684,2078,2707,3335,4519,5453,5630,7135
8435,Germany,276,Angola,24,0,0,0,0,0,0,1338,0,0,0,0,0,0,670,0,0,0,0,0,0,668
8436,Germany,276,Argentina,32,4499,4616,4732,10339,14929,15323,20566,2209,2035,1861,4736,7150,7293,9745,2290,2581,2871,5603,7779,8030,10821
8437,Germany,276,Armenia,51,5581,7892,10202,10221,10156,10423,25512,3229,4170,5111,5016,4879,4975,12112,2352,3722,5091,5205,5277,5448,13400
8438,Germany,276,Australia,36,6205,6836,7467,9538,11189,11483,15411,3105,3286,3468,4827,5924,6048,8256,3100,3550,3999,4711,5265,5435,7155
8439,Germany,276,Austria,40,189349,185418,181487,196503,207456,212921,285790,108397,101898,95399,98695,100617,102623,140864,80952,83520,86088,97808,106839,110298,144926
8440,Germany,276,Azerbaijan,31,600,6621,12642,14234,15448,15855,26690,325,3367,6409,7208,7812,7972,13528,275,3254,6233,7026,7636,7883,13162
8441,Germany,276,Bangladesh,50,4767,5304,5841,6009,6102,6262,13612,4373,4507,4641,4308,4006,4098,9723,394,797,1200,1701,2096,2164,3889
8442,Germany,276,Belarus,112,1190,10522,19854,20329,20563,21105,28325,437,3783,7130,7156,7081,7187,8415,753,6739,12724,13173,13482,13918,19910
8443,Germany,276,Belgium,56,21902,22307,22711,25787,28146,28887,38772,11095,10953,10810,12588,13955,14237,19506,10807,11354,11901,13199,14191,14650,19266
8444,Germany,276,Benin,204,610,859,1108,1451,1726,1770,3061,503,666,829,1045,1218,1246,2195,107,193,279,406,508,524,866
8445,Germany,276,BoliviaPlurinationalStateof,68,1634,1653,1671,3128,4318,4433,5947,881,815,749,1418,1980,2020,2588,753,838,922,1710,2338,2413,3359
8446,Germany,276,BosniaandHerzegovina,70,108349,129718,151087,157145,160948,165187,221720,58816,66856,74897,78386,80443,82076,111595,49533,62862,76190,78759,80505,83111,110125
8447,Germany,276,Brazil,76,11446,17392,23338,38846,51460,52814,70888,4590,5041,5492,12138,17728,17990,22687,6856,12351,17846,26708,33732,34824,48201
8448,Germany,276,Bulgaria,100,27077,30146,33214,61639,84834,87068,314911,15209,16397,17584,30539,41410,42238,158940,11868,13749,15630,31100,43424,44830,155971
8449,Germany,276,BurkinaFaso,854,563,1296,2029,1608,1245,1277,2396,475,1154,1833,1314,874,894,1759,88,142,196,294,371,383,637
8450,Germany,276,Burundi,108,233,331,429,504,564,579,776,173,220,267,290,309,316,418,60,111,162,214,255,263,358
8451,Germany,276,Cambodia,116,1666,1266,865,1583,2171,2227,2987,960,722,483,772,1018,1037,1131,706,544,382,811,1153,1190,1856
8452,Germany,276,Cameroon,120,2178,5590,9001,12888,16025,16447,22074,1650,3818,5985,7738,9178,9379,12421,528,1772,3016,5150,6847,7068,9653
8453,Germany,276,Canada,124,9241,10444,11647,14007,15863,16280,21849,4699,5113,5527,6876,7948,8109,10652,4542,5331,6120,7131,7915,8171,11197
8454,Germany,276,Chad,148,265,281,297,275,255,262,909,235,246,257,218,184,189,696,30,35,40,57,71,73,213
8455,Germany,276,Chile,152,6888,6584,6279,9900,12839,13178,17686,3508,3114,2719,4628,6209,6333,8462,3380,3470,3560,5272,6630,6845,9224
8456,Germany,276,China,156,19834,34512,49190,67622,82444,84616,142891,14297,20740,27184,33379,38491,39241,65319,5537,13772,22006,34243,43953,45375,77572
8457,Germany,276,Colombia,170,4218,6401,8584,13677,17812,18281,24535,1868,2202,2537,4876,6829,6943,9098,2350,4199,6047,8801,10983,11338,15437
8458,Germany,276,Congo,178,351,844,1337,2465,3386,3475,4662,299,545,791,1298,1723,1758,2286,52,299,546,1167,1663,1717,2376
8459,Germany,276,CostaRica,188,516,639,762,1182,1523,1564,2097,231,241,251,484,676,691,976,285,398,511,698,847,873,1121
8460,Germany,276,CotedIvoire,384,737,1745,2753,3038,3251,3336,4476,603,1294,1986,1994,1989,2034,2906,134,451,767,1044,1262,1302,1570
8461,Germany,276,Croatia,191,150313,179958,209603,188110,168713,173156,385778,78035,90667,103300,90586,78653,80181,189815,72278,89291,106303,97524,90060,92975,195963
8462,Germany,276,Cuba,192,2734,4993,7251,9720,11701,12009,16116,1833,2588,3343,4272,5035,5128,6630,901,2405,3908,5448,6666,6881,9486
8463,Germany,276,Cyprus,196,328,631,933,1243,1492,1531,2748,219,370,520,702,849,867,1454,109,261,413,541,643,664,1294
8464,Germany,276,Czechia,203,315481,351459,423416,431679,437756,449284,603049,157113,169550,194425,198219,189174,192655,253085,158368,181909,228991,233460,248582,256629,349964
8465,Germany,276,DemPeoplesRepublicofKorea,408,1277,1453,1628,2063,2409,2473,3316,720,755,790,820,845,858,1267,557,698,838,1243,1564,1615,2049
8466,Germany,276,DemocraticRepublicoftheCongo,180,4459,9428,14396,10422,7029,7214,9681,3275,5695,8115,5767,3702,3780,4919,1184,3733,6281,4655,3327,3434,4762
8467,Germany,276,Denmark,208,16667,18466,20265,20711,20919,21469,28815,6712,7531,8351,8980,9384,9561,12934,9955,10935,11914,11731,11535,11908,15881
8468,Germany,276,DominicanRepublic,214,1012,2828,4643,7013,8932,9168,12304,303,651,998,2039,2909,2949,3818,709,2177,3645,4974,6023,6219,8486
8469,Germany,276,Ecuador,218,1252,2397,3541,5360,6835,7015,9414,563,955,1346,2042,2625,2669,3725,689,1442,2195,3318,4210,4346,5689
8470,Germany,276,Egypt,818,10932,12245,13558,16492,18806,19301,25905,8301,9138,9976,11954,13517,13842,18193,2631,3107,3582,4538,5289,5459,7712
8471,Germany,276,ElSalvador,222,524,504,483,807,1073,1101,1475,272,227,182,332,459,468,634,252,277,301,475,614,633,841
8472,Germany,276,Eritrea,232,2815,3979,5143,8806,11787,27696,63326,1629,2188,2748,4368,5723,13414,37743,1186,1791,2395,4438,6064,14282,25583
8473,Germany,276,Estonia,233,1467,5310,9153,9351,9442,9692,13007,773,1755,2738,3321,3746,3812,4769,694,3555,6415,6030,5696,5880,8238
8474,Germany,276,Ethiopia,231,19612,17204,14795,15936,16760,17201,23086,12177,10049,7921,8242,8438,8610,11945,7435,7155,6874,7694,8322,8591,11141
8475,Germany,276,Finland,246,11251,13312,15373,14205,13120,13466,18072,2914,3580,4247,3989,3678,3718,5225,8337,9732,11126,10216,9442,9748,12847
8476,Germany,276,France,250,89386,97944,106502,112952,117432,120524,161772,43534,45208,46882,51236,54281,55328,75209,45852,52736,59620,61716,63151,65196,86563
8477,Germany,276,Gabon,266,123,182,241,340,421,432,577,96,133,171,214,251,257,340,27,49,70,126,170,175,237
8478,Germany,276,Gambia,270,1908,2261,2614,3143,3559,5196,17200,1809,2028,2248,2477,2654,3871,14315,99,233,366,666,905,1325,2885
8479,Germany,276,Georgia,268,1410,5946,10482,14882,18431,18916,25387,553,2521,4489,6065,7377,7504,10145,857,3425,5993,8817,11054,11412,15242
8480,Germany,276,Ghana,288,20822,21454,22086,23382,24278,24916,33440,14758,13334,11911,12112,12173,12419,16931,6064,8120,10175,11270,12105,12497,16509
8481,Germany,276,Greece,300,337546,345405,353263,256149,173208,177770,391502,188622,187674,186726,137892,94289,96296,210227,148924,157731,166537,118257,78919,81474,181275
8482,Germany,276,Guatemala,320,583,618,653,1221,1686,1730,2322,277,264,251,534,773,787,1114,306,354,402,687,913,943,1208
8483,Germany,276,Guinea,324,697,1345,1993,2777,3408,3497,11172,561,1086,1612,2041,2389,2445,8412,136,259,381,736,1019,1052,2760
8484,Germany,276,Haiti,332,292,350,408,884,1274,1308,1754,173,170,168,396,590,601,772,119,180,240,488,684,707,982
8485,Germany,276,Honduras,340,438,498,557,890,1160,1191,1596,165,168,170,309,425,433,597,273,330,387,581,735,758,999
8486,Germany,276,Hungary,348,55562,69867,88901,116809,139137,142801,220774,35136,42307,54205,64415,72713,74227,121237,20426,27560,34696,52394,66424,68574,99537
8487,Germany,276,Iceland,352,1239,1370,1500,1479,1451,1490,2164,635,676,716,753,774,791,1140,604,694,784,726,677,699,1024
8488,Germany,276,India,356,31877,32944,34011,45659,55002,56450,107628,23578,23465,23352,29365,34240,35016,67673,8299,9479,10659,16294,20762,21434,39955
8489,Germany,276,Indonesia,360,8819,9827,10834,13611,15818,16234,21787,5608,5515,5421,6152,6743,6865,8794,3211,4312,5413,7459,9075,9369,12993
8490,Germany,276,IranIslamicRepublicof,364,95723,100027,104331,108310,110767,113685,152590,63328,61488,59649,62264,63812,65210,89303,32395,38539,44682,46046,46955,48475,63287
8491,Germany,276,Iraq,368,6844,32864,58884,77641,92654,95094,226480,5201,21751,38302,48646,57006,58292,137875,1643,11113,20582,28995,35648,36802,88605
8492,Germany,276,Ireland,372,12186,13677,15167,11942,9160,9401,15529,6458,7139,7819,6357,5015,5122,8665,5728,6538,7348,5585,4145,4279,6864
8493,Germany,276,Israel,376,9659,9305,8951,10661,12001,12317,16529,5830,5493,5156,6630,7796,7976,10307,3829,3812,3795,4031,4205,4341,6222
8494,Germany,276,Italy,380,486516,492300,498084,410250,333818,342610,694514,303657,302511,301365,251850,206906,211590,417027,182859,189789,196719,158400,126912,131020,277487
8495,Germany,276,Jamaica,388,701,985,1269,1586,1838,1886,2530,314,406,498,678,823,838,1138,387,579,771,908,1015,1048,1392
8496,Germany,276,Japan,392,24560,27918,31276,28874,26644,27345,37382,12816,13273,13731,12239,10809,10996,14592,11744,14645,17545,16635,15835,16349,22790
8497,Germany,276,Jordan,400,12527,11543,10558,10407,10198,10467,14047,9231,8218,7205,6963,6695,6851,8670,3296,3325,3353,3444,3503,3616,5377
8498,Germany,276,Kazakhstan,398,10199,248645,487090,671031,812460,832107,1128201,4980,105848,206715,315482,401419,408623,522201,5219,142797,280375,355549,411041,423484,606000
8499,Germany,276,Kenya,404,1361,2966,4570,8720,12109,12427,16678,698,1058,1418,2554,3541,3582,4571,663,1908,3152,6166,8568,8845,12107
8500,Germany,276,Kyrgyzstan,417,199,16588,32977,51974,67389,69165,92834,97,7009,13921,24244,32791,33447,39254,102,9579,19056,27730,34598,35718,53580
8501,Germany,276,LaoPeoplesDemocraticRepublic,418,2315,1709,1102,2089,2895,2972,3986,1358,984,610,1063,1443,1474,1574,957,725,492,1026,1452,1498,2412
8502,Germany,276,Latvia,428,3143,8067,12990,19481,24736,25387,38760,1221,3154,5086,8100,10603,10797,17253,1922,4913,7904,11381,14133,14590,21507
8503,Germany,276,Lebanon,422,45648,47656,49663,57764,64057,65743,88243,29234,28745,28256,34393,39199,40080,52710,16414,18911,21407,23371,24858,25663,35533
8504,Germany,276,Liberia,430,2666,2891,3116,2291,1586,1628,2183,1863,2249,2635,1795,1080,1105,1570,803,642,481,496,506,523,613
8505,Germany,276,Libya,434,1438,2068,2698,3204,3601,3695,13788,1076,1467,1859,2051,2199,2248,8771,362,601,839,1153,1402,1447,5017
8506,Germany,276,Liechtenstein,438,35,99,163,209,247,253,338,16,37,59,83,104,105,147,19,62,104,126,143,148,191
8507,Germany,276,Lithuania,440,2386,9451,16516,29529,40138,41195,55291,797,2861,4925,10204,14667,14900,21113,1589,6590,11591,19325,25471,26295,34178
8508,Germany,276,Luxembourg,442,5470,5626,5782,11880,16865,17310,23232,3171,3090,3009,6015,8536,8711,11809,2299,2536,2773,5865,8329,8599,11423
8509,Germany,276,Madagascar,450,430,538,646,997,1283,1316,1765,239,249,260,351,430,436,453,191,289,386,646,853,880,1312
8510,Germany,276,Malaysia,458,2616,3016,3415,4267,4945,5075,6810,1499,1567,1634,2016,2324,2370,3153,1117,1449,1781,2251,2621,2705,3657
8511,Germany,276,Mali,466,634,722,809,1009,1168,1199,4101,525,584,642,671,693,708,3073,109,138,167,338,475,491,1028
8512,Germany,276,Malta,470,246,295,344,489,606,621,831,116,124,133,212,278,282,399,130,171,211,277,328,339,432
8513,Germany,276,Mexico,484,3437,4652,5867,10738,14713,15100,20266,1253,1514,1775,4038,5941,6043,8568,2184,3138,4092,6700,8772,9057,11698
8514,Germany,276,Montenegro,499,30932,37033,43133,19700,17889,15923,17407,16661,19823,22984,10689,7183,6708,9123,14271,17210,20149,9011,10706,9215,8284
8515,Germany,276,Morocco,504,72631,75112,77592,85965,92260,94690,127095,44680,45175,45669,49783,52798,53950,68834,27951,29937,31923,36182,39462,40740,58261
8516,Germany,276,Myanmar,104,276,431,585,1271,1833,1881,2522,221,306,390,824,1183,1210,1633,55,125,195,447,650,671,889
8517,Germany,276,Nepal,524,867,1386,1905,2600,3160,3243,6844,604,986,1369,1611,1811,1849,3733,263,400,536,989,1349,1394,3111
8518,Germany,276,Netherlands,528,116092,111594,107095,110348,112186,115140,165391,63164,59481,55798,57596,58477,59693,88223,52928,52113,51297,52752,53709,55447,77168
8519,Germany,276,NewZealand,554,916,1178,1439,2087,2611,2679,3594,445,559,672,1134,1510,1543,2094,471,619,767,953,1101,1136,1500
8520,Germany,276,Nicaragua,558,653,634,615,951,1224,1257,1685,336,303,271,421,545,556,768,317,331,344,530,679,701,917
8521,Germany,276,Niger,562,223,519,814,788,761,780,1362,192,458,723,653,590,604,1082,31,61,91,135,171,176,280
8522,Germany,276,Nigeria,566,13230,14054,14877,18538,21442,22007,52810,10044,10762,11479,13038,14272,14605,33526,3186,3292,3398,5500,7170,7402,19284
8523,Germany,276,NorthMacedonia,807,35938,44914,53889,24598,46370,67229,108634,20280,23328,26376,12302,21941,31691,55415,15658,21586,27513,12296,24429,35538,53219
8524,Germany,276,Norway,578,6286,6815,7344,7252,7118,7306,9804,2898,2994,3090,3151,3157,3217,4407,3388,3821,4254,4101,3961,4089,5397
8525,Germany,276,Pakistan,586,26620,31202,35783,38473,40410,41474,79227,21694,22551,23408,24701,25570,26153,53993,4926,8651,12375,13772,14840,15321,25234
8526,Germany,276,Panama,591,207,237,267,446,592,606,811,124,115,107,188,256,259,339,83,122,160,258,336,347,472
8527,Germany,276,Paraguay,600,636,731,826,2622,4098,4206,5642,309,284,260,1099,1812,1846,2068,327,447,566,1523,2286,2360,3574
8528,Germany,276,Peru,604,4288,6123,7957,11825,14955,15349,20599,1922,2314,2705,4130,5326,5409,6865,2366,3809,5252,7695,9629,9940,13734
8529,Germany,276,Philippines,608,22895,23278,23660,35620,45303,46497,62408,5250,4689,4128,8748,12635,12771,19110,17645,18589,19532,26872,32668,33726,43298
8530,Germany,276,Poland,616,412581,459633,670656,1157821,1528510,1561763,2141722,196899,211890,283305,528338,720940,731503,1056264,215682,247743,387351,629483,807570,830260,1085458
8531,Germany,276,Portugal,620,92782,111027,129271,102455,79303,81392,152869,50574,60713,70851,55960,42595,43496,81914,42208,50314,58420,46495,36708,37896,70955
8532,Germany,276,RepublicofKorea,410,20119,20781,21442,22655,23486,24105,32352,9742,9370,8998,8928,8783,8926,12504,10377,11411,12444,13727,14703,15179,19848
8533,Germany,276,RepublicofMoldova,498,1218,8538,15857,17473,18682,19174,25733,252,4029,7805,8284,8614,8780,10976,966,4509,8052,9189,10068,10394,14757
8534,Germany,276,Romania,642,176920,249921,322922,407829,475337,487856,654822,93373,131710,170047,199981,224098,228485,335906,83547,118211,152875,207848,251239,259371,318916
8535,Germany,276,RussianFederation,643,77318,490548,903777,889324,857226,876302,1198831,37999,199409,360818,384844,392878,398649,483306,39319,291139,542959,504480,464348,477653,715525
8536,Germany,276,Rwanda,646,324,599,873,943,994,1020,1368,246,370,493,499,500,510,701,78,229,380,444,494,510,667
8537,Germany,276,SaudiArabia,682,1003,875,747,1993,3017,3096,5347,673,577,481,1203,1809,1849,3196,330,298,266,790,1208,1247,2151
8538,Germany,276,Senegal,686,1771,2171,2571,3012,3356,3445,6583,1683,1902,2122,2204,2260,2314,4782,88,269,449,808,1096,1131,1801
8539,Germany,276,Serbia,688,428334,512812,597290,319713,130129,88177,199691,238137,278205,318273,171013,64675,43562,98849,190197,234607,279017,148700,65454,44615,100842
8540,Germany,276,SierraLeone,694,1002,3113,5223,3821,2623,2691,3611,751,2553,4354,3002,1846,1889,2622,251,560,869,819,777,802,989
8541,Germany,276,Singapore,702,725,894,1062,1743,2298,2359,3163,339,348,356,674,940,956,1140,386,546,706,1069,1358,1403,2023
8542,Germany,276,Slovakia,703,16278,20363,24447,30070,34516,35425,60815,8721,11446,14171,14128,14080,14327,26888,7557,8917,10276,15942,20436,21098,33927
8543,Germany,276,Slovenia,705,12999,19580,26160,29475,32005,32848,44089,7361,10179,12997,14098,14909,15200,21765,5638,9401,13163,15377,17096,17648,22324
8544,Germany,276,Somalia,706,5957,6853,7749,6784,5927,16282,35587,4858,4572,4287,3931,3575,9807,22833,1099,2281,3462,2853,2352,6475,12754
8545,Germany,276,SouthAfrica,710,4059,4560,5060,10414,14794,15183,20378,1792,1873,1954,4773,7137,7278,9399,2267,2687,3106,5641,7657,7905,10979
8546,Germany,276,Spain,724,142457,133808,125158,101503,80991,83124,186074,82288,72506,62724,50266,38974,39746,91904,60169,61302,62434,51237,42017,43378,94170
8547,Germany,276,SriLanka,144,38618,43756,48894,42932,37625,38616,51830,28423,28020,27617,23715,20144,20569,26436,10195,15736,21277,19217,17481,18047,25394
8548,Germany,276,Sudan,729,0,0,0,0,0,0,4429,0,0,0,0,0,0,2218,0,0,0,0,0,0,2211
8549,Germany,276,Sweden,752,13195,15721,18246,17149,16100,16524,22178,5443,6585,7726,7457,7114,7247,9843,7752,9136,10520,9692,8986,9277,12335
8550,Germany,276,Switzerland,756,33253,34981,36709,53952,67890,69678,93524,15052,15208,15365,24315,31699,32315,41851,18201,19773,21344,29637,36191,37363,51673
8551,Germany,276,SyrianArabRepublic,760,15330,20223,25116,34895,42766,197186,707457,10588,12480,14373,20554,25587,117790,439155,4742,7743,10743,14341,17179,79396,268302
8552,Germany,276,Tajikistan,762,236,4140,8044,16462,23344,23959,32157,137,1888,3640,7943,11548,11781,17468,99,2252,4404,8519,11796,12178,14689
8553,Germany,276,Thailand,764,16629,26601,36573,50231,61212,62824,84324,3815,3998,4182,7706,10706,10683,10497,12814,22603,32391,42525,50506,52141,73827
8554,Germany,276,Togo,768,1693,6485,11277,11436,11478,11780,15809,1334,4557,7780,7426,7071,7230,8969,359,1928,3497,4010,4407,4550,6840
8555,Germany,276,TrinidadandTobago,780,354,404,454,611,738,758,1015,154,160,167,232,286,291,423,200,244,287,379,452,467,592
8556,Germany,276,Tunisia,788,27234,25283,23332,28888,33215,34166,45857,17230,16173,15116,19329,22685,23221,30521,10004,9110,8216,9559,10530,10945,15336
8557,Germany,276,Turkey,792,1459167,1617880,1604965,1315719,1314223,1343522,1837282,795579,866589,879946,709961,690176,701926,935796,663588,751291,725019,605758,624047,641596,901486
8558,Germany,276,Turkmenistan,795,28,1774,3519,4529,5334,5475,7347,16,759,1501,2040,2476,2525,3205,12,1015,2018,2489,2858,2950,4142
8559,Germany,276,Uganda,800,1013,1151,1288,1731,2088,2143,2874,659,669,679,819,935,953,1285,354,482,609,912,1153,1190,1589
8560,Germany,276,Ukraine,804,16108,85683,155257,186103,210327,215866,289743,7429,34982,62534,76063,86800,88342,108201,8679,50701,92723,110040,123527,127524,181542
8561,Germany,276,UnitedKingdom,826,103961,107736,111510,96506,83240,85431,118246,60202,62417,64632,57358,50473,51604,72393,43759,45319,46878,39148,32767,33827,45853
8562,Germany,276,UnitedRepublicofTanzania,834,816,907,997,455,792,1114,1771,536,544,551,256,435,594,881,280,363,446,199,357,520,890
8563,Germany,276,UnitedStatesofAmerica,840,99835,104837,109838,110843,110802,113721,152639,55852,58328,60803,62230,62728,64090,85383,43983,46509,49035,48613,48074,49631,67256
8564,Germany,276,Uruguay,858,830,782,733,1839,2747,2820,3782,422,367,312,841,1289,1315,1776,408,415,421,998,1458,1505,2006
8565,Germany,276,Uzbekistan,860,2864,9029,15193,25587,34045,34941,46898,1444,3998,6551,11759,16098,16413,20680,1420,5031,8642,13828,17947,18528,26218
8566,Germany,276,VenezuelaBolivarianRepublicof,862,1662,2306,2950,5362,7329,7523,10095,798,898,999,2247,3289,3352,4278,864,1408,1951,3115,4040,4171,5817
8567,Germany,276,VietNam,704,69594,75465,81335,86970,90977,93372,125327,40331,41503,42675,43276,43410,44265,56455,29263,33962,38660,43694,47567,49107,68872
8568,Germany,276,Yemen,887,991,1342,1693,2049,2330,2391,4918,806,980,1155,1453,1689,1730,3407,185,362,538,596,641,661,1511
8569,Germany,276,Zambia,894,303,342,381,581,744,832,1115,216,216,217,279,332,343,438,87,126,164,302,412,489,677
8570,Liechtenstein,438,Melanesia,928,0,0,0,0,0,0,0,0,0,0,0,0,0,0,0,0,0,0,0,0,0
8571,Liechtenstein,438,Micronesia,954,0,0,0,0,0,0,0,0,0,0,0,0,0,0,0,0,0,0,0,0,0
8572,Liechtenstein,438,Polynesia,957,0,0,0,0,0,0,0,0,0,0,0,0,0,0,0,0,0,0,0,0,0
8573,Liechtenstein,438,Afghanistan,4,0,0,0,0,3,4,6,0,0,0,0,3,3,3,0,0,0,0,0,1,3
8574,Liechtenstein,438,Albania,8,0,0,0,0,0,0,2,0,0,0,0,0,0,0,0,0,0,0,0,0,2
8575,Liechtenstein,438,Algeria,12,0,0,0,0,4,6,6,0,0,0,0,3,3,2,0,0,0,0,1,3,4
8576,Liechtenstein,438,Andorra,20,0,0,0,0,0,1,0,0,0,0,0,0,0,0,0,0,0,0,0,1,0
8577,Liechtenstein,438,Angola,24,0,0,0,0,7,7,7,0,0,0,0,6,6,5,0,0,0,0,1,1,2
8578,Liechtenstein,438,Argentina,32,0,0,0,9,19,26,24,0,0,0,4,8,10,10,0,0,0,5,11,16,14
8579,Liechtenstein,438,Armenia,51,0,0,0,0,7,9,9,0,0,0,0,4,4,4,0,0,0,0,3,5,5
8580,Liechtenstein,438,Australia,36,0,0,0,0,8,12,9,0,0,0,0,5,8,5,0,0,0,0,3,4,4
8581,Liechtenstein,438,Austria,40,2021,2334,2608,3109,3615,3829,3983,967,1074,1147,1326,1500,1619,1713,1054,1260,1461,1783,2115,2210,2270
8582,Liechtenstein,438,Azerbaijan,31,0,0,0,0,0,1,0,0,0,0,0,0,0,0,0,0,0,0,0,1,0
8583,Liechtenstein,438,Bahamas,44,0,0,0,0,3,3,2,0,0,0,0,2,2,1,0,0,0,0,1,1,1
8584,Liechtenstein,438,Bangladesh,50,0,0,0,0,2,2,6,0,0,0,0,2,2,4,0,0,0,0,0,0,2
8585,Liechtenstein,438,Belarus,112,0,0,0,0,4,4,3,0,0,0,0,0,0,0,0,0,0,0,4,4,3
8586,Liechtenstein,438,Belgium,56,1,11,22,31,41,40,43,1,7,13,16,19,18,18,0,4,9,15,22,22,25
8587,Liechtenstein,438,BoliviaPlurinationalStateof,68,0,0,0,0,1,1,0,0,0,0,0,0,0,0,0,0,0,0,1,1,0
8588,Liechtenstein,438,BosniaandHerzegovina,70,297,361,419,357,297,306,299,145,169,188,156,123,133,122,152,192,231,201,174,173,177
8589,Liechtenstein,438,Brazil,76,36,50,65,103,143,169,201,11,15,20,30,41,52,60,25,35,45,73,102,117,141
8590,Liechtenstein,438,Bulgaria,100,18,21,24,16,10,14,20,18,21,24,13,3,3,5,0,0,0,3,7,11,15
8591,Liechtenstein,438,BurkinaFaso,854,0,0,0,0,1,2,1,0,0,0,0,0,1,0,0,0,0,0,1,1,1
8592,Liechtenstein,438,Cambodia,116,0,0,0,0,3,4,2,0,0,0,0,2,3,1,0,0,0,0,1,1,1
8593,Liechtenstein,438,Cameroon,120,0,0,0,0,5,5,3,0,0,0,0,4,4,2,0,0,0,0,1,1,1
8594,Liechtenstein,438,Canada,124,0,0,0,0,13,15,16,0,0,0,0,5,7,7,0,0,0,0,8,8,9
8595,Liechtenstein,438,Chile,152,0,0,0,0,4,8,6,0,0,0,0,0,0,0,0,0,0,0,4,8,6
8596,Liechtenstein,438,China,156,28,40,52,58,66,81,113,14,21,27,29,31,34,47,14,19,25,29,35,47,66
8597,Liechtenstein,438,Colombia,170,0,0,1,15,30,41,43,0,0,1,4,7,11,10,0,0,0,11,23,30,33
8598,Liechtenstein,438,CostaRica,188,0,0,0,0,3,5,4,0,0,0,0,1,2,1,0,0,0,0,2,3,3
8599,Liechtenstein,438,CotedIvoire,384,0,0,0,0,1,0,0,0,0,0,0,1,0,0,0,0,0,0,0,0,0
8600,Liechtenstein,438,Croatia,191,111,135,157,143,130,118,115,54,62,68,67,65,57,56,57,73,89,76,65,61,59
8601,Liechtenstein,438,Cuba,192,0,0,0,0,7,9,10,0,0,0,0,4,5,4,0,0,0,0,3,4,6
8602,Liechtenstein,438,Czechia,203,9,11,13,33,54,58,63,9,11,13,15,16,18,17,0,0,0,18,38,40,46
8603,Liechtenstein,438,DemocraticRepublicoftheCongo,180,0,0,0,0,2,3,4,0,0,0,0,2,3,3,0,0,0,0,0,0,1
8604,Liechtenstein,438,Denmark,208,16,19,22,18,15,16,15,12,15,18,13,8,8,8,4,4,4,5,7,8,7
8605,Liechtenstein,438,DominicanRepublic,214,0,1,2,32,64,73,92,0,1,1,11,22,20,24,0,0,1,21,42,53,68
8606,Liechtenstein,438,Ecuador,218,0,0,0,0,10,11,12,0,0,0,0,3,3,3,0,0,0,0,7,8,9
8607,Liechtenstein,438,Egypt,818,0,0,0,0,13,19,19,0,0,0,0,11,14,13,0,0,0,0,2,5,6
8608,Liechtenstein,438,ElSalvador,222,0,0,0,0,1,1,1,0,0,0,0,1,1,0,0,0,0,0,0,0,1
8609,Liechtenstein,438,Eritrea,232,0,0,0,0,0,7,16,0,0,0,0,0,6,7,0,0,0,0,0,1,9
8610,Liechtenstein,438,Estonia,233,13,15,17,9,2,2,1,13,15,17,9,1,0,0,0,0,0,0,1,2,1
8611,Liechtenstein,438,Ethiopia,231,0,0,0,0,6,10,9,0,0,0,0,3,6,5,0,0,0,0,3,4,4
8612,Liechtenstein,438,Finland,246,1,1,1,4,9,8,8,1,1,1,2,4,3,3,0,0,0,2,5,5,5
8613,Liechtenstein,438,France,250,66,70,73,93,115,125,129,34,36,36,47,59,65,66,32,34,37,46,56,60,63
8614,Liechtenstein,438,Gambia,270,0,0,0,0,1,0,0,0,0,0,0,1,0,0,0,0,0,0,0,0,0
8615,Liechtenstein,438,Georgia,268,0,0,0,0,0,1,2,0,0,0,0,0,0,0,0,0,0,0,0,1,2
8616,Liechtenstein,438,Germany,276,978,1244,1489,1560,1635,1787,1911,523,643,744,757,776,855,933,455,601,745,803,859,932,978
8617,Liechtenstein,438,Greece,300,86,94,102,75,49,46,47,44,46,48,37,26,26,27,42,48,54,38,23,20,20
8618,Liechtenstein,438,Guatemala,320,0,0,0,0,4,5,0,0,0,0,0,1,1,0,0,0,0,0,3,4,0
8619,Liechtenstein,438,Guinea,324,0,0,0,0,1,0,0,0,0,0,0,0,0,0,0,0,0,0,1,0,0
8620,Liechtenstein,438,Haiti,332,0,0,0,0,0,1,0,0,0,0,0,0,0,0,0,0,0,0,0,1,0
8621,Liechtenstein,438,Honduras,340,0,0,0,0,1,1,0,0,0,0,0,0,0,0,0,0,0,0,1,1,0
8622,Liechtenstein,438,Hungary,348,6,7,9,28,49,70,80,6,7,9,13,17,25,24,0,0,0,15,32,45,56
8623,Liechtenstein,438,Iceland,352,1,1,1,1,2,1,0,0,0,0,1,1,1,0,1,1,1,0,1,0,0
8624,Liechtenstein,438,India,356,0,0,0,11,23,27,27,0,0,0,7,13,17,17,0,0,0,4,10,10,10
8625,Liechtenstein,438,Indonesia,360,0,0,0,0,4,8,9,0,0,0,0,1,1,0,0,0,0,0,3,7,9
8626,Liechtenstein,438,IranIslamicRepublicof,364,0,0,0,0,8,11,13,0,0,0,0,2,4,7,0,0,0,0,6,7,6
8627,Liechtenstein,438,Iraq,368,0,0,0,0,1,5,10,0,0,0,0,1,3,6,0,0,0,0,0,2,4
8628,Liechtenstein,438,Ireland,372,1,5,9,8,9,17,18,0,3,5,4,4,8,9,1,2,4,4,5,9,9
8629,Liechtenstein,438,Israel,376,0,0,0,0,6,6,3,0,0,0,0,2,1,0,0,0,0,0,4,5,3
8630,Liechtenstein,438,Italy,380,806,1148,1471,1185,878,860,861,500,694,871,717,569,545,548,306,454,600,468,309,315,313
8631,Liechtenstein,438,Jamaica,388,0,0,0,0,2,3,1,0,0,0,0,1,2,0,0,0,0,0,1,1,1
8632,Liechtenstein,438,Japan,392,0,0,0,0,14,13,18,0,0,0,0,7,8,10,0,0,0,0,7,5,8
8633,Liechtenstein,438,Jordan,400,0,0,0,0,1,2,5,0,0,0,0,1,1,2,0,0,0,0,0,1,3
8634,Liechtenstein,438,Kazakhstan,398,0,0,0,0,5,5,9,0,0,0,0,1,1,4,0,0,0,0,4,4,5
8635,Liechtenstein,438,Kenya,404,0,0,0,0,5,6,8,0,0,0,0,1,2,3,0,0,0,0,4,4,5
8636,Liechtenstein,438,Kuwait,414,0,0,0,0,1,1,0,0,0,0,0,1,1,0,0,0,0,0,0,0,0
8637,Liechtenstein,438,Kyrgyzstan,417,0,0,0,0,3,4,3,0,0,0,0,1,1,0,0,0,0,0,2,3,3
8638,Liechtenstein,438,LaoPeoplesDemocraticRepublic,418,0,0,1,17,35,36,40,0,0,1,7,14,14,14,0,0,0,10,21,22,26
8639,Liechtenstein,438,Latvia,428,0,0,0,0,7,6,7,0,0,0,0,2,2,1,0,0,0,0,5,4,6
8640,Liechtenstein,438,Libya,434,0,0,0,0,1,1,0,0,0,0,0,0,0,0,0,0,0,0,1,1,0
8641,Liechtenstein,438,Lithuania,440,0,0,0,0,1,4,3,0,0,0,0,0,1,0,0,0,0,0,1,3,3
8642,Liechtenstein,438,Luxembourg,442,8,7,6,5,5,3,2,5,5,4,3,2,1,0,3,2,2,2,3,2,2
8643,Liechtenstein,438,Madagascar,450,0,0,0,0,0,2,1,0,0,0,0,0,2,1,0,0,0,0,0,0,0
8644,Liechtenstein,438,Malaysia,458,0,0,0,0,1,1,0,0,0,0,0,0,0,0,0,0,0,0,1,1,0
8645,Liechtenstein,438,Maldives,462,0,0,0,0,2,2,1,0,0,0,0,2,2,1,0,0,0,0,0,0,0
8646,Liechtenstein,438,Malta,470,0,0,0,0,1,3,3,0,0,0,0,1,2,1,0,0,0,0,0,1,2
8647,Liechtenstein,438,Mauritius,480,0,0,0,0,2,1,1,0,0,0,0,0,0,0,0,0,0,0,2,1,1
8648,Liechtenstein,438,Mexico,484,0,0,0,10,21,24,32,0,0,0,5,10,9,10,0,0,0,5,11,15,22
8649,Liechtenstein,438,Monaco,492,0,0,0,0,0,1,0,0,0,0,0,0,1,0,0,0,0,0,0,0,0
8650,Liechtenstein,438,Montenegro,499,78,94,110,55,1,4,5,78,94,110,55,1,3,3,0,0,0,0,0,1,2
8651,Liechtenstein,438,Morocco,504,0,0,0,0,11,15,15,0,0,0,0,5,7,5,0,0,0,0,6,8,10
8652,Liechtenstein,438,Mozambique,508,0,0,0,0,4,3,2,0,0,0,0,3,2,1,0,0,0,0,1,1,1
8653,Liechtenstein,438,Nepal,524,0,0,0,0,2,4,1,0,0,0,0,2,3,1,0,0,0,0,0,1,0
8654,Liechtenstein,438,Netherlands,528,40,51,62,64,68,75,80,21,26,31,30,29,33,34,19,25,31,34,39,42,46
8655,Liechtenstein,438,NewZealand,554,0,0,0,0,2,4,6,0,0,0,0,0,1,1,0,0,0,0,2,3,5
8656,Liechtenstein,438,Nicaragua,558,0,0,0,0,3,3,3,0,0,0,0,1,1,0,0,0,0,0,2,2,3
8657,Liechtenstein,438,Nigeria,566,0,0,0,0,4,6,6,0,0,0,0,3,4,4,0,0,0,0,1,2,2
8658,Liechtenstein,438,NorthMacedonia,807,436,529,614,344,75,88,95,247,291,327,183,38,39,43,189,238,287,161,37,49,52
8659,Liechtenstein,438,Norway,578,6,9,13,9,6,6,7,3,4,6,4,2,2,2,3,5,7,5,4,4,5
8660,Liechtenstein,438,Pakistan,586,0,0,0,0,4,7,7,0,0,0,0,3,4,5,0,0,0,0,1,3,2
8661,Liechtenstein,438,Panama,591,0,0,0,0,6,7,6,0,0,0,0,3,3,2,0,0,0,0,3,4,4
8662,Liechtenstein,438,Paraguay,600,0,0,0,0,2,2,2,0,0,0,0,0,0,0,0,0,0,0,2,2,2
8663,Liechtenstein,438,Peru,604,0,0,0,0,14,15,14,0,0,0,0,6,8,6,0,0,0,0,8,7,8
8664,Liechtenstein,438,Philippines,608,0,0,1,18,37,38,58,0,0,0,2,4,3,11,0,0,1,16,33,35,47
8665,Liechtenstein,438,Poland,616,11,13,15,30,47,60,76,11,13,15,12,10,13,23,0,0,0,18,37,47,53
8666,Liechtenstein,438,Portugal,620,134,390,640,513,387,424,424,72,196,315,258,199,223,222,62,194,325,255,188,201,202
8667,Liechtenstein,438,RepublicofKorea,410,0,0,0,0,4,4,4,0,0,0,0,1,1,0,0,0,0,0,3,3,4
8668,Liechtenstein,438,RepublicofMoldova,498,0,0,0,0,4,6,7,0,0,0,0,0,1,2,0,0,0,0,4,5,5
8669,Liechtenstein,438,Romania,642,2,5,8,13,19,29,37,0,1,1,3,4,7,8,2,4,7,10,15,22,29
8670,Liechtenstein,438,RussianFederation,643,6,13,20,31,44,53,69,1,3,4,8,12,12,18,5,10,16,23,32,41,51
8671,Liechtenstein,438,SaintLucia,662,0,0,0,0,1,1,0,0,0,0,0,1,1,0,0,0,0,0,0,0,0
8672,Liechtenstein,438,Senegal,686,0,0,0,0,1,2,2,0,0,0,0,1,1,1,0,0,0,0,0,1,1
8673,Liechtenstein,438,Serbia,688,379,461,536,335,347,397,428,379,461,536,303,174,205,216,0,0,0,32,173,192,212
8674,Liechtenstein,438,Seychelles,690,0,0,0,0,1,1,0,0,0,0,0,1,1,0,0,0,0,0,0,0,0
8675,Liechtenstein,438,Singapore,702,0,0,0,0,5,6,8,0,0,0,0,3,3,3,0,0,0,0,2,3,5
8676,Liechtenstein,438,Slovakia,703,18,21,24,26,30,44,55,7,8,8,7,7,9,12,11,13,16,19,23,35,43
8677,Liechtenstein,438,Slovenia,705,53,63,73,92,113,109,107,20,22,23,25,28,27,26,33,41,50,67,85,82,81
8678,Liechtenstein,438,Somalia,706,0,0,0,0,3,18,24,0,0,0,0,2,11,14,0,0,0,0,1,7,10
8679,Liechtenstein,438,SouthAfrica,710,0,0,1,15,30,34,30,0,0,1,7,13,12,11,0,0,0,8,17,22,19
8680,Liechtenstein,438,Spain,724,191,391,585,429,274,275,267,105,205,299,226,152,150,144,86,186,286,203,122,125,123
8681,Liechtenstein,438,SriLanka,144,0,0,0,0,7,8,8,0,0,0,0,5,5,5,0,0,0,0,2,3,3
8682,Liechtenstein,438,Sweden,752,22,23,24,23,24,25,25,11,11,11,10,9,9,9,11,12,13,13,15,16,16
8683,Liechtenstein,438,Switzerland,756,4128,4531,4823,8532,12215,12882,14437,2169,2306,2365,4302,6210,6596,7416,1959,2225,2458,4230,6005,6286,7021
8684,Liechtenstein,438,SyrianArabRepublic,760,0,0,0,0,3,7,32,0,0,0,0,2,5,17,0,0,0,0,1,2,15
8685,Liechtenstein,438,Thailand,764,0,1,2,40,79,88,86,0,0,0,9,18,17,15,0,1,2,31,61,71,71
8686,Liechtenstein,438,TrinidadandTobago,780,0,0,0,0,0,1,1,0,0,0,0,0,0,0,0,0,0,0,0,1,1
8687,Liechtenstein,438,Tunisia,788,0,0,0,8,18,24,22,0,0,0,6,13,15,11,0,0,0,2,5,9,11
8688,Liechtenstein,438,Turkey,792,820,997,1158,870,585,608,581,438,515,577,439,300,318,297,382,482,581,431,285,290,284
8689,Liechtenstein,438,Uganda,800,0,0,0,0,1,1,0,0,0,0,0,0,0,0,0,0,0,0,1,1,0
8690,Liechtenstein,438,Ukraine,804,3,6,9,14,20,38,61,1,1,1,2,3,10,17,2,5,8,12,17,28,44
8691,Liechtenstein,438,UnitedArabEmirates,784,0,0,0,0,1,3,2,0,0,0,0,1,2,2,0,0,0,0,0,1,0
8692,Liechtenstein,438,UnitedKingdom,826,27,37,47,51,57,67,65,18,25,32,31,31,35,37,9,12,15,20,26,32,28
8693,Liechtenstein,438,UnitedRepublicofTanzania,834,0,0,0,0,3,3,2,0,0,0,0,2,2,1,0,0,0,0,1,1,1
8694,Liechtenstein,438,UnitedStatesofAmerica,840,20,40,60,91,124,129,147,9,19,29,47,66,66,71,11,21,31,44,58,63,76
8695,Liechtenstein,438,Uruguay,858,0,0,0,0,0,2,0,0,0,0,0,0,0,0,0,0,0,0,0,2,0
8696,Liechtenstein,438,Uzbekistan,860,0,0,0,0,1,4,3,0,0,0,0,1,3,2,0,0,0,0,0,1,1
8697,Liechtenstein,438,VenezuelaBolivarianRepublicof,862,0,0,0,0,13,16,20,0,0,0,0,5,6,6,0,0,0,0,8,10,14
8698,Liechtenstein,438,VietNam,704,0,0,0,0,11,12,13,0,0,0,0,4,5,4,0,0,0,0,7,7,9
8699,Liechtenstein,438,Zambia,894,0,0,0,0,0,1,0,0,0,0,0,0,0,0,0,0,0,0,0,1,0
8700,Liechtenstein,438,Zimbabwe,716,0,0,0,0,5,3,4,0,0,0,0,1,0,1,0,0,0,0,4,3,3
8701,Luxembourg,442,Melanesia,928,0,0,0,0,0,0,8,0,0,0,0,0,0,3,0,0,0,0,0,0,5
8702,Luxembourg,442,Micronesia,954,0,0,0,0,0,0,0,0,0,0,0,0,0,0,0,0,0,0,0,0,0
8703,Luxembourg,442,Polynesia,957,0,0,0,0,0,0,4,0,0,0,0,0,0,2,0,0,0,0,0,0,2
8704,Luxembourg,442,Afghanistan,4,0,0,0,0,0,0,433,0,0,0,0,0,0,295,0,0,0,0,0,0,138
8705,Luxembourg,442,Albania,8,290,275,264,229,197,300,1058,151,143,136,125,115,177,517,139,132,128,104,82,123,541
8706,Luxembourg,442,Algeria,12,98,92,88,76,66,100,1113,58,49,41,38,36,55,607,40,43,47,38,30,45,506
8707,Luxembourg,442,Andorra,20,0,0,0,0,0,0,38,0,0,0,0,0,0,20,0,0,0,0,0,0,18
8708,Luxembourg,442,Angola,24,0,0,0,0,0,0,1061,0,0,0,0,0,0,539,0,0,0,0,0,0,522
8709,Luxembourg,442,AntiguaandBarbuda,28,0,0,0,0,0,0,2,0,0,0,0,0,0,2,0,0,0,0,0,0,0
8710,Luxembourg,442,Argentina,32,38,36,35,30,26,39,407,19,19,18,17,15,23,182,19,17,17,13,11,16,225
8711,Luxembourg,442,Armenia,51,0,0,0,0,0,0,120,0,0,0,0,0,0,46,0,0,0,0,0,0,74
8712,Luxembourg,442,Aruba,533,0,0,0,0,0,0,1,0,0,0,0,0,0,0,0,0,0,0,0,0,1
8713,Luxembourg,442,Australia,36,74,70,67,58,50,76,287,35,34,32,30,27,42,138,39,36,35,28,23,34,149
8714,Luxembourg,442,Austria,40,512,487,469,548,634,967,1026,201,198,199,233,269,419,454,311,289,270,315,365,548,572
8715,Luxembourg,442,Azerbaijan,31,0,0,0,0,0,0,192,0,0,0,0,0,0,102,0,0,0,0,0,0,90
8716,Luxembourg,442,Bahamas,44,0,0,0,0,0,0,8,0,0,0,0,0,0,5,0,0,0,0,0,0,3
8717,Luxembourg,442,Bahrain,48,0,0,0,0,0,0,9,0,0,0,0,0,0,3,0,0,0,0,0,0,6
8718,Luxembourg,442,Bangladesh,50,29,27,26,22,20,30,142,17,16,15,14,13,20,92,12,11,11,8,7,10,50
8719,Luxembourg,442,Barbados,52,0,0,0,0,0,0,6,0,0,0,0,0,0,3,0,0,0,0,0,0,3
8720,Luxembourg,442,Belarus,112,42,39,38,32,28,42,324,3,3,3,4,5,8,72,39,36,35,28,23,34,252
8721,Luxembourg,442,Belgium,56,11205,11879,12679,12758,12979,19800,21583,5322,5818,6385,6422,6529,10112,11705,5883,6061,6294,6336,6450,9688,9878
8722,Luxembourg,442,Benin,204,0,0,0,0,0,0,131,0,0,0,0,0,0,96,0,0,0,0,0,0,35
8723,Luxembourg,442,Bermuda,60,0,0,0,0,0,0,8,0,0,0,0,0,0,6,0,0,0,0,0,0,2
8724,Luxembourg,442,Bhutan,64,0,0,0,0,0,0,1,0,0,0,0,0,0,1,0,0,0,0,0,0,0
8725,Luxembourg,442,BoliviaPlurinationalStateof,68,0,0,0,0,0,0,70,0,0,0,0,0,0,25,0,0,0,0,0,0,45
8726,Luxembourg,442,BosniaandHerzegovina,70,2334,2220,2130,1848,1587,2421,2732,1183,1120,1071,984,908,1402,1377,1151,1100,1059,864,679,1019,1355
8727,Luxembourg,442,Botswana,72,0,0,0,0,0,0,1,0,0,0,0,0,0,0,0,0,0,0,0,0,1
8728,Luxembourg,442,Brazil,76,288,273,262,227,195,297,3722,94,88,84,82,81,126,1439,194,185,178,145,114,171,2283
8729,Luxembourg,442,Bulgaria,100,42,68,96,334,576,878,1710,17,24,32,112,192,302,662,25,44,64,222,384,576,1048
8730,Luxembourg,442,BurkinaFaso,854,0,0,0,0,0,0,69,0,0,0,0,0,0,37,0,0,0,0,0,0,32
8731,Luxembourg,442,Burundi,108,0,0,0,0,0,0,98,0,0,0,0,0,0,41,0,0,0,0,0,0,57
8732,Luxembourg,442,CaboVerde,132,1148,1278,1422,1234,1060,1617,7108,570,600,637,594,557,862,3368,578,678,785,640,503,755,3740
8733,Luxembourg,442,Cambodia,116,0,0,0,0,0,0,69,0,0,0,0,0,0,21,0,0,0,0,0,0,48
8734,Luxembourg,442,Cameroon,120,58,55,53,45,39,59,1234,21,21,20,19,18,28,598,37,34,33,26,21,31,636
8735,Luxembourg,442,Canada,124,229,217,208,180,155,236,785,109,103,98,91,84,130,401,120,114,110,89,71,106,384
8736,Luxembourg,442,CentralAfricanRepublic,140,0,0,0,0,0,0,35,0,0,0,0,0,0,13,0,0,0,0,0,0,22
8737,Luxembourg,442,Chad,148,0,0,0,0,0,0,12,0,0,0,0,0,0,7,0,0,0,0,0,0,5
8738,Luxembourg,442,Chile,152,56,53,51,44,38,57,217,29,28,27,25,22,33,101,27,25,24,19,16,24,116
8739,Luxembourg,442,China,156,1017,966,927,804,691,1054,4295,497,470,450,415,385,595,1931,520,496,477,389,306,459,2364
8740,Luxembourg,442,Colombia,170,26,24,23,19,17,25,515,8,8,7,7,7,10,220,18,16,16,12,10,15,295
8741,Luxembourg,442,Comoros,174,0,0,0,0,0,0,16,0,0,0,0,0,0,6,0,0,0,0,0,0,10
8742,Luxembourg,442,Congo,178,0,0,0,0,0,0,299,0,0,0,0,0,0,155,0,0,0,0,0,0,144
8743,Luxembourg,442,CostaRica,188,0,0,0,0,0,0,29,0,0,0,0,0,0,13,0,0,0,0,0,0,16
8744,Luxembourg,442,CotedIvoire,384,0,0,0,0,0,0,445,0,0,0,0,0,0,237,0,0,0,0,0,0,208
8745,Luxembourg,442,Croatia,191,400,380,365,316,271,413,874,206,195,187,171,157,242,428,194,185,178,145,114,171,446
8746,Luxembourg,442,Cuba,192,23,21,20,17,15,22,180,8,8,7,7,7,10,60,15,13,13,10,8,12,120
8747,Luxembourg,442,Cyprus,196,3,2,2,21,41,62,144,2,2,1,11,21,32,73,1,0,1,10,20,30,71
8748,Luxembourg,442,Czechia,203,76,79,83,336,594,906,1061,32,30,27,109,192,303,413,44,49,56,227,402,603,648
8749,Luxembourg,442,DemPeoplesRepublicofKorea,408,0,0,0,0,0,0,15,0,0,0,0,0,0,6,0,0,0,0,0,0,9
8750,Luxembourg,442,DemocraticRepublicoftheCongo,180,94,89,85,74,64,97,923,44,42,39,37,35,54,459,50,47,46,37,29,43,464
8751,Luxembourg,442,Denmark,208,1263,1438,1630,1637,1662,2535,1598,590,683,785,789,800,1241,827,673,755,845,848,862,1294,771
8752,Luxembourg,442,Djibouti,262,0,0,0,0,0,0,10,0,0,0,0,0,0,4,0,0,0,0,0,0,6
8753,Luxembourg,442,Dominica,212,112,105,101,88,76,115,2,31,28,27,28,29,45,0,81,77,74,60,47,70,2
8754,Luxembourg,442,DominicanRepublic,214,35,32,31,26,23,35,514,12,11,11,10,10,16,150,23,21,20,16,13,19,364
8755,Luxembourg,442,Ecuador,218,0,0,0,0,0,0,202,0,0,0,0,0,0,76,0,0,0,0,0,0,126
8756,Luxembourg,442,Egypt,818,25,23,22,19,17,25,347,15,14,13,12,11,16,202,10,9,9,7,6,9,145
8757,Luxembourg,442,ElSalvador,222,0,0,0,0,0,0,47,0,0,0,0,0,0,20,0,0,0,0,0,0,27
8758,Luxembourg,442,EquatorialGuinea,226,0,0,0,0,0,0,8,0,0,0,0,0,0,1,0,0,0,0,0,0,7
8759,Luxembourg,442,Eritrea,232,0,0,0,0,0,0,701,0,0,0,0,0,0,449,0,0,0,0,0,0,252
8760,Luxembourg,442,Estonia,233,18,16,16,179,345,526,597,3,3,3,34,66,107,184,15,13,13,145,279,419,413
8761,Luxembourg,442,Eswatini,748,0,0,0,0,0,0,1,0,0,0,0,0,0,0,0,0,0,0,0,0,1
8762,Luxembourg,442,Ethiopia,231,0,0,0,0,0,0,244,0,0,0,0,0,0,123,0,0,0,0,0,0,121
8763,Luxembourg,442,Fiji,242,0,0,0,0,0,0,4,0,0,0,0,0,0,0,0,0,0,0,0,0,4
8764,Luxembourg,442,Finland,246,243,445,653,749,854,1302,1154,103,183,266,305,348,542,505,140,262,387,444,506,760,649
8765,Luxembourg,442,France,250,14367,15658,17116,20304,23716,36180,42979,6384,7172,8050,9544,11140,17289,22782,7983,8486,9066,10760,12576,18891,20197
8766,Luxembourg,442,FrenchPolynesia,258,0,0,0,0,0,0,4,0,0,0,0,0,0,2,0,0,0,0,0,0,2
8767,Luxembourg,442,Gabon,266,0,0,0,0,0,0,81,0,0,0,0,0,0,32,0,0,0,0,0,0,49
8768,Luxembourg,442,Gambia,270,0,0,0,0,0,0,76,0,0,0,0,0,0,50,0,0,0,0,0,0,26
8769,Luxembourg,442,Georgia,268,0,0,0,0,0,0,97,0,0,0,0,0,0,36,0,0,0,0,0,0,61
8770,Luxembourg,442,Germany,276,12616,10558,8612,8886,9259,14125,17080,4746,4290,3890,4011,4176,6490,8037,7870,6268,4722,4875,5083,7635,9043
8771,Luxembourg,442,Ghana,288,0,0,0,0,0,0,67,0,0,0,0,0,0,33,0,0,0,0,0,0,34
8772,Luxembourg,442,Gibraltar,292,0,0,0,0,0,0,1,0,0,0,0,0,0,0,0,0,0,0,0,0,1
8773,Luxembourg,442,Greece,300,636,805,983,1083,1195,1823,3163,313,399,490,541,596,924,1595,323,406,493,542,599,899,1568
8774,Luxembourg,442,Grenada,308,0,0,0,0,0,0,2,0,0,0,0,0,0,0,0,0,0,0,0,0,2
8775,Luxembourg,442,Guatemala,320,0,0,0,0,0,0,120,0,0,0,0,0,0,49,0,0,0,0,0,0,71
8776,Luxembourg,442,Guinea,324,0,0,0,0,0,0,419,0,0,0,0,0,0,283,0,0,0,0,0,0,136
8777,Luxembourg,442,GuineaBissau,624,0,0,0,0,0,0,1516,0,0,0,0,0,0,949,0,0,0,0,0,0,567
8778,Luxembourg,442,Guyana,328,0,0,0,0,0,0,11,0,0,0,0,0,0,3,0,0,0,0,0,0,8
8779,Luxembourg,442,Haiti,332,0,0,0,0,0,0,77,0,0,0,0,0,0,45,0,0,0,0,0,0,32
8780,Luxembourg,442,Honduras,340,0,0,0,0,0,0,24,0,0,0,0,0,0,4,0,0,0,0,0,0,20
8781,Luxembourg,442,Hungary,348,58,89,122,414,711,1084,1818,28,34,40,137,235,369,770,30,55,82,277,476,715,1048
8782,Luxembourg,442,Iceland,352,259,273,290,251,215,328,413,124,123,122,115,108,168,205,135,150,168,136,107,160,208
8783,Luxembourg,442,India,356,187,177,170,147,127,193,2791,90,85,81,75,71,109,1516,97,92,89,72,56,84,1275
8784,Luxembourg,442,Indonesia,360,0,0,0,0,0,0,121,0,0,0,0,0,0,32,0,0,0,0,0,0,89
8785,Luxembourg,442,IranIslamicRepublicof,364,224,212,204,177,152,231,1074,115,108,104,96,89,137,577,109,104,100,81,63,94,497
8786,Luxembourg,442,Iraq,368,0,0,0,0,0,0,1028,0,0,0,0,0,0,645,0,0,0,0,0,0,383
8787,Luxembourg,442,Ireland,372,412,585,765,910,1067,1627,1429,181,270,363,432,506,785,753,231,315,402,478,561,842,676
8788,Luxembourg,442,Israel,376,40,38,37,31,27,41,236,22,22,21,19,17,26,127,18,16,16,12,10,15,109
8789,Luxembourg,442,Italy,380,12479,14300,16274,14814,13517,20621,18878,7069,7627,8277,7532,6868,10634,11002,5410,6673,7997,7282,6649,9987,7876
8790,Luxembourg,442,Jamaica,388,0,0,0,0,0,0,30,0,0,0,0,0,0,15,0,0,0,0,0,0,15
8791,Luxembourg,442,Japan,392,336,290,249,215,185,282,588,157,132,110,102,96,149,230,179,158,139,113,89,133,358
8792,Luxembourg,442,Jordan,400,0,0,0,0,0,0,47,0,0,0,0,0,0,29,0,0,0,0,0,0,18
8793,Luxembourg,442,Kazakhstan,398,0,0,0,0,0,0,207,0,0,0,0,0,0,56,0,0,0,0,0,0,151
8794,Luxembourg,442,Kenya,404,0,0,0,0,0,0,111,0,0,0,0,0,0,53,0,0,0,0,0,0,58
8795,Luxembourg,442,Kuwait,414,0,0,0,0,0,0,47,0,0,0,0,0,0,29,0,0,0,0,0,0,18
8796,Luxembourg,442,Kyrgyzstan,417,0,0,0,0,0,0,47,0,0,0,0,0,0,15,0,0,0,0,0,0,32
8797,Luxembourg,442,LaoPeoplesDemocraticRepublic,418,0,0,0,0,0,0,51,0,0,0,0,0,0,19,0,0,0,0,0,0,32
8798,Luxembourg,442,Latvia,428,8,7,7,162,320,488,657,1,1,1,23,46,77,201,7,6,6,139,274,411,456
8799,Luxembourg,442,Lebanon,422,34,31,30,26,23,35,341,13,12,11,11,11,17,217,21,19,19,15,12,18,124
8800,Luxembourg,442,Liberia,430,0,0,0,0,0,0,39,0,0,0,0,0,0,30,0,0,0,0,0,0,9
8801,Luxembourg,442,Libya,434,0,0,0,0,0,0,80,0,0,0,0,0,0,45,0,0,0,0,0,0,35
8802,Luxembourg,442,Liechtenstein,438,0,0,0,0,0,0,8,0,0,0,0,0,0,4,0,0,0,0,0,0,4
8803,Luxembourg,442,Lithuania,440,13,12,12,201,393,599,888,4,4,4,68,133,209,300,9,8,8,133,260,390,588
8804,Luxembourg,442,Madagascar,450,0,0,0,0,0,0,195,0,0,0,0,0,0,68,0,0,0,0,0,0,127
8805,Luxembourg,442,Malawi,454,0,0,0,0,0,0,11,0,0,0,0,0,0,4,0,0,0,0,0,0,7
8806,Luxembourg,442,Malaysia,458,26,24,23,19,17,25,111,10,10,9,8,8,12,35,16,14,14,11,9,13,76
8807,Luxembourg,442,Mali,466,0,0,0,0,0,0,79,0,0,0,0,0,0,49,0,0,0,0,0,0,30
8808,Luxembourg,442,Malta,470,13,12,12,93,177,270,244,7,7,7,55,104,161,124,6,5,5,38,73,109,120
8809,Luxembourg,442,Mauritania,478,0,0,0,0,0,0,11,0,0,0,0,0,0,10,0,0,0,0,0,0,1
8810,Luxembourg,442,Mauritius,480,51,48,46,39,34,51,434,15,15,14,13,13,20,198,36,33,32,26,21,31,236
8811,Luxembourg,442,Mexico,484,27,25,24,20,18,27,424,7,7,6,6,6,9,179,20,18,18,14,12,18,245
8812,Luxembourg,442,Monaco,492,0,0,0,0,0,0,50,0,0,0,0,0,0,34,0,0,0,0,0,0,16
8813,Luxembourg,442,Mongolia,496,0,0,0,0,0,0,42,0,0,0,0,0,0,10,0,0,0,0,0,0,32
8814,Luxembourg,442,Montenegro,499,2301,4925,5012,6563,5600,8543,2715,1245,2588,2741,3682,3351,5165,1395,1056,2337,2271,2881,2249,3378,1320
8815,Luxembourg,442,Morocco,504,125,169,216,186,160,244,2499,74,82,91,85,80,124,1244,51,87,125,101,80,120,1255
8816,Luxembourg,442,Mozambique,508,0,0,0,0,0,0,339,0,0,0,0,0,0,156,0,0,0,0,0,0,183
8817,Luxembourg,442,Myanmar,104,0,0,0,0,0,0,9,0,0,0,0,0,0,6,0,0,0,0,0,0,3
8818,Luxembourg,442,Namibia,516,0,0,0,0,0,0,14,0,0,0,0,0,0,5,0,0,0,0,0,0,9
8819,Luxembourg,442,Nepal,524,30,28,27,23,20,30,362,21,20,19,17,15,23,198,9,8,8,6,5,7,164
8820,Luxembourg,442,Netherlands,528,3092,3111,3163,3027,2926,4463,3986,1537,1542,1566,1498,1447,2242,2145,1555,1569,1597,1529,1479,2221,1841
8821,Luxembourg,442,NewZealand,554,23,21,20,17,15,22,97,15,14,13,12,10,15,56,8,7,7,5,5,7,41
8822,Luxembourg,442,Nicaragua,558,0,0,0,0,0,0,17,0,0,0,0,0,0,7,0,0,0,0,0,0,10
8823,Luxembourg,442,Niger,562,0,0,0,0,0,0,35,0,0,0,0,0,0,23,0,0,0,0,0,0,12
8824,Luxembourg,442,Nigeria,566,0,0,0,0,0,0,327,0,0,0,0,0,0,212,0,0,0,0,0,0,115
8825,Luxembourg,442,NorthMacedonia,807,1957,1124,304,264,227,346,605,1118,637,164,150,137,211,297,839,487,140,114,90,135,308
8826,Luxembourg,442,Norway,578,171,161,154,133,115,175,262,84,82,81,74,68,105,136,87,79,73,59,47,70,126
8827,Luxembourg,442,Oman,512,0,0,0,0,0,0,5,0,0,0,0,0,0,2,0,0,0,0,0,0,3
8828,Luxembourg,442,Pakistan,586,0,0,0,0,0,0,279,0,0,0,0,0,0,169,0,0,0,0,0,0,110
8829,Luxembourg,442,Panama,591,0,0,0,0,0,0,24,0,0,0,0,0,0,7,0,0,0,0,0,0,17
8830,Luxembourg,442,PapuaNewGuinea,598,0,0,0,0,0,0,4,0,0,0,0,0,0,3,0,0,0,0,0,0,1
8831,Luxembourg,442,Paraguay,600,0,0,0,0,0,0,33,0,0,0,0,0,0,7,0,0,0,0,0,0,26
8832,Luxembourg,442,Peru,604,96,91,87,75,65,99,528,36,34,32,31,30,47,216,60,57,55,44,35,52,312
8833,Luxembourg,442,Philippines,608,183,173,166,144,124,189,891,36,33,31,34,37,59,204,147,140,135,110,87,130,687
8834,Luxembourg,442,Poland,616,722,642,570,1310,2065,3150,5051,309,261,217,498,784,1226,2112,413,381,353,812,1281,1924,2939
8835,Luxembourg,442,Portugal,620,30614,40221,50254,55878,62068,94732,75221,16464,21035,25859,28709,31903,49385,39484,14150,19186,24395,27169,30165,45347,35737
8836,Luxembourg,442,Qatar,634,0,0,0,0,0,0,9,0,0,0,0,0,0,6,0,0,0,0,0,0,3
8837,Luxembourg,442,RepublicofKorea,410,49,46,44,37,32,48,983,23,22,20,18,16,24,501,26,24,24,19,16,24,482
8838,Luxembourg,442,RepublicofMoldova,498,0,0,0,0,0,0,588,0,0,0,0,0,0,233,0,0,0,0,0,0,355
8839,Luxembourg,442,Romania,642,106,203,303,717,1140,1739,5225,45,73,101,238,378,595,2113,61,130,202,479,762,1144,3112
8840,Luxembourg,442,RussianFederation,643,377,358,344,298,256,390,2780,97,91,87,89,91,143,933,280,267,257,209,165,247,1847
8841,Luxembourg,442,Rwanda,646,24,22,22,19,17,25,188,9,9,9,9,9,13,81,15,13,13,10,8,12,107
8842,Luxembourg,442,SaintVincentandtheGrenadines,670,0,0,0,0,0,0,1,0,0,0,0,0,0,0,0,0,0,0,0,0,1
8843,Luxembourg,442,SanMarino,674,0,0,0,0,0,0,3,0,0,0,0,0,0,1,0,0,0,0,0,0,2
8844,Luxembourg,442,SaoTomeandPrincipe,678,0,0,0,0,0,0,166,0,0,0,0,0,0,85,0,0,0,0,0,0,81
8845,Luxembourg,442,SaudiArabia,682,0,0,0,0,0,0,59,0,0,0,0,0,0,43,0,0,0,0,0,0,16
8846,Luxembourg,442,Senegal,686,29,27,26,22,20,30,703,16,15,14,13,12,18,378,13,12,12,9,8,12,325
8847,Luxembourg,442,Serbia,688,4602,2288,2507,1929,3881,5920,3682,2490,1237,1271,1170,2354,3627,1866,2112,1051,1236,759,1527,2293,1816
8848,Luxembourg,442,Seychelles,690,0,0,0,0,0,0,9,0,0,0,0,0,0,2,0,0,0,0,0,0,7
8849,Luxembourg,442,SierraLeone,694,0,0,0,0,0,0,20,0,0,0,0,0,0,14,0,0,0,0,0,0,6
8850,Luxembourg,442,Singapore,702,0,0,0,0,0,0,149,0,0,0,0,0,0,61,0,0,0,0,0,0,88
8851,Luxembourg,442,Slovakia,703,69,65,63,262,464,707,869,30,29,28,116,204,317,335,39,36,35,146,260,390,534
8852,Luxembourg,442,Slovenia,705,54,51,49,181,317,483,599,28,27,25,91,159,246,255,26,24,24,90,158,237,344
8853,Luxembourg,442,Somalia,706,0,0,0,0,0,0,77,0,0,0,0,0,0,43,0,0,0,0,0,0,34
8854,Luxembourg,442,SouthAfrica,710,45,42,41,35,30,45,659,22,21,21,19,17,26,351,23,21,20,16,13,19,308
8855,Luxembourg,442,Spain,724,1911,2142,2397,2495,2621,3998,5651,981,1061,1154,1201,1261,1956,2873,930,1081,1243,1294,1360,2042,2778
8856,Luxembourg,442,SriLanka,144,0,0,0,0,0,0,85,0,0,0,0,0,0,46,0,0,0,0,0,0,39
8857,Luxembourg,442,StateofPalestine,275,0,0,0,0,0,0,31,0,0,0,0,0,0,19,0,0,0,0,0,0,12
8858,Luxembourg,442,Sudan,729,0,0,0,0,0,0,102,0,0,0,0,0,0,89,0,0,0,0,0,0,13
8859,Luxembourg,442,Suriname,740,0,0,0,0,0,0,21,0,0,0,0,0,0,9,0,0,0,0,0,0,12
8860,Luxembourg,442,Sweden,752,456,707,967,1152,1350,2059,1460,224,329,439,523,612,951,757,232,378,528,629,738,1108,703
8861,Luxembourg,442,Switzerland,756,646,554,468,406,349,532,1375,297,247,200,188,177,274,717,349,307,268,218,172,258,658
8862,Luxembourg,442,SyrianArabRepublic,760,0,0,0,0,0,0,1839,0,0,0,0,0,0,1052,0,0,0,0,0,0,787
8863,Luxembourg,442,Tajikistan,762,0,0,0,0,0,0,22,0,0,0,0,0,0,5,0,0,0,0,0,0,17
8864,Luxembourg,442,Thailand,764,168,159,153,132,114,173,644,17,15,14,19,25,40,115,151,144,139,113,89,133,529
8865,Luxembourg,442,Togo,768,0,0,0,0,0,0,460,0,0,0,0,0,0,271,0,0,0,0,0,0,189
8866,Luxembourg,442,TrinidadandTobago,780,0,0,0,0,0,0,22,0,0,0,0,0,0,8,0,0,0,0,0,0,14
8867,Luxembourg,442,Tunisia,788,114,115,118,102,88,134,1212,84,80,77,69,62,95,783,30,35,41,33,26,39,429
8868,Luxembourg,442,Turkey,792,194,184,177,153,132,201,1435,104,95,87,80,75,116,779,90,89,90,73,57,85,656
8869,Luxembourg,442,Turkmenistan,795,0,0,0,0,0,0,19,0,0,0,0,0,0,8,0,0,0,0,0,0,11
8870,Luxembourg,442,Uganda,800,0,0,0,0,0,0,35,0,0,0,0,0,0,16,0,0,0,0,0,0,19
8871,Luxembourg,442,Ukraine,804,169,160,154,133,115,175,1471,21,20,19,23,28,45,442,148,140,135,110,87,130,1029
8872,Luxembourg,442,UnitedArabEmirates,784,0,0,0,0,0,0,77,0,0,0,0,0,0,42,0,0,0,0,0,0,35
8873,Luxembourg,442,UnitedKingdom,826,2355,3041,3760,4047,4329,6604,5633,1231,1626,2040,2193,2349,3630,3204,1124,1415,1720,1854,1980,2974,2429
8874,Luxembourg,442,UnitedRepublicofTanzania,834,0,0,0,0,0,0,24,0,0,0,0,0,0,8,0,0,0,0,0,0,16
8875,Luxembourg,442,UnitedStatesofAmerica,840,1098,1066,965,836,718,1095,2972,565,550,500,457,420,648,1534,533,516,465,379,298,447,1438
8876,Luxembourg,442,Uruguay,858,0,0,0,0,0,0,91,0,0,0,0,0,0,43,0,0,0,0,0,0,48
8877,Luxembourg,442,Uzbekistan,860,0,0,0,0,0,0,119,0,0,0,0,0,0,43,0,0,0,0,0,0,76
8878,Luxembourg,442,VenezuelaBolivarianRepublicof,862,25,23,22,19,17,25,548,10,10,9,9,9,13,274,15,13,13,10,8,12,274
8879,Luxembourg,442,VietNam,704,70,66,63,54,47,71,570,22,21,19,19,19,29,224,48,45,44,35,28,42,346
8880,Luxembourg,442,Yemen,887,0,0,0,0,0,0,19,0,0,0,0,0,0,13,0,0,0,0,0,0,6
8881,Luxembourg,442,Zambia,894,0,0,0,0,0,0,21,0,0,0,0,0,0,8,0,0,0,0,0,0,13
8882,Luxembourg,442,Zimbabwe,716,0,0,0,0,0,0,71,0,0,0,0,0,0,33,0,0,0,0,0,0,38
8883,Monaco,492,Melanesia,928,0,0,0,0,0,0,0,0,0,0,0,0,0,0,0,0,0,0,0,0,0
8884,Monaco,492,Micronesia,954,0,0,0,0,0,0,0,0,0,0,0,0,0,0,0,0,0,0,0,0,0
8885,Monaco,492,Polynesia,957,0,0,0,0,0,0,0,0,0,0,0,0,0,0,0,0,0,0,0,0,0
8886,Monaco,492,France,250,7679,7401,7134,6719,6399,7611,7790,3189,3069,2956,2819,2720,3285,3362,4490,4332,4178,3900,3679,4326,4428
8887,Monaco,492,Italy,380,3886,4180,4480,4430,4443,5841,5978,2233,2406,2583,2510,2471,3216,3292,1653,1774,1897,1920,1972,2625,2686
8888,Netherlands,528,Melanesia,928,6,8,12,204,234,229,253,6,8,10,87,101,102,114,0,0,2,117,133,127,139
8889,Netherlands,528,Micronesia,954,0,0,0,0,8,8,5,0,0,0,0,5,6,4,0,0,0,0,3,2,1
8890,Netherlands,528,Polynesia,957,7,9,14,16,41,51,54,5,6,7,7,21,31,30,2,3,7,9,20,20,24
8891,Netherlands,528,Afghanistan,4,9865,14531,19683,32187,30985,32735,36418,5786,8388,11252,18042,16721,17469,19513,4079,6143,8431,14145,14264,15266,16905
8892,Netherlands,528,Albania,8,181,267,362,662,894,1324,2402,107,155,206,343,485,666,1226,74,112,156,319,409,658,1176
8893,Netherlands,528,Algeria,12,1764,2694,3717,4026,3893,3855,4219,1255,1898,2604,2662,2498,2384,2543,509,796,1113,1364,1395,1471,1676
8894,Netherlands,528,Andorra,20,0,0,0,0,10,18,27,0,0,0,0,5,9,15,0,0,0,0,5,9,12
8895,Netherlands,528,Angola,24,1727,2543,3445,9245,1985,4982,4957,1118,1626,2184,5672,1188,2832,2822,609,917,1261,3573,797,2150,2135
8896,Netherlands,528,Anguilla,660,7,9,14,27,24,22,18,4,5,6,11,8,6,3,3,4,8,16,16,16,15
8897,Netherlands,528,AntiguaandBarbuda,28,11,16,23,28,28,33,35,6,8,10,9,6,11,14,5,8,13,19,22,22,21
8898,Netherlands,528,Argentina,32,1614,1785,2020,2700,2830,3223,4371,752,815,904,1167,1239,1431,2011,862,970,1116,1533,1591,1792,2360
8899,Netherlands,528,Armenia,51,43,62,85,1890,1659,867,952,23,32,41,943,852,456,467,20,30,44,947,807,411,485
8900,Netherlands,528,Aruba,533,557,630,727,1416,2496,4178,5554,302,336,382,734,1249,2108,2821,255,294,345,682,1247,2070,2733
8901,Netherlands,528,Australia,36,7853,8368,9177,10052,9967,10196,12054,3935,4118,4434,4927,4880,4991,5989,3918,4250,4743,5125,5087,5205,6065
8902,Netherlands,528,Austria,40,6902,6701,6742,6475,6496,6514,7242,2965,2816,2759,2770,2818,2845,3096,3937,3885,3983,3705,3678,3669,4146
8903,Netherlands,528,Azerbaijan,31,40,58,81,2934,2022,753,918,17,23,31,1470,1023,398,478,23,35,50,1464,999,355,440
8904,Netherlands,528,Bahamas,44,24,34,48,54,55,57,62,15,21,28,30,28,32,35,9,13,20,24,27,25,27
8905,Netherlands,528,Bahrain,48,49,71,98,112,105,126,215,24,34,45,50,50,65,111,25,37,53,62,55,61,104
8906,Netherlands,528,Bangladesh,50,401,590,800,988,1116,1338,1843,145,205,270,339,432,546,860,256,385,530,649,684,792,983
8907,Netherlands,528,Barbados,52,37,54,74,75,68,80,101,23,33,44,42,38,44,52,14,21,30,33,30,36,49
8908,Netherlands,528,Belarus,112,14,19,27,135,199,309,529,9,12,16,65,92,142,221,5,7,11,70,107,167,308
8909,Netherlands,528,Belgium,56,41730,42604,44982,46750,49063,53446,61744,18747,18737,19323,20253,21528,24019,28344,22983,23867,25659,26497,27535,29427,33400
8910,Netherlands,528,Belize,84,0,0,0,0,21,17,25,0,0,0,0,5,6,13,0,0,0,0,16,11,12
8911,Netherlands,528,Benin,204,53,77,106,273,263,279,310,35,50,67,193,175,179,191,18,27,39,80,88,100,119
8912,Netherlands,528,Bermuda,60,9,13,19,20,30,37,50,5,7,8,11,14,16,18,4,6,11,9,16,21,32
8913,Netherlands,528,Bhutan,64,9,13,19,48,195,310,300,8,12,16,34,108,160,156,1,1,3,14,87,150,144
8914,Netherlands,528,BoliviaPlurinationalStateof,68,216,317,431,585,757,892,1063,101,144,192,242,313,348,401,115,173,239,343,444,544,662
8915,Netherlands,528,Bonaire,16,535,0,0,0,0,0,30,113,0,0,0,0,0,15,52,0,0,0,0,0,15
8916,Netherlands,528,BosniaandHerzegovina,70,131,288,458,6625,6788,813,1059,71,150,236,3333,3917,412,517,60,138,222,3292,2871,401,542
8917,Netherlands,528,Botswana,72,89,130,177,201,215,232,260,46,66,87,99,106,112,124,43,64,90,102,109,120,136
8918,Netherlands,528,Brazil,76,3820,5699,7770,10126,13357,16131,22974,1618,2339,3130,3758,4836,5801,8705,2202,3360,4640,6368,8521,10330,14269
8919,Netherlands,528,BritishVirginIslands,92,0,0,0,0,13,12,13,0,0,0,0,5,4,5,0,0,0,0,8,8,8
8920,Netherlands,528,BruneiDarussalam,96,273,402,545,578,559,610,633,146,210,280,294,290,318,330,127,192,265,284,269,292,303
8921,Netherlands,528,Bulgaria,100,827,1217,1650,3093,13340,19921,30691,331,469,622,1035,6364,9188,15095,496,748,1028,2058,6976,10733,15596
8922,Netherlands,528,BurkinaFaso,854,91,133,181,283,336,378,413,60,86,114,180,209,233,261,31,47,67,103,127,145,152
8923,Netherlands,528,Burundi,108,222,326,444,2322,2732,2189,2185,122,175,235,1318,1394,1062,1064,100,151,209,1004,1338,1127,1121
8924,Netherlands,528,CaboVerde,132,7912,9257,10923,11463,11676,11634,12091,4053,4654,5403,5536,5520,5402,5550,3859,4603,5520,5927,6156,6232,6541
8925,Netherlands,528,Cambodia,116,261,384,522,631,676,733,821,128,184,246,274,289,300,315,133,200,276,357,387,433,506
8926,Netherlands,528,Cameroon,120,431,634,859,1766,1886,1842,1992,227,327,435,954,934,880,952,204,307,424,812,952,962,1040
8927,Netherlands,528,Canada,124,6485,7185,8136,8788,9131,9664,10955,3220,3500,3893,4114,4286,4486,5029,3265,3685,4243,4674,4845,5178,5926
8928,Netherlands,528,CaymanIslands,136,0,0,0,0,13,15,19,0,0,0,0,6,7,8,0,0,0,0,7,8,11
8929,Netherlands,528,CentralAfricanRepublic,140,14,20,29,43,58,59,76,9,12,15,23,27,30,38,5,8,14,20,31,29,38
8930,Netherlands,528,Chad,148,28,40,56,103,101,88,99,17,23,31,70,65,55,61,11,17,25,33,36,33,38
8931,Netherlands,528,Chile,152,2655,2673,2787,3013,3035,3250,3897,1343,1330,1361,1441,1424,1522,1847,1312,1343,1426,1572,1611,1728,2050
8932,Netherlands,528,China,156,20779,26141,32395,43672,52617,61901,72803,10382,12795,15607,19328,23217,27011,31790,10397,13346,16788,24344,29400,34890,41013
8933,Netherlands,528,Colombia,170,4915,6784,8883,11618,12906,14123,16127,2176,2921,3755,4904,5405,5779,6622,2739,3863,5128,6714,7501,8344,9505
8934,Netherlands,528,Comoros,174,0,0,0,0,17,14,10,0,0,0,0,13,11,7,0,0,0,0,4,3,3
8935,Netherlands,528,Congo,178,295,433,587,1065,1004,962,922,174,250,335,620,548,480,456,121,183,252,445,456,482,466
8936,Netherlands,528,CostaRica,188,207,304,413,557,623,764,978,101,143,191,247,271,350,450,106,161,222,310,352,414,528
8937,Netherlands,528,CotedIvoire,384,177,260,353,761,1088,1216,1197,111,161,216,479,626,677,624,66,99,137,282,462,539,573
8938,Netherlands,528,Croatia,191,38,81,129,179,201,322,819,21,42,65,87,100,154,384,17,39,64,92,101,168,435
8939,Netherlands,528,Cuba,192,313,460,624,996,1174,1300,1501,134,191,252,385,418,486,623,179,269,372,611,756,814,878
8940,Netherlands,528,CuraÃao,531,0,0,0,0,0,280,1259,0,0,0,0,0,148,625,0,0,0,0,0,132,634
8941,Netherlands,528,Cyprus,196,124,182,247,296,381,582,1095,77,111,147,174,208,326,611,47,71,100,122,173,256,484
8942,Netherlands,528,Czechia,203,3382,3953,4661,6133,406,746,1345,1125,1264,1439,1936,207,358,631,2257,2689,3222,4197,199,388,714
8943,Netherlands,528,DemPeoplesRepublicofKorea,408,2,2,4,27,31,121,93,2,2,4,21,18,65,53,0,0,0,6,13,56,40
8944,Netherlands,528,DemocraticRepublicoftheCongo,180,2252,3316,4492,5647,4991,4923,5120,1351,1960,2629,3032,2560,2451,2544,901,1356,1863,2615,2431,2472,2576
8945,Netherlands,528,Denmark,208,2095,2527,3048,3265,3225,3511,4133,834,975,1147,1302,1292,1443,1771,1261,1552,1901,1963,1933,2068,2362
8946,Netherlands,528,Djibouti,262,48,70,96,107,103,92,124,26,37,48,39,37,28,40,22,33,48,68,66,64,84
8947,Netherlands,528,Dominica,212,33,48,67,82,73,79,89,16,22,30,35,35,37,39,17,26,37,47,38,42,50
8948,Netherlands,528,DominicanRepublic,214,2403,3933,5593,6995,7751,8585,9541,730,1130,1559,2027,2321,2678,3069,1673,2803,4034,4968,5430,5907,6472
8949,Netherlands,528,Ecuador,218,439,646,876,1425,1789,2221,2792,184,262,348,543,687,825,1073,255,384,528,882,1102,1396,1719
8950,Netherlands,528,Egypt,818,4725,6789,9082,11014,11761,12780,15893,3679,5253,7000,7880,8270,8784,10603,1046,1536,2082,3134,3491,3996,5290
8951,Netherlands,528,ElSalvador,222,134,197,267,316,347,382,498,61,87,113,141,147,153,208,73,110,154,175,200,229,290
8952,Netherlands,528,EquatorialGuinea,226,9,13,19,31,39,49,49,6,8,9,15,14,10,13,3,5,10,16,25,39,36
8953,Netherlands,528,Eritrea,232,155,228,309,641,1671,13186,16279,91,132,175,332,846,8260,9413,64,96,134,309,825,4926,6866
8954,Netherlands,528,Estonia,233,83,121,165,298,523,991,1352,25,34,43,78,141,310,452,58,87,122,220,382,681,900
8955,Netherlands,528,Eswatini,748,36,52,72,88,77,85,95,19,26,34,38,32,35,39,17,26,38,50,45,50,56
8956,Netherlands,528,Ethiopia,231,3852,5474,7281,7956,8580,10067,18588,2237,3128,4119,4377,4624,5477,10051,1615,2346,3162,3579,3956,4590,8537
8957,Netherlands,528,FalklandIslandsMalvinas,238,0,0,0,0,2,2,1,0,0,0,0,1,1,0,0,0,0,0,1,1,1
8958,Netherlands,528,FaroeIslands,234,0,0,0,0,6,8,7,0,0,0,0,2,4,4,0,0,0,0,4,4,3
8959,Netherlands,528,Fiji,242,6,8,12,73,62,67,77,6,8,10,28,21,25,30,0,0,2,45,41,42,47
8960,Netherlands,528,Finland,246,1130,1655,2237,2433,2541,2880,3982,358,499,655,691,694,846,1265,772,1156,1582,1742,1847,2034,2717
8961,Netherlands,528,France,250,13064,15164,17789,19352,21982,24766,30917,5983,6786,7802,8660,10002,11295,14318,7081,8378,9987,10692,11980,13471,16599
8962,Netherlands,528,FrenchPolynesia,258,0,0,0,0,13,15,22,0,0,0,0,11,12,14,0,0,0,0,2,3,8
8963,Netherlands,528,Gabon,266,35,51,71,100,88,96,94,18,25,33,50,39,48,43,17,26,38,50,49,48,51
8964,Netherlands,528,Gambia,270,112,164,223,399,527,709,1072,87,127,170,276,353,451,663,25,37,53,123,174,258,409
8965,Netherlands,528,Georgia,268,32,46,63,150,203,314,490,18,25,33,75,109,157,221,14,21,30,75,94,157,269
8966,Netherlands,528,Germany,276,127898,123377,123252,116888,120131,117881,123702,53350,50299,48843,47627,49505,48967,51860,74548,73078,74409,69261,70626,68914,71842
8967,Netherlands,528,Ghana,288,6020,8266,10792,12095,13151,13808,14923,3235,4360,5621,6253,6534,6657,7203,2785,3906,5171,5842,6617,7151,7720
8968,Netherlands,528,Gibraltar,292,11,16,23,34,32,32,34,10,15,19,19,19,18,22,1,1,4,15,13,14,12
8969,Netherlands,528,Greece,300,5206,6024,7052,7941,9089,13982,19776,3458,3962,4599,5096,5571,8161,11393,1748,2062,2453,2845,3518,5821,8383
8970,Netherlands,528,Greenland,304,0,0,0,0,7,6,6,0,0,0,0,1,2,1,0,0,0,0,6,4,5
8971,Netherlands,528,Grenada,308,14,20,29,40,46,46,48,9,12,15,16,16,17,18,5,8,14,24,30,29,30
8972,Netherlands,528,Guatemala,320,165,242,328,544,630,738,905,83,118,157,279,312,367,440,82,124,171,265,318,371,465
8973,Netherlands,528,Guinea,324,392,577,784,2786,2453,2497,2519,326,478,647,2145,1723,1481,1454,66,99,137,641,730,1016,1065
8974,Netherlands,528,GuineaBissau,624,74,108,148,216,231,237,258,46,66,89,137,141,136,149,28,42,59,79,90,101,109
8975,Netherlands,528,Guyana,328,1803,2020,2309,2386,2331,2267,2307,678,735,815,836,806,777,790,1125,1285,1494,1550,1525,1490,1517
8976,Netherlands,528,Haiti,332,271,399,541,967,1239,1395,1522,140,201,268,489,639,725,782,131,198,273,478,600,670,740
8977,Netherlands,528,Honduras,340,125,184,250,325,392,475,574,48,68,89,119,141,170,209,77,116,161,206,251,305,365
8978,Netherlands,528,Hungary,348,4740,4859,5151,5622,8396,13103,16746,2024,2027,2094,2259,3605,5833,7686,2716,2832,3057,3363,4791,7270,9060
8979,Netherlands,528,Iceland,352,188,277,377,436,427,433,563,88,125,167,191,182,211,271,100,152,210,245,245,222,292
8980,Netherlands,528,India,356,7540,8940,10649,11962,17273,24060,42285,4100,4781,5616,6168,9469,13292,23681,3440,4159,5033,5794,7804,10768,18604
8981,Netherlands,528,Indonesia,360,186717,173584,166679,154880,140262,125118,118098,88321,80744,75814,69545,62295,54821,51325,98396,92840,90865,85335,77967,70297,66773
8982,Netherlands,528,IranIslamicRepublicof,364,5187,12357,19921,23906,25349,28885,34809,3100,7249,11614,13468,13973,15566,18773,2087,5108,8307,10438,11376,13319,16036
8983,Netherlands,528,Iraq,368,1151,15178,29654,35666,40821,40269,45919,744,9623,18769,21281,24356,22626,25788,407,5555,10885,14385,16465,17643,20131
8984,Netherlands,528,Ireland,372,3733,3923,4252,4463,4520,5201,6650,1795,1850,1964,2105,2216,2620,3436,1938,2073,2288,2358,2304,2581,3214
8985,Netherlands,528,IsleofMan,833,0,0,0,0,3,7,9,0,0,0,0,1,3,4,0,0,0,0,2,4,5
8986,Netherlands,528,Israel,376,2958,3486,4136,5306,5249,5037,6270,1745,2029,2380,3006,2949,2813,3521,1213,1457,1756,2300,2300,2224,2749
8987,Netherlands,528,Italy,380,14055,15067,16607,17468,20044,25466,35908,9777,10399,11372,11608,13006,15901,21528,4278,4668,5235,5860,7038,9565,14380
8988,Netherlands,528,Jamaica,388,392,577,784,857,820,915,1136,153,217,289,324,319,390,549,239,360,495,533,501,525,587
8989,Netherlands,528,Japan,392,4076,4799,5687,6101,5839,5726,7038,2014,2325,2706,2786,2563,2435,2961,2062,2474,2981,3315,3276,3291,4077
8990,Netherlands,528,Jordan,400,389,572,777,894,888,933,1559,249,360,485,538,524,533,860,140,212,292,356,364,400,699
8991,Netherlands,528,Kazakhstan,398,4,5,8,90,127,260,480,4,5,5,43,64,121,213,0,0,3,47,63,139,267
8992,Netherlands,528,Kenya,404,999,1355,1759,2110,2518,3003,3582,481,636,812,939,1097,1285,1507,518,719,947,1171,1421,1718,2075
8993,Netherlands,528,Kiribati,296,0,0,0,0,2,1,0,0,0,0,0,0,0,0,0,0,0,0,2,1,0
8994,Netherlands,528,Kuwait,414,647,952,1290,1320,1107,1188,1745,391,567,761,778,637,685,988,256,385,529,542,470,503,757
8995,Netherlands,528,Kyrgyzstan,417,0,0,0,37,43,75,112,0,0,0,21,25,35,45,0,0,0,16,18,40,67
8996,Netherlands,528,LaoPeoplesDemocraticRepublic,418,55,80,109,133,163,200,220,31,44,58,61,65,78,83,24,36,51,72,98,122,137
8997,Netherlands,528,Latvia,428,128,188,255,494,1190,3376,5021,44,61,79,147,433,1418,2294,84,127,176,347,757,1958,2727
8998,Netherlands,528,Lebanon,422,1682,2263,2922,3252,3370,3395,4593,1015,1346,1719,1867,1925,1913,2492,667,917,1203,1385,1445,1482,2101
8999,Netherlands,528,Lesotho,426,41,60,83,89,105,138,157,22,32,42,43,53,83,89,19,28,41,46,52,55,68
9000,Netherlands,528,Liberia,430,980,1443,1955,2354,2060,1836,1751,697,1017,1369,1565,1273,1112,1038,283,426,586,789,787,724,713
9001,Netherlands,528,Libya,434,199,293,399,585,695,1042,1864,130,188,253,396,475,672,1111,69,105,146,189,220,370,753
9002,Netherlands,528,Liechtenstein,438,0,0,0,0,3,4,2,0,0,0,0,0,1,0,0,0,0,0,3,3,2
9003,Netherlands,528,Lithuania,440,172,253,342,923,2032,4528,7326,41,55,69,233,654,1760,3150,131,198,273,690,1378,2768,4176
9004,Netherlands,528,Luxembourg,442,399,587,796,866,996,1163,1705,188,269,358,394,454,544,814,211,318,438,472,542,619,891
9005,Netherlands,528,Madagascar,450,68,100,137,158,163,185,215,30,43,56,58,67,78,84,38,57,81,100,96,107,131
9006,Netherlands,528,Malawi,454,110,161,218,252,281,290,351,58,83,110,123,142,149,168,52,78,108,129,139,141,183
9007,Netherlands,528,Malaysia,458,2091,2362,2716,3067,3462,3555,4081,1050,1164,1314,1429,1602,1581,1758,1041,1198,1402,1638,1860,1974,2323
9008,Netherlands,528,Maldives,462,0,0,0,0,9,11,19,0,0,0,0,7,7,11,0,0,0,0,2,4,8
9009,Netherlands,528,Mali,466,48,70,96,148,157,170,188,28,40,52,75,82,87,96,20,30,44,73,75,83,92
9010,Netherlands,528,Malta,470,106,155,210,259,298,342,461,45,63,82,96,120,152,199,61,92,128,163,178,190,262
9011,Netherlands,528,MarshallIslands,584,0,0,0,0,5,5,4,0,0,0,0,4,4,3,0,0,0,0,1,1,1
9012,Netherlands,528,Mauritania,478,163,240,325,399,335,309,311,159,234,315,363,303,276,271,4,6,10,36,32,33,40
9013,Netherlands,528,Mauritius,480,145,213,289,319,348,357,416,60,85,112,121,136,146,165,85,128,177,198,212,211,251
9014,Netherlands,528,Mayotte,175,0,0,0,0,6,0,0,0,0,0,0,4,0,0,0,0,0,0,2,0,0
9015,Netherlands,528,Mexico,484,658,968,1312,2074,2868,3900,5721,287,410,545,794,1138,1555,2349,371,558,767,1280,1730,2345,3372
9016,Netherlands,528,Monaco,492,23,33,46,54,62,86,112,11,15,19,21,24,43,49,12,18,27,33,38,43,63
9017,Netherlands,528,Mongolia,496,27,39,54,410,449,475,546,12,16,20,155,148,150,169,15,23,34,255,301,325,377
9018,Netherlands,528,Montenegro,499,0,0,0,0,0,9,10,0,0,0,0,0,4,6,0,0,0,0,0,5,4
9019,Netherlands,528,Montserrat,500,0,0,0,0,8,8,6,0,0,0,0,4,4,3,0,0,0,0,4,4,3
9020,Netherlands,528,Morocco,504,114850,130895,151473,167369,166946,166873,174914,65315,73368,83806,89787,87898,86320,89397,49535,57527,67667,77582,79048,80553,85517
9021,Netherlands,528,Mozambique,508,216,317,431,538,632,647,676,113,161,216,269,317,321,327,103,156,215,269,315,326,349
9022,Netherlands,528,Myanmar,104,86,126,171,359,696,1110,1262,61,89,118,253,447,646,705,25,37,53,106,249,464,557
9023,Netherlands,528,Namibia,516,68,99,136,208,237,257,358,30,42,55,78,101,103,160,38,57,81,130,136,154,198
9024,Netherlands,528,Nauru,520,0,0,0,0,1,2,0,0,0,0,0,1,2,0,0,0,0,0,0,0,0
9025,Netherlands,528,Nepal,524,206,303,413,658,1340,1730,1973,108,155,209,372,818,944,1019,98,148,204,286,522,786,954
9026,Netherlands,528,NewCaledonia,540,0,0,0,0,12,10,22,0,0,0,0,8,7,13,0,0,0,0,4,3,9
9027,Netherlands,528,NewZealand,554,2833,2968,3210,3679,3615,3725,4379,1469,1514,1609,1797,1772,1835,2181,1364,1454,1601,1882,1843,1890,2198
9028,Netherlands,528,Nicaragua,558,133,195,265,335,401,490,613,59,84,110,139,162,207,269,74,111,155,196,239,283,344
9029,Netherlands,528,Niger,562,52,76,104,368,303,262,264,36,52,70,307,233,199,199,16,24,34,61,70,63,65
9030,Netherlands,528,Nigeria,566,1410,2580,3836,4937,6277,6955,7830,918,1656,2445,2952,3567,3749,4287,492,924,1391,1985,2710,3206,3543
9031,Netherlands,528,NorthMacedonia,807,5,6,10,58,83,197,478,3,3,4,34,43,101,229,2,3,6,24,40,96,249
9032,Netherlands,528,Norway,578,1733,2008,2355,2584,2487,2671,3099,714,804,921,1065,1041,1127,1359,1019,1204,1434,1519,1446,1544,1740
9033,Netherlands,528,Oman,512,175,257,347,412,426,618,779,89,128,169,204,215,333,415,86,129,178,208,211,285,364
9034,Netherlands,528,Pakistan,586,6717,8428,10427,10752,11191,11822,14104,4270,5295,6491,6519,6682,6789,8030,2447,3133,3936,4233,4509,5033,6074
9035,Netherlands,528,Palau,585,0,0,0,0,0,0,1,0,0,0,0,0,0,1,0,0,0,0,0,0,0
9036,Netherlands,528,Panama,591,101,148,201,242,262,310,390,57,81,107,120,124,149,195,44,67,94,122,138,161,195
9037,Netherlands,528,PapuaNewGuinea,598,0,0,0,131,135,128,130,0,0,0,59,61,59,59,0,0,0,72,74,69,71
9038,Netherlands,528,Paraguay,600,78,114,156,168,178,201,229,33,46,61,60,59,70,77,45,68,95,108,119,131,152
9039,Netherlands,528,Peru,604,1040,1437,1884,2716,3436,3910,4749,396,528,675,927,1098,1233,1546,644,909,1209,1789,2338,2677,3203
9040,Netherlands,528,Philippines,608,3077,4794,6671,8609,10580,12403,15455,795,1156,1546,2009,2435,2861,3616,2282,3638,5125,6600,8145,9542,11839
9041,Netherlands,528,Poland,616,9026,12398,16189,24820,57899,107426,148991,2795,3655,4615,7666,24749,48782,70150,6231,8743,11574,17154,33150,58644,78841
9042,Netherlands,528,Portugal,620,7814,8561,9606,11980,14600,16615,19574,4086,4402,4859,6160,7686,8626,10343,3728,4159,4747,5820,6914,7989,9231
9043,Netherlands,528,Qatar,634,15,22,31,35,57,114,311,7,9,11,15,26,55,149,8,13,20,20,31,59,162
9044,Netherlands,528,RepublicofKorea,410,4145,4521,5056,5864,6392,7124,8782,1767,1881,2052,2412,2622,2805,3434,2378,2640,3004,3452,3770,4319,5348
9045,Netherlands,528,RepublicofMoldova,498,4,5,9,37,62,239,1000,3,4,5,18,32,116,514,1,1,4,19,30,123,486
9046,Netherlands,528,Romania,642,1665,2804,4036,6276,11035,16246,28691,691,1124,1588,2270,4061,6341,13301,974,1680,2448,4006,6974,9905,15390
9047,Netherlands,528,RussianFederation,643,2561,8559,14823,30602,35423,2863,5076,998,3181,5447,11507,12543,1330,2247,1563,5378,9376,19095,22880,1533,2829
9048,Netherlands,528,Rwanda,646,304,447,606,1478,1140,1126,1133,170,245,328,760,563,548,554,134,202,278,718,577,578,579
9049,Netherlands,528,SaintHelena,654,0,0,0,0,2,3,2,0,0,0,0,1,2,1,0,0,0,0,1,1,1
9050,Netherlands,528,SaintKittsandNevis,659,21,29,41,71,74,75,74,12,15,20,29,28,26,25,9,14,21,42,46,49,49
9051,Netherlands,528,SaintLucia,662,20,29,41,51,54,60,73,12,17,23,27,29,34,36,8,12,18,24,25,26,37
9052,Netherlands,528,SaintVincentandtheGrenadines,670,20,28,40,55,59,65,66,10,13,17,20,20,22,24,10,15,23,35,39,43,42
9053,Netherlands,528,Samoa,882,7,9,14,16,20,28,25,5,6,7,7,6,15,13,2,3,7,9,14,13,12
9054,Netherlands,528,SanMarino,674,0,0,0,0,0,3,4,0,0,0,0,0,1,2,0,0,0,0,0,2,2
9055,Netherlands,528,SaoTomeandPrincipe,678,57,84,115,134,144,161,171,30,43,57,67,68,76,80,27,41,58,67,76,85,91
9056,Netherlands,528,SaudiArabia,682,446,656,890,1074,1426,1989,3340,239,345,462,558,757,1098,1808,207,311,428,516,669,891,1532
9057,Netherlands,528,Senegal,686,303,445,604,852,916,976,1174,218,317,427,567,579,613,734,85,128,177,285,337,363,440
9058,Netherlands,528,Serbia,688,14216,31358,49504,50203,51582,127,320,7481,16109,25211,24929,25063,71,177,6735,15249,24293,25274,26519,56,143
9059,Netherlands,528,Seychelles,690,39,57,78,78,86,83,89,16,23,29,29,31,27,24,23,34,49,49,55,56,65
9060,Netherlands,528,SierraLeone,694,634,933,1265,5578,4516,3998,3768,505,739,997,4302,3191,2639,2456,129,194,268,1276,1325,1359,1312
9061,Netherlands,528,Singapore,702,2193,2356,2603,2885,3123,3546,4280,1083,1142,1237,1358,1427,1606,1932,1110,1214,1366,1527,1696,1940,2348
9062,Netherlands,528,SintMaartenDutchpart,534,0,0,0,0,0,32,135,0,0,0,0,0,18,69,0,0,0,0,0,14,66
9063,Netherlands,528,Slovakia,703,14,19,27,106,220,624,1671,9,11,14,60,133,325,855,5,8,13,46,87,299,816
9064,Netherlands,528,Slovenia,705,7,15,26,36,74,259,549,5,9,13,21,41,133,221,2,6,13,15,33,126,328
9065,Netherlands,528,SolomonIslands,90,0,0,0,0,15,15,13,0,0,0,0,5,5,4,0,0,0,0,10,10,9
9066,Netherlands,528,Somalia,706,1859,11388,21261,14989,19756,27007,25871,1070,6401,11911,8196,11101,14052,13039,789,4987,9350,6793,8655,12955,12832
9067,Netherlands,528,SouthAfrica,710,6568,8417,10553,12189,12840,13334,17522,3155,3952,4871,5655,5962,6128,8278,3413,4465,5682,6534,6878,7206,9244
9068,Netherlands,528,SouthSudan,728,0,0,0,0,0,2,18,0,0,0,0,0,1,9,0,0,0,0,0,1,9
9069,Netherlands,528,Spain,724,17357,17326,17910,18268,19440,24963,31415,9176,9023,9168,9001,9370,11995,15299,8181,8303,8742,9267,10070,12968,16116
9070,Netherlands,528,SriLanka,144,4699,6813,9156,10188,9933,10210,10610,2660,3790,5039,5274,5153,5170,5310,2039,3023,4117,4914,4780,5040,5300
9071,Netherlands,528,StateofPalestine,275,0,0,0,0,0,277,338,0,0,0,0,0,169,198,0,0,0,0,0,108,140
9072,Netherlands,528,Sudan,729,1725,2540,3441,5776,4426,4415,5750,1306,1910,2576,4043,2941,2808,3634,419,630,865,1733,1485,1607,2116
9073,Netherlands,528,Suriname,740,156211,167083,183613,188714,186216,179040,182922,75404,79029,85195,86203,83938,79646,81271,80807,88054,98418,102511,102278,99394,101651
9074,Netherlands,528,Sweden,752,2144,2770,3492,3661,4067,4430,5397,930,1170,1444,1473,1679,1839,2298,1214,1600,2048,2188,2388,2591,3099
9075,Netherlands,528,Switzerland,756,4279,4863,5618,5919,6340,6805,8003,1858,2059,2324,2477,2700,2988,3596,2421,2804,3294,3442,3640,3817,4407
9076,Netherlands,528,SyrianArabRepublic,760,2035,2996,4060,6644,6927,28902,88993,1168,1690,2267,3725,3800,17226,50157,867,1306,1793,2919,3127,11676,38836
9077,Netherlands,528,Tajikistan,762,61,89,122,28,28,61,80,10,12,14,17,13,28,40,51,77,108,11,15,33,40
9078,Netherlands,528,Thailand,764,2502,4141,5917,9704,11998,13798,15753,701,1090,1506,2140,2642,2987,3431,1801,3051,4411,7564,9356,10811,12322
9079,Netherlands,528,Togo,768,305,449,609,1276,1178,1144,1160,228,333,448,898,768,700,697,77,116,161,378,410,444,463
9080,Netherlands,528,Tonga,776,0,0,0,0,8,8,7,0,0,0,0,4,4,3,0,0,0,0,4,4,4
9081,Netherlands,528,TrinidadandTobago,780,225,331,450,514,522,540,683,93,132,176,188,192,208,295,132,199,274,326,330,332,388
9082,Netherlands,528,Tunisia,788,2632,3118,3712,4216,4310,4447,5148,1847,2170,2565,2790,2790,2842,3211,785,948,1147,1426,1520,1605,1937
9083,Netherlands,528,Turkey,792,140494,155845,176615,194591,196147,190724,199280,75989,82963,92625,101334,101335,97485,101634,64505,72882,83990,93257,94812,93239,97646
9084,Netherlands,528,Turkmenistan,795,0,0,0,0,13,18,36,0,0,0,0,3,6,16,0,0,0,0,10,12,20
9085,Netherlands,528,TurksandCaicosIslands,796,0,0,0,0,2,1,0,0,0,0,0,1,1,0,0,0,0,0,1,0,0
9086,Netherlands,528,Uganda,800,321,472,640,867,1170,1619,2301,179,258,345,454,602,753,1043,142,214,295,413,568,866,1258
9087,Netherlands,528,Ukraine,804,46,67,92,425,679,1388,3022,28,40,53,216,338,647,1353,18,27,39,209,341,741,1669
9088,Netherlands,528,UnitedArabEmirates,784,20,29,41,424,518,832,2076,15,22,30,230,270,437,1158,5,7,11,194,248,395,918
9089,Netherlands,528,UnitedKingdom,826,36211,39070,43294,47173,47041,48562,57243,20267,21556,23549,25991,26063,26775,31583,15944,17514,19745,21182,20978,21787,25660
9090,Netherlands,528,UnitedRepublicofTanzania,834,546,804,1091,1311,1538,1414,1482,280,403,539,645,763,667,694,266,401,552,666,775,747,788
9091,Netherlands,528,UnitedStatesofAmerica,840,13659,16636,20186,22479,24236,27395,35242,7029,8400,10037,11076,11955,13117,16777,6630,8236,10149,11403,12281,14278,18465
9092,Netherlands,528,Uruguay,858,284,417,565,605,617,647,726,155,223,297,313,312,322,351,129,194,268,292,305,325,375
9093,Netherlands,528,Uzbekistan,860,4895,7210,9766,3519,132,184,256,2626,3793,5077,1807,66,85,121,2269,3417,4689,1712,66,99,135
9094,Netherlands,528,Vanuatu,548,0,0,0,0,10,9,11,0,0,0,0,6,6,8,0,0,0,0,4,3,3
9095,Netherlands,528,VenezuelaBolivarianRepublicof,862,1474,1774,2136,2881,3316,3937,5162,658,773,911,1196,1373,1669,2243,816,1001,1225,1685,1943,2268,2919
9096,Netherlands,528,VietNam,704,7130,8861,10560,12081,12119,12522,14712,3767,4480,5228,5860,5640,5556,6178,3363,4381,5332,6221,6479,6966,8534
9097,Netherlands,528,WesternSahara,732,0,0,0,0,10,7,7,0,0,0,0,10,7,7,0,0,0,0,0,0,0
9098,Netherlands,528,Yemen,887,66,97,133,401,376,515,1338,48,70,94,255,231,303,793,18,27,39,146,145,212,545
9099,Netherlands,528,Zambia,894,411,605,820,953,947,975,1045,213,307,409,452,452,457,497,198,298,411,501,495,518,548
9100,Netherlands,528,Zimbabwe,716,1521,1215,954,1134,1386,1376,1691,756,597,457,566,676,664,804,765,618,497,568,710,712,887
9101,Switzerland,756,Melanesia,928,291,258,229,252,304,381,374,169,151,133,143,161,196,199,122,107,96,109,143,185,175
9102,Switzerland,756,Micronesia,954,0,0,0,0,0,31,17,0,0,0,0,0,13,5,0,0,0,0,0,18,12
9103,Switzerland,756,Polynesia,957,0,0,0,0,0,40,33,0,0,0,0,0,20,14,0,0,0,0,0,20,19
9104,Switzerland,756,Afghanistan,4,1756,2243,2740,3300,3617,11929,15036,1064,1411,1766,2090,2188,7658,10616,692,832,974,1210,1429,4271,4420
9105,Switzerland,756,Albania,8,1333,1316,1304,1492,1721,2416,4323,803,723,646,708,754,1125,2050,530,593,658,784,967,1291,2273
9106,Switzerland,756,Algeria,12,5334,5980,6648,7336,8774,9219,10136,3285,3730,4195,4488,5176,5341,5776,2049,2250,2453,2848,3598,3878,4360
9107,Switzerland,756,Andorra,20,20,25,32,38,43,94,119,12,16,21,25,26,55,63,8,9,11,13,17,39,56
9108,Switzerland,756,Angola,24,3772,4232,4709,5161,6215,6666,6936,2052,2319,2601,2739,3123,3309,3409,1720,1913,2108,2422,3092,3357,3527
9109,Switzerland,756,AntiguaandBarbuda,28,20,49,80,87,106,81,67,17,31,46,49,56,45,40,3,18,34,38,50,36,27
9110,Switzerland,756,Argentina,32,4509,5249,6009,6709,7931,8548,9509,2208,2682,3174,3384,3773,4066,4540,2301,2567,2835,3325,4158,4482,4969
9111,Switzerland,756,Armenia,51,374,415,459,539,607,893,1133,192,206,221,245,257,376,472,182,209,238,294,350,517,661
9112,Switzerland,756,Australia,36,3033,3559,4099,5347,5410,5903,6538,1468,1865,2274,2735,2733,2945,3284,1565,1694,1825,2612,2677,2958,3254
9113,Switzerland,756,Austria,40,48450,46395,44509,49461,58733,59233,59494,17775,18625,19623,20534,22241,23247,24075,30675,27770,24886,28927,36492,35986,35419
9114,Switzerland,756,Azerbaijan,31,119,225,333,408,440,715,853,57,110,164,191,191,326,396,62,115,169,217,249,389,457
9115,Switzerland,756,Bahamas,44,75,79,84,96,111,124,144,38,43,47,52,56,63,76,37,36,37,44,55,61,68
9116,Switzerland,756,Bahrain,48,78,150,224,240,296,248,210,44,83,122,128,146,126,108,34,67,102,112,150,122,102
9117,Switzerland,756,Bangladesh,50,730,1055,1385,1576,1829,2257,2761,571,789,1010,1116,1278,1442,1682,159,266,375,460,551,815,1079
9118,Switzerland,756,Barbados,52,44,47,52,61,69,77,90,23,27,32,36,39,46,55,21,20,20,25,30,31,35
9119,Switzerland,756,Belarus,112,140,449,761,880,1005,1383,1662,47,149,253,257,259,345,424,93,300,508,623,746,1038,1238
9120,Switzerland,756,Belgium,56,9525,10118,10749,12166,14184,15840,17370,4339,4964,5623,6063,6666,7576,8509,5186,5154,5126,6103,7518,8264,8861
9121,Switzerland,756,Belize,84,11,28,47,50,63,51,46,7,16,25,26,30,24,25,4,12,22,24,33,27,21
9122,Switzerland,756,Benin,204,174,276,380,426,503,583,672,106,178,250,273,311,360,422,68,98,130,153,192,223,250
9123,Switzerland,756,Bhutan,64,58,56,56,58,75,72,89,33,32,32,32,39,38,42,25,24,24,26,36,34,47
9124,Switzerland,756,BoliviaPlurinationalStateof,68,1129,1680,2238,2548,2955,3578,4593,557,805,1058,1124,1223,1404,1748,572,875,1180,1424,1732,2174,2845
9125,Switzerland,756,BosniaandHerzegovina,70,41166,39843,38666,43388,51023,54673,57678,21232,20852,20603,22109,24535,26238,27401,19934,18991,18063,21279,26488,28435,30277
9126,Switzerland,756,Botswana,72,19,31,44,52,59,71,83,11,18,24,29,29,35,39,8,13,20,23,30,36,44
9127,Switzerland,756,Brazil,76,13295,18838,24450,32111,32264,36098,42715,4149,6459,8829,9677,9356,10481,12880,9146,12379,15621,22434,22908,25617,29835
9128,Switzerland,756,BruneiDarussalam,96,32,31,32,39,43,54,54,15,15,15,18,17,24,27,17,16,17,21,26,30,27
9129,Switzerland,756,Bulgaria,100,2439,3067,3708,4345,4894,6759,8600,904,1161,1428,1546,1550,2233,3021,1535,1906,2280,2799,3344,4526,5579
9130,Switzerland,756,BurkinaFaso,854,206,317,431,485,570,632,731,124,190,257,275,314,340,394,82,127,174,210,256,292,337
9131,Switzerland,756,Burundi,108,306,356,408,447,540,582,670,143,168,194,200,225,229,286,163,188,214,247,315,353,384
9132,Switzerland,756,CaboVerde,132,1084,1287,1496,1638,1975,2436,2806,547,678,814,854,974,1190,1368,537,609,682,784,1001,1246,1438
9133,Switzerland,756,Cambodia,116,1637,1716,1803,1988,2381,2393,2533,818,861,911,955,1072,1044,1086,819,855,892,1033,1309,1349,1447
9134,Switzerland,756,Cameroon,120,2245,3555,4879,5473,6439,7103,8044,886,1465,2056,2133,2298,2525,2919,1359,2090,2823,3340,4141,4578,5125
9135,Switzerland,756,Canada,124,6669,7502,8364,9353,11038,11403,12189,2983,3563,4169,4419,4886,5049,5410,3686,3939,4195,4934,6152,6354,6779
9136,Switzerland,756,CentralAfricanRepublic,140,120,133,147,158,195,202,234,56,69,81,83,97,105,120,64,64,66,75,98,97,114
9137,Switzerland,756,Chad,148,157,186,216,235,286,291,310,80,98,115,120,137,131,140,77,88,101,115,149,160,170
9138,Switzerland,756,Chile,152,4716,4967,5238,5860,6913,7174,7622,2348,2535,2739,2934,3248,3372,3567,2368,2432,2499,2926,3665,3802,4055
9139,Switzerland,756,China,156,8082,9792,11538,13467,15226,20556,25088,3515,4325,5167,5675,5883,8369,10304,4567,5467,6371,7792,9343,12187,14784
9140,Switzerland,756,Colombia,170,5057,6475,7917,8954,10448,12240,14194,2079,2774,3490,3693,3955,4607,5355,2978,3701,4427,5261,6493,7633,8839
9141,Switzerland,756,Comoros,174,15,17,21,23,28,38,43,8,10,13,15,16,20,23,7,7,8,8,12,18,20
9142,Switzerland,756,Congo,178,3193,2070,955,991,1261,1176,1196,1759,1146,539,536,649,596,620,1434,924,416,455,612,580,576
9143,Switzerland,756,CostaRica,188,412,505,600,691,794,876,1097,167,222,277,303,319,370,487,245,283,323,388,475,506,610
9144,Switzerland,756,CotedIvoire,384,975,1487,2005,2265,2646,3092,3524,457,729,1005,1079,1178,1383,1553,518,758,1000,1186,1468,1709,1971
9145,Switzerland,756,Croatia,191,21387,18107,14894,16545,19655,19550,19872,10325,8863,7461,7856,8754,8528,8513,11062,9244,7433,8689,10901,11022,11359
9146,Switzerland,756,Cuba,192,1035,1585,2142,2433,2828,3214,3574,401,715,1035,1111,1204,1390,1565,634,870,1107,1322,1624,1824,2009
9147,Switzerland,756,Cyprus,196,204,234,265,290,351,428,535,128,146,163,171,201,246,294,76,88,102,119,150,182,241
9148,Switzerland,756,Czechia,203,9776,9600,9460,10681,12484,14125,15522,4389,4390,4423,4730,5097,5855,6482,5387,5210,5037,5951,7387,8270,9040
9149,Switzerland,756,DemPeoplesRepublicofKorea,408,106,233,361,389,478,366,273,53,98,143,145,157,116,83,53,135,218,244,321,250,190
9150,Switzerland,756,DemocraticRepublicoftheCongo,180,805,2594,4393,5070,5799,6640,7376,467,1431,2403,2648,2879,3210,3499,338,1163,1990,2422,2920,3430,3877
9151,Switzerland,756,Denmark,208,3655,3830,4020,4521,5306,5546,5537,1402,1656,1923,2058,2230,2422,2443,2253,2174,2097,2463,3076,3124,3094
9152,Switzerland,756,Djibouti,262,38,52,68,76,90,104,124,16,25,35,39,41,51,61,22,27,33,37,49,53,63
9153,Switzerland,756,Dominica,212,66,131,197,251,261,387,399,18,46,74,81,80,111,102,48,85,123,170,181,276,297
9154,Switzerland,756,DominicanRepublic,214,4751,5976,7223,8107,9532,10960,12377,1253,1884,2534,2597,2655,3229,3844,3498,4092,4689,5510,6877,7731,8533
9155,Switzerland,756,Ecuador,218,1470,2337,3213,3720,4240,5961,7615,580,1004,1436,1560,1633,2442,3169,890,1333,1777,2160,2607,3519,4446
9156,Switzerland,756,Egypt,818,3959,4155,4368,4875,5766,6246,6673,2367,2629,2906,3181,3620,3996,4285,1592,1526,1462,1694,2146,2250,2388
9157,Switzerland,756,ElSalvador,222,369,428,490,555,648,860,970,159,193,228,246,262,369,420,210,235,262,309,386,491,550
9158,Switzerland,756,EquatorialGuinea,226,23,23,24,30,32,67,92,13,13,13,14,15,20,29,10,10,11,16,17,47,63
9159,Switzerland,756,Eritrea,232,995,2734,4483,5967,8093,30588,37590,504,1713,2930,3629,4978,16042,21954,491,1021,1553,2338,3115,14546,15636
9160,Switzerland,756,Estonia,233,195,270,346,419,458,690,854,61,90,119,136,124,213,264,134,180,227,283,334,477,590
9161,Switzerland,756,Eswatini,748,44,58,74,81,99,98,88,16,23,30,31,34,33,32,28,35,44,50,65,65,56
9162,Switzerland,756,Ethiopia,231,1595,2441,3297,3828,4352,6101,8145,807,1233,1668,1839,1963,2713,3908,788,1208,1629,1989,2389,3388,4237
9163,Switzerland,756,Fiji,242,133,90,49,53,66,81,96,74,49,24,26,28,34,44,59,41,25,27,38,47,52
9164,Switzerland,756,Finland,246,3408,3555,3716,4186,4905,5132,5466,877,1086,1306,1358,1370,1492,1655,2531,2469,2410,2828,3535,3640,3811
9165,Switzerland,756,France,250,87249,93526,100144,113647,132145,151189,170155,38781,45313,52151,56693,61769,73090,84228,48468,48213,47993,56954,70376,78099,85927
9166,Switzerland,756,Gabon,266,136,157,180,206,238,312,320,56,66,77,87,86,129,123,80,91,103,119,152,183,197
9167,Switzerland,756,Gambia,270,157,314,473,539,625,765,944,143,282,421,476,548,643,772,14,32,52,63,77,122,172
9168,Switzerland,756,Georgia,268,293,369,448,513,593,790,1098,158,185,213,225,248,322,436,135,184,235,288,345,468,662
9169,Switzerland,756,Germany,276,161440,201043,241379,272239,318512,343773,357112,70101,99941,130442,141246,155838,170318,177102,91339,101102,110937,130993,162674,173455,180010
9170,Switzerland,756,Ghana,288,1464,1683,1909,2114,2520,2638,2867,740,882,1030,1091,1230,1301,1421,724,801,879,1023,1290,1337,1446
9171,Switzerland,756,Greece,300,5583,5666,5770,6754,7614,11258,14784,3063,3201,3357,3787,4074,6028,7876,2520,2465,2413,2967,3540,5230,6908
9172,Switzerland,756,Grenada,308,35,33,33,36,44,47,41,16,16,16,17,18,21,19,19,17,17,19,26,26,22
9173,Switzerland,756,Guatemala,320,472,577,686,769,906,990,1144,195,260,327,346,378,419,486,277,317,359,423,528,571,658
9174,Switzerland,756,Guinea,324,375,575,778,904,1028,1365,1713,293,431,570,647,722,926,1133,82,144,208,257,306,439,580
9175,Switzerland,756,GuineaBissau,624,126,165,205,246,272,527,735,91,119,146,171,185,371,497,35,46,59,75,87,156,238
9176,Switzerland,756,Guyana,328,96,97,99,106,132,139,150,33,36,39,39,43,44,49,63,61,60,67,89,95,101
9177,Switzerland,756,Haiti,332,993,1120,1252,1398,1654,1714,1815,329,416,506,525,558,588,651,664,704,746,873,1096,1126,1164
9178,Switzerland,756,HolySee,336,0,0,0,0,0,6,6,0,0,0,0,0,5,5,0,0,0,0,0,1,1
9179,Switzerland,756,Honduras,340,250,315,382,425,505,612,740,90,120,151,157,165,206,247,160,195,231,268,340,406,493
9180,Switzerland,756,Hungary,348,11002,11046,11132,12894,14691,21020,26259,5638,5613,5625,6209,6614,9962,12538,5364,5433,5507,6685,8077,11058,13721
9181,Switzerland,756,Iceland,352,133,173,215,280,285,422,448,65,90,115,146,137,205,222,68,83,100,134,148,217,226
9182,Switzerland,756,India,356,7360,9984,12645,14300,16687,19336,22641,3821,5478,7168,7785,8655,9929,11647,3539,4506,5477,6515,8032,9407,10994
9183,Switzerland,756,Indonesia,360,2137,2316,2504,2780,3306,3518,3782,871,991,1118,1154,1272,1283,1326,1266,1325,1386,1626,2034,2235,2456
9184,Switzerland,756,IranIslamicRepublicof,364,4686,5372,6078,6952,8021,9731,13094,2655,3105,3572,3919,4345,5150,7000,2031,2267,2506,3033,3676,4581,6094
9185,Switzerland,756,Iraq,368,3291,4104,4932,5619,6509,7708,10567,2298,2826,3367,3734,4214,4786,6400,993,1278,1565,1885,2295,2922,4167
9186,Switzerland,756,Ireland,372,1367,1850,2341,2696,3091,3663,4093,578,914,1257,1398,1500,1814,2103,789,936,1084,1298,1591,1849,1990
9187,Switzerland,756,Israel,376,1754,2141,2537,2872,3349,3697,4078,1004,1247,1498,1634,1825,2016,2233,750,894,1039,1238,1524,1681,1845
9188,Switzerland,756,Italy,380,208147,191945,176442,198917,232824,255036,270077,117155,110871,105227,114767,128396,143005,151826,90992,81074,71215,84150,104428,112031,118251
9189,Switzerland,756,Jamaica,388,430,491,554,612,732,761,844,185,230,275,284,322,320,355,245,261,279,328,410,441,489
9190,Switzerland,756,Japan,392,3892,4434,4993,5673,6590,7316,7722,1392,1625,1873,1952,2014,2240,2321,2500,2809,3120,3721,4576,5076,5401
9191,Switzerland,756,Jordan,400,279,366,456,515,603,718,942,175,231,288,319,356,418,523,104,135,168,196,247,300,419
9192,Switzerland,756,Kazakhstan,398,224,794,1368,1689,1806,2941,3827,76,350,627,743,717,1247,1654,148,444,741,946,1089,1694,2173
9193,Switzerland,756,Kenya,404,1576,1939,2310,2581,3049,3364,3800,726,906,1092,1143,1262,1336,1480,850,1033,1218,1438,1787,2028,2320
9194,Switzerland,756,Kiribati,296,0,0,0,0,0,7,4,0,0,0,0,0,2,1,0,0,0,0,0,5,3
9195,Switzerland,756,Kuwait,414,176,237,300,346,397,475,547,102,140,179,196,219,255,309,74,97,121,150,178,220,238
9196,Switzerland,756,Kyrgyzstan,417,39,169,300,359,397,554,686,11,65,119,134,131,196,240,28,104,181,225,266,358,446
9197,Switzerland,756,LaoPeoplesDemocraticRepublic,418,724,720,720,796,951,961,1013,354,363,375,398,444,432,447,370,357,345,398,507,529,566
9198,Switzerland,756,Latvia,428,422,712,1006,1204,1329,1952,2541,122,221,322,345,324,537,806,300,491,684,859,1005,1415,1735
9199,Switzerland,756,Lebanon,422,3516,3861,4222,4695,5573,6114,7120,2460,2656,2866,3105,3583,3860,4380,1056,1205,1356,1590,1990,2254,2740
9200,Switzerland,756,Lesotho,426,80,66,54,62,72,78,88,39,32,26,27,30,32,39,41,34,28,35,42,46,49
9201,Switzerland,756,Liberia,430,272,286,303,336,401,426,422,166,172,180,194,220,239,233,106,114,123,142,181,187,189
9202,Switzerland,756,Libya,434,636,683,734,826,970,1184,1393,394,423,455,497,560,679,803,242,260,279,329,410,505,590
9203,Switzerland,756,Liechtenstein,438,2790,2248,1715,1899,2265,2255,2263,1121,938,762,793,867,868,874,1669,1310,953,1106,1398,1387,1389
9204,Switzerland,756,Lithuania,440,383,548,715,885,944,1576,2477,127,188,249,287,259,478,809,256,360,466,598,685,1098,1668
9205,Switzerland,756,Luxembourg,442,1272,1442,1619,1819,2138,2324,2422,577,700,828,896,978,1114,1193,695,742,791,923,1160,1210,1229
9206,Switzerland,756,Madagascar,450,870,1034,1202,1341,1588,1782,1991,355,442,531,548,603,649,712,515,592,671,793,985,1133,1279
9207,Switzerland,756,Malawi,454,43,59,77,84,102,114,169,22,33,45,45,54,52,86,21,26,32,39,48,62,83
9208,Switzerland,756,Malaysia,458,1121,1362,1609,1802,2124,2260,2507,545,672,803,848,941,961,1024,576,690,806,954,1183,1299,1483
9209,Switzerland,756,Maldives,462,31,38,46,50,62,67,88,23,29,34,39,44,53,62,8,9,12,11,18,14,26
9210,Switzerland,756,Mali,466,173,227,283,329,375,509,521,124,148,172,193,211,304,299,49,79,111,136,164,205,222
9211,Switzerland,756,Malta,470,127,164,202,225,267,283,312,63,82,100,105,117,116,140,64,82,102,120,150,167,172
9212,Switzerland,756,MarshallIslands,584,0,0,0,0,0,1,0,0,0,0,0,0,0,0,0,0,0,0,0,1,0
9213,Switzerland,756,Mauritania,478,74,78,84,96,112,119,149,54,55,57,63,71,75,93,20,23,27,33,41,44,56
9214,Switzerland,756,Mauritius,480,1750,1862,1982,2210,2616,2759,2881,456,569,689,698,719,784,850,1294,1293,1293,1512,1897,1975,2031
9215,Switzerland,756,Mexico,484,2539,3416,4306,4915,5684,6617,7828,933,1404,1886,2023,2135,2531,3045,1606,2012,2420,2892,3549,4086,4783
9216,Switzerland,756,Monaco,492,116,148,181,202,240,286,329,53,76,98,102,117,133,143,63,72,83,100,123,153,186
9217,Switzerland,756,Mongolia,496,148,303,460,519,608,768,1097,64,107,150,149,153,186,285,84,196,310,370,455,582,812
9218,Switzerland,756,Montenegro,499,0,992,1989,2163,2626,2770,2932,0,539,1081,1124,1293,1328,1384,0,453,908,1039,1333,1442,1548
9219,Switzerland,756,Morocco,504,8362,10113,11902,13263,15707,16859,18914,3948,4840,5766,6087,6708,7193,8174,4414,5273,6136,7176,8999,9666,10740
9220,Switzerland,756,Mozambique,508,709,809,912,985,1205,1324,1429,314,392,471,491,557,628,689,395,417,441,494,648,696,740
9221,Switzerland,756,Myanmar,104,110,133,157,184,208,281,387,55,69,83,91,98,125,157,55,64,74,93,110,156,230
9222,Switzerland,756,Namibia,516,127,157,189,233,251,270,321,55,81,107,126,130,126,156,72,76,82,107,121,144,165
9223,Switzerland,756,Nauru,520,0,0,0,0,0,21,11,0,0,0,0,0,10,4,0,0,0,0,0,11,7
9224,Switzerland,756,Nepal,524,353,502,654,725,864,934,1077,191,298,406,435,499,518,570,162,204,248,290,365,416,507
9225,Switzerland,756,Netherlands,528,14877,15529,16239,21256,21430,22549,23521,6619,7543,8518,10246,10107,10825,11414,8258,7986,7721,11010,11323,11724,12107
9226,Switzerland,756,NewZealand,554,1017,1139,1267,1423,1673,1798,1898,503,605,712,772,858,920,984,514,534,555,651,815,878,914
9227,Switzerland,756,Nicaragua,558,244,330,419,464,554,616,792,93,137,183,189,207,229,298,151,193,236,275,347,387,494
9228,Switzerland,756,Niger,562,72,108,146,156,193,191,226,44,71,98,101,122,110,125,28,37,48,55,71,81,101
9229,Switzerland,756,Nigeria,566,1315,1817,2326,2627,3070,3461,3832,911,1297,1689,1853,2135,2275,2472,404,520,637,774,935,1186,1360
9230,Switzerland,756,NorthMacedonia,807,36819,37897,39114,44141,51614,58450,69612,20583,21267,22077,23936,26630,30138,36016,16236,16630,17037,20205,24984,28312,33596
9231,Switzerland,756,Norway,578,1612,1615,1625,1835,2145,2139,2243,689,746,808,871,946,981,1031,923,869,817,964,1199,1158,1212
9232,Switzerland,756,Oman,512,15,35,56,64,74,112,99,12,23,34,37,41,66,52,3,12,22,27,33,46,47
9233,Switzerland,756,Pakistan,586,1918,2427,2946,3334,3889,4495,5381,1388,1679,1978,2179,2468,2771,3304,530,748,968,1155,1421,1724,2077
9234,Switzerland,756,Palau,585,0,0,0,0,0,2,2,0,0,0,0,0,1,0,0,0,0,0,0,1,2
9235,Switzerland,756,Panama,591,258,302,348,364,460,463,588,111,136,162,162,187,197,259,147,166,186,202,273,266,329
9236,Switzerland,756,PapuaNewGuinea,598,158,168,180,199,238,253,251,95,102,109,117,133,139,142,63,66,71,82,105,114,109
9237,Switzerland,756,Paraguay,600,356,511,669,761,884,1051,1267,164,235,308,327,354,392,441,192,276,361,434,530,659,826
9238,Switzerland,756,Peru,604,4829,5665,6523,7333,8609,9489,10591,1760,2198,2654,2770,2935,3273,3663,3069,3467,3869,4563,5674,6216,6928
9239,Switzerland,756,Philippines,608,7161,8124,9117,10167,12032,12997,14455,1637,2184,2756,2715,2704,2946,3291,5524,5940,6361,7452,9328,10051,11164
9240,Switzerland,756,Poland,616,9473,12836,16247,19168,21440,31175,40957,3758,5569,7422,8361,8498,13732,18751,5715,7267,8825,10807,12942,17443,22206
9241,Switzerland,756,Portugal,620,89576,109787,130398,151305,172067,215912,218672,48698,62375,76418,85578,92913,117565,118239,40878,47412,53980,65727,79154,98347,100433
9242,Switzerland,756,Qatar,634,11,29,48,53,64,95,93,7,19,30,32,37,49,53,4,10,18,21,27,46,40
9243,Switzerland,756,RepublicofKorea,410,1430,1894,2366,2698,3123,3727,4201,491,732,979,1019,1088,1216,1335,939,1162,1387,1679,2035,2511,2866
9244,Switzerland,756,RepublicofMoldova,498,155,451,750,875,990,1576,2688,47,146,247,254,251,469,937,108,305,503,621,739,1107,1751
9245,Switzerland,756,Romania,642,6255,7770,9315,10868,12293,18118,24386,2572,3220,3894,4220,4343,6409,9137,3683,4550,5421,6648,7950,11709,15249
9246,Switzerland,756,RussianFederation,643,5876,9048,12253,14170,16170,21072,24722,2120,3507,4923,5256,5420,7124,8288,3756,5541,7330,8914,10750,13948,16434
9247,Switzerland,756,Rwanda,646,619,673,731,820,965,1010,1108,300,333,368,390,431,442,480,319,340,363,430,534,568,628
9248,Switzerland,756,SaintKittsandNevis,659,0,0,0,0,0,10,9,0,0,0,0,0,4,4,0,0,0,0,0,6,5
9249,Switzerland,756,SaintLucia,662,54,47,42,46,56,57,58,36,30,25,27,30,32,33,18,17,17,19,26,25,25
9250,Switzerland,756,SaintVincentandtheGrenadines,670,0,0,0,0,0,13,14,0,0,0,0,0,9,9,0,0,0,0,0,4,5
9251,Switzerland,756,Samoa,882,0,0,0,0,0,19,15,0,0,0,0,0,8,5,0,0,0,0,0,11,10
9252,Switzerland,756,SanMarino,674,0,0,0,0,0,28,26,0,0,0,0,0,15,15,0,0,0,0,0,13,11
9253,Switzerland,756,SaoTomeandPrincipe,678,37,38,40,44,53,64,77,16,18,20,20,23,28,38,21,20,20,24,30,36,39
9254,Switzerland,756,SaudiArabia,682,393,513,635,733,839,1123,1336,215,289,364,405,441,601,710,178,224,271,328,398,522,626
9255,Switzerland,756,Senegal,686,893,1223,1559,1759,2058,2467,3008,560,772,989,1081,1220,1461,1766,333,451,570,678,838,1006,1242
9256,Switzerland,756,Serbia,688,38963,41386,82923,112102,109422,62585,66207,21274,23220,46577,58206,56124,30915,32231,17689,18166,36346,53896,53298,31670,33976
9257,Switzerland,756,Seychelles,690,173,168,165,181,219,239,235,53,54,56,59,59,71,72,120,114,109,122,160,168,163
9258,Switzerland,756,SierraLeone,694,408,322,238,261,315,312,357,325,237,149,160,184,194,217,83,85,89,101,131,118,140
9259,Switzerland,756,Singapore,702,772,1004,1241,1400,1639,1849,2352,327,453,583,620,672,789,1007,445,551,658,780,967,1060,1345
9260,Switzerland,756,Slovakia,703,3313,4523,5750,8101,7588,15121,20099,1351,1828,2319,3103,2556,6222,8956,1962,2695,3431,4998,5032,8899,11143
9261,Switzerland,756,Slovenia,705,3460,3005,2561,2918,3380,4716,6516,1417,1292,1176,1269,1348,2172,3162,2043,1713,1385,1649,2032,2544,3354
9262,Switzerland,756,SolomonIslands,90,0,0,0,0,0,19,16,0,0,0,0,0,6,6,0,0,0,0,0,13,10
9263,Switzerland,756,Somalia,706,2647,2901,3167,3924,4500,5707,7579,1368,1656,1954,2349,2585,3195,4446,1279,1245,1213,1575,1915,2512,3133
9264,Switzerland,756,SouthAfrica,710,4029,4606,5200,5792,6862,7441,8324,1851,2254,2671,2838,3153,3475,3907,2178,2352,2529,2954,3709,3966,4417
9265,Switzerland,756,SouthSudan,728,0,0,0,0,0,22,32,0,0,0,0,0,11,23,0,0,0,0,0,11,9
9266,Switzerland,756,Spain,724,54716,47536,40529,46554,53446,66213,68909,28761,25323,22041,24452,26365,33961,34981,25955,22213,18488,22102,27081,32252,33928
9267,Switzerland,756,SriLanka,144,18837,20205,21648,28472,28566,30931,35755,11383,11874,12433,15326,15053,16496,19089,7454,8331,9215,13146,13513,14435,16666
9268,Switzerland,756,StateofPalestine,275,275,196,119,136,158,197,245,194,137,80,90,100,124,152,81,59,39,46,58,73,93
9269,Switzerland,756,Sudan,729,426,554,686,812,906,1425,2413,271,345,421,479,517,765,1339,155,209,265,333,389,660,1074
9270,Switzerland,756,Suriname,740,67,71,76,83,101,117,138,20,27,34,34,38,41,48,47,44,42,49,63,76,90
9271,Switzerland,756,Sweden,752,6101,6515,6953,7740,9176,9265,9520,2621,3036,3472,3656,4070,4044,4218,3480,3479,3481,4084,5106,5221,5302
9272,Switzerland,756,SyrianArabRepublic,760,1309,1718,2134,2613,2817,13157,19770,792,1070,1354,1610,1672,7702,11152,517,648,780,1003,1145,5455,8618
9273,Switzerland,756,Tajikistan,762,26,73,121,129,161,210,262,11,32,53,54,61,85,102,15,41,68,75,100,125,160
9274,Switzerland,756,Thailand,764,8699,11088,13518,15115,17839,19065,20958,1833,2711,3624,3496,3330,3542,3971,6866,8377,9894,11619,14509,15523,16987
9275,Switzerland,756,TimorLeste,626,0,0,0,0,0,14,18,0,0,0,0,0,9,9,0,0,0,0,0,5,9
9276,Switzerland,756,Togo,768,454,840,1230,1395,1624,1888,2194,265,499,735,804,897,1025,1191,189,341,495,591,727,863,1003
9277,Switzerland,756,Tonga,776,0,0,0,0,0,17,16,0,0,0,0,0,8,7,0,0,0,0,0,9,9
9278,Switzerland,756,TrinidadandTobago,780,191,210,231,257,306,332,346,85,97,109,115,126,140,144,106,113,122,142,180,192,202
9279,Switzerland,756,Tunisia,788,5067,6249,7454,8390,9838,11020,12630,3520,4333,5167,5678,6484,7156,7990,1547,1916,2287,2712,3354,3864,4640
9280,Switzerland,756,Turkey,792,51936,54615,57493,64016,75826,77208,80729,28935,31011,33268,35643,40335,40684,42414,23001,23604,24225,28373,35491,36524,38315
9281,Switzerland,756,Turkmenistan,795,18,33,49,64,66,110,153,4,11,17,21,19,33,49,14,22,32,43,47,77,104
9282,Switzerland,756,Tuvalu,798,0,0,0,0,0,4,2,0,0,0,0,0,4,2,0,0,0,0,0,0,0
9283,Switzerland,756,Uganda,800,367,451,537,600,710,751,853,163,211,259,274,301,320,355,204,240,278,326,409,431,498
9284,Switzerland,756,Ukraine,804,1593,3109,4638,5401,6121,8468,10631,464,949,1444,1491,1437,2083,2679,1129,2160,3194,3910,4684,6385,7952
9285,Switzerland,756,UnitedArabEmirates,784,124,192,262,313,347,526,826,75,114,154,173,188,259,404,49,78,108,140,159,267,422
9286,Switzerland,756,UnitedKingdom,826,22512,26763,31112,35652,41055,44650,45951,11425,14613,17890,19760,21666,23727,24577,11087,12150,13222,15892,19389,20923,21374
9287,Switzerland,756,UnitedRepublicofTanzania,834,522,570,622,682,823,847,898,254,285,319,334,378,390,400,268,285,303,348,445,457,498
9288,Switzerland,756,UnitedStatesofAmerica,840,19316,22377,25521,28792,33678,35809,38779,9577,11607,13712,14760,16361,17331,18695,9739,10770,11809,14032,17317,18478,20084
9289,Switzerland,756,Uruguay,858,950,1060,1175,1300,1552,1583,1645,445,522,602,643,711,725,765,505,538,573,657,841,858,880
9290,Switzerland,756,Uzbekistan,860,96,273,451,535,597,822,1035,40,116,192,209,216,285,357,56,157,259,326,381,537,678
9291,Switzerland,756,Vanuatu,548,0,0,0,0,0,28,11,0,0,0,0,0,17,7,0,0,0,0,0,11,4
9292,Switzerland,756,VenezuelaBolivarianRepublicof,862,1787,2224,2671,3003,3526,4271,5212,756,991,1234,1312,1417,1784,2176,1031,1233,1437,1691,2109,2487,3036
9293,Switzerland,756,VietNam,704,7338,7764,8220,9147,10847,11272,12263,3611,3822,4060,4285,4745,4782,5011,3727,3942,4160,4862,6102,6490,7252
9294,Switzerland,756,WesternSahara,732,0,0,0,0,0,11,11,0,0,0,0,0,8,10,0,0,0,0,0,3,1
9295,Switzerland,756,Yemen,887,171,229,289,338,382,540,690,101,135,170,195,207,306,380,70,94,119,143,175,234,310
9296,Switzerland,756,Zambia,894,165,216,269,287,356,349,424,83,111,139,141,164,152,181,82,105,130,146,192,197,243
9297,Switzerland,756,Zimbabwe,716,462,598,738,818,975,993,1027,192,285,380,399,449,454,484,270,313,358,419,526,539,543
9298,Anguilla,660,Melanesia,928,0,0,0,0,0,0,0,0,0,0,0,0,0,0,0,0,0,0,0,0,0
9299,Anguilla,660,Micronesia,954,0,0,0,0,0,0,0,0,0,0,0,0,0,0,0,0,0,0,0,0,0
9300,Anguilla,660,Polynesia,957,0,0,0,0,0,0,0,0,0,0,0,0,0,0,0,0,0,0,0,0,0
9301,Anguilla,660,Canada,124,28,36,44,50,54,57,58,8,10,12,14,15,16,16,20,26,32,36,39,41,42
9302,Anguilla,660,DominicanRepublic,214,308,397,486,560,610,653,680,201,256,311,359,392,420,438,107,141,175,201,218,233,242
9303,Anguilla,660,Guyana,328,181,233,285,328,357,382,397,108,137,166,192,210,225,234,73,96,119,136,147,157,163
9304,Anguilla,660,Jamaica,388,220,283,346,398,433,464,483,128,162,196,226,247,265,276,92,121,150,172,186,199,207
9305,Anguilla,660,Montserrat,500,135,174,213,245,266,285,296,95,122,149,172,187,201,209,40,52,64,73,79,84,87
9306,Anguilla,660,SaintKittsandNevis,659,426,549,672,774,843,903,942,281,358,435,502,548,588,614,145,191,237,272,295,315,328
9307,Anguilla,660,UnitedKingdom,826,197,254,311,358,390,418,435,70,87,104,121,133,143,148,127,167,207,237,257,275,287
9308,Anguilla,660,UnitedStatesofAmerica,840,215,277,339,390,424,454,473,67,82,97,112,122,131,136,148,195,242,278,302,323,337
9309,Anguilla,660,UnitedStatesVirginIslands,850,192,247,302,348,379,406,422,71,88,105,122,134,144,150,121,159,197,226,245,262,272
9310,AntiguaandBarbuda,28,Melanesia,928,0,0,0,0,0,0,0,0,0,0,0,0,0,0,0,0,0,0,0,0,0
9311,AntiguaandBarbuda,28,Micronesia,954,0,0,0,0,0,0,0,0,0,0,0,0,0,0,0,0,0,0,0,0,0
9312,AntiguaandBarbuda,28,Polynesia,957,0,0,0,0,0,0,0,0,0,0,0,0,0,0,0,0,0,0,0,0,0
9313,AntiguaandBarbuda,28,Australia,36,7,7,6,7,7,7,6,3,3,3,4,4,4,4,4,4,3,3,3,3,2
9314,AntiguaandBarbuda,28,Bahamas,44,5,4,2,2,2,2,1,2,2,1,1,1,1,1,3,2,1,1,1,1,0
9315,AntiguaandBarbuda,28,Barbados,52,204,226,248,266,284,302,315,98,122,146,156,167,177,186,106,104,102,110,117,125,129
9316,AntiguaandBarbuda,28,Bermuda,60,9,10,11,12,13,14,13,4,5,7,7,8,9,9,5,5,4,5,5,5,4
9317,AntiguaandBarbuda,28,Belize,84,8,10,11,12,13,14,13,4,5,6,6,7,8,8,4,5,5,6,6,6,5
9318,AntiguaandBarbuda,28,BritishVirginIslands,92,66,73,80,86,92,98,100,32,35,39,42,45,48,50,34,38,41,44,47,50,50
9319,AntiguaandBarbuda,28,Canada,124,218,287,356,382,408,434,453,105,138,172,184,197,209,220,113,149,184,198,211,225,233
9320,AntiguaandBarbuda,28,China,156,57,84,110,118,126,134,139,27,40,53,57,61,65,69,30,44,57,61,65,69,70
9321,AntiguaandBarbuda,28,Cuba,192,12,15,17,18,19,20,19,6,7,8,8,9,9,9,6,8,9,10,10,11,10
9322,AntiguaandBarbuda,28,Dominica,212,2442,3170,3898,4180,4462,4745,4963,1174,1448,1722,1844,1966,2089,2187,1268,1722,2176,2336,2496,2656,2776
9323,AntiguaandBarbuda,28,DominicanRepublic,214,621,1044,1466,1572,1678,1784,1865,298,426,554,593,632,671,703,323,618,912,979,1046,1113,1162
9324,AntiguaandBarbuda,28,Ethiopia,231,1,38,74,80,85,90,92,0,17,34,37,39,41,43,1,21,40,43,46,49,49
9325,AntiguaandBarbuda,28,France,250,32,33,34,37,39,41,41,15,15,16,17,18,19,20,17,18,18,20,21,22,21
9326,AntiguaandBarbuda,28,FrenchGuiana,254,4,4,4,5,5,5,4,2,2,2,3,3,3,3,2,2,2,2,2,2,1
9327,AntiguaandBarbuda,28,Germany,276,45,57,68,73,78,83,85,22,28,33,35,38,40,42,23,29,35,38,40,43,43
9328,AntiguaandBarbuda,28,Ghana,288,10,18,25,27,29,31,31,5,9,12,13,14,15,16,5,9,13,14,15,16,15
9329,AntiguaandBarbuda,28,Grenada,308,115,137,158,170,181,192,199,55,72,88,95,101,107,112,60,65,70,75,80,85,87
9330,AntiguaandBarbuda,28,Guadeloupe,312,46,54,62,67,71,76,78,22,26,30,32,34,37,39,24,28,32,35,37,39,39
9331,AntiguaandBarbuda,28,Guyana,328,1660,3489,5317,5702,6086,6472,6811,798,1591,2383,2552,2721,2891,3027,862,1898,2934,3150,3365,3581,3784
9332,AntiguaandBarbuda,28,Haiti,332,11,19,27,29,31,33,33,5,9,13,14,15,16,17,6,10,14,15,16,17,16
9333,AntiguaandBarbuda,28,Honduras,340,3,5,6,7,7,7,6,1,2,3,4,4,4,4,2,3,3,3,3,3,2
9334,AntiguaandBarbuda,28,India,356,32,49,65,70,74,79,81,15,24,32,34,36,39,41,17,25,33,36,38,40,40
9335,AntiguaandBarbuda,28,Italy,380,49,54,59,64,68,72,73,24,26,29,32,34,36,37,25,28,30,32,34,36,36
9336,AntiguaandBarbuda,28,Jamaica,388,386,1832,3278,3515,3752,3990,4173,185,642,1099,1176,1253,1331,1394,201,1190,2179,2339,2499,2659,2779
9337,AntiguaandBarbuda,28,Japan,392,2,10,17,18,19,20,19,1,5,8,8,9,9,9,1,5,9,10,10,11,10
9338,AntiguaandBarbuda,28,Lebanon,422,46,46,45,49,52,55,56,22,22,22,24,26,27,28,24,24,23,25,26,28,28
9339,AntiguaandBarbuda,28,Martinique,474,5,5,4,5,5,5,4,2,2,2,3,3,3,3,3,3,2,2,2,2,1
9340,AntiguaandBarbuda,28,Mexico,484,3,4,4,5,5,5,4,1,2,2,3,3,3,3,2,2,2,2,2,2,1
9341,AntiguaandBarbuda,28,Montserrat,500,844,890,935,1003,1070,1138,1189,406,439,471,505,538,572,599,438,451,464,498,532,566,590
9342,AntiguaandBarbuda,28,Netherlands,528,17,15,13,14,15,16,15,8,7,6,6,7,7,7,9,8,7,8,8,9,8
9343,AntiguaandBarbuda,28,CuraÃao,531,10,13,16,17,18,19,18,5,6,7,7,8,8,8,5,7,9,10,10,11,10
9344,AntiguaandBarbuda,28,Aruba,533,7,6,4,5,5,5,4,3,3,2,3,3,3,3,4,3,2,2,2,2,1
9345,AntiguaandBarbuda,28,SintMaartenDutchpart,534,8,14,19,21,22,23,22,4,7,10,11,12,12,12,4,7,9,10,10,11,10
9346,AntiguaandBarbuda,28,Bonaire,16,535,4,7,9,10,10,11,10,2,3,4,4,4,5,5,2,4,5,6,6,6
9347,AntiguaandBarbuda,28,NewZealand,554,3,7,10,11,11,12,11,1,3,5,5,5,6,6,2,4,5,6,6,6,5
9348,AntiguaandBarbuda,28,Nigeria,566,35,34,33,36,38,40,40,17,16,15,16,17,18,19,18,18,18,20,21,22,21
9349,AntiguaandBarbuda,28,Pakistan,586,7,4,0,0,0,0,0,3,2,0,0,0,0,0,4,2,0,0,0,0,0
9350,AntiguaandBarbuda,28,PuertoRico,630,30,37,44,47,50,53,54,14,18,22,23,25,26,27,16,19,22,24,25,27,27
9351,AntiguaandBarbuda,28,SaintKittsandNevis,659,469,430,391,420,448,476,497,225,204,183,196,209,222,232,244,226,208,224,239,254,265
9352,AntiguaandBarbuda,28,Anguilla,660,17,25,32,35,37,39,39,8,12,15,17,18,19,20,9,13,17,18,19,20,19
9353,AntiguaandBarbuda,28,SaintLucia,662,392,474,556,596,636,676,706,188,214,241,258,275,292,306,204,260,315,338,361,384,400
9354,AntiguaandBarbuda,28,SaintVincentandtheGrenadines,670,478,616,754,809,863,918,959,230,340,451,483,515,548,574,248,276,303,326,348,370,385
9355,AntiguaandBarbuda,28,SouthAfrica,710,19,28,37,40,42,45,45,9,13,17,18,19,21,22,10,15,20,22,23,24,23
9356,AntiguaandBarbuda,28,Spain,724,5,8,10,11,11,12,11,2,4,5,5,5,6,6,3,4,5,6,6,6,5
9357,AntiguaandBarbuda,28,Suriname,740,9,23,37,40,42,45,45,4,10,17,18,19,21,22,5,13,20,22,23,24,23
9358,AntiguaandBarbuda,28,SyrianArabRepublic,760,142,171,200,215,229,244,254,68,82,97,104,111,118,123,74,89,103,111,118,126,131
9359,AntiguaandBarbuda,28,TrinidadandTobago,780,356,474,591,634,677,720,752,171,229,286,306,327,348,365,185,245,305,328,350,372,387
9360,AntiguaandBarbuda,28,TurksandCaicosIslands,796,4,5,5,6,6,6,5,2,2,2,3,3,3,3,2,3,3,3,3,3,2
9361,AntiguaandBarbuda,28,Egypt,818,12,10,8,9,9,10,9,6,5,4,4,4,5,5,6,5,4,5,5,5,4
9362,AntiguaandBarbuda,28,UnitedKingdom,826,623,720,817,876,935,994,1038,299,350,402,430,459,487,509,324,370,415,446,476,507,529
9363,AntiguaandBarbuda,28,UnitedStatesofAmerica,840,1308,1733,2157,2313,2469,2626,2747,629,854,1079,1156,1233,1311,1374,679,879,1078,1157,1236,1315,1373
9364,AntiguaandBarbuda,28,UnitedStatesVirginIslands,850,295,440,584,627,669,711,743,142,213,283,304,324,344,361,153,227,301,323,345,367,382
9365,AntiguaandBarbuda,28,VenezuelaBolivarianRepublicof,862,11,22,32,35,37,39,39,5,10,15,17,18,19,20,6,12,17,18,19,20,19
9366,Aruba,533,Melanesia,928,0,0,0,0,0,0,0,0,0,0,0,0,0,0,0,0,0,0,0,0,0
9367,Aruba,533,Micronesia,954,0,0,0,0,0,0,0,0,0,0,0,0,0,0,0,0,0,0,0,0,0
9368,Aruba,533,Polynesia,957,0,0,0,0,0,0,0,0,0,0,0,0,0,0,0,0,0,0,0,0,0
9369,Aruba,533,China,156,247,435,622,855,1072,1127,1260,154,242,330,444,551,579,635,93,193,292,411,521,548,625
9370,Aruba,533,Colombia,170,1849,4446,7043,8243,9280,9762,10926,678,1744,2811,3127,3581,3756,4061,1171,2702,4232,5116,5699,6006,6865
9371,Aruba,533,Dominica,212,143,134,125,115,103,107,119,45,43,42,37,32,32,34,98,91,83,78,71,75,85
9372,Aruba,533,DominicanRepublic,214,2042,2829,3615,3903,4114,4327,4839,530,812,1094,1282,1545,1619,1748,1512,2017,2521,2621,2569,2708,3091
9373,Aruba,533,Grenada,308,294,285,276,263,246,258,287,53,58,63,63,63,65,67,241,227,213,200,183,193,220
9374,Aruba,533,Guyana,328,107,202,297,289,276,289,322,52,104,157,145,131,136,149,55,98,140,144,145,153,173
9375,Aruba,533,Haiti,332,320,660,1000,1288,1552,1632,1824,38,178,319,446,566,595,641,282,482,681,842,986,1037,1183
9376,Aruba,533,India,356,39,98,157,238,315,330,368,25,64,103,157,208,217,240,14,34,54,81,107,113,128
9377,Aruba,533,Jamaica,388,162,439,715,719,710,746,833,24,125,226,231,232,243,259,138,314,489,488,478,503,574
9378,Aruba,533,Netherlands,528,2096,2885,3674,4056,4359,4585,5128,1074,1482,1890,2092,2253,2369,2599,1022,1403,1784,1964,2106,2216,2529
9379,Aruba,533,CuraÃao,531,438,1095,1751,2063,2335,2455,2745,231,578,925,1090,1234,1297,1424,207,517,826,973,1101,1158,1321
9380,Aruba,533,SintMaartenDutchpart,534,125,313,500,589,667,701,784,66,165,264,311,353,371,408,59,148,236,278,314,330,376
9381,Aruba,533,Bonaire,16,535,53,133,212,249,283,297,331,28,70,112,131,150,157,172,25,63,100,118,133,140
9382,Aruba,533,Nicaragua,558,19,48,77,90,103,107,119,9,22,36,42,48,49,54,10,26,41,48,55,58,65
9383,Aruba,533,Peru,604,141,540,939,1019,1079,1134,1268,83,295,507,534,550,577,633,58,245,432,485,529,557,635
9384,Aruba,533,Philippines,608,217,486,754,863,955,1004,1121,165,299,433,455,469,493,539,52,187,321,408,486,511,582
9385,Aruba,533,Portugal,620,177,183,188,174,157,164,182,90,97,103,92,79,82,89,87,86,85,82,78,82,93
9386,Aruba,533,SaintVincentandtheGrenadines,670,225,178,131,120,108,113,126,85,63,41,33,25,26,27,140,115,90,87,83,87,99
9387,Aruba,533,Suriname,740,721,997,1273,1285,1272,1337,1494,379,498,618,614,598,628,685,342,499,655,671,674,709,809
9388,Aruba,533,Turkey,792,115,63,11,11,11,10,11,110,59,8,8,8,7,7,5,4,3,3,3,3,4
9389,Aruba,533,UnitedStatesofAmerica,840,425,553,681,638,583,612,683,204,282,360,326,287,301,328,221,271,321,312,296,311,355
9390,Aruba,533,VenezuelaBolivarianRepublicof,862,1144,2000,2856,3074,3232,3399,17000,654,1100,1547,1597,1616,1699,8619,490,900,1309,1477,1616,1700,8381
9391,Bahamas,44,Melanesia,928,0,0,0,0,0,0,0,0,0,0,0,0,0,0,0,0,0,0,0,0,0
9392,Bahamas,44,Micronesia,954,0,0,0,0,0,0,0,0,0,0,0,0,0,0,0,0,0,0,0,0,0
9393,Bahamas,44,Polynesia,957,0,0,0,0,0,0,0,0,0,0,0,0,0,0,0,0,0,0,0,0,0
9394,Bahamas,44,AntiguaandBarbuda,28,13,10,8,11,13,14,13,7,4,3,5,6,6,6,6,6,5,6,7,8,7
9395,Bahamas,44,Argentina,32,8,8,9,56,102,111,117,4,3,3,35,67,73,78,4,5,6,21,35,38,39
9396,Bahamas,44,Australia,36,27,46,65,71,77,83,88,14,23,33,36,39,42,46,13,23,32,35,38,41,42
9397,Bahamas,44,Austria,40,15,18,22,30,37,40,41,4,7,12,16,19,20,21,11,11,10,14,18,20,20
9398,Bahamas,44,Barbados,52,234,171,108,164,220,238,253,149,107,66,103,141,152,162,85,64,42,61,79,86,91
9399,Bahamas,44,Belgium,56,8,14,20,24,28,30,30,3,8,13,15,17,18,19,5,6,7,9,11,12,11
9400,Bahamas,44,Bermuda,60,34,23,13,25,36,39,40,19,11,4,9,14,15,16,15,12,9,16,22,24,24
9401,Bahamas,44,Botswana,72,0,0,0,7,13,14,13,0,0,0,4,8,9,9,0,0,0,3,5,5,4
9402,Bahamas,44,Brazil,76,36,41,47,80,112,121,128,16,18,21,38,54,58,63,20,23,26,42,58,63,65
9403,Bahamas,44,Belize,84,31,22,13,27,41,44,45,10,7,4,9,14,15,16,21,15,9,18,27,29,29
9404,Bahamas,44,BritishVirginIslands,92,5,8,12,8,3,3,2,3,4,6,3,0,0,0,2,4,6,5,3,3,2
9405,Bahamas,44,Bulgaria,100,0,0,0,10,19,21,21,0,0,0,7,14,16,17,0,0,0,3,5,5,4
9406,Bahamas,44,Canada,124,730,1040,1351,1399,1446,1567,1679,286,481,677,735,793,854,917,444,559,674,664,653,713,762
9407,Bahamas,44,CaymanIslands,136,9,9,9,15,21,23,23,3,4,6,9,12,13,14,6,5,3,6,9,10,9
9408,Bahamas,44,SriLanka,144,24,16,9,23,36,39,40,13,8,5,13,20,22,23,11,8,4,10,16,17,17
9409,Bahamas,44,Chile,152,9,8,8,20,32,35,36,5,4,5,9,14,15,16,4,4,3,11,18,20,20
9410,Bahamas,44,China,156,67,80,93,126,159,172,183,43,51,59,75,92,99,106,24,29,34,51,67,73,77
9411,Bahamas,44,Colombia,170,28,30,33,106,178,193,205,8,13,19,63,106,114,122,20,17,14,43,72,79,83
9412,Bahamas,44,CostaRica,188,10,38,66,58,50,54,56,5,16,27,23,20,21,22,5,22,39,35,30,33,34
9413,Bahamas,44,Cuba,192,48,79,110,240,370,401,429,17,31,46,81,117,125,134,31,48,64,159,253,276,295
9414,Bahamas,44,Denmark,208,8,22,37,26,15,16,15,5,12,21,14,7,7,7,3,10,16,12,8,9,8
9415,Bahamas,44,Dominica,212,35,41,47,58,69,75,79,15,22,30,31,32,35,38,20,19,17,27,37,40,41
9416,Bahamas,44,DominicanRepublic,214,44,64,84,177,269,291,310,22,33,45,103,160,172,184,22,31,39,74,109,119,126
9417,Bahamas,44,Ecuador,218,10,12,15,28,40,43,44,3,3,5,16,26,28,30,7,9,10,12,14,15,14
9418,Bahamas,44,ElSalvador,222,5,4,4,36,67,73,77,0,1,0,31,62,68,73,5,3,4,5,5,5,4
9419,Bahamas,44,Estonia,233,0,0,0,8,15,16,15,0,0,0,3,6,6,6,0,0,0,5,9,10,9
9420,Bahamas,44,France,250,38,89,141,137,132,143,152,25,52,80,83,85,92,99,13,37,61,54,47,51,53
9421,Bahamas,44,Germany,276,161,190,220,244,267,289,308,80,100,122,126,130,139,148,81,90,98,118,137,150,160
9422,Bahamas,44,Ghana,288,23,44,65,55,44,48,49,12,24,36,36,36,39,41,11,20,29,19,8,9,8
9423,Bahamas,44,Greece,300,72,63,55,70,84,91,96,42,38,36,46,55,59,64,30,25,19,24,29,32,32
9424,Bahamas,44,Grenada,308,28,27,26,28,30,33,34,15,14,14,13,13,14,15,13,13,12,15,17,19,19
9425,Bahamas,44,Guatemala,320,7,8,9,21,32,35,36,1,2,3,9,15,16,17,6,6,6,12,17,19,19
9426,Bahamas,44,Guyana,328,419,550,682,957,1232,1335,1430,213,267,322,431,541,581,623,206,283,360,526,691,754,807
9427,Bahamas,44,Haiti,332,10894,15759,20628,23047,25465,27591,29629,6814,9370,11930,13224,14517,15643,16762,4080,6389,8698,9823,10948,11948,12867
9428,Bahamas,44,Honduras,340,7,10,13,27,40,43,44,5,5,6,19,32,34,36,2,5,7,8,8,9,8
9429,Bahamas,44,China,156,344,46,35,25,25,24,26,26,28,21,16,14,11,12,13,18,14,9,11,13,14
9430,Bahamas,44,India,356,160,194,229,391,552,598,640,90,110,131,222,312,336,360,70,84,98,169,240,262,280
9431,Bahamas,44,Indonesia,360,8,7,6,18,30,33,34,6,5,4,8,12,13,14,2,2,2,10,18,20,20
9432,Bahamas,44,Ireland,372,55,62,69,62,54,59,61,35,39,43,36,29,32,34,20,23,26,26,25,27,27
9433,Bahamas,44,Italy,380,78,86,94,120,146,158,168,52,54,57,77,97,105,113,26,32,37,43,49,53,55
9434,Bahamas,44,Jamaica,388,2792,3282,3773,5349,6925,7503,8042,746,1020,1295,1715,2136,2276,2440,2046,2262,2478,3634,4789,5227,5602
9435,Bahamas,44,Japan,392,5,22,39,36,32,35,36,3,6,10,9,7,8,9,2,16,29,27,25,27,27
9436,Bahamas,44,Kenya,404,6,5,5,12,19,21,21,3,2,3,5,7,8,9,3,3,2,7,12,13,12
9437,Bahamas,44,Mexico,484,21,51,82,103,124,134,143,9,31,54,66,79,85,92,12,20,28,37,45,49,51
9438,Bahamas,44,Netherlands,528,36,33,30,40,50,54,56,18,16,15,22,29,31,33,18,17,15,18,21,23,23
9439,Bahamas,44,NewZealand,554,14,16,19,21,22,24,24,6,7,9,8,6,7,7,8,9,10,13,16,17,17
9440,Bahamas,44,Nicaragua,558,9,8,7,8,9,10,9,4,4,4,4,5,6,6,5,4,3,4,4,4,3
9441,Bahamas,44,Nigeria,566,30,61,93,121,148,160,170,20,42,66,72,77,83,89,10,19,27,49,71,77,81
9442,Bahamas,44,Norway,578,13,11,10,11,11,12,11,10,8,7,6,4,4,4,3,3,3,5,7,8,7
9443,Bahamas,44,Pakistan,586,15,13,11,6,0,0,0,8,7,6,3,0,0,0,7,6,5,3,0,0,0
9444,Bahamas,44,Panama,591,17,15,14,31,48,52,54,6,6,7,11,16,17,18,11,9,7,20,32,35,36
9445,Bahamas,44,Peru,604,43,41,39,165,290,314,335,27,22,18,74,129,138,148,16,19,21,91,161,176,187
9446,Bahamas,44,Philippines,608,64,103,143,587,1031,1117,1196,32,41,52,278,504,542,581,32,62,91,309,527,575,615
9447,Bahamas,44,Poland,616,12,10,9,14,18,20,20,6,3,2,4,6,7,8,6,7,7,10,12,13,12
9448,Bahamas,44,Portugal,620,1,5,9,12,15,16,15,0,2,4,8,12,13,13,1,3,5,4,3,3,2
9449,Bahamas,44,Romania,642,0,12,25,60,94,102,108,0,12,25,58,90,98,105,0,0,0,2,4,4,3
9450,Bahamas,44,RussianFederation,643,4,14,25,39,52,56,58,1,6,13,12,10,10,11,3,8,12,27,42,46,47
9451,Bahamas,44,SaintKittsandNevis,659,13,12,12,22,31,34,35,6,5,6,9,12,13,14,7,7,6,13,19,21,21
9452,Bahamas,44,SaintLucia,662,25,41,57,65,72,78,82,10,18,27,32,36,39,42,15,23,30,33,36,39,40
9453,Bahamas,44,SaintVincentandtheGrenadines,670,20,21,22,30,37,40,41,15,14,13,20,27,29,31,5,7,9,10,10,11,10
9454,Bahamas,44,SouthAfrica,710,21,54,88,92,96,104,110,12,34,58,54,51,55,59,9,20,30,38,45,49,51
9455,Bahamas,44,Zimbabwe,716,0,0,0,7,14,15,14,0,0,0,3,7,7,7,0,0,0,4,7,8,7
9456,Bahamas,44,Spain,724,32,40,49,76,102,111,117,21,28,36,59,81,88,94,11,12,13,17,21,23,23
9457,Bahamas,44,Eswatini,748,0,0,0,6,11,12,11,0,0,0,3,5,5,5,0,0,0,3,6,7,6
9458,Bahamas,44,Sweden,752,11,21,32,30,27,29,29,4,8,14,14,13,14,15,7,13,18,16,14,15,14
9459,Bahamas,44,Switzerland,756,85,120,156,220,283,307,327,53,70,88,88,88,94,100,32,50,68,132,195,213,227
9460,Bahamas,44,TrinidadandTobago,780,278,299,321,341,360,390,418,133,144,156,162,167,179,193,145,155,165,179,193,211,225
9461,Bahamas,44,TurksandCaicosIslands,796,2080,1284,488,957,1426,1545,1655,892,558,224,402,580,622,667,1188,726,264,555,846,923,988
9462,Bahamas,44,Uganda,800,0,0,0,6,11,12,11,0,0,0,2,3,3,3,0,0,0,4,8,9,8
9463,Bahamas,44,Ukraine,804,0,0,0,9,17,18,18,0,0,0,2,4,4,5,0,0,0,7,13,14,13
9464,Bahamas,44,Egypt,818,9,8,7,18,29,31,31,4,3,3,10,17,18,19,5,5,4,8,12,13,12
9465,Bahamas,44,UnitedKingdom,826,1964,1834,1705,1772,1839,1993,2135,1043,1005,968,1017,1066,1149,1231,921,829,737,755,773,844,904
9466,Bahamas,44,UnitedStatesofAmerica,840,4247,4294,4300,6587,8919,9664,10359,1893,2033,2103,3228,4365,4694,5033,2354,2261,2197,3359,4554,4970,5326
9467,Bahamas,44,Uruguay,858,2,2,2,9,16,17,17,0,0,0,4,9,9,10,2,2,2,5,7,8,7
9468,Bahamas,44,VenezuelaBolivarianRepublicof,862,16,20,24,26,28,30,30,6,8,10,10,10,10,10,10,12,14,16,18,20,20
9469,Barbados,52,Melanesia,928,0,0,0,0,0,0,0,0,0,0,0,0,0,0,0,0,0,0,0,0,0
9470,Barbados,52,Micronesia,954,0,0,0,0,0,0,0,0,0,0,0,0,0,0,0,0,0,0,0,0,0
9471,Barbados,52,Polynesia,957,0,0,0,0,0,0,0,0,0,0,0,0,0,0,0,0,0,0,0,0,0
9472,Barbados,52,AntiguaandBarbuda,28,226,246,267,225,185,194,194,73,82,91,84,78,82,82,153,164,176,141,107,112,112
9473,Barbados,52,Australia,36,24,26,29,25,23,24,23,12,13,15,13,11,12,12,12,13,14,12,12,12,11
9474,Barbados,52,Bahamas,44,55,59,64,55,47,49,48,25,27,29,25,20,21,21,30,32,35,30,27,28,27
9475,Barbados,52,Bermuda,60,0,0,0,20,27,28,27,0,0,0,10,13,14,14,0,0,0,10,14,14,13
9476,Barbados,52,Belize,84,0,0,0,15,21,22,21,0,0,0,7,10,11,11,0,0,0,8,11,11,10
9477,Barbados,52,Canada,124,668,729,791,721,656,689,695,280,313,346,316,289,304,308,388,416,445,405,367,385,387
9478,Barbados,52,China,156,0,0,0,30,41,43,42,0,0,0,17,23,25,25,0,0,0,13,18,18,17
9479,Barbados,52,Cuba,192,0,0,0,42,56,58,57,0,0,0,21,28,29,29,0,0,0,21,28,29,28
9480,Barbados,52,Dominica,212,451,492,534,426,321,337,339,138,156,175,141,107,113,114,313,336,359,285,214,224,225
9481,Barbados,52,Grenada,308,565,616,668,518,371,389,391,191,215,239,186,133,139,140,374,401,429,332,238,250,251
9482,Barbados,52,Guyana,328,2557,2792,3026,4640,6277,6594,6667,1004,1124,1244,2089,2945,3093,3128,1553,1668,1782,2551,3332,3501,3539
9483,Barbados,52,Haiti,332,0,0,0,24,32,33,32,0,0,0,8,10,10,10,0,0,0,16,22,23,22
9484,Barbados,52,India,356,441,481,522,480,441,463,467,222,246,271,242,215,226,229,219,235,251,238,226,237,238
9485,Barbados,52,Jamaica,388,622,679,736,839,947,994,1004,197,223,248,287,328,344,348,425,456,488,552,619,650,656
9486,Barbados,52,SaintKittsandNevis,659,0,0,0,78,104,109,109,0,0,0,35,46,49,50,0,0,0,43,58,60,59
9487,Barbados,52,SaintLucia,662,3317,3621,3924,2991,2073,2177,2200,1222,1371,1520,1168,823,864,873,2095,2250,2404,1823,1250,1313,1327
9488,Barbados,52,SaintVincentandtheGrenadines,670,3676,4014,4350,3648,2964,3114,3148,1528,1707,1886,1535,1192,1252,1267,2148,2307,2464,2113,1772,1862,1881
9489,Barbados,52,Suriname,740,0,0,0,33,45,47,46,0,0,0,8,11,12,12,0,0,0,25,34,35,34
9490,Barbados,52,TrinidadandTobago,780,1750,1910,2070,1740,1419,1490,1506,673,753,834,675,519,545,551,1077,1157,1236,1065,900,945,955
9491,Barbados,52,UnitedKingdom,826,2988,3262,3535,2955,2389,2509,2537,1347,1500,1652,1343,1040,1092,1105,1641,1762,1883,1612,1349,1417,1432
9492,Barbados,52,UnitedStatesofAmerica,840,1112,1213,1315,1147,985,1034,1044,499,555,611,531,454,476,481,613,658,704,616,531,558,563
9493,BritishVirginIslands,92,Melanesia,928,0,0,0,0,0,0,0,0,0,0,0,0,0,0,0,0,0,0,0,0,0
9494,BritishVirginIslands,92,Micronesia,954,0,0,0,0,0,0,0,0,0,0,0,0,0,0,0,0,0,0,0,0,0
9495,BritishVirginIslands,92,Polynesia,957,0,0,0,0,0,0,0,0,0,0,0,0,0,0,0,0,0,0,0,0,0
9496,BritishVirginIslands,92,AntiguaandBarbuda,28,388,456,524,600,676,773,877,178,202,227,260,293,332,377,210,254,297,340,383,441,500
9497,BritishVirginIslands,92,Australia,36,12,14,16,19,21,24,27,3,3,3,4,4,5,6,9,11,13,15,17,19,21
9498,BritishVirginIslands,92,Bahamas,44,14,16,18,21,23,26,29,5,5,5,6,6,7,8,9,11,13,15,17,19,21
9499,BritishVirginIslands,92,Barbados,52,94,111,127,146,164,187,212,60,70,80,92,103,117,133,34,41,47,54,61,70,79
9500,BritishVirginIslands,92,Canada,124,120,142,163,187,210,240,272,51,59,66,76,95,108,123,69,83,97,111,115,132,149
9501,BritishVirginIslands,92,Dominica,212,619,728,836,958,1098,1256,1425,295,337,379,434,498,565,642,324,391,457,524,600,691,783
9502,BritishVirginIslands,92,DominicanRepublic,214,748,879,1010,1157,1526,1745,1979,376,430,485,556,754,856,971,372,449,525,601,772,889,1008
9503,BritishVirginIslands,92,France,250,12,14,16,19,21,24,27,7,8,10,12,13,15,17,5,6,6,7,8,9,10
9504,BritishVirginIslands,92,Germany,276,29,35,40,46,52,59,66,13,16,18,21,24,27,30,16,19,22,25,28,32,36
9505,BritishVirginIslands,92,Guyana,328,841,989,1136,1301,2023,2314,2625,444,511,577,661,1029,1169,1327,397,478,559,640,994,1145,1298
9506,BritishVirginIslands,92,India,356,20,24,27,31,35,40,45,11,13,14,16,18,21,24,9,11,13,15,17,19,21
9507,BritishVirginIslands,92,Jamaica,388,272,320,368,422,1697,1941,2202,114,129,145,166,709,803,911,158,191,223,256,988,1138,1291
9508,BritishVirginIslands,92,Lebanon,422,12,14,16,19,21,24,27,9,10,12,14,16,19,22,3,4,4,5,5,5,5
9509,BritishVirginIslands,92,Montserrat,500,108,127,146,167,188,215,243,48,55,62,71,80,91,103,60,72,84,96,108,124,140
9510,BritishVirginIslands,92,PuertoRico,630,32,38,44,51,469,536,608,16,19,22,26,239,271,308,16,19,22,25,230,265,300
9511,BritishVirginIslands,92,SaintKittsandNevis,659,1555,1828,2100,2405,1214,1388,1574,810,930,1050,1202,607,689,782,745,898,1050,1203,607,699,792
9512,BritishVirginIslands,92,SaintLucia,662,274,323,371,425,461,527,597,120,137,154,176,192,217,246,154,186,217,249,269,310,351
9513,BritishVirginIslands,92,SaintVincentandtheGrenadines,670,1046,1230,1414,1619,1968,2251,2553,597,689,781,894,1107,1259,1428,449,541,633,725,861,992,1125
9514,BritishVirginIslands,92,TrinidadandTobago,780,206,243,279,320,462,528,599,133,155,176,202,292,333,378,73,88,103,118,170,195,221
9515,BritishVirginIslands,92,UnitedKingdom,826,440,517,594,680,714,816,925,250,288,327,374,394,448,508,190,229,267,306,320,368,417
9516,BritishVirginIslands,92,UnitedStatesofAmerica,840,674,792,910,1042,1537,1758,1994,319,364,410,469,703,797,904,355,428,500,573,834,961,1090
9517,CaymanIslands,136,Melanesia,928,0,0,0,0,0,0,0,0,0,0,0,0,0,0,0,0,0,0,0,0,0
9518,CaymanIslands,136,Micronesia,954,0,0,0,0,0,0,0,0,0,0,0,0,0,0,0,0,0,0,0,0,0
9519,CaymanIslands,136,Polynesia,957,0,0,0,0,0,0,0,0,0,0,0,0,0,0,0,0,0,0,0,0,0
9520,CaymanIslands,136,Argentina,32,3,7,13,12,12,12,12,2,3,5,5,4,5,4,1,4,8,7,8,7,8
9521,CaymanIslands,136,Australia,36,23,45,77,119,173,187,208,14,27,45,68,97,105,119,9,18,32,51,76,82,89
9522,CaymanIslands,136,Austria,40,15,30,52,47,47,50,55,13,24,41,37,37,41,45,2,6,11,10,10,9,10
9523,CaymanIslands,136,Bahamas,44,58,110,190,172,171,185,205,31,57,99,90,90,97,108,27,53,91,82,81,88,97
9524,CaymanIslands,136,Barbados,52,64,121,209,180,169,183,203,47,88,151,124,109,118,132,17,33,58,56,60,65,71
9525,CaymanIslands,136,Belgium,56,3,7,13,12,12,12,12,2,4,7,7,6,7,7,1,3,6,5,6,5,5
9526,CaymanIslands,136,Bermuda,60,10,20,34,31,32,34,37,9,16,26,24,24,27,29,1,4,8,7,8,7,8
9527,CaymanIslands,136,Brazil,76,21,42,73,66,66,71,78,10,20,34,31,31,34,38,11,22,39,35,35,37,40
9528,CaymanIslands,136,Belize,84,110,208,359,326,323,352,392,59,112,194,178,178,195,218,51,96,165,148,145,157,174
9529,CaymanIslands,136,Canada,124,422,806,1393,1304,1332,1451,1619,217,417,722,648,632,688,771,205,389,671,656,700,763,848
9530,CaymanIslands,136,Colombia,170,72,136,235,296,385,419,467,46,86,149,157,180,197,221,26,50,86,139,205,222,246
9531,CaymanIslands,136,CostaRica,188,87,165,284,193,120,130,144,62,118,202,137,84,92,103,25,47,82,56,36,38,41
9532,CaymanIslands,136,Cuba,192,232,437,753,693,695,757,844,126,239,412,357,335,364,409,106,198,341,336,360,393,435
9533,CaymanIslands,136,Denmark,208,5,11,19,18,18,18,19,4,7,12,12,11,12,13,1,4,7,6,7,6,6
9534,CaymanIslands,136,DominicanRepublic,214,20,39,68,62,61,66,72,16,31,53,48,47,52,58,4,8,15,14,14,14,14
9535,CaymanIslands,136,Finland,246,2,6,11,10,10,9,10,1,3,5,5,4,4,5,1,3,6,5,6,5,5
9536,CaymanIslands,136,France,250,11,22,40,36,36,38,41,7,14,25,22,22,24,27,4,8,15,14,14,14,14
9537,CaymanIslands,136,Germany,276,42,81,140,127,126,136,151,29,55,94,85,85,92,103,13,26,46,42,41,44,48
9538,CaymanIslands,136,Grenada,308,4,9,17,16,16,16,17,3,5,10,10,9,10,11,1,4,7,6,7,6,6
9539,CaymanIslands,136,Guyana,328,60,114,198,241,308,335,373,30,56,97,133,182,199,222,30,58,101,108,126,136,151
9540,CaymanIslands,136,Haiti,332,5,11,19,18,18,18,19,4,7,12,12,11,12,13,1,4,7,6,7,6,6
9541,CaymanIslands,136,Honduras,340,747,678,777,1176,1682,1833,2046,357,325,373,477,623,677,761,390,353,404,699,1059,1156,1285
9542,CaymanIslands,136,India,356,44,84,144,324,535,582,648,24,45,76,233,412,449,501,20,39,68,91,123,133,147
9543,CaymanIslands,136,IranIslamicRepublicof,364,2,6,11,10,10,9,10,2,5,8,7,6,6,7,0,1,3,3,4,3,3
9544,CaymanIslands,136,Ireland,372,79,150,258,225,213,231,257,41,78,134,112,99,108,121,38,72,124,113,114,123,136
9545,CaymanIslands,136,Israel,376,3,7,13,12,12,12,12,1,1,2,2,2,3,2,2,6,11,10,10,9,10
9546,CaymanIslands,136,Italy,380,28,54,94,85,85,91,101,25,47,82,74,74,80,90,3,7,12,11,11,11,11
9547,CaymanIslands,136,Jamaica,388,3767,4987,7468,8110,9472,10354,11540,1620,2177,3269,3839,4769,5190,5808,2147,2810,4199,4271,4703,5164,5732
9548,CaymanIslands,136,Japan,392,6,13,22,20,20,20,21,5,10,16,15,14,15,16,1,3,6,5,6,5,5
9549,CaymanIslands,136,Kenya,404,10,21,37,34,34,36,39,3,6,10,10,9,10,12,7,15,27,24,25,26,27
9550,CaymanIslands,136,Malaysia,458,5,11,19,18,18,18,19,4,8,13,13,12,13,14,1,3,6,5,6,5,5
9551,CaymanIslands,136,Mexico,484,12,24,42,38,38,40,43,6,11,20,18,18,20,22,6,13,22,20,20,20,21
9552,CaymanIslands,136,Netherlands,528,11,22,40,36,36,38,41,10,19,34,31,30,33,36,1,3,6,5,6,5,5
9553,CaymanIslands,136,CuraÃao,531,3,7,13,12,12,12,12,3,7,12,11,10,11,11,0,0,1,1,2,1,1
9554,CaymanIslands,136,NewZealand,554,17,33,58,53,53,57,63,12,22,39,35,35,39,44,5,11,19,18,18,18,19
9555,CaymanIslands,136,Nicaragua,558,238,448,770,543,364,396,440,105,197,338,233,148,161,180,133,251,432,310,216,235,260
9556,CaymanIslands,136,Niger,562,8,16,29,27,28,29,32,8,16,29,27,28,29,32,0,0,0,0,0,0,0
9557,CaymanIslands,136,Nigeria,566,2,6,11,10,10,9,10,2,6,11,10,10,9,10,0,0,0,0,0,0,0
9558,CaymanIslands,136,Pakistan,586,34,66,114,103,102,110,121,22,43,73,66,65,71,79,12,23,41,37,37,39,42
9559,CaymanIslands,136,Panama,591,42,81,140,127,126,136,151,23,43,74,68,68,74,82,19,38,66,59,58,62,69
9560,CaymanIslands,136,Peru,604,4,8,15,14,15,15,16,2,2,4,4,5,6,6,2,6,11,10,10,9,10
9561,CaymanIslands,136,Philippines,608,33,64,111,879,1730,1885,2104,23,43,75,477,923,1005,1126,10,21,36,402,807,880,978
9562,CaymanIslands,136,PuertoRico,630,14,28,49,44,45,48,53,7,13,22,20,20,22,26,7,15,27,24,25,26,27
9563,CaymanIslands,136,SaintLucia,662,2,6,11,10,10,9,10,1,3,5,5,4,4,5,1,3,6,5,6,5,5
9564,CaymanIslands,136,SaintVincentandtheGrenadines,670,9,18,32,29,30,32,34,8,14,24,22,22,25,26,1,4,8,7,8,7,8
9565,CaymanIslands,136,SouthAfrica,710,11,22,40,36,36,38,41,6,11,21,18,18,20,22,5,11,19,18,18,18,19
9566,CaymanIslands,136,Zimbabwe,716,5,11,19,18,18,18,19,4,8,13,13,12,13,14,1,3,6,5,6,5,5
9567,CaymanIslands,136,Spain,724,8,16,29,27,28,29,32,4,7,12,11,12,13,15,4,9,17,16,16,16,17
9568,CaymanIslands,136,Switzerland,756,24,47,82,75,75,81,89,19,36,63,57,57,63,70,5,11,19,18,18,18,19
9569,CaymanIslands,136,Thailand,764,16,32,56,51,51,55,60,15,29,50,46,45,50,55,1,3,6,5,6,5,5
9570,CaymanIslands,136,TrinidadandTobago,780,112,211,363,312,289,314,350,59,112,191,158,137,149,168,53,99,172,154,152,165,182
9571,CaymanIslands,136,UnitedKingdom,826,1040,1411,2134,1965,1969,2146,2394,571,778,1179,1064,1042,1134,1269,469,633,955,901,927,1012,1125
9572,CaymanIslands,136,ChannelIslands,830,4,8,15,14,15,15,16,3,4,7,7,7,8,8,1,4,8,7,8,7,8
9573,CaymanIslands,136,UnitedRepublicofTanzania,834,4,8,15,14,15,15,16,0,0,0,1,2,2,3,4,8,15,13,13,13,13
9574,CaymanIslands,136,UnitedStatesofAmerica,840,1619,1541,1821,2133,2640,2878,3212,816,772,928,1078,1333,1450,1624,803,769,893,1055,1307,1428,1588
9575,CaymanIslands,136,VenezuelaBolivarianRepublicof,862,10,21,37,34,34,36,52,6,12,20,18,18,20,30,4,9,17,16,16,16,22
9576,CaymanIslands,136,Zambia,894,2,6,11,10,10,9,10,2,5,8,7,6,6,7,0,1,3,3,4,3,3
9577,Cuba,192,Melanesia,928,0,0,0,0,0,0,0,0,0,0,0,0,0,0,0,0,0,0,0,0,0
9578,Cuba,192,Micronesia,954,0,0,0,0,0,0,0,0,0,0,0,0,0,0,0,0,0,0,0,0,0
9579,Cuba,192,Polynesia,957,0,0,0,0,0,0,0,0,0,0,0,0,0,0,0,0,0,0,0,0,0
9580,Cuba,192,Albania,8,242,184,226,40,6,1,0,133,98,113,22,4,1,0,109,86,113,18,2,0,0
9581,Cuba,192,Algeria,12,103,78,54,35,22,13,8,55,40,26,16,9,5,3,48,38,28,19,13,8,5
9582,Cuba,192,Angola,24,218,165,106,84,63,44,30,132,97,59,43,27,17,11,86,68,47,41,36,27,19
9583,Cuba,192,Argentina,32,373,283,190,134,90,58,35,192,140,87,58,35,21,12,181,143,103,76,55,37,23
9584,Cuba,192,BoliviaPlurinationalStateof,68,128,97,55,57,56,52,46,74,54,29,29,26,23,20,54,43,26,28,30,29,26
9585,Cuba,192,Bulgaria,100,296,225,164,95,52,27,13,123,88,57,30,13,6,3,173,137,107,65,39,21,10
9586,Cuba,192,Canada,124,135,102,64,54,44,34,25,77,56,33,29,25,20,14,58,46,31,25,19,14,11
9587,Cuba,192,Chile,152,393,298,186,155,123,92,67,214,156,91,81,70,54,38,179,142,95,74,53,38,29
9588,Cuba,192,China,156,658,499,351,223,134,76,42,507,380,261,160,90,49,27,151,119,90,63,44,27,15
9589,Cuba,192,Colombia,170,353,268,173,132,95,65,42,176,128,76,59,44,30,19,177,140,97,73,51,35,23
9590,Cuba,192,Czechia,203,406,308,219,136,80,44,24,177,127,81,48,26,13,7,229,181,138,88,54,31,17
9591,Cuba,192,DominicanRepublic,214,267,203,146,87,49,27,14,118,85,55,29,12,6,3,149,118,91,58,37,21,11
9592,Cuba,192,Ecuador,218,135,102,58,60,58,53,47,67,48,25,26,24,22,19,68,54,33,34,34,31,28
9593,Cuba,192,France,250,328,249,151,134,113,90,69,169,123,69,64,58,47,35,159,126,82,70,55,43,34
9594,Cuba,192,Germany,276,752,570,364,289,217,155,106,388,282,167,134,101,72,48,364,288,197,155,116,83,58
9595,Cuba,192,Greenland,304,195,148,220,25,3,0,0,88,63,86,7,0,0,0,107,85,134,18,3,0,0
9596,Cuba,192,Grenada,308,180,137,0,0,0,0,0,96,70,0,0,0,0,0,84,67,0,0,0,0,0
9597,Cuba,192,Guatemala,320,153,116,75,56,41,27,18,75,54,32,24,18,12,8,78,62,43,32,23,15,10
9598,Cuba,192,Haiti,332,2063,1564,1226,607,284,126,54,1478,1102,837,392,164,68,29,585,462,389,215,120,58,25
9599,Cuba,192,Hungary,348,155,118,84,50,28,16,9,65,47,29,19,12,7,4,90,71,55,31,16,9,5
9600,Cuba,192,Italy,380,492,373,194,246,295,337,371,359,268,135,167,190,210,227,133,105,59,79,105,127,144
9601,Cuba,192,Jamaica,388,656,497,353,218,129,71,38,322,233,152,95,57,31,16,334,264,201,123,72,40,22
9602,Cuba,192,Lebanon,422,123,94,65,42,26,14,9,69,51,33,24,17,10,6,54,43,32,18,9,4,3
9603,Cuba,192,Mexico,484,889,674,440,331,237,161,106,445,323,194,148,108,73,47,444,351,246,183,129,88,59
9604,Cuba,192,Nicaragua,558,595,451,294,223,160,109,71,227,160,91,73,57,40,25,368,291,203,150,103,69,46
9605,Cuba,192,Panama,591,184,140,98,61,37,21,11,63,44,26,17,11,6,3,121,96,72,44,26,15,8
9606,Cuba,192,Peru,604,191,145,88,78,65,52,39,82,59,32,30,27,22,16,109,86,56,48,38,30,23
9607,Cuba,192,Poland,616,211,160,115,69,40,21,11,76,53,33,19,10,5,2,135,107,82,50,30,16,9
9608,Cuba,192,PuertoRico,630,272,206,155,84,44,21,10,127,91,63,33,16,7,3,145,115,92,51,28,14,7
9609,Cuba,192,Romania,642,153,116,65,68,69,66,60,48,33,15,17,19,19,17,105,83,50,51,50,47,43
9610,Cuba,192,RussianFederation,643,4491,3404,2342,1563,989,593,343,1728,1223,732,478,287,165,93,2763,2181,1610,1085,702,428,250
9611,Cuba,192,Spain,724,10703,8112,5917,3449,1908,999,505,5394,3922,2638,1558,874,455,225,5309,4190,3279,1891,1034,544,280
9612,Cuba,192,Ukraine,804,1367,1036,694,493,332,212,131,460,320,180,129,87,55,33,907,716,514,364,245,157,98
9613,Cuba,192,UnitedKingdom,826,110,84,49,47,43,37,31,66,49,27,25,21,17,14,44,35,22,22,22,20,17
9614,Cuba,192,UnitedStatesofAmerica,840,1186,899,569,459,349,253,176,577,418,242,205,167,123,84,609,481,327,254,182,130,92
9615,Cuba,192,VenezuelaBolivarianRepublicof,862,431,327,176,206,228,241,245,222,162,81,91,94,95,94,209,165,95,115,134,146,151
9616,CuraÃao,531,Melanesia,928,0,0,0,0,0,0,0,0,0,0,0,0,0,0,0,0,0,0,0,0,0
9617,CuraÃao,531,Micronesia,954,0,0,0,0,0,0,0,0,0,0,0,0,0,0,0,0,0,0,0,0,0
9618,CuraÃao,531,Polynesia,957,0,0,0,0,0,0,0,0,0,0,0,0,0,0,0,0,0,0,0,0,0
9619,CuraÃao,531,AntiguaandBarbuda,28,0,0,0,0,51,54,62,0,0,0,0,12,13,17,0,0,0,0,39,41,45
9620,CuraÃao,531,Argentina,32,0,0,0,0,21,21,24,0,0,0,0,7,7,9,0,0,0,0,14,14,15
9621,CuraÃao,531,Bahamas,44,0,0,0,0,76,81,94,0,0,0,0,37,40,49,0,0,0,0,39,41,45
9622,CuraÃao,531,Barbados,52,0,0,0,0,177,191,222,0,0,0,0,31,34,44,0,0,0,0,146,157,178
9623,CuraÃao,531,Belgium,56,0,0,0,0,85,91,104,0,0,0,0,38,42,49,0,0,0,0,47,49,55
9624,CuraÃao,531,BritishVirginIslands,92,0,0,0,0,93,99,115,0,0,0,0,15,16,21,0,0,0,0,78,83,94
9625,CuraÃao,531,Canada,124,0,0,0,0,84,90,103,0,0,0,0,54,59,69,0,0,0,0,30,31,34
9626,CuraÃao,531,China,156,0,0,0,0,451,489,569,0,0,0,0,213,232,277,0,0,0,0,238,257,292
9627,CuraÃao,531,Colombia,170,0,0,0,0,4415,4797,5058,0,0,0,0,1513,1650,1737,0,0,0,0,2902,3147,3321
9628,CuraÃao,531,Cuba,192,0,0,0,0,216,233,271,0,0,0,0,103,112,134,0,0,0,0,113,121,137
9629,CuraÃao,531,Dominica,212,0,0,0,0,100,107,124,0,0,0,0,17,19,25,0,0,0,0,83,88,99
9630,CuraÃao,531,DominicanRepublic,214,0,0,0,0,5260,5715,6665,0,0,0,0,1242,1357,1702,0,0,0,0,4018,4358,4963
9631,CuraÃao,531,Germany,276,0,0,0,0,116,124,143,0,0,0,0,59,64,75,0,0,0,0,57,60,68
9632,CuraÃao,531,Grenada,308,0,0,0,0,3,2,2,0,0,0,0,1,1,1,0,0,0,0,2,1,1
9633,CuraÃao,531,Guadeloupe,312,0,0,0,0,88,94,109,0,0,0,0,38,41,49,0,0,0,0,50,53,60
9634,CuraÃao,531,Guyana,328,0,0,0,0,423,458,533,0,0,0,0,178,194,234,0,0,0,0,245,264,299
9635,CuraÃao,531,Haiti,332,0,0,0,0,1812,1968,2295,0,0,0,0,992,1080,1284,0,0,0,0,820,888,1011
9636,CuraÃao,531,China,156,344,0,0,0,0,104,111,129,0,0,0,0,67,72,85,0,0,0,0,37,39
9637,CuraÃao,531,India,356,0,0,0,0,588,637,742,0,0,0,0,362,393,465,0,0,0,0,226,244,277
9638,CuraÃao,531,Indonesia,360,0,0,0,0,169,182,211,0,0,0,0,81,88,104,0,0,0,0,88,94,107
9639,CuraÃao,531,Italy,380,0,0,0,0,23,23,27,0,0,0,0,16,17,21,0,0,0,0,7,6,6
9640,CuraÃao,531,Jamaica,388,0,0,0,0,1198,1300,1516,0,0,0,0,348,379,467,0,0,0,0,850,921,1049
9641,CuraÃao,531,Japan,392,0,0,0,0,121,130,151,0,0,0,0,56,61,73,0,0,0,0,65,69,78
9642,CuraÃao,531,Lebanon,422,0,0,0,0,233,252,293,0,0,0,0,153,167,197,0,0,0,0,80,85,96
9643,CuraÃao,531,Martinique,474,0,0,0,0,30,31,35,0,0,0,0,12,13,16,0,0,0,0,18,18,19
9644,CuraÃao,531,Mexico,484,0,0,0,0,13,13,15,0,0,0,0,3,4,6,0,0,0,0,10,9,9
9645,CuraÃao,531,Netherlands,528,0,0,0,0,8746,9504,10562,0,0,0,0,4427,4819,5473,0,0,0,0,4319,4685,5089
9646,CuraÃao,531,Aruba,533,0,0,0,0,1573,1708,1992,0,0,0,0,581,633,769,0,0,0,0,992,1075,1223
9647,CuraÃao,531,SintMaartenDutchpart,534,0,0,0,0,461,499,581,0,0,0,0,198,215,258,0,0,0,0,263,284,323
9648,CuraÃao,531,Bonaire,16,535,0,0,0,0,2149,2334,2722,0,0,0,0,875,953,1149,0,0,0,0,1274,1381
9649,CuraÃao,531,Peru,604,0,0,0,0,98,105,122,0,0,0,0,42,46,55,0,0,0,0,56,59,67
9650,CuraÃao,531,Portugal,620,0,0,0,0,847,919,1070,0,0,0,0,412,449,535,0,0,0,0,435,470,535
9651,CuraÃao,531,PuertoRico,630,0,0,0,0,15,15,17,0,0,0,0,3,4,6,0,0,0,0,12,11,11
9652,CuraÃao,531,SaintKittsandNevis,659,0,0,0,0,168,181,210,0,0,0,0,38,42,52,0,0,0,0,130,139,158
9653,CuraÃao,531,Anguilla,660,0,0,0,0,40,42,47,0,0,0,0,10,11,13,0,0,0,0,30,31,34
9654,CuraÃao,531,SaintVincentandtheGrenadines,670,0,0,0,0,269,291,339,0,0,0,0,45,50,66,0,0,0,0,224,241,273
9655,CuraÃao,531,Spain,724,0,0,0,0,20,20,22,0,0,0,0,7,7,7,0,0,0,0,13,13,15
9656,CuraÃao,531,Suriname,740,0,0,0,0,1723,1871,2180,0,0,0,0,746,813,975,0,0,0,0,977,1058,1205
9657,CuraÃao,531,TrinidadandTobago,780,0,0,0,0,90,96,112,0,0,0,0,39,42,51,0,0,0,0,51,54,61
9658,CuraÃao,531,UnitedKingdom,826,0,0,0,0,24,24,27,0,0,0,0,9,9,10,0,0,0,0,15,15,17
9659,CuraÃao,531,UnitedStatesofAmerica,840,0,0,0,0,305,330,384,0,0,0,0,158,172,205,0,0,0,0,147,158,179
9660,CuraÃao,531,UnitedStatesVirginIslands,850,0,0,0,0,27,28,32,0,0,0,0,7,8,10,0,0,0,0,20,20,22
9661,CuraÃao,531,VenezuelaBolivarianRepublicof,862,0,0,0,0,1646,1787,16500,0,0,0,0,689,750,7763,0,0,0,0,957,1037,8737
9662,Dominica,212,Melanesia,928,0,0,0,0,0,0,0,0,0,0,0,0,0,0,0,0,0,0,0,0,0
9663,Dominica,212,Micronesia,954,0,0,0,0,0,0,0,0,0,0,0,0,0,0,0,0,0,0,0,0,0
9664,Dominica,212,Polynesia,957,0,0,0,0,0,0,0,0,0,0,0,0,0,0,0,0,0,0,0,0,0
9665,Dominica,212,AntiguaandBarbuda,28,184,243,290,357,379,442,451,97,128,155,189,182,212,218,87,115,135,168,197,230,233
9666,Dominica,212,Australia,36,3,4,5,5,6,7,6,1,1,1,1,2,2,2,2,3,4,4,4,5,4
9667,Dominica,212,Bahamas,44,5,6,7,8,10,12,11,2,2,2,3,4,5,5,3,4,5,5,6,7,6
9668,Dominica,212,Barbados,52,61,80,95,117,143,167,169,33,43,51,63,78,91,93,28,37,44,54,65,76,76
9669,Dominica,212,BritishVirginIslands,92,31,41,49,60,73,85,85,15,20,24,30,36,42,43,16,21,25,30,37,43,42
9670,Dominica,212,Canada,124,67,88,105,129,158,184,186,34,44,53,65,81,94,96,33,44,52,64,77,90,90
9671,Dominica,212,China,156,14,19,23,27,33,38,37,9,13,16,19,22,25,25,5,6,7,8,11,13,12
9672,Dominica,212,Cuba,192,5,6,7,8,10,12,11,0,0,0,0,2,3,3,5,6,7,8,8,9,8
9673,Dominica,212,France,250,29,38,45,56,69,80,80,19,25,30,38,46,53,54,10,13,15,18,23,27,26
9674,Dominica,212,FrenchGuiana,254,8,11,13,16,20,23,22,1,2,2,3,5,6,6,7,9,11,13,15,17,16
9675,Dominica,212,Germany,276,11,14,17,21,26,30,29,4,5,6,8,11,13,13,7,9,11,13,15,17,16
9676,Dominica,212,Guadeloupe,312,14,19,23,27,33,38,37,5,7,9,10,11,12,12,9,12,14,17,22,26,25
9677,Dominica,212,Guyana,328,69,91,108,133,163,190,193,38,50,60,73,90,105,108,31,41,48,60,73,85,85
9678,Dominica,212,Haiti,332,561,732,873,1071,3071,2453,2537,274,357,432,525,1536,1227,1252,287,375,441,546,1535,1226,1285
9679,Dominica,212,India,356,10,13,15,19,24,28,27,6,8,9,12,14,16,16,4,5,6,7,10,12,11
9680,Dominica,212,Jamaica,388,47,62,74,91,111,129,130,16,21,26,31,38,44,45,31,41,48,60,73,85,85
9681,Dominica,212,Lebanon,422,12,16,19,23,29,34,33,9,12,14,18,23,27,27,3,4,5,5,6,7,6
9682,Dominica,212,Martinique,474,52,69,82,101,123,143,145,36,48,57,71,86,100,103,16,21,25,30,37,43,42
9683,Dominica,212,Montserrat,500,59,78,93,114,139,162,164,31,41,49,60,74,86,88,28,37,44,54,65,76,76
9684,Dominica,212,Netherlands,528,4,5,6,7,9,10,9,2,2,2,3,5,5,5,2,3,4,4,4,5,4
9685,Dominica,212,Aruba,533,17,22,26,32,40,47,46,6,7,8,11,14,17,17,11,15,18,21,26,30,29
9686,Dominica,212,Nigeria,566,18,24,29,35,43,50,50,7,9,11,14,17,20,21,11,15,18,21,26,30,29
9687,Dominica,212,PuertoRico,630,6,8,10,12,14,16,15,5,7,9,11,13,15,15,1,1,1,1,1,1,0
9688,Dominica,212,SaintKittsandNevis,659,23,30,36,44,54,63,63,9,12,15,18,22,26,27,14,18,21,26,32,37,36
9689,Dominica,212,Anguilla,660,7,9,11,13,16,19,18,5,6,7,9,12,14,14,2,3,4,4,4,5,4
9690,Dominica,212,SaintLucia,662,102,135,161,198,241,281,286,51,67,81,99,122,142,146,51,68,80,99,119,139,140
9691,Dominica,212,SaintVincentandtheGrenadines,670,45,60,72,88,107,125,126,25,34,41,50,60,70,71,20,26,31,38,47,55,55
9692,Dominica,212,Suriname,740,7,9,11,13,16,19,18,4,5,6,8,10,12,12,3,4,5,5,6,7,6
9693,Dominica,212,SyrianArabRepublic,760,6,8,10,12,14,16,15,4,5,6,8,10,11,11,2,3,4,4,4,5,4
9694,Dominica,212,TrinidadandTobago,780,111,147,175,215,262,306,312,65,86,103,127,156,183,188,46,61,72,88,106,123,124
9695,Dominica,212,UnitedKingdom,826,230,304,362,446,543,633,647,118,156,188,230,282,329,337,112,148,174,216,261,304,310
9696,Dominica,212,UnitedStatesofAmerica,840,226,299,356,439,534,623,637,137,182,218,268,328,383,393,89,117,138,171,206,240,244
9697,Dominica,212,VenezuelaBolivarianRepublicof,862,11,14,17,21,26,30,29,2,2,3,4,4,4,4,9,12,14,17,22,26,25
9698,DominicanRepublic,214,Melanesia,928,0,0,0,0,0,0,0,0,0,0,0,0,0,0,0,0,0,0,0,0,0
9699,DominicanRepublic,214,Micronesia,954,0,0,0,0,0,0,0,0,0,0,0,0,0,0,0,0,0,0,0,0,0
9700,DominicanRepublic,214,Polynesia,957,21,24,26,23,21,19,19,9,10,10,9,7,7,7,12,14,16,14,14,12,12
9701,DominicanRepublic,214,AntiguaandBarbuda,28,266,296,325,248,171,179,186,134,146,157,124,90,95,99,132,150,168,124,81,84,87
9702,DominicanRepublic,214,Argentina,32,2642,2935,3227,2126,1020,1071,1116,1546,1687,1828,1201,572,600,625,1096,1248,1399,925,448,471,491
9703,DominicanRepublic,214,Australia,36,67,75,82,60,39,40,41,47,52,56,41,26,28,28,20,23,26,19,13,12,13
9704,DominicanRepublic,214,Austria,40,965,1072,1179,689,198,207,214,810,895,981,554,126,133,138,155,177,198,135,72,74,76
9705,DominicanRepublic,214,Bahamas,44,91,101,111,74,38,39,40,39,42,45,36,28,30,31,52,59,66,38,10,9,9
9706,DominicanRepublic,214,Bahrain,48,21,24,26,23,21,21,21,18,20,22,19,17,18,18,3,4,4,4,4,3,3
9707,DominicanRepublic,214,Belgium,56,490,544,598,422,245,256,266,303,331,360,255,150,157,164,187,213,238,167,95,99,102
9708,DominicanRepublic,214,Bermuda,60,9,10,11,13,16,15,15,9,10,11,12,13,13,13,0,0,0,1,3,2,2
9709,DominicanRepublic,214,Bhutan,64,9,10,11,10,9,8,8,9,10,11,10,9,8,8,0,0,0,0,0,0,0
9710,DominicanRepublic,214,BoliviaPlurinationalStateof,68,363,403,443,304,163,170,176,194,211,228,163,96,101,105,169,192,215,141,67,69,71
9711,DominicanRepublic,214,BosniaandHerzegovina,70,6,7,7,6,6,5,5,6,7,7,6,6,5,5,0,0,0,0,0,0,0
9712,DominicanRepublic,214,Brazil,76,950,1055,1160,888,614,644,671,442,477,512,408,304,319,333,508,578,648,480,310,325,338
9713,DominicanRepublic,214,BritishVirginIslands,92,12,14,15,43,72,74,76,9,10,11,24,37,39,39,3,4,4,19,35,35,37
9714,DominicanRepublic,214,Bulgaria,100,357,397,436,254,71,73,76,205,224,242,142,41,43,45,152,173,194,112,30,30,31
9715,DominicanRepublic,214,Burundi,108,3,4,4,4,4,3,3,0,0,0,0,0,0,0,3,4,4,4,4,3,3
9716,DominicanRepublic,214,Cambodia,116,118,131,144,130,116,121,126,63,68,74,67,59,62,65,55,63,70,63,57,59,61
9717,DominicanRepublic,214,Cameroon,120,3,4,4,13,23,23,23,3,4,4,7,11,12,12,0,0,0,6,12,11,11
9718,DominicanRepublic,214,Canada,124,3562,3957,4351,2757,1158,1215,1267,1794,1945,2096,1374,650,682,711,1768,2012,2255,1383,508,533,556
9719,DominicanRepublic,214,CaboVerde,132,3,4,4,4,4,3,3,0,0,0,0,0,0,0,3,4,4,4,4,3,3
9720,DominicanRepublic,214,CentralAfricanRepublic,140,6,7,7,68,129,135,140,0,0,0,41,81,86,90,6,7,7,27,48,49,50
9721,DominicanRepublic,214,Chad,148,3,4,4,4,4,3,3,3,4,4,4,4,3,3,0,0,0,0,0,0,0
9722,DominicanRepublic,214,Chile,152,1891,2101,2310,1458,603,633,661,1237,1357,1476,906,335,353,369,654,744,834,552,268,280,292
9723,DominicanRepublic,214,China,156,3613,4013,4413,2916,1413,3776,3942,2061,2247,2434,1615,793,2448,2554,1552,1766,1979,1301,620,1328,1388
9724,DominicanRepublic,214,Colombia,170,4697,5217,5737,4586,3432,2838,2962,2450,2661,2872,2306,1739,1446,1507,2247,2556,2865,2280,1693,1392,1455
9725,DominicanRepublic,214,CookIslands,184,9,10,11,10,9,8,8,3,3,3,3,2,2,2,6,7,8,7,7,6,6
9726,DominicanRepublic,214,CostaRica,188,1552,1724,1896,1096,293,307,320,628,673,718,438,156,164,171,924,1051,1178,658,137,143,149
9727,DominicanRepublic,214,Cuba,192,6824,7580,8335,5999,3656,3259,3402,3900,4253,4606,3317,2025,1903,1984,2924,3327,3729,2682,1631,1356,1418
9728,DominicanRepublic,214,Czechia,203,12,14,15,22,29,29,29,6,7,7,11,15,16,16,6,7,8,11,14,13,13
9729,DominicanRepublic,214,Denmark,208,70,78,85,55,25,25,25,59,65,71,43,15,16,16,11,13,14,12,10,9,9
9730,DominicanRepublic,214,Dominica,212,24,27,29,22,15,14,14,18,20,21,14,6,6,6,6,7,8,8,9,8,8
9731,DominicanRepublic,214,Ecuador,218,950,1055,1160,858,554,581,605,439,473,507,396,284,298,310,511,582,653,462,270,283,295
9732,DominicanRepublic,214,ElSalvador,222,366,407,447,351,255,267,278,191,208,224,172,121,127,132,175,199,223,179,134,140,146
9733,DominicanRepublic,214,Finland,246,45,50,55,41,27,27,27,31,34,37,24,10,11,11,14,16,18,17,17,16,16
9734,DominicanRepublic,214,France,250,2524,2804,3083,2515,1945,3731,3894,1571,1720,1868,1524,1179,2622,2734,953,1084,1215,991,766,1109,1160
9735,DominicanRepublic,214,StateofPalestine,275,188,209,230,124,19,18,18,93,101,109,60,11,11,11,95,108,121,64,8,7,7
9736,DominicanRepublic,214,Germany,276,5084,5647,6209,3899,1582,1857,1938,3081,3368,3655,2355,1052,1170,1221,2003,2279,2554,1544,530,687,717
9737,DominicanRepublic,214,Greece,300,94,105,115,88,61,63,65,62,68,74,59,43,46,48,32,37,41,29,18,17,17
9738,DominicanRepublic,214,Guadeloupe,312,97,108,118,86,54,55,57,68,75,81,56,31,32,34,29,33,37,30,23,23,23
9739,DominicanRepublic,214,Guatemala,320,475,528,580,495,408,428,446,337,371,404,313,220,231,241,138,157,176,182,188,197,205
9740,DominicanRepublic,214,Guyana,328,45,50,55,39,23,23,23,31,34,37,27,16,17,17,14,16,18,12,7,6,6
9741,DominicanRepublic,214,Haiti,332,187210,207931,228652,270852,313363,475084,496112,122793,134652,146511,170260,194191,310466,323796,64417,73279,82141,100592,119172,164618,172316
9742,DominicanRepublic,214,Honduras,340,433,481,529,467,404,424,442,226,245,265,230,194,204,213,207,236,264,237,210,220,229
9743,DominicanRepublic,214,Hungary,348,51,57,62,41,21,21,21,31,34,36,25,14,15,15,20,23,26,16,7,6,6
9744,DominicanRepublic,214,India,356,287,319,351,221,91,94,97,161,175,190,129,67,70,72,126,144,161,92,24,24,25
9745,DominicanRepublic,214,IranIslamicRepublicof,364,70,78,85,57,30,30,31,64,71,77,50,23,24,25,6,7,8,7,7,6,6
9746,DominicanRepublic,214,Iraq,368,6,7,7,17,27,27,27,6,7,7,13,18,19,19,0,0,0,4,9,8,8
9747,DominicanRepublic,214,Ireland,372,51,57,62,47,32,32,33,28,31,33,26,19,20,20,23,26,29,21,13,12,13
9748,DominicanRepublic,214,Israel,376,185,206,226,143,59,61,63,148,164,179,111,41,44,46,37,42,47,32,18,17,17
9749,DominicanRepublic,214,Italy,380,6960,7731,8501,6061,3612,4192,4375,4969,5466,5962,4270,2573,3120,3255,1991,2265,2539,1791,1039,1072,1120
9750,DominicanRepublic,214,Jamaica,388,421,468,514,321,127,132,137,283,311,338,216,92,97,100,138,157,176,105,35,35,37
9751,DominicanRepublic,214,Japan,392,1256,1395,1534,933,329,345,359,691,752,814,490,166,174,182,565,643,720,443,163,171,177
9752,DominicanRepublic,214,Kazakhstan,398,3,4,4,7,11,10,10,3,4,4,4,5,5,5,0,0,0,3,6,5,5
9753,DominicanRepublic,214,RepublicofKorea,410,548,609,669,604,538,564,587,321,351,380,343,305,321,333,227,258,289,261,233,243,254
9754,DominicanRepublic,214,Lebanon,422,717,797,876,511,143,149,154,450,493,536,317,96,101,104,267,304,340,194,47,48,50
9755,DominicanRepublic,214,Malaysia,458,36,40,44,31,18,17,17,7,7,7,7,7,7,7,29,33,37,24,11,10,10
9756,DominicanRepublic,214,Malta,470,33,37,40,32,25,25,25,13,14,14,13,13,14,14,20,23,26,19,12,11,11
9757,DominicanRepublic,214,Martinique,474,51,57,62,47,32,32,33,19,20,21,22,22,23,24,32,37,41,25,10,9,9
9758,DominicanRepublic,214,Mexico,484,1737,1930,2122,1775,1426,1497,1563,773,833,893,819,743,780,815,964,1097,1229,956,683,717,748
9759,DominicanRepublic,214,RepublicofMoldova,498,6,7,7,9,12,11,11,3,3,3,4,5,5,5,3,4,4,5,7,6,6
9760,DominicanRepublic,214,Morocco,504,21,24,26,29,33,33,34,12,14,15,19,24,25,26,9,10,11,10,9,8,8
9761,DominicanRepublic,214,Netherlands,528,578,642,706,636,565,593,617,412,452,492,429,366,384,400,166,190,214,207,199,209,217
9762,DominicanRepublic,214,Aruba,533,330,367,403,278,153,160,167,172,187,202,148,93,98,103,158,180,201,130,60,62,64
9763,DominicanRepublic,214,Nicaragua,558,415,461,507,393,279,292,303,208,224,241,181,121,127,131,207,237,266,212,158,165,172
9764,DominicanRepublic,214,Nigeria,566,42,47,51,38,25,25,25,33,37,40,30,19,20,20,9,10,11,8,6,5,5
9765,DominicanRepublic,214,Norway,578,67,75,82,67,53,54,56,44,49,53,41,30,31,33,23,26,29,26,23,23,23
9766,DominicanRepublic,214,Pakistan,586,166,185,203,139,76,79,81,140,155,170,113,56,59,61,26,30,33,26,20,20,20
9767,DominicanRepublic,214,Panama,591,699,777,854,787,721,756,789,398,434,470,422,375,393,410,301,343,384,365,346,363,379
9768,DominicanRepublic,214,Paraguay,600,61,68,75,50,25,25,25,41,45,49,31,13,14,14,20,23,26,19,12,11,11
9769,DominicanRepublic,214,Peru,604,1991,2212,2432,1897,1360,1428,1489,1202,1314,1426,1128,828,870,906,789,898,1006,769,532,558,583
9770,DominicanRepublic,214,Philippines,608,115,128,140,94,49,50,51,72,79,85,55,25,26,26,43,49,55,39,24,24,25
9771,DominicanRepublic,214,Poland,616,475,528,580,312,43,44,45,70,67,64,46,28,30,31,405,461,516,266,15,14,14
9772,DominicanRepublic,214,Portugal,620,160,178,195,149,102,106,110,111,122,133,98,61,64,67,49,56,62,51,41,42,43
9773,DominicanRepublic,214,PuertoRico,630,8767,9738,10708,8253,5789,4578,4780,4118,4449,4780,3952,3121,2552,2662,4649,5289,5928,4301,2668,2026,2118
9774,DominicanRepublic,214,Romania,642,30,34,37,39,42,43,44,16,18,19,18,18,19,19,14,16,18,21,24,24,25
9775,DominicanRepublic,214,RussianFederation,643,287,319,351,405,460,482,503,115,123,132,160,189,198,207,172,196,219,245,271,284,296
9776,DominicanRepublic,214,SaintHelena,654,94,105,115,104,93,97,100,48,52,56,51,45,48,50,46,53,59,53,48,49,50
9777,DominicanRepublic,214,SaintKittsandNevis,659,76,85,93,112,131,137,142,56,62,67,73,78,83,87,20,23,26,39,53,54,55
9778,DominicanRepublic,214,Anguilla,660,139,155,170,101,33,33,34,82,90,97,58,20,21,21,57,65,73,43,13,12,13
9779,DominicanRepublic,214,SaintPierreandMiquelon,666,38,43,48,55,62,64,66,22,25,28,32,36,38,40,16,18,20,23,26,26,26
9780,DominicanRepublic,214,SaudiArabia,682,24,27,29,23,18,17,17,24,27,29,21,14,14,14,0,0,0,2,4,3,3
9781,DominicanRepublic,214,Serbia,688,180,200,220,145,70,72,75,110,120,131,81,31,32,34,70,80,89,64,39,40,41
9782,DominicanRepublic,214,SouthAfrica,710,242,269,296,154,11,10,10,144,157,171,88,3,3,3,98,112,125,66,8,7,7
9783,DominicanRepublic,214,Spain,724,7354,8168,8982,7852,6721,6967,7272,4743,5198,5653,4876,4100,4349,4534,2611,2970,3329,2976,2621,2618,2738
9784,DominicanRepublic,214,Suriname,740,103,115,126,76,27,27,27,37,40,42,29,16,17,17,66,75,84,47,11,10,10
9785,DominicanRepublic,214,Sweden,752,369,410,451,261,71,73,76,85,87,89,65,41,43,45,284,323,362,196,30,30,31
9786,DominicanRepublic,214,Switzerland,756,2140,2377,2614,1806,995,1044,1088,1382,1514,1647,1153,657,690,719,758,863,967,653,338,354,369
9787,DominicanRepublic,214,SyrianArabRepublic,760,76,85,93,59,25,25,25,44,48,52,34,15,16,16,32,37,41,25,10,9,9
9788,DominicanRepublic,214,TrinidadandTobago,780,100,111,122,72,23,23,23,54,58,63,38,13,14,14,46,53,59,34,10,9,9
9789,DominicanRepublic,214,Turkey,792,73,81,89,59,30,30,31,39,42,46,33,20,21,22,34,39,43,26,10,9,9
9790,DominicanRepublic,214,TurksandCaicosIslands,796,3,4,4,19,34,34,35,3,4,4,9,14,14,15,0,0,0,10,20,20,20
9791,DominicanRepublic,214,Ukraine,804,121,135,148,110,73,75,77,49,53,56,40,24,25,26,72,82,92,70,49,50,51
9792,DominicanRepublic,214,NorthMacedonia,807,6,7,7,16,26,26,26,6,7,7,11,15,16,16,0,0,0,5,11,10,10
9793,DominicanRepublic,214,UnitedKingdom,826,581,646,710,586,460,482,503,380,417,454,350,245,256,268,201,229,256,236,215,226,235
9794,DominicanRepublic,214,UnitedStatesofAmerica,840,9115,10124,11133,17831,24567,14010,14626,4980,5420,5860,9347,12854,7373,7684,4135,4704,5273,8484,11713,6637,6942
9795,DominicanRepublic,214,UnitedStatesVirginIslands,850,472,524,576,328,79,82,84,297,325,353,199,43,46,46,175,199,223,129,36,36,38
9796,DominicanRepublic,214,Uruguay,858,1625,1805,1985,1082,174,182,189,667,715,763,427,88,93,98,958,1090,1222,655,86,89,91
9797,DominicanRepublic,214,VenezuelaBolivarianRepublicof,862,14235,15811,17386,11282,5155,3561,34063,7698,8374,9050,5810,2558,1695,15722,6537,7437,8336,5472,2597,1866,18341
9798,DominicanRepublic,214,WallisandFutunaIslands,876,12,14,15,13,12,11,11,6,7,7,6,5,5,5,6,7,8,7,7,6,6
9799,Grenada,308,Melanesia,928,0,0,0,0,0,0,0,0,0,0,0,0,0,0,0,0,0,0,0,0,0
9800,Grenada,308,Micronesia,954,0,0,0,0,0,0,0,0,0,0,0,0,0,0,0,0,0,0,0,0,0
9801,Grenada,308,Polynesia,957,0,0,0,0,0,0,0,0,0,0,0,0,0,0,0,0,0,0,0,0,0
9802,Grenada,308,AntiguaandBarbuda,28,22,28,35,36,38,38,39,11,14,17,18,19,19,18,11,14,18,18,19,19,21
9803,Grenada,308,Bahamas,44,17,22,27,28,30,30,30,8,11,13,14,15,15,14,9,11,14,14,15,15,16
9804,Grenada,308,Barbados,52,101,131,161,168,176,178,180,50,65,80,84,88,89,83,51,66,81,84,88,89,97
9805,Grenada,308,BritishVirginIslands,92,8,10,13,13,14,14,14,4,5,7,7,7,7,6,4,5,6,6,7,7,8
9806,Grenada,308,Canada,124,85,145,205,215,225,227,225,42,89,136,143,150,152,143,43,56,69,72,75,75,82
9807,Grenada,308,Dominica,212,42,54,67,70,74,74,74,21,27,33,35,37,37,34,21,27,34,35,37,37,40
9808,Grenada,308,Guyana,328,324,316,308,322,337,341,365,160,104,47,49,52,53,50,164,212,261,273,285,288,315
9809,Grenada,308,Jamaica,388,65,85,105,109,114,115,117,32,42,52,54,56,57,54,33,43,53,55,58,58,63
9810,Grenada,308,Montserrat,500,6,7,9,9,10,10,10,3,4,5,5,5,5,5,3,3,4,4,5,5,5
9811,Grenada,308,SaintKittsandNevis,659,9,11,14,14,15,15,15,5,6,8,8,8,8,7,4,5,6,6,7,7,8
9812,Grenada,308,SaintLucia,662,92,119,147,154,162,163,165,45,59,73,77,81,81,76,47,60,74,77,81,82,89
9813,Grenada,308,SaintVincentandtheGrenadines,670,325,333,341,357,373,377,398,161,120,78,83,87,88,82,164,213,263,274,286,289,316
9814,Grenada,308,TrinidadandTobago,780,1647,1813,1980,2075,2170,2196,2291,813,731,649,685,720,728,681,834,1082,1331,1390,1450,1468,1610
9815,Grenada,308,UnitedStatesVirginIslands,850,7,321,635,665,696,704,658,4,317,630,660,691,699,653,3,4,5,5,5,5,5
9816,Grenada,308,VenezuelaBolivarianRepublicof,862,43,175,308,322,337,341,324,21,147,274,287,300,304,284,22,28,34,35,37,37,40
9817,Guadeloupe,312,Melanesia,928,0,0,0,0,0,0,0,0,0,0,0,0,0,0,0,0,0,0,0,0,0
9818,Guadeloupe,312,Micronesia,954,0,0,0,0,0,0,0,0,0,0,0,0,0,0,0,0,0,0,0,0,0
9819,Guadeloupe,312,Polynesia,957,0,0,0,0,0,0,0,0,0,0,0,0,0,0,0,0,0,0,0,0,0
9820,Guadeloupe,312,Algeria,12,74,99,124,137,150,144,142,36,47,58,63,69,63,62,38,52,66,74,81,81,80
9821,Guadeloupe,312,Belgium,56,186,248,310,378,446,428,424,90,117,144,189,234,214,211,96,131,166,189,212,214,213
9822,Guadeloupe,312,Brazil,76,35,39,42,52,61,59,58,12,16,19,24,28,25,25,23,23,23,28,33,34,33
9823,Guadeloupe,312,Canada,124,197,263,329,404,478,458,452,95,124,153,186,218,198,193,102,139,176,218,260,260,259
9824,Guadeloupe,312,Dominica,212,5560,5604,5648,4932,4215,4037,3997,2025,2325,2626,2095,1563,1397,1361,3535,3279,3022,2837,2652,2640,2636
9825,Guadeloupe,312,DominicanRepublic,214,3440,2517,1593,1253,913,874,864,1655,1092,529,428,328,292,284,1785,1425,1064,825,585,582,580
9826,Guadeloupe,312,France,250,31775,40430,49084,51403,53722,51467,50960,15930,20010,24090,24284,24478,22149,21664,15845,20420,24994,27119,29244,29318,29296
9827,Guadeloupe,312,FrenchGuiana,254,732,881,1030,1089,1148,1099,1088,352,399,447,482,518,468,458,380,482,583,607,630,631,630
9828,Guadeloupe,312,Germany,276,125,167,209,256,303,290,287,60,81,103,120,138,124,122,65,86,106,136,165,166,165
9829,Guadeloupe,312,Guyana,328,56,91,125,153,181,174,170,31,49,66,74,82,74,72,25,42,59,79,99,100,98
9830,Guadeloupe,312,Haiti,332,12028,10272,8515,11623,14731,14113,13973,6776,5528,4280,5600,6920,6273,6139,5252,4744,4235,6023,7811,7840,7834
9831,Guadeloupe,312,India,356,80,107,133,163,193,184,181,39,51,62,75,88,79,77,41,56,71,88,105,105,104
9832,Guadeloupe,312,Italy,380,143,192,240,294,348,334,330,69,91,112,135,159,144,142,74,101,128,159,189,190,188
9833,Guadeloupe,312,Lebanon,422,121,162,202,224,245,234,231,58,76,94,103,112,101,99,63,86,108,121,133,133,132
9834,Guadeloupe,312,Martinique,474,5803,6985,8167,8636,9104,8722,8635,2793,3167,3542,3741,3939,3554,3473,3010,3818,4625,4895,5165,5168,5162
9835,Guadeloupe,312,Netherlands,528,318,425,531,652,772,739,731,153,200,247,300,352,318,310,165,225,284,352,420,421,421
9836,Guadeloupe,312,Portugal,620,186,248,310,380,450,431,426,90,117,144,174,205,185,181,96,131,166,206,245,246,245
9837,Guadeloupe,312,Reunion,638,244,294,344,364,383,367,363,117,138,160,131,101,89,86,127,156,184,233,282,278,277
9838,Guadeloupe,312,SaintLucia,662,273,274,274,336,398,381,377,138,132,126,154,182,165,162,135,142,148,182,216,216,215
9839,Guadeloupe,312,Suriname,740,3,14,24,30,36,34,33,2,5,8,12,17,15,15,1,9,16,18,19,19,18
9840,Guadeloupe,312,Switzerland,756,89,119,148,182,215,206,203,43,56,69,84,98,88,86,46,63,79,98,117,118,117
9841,Guadeloupe,312,SyrianArabRepublic,760,117,157,196,241,285,273,270,56,74,91,111,130,118,116,61,83,105,130,155,155,154
9842,Guadeloupe,312,UnitedKingdom,826,166,222,277,340,402,385,381,80,105,129,156,183,166,163,86,117,148,184,219,219,218
9843,Guadeloupe,312,UnitedStatesofAmerica,840,197,263,329,404,478,458,452,95,124,153,186,218,198,193,102,139,176,218,260,260,259
9844,Haiti,332,Melanesia,928,0,0,0,0,0,0,0,0,0,0,0,0,0,0,0,0,0,0,0,0,0
9845,Haiti,332,Micronesia,954,0,0,0,0,0,0,0,0,0,0,0,0,0,0,0,0,0,0,0,0,0
9846,Haiti,332,Polynesia,957,0,0,0,0,0,0,0,0,0,0,0,0,0,0,0,0,0,0,0,0,0
9847,Haiti,332,Argentina,32,466,442,419,398,417,437,456,267,253,240,228,239,251,263,199,189,179,170,178,186,193
9848,Haiti,332,Austria,40,170,161,152,144,151,158,164,142,135,128,122,128,134,141,28,26,24,22,23,24,23
9849,Haiti,332,Canada,124,628,596,566,537,563,591,617,307,292,278,264,277,291,304,321,304,288,273,286,300,313
9850,Haiti,332,Chile,152,333,316,300,284,298,312,326,214,203,193,183,192,201,211,119,113,107,101,106,111,115
9851,Haiti,332,China,156,348,330,313,297,311,326,341,201,191,181,172,180,189,199,147,139,132,125,131,137,142
9852,Haiti,332,Colombia,170,828,786,746,708,743,780,815,421,400,380,361,379,398,417,407,386,366,347,364,382,398
9853,Haiti,332,CostaRica,188,274,260,246,233,244,256,267,106,101,95,90,94,99,104,168,159,151,143,150,157,163
9854,Haiti,332,Cuba,192,1203,1142,1084,1029,1080,1133,1185,673,639,607,576,605,635,665,530,503,477,453,475,498,520
9855,Haiti,332,DominicanRepublic,214,2406,2285,2170,2061,2164,2272,2377,1345,1278,1214,1153,1211,1272,1332,1061,1007,956,908,953,1000,1045
9856,Haiti,332,France,250,445,422,400,379,397,416,434,272,258,245,232,243,255,267,173,164,155,147,154,161,167
9857,Haiti,332,Germany,276,896,851,808,767,805,845,883,533,507,482,458,481,505,529,363,344,326,309,324,340,354
9858,Haiti,332,Italy,380,1227,1165,1106,1050,1102,1157,1210,866,823,782,743,780,819,858,361,342,324,307,322,338,352
9859,Haiti,332,Japan,392,221,209,198,188,197,206,215,119,113,107,102,107,112,119,102,96,91,86,90,94,96
9860,Haiti,332,Mexico,484,306,290,275,261,274,287,299,131,124,118,112,118,124,130,175,166,157,149,156,163,169
9861,Haiti,332,Peru,604,351,333,316,300,315,330,345,208,198,188,179,188,197,207,143,135,128,121,127,133,138
9862,Haiti,332,PuertoRico,630,1546,1468,1394,1324,1390,1459,1526,703,668,635,603,633,665,696,843,800,759,721,757,794,830
9863,Haiti,332,Spain,724,1297,1232,1170,1111,1166,1224,1280,824,783,744,707,742,779,816,473,449,426,404,424,445,464
9864,Haiti,332,Switzerland,756,377,358,340,322,338,354,369,240,228,217,206,217,227,237,137,130,123,116,121,127,132
9865,Haiti,332,UnitedStatesofAmerica,840,1607,1526,1449,1376,1444,1516,1586,857,814,773,734,770,809,847,750,712,676,642,674,707,739
9866,Haiti,332,Uruguay,858,286,271,257,244,256,268,279,112,106,101,96,101,106,111,174,165,156,148,155,162,168
9867,Haiti,332,VenezuelaBolivarianRepublicof,862,2510,2384,2264,2150,2257,2369,2488,1325,1259,1196,1136,1193,1252,1307,1185,1125,1068,1014,1064,1117,1181
9868,Jamaica,388,Melanesia,928,0,0,0,0,0,0,0,0,0,0,0,0,0,0,0,0,0,0,0,0,0
9869,Jamaica,388,Micronesia,954,0,0,0,0,0,0,0,0,0,0,0,0,0,0,0,0,0,0,0,0,0
9870,Jamaica,388,Polynesia,957,0,0,0,0,0,0,0,0,0,0,0,0,0,0,0,0,0,0,0,0,0
9871,Jamaica,388,AntiguaandBarbuda,28,120,143,165,161,156,153,154,59,70,80,79,77,76,77,61,73,85,82,79,77,77
9872,Jamaica,388,Bahamas,44,518,616,713,695,677,662,674,255,302,348,341,335,327,333,263,314,365,354,342,335,341
9873,Jamaica,388,Barbados,52,418,497,575,560,545,533,541,205,243,281,275,269,263,268,213,254,294,285,276,270,273
9874,Jamaica,388,Belize,84,6,7,7,7,7,7,7,2,3,3,3,3,3,3,4,4,4,4,4,4,4
9875,Jamaica,388,Canada,124,1140,1277,1414,1378,1342,1313,1338,553,644,735,720,706,691,705,587,633,679,658,636,622,633
9876,Jamaica,388,CostaRica,188,96,101,106,104,101,99,100,40,42,45,45,45,44,45,56,59,61,59,56,55,55
9877,Jamaica,388,Cuba,192,1746,1837,1928,1879,1830,1791,1825,835,891,947,929,911,892,911,911,946,981,950,919,899,914
9878,Jamaica,388,Dominica,212,107,128,148,144,140,137,138,53,63,72,70,69,68,69,54,65,76,74,71,69,69
9879,Jamaica,388,ElSalvador,222,130,137,143,139,135,132,133,55,58,61,60,59,58,59,75,79,82,79,76,74,74
9880,Jamaica,388,Grenada,308,161,192,222,216,210,205,207,79,94,108,105,103,100,101,82,98,114,111,107,105,106
9881,Jamaica,388,Guatemala,320,295,311,326,318,309,302,307,123,132,141,139,136,133,136,172,179,185,179,173,169,171
9882,Jamaica,388,Honduras,340,157,165,173,169,164,160,162,66,70,74,73,71,69,70,91,95,99,96,93,91,92
9883,Jamaica,388,India,356,711,962,1213,1183,1152,1127,1148,398,576,754,738,722,706,720,313,386,459,445,430,421,428
9884,Jamaica,388,Nicaragua,558,121,128,134,130,126,123,124,51,55,58,56,55,54,55,70,73,76,74,71,69,69
9885,Jamaica,388,Panama,591,73,77,80,78,76,74,74,31,33,35,34,34,33,33,42,44,45,44,42,41,41
9886,Jamaica,388,SaintKittsandNevis,659,75,89,103,101,98,96,97,37,43,50,49,48,47,48,38,46,53,52,50,49,49
9887,Jamaica,388,SaintLucia,662,257,305,353,344,335,328,334,127,150,173,169,166,163,167,130,155,180,175,169,165,167
9888,Jamaica,388,SaintVincentandtheGrenadines,670,176,209,242,236,229,224,226,87,102,118,116,113,110,111,89,107,124,120,116,114,115
9889,Jamaica,388,TrinidadandTobago,780,1775,2126,2476,2413,2349,2299,2343,863,1035,1207,1184,1161,1137,1161,912,1091,1269,1229,1188,1162,1182
9890,Jamaica,388,UnitedKingdom,826,5469,5286,5103,4973,4843,4739,4832,2617,2539,2461,2415,2370,2319,2366,2852,2747,2642,2558,2473,2420,2466
9891,Jamaica,388,UnitedStatesofAmerica,840,4575,5615,6668,6493,6329,6193,6349,2266,2823,3384,3321,3256,3186,3257,2309,2792,3284,3172,3073,3007,3092
9892,Martinique,474,Melanesia,928,0,0,0,0,0,0,0,0,0,0,0,0,0,0,0,0,0,0,0,0,0
9893,Martinique,474,Micronesia,954,0,0,0,0,0,0,0,0,0,0,0,0,0,0,0,0,0,0,0,0,0
9894,Martinique,474,Polynesia,957,0,0,0,0,0,0,0,0,0,0,0,0,0,0,0,0,0,0,0,0,0
9895,Martinique,474,Algeria,12,45,68,91,95,99,114,113,22,32,41,42,42,46,46,23,36,50,53,57,68,67
9896,Martinique,474,Belgium,56,58,87,116,121,127,147,145,28,40,52,53,54,60,59,30,47,64,68,73,87,86
9897,Martinique,474,Brazil,76,16,41,67,70,74,85,84,6,16,27,27,28,31,31,10,25,40,43,46,54,53
9898,Martinique,474,China,156,68,103,139,145,151,175,173,33,55,77,79,81,92,91,35,48,62,66,70,83,82
9899,Martinique,474,Dominica,212,184,279,374,391,408,473,469,89,130,170,173,175,195,194,95,149,204,218,233,278,275
9900,Martinique,474,DominicanRepublic,214,16,69,122,128,134,155,153,3,30,56,57,58,65,64,13,39,66,71,76,90,89
9901,Martinique,474,France,250,29695,35638,41569,43513,45448,52770,52350,15034,17511,19986,20365,20742,23236,23052,14661,18127,21583,23148,24706,29534,29298
9902,Martinique,474,FrenchGuiana,254,1101,1348,1596,1670,1744,2025,2008,409,498,587,588,588,644,639,692,850,1009,1082,1156,1381,1369
9903,Martinique,474,Guadeloupe,312,3327,4074,4821,5045,5270,6119,6070,1192,1449,1705,1703,1702,1854,1840,2135,2625,3116,3342,3568,4265,4230
9904,Martinique,474,Haiti,332,1109,1335,1562,1634,1707,1982,1966,631,805,979,1009,1039,1184,1175,478,530,583,625,668,798,791
9905,Martinique,474,Italy,380,37,55,74,77,81,94,93,18,26,35,36,37,42,42,19,29,39,41,44,52,51
9906,Martinique,474,Reunion,638,253,309,366,383,400,464,460,77,93,110,108,106,113,112,176,216,256,275,294,351,348
9907,Martinique,474,SaintLucia,662,989,1390,1792,1876,1960,2275,2256,446,631,817,831,844,941,933,543,759,975,1045,1116,1334,1323
9908,Martinique,474,SyrianArabRepublic,760,68,102,137,143,150,174,172,33,47,62,63,65,73,72,35,55,75,80,85,101,100
9909,Martinique,474,UnitedKingdom,826,67,101,135,141,148,171,169,33,41,48,48,49,53,52,34,60,87,93,99,118,117
9910,Montserrat,500,Melanesia,928,0,0,0,0,0,0,0,0,0,0,0,0,0,0,0,0,0,0,0,0,0
9911,Montserrat,500,Micronesia,954,0,0,0,0,0,0,0,0,0,0,0,0,0,0,0,0,0,0,0,0,0
9912,Montserrat,500,Polynesia,957,0,0,0,0,0,0,0,0,0,0,0,0,0,0,0,0,0,0,0,0,0
9913,Montserrat,500,AntiguaandBarbuda,28,172,138,104,107,110,115,116,82,66,49,51,52,55,56,90,72,55,56,58,60,60
9914,Montserrat,500,Canada,124,56,44,33,34,35,36,35,27,21,16,17,17,18,18,29,23,17,17,18,18,17
9915,Montserrat,500,Dominica,212,412,331,250,257,265,283,306,192,154,116,118,121,127,131,220,177,134,139,144,156,175
9916,Montserrat,500,DominicanRepublic,214,37,29,22,22,23,24,23,25,20,16,16,17,18,18,12,9,6,6,6,6,5
9917,Montserrat,500,Guyana,328,359,288,218,224,230,240,244,209,168,127,130,133,139,143,150,120,91,94,97,101,101
9918,Montserrat,500,SaintKittsandNevis,659,176,141,107,110,113,118,119,75,60,46,47,48,51,52,101,81,61,63,65,67,67
9919,Montserrat,500,SaintVincentandtheGrenadines,670,45,35,26,28,28,29,28,30,24,18,19,19,20,20,15,11,8,9,9,9,8
9920,Montserrat,500,TrinidadandTobago,780,66,52,39,40,42,43,42,39,31,23,24,26,27,27,27,21,16,16,16,16,15
9921,Montserrat,500,UnitedKingdom,826,156,129,94,97,100,104,104,81,65,49,50,51,53,54,75,64,45,47,49,51,50
9922,Montserrat,500,UnitedStatesofAmerica,840,173,138,104,109,115,120,121,91,73,55,57,60,63,65,82,65,49,52,55,57,56
9923,PuertoRico,630,Melanesia,928,0,0,0,0,0,0,0,0,0,0,0,0,0,0,0,0,0,0,0,0,0
9924,PuertoRico,630,Micronesia,954,0,0,0,0,0,0,0,0,0,0,0,0,0,0,0,0,0,0,0,0,0
9925,PuertoRico,630,Polynesia,957,0,0,0,0,0,0,0,0,0,0,0,0,0,0,0,0,0,0,0,0,0
9926,PuertoRico,630,Argentina,32,1234,1245,1259,1402,1369,1180,828,584,591,598,664,642,551,386,650,654,661,738,727,629,442
9927,PuertoRico,630,BoliviaPlurinationalStateof,68,109,115,122,96,58,56,24,52,55,58,46,27,27,12,57,60,64,50,31,29,12
9928,PuertoRico,630,Brazil,76,185,195,207,162,97,95,40,88,93,99,77,45,45,19,97,102,108,85,52,50,21
9929,PuertoRico,630,Canada,124,231,244,259,202,121,119,51,109,116,124,96,56,56,24,122,128,135,106,65,63,27
9930,PuertoRico,630,Chile,152,924,879,837,1007,1052,789,452,438,418,398,477,493,368,210,486,461,439,530,559,421,242
9931,PuertoRico,630,China,156,339,826,1315,1422,1351,1088,1212,161,393,624,673,633,508,564,178,433,691,749,718,580,648
9932,PuertoRico,630,Colombia,170,3399,3601,3813,4482,4589,3788,4039,1610,1707,1809,2120,2151,1767,1877,1789,1894,2004,2362,2438,2021,2162
9933,PuertoRico,630,CostaRica,188,487,531,577,601,551,685,924,231,252,274,285,259,320,430,256,279,303,316,292,365,494
9934,PuertoRico,630,Cuba,192,19579,19293,19054,17039,12882,13321,12637,9510,9266,9042,8077,6039,6214,5871,10069,10027,10012,8962,6843,7107,6766
9935,PuertoRico,630,Dominica,212,2567,2575,2591,2030,1215,1190,513,1216,1221,1229,963,569,556,239,1351,1354,1362,1067,646,634,274
9936,PuertoRico,630,DominicanRepublic,214,37207,49325,61563,66983,63981,57891,46905,16335,22749,29214,31706,29989,27004,21789,20872,26576,32349,35277,33992,30887,25116
9937,PuertoRico,630,Ecuador,218,573,675,780,949,999,851,348,271,320,370,449,468,397,162,302,355,410,500,531,454,186
9938,PuertoRico,630,Egypt,818,69,72,77,60,36,35,14,33,35,37,29,17,16,7,36,37,40,31,19,19,7
9939,PuertoRico,630,ElSalvador,222,519,504,492,970,1327,846,130,246,239,233,458,622,395,61,273,265,259,512,705,451,69
9940,PuertoRico,630,France,250,278,294,311,243,146,143,61,132,140,148,115,68,67,29,146,154,163,128,78,76,32
9941,PuertoRico,630,Germany,276,2231,1662,1097,860,515,504,217,1057,789,521,409,242,236,102,1174,873,576,451,273,268,115
9942,PuertoRico,630,Guatemala,320,487,515,546,563,511,381,331,231,244,259,267,240,178,155,256,271,287,296,271,203,176
9943,PuertoRico,630,Guyana,328,99,104,110,86,52,50,21,47,50,52,41,25,23,10,52,54,58,45,27,27,11
9944,PuertoRico,630,Haiti,332,295,310,327,299,235,160,129,140,147,155,142,110,74,60,155,163,172,157,125,86,69
9945,PuertoRico,630,Honduras,340,435,446,460,338,174,408,531,206,212,219,161,82,190,247,229,234,241,177,92,218,284
9946,PuertoRico,630,India,356,96,101,108,84,51,49,21,45,48,51,40,24,23,10,51,53,57,44,27,26,11
9947,PuertoRico,630,Israel,376,87,91,97,76,46,45,19,41,43,46,37,22,21,9,46,48,51,39,24,24,10
9948,PuertoRico,630,Italy,380,483,448,416,325,195,192,82,229,213,198,154,91,90,39,254,235,218,171,104,102,43
9949,PuertoRico,630,Jamaica,388,84,88,94,73,44,43,18,40,42,45,35,21,20,9,44,46,49,38,23,23,9
9950,PuertoRico,630,Japan,392,163,172,182,142,85,83,35,77,82,86,67,39,39,17,86,90,96,75,46,44,18
9951,PuertoRico,630,Jordan,400,175,185,196,153,92,90,38,83,88,93,73,43,43,19,92,97,103,80,49,47,19
9952,PuertoRico,630,RepublicofKorea,410,72,78,85,102,107,114,4,34,39,43,50,50,54,2,38,39,42,52,57,60,2
9953,PuertoRico,630,Lebanon,422,35,36,39,30,18,18,7,17,18,19,15,8,9,4,18,18,20,15,10,9,3
9954,PuertoRico,630,Mexico,484,1907,2302,2703,3118,3142,2647,1831,903,1092,1283,1476,1473,1235,851,1004,1210,1420,1642,1669,1412,980
9955,PuertoRico,630,Netherlands,528,53,55,59,46,28,27,11,25,26,28,23,14,13,6,28,29,31,23,14,14,5
9956,PuertoRico,630,Nicaragua,558,460,483,509,399,239,234,101,218,229,242,190,112,110,48,242,254,267,209,127,124,53
9957,PuertoRico,630,Panama,591,1873,1661,1454,1104,617,921,589,887,788,690,524,289,430,274,986,873,764,580,328,491,315
9958,PuertoRico,630,Peru,604,703,916,1132,925,603,686,2094,333,435,537,439,283,321,976,370,481,595,486,320,365,1118
9959,PuertoRico,630,Philippines,608,274,289,306,239,143,140,60,130,138,146,114,67,65,28,144,151,160,125,76,75,32
9960,PuertoRico,630,Poland,616,36,37,40,31,19,18,7,17,18,19,15,9,9,4,19,19,21,16,10,9,3
9961,PuertoRico,630,Portugal,620,68,71,76,59,36,35,14,32,34,36,28,17,16,7,36,37,40,31,19,19,7
9962,PuertoRico,630,Spain,724,4542,4168,3806,3281,2344,1816,2604,2151,1976,1807,1556,1099,847,1210,2391,2192,1999,1725,1245,969,1394
9963,PuertoRico,630,Thailand,764,35,36,39,30,18,18,7,17,18,19,15,8,9,4,18,18,20,15,10,9,3
9964,PuertoRico,630,TrinidadandTobago,780,337,357,378,295,176,174,75,160,170,179,140,83,81,35,177,187,199,155,93,93,40
9965,PuertoRico,630,Turkey,792,42,44,47,36,22,21,8,20,22,23,17,10,10,4,22,22,24,19,12,11,4
9966,PuertoRico,630,UnitedKingdom,826,336,356,377,295,176,173,74,159,169,179,141,83,81,35,177,187,198,154,93,92,39
9967,PuertoRico,630,UnitedStatesofAmerica,840,227483,230426,233924,223949,185814,165147,159515,109679,110220,111006,106093,87095,77034,74099,117804,120206,122918,117856,98719,88113,85416
9968,PuertoRico,630,UnitedStatesVirginIslands,850,936,939,945,740,443,433,256,443,446,449,352,208,202,119,493,493,496,388,235,231,137
9969,PuertoRico,630,VenezuelaBolivarianRepublicof,862,1264,1617,1974,2198,2147,2302,994,599,768,937,1040,1006,1074,462,665,849,1037,1158,1141,1228,532
9970,PuertoRico,630,VietNam,704,124,130,138,108,65,64,27,59,62,66,52,31,30,13,65,68,72,56,34,34,14
9971,SaintBarthelemy,652,Melanesia,928,0,0,0,0,0,0,0,0,0,0,0,0,0,0,0,0,0,0,0,0,0
9972,SaintBarthelemy,652,Micronesia,954,0,0,0,0,0,0,0,0,0,0,0,0,0,0,0,0,0,0,0,0,0
9973,SaintBarthelemy,652,Polynesia,957,0,0,0,0,0,0,0,0,0,0,0,0,0,0,0,0,0,0,0,0,0
9974,SaintKittsandNevis,659,Melanesia,928,0,0,0,0,0,0,0,0,0,0,0,0,0,0,0,0,0,0,0,0,0
9975,SaintKittsandNevis,659,Micronesia,954,0,0,0,0,0,0,0,0,0,0,0,0,0,0,0,0,0,0,0,0,0
9976,SaintKittsandNevis,659,Polynesia,957,0,0,0,0,0,0,0,0,0,0,0,0,0,0,0,0,0,0,0,0,0
9977,SaintKittsandNevis,659,AntiguaandBarbuda,28,175,231,319,363,393,404,417,81,109,153,175,191,197,204,94,122,166,188,202,207,213
9978,SaintKittsandNevis,659,Bahamas,44,5,8,11,19,21,24,23,2,4,6,11,13,15,15,3,4,5,8,8,9,8
9979,SaintKittsandNevis,659,Barbados,52,41,56,79,87,94,96,98,17,24,35,39,43,45,47,24,32,44,48,51,51,51
9980,SaintKittsandNevis,659,BritishVirginIslands,92,106,140,193,219,237,243,250,49,66,95,109,119,123,127,57,74,98,110,118,120,123
9981,SaintKittsandNevis,659,Dominica,212,87,115,158,180,195,200,206,45,61,85,96,105,106,110,42,54,73,84,90,94,96
9982,SaintKittsandNevis,659,Grenada,308,24,34,46,52,56,57,58,13,19,26,27,30,31,33,11,15,20,25,26,26,25
9983,SaintKittsandNevis,659,Guyana,328,335,443,612,697,756,777,805,172,230,322,368,401,413,429,163,213,290,329,355,364,376
9984,SaintKittsandNevis,659,Jamaica,388,62,82,116,128,138,141,144,29,39,56,62,68,70,72,33,43,60,66,70,71,72
9985,SaintKittsandNevis,659,Montserrat,500,186,246,339,386,418,430,445,89,120,170,195,210,217,225,97,126,169,191,208,213,220
9986,SaintKittsandNevis,659,SaintLucia,662,46,60,82,93,102,102,104,29,39,54,58,56,57,59,17,21,28,35,46,45,45
9987,SaintKittsandNevis,659,SaintVincentandtheGrenadines,670,74,97,136,152,166,168,173,36,48,69,78,86,88,91,38,49,67,74,80,80,82
9988,SaintKittsandNevis,659,TrinidadandTobago,780,115,152,210,239,259,266,275,69,88,119,136,148,153,158,46,64,91,103,111,113,117
9989,SaintKittsandNevis,659,UnitedStatesVirginIslands,850,265,350,483,550,596,613,634,121,162,227,260,283,292,302,144,188,256,290,313,321,332
9990,SaintLucia,662,Melanesia,928,0,0,0,0,0,0,0,0,0,0,0,0,0,0,0,0,0,0,0,0,0
9991,SaintLucia,662,Micronesia,954,0,0,0,0,0,0,0,0,0,0,0,0,0,0,0,0,0,0,0,0,0
9992,SaintLucia,662,Polynesia,957,0,0,0,0,0,0,0,0,0,0,0,0,0,0,0,0,0,0,0,0,0
9993,SaintLucia,662,AntiguaandBarbuda,28,49,65,90,95,94,90,85,25,33,46,48,47,45,43,24,32,44,47,47,45,42
9994,SaintLucia,662,Australia,36,7,9,13,13,13,12,10,2,3,4,4,4,4,4,5,6,9,9,9,8,6
9995,SaintLucia,662,Austria,40,6,8,11,11,11,10,8,3,4,6,6,6,6,6,3,4,5,5,5,4,2
9996,SaintLucia,662,Bahamas,44,6,7,10,11,12,11,9,4,5,7,8,9,9,9,2,2,3,3,3,2,0
9997,SaintLucia,662,Barbados,52,324,437,600,540,440,421,403,164,223,308,272,218,208,199,160,214,292,268,222,213,204
9998,SaintLucia,662,Belgium,56,5,5,10,10,10,9,7,3,3,6,6,6,6,6,2,2,4,4,4,3,1
9999,SaintLucia,662,Bermuda,60,3,3,5,4,3,2,0,1,1,2,2,2,2,0,2,2,3,2,1,0,0
10000,SaintLucia,662,Brazil,76,5,6,9,9,9,8,6,3,4,6,6,6,6,6,2,2,3,3,3,2,0
10001,SaintLucia,662,Belize,84,1,0,1,1,1,0,0,1,0,1,1,1,0,0,0,0,0,0,0,0,0
10002,SaintLucia,662,BritishVirginIslands,92,2,2,4,6,9,8,6,1,2,3,5,7,7,6,1,0,1,1,2,1,0
10003,SaintLucia,662,Canada,124,107,143,197,247,269,257,245,51,68,95,119,125,119,114,56,75,102,128,144,138,131
10004,SaintLucia,662,CaymanIslands,136,2,2,4,7,11,10,8,1,2,3,6,9,9,8,1,0,1,1,2,1,0
10005,SaintLucia,662,China,156,21,27,38,48,55,52,49,10,13,19,24,27,26,25,11,14,19,24,28,26,24
10006,SaintLucia,662,Cuba,192,10,13,18,54,87,83,79,4,6,8,23,37,36,35,6,7,10,31,50,47,44
10007,SaintLucia,662,Dominica,212,96,129,177,234,273,261,249,49,67,92,121,140,134,129,47,62,85,113,133,127,120
10008,SaintLucia,662,DominicanRepublic,214,20,26,37,40,40,38,35,8,10,15,17,16,16,16,12,16,22,23,24,22,19
10009,SaintLucia,662,Ethiopia,231,2,2,4,3,3,2,0,0,0,1,1,1,1,0,2,2,3,2,2,1,0
10010,SaintLucia,662,France,250,31,41,57,59,57,54,51,21,28,39,41,39,37,36,10,13,18,18,18,17,15
10011,SaintLucia,662,FrenchGuiana,254,127,171,235,199,149,142,135,46,63,87,72,52,50,48,81,108,148,127,97,92,87
10012,SaintLucia,662,Germany,276,31,41,57,57,53,50,47,12,16,22,22,20,19,19,19,25,35,35,33,31,28
10013,SaintLucia,662,Ghana,288,10,13,18,19,19,18,16,6,8,11,12,12,12,12,4,5,7,7,7,6,4
10014,SaintLucia,662,Grenada,308,67,90,124,156,176,168,160,40,54,75,93,104,100,96,27,36,49,63,72,68,64
10015,SaintLucia,662,Guadeloupe,312,19,25,34,32,29,27,25,5,6,8,7,6,6,6,14,19,26,25,23,21,19
10016,SaintLucia,662,Guatemala,320,2,2,4,4,4,3,1,1,2,3,3,3,3,1,1,0,1,1,1,0,0
10017,SaintLucia,662,Guyana,328,821,1108,1522,1994,2274,2185,2111,342,465,647,873,1018,965,930,479,643,875,1121,1256,1220,1181
10018,SaintLucia,662,Haiti,332,15,15,28,28,26,24,22,8,8,15,15,14,13,13,7,7,13,13,12,11,9
10019,SaintLucia,662,India,356,49,65,90,165,228,218,214,30,40,55,99,136,130,125,19,25,35,66,92,88,89
10020,SaintLucia,662,Ireland,372,10,10,19,19,18,17,15,6,5,10,11,10,10,10,4,5,9,8,8,7,5
10021,SaintLucia,662,Italy,380,7,9,13,14,15,14,12,3,4,6,7,7,7,7,4,5,7,7,8,7,5
10022,SaintLucia,662,Jamaica,388,78,105,144,286,407,390,373,31,43,59,110,163,156,150,47,62,85,176,244,234,223
10023,SaintLucia,662,Japan,392,11,14,20,16,11,10,8,2,3,4,3,2,2,2,9,11,16,13,9,8,6
10024,SaintLucia,662,Lebanon,422,4,5,8,4,0,0,0,1,2,3,2,0,0,0,3,3,5,2,0,0,0
10025,SaintLucia,662,Malaysia,458,6,6,11,11,11,10,8,4,3,6,6,6,6,6,2,3,5,5,5,4,2
10026,SaintLucia,662,Martinique,474,198,267,367,345,298,285,272,110,149,206,191,163,156,150,88,118,161,154,135,129,122
10027,SaintLucia,662,Mexico,484,4,5,8,14,19,18,16,0,0,1,2,2,2,2,4,5,7,12,17,16,14
10028,SaintLucia,662,Montserrat,500,14,18,25,29,32,30,27,7,9,12,14,15,15,14,7,9,13,15,17,15,13
10029,SaintLucia,662,Netherlands,528,9,11,16,15,13,12,10,6,8,11,11,9,9,9,3,3,5,4,4,3,1
10030,SaintLucia,662,CuraÃao,531,50,50,94,94,87,83,79,29,25,48,48,43,41,40,21,25,46,46,44,42,39
10031,SaintLucia,662,Aruba,533,8,10,14,23,31,29,27,3,4,5,8,11,11,11,5,6,9,15,20,18,16
10032,SaintLucia,662,SintMaartenDutchpart,534,33,33,62,61,57,54,51,21,17,32,31,29,28,27,12,16,30,30,28,26,24
10033,SaintLucia,662,NewZealand,554,1,0,1,1,2,1,0,1,0,1,1,2,1,0,0,0,0,0,0,0,0
10034,SaintLucia,662,Nigeria,566,6,7,10,43,73,69,65,2,2,3,12,20,19,19,4,5,7,31,53,50,46
10035,SaintLucia,662,Pakistan,586,8,10,14,8,3,2,0,4,5,7,4,2,2,0,4,5,7,4,1,0,0
10036,SaintLucia,662,Panama,591,12,16,22,15,8,7,5,6,9,12,9,5,5,5,6,7,10,6,3,2,0
10037,SaintLucia,662,Philippines,608,14,14,27,27,25,23,21,9,7,14,14,13,12,12,5,7,13,13,12,11,9
10038,SaintLucia,662,PuertoRico,630,7,9,13,11,9,8,6,5,7,10,9,7,7,6,2,2,3,2,2,1,0
10039,SaintLucia,662,SaintKittsandNevis,659,19,25,34,37,38,36,33,8,11,15,16,16,16,16,11,14,19,21,22,20,17
10040,SaintLucia,662,Anguilla,660,16,21,29,18,6,5,3,7,10,13,9,3,3,3,9,11,16,9,3,2,0
10041,SaintLucia,662,SaintVincentandtheGrenadines,670,182,245,336,345,329,315,314,79,107,148,148,138,132,124,103,138,188,197,191,183,190
10042,SaintLucia,662,SouthAfrica,710,4,5,8,7,6,5,3,2,3,5,5,4,4,3,2,2,3,2,2,1,0
10043,SaintLucia,662,Zimbabwe,716,1,0,1,0,0,0,0,1,0,1,0,0,0,0,0,0,0,0,0,0,0
10044,SaintLucia,662,Suriname,740,18,24,33,29,23,22,20,7,10,14,13,10,10,10,11,14,19,16,13,12,10
10045,SaintLucia,662,Switzerland,756,5,5,10,10,10,9,7,4,3,6,6,6,6,6,1,2,4,4,4,3,1
10046,SaintLucia,662,SyrianArabRepublic,760,12,16,22,86,144,137,130,9,13,17,67,111,106,102,3,3,5,19,33,31,28
10047,SaintLucia,662,TrinidadandTobago,780,325,438,602,598,549,526,504,153,208,289,283,258,247,237,172,230,313,315,291,279,267
10048,SaintLucia,662,UnitedKingdom,826,405,547,751,820,826,791,759,189,257,357,386,397,379,363,216,290,394,434,429,412,396
10049,SaintLucia,662,UnitedStatesofAmerica,840,276,372,511,742,916,877,851,144,196,271,389,490,463,449,132,176,240,353,426,414,402
10050,SaintLucia,662,UnitedStatesVirginIslands,850,9,11,16,59,99,94,89,3,4,6,21,35,34,33,6,7,10,38,64,60,56
10051,SaintLucia,662,VenezuelaBolivarianRepublicof,862,27,35,49,41,31,29,27,12,16,22,19,14,14,14,15,19,27,22,17,15,13
10052,SaintMartinFrenchpart,663,Melanesia,928,0,0,0,0,0,0,0,0,0,0,0,0,0,0,0,0,0,0,0,0,0
10053,SaintMartinFrenchpart,663,Micronesia,954,0,0,0,0,0,0,0,0,0,0,0,0,0,0,0,0,0,0,0,0,0
10054,SaintMartinFrenchpart,663,Polynesia,957,0,0,0,0,0,0,0,0,0,0,0,0,0,0,0,0,0,0,0,0,0
10055,SaintVincentandtheGrenadines,670,Melanesia,928,0,0,0,0,0,0,0,0,0,0,0,0,0,0,0,0,0,0,0,0,0
10056,SaintVincentandtheGrenadines,670,Micronesia,954,0,0,0,0,0,0,0,0,0,0,0,0,0,0,0,0,0,0,0,0,0
10057,SaintVincentandtheGrenadines,670,Polynesia,957,0,0,0,0,0,0,0,0,0,0,0,0,0,0,0,0,0,0,0,0,0
10058,SaintVincentandtheGrenadines,670,AntiguaandBarbuda,28,51,53,55,56,58,58,56,28,28,30,32,34,33,33,23,25,25,24,24,25,23
10059,SaintVincentandtheGrenadines,670,Barbados,52,303,315,328,339,346,351,355,171,178,186,191,197,201,207,132,137,142,148,149,150,148
10060,SaintVincentandtheGrenadines,670,Canada,124,143,148,154,158,166,172,173,70,73,77,81,88,94,97,73,75,77,77,78,78,76
10061,SaintVincentandtheGrenadines,670,Dominica,212,75,78,81,82,84,87,86,30,32,34,36,38,41,40,45,46,47,46,46,46,46
10062,SaintVincentandtheGrenadines,670,Grenada,308,377,392,408,422,431,439,450,155,162,169,179,188,192,204,222,230,239,243,243,247,246
10063,SaintVincentandtheGrenadines,670,Guyana,328,209,217,226,236,242,246,249,89,93,98,107,112,115,117,120,124,128,129,130,131,132
10064,SaintVincentandtheGrenadines,670,Jamaica,388,111,115,119,122,125,126,125,58,57,59,62,64,60,61,53,58,60,60,61,66,64
10065,SaintVincentandtheGrenadines,670,CuraÃao,531,134,139,144,147,150,152,152,63,66,69,72,74,76,78,71,73,75,75,76,76,74
10066,SaintVincentandtheGrenadines,670,SintMaartenDutchpart,534,87,90,98,100,105,112,117,32,33,39,41,45,52,59,55,57,59,59,60,60,58
10067,SaintVincentandtheGrenadines,670,Bonaire,16,535,175,182,189,193,198,201,202,96,100,100,104,107,109,109,79,82,89,89,91,92
10068,SaintVincentandtheGrenadines,670,SaintKittsandNevis,659,35,36,37,37,39,39,37,10,10,10,11,13,10,10,25,26,27,26,26,29,27
10069,SaintVincentandtheGrenadines,670,SaintLucia,662,208,216,224,230,237,240,241,84,88,91,96,102,103,106,124,128,133,134,135,137,135
10070,SaintVincentandtheGrenadines,670,TrinidadandTobago,780,837,871,907,935,966,976,1011,411,428,447,466,491,500,518,426,443,460,469,475,476,493
10071,SaintVincentandtheGrenadines,670,UnitedKingdom,826,682,719,748,770,798,805,829,352,372,383,398,417,427,452,330,347,365,372,381,378,377
10072,SaintVincentandtheGrenadines,670,UnitedStatesofAmerica,840,291,303,318,328,337,342,346,149,156,166,171,176,183,189,142,147,152,157,161,159,157
10073,SintMaartenDutchpart,534,Melanesia,928,0,0,0,0,0,0,0,0,0,0,0,0,0,0,0,0,0,0,0,0,0
10074,SintMaartenDutchpart,534,Micronesia,954,0,0,0,0,0,0,0,0,0,0,0,0,0,0,0,0,0,0,0,0,0
10075,SintMaartenDutchpart,534,Polynesia,957,0,0,0,0,0,0,0,0,0,0,0,0,0,0,0,0,0,0,0,0,0
10076,SintMaartenDutchpart,534,AntiguaandBarbuda,28,0,0,0,256,513,534,563,0,0,0,116,232,241,255,0,0,0,140,281,293,308
10077,SintMaartenDutchpart,534,Barbados,52,0,0,0,35,70,73,76,0,0,0,17,34,36,38,0,0,0,18,36,37,38
10078,SintMaartenDutchpart,534,BritishVirginIslands,92,0,0,0,434,868,904,953,0,0,0,198,396,412,435,0,0,0,236,472,492,518
10079,SintMaartenDutchpart,534,Canada,124,0,0,0,18,37,38,39,0,0,0,9,18,18,20,0,0,0,9,19,20,19
10080,SintMaartenDutchpart,534,China,156,0,0,0,83,167,174,183,0,0,0,44,88,91,97,0,0,0,39,79,83,86
10081,SintMaartenDutchpart,534,Colombia,170,0,0,0,100,200,208,218,0,0,0,41,82,85,90,0,0,0,59,118,123,128
10082,SintMaartenDutchpart,534,Cuba,192,0,0,0,397,795,828,874,0,0,0,147,295,306,324,0,0,0,250,500,522,550
10083,SintMaartenDutchpart,534,Dominica,212,0,0,0,717,1435,1495,1578,0,0,0,369,739,768,811,0,0,0,348,696,727,767
10084,SintMaartenDutchpart,534,DominicanRepublic,214,0,0,0,1701,3403,3546,3762,0,0,0,613,1227,1275,1346,0,0,0,1088,2176,2271,2416
10085,SintMaartenDutchpart,534,France,250,0,0,0,44,85,89,93,0,0,0,24,44,47,50,0,0,0,20,41,42,43
10086,SintMaartenDutchpart,534,Guadeloupe,312,0,0,0,984,1968,2051,2166,0,0,0,460,919,956,1010,0,0,0,524,1049,1095,1156
10087,SintMaartenDutchpart,534,Guyana,328,0,0,0,867,1735,1807,1907,0,0,0,423,846,879,928,0,0,0,444,889,928,979
10088,SintMaartenDutchpart,534,Haiti,332,0,0,0,1317,2635,2746,2901,0,0,0,759,1518,1581,1671,0,0,0,558,1117,1165,1230
10089,SintMaartenDutchpart,534,India,356,0,0,0,411,801,834,880,0,0,0,400,776,794,839,0,0,0,11,25,40,41
10090,SintMaartenDutchpart,534,Indonesia,360,0,0,0,28,57,60,62,0,0,0,17,34,36,39,0,0,0,11,23,24,23
10091,SintMaartenDutchpart,534,Jamaica,388,0,0,0,1134,2269,2364,2496,0,0,0,487,974,1013,1070,0,0,0,647,1295,1351,1426
10092,SintMaartenDutchpart,534,Lebanon,422,0,0,0,154,308,321,338,0,0,0,93,186,194,205,0,0,0,61,122,127,133
10093,SintMaartenDutchpart,534,Martinique,474,0,0,0,36,72,75,78,0,0,0,17,34,36,38,0,0,0,19,38,39,40
10094,SintMaartenDutchpart,534,Netherlands,528,0,0,0,350,701,730,770,0,0,0,170,341,354,374,0,0,0,180,360,376,396
10095,SintMaartenDutchpart,534,CuraÃao,531,0,0,0,684,1368,1425,1504,0,0,0,348,696,724,765,0,0,0,336,672,701,739
10096,SintMaartenDutchpart,534,Aruba,533,0,0,0,617,1234,1286,1358,0,0,0,271,541,563,595,0,0,0,346,693,723,763
10097,SintMaartenDutchpart,534,Bonaire,16,535,0,0,0,79,158,165,173,0,0,0,37,74,77,81,0,0,0,42,84,88
10098,SintMaartenDutchpart,534,PuertoRico,630,0,0,0,12,25,26,25,0,0,0,6,12,13,13,0,0,0,6,13,13,12
10099,SintMaartenDutchpart,534,SaintKittsandNevis,659,0,0,0,500,1001,1042,1099,0,0,0,180,361,374,395,0,0,0,320,640,668,704
10100,SintMaartenDutchpart,534,Anguilla,660,0,0,0,183,367,383,403,0,0,0,100,200,209,220,0,0,0,83,167,174,183
10101,SintMaartenDutchpart,534,SaintLucia,662,0,0,0,233,467,487,513,0,0,0,106,213,222,234,0,0,0,127,254,265,279
10102,SintMaartenDutchpart,534,SaintVincentandtheGrenadines,670,0,0,0,33,67,70,73,0,0,0,17,35,37,39,0,0,0,16,32,33,34
10103,SintMaartenDutchpart,534,Suriname,740,0,0,0,250,500,521,549,0,0,0,115,229,238,252,0,0,0,135,271,283,297
10104,SintMaartenDutchpart,534,TrinidadandTobago,780,0,0,0,100,200,208,218,0,0,0,36,71,74,78,0,0,0,64,129,134,140
10105,SintMaartenDutchpart,534,UnitedKingdom,826,0,0,0,25,50,53,54,0,0,0,13,26,28,30,0,0,0,12,24,25,24
10106,SintMaartenDutchpart,534,UnitedStatesofAmerica,840,0,0,0,150,300,312,329,0,0,0,68,135,140,148,0,0,0,82,165,172,181
10107,SintMaartenDutchpart,534,UnitedStatesVirginIslands,850,0,0,0,33,67,70,73,0,0,0,17,34,36,38,0,0,0,16,33,34,35
10108,SintMaartenDutchpart,534,VenezuelaBolivarianRepublicof,862,0,0,0,20,40,41,42,0,0,0,11,21,21,23,0,0,0,9,19,20,19
10109,TrinidadandTobago,780,Melanesia,928,0,0,0,0,0,0,0,0,0,0,0,0,0,0,0,0,0,0,0,0,0
10110,TrinidadandTobago,780,Micronesia,954,0,0,0,0,0,0,0,0,0,0,0,0,0,0,0,0,0,0,0,0,0
10111,TrinidadandTobago,780,Polynesia,957,0,0,0,0,0,0,0,0,0,0,0,0,0,0,0,0,0,0,0,0,0
10112,TrinidadandTobago,780,Barbados,52,2411,2188,1573,1688,1029,1066,1184,1253,1135,795,852,485,512,660,1158,1053,778,836,544,554,524
10113,TrinidadandTobago,780,Canada,124,963,874,947,1016,1716,1777,1972,460,417,457,489,875,920,1160,503,457,490,527,841,857,812
10114,TrinidadandTobago,780,China,156,469,425,461,494,836,866,961,242,219,240,257,457,480,596,227,206,221,237,379,386,365
10115,TrinidadandTobago,780,Cuba,192,40,36,40,42,74,157,2412,22,20,22,23,43,86,1294,18,16,18,19,31,71,1118
10116,TrinidadandTobago,780,Germany,276,137,124,135,144,245,253,280,66,60,65,69,124,130,165,71,64,70,75,121,123,115
10117,TrinidadandTobago,780,Grenada,308,16589,15066,11148,11973,7748,8026,8913,7704,6972,4994,5345,3358,3551,4676,8885,8094,6154,6628,4390,4475,4237
10118,TrinidadandTobago,780,Guyana,328,5140,4666,5264,5649,9490,9830,10923,2110,1910,2142,2291,4397,4640,6002,3030,2756,3122,3358,5093,5190,4921
10119,TrinidadandTobago,780,India,356,768,697,620,665,926,959,1064,389,353,345,370,536,562,689,379,344,275,295,390,397,375
10120,TrinidadandTobago,780,Jamaica,388,811,736,798,856,1445,1497,1661,394,357,392,420,748,787,989,417,379,406,436,697,710,672
10121,TrinidadandTobago,780,Nigeria,566,271,246,267,286,485,502,557,167,152,165,177,309,323,388,104,94,102,109,176,179,169
10122,TrinidadandTobago,780,Philippines,608,187,169,184,197,334,346,383,86,78,85,91,164,173,220,101,91,99,106,170,173,163
10123,TrinidadandTobago,780,SaintLucia,662,1306,1185,976,1047,850,880,977,673,610,479,513,403,425,547,633,575,497,534,447,455,430
10124,TrinidadandTobago,780,SaintVincentandtheGrenadines,670,11629,10556,8384,8998,6207,6430,7141,5248,4751,3720,3982,2717,2873,3774,6381,5805,4664,5016,3490,3557,3367
10125,TrinidadandTobago,780,UnitedKingdom,826,2157,1958,2090,2243,2286,2368,2629,1077,976,1089,1167,1211,1273,1593,1080,982,1001,1076,1075,1095,1036
10126,TrinidadandTobago,780,UnitedStatesofAmerica,840,2430,2205,3501,3757,5597,5798,6439,1206,1092,1832,1962,2887,3036,3824,1224,1113,1669,1795,2710,2762,2615
10127,TrinidadandTobago,780,VenezuelaBolivarianRepublicof,862,1337,1213,1413,1516,1672,1870,24001,534,483,580,620,709,879,8273,803,730,833,896,963,991,15728
10128,TurksandCaicosIslands,796,Melanesia,928,0,0,0,0,0,0,0,0,0,0,0,0,0,0,0,0,0,0,0,0,0
10129,TurksandCaicosIslands,796,Micronesia,954,0,0,0,0,0,0,0,0,0,0,0,0,0,0,0,0,0,0,0,0,0
10130,TurksandCaicosIslands,796,Polynesia,957,0,0,0,0,0,0,0,0,0,0,0,0,0,0,0,0,0,0,0,0,0
10131,TurksandCaicosIslands,796,Bahamas,44,840,649,459,346,251,273,307,435,342,249,183,130,142,160,405,307,210,163,121,131,147
10132,TurksandCaicosIslands,796,Canada,124,162,284,406,427,448,462,521,84,148,211,215,238,246,279,78,136,195,212,210,216,242
10133,TurksandCaicosIslands,796,DominicanRepublic,214,349,520,692,722,1354,1756,1989,181,285,389,401,677,879,998,168,235,303,321,677,877,991
10134,TurksandCaicosIslands,796,Haiti,332,2430,3567,5127,5652,9756,13928,15787,1258,1813,2564,2817,4878,6965,7896,1172,1754,2563,2835,4878,6963,7891
10135,TurksandCaicosIslands,796,UnitedKingdom,826,246,316,386,398,410,416,471,128,167,211,216,227,231,263,118,149,175,182,183,185,208
10136,TurksandCaicosIslands,796,UnitedStatesofAmerica,840,454,565,676,695,715,925,1046,233,298,362,366,385,499,566,221,267,314,329,330,426,480
10137,UnitedStatesVirginIslands,850,Melanesia,928,0,0,0,0,0,0,0,0,0,0,0,0,0,0,0,0,0,0,0,0,0
10138,UnitedStatesVirginIslands,850,Micronesia,954,0,0,0,0,0,0,0,0,0,0,0,0,0,0,0,0,0,0,0,0,0
10139,UnitedStatesVirginIslands,850,Polynesia,957,0,0,0,0,0,0,0,0,0,0,0,0,0,0,0,0,0,0,0,0,0
10140,UnitedStatesVirginIslands,850,AntiguaandBarbuda,28,4398,4610,4832,4708,4585,4587,4588,1976,2071,2170,2128,2085,2085,2086,2422,2539,2662,2580,2500,2502,2502
10141,UnitedStatesVirginIslands,850,Barbados,52,289,324,361,364,368,368,367,149,167,186,189,192,192,192,140,157,175,175,176,176,175
10142,UnitedStatesVirginIslands,850,BritishVirginIslands,92,2665,2693,2727,2594,2463,2464,2464,1122,1134,1148,1100,1053,1053,1054,1543,1559,1579,1494,1410,1411,1410
10143,UnitedStatesVirginIslands,850,Dominica,212,3219,4060,4909,5206,5505,5508,5510,1534,1935,2339,2494,2650,2651,2653,1685,2125,2570,2712,2855,2857,2857
10144,UnitedStatesVirginIslands,850,DominicanRepublic,214,533,1861,3194,3915,4638,4641,4642,207,723,1240,1530,1821,1822,1823,326,1138,1954,2385,2817,2819,2819
10145,UnitedStatesVirginIslands,850,Grenada,308,463,520,578,583,590,590,589,220,247,274,278,283,283,283,243,273,304,305,307,307,306
10146,UnitedStatesVirginIslands,850,Haiti,332,188,346,506,574,644,644,643,90,164,239,273,308,308,308,98,182,267,301,336,336,335
10147,UnitedStatesVirginIslands,850,Jamaica,388,260,305,352,362,373,373,372,116,136,157,163,169,169,169,144,169,195,199,204,204,203
10148,UnitedStatesVirginIslands,850,Montserrat,500,649,728,810,794,780,780,779,270,302,336,332,328,328,328,379,426,474,462,452,452,451
10149,UnitedStatesVirginIslands,850,CuraÃao,531,231,259,288,282,278,278,278,116,130,145,142,140,140,141,115,129,143,140,138,138,137
10150,UnitedStatesVirginIslands,850,Aruba,533,417,468,520,510,501,501,500,197,221,245,242,239,239,239,220,247,275,268,262,262,261
10151,UnitedStatesVirginIslands,850,SintMaartenDutchpart,534,83,93,104,101,99,99,97,42,47,52,51,51,51,50,41,46,52,50,48,48,47
10152,UnitedStatesVirginIslands,850,Bonaire,16,535,16,18,20,20,19,19,18,8,9,10,11,10,10,10,8,9,10,9,9,9
10153,UnitedStatesVirginIslands,850,PuertoRico,630,3974,4141,4316,4190,4065,4067,4067,1971,2054,2140,2089,2037,2037,2038,2003,2087,2176,2101,2028,2030,2029
10154,UnitedStatesVirginIslands,850,SaintKittsandNevis,659,5828,6435,7054,7074,7096,7100,7103,2643,2919,3198,3227,3256,3257,3260,3185,3516,3856,3847,3840,3843,3843
10155,UnitedStatesVirginIslands,850,Anguilla,660,1113,1106,1103,1037,972,972,971,571,567,565,534,503,503,503,542,539,538,503,469,469,468
10156,UnitedStatesVirginIslands,850,SaintLucia,662,2533,2990,3454,3438,3423,3425,3425,1203,1420,1640,1642,1644,1645,1646,1330,1570,1814,1796,1779,1780,1779
10157,UnitedStatesVirginIslands,850,SaintVincentandtheGrenadines,670,432,485,539,528,518,518,517,216,243,269,265,261,261,261,216,242,270,263,257,257,256
10158,UnitedStatesVirginIslands,850,TrinidadandTobago,780,2475,2300,2130,1943,1758,1759,1758,1167,1085,1004,922,840,841,841,1308,1215,1126,1021,918,918,917
10159,UnitedStatesVirginIslands,850,UnitedStatesofAmerica,840,14246,14965,15712,16281,16851,16861,16886,7129,7491,7862,8027,8191,8193,8196,7117,7474,7850,8254,8660,8668,8690
10160,Belize,84,Melanesia,928,0,0,0,0,0,0,0,0,0,0,0,0,0,0,0,0,0,0,0,0,0
10161,Belize,84,Micronesia,954,0,0,0,0,0,0,0,0,0,0,0,0,0,0,0,0,0,0,0,0,0
10162,Belize,84,Polynesia,957,0,0,0,0,0,0,0,0,0,0,0,0,0,0,0,0,0,0,0,0,0
10163,Belize,84,Canada,124,542,515,487,596,685,807,914,269,254,239,291,335,392,444,273,261,248,305,350,415,470
10164,Belize,84,China,156,551,823,1094,1378,1737,2048,2323,340,473,605,760,958,1124,1277,211,350,489,618,779,924,1046
10165,Belize,84,ElSalvador,222,6691,6661,6631,7059,7486,8828,10016,3702,3568,3434,3638,3859,4525,5134,2989,3093,3197,3421,3627,4303,4882
10166,Belize,84,Germany,276,45,47,48,53,58,68,76,29,30,30,33,37,44,51,16,17,18,20,21,24,25
10167,Belize,84,Guatemala,320,12650,14350,16058,18022,19995,23580,26767,6504,7178,7853,8763,9723,11393,12929,6146,7172,8205,9259,10272,12187,13838
10168,Belize,84,Haiti,332,35,37,38,42,46,54,60,19,20,20,22,25,30,35,16,17,18,20,21,24,25
10169,Belize,84,Honduras,340,2764,4100,5436,6375,7313,8624,9784,1521,2140,2760,3219,3693,4329,4912,1243,1960,2676,3156,3620,4295,4872
10170,Belize,84,China,156,344,47,49,50,56,61,71,78,25,25,25,29,32,37,41,22,24,25,27,29,34
10171,Belize,84,India,356,247,256,265,292,502,592,670,138,142,147,161,277,326,370,109,114,118,131,225,266,300
10172,Belize,84,Jamaica,388,445,424,403,412,421,496,561,260,253,246,251,257,302,343,185,171,157,161,164,194,218
10173,Belize,84,Lebanon,422,35,37,38,42,46,54,60,26,27,28,30,33,39,44,9,10,10,12,13,15,16
10174,Belize,84,Mexico,484,3025,2782,2539,2764,2988,3523,3997,1702,1528,1354,1467,1586,1860,2112,1323,1254,1185,1297,1402,1663,1885
10175,Belize,84,Nigeria,566,30,31,32,35,38,44,49,25,25,26,29,32,37,43,5,6,6,6,6,7,6
10176,Belize,84,UnitedKingdom,826,306,297,288,318,347,409,462,195,186,177,195,213,251,285,111,111,111,123,134,158,177
10177,Belize,84,UnitedStatesofAmerica,840,1901,1908,1914,2694,3474,4097,4647,1003,1008,1012,1416,1826,2142,2430,898,900,902,1278,1648,1955,2217
10178,CostaRica,188,Melanesia,928,1,1,1,2,2,1,1,0,0,0,0,0,0,0,1,1,1,2,2,1,1
10179,CostaRica,188,Micronesia,954,5,4,4,4,6,5,6,3,2,2,2,2,2,3,2,2,2,2,4,3,3
10180,CostaRica,188,Polynesia,957,0,0,0,0,0,0,0,0,0,0,0,0,0,0,0,0,0,0,0,0,0
10181,CostaRica,188,Afghanistan,4,25,11,3,3,5,4,4,11,5,1,1,1,1,1,14,6,2,2,4,3,3
10182,CostaRica,188,Albania,8,2,2,3,3,5,4,4,1,2,3,3,5,4,4,1,0,0,0,0,0,0
10183,CostaRica,188,Algeria,12,44,21,9,7,13,12,14,19,9,4,3,5,5,6,25,12,5,4,8,7,8
10184,CostaRica,188,Angola,24,4,2,2,2,4,3,3,1,0,1,0,2,2,2,3,2,1,2,2,1,1
10185,CostaRica,188,Azerbaijan,31,2,2,2,2,4,3,3,1,1,1,0,2,2,2,1,1,1,2,2,1,1
10186,CostaRica,188,Argentina,32,1041,864,1120,735,1448,1468,1761,513,431,547,354,700,705,892,528,433,573,381,748,763,869
10187,CostaRica,188,Australia,36,73,50,51,34,67,67,79,31,23,25,16,33,34,41,42,27,26,18,34,33,38
10188,CostaRica,188,Austria,40,80,71,98,65,128,128,152,54,50,70,46,91,92,112,26,21,28,19,37,36,40
10189,CostaRica,188,Bahamas,44,10,8,9,7,13,12,14,7,6,7,5,9,9,11,3,2,2,2,4,3,3
10190,CostaRica,188,Bahrain,48,1,1,1,2,2,1,1,1,1,1,2,2,1,1,0,0,0,0,0,0,0
10191,CostaRica,188,Bangladesh,50,13,6,2,2,4,3,3,1,1,2,2,4,3,3,12,5,0,0,0,0,0
10192,CostaRica,188,Armenia,51,6,4,5,4,8,7,8,4,2,3,2,4,4,5,2,2,2,2,4,3,3
10193,CostaRica,188,Barbados,52,8,6,8,6,12,11,13,6,4,5,3,7,7,9,2,2,3,3,5,4,4
10194,CostaRica,188,Belgium,56,200,169,223,147,289,292,350,115,100,132,86,169,171,214,85,69,91,61,120,121,136
10195,CostaRica,188,Bermuda,60,5,5,8,6,12,11,13,3,3,4,2,6,6,8,2,2,4,4,6,5,5
10196,CostaRica,188,Bhutan,64,3,2,3,3,5,4,4,2,1,2,1,3,3,3,1,1,1,2,2,1,1
10197,CostaRica,188,BoliviaPlurinationalStateof,68,269,220,282,186,365,369,442,159,136,178,116,228,231,285,110,84,104,70,137,138,157
10198,CostaRica,188,Brazil,76,346,304,415,273,537,544,652,163,150,207,134,264,267,337,183,154,208,139,273,277,315
10199,CostaRica,188,Belize,84,202,123,106,70,138,139,167,98,66,64,41,82,83,104,104,57,42,29,56,56,63
10200,CostaRica,188,Bulgaria,100,39,37,54,36,71,71,85,17,17,24,15,31,32,41,22,20,30,21,40,39,44
10201,CostaRica,188,Myanmar,104,10,8,9,7,13,12,14,3,3,3,2,4,4,5,7,5,6,5,9,8,9
10202,CostaRica,188,Belarus,112,5,4,4,4,6,5,6,3,2,2,2,2,2,3,2,2,2,2,4,3,3
10203,CostaRica,188,Cambodia,116,2,2,2,2,4,3,3,0,0,0,0,0,0,0,2,2,2,2,4,3,3
10204,CostaRica,188,Cameroon,120,8,6,7,6,10,9,11,3,2,3,2,4,4,6,5,4,4,4,6,5,5
10205,CostaRica,188,Canada,124,810,754,1074,705,1389,1408,1689,463,435,611,397,785,792,987,347,319,463,308,604,616,702
10206,CostaRica,188,CaymanIslands,136,8,6,6,5,9,8,9,6,5,5,3,7,7,8,2,1,1,2,2,1,1
10207,CostaRica,188,CentralAfricanRepublic,140,5,4,4,4,6,5,6,4,3,3,2,4,4,5,1,1,1,2,2,1,1
10208,CostaRica,188,SriLanka,144,1,1,1,2,2,1,1,1,1,1,2,2,1,1,0,0,0,0,0,0,0
10209,CostaRica,188,Chile,152,1490,1127,1327,870,1715,1739,2086,757,586,686,444,878,885,1113,733,541,641,426,837,854,973
10210,CostaRica,188,China,156,252,190,222,147,288,291,348,159,121,140,92,180,182,225,93,69,82,55,108,109,123
10211,CostaRica,188,Colombia,170,4372,4147,5995,7708,20965,21270,25530,2160,2081,2958,3772,10336,10421,13157,2212,2066,3037,3936,10629,10849,12373
10212,CostaRica,188,Congo,178,7,5,6,5,9,8,9,5,3,4,3,5,5,6,2,2,2,2,4,3,3
10213,CostaRica,188,DemocraticRepublicoftheCongo,180,2,2,2,2,4,3,3,0,0,0,0,0,0,0,2,2,2,2,4,3,3
10214,CostaRica,188,Croatia,191,21,16,18,13,25,24,28,12,9,10,7,13,13,15,9,7,8,6,12,11,13
10215,CostaRica,188,Cuba,192,4504,3558,4391,2878,5675,5756,6908,2348,1900,2334,1512,2989,3015,3783,2156,1658,2057,1366,2686,2741,3125
10216,CostaRica,188,Cyprus,196,2,2,2,2,4,3,3,1,2,2,2,4,3,3,1,0,0,0,0,0,0
10217,CostaRica,188,Benin,204,1,1,1,2,2,1,1,0,0,0,0,0,0,0,1,1,1,2,2,1,1
10218,CostaRica,188,Denmark,208,48,39,49,33,64,63,75,29,24,29,18,36,36,44,19,15,20,15,28,27,31
10219,CostaRica,188,Dominica,212,3,3,4,4,6,5,6,0,0,0,0,0,0,1,3,3,4,4,6,5,5
10220,CostaRica,188,DominicanRepublic,214,553,556,838,550,1084,1098,1317,204,202,288,184,365,365,483,349,354,550,366,719,733,834
10221,CostaRica,188,Ecuador,218,736,683,971,637,1255,1272,1526,406,382,535,347,685,691,864,330,301,436,290,570,581,662
10222,CostaRica,188,ElSalvador,222,56257,26046,8857,6451,13701,13900,16682,27798,12961,4065,2886,6118,6160,7856,28459,13085,4792,3565,7583,7740,8826
10223,CostaRica,188,Ethiopia,231,2,1,1,2,2,1,1,1,1,1,2,2,1,1,1,0,0,0,0,0,0
10224,CostaRica,188,Estonia,233,2,2,2,2,4,3,3,0,0,0,0,0,0,0,2,2,2,2,4,3,3
10225,CostaRica,188,Fiji,242,1,1,1,2,2,1,1,0,0,0,0,0,0,0,1,1,1,2,2,1,1
10226,CostaRica,188,Finland,246,18,14,17,12,23,22,26,8,6,6,4,7,7,9,10,8,11,8,16,15,17
10227,CostaRica,188,France,250,539,482,666,437,861,873,1046,303,274,373,242,478,483,603,236,208,293,195,383,390,443
10228,CostaRica,188,FrenchGuiana,254,6,6,9,7,13,12,14,3,3,4,3,5,5,6,3,3,5,4,8,7,8
10229,CostaRica,188,Gabon,266,1,1,1,2,2,1,1,0,0,0,0,0,0,0,1,1,1,2,2,1,1
10230,CostaRica,188,Georgia,268,10,8,9,7,13,12,14,4,4,4,3,5,5,6,6,4,5,4,8,7,8
10231,CostaRica,188,Germany,276,1268,1077,1424,934,1840,1866,2238,746,637,827,537,1060,1071,1332,522,440,597,397,780,795,906
10232,CostaRica,188,Ghana,288,1,1,1,2,2,1,1,1,1,1,2,2,1,1,0,0,0,0,0,0,0
10233,CostaRica,188,Gibraltar,292,3,2,3,3,5,4,4,0,0,0,0,0,0,0,3,2,3,3,5,4,4
10234,CostaRica,188,Greece,300,28,22,26,18,34,33,39,17,15,18,12,22,22,26,11,7,8,6,12,11,13
10235,CostaRica,188,Greenland,304,7,5,6,5,9,8,9,5,3,4,3,5,5,6,2,2,2,2,4,3,3
10236,CostaRica,188,Grenada,308,7,5,6,5,9,8,9,5,3,4,3,5,5,6,2,2,2,2,4,3,3
10237,CostaRica,188,Guam,316,5,4,4,4,6,5,6,3,2,2,2,2,2,3,2,2,2,2,4,3,3
10238,CostaRica,188,Guatemala,320,1977,1602,2029,1330,2623,2660,3192,1026,842,1050,679,1344,1356,1706,951,760,979,651,1279,1304,1486
10239,CostaRica,188,Guyana,328,20,16,21,15,29,28,33,11,9,12,8,16,16,19,9,7,9,7,13,12,14
10240,CostaRica,188,Haiti,332,48,41,54,36,71,71,85,32,26,32,20,41,42,52,16,15,22,16,30,29,33
10241,CostaRica,188,Honduras,340,2608,2241,2994,1963,3869,3924,4708,1156,1005,1306,842,1665,1676,2145,1452,1236,1688,1121,2204,2248,2563
10242,CostaRica,188,China,156,344,1504,1604,2506,1643,3238,3285,3943,808,874,1348,874,1726,1743,2185,696,730,1158,769,1512,1542
10243,CostaRica,188,Hungary,348,66,49,56,38,74,74,89,35,27,30,20,40,41,51,31,22,26,18,34,33,38
10244,CostaRica,188,Iceland,352,2,1,1,2,2,1,1,1,0,0,0,0,0,0,1,1,1,2,2,1,1
10245,CostaRica,188,India,356,35,31,42,28,55,54,64,21,19,26,16,33,33,41,14,12,16,12,22,21,23
10246,CostaRica,188,Indonesia,360,13,10,13,10,18,17,20,8,6,8,6,10,10,12,5,4,5,4,8,7,8
10247,CostaRica,188,IranIslamicRepublicof,364,81,63,77,51,100,100,119,63,50,63,40,80,81,98,18,13,14,11,20,19,21
10248,CostaRica,188,Iraq,368,10,8,11,8,16,15,18,7,5,7,4,10,10,13,3,3,4,4,6,5,5
10249,CostaRica,188,Ireland,372,24,19,23,16,30,29,35,14,11,12,8,14,14,18,10,8,11,8,16,15,17
10250,CostaRica,188,Israel,376,123,101,130,86,169,170,203,80,66,84,54,108,109,134,43,35,46,32,61,61,69
10251,CostaRica,188,Italy,380,1408,1214,1626,1066,2102,2132,2558,856,755,1012,658,1301,1315,1628,552,459,614,408,801,817,930
10252,CostaRica,188,CotedIvoire,384,2,2,2,2,4,3,3,1,1,1,0,2,2,2,1,1,1,2,2,1,1
10253,CostaRica,188,Jamaica,388,356,209,166,110,215,217,260,171,99,72,47,91,92,118,185,110,94,63,124,125,142
10254,CostaRica,188,Japan,392,207,169,216,143,280,283,338,121,99,125,82,160,162,202,86,70,91,61,120,121,136
10255,CostaRica,188,Kazakhstan,398,5,4,4,4,6,5,6,0,0,0,0,0,0,1,5,4,4,4,6,5,5
10256,CostaRica,188,Jordan,400,8,6,8,6,12,11,13,6,4,6,4,8,8,10,2,2,2,2,4,3,3
10257,CostaRica,188,Kenya,404,4,4,6,5,9,8,9,4,4,6,5,9,8,9,0,0,0,0,0,0,0
10258,CostaRica,188,DemPeoplesRepublicofKorea,408,21,20,28,19,37,36,42,12,11,14,8,17,17,21,9,9,14,11,20,19,21
10259,CostaRica,188,RepublicofKorea,410,148,136,193,128,251,253,302,79,75,106,69,137,138,172,69,61,87,59,114,115,130
10260,CostaRica,188,LaoPeoplesDemocraticRepublic,418,3,2,3,3,5,4,4,1,0,1,1,1,1,1,2,2,2,2,4,3,3
10261,CostaRica,188,Lebanon,422,86,62,68,45,88,88,105,54,41,46,29,58,59,72,32,21,22,16,30,29,33
10262,CostaRica,188,Latvia,428,1,1,1,2,2,1,1,0,0,0,0,0,0,0,1,1,1,2,2,1,1
10263,CostaRica,188,Libya,434,12,8,8,6,12,11,13,6,4,4,2,6,6,8,6,4,4,4,6,5,5
10264,CostaRica,188,Liechtenstein,438,3,2,3,3,5,4,4,2,1,2,1,3,3,3,1,1,1,2,2,1,1
10265,CostaRica,188,Lithuania,440,8,6,7,6,10,9,11,5,4,4,3,5,5,7,3,2,3,3,5,4,4
10266,CostaRica,188,Luxembourg,442,9,8,11,8,16,15,18,3,2,3,2,4,4,5,6,6,8,6,12,11,13
10267,CostaRica,188,China,156,446,2,1,1,2,2,1,1,1,1,1,2,2,1,1,1,0,0,0,0,0
10268,CostaRica,188,Madagascar,450,2,2,2,2,4,3,3,0,0,0,0,0,0,0,2,2,2,2,4,3,3
10269,CostaRica,188,Malaysia,458,3,2,3,3,5,4,4,3,2,3,3,5,4,4,0,0,0,0,0,0,0
10270,CostaRica,188,Maldives,462,1,1,1,2,2,1,1,0,0,0,0,0,0,0,1,1,1,2,2,1,1
10271,CostaRica,188,Martinique,474,3,2,3,3,5,4,4,2,1,2,1,3,3,3,1,1,1,2,2,1,1
10272,CostaRica,188,Mexico,484,2081,1778,2365,1550,3056,3100,3720,962,842,1106,714,1412,1423,1809,1119,936,1259,836,1644,1677,1911
10273,CostaRica,188,Monaco,492,1,1,1,2,2,1,1,1,1,1,2,2,1,1,0,0,0,0,0,0,0
10274,CostaRica,188,Mongolia,496,7,7,11,8,16,15,18,5,5,8,5,11,11,14,2,2,3,3,5,4,4
10275,CostaRica,188,RepublicofMoldova,498,3,2,3,3,5,4,4,2,1,2,1,3,3,3,1,1,1,2,2,1,1
10276,CostaRica,188,Montserrat,500,3,2,3,3,5,4,4,1,0,1,1,1,1,1,2,2,2,2,4,3,3
10277,CostaRica,188,Morocco,504,17,8,3,3,5,4,4,8,4,1,1,1,1,1,9,4,2,2,4,3,3
10278,CostaRica,188,Mozambique,508,3,2,3,3,5,4,4,1,0,1,1,1,1,1,2,2,2,2,4,3,3
10279,CostaRica,188,Oman,512,2,2,2,2,4,3,3,2,2,2,2,4,3,3,0,0,0,0,0,0,0
10280,CostaRica,188,Nepal,524,7,5,6,5,9,8,9,6,4,5,3,7,7,8,1,1,1,2,2,1,1
10281,CostaRica,188,Netherlands,528,381,332,448,294,579,586,702,232,203,269,174,345,348,433,149,129,179,120,234,238,269
10282,CostaRica,188,Aruba,533,29,22,25,17,33,32,38,20,15,17,11,21,21,25,9,7,8,6,12,11,13
10283,CostaRica,188,NewZealand,554,14,11,13,10,18,17,20,4,3,3,2,4,4,5,10,8,10,8,14,13,15
10284,CostaRica,188,Nicaragua,558,99153,131695,230085,268157,288033,292232,350854,50095,67061,114900,131268,136245,137289,174075,49058,64634,115185,136889,151788,154943,176779
10285,CostaRica,188,Nigeria,566,3,2,2,2,4,3,3,2,1,0,0,0,0,0,1,1,2,2,4,3,3
10286,CostaRica,188,Norway,578,42,40,58,39,76,76,91,27,25,36,23,46,47,58,15,15,22,16,30,29,33
10287,CostaRica,188,Pakistan,586,6,5,7,6,10,9,11,5,5,7,6,10,9,11,1,0,0,0,0,0,0
10288,CostaRica,188,Panama,591,8692,7652,10438,6205,11261,11424,13711,4539,4085,5528,3212,5778,5828,7330,4153,3567,4910,2993,5483,5596,6381
10289,CostaRica,188,Paraguay,600,58,48,63,42,83,83,99,20,16,19,12,25,25,34,38,32,44,30,58,58,65
10290,CostaRica,188,Peru,604,2225,2045,2887,1893,3730,3783,4540,1186,1092,1505,975,1925,1941,2440,1039,953,1382,918,1805,1842,2100
10291,CostaRica,188,Philippines,608,72,71,106,70,138,139,167,28,27,39,24,49,50,67,44,44,67,46,89,89,100
10292,CostaRica,188,Poland,616,329,224,231,152,299,302,361,160,106,101,65,129,130,166,169,118,130,87,170,172,195
10293,CostaRica,188,Portugal,620,57,46,59,40,78,78,94,35,28,34,23,45,46,57,22,18,25,17,33,32,37
10294,CostaRica,188,PuertoRico,630,268,216,272,179,352,356,426,151,128,166,108,213,216,267,117,88,106,71,139,140,159
10295,CostaRica,188,Qatar,634,2,2,2,2,4,3,3,1,1,1,0,2,2,2,1,1,1,2,2,1,1
10296,CostaRica,188,Romania,642,62,55,76,51,99,99,118,26,25,37,24,47,47,60,36,30,39,27,52,52,58
10297,CostaRica,188,RussianFederation,643,519,390,457,300,591,599,718,182,141,160,102,203,204,269,337,249,297,198,388,395,449
10298,CostaRica,188,Rwanda,646,1,1,1,2,2,1,1,0,0,0,0,0,0,0,1,1,1,2,2,1,1
10299,CostaRica,188,SaintKittsandNevis,659,1,1,1,2,2,1,1,0,0,0,0,0,0,0,1,1,1,2,2,1,1
10300,CostaRica,188,SaintLucia,662,2,1,1,2,2,1,1,1,0,0,0,0,0,0,1,1,1,2,2,1,1
10301,CostaRica,188,SaintPierreandMiquelon,666,1,1,1,2,2,1,1,0,1,1,2,2,1,1,1,0,0,0,0,0,0
10302,CostaRica,188,SaintVincentandtheGrenadines,670,1,1,1,2,2,1,1,1,1,1,2,2,1,1,0,0,0,0,0,0,0
10303,CostaRica,188,SaudiArabia,682,6,6,10,8,14,13,16,4,4,7,5,9,9,12,2,2,3,3,5,4,4
10304,CostaRica,188,Senegal,686,1,1,1,2,2,1,1,0,0,0,0,0,0,0,1,1,1,2,2,1,1
10305,CostaRica,188,Singapore,702,17,9,6,5,9,8,9,10,6,5,3,7,7,8,7,3,1,2,2,1,1
10306,CostaRica,188,Slovakia,703,20,15,17,12,23,22,26,13,10,11,7,14,14,17,7,5,6,5,9,8,9
10307,CostaRica,188,VietNam,704,2,1,1,2,2,1,1,1,1,1,2,2,1,1,1,0,0,0,0,0,0
10308,CostaRica,188,Somalia,706,1,1,1,2,2,1,1,0,0,0,0,0,0,0,1,1,1,2,2,1,1
10309,CostaRica,188,SouthAfrica,710,47,37,44,30,58,57,67,21,17,20,12,25,25,30,26,20,24,18,33,32,37
10310,CostaRica,188,Zimbabwe,716,2,1,1,2,2,1,1,0,0,1,2,2,1,1,2,1,0,0,0,0,0
10311,CostaRica,188,Spain,724,1829,1392,1650,1082,2132,2163,2595,1038,798,932,605,1195,1207,1506,791,594,718,477,937,956,1089
10312,CostaRica,188,Sudan,729,1,1,1,2,2,1,1,1,1,1,2,2,1,1,0,0,0,0,0,0,0
10313,CostaRica,188,Suriname,740,13,11,15,11,21,20,23,7,6,8,5,11,11,13,6,5,7,6,10,9,10
10314,CostaRica,188,Eswatini,748,1,1,1,2,2,1,1,0,1,1,2,2,1,1,1,0,0,0,0,0,0
10315,CostaRica,188,Sweden,752,97,80,104,69,136,137,164,59,47,58,37,75,76,95,38,33,46,32,61,61,69
10316,CostaRica,188,Switzerland,756,388,360,512,337,663,672,805,224,207,288,187,370,374,466,164,153,224,150,293,298,339
10317,CostaRica,188,SyrianArabRepublic,760,9,7,8,6,12,11,13,8,6,7,4,10,10,12,1,1,1,2,2,1,1
10318,CostaRica,188,Thailand,764,4,4,5,4,8,7,8,0,0,0,0,0,0,0,4,4,5,4,8,7,8
10319,CostaRica,188,TrinidadandTobago,780,26,21,27,18,35,34,40,11,8,9,5,10,10,13,15,13,18,13,25,24,27
10320,CostaRica,188,Tunisia,788,3,2,3,3,5,4,4,1,0,1,1,1,1,1,2,2,2,2,4,3,3
10321,CostaRica,188,Turkey,792,6,5,6,5,9,8,9,4,3,3,2,4,4,5,2,2,3,3,5,4,4
10322,CostaRica,188,Uganda,800,8,6,7,6,10,9,11,6,4,5,4,6,6,8,2,2,2,2,4,3,3
10323,CostaRica,188,Ukraine,804,135,102,119,79,154,155,186,48,38,43,28,54,54,72,87,64,76,51,100,101,114
10324,CostaRica,188,NorthMacedonia,807,26,18,20,14,27,26,31,17,11,11,7,14,14,17,9,7,9,7,13,12,14
10325,CostaRica,188,Egypt,818,19,11,8,6,12,11,13,13,8,7,4,10,10,12,6,3,1,2,2,1,1
10326,CostaRica,188,UnitedKingdom,826,451,339,397,261,513,519,622,268,203,235,152,300,303,377,183,136,162,109,213,216,245
10327,CostaRica,188,ChannelIslands,830,97,73,85,57,111,111,132,32,25,28,18,35,35,46,65,48,57,39,76,76,86
10328,CostaRica,188,UnitedRepublicofTanzania,834,3,2,3,3,5,4,4,1,0,1,1,1,1,1,2,2,2,2,4,3,3
10329,CostaRica,188,UnitedStatesofAmerica,840,8586,7301,9667,6336,12492,12673,15209,4858,4222,5570,3616,7144,7214,8984,3728,3079,4097,2720,5348,5459,6225
10330,CostaRica,188,UnitedStatesVirginIslands,850,6,4,5,4,8,7,8,3,2,2,1,3,3,4,3,2,3,3,5,4,4
10331,CostaRica,188,Uruguay,858,252,196,239,158,310,313,374,137,106,125,81,160,161,202,115,90,114,77,150,152,172
10332,CostaRica,188,Uzbekistan,860,1,1,1,2,2,1,1,0,0,0,0,0,0,0,1,1,1,2,2,1,1
10333,CostaRica,188,VenezuelaBolivarianRepublicof,862,1030,834,1054,691,1362,1381,28214,529,427,522,337,667,672,14487,501,407,532,354,695,709,13727
10334,ElSalvador,222,Melanesia,928,0,0,0,0,0,0,0,0,0,0,0,0,0,0,0,0,0,0,0,0,0
10335,ElSalvador,222,Micronesia,954,0,0,0,0,0,0,0,0,0,0,0,0,0,0,0,0,0,0,0,0,0
10336,ElSalvador,222,Polynesia,957,0,0,0,0,0,0,0,0,0,0,0,0,0,0,0,0,0,0,0,0,0
10337,ElSalvador,222,Argentina,32,255,211,166,187,207,216,218,143,120,97,112,126,132,133,112,91,69,75,81,84,85
10338,ElSalvador,222,Australia,36,33,27,21,24,26,27,27,13,10,8,9,10,10,10,20,17,13,15,16,17,17
10339,ElSalvador,222,Austria,40,18,14,10,11,11,11,11,7,5,4,5,5,5,5,11,9,6,6,6,6,6
10340,ElSalvador,222,Bangladesh,50,11,9,6,6,6,6,6,11,9,6,6,6,6,6,0,0,0,0,0,0,0
10341,ElSalvador,222,Barbados,52,64,50,35,37,38,40,40,31,24,17,18,19,20,20,33,26,18,19,19,20,20
10342,ElSalvador,222,Belgium,56,95,72,49,50,50,52,52,48,36,24,25,25,26,26,47,36,25,25,25,26,26
10343,ElSalvador,222,BoliviaPlurinationalStateof,68,73,59,44,48,51,53,53,48,37,26,27,28,29,29,25,22,18,21,23,24,24
10344,ElSalvador,222,Brazil,76,329,264,198,215,232,242,245,126,106,85,97,109,114,116,203,158,113,118,123,128,129
10345,ElSalvador,222,Belize,84,244,231,218,272,325,339,344,113,107,102,128,154,161,164,131,124,116,144,171,178,180
10346,ElSalvador,222,Canada,124,508,379,249,242,235,245,248,243,184,125,125,126,131,133,265,195,124,117,109,114,115
10347,ElSalvador,222,Chile,152,380,294,207,214,220,229,232,172,136,99,105,111,115,117,208,158,108,109,109,114,115
10348,ElSalvador,222,China,156,260,224,187,218,248,259,262,168,143,117,135,153,160,162,92,81,70,83,95,99,100
10349,ElSalvador,222,Colombia,170,386,375,363,458,553,577,585,161,165,169,219,270,282,285,225,210,194,239,283,295,300
10350,ElSalvador,222,CostaRica,188,1558,1188,818,829,840,876,889,759,573,387,387,388,405,411,799,615,431,442,452,471,478
10351,ElSalvador,222,Cuba,192,84,82,80,102,123,128,129,44,43,43,56,68,71,72,40,39,37,46,55,57,57
10352,ElSalvador,222,DominicanRepublic,214,38,41,43,56,69,72,72,18,21,23,30,38,40,40,20,20,20,26,31,32,32
10353,ElSalvador,222,Ecuador,218,155,126,97,108,118,123,124,70,57,44,50,56,58,59,85,69,53,58,62,65,65
10354,ElSalvador,222,France,250,200,175,150,178,205,214,216,91,86,82,103,123,129,130,109,89,68,75,82,85,86
10355,ElSalvador,222,StateofPalestine,275,75,58,41,43,44,46,46,26,20,14,15,15,16,16,49,38,27,28,29,30,30
10356,ElSalvador,222,Germany,276,464,347,229,224,218,227,230,279,207,134,129,123,128,130,185,140,95,95,95,99,100
10357,ElSalvador,222,Guatemala,320,8235,7224,6212,7367,8521,8885,9036,3739,3298,2857,3417,3977,4153,4224,4496,3926,3355,3950,4544,4732,4812
10358,ElSalvador,222,Honduras,340,15774,12650,9525,10362,11198,11676,11878,6905,5450,3994,4283,4571,4775,4861,8869,7200,5531,6079,6627,6901,7017
10359,ElSalvador,222,China,156,344,13,10,7,8,8,8,8,6,4,3,4,4,4,4,7,6,4,4,4,4
10360,ElSalvador,222,India,356,18,14,10,11,11,11,11,11,8,6,7,7,7,7,7,6,4,4,4,4,4
10361,ElSalvador,222,IranIslamicRepublicof,364,20,17,14,16,17,18,18,13,11,9,10,11,12,12,7,6,5,6,6,6,6
10362,ElSalvador,222,Ireland,372,24,18,12,12,11,11,11,15,11,7,7,6,6,6,9,7,5,5,5,5,5
10363,ElSalvador,222,Israel,376,177,123,68,55,41,43,43,86,59,32,25,18,19,19,91,64,36,30,23,24,24
10364,ElSalvador,222,Italy,380,391,312,233,252,270,282,285,275,215,156,165,173,181,183,116,97,77,87,97,101,102
10365,ElSalvador,222,Jamaica,388,16,13,9,10,10,10,10,9,7,5,6,6,6,6,7,6,4,4,4,4,4
10366,ElSalvador,222,Japan,392,40,38,35,44,52,54,54,31,28,25,31,36,37,37,9,10,10,13,16,17,17
10367,ElSalvador,222,RepublicofKorea,410,208,161,114,119,123,128,129,126,97,69,72,75,78,79,82,64,45,47,48,50,50
10368,ElSalvador,222,Mexico,484,2457,1948,1438,1541,1644,1714,1742,1095,871,647,700,753,786,799,1362,1077,791,841,891,928,943
10369,ElSalvador,222,Netherlands,528,71,53,35,34,32,33,33,47,35,23,22,21,22,22,24,18,12,12,11,11,11
10370,ElSalvador,222,Nicaragua,558,3893,4219,4545,6024,7502,7823,7956,1772,2043,2315,3142,3969,4144,4216,2121,2176,2230,2882,3533,3679,3740
10371,ElSalvador,222,Panama,591,557,456,354,394,433,451,458,260,211,162,180,198,206,210,297,245,192,214,235,245,248
10372,ElSalvador,222,Paraguay,600,36,26,15,13,11,11,11,18,13,8,7,7,7,7,18,13,7,6,4,4,4
10373,ElSalvador,222,Peru,604,246,209,172,198,224,234,237,135,116,98,115,132,138,140,111,93,74,83,92,96,97
10374,ElSalvador,222,Philippines,608,31,24,17,18,18,19,19,18,14,10,10,10,11,11,13,10,7,8,8,8,8
10375,ElSalvador,222,Portugal,620,20,16,11,12,12,13,13,15,12,8,9,9,10,10,5,4,3,3,3,3,3
10376,ElSalvador,222,PuertoRico,630,109,84,58,59,59,62,62,55,43,31,32,33,35,35,54,41,27,27,26,27,27
10377,ElSalvador,222,RussianFederation,643,29,23,16,17,17,18,18,13,10,7,7,7,8,8,16,13,9,10,10,10,10
10378,ElSalvador,222,Spain,724,855,664,473,493,512,534,542,498,384,271,281,291,304,309,357,280,202,212,221,230,233
10379,ElSalvador,222,Sweden,752,33,29,25,30,34,35,35,17,16,15,19,22,23,23,16,13,10,11,12,12,12
10380,ElSalvador,222,Switzerland,756,87,69,51,54,57,59,59,54,40,26,25,24,25,25,33,29,25,29,33,34,34
10381,ElSalvador,222,UnitedKingdom,826,135,106,77,82,86,90,91,86,66,47,49,51,54,55,49,40,30,33,35,36,36
10382,ElSalvador,222,UnitedStatesofAmerica,840,8033,6306,4603,4871,5176,5397,5488,4032,3160,2282,2416,2562,2676,2722,4001,3146,2321,2455,2614,2721,2766
10383,ElSalvador,222,Uruguay,858,120,94,67,70,72,75,76,75,59,43,46,48,50,51,45,35,24,24,24,25,25
10384,ElSalvador,222,VenezuelaBolivarianRepublicof,862,258,219,179,206,232,242,245,109,94,79,93,106,111,113,149,125,100,113,126,131,132
10385,Guatemala,320,Melanesia,928,0,0,0,0,0,0,0,0,0,0,0,0,0,0,0,0,0,0,0,0,0
10386,Guatemala,320,Micronesia,954,0,0,0,0,0,0,0,0,0,0,0,0,0,0,0,0,0,0,0,0,0
10387,Guatemala,320,Polynesia,957,0,0,0,0,0,0,0,0,0,0,0,0,0,0,0,0,0,0,0,0,0
10388,Guatemala,320,Argentina,32,285,318,350,416,482,529,595,122,159,195,246,297,330,371,163,159,155,170,185,199,224
10389,Guatemala,320,Australia,36,47,46,44,53,61,67,74,19,22,24,31,37,41,47,28,24,20,22,24,26,27
10390,Guatemala,320,BoliviaPlurinationalStateof,68,67,77,86,102,118,130,145,22,30,37,45,54,60,68,45,47,49,57,64,70,77
10391,Guatemala,320,Brazil,76,77,114,151,180,209,229,257,16,42,69,95,122,135,152,61,72,82,85,87,94,105
10392,Guatemala,320,Belize,84,543,561,579,688,796,874,984,181,223,266,336,405,454,508,362,338,313,352,391,420,476
10393,Guatemala,320,Canada,124,272,262,251,298,345,379,426,66,98,129,176,224,249,280,206,164,122,122,121,130,146
10394,Guatemala,320,Chile,152,271,231,191,227,262,287,322,92,95,98,128,157,174,195,179,136,93,99,105,113,127
10395,Guatemala,320,China,156,307,361,415,493,571,627,705,133,173,214,260,307,343,385,174,188,201,233,264,284,320
10396,Guatemala,320,Colombia,170,490,610,730,868,1005,1102,1242,152,245,339,438,537,599,671,338,365,391,430,468,503,571
10397,Guatemala,320,CostaRica,188,758,746,734,872,1010,1108,1248,204,261,319,417,515,576,646,554,485,415,455,495,532,602
10398,Guatemala,320,Cuba,192,275,347,418,496,574,630,708,101,160,218,279,341,380,425,174,187,200,217,233,250,283
10399,Guatemala,320,DominicanRepublic,214,59,64,68,82,95,104,115,13,23,32,45,57,63,70,46,41,36,37,38,41,45
10400,Guatemala,320,Ecuador,218,120,113,105,125,145,160,178,46,50,54,68,82,92,103,74,63,51,57,63,68,75
10401,Guatemala,320,ElSalvador,222,236655,124346,12037,14364,16691,18301,20683,104058,54107,4156,3877,3599,4249,4665,132597,70239,7881,10487,13092,14052,16018
10402,Guatemala,320,France,250,294,229,163,194,224,246,275,119,109,98,128,157,174,194,175,120,65,66,67,72,81
10403,Guatemala,320,FrenchGuiana,254,13,13,13,15,17,20,20,4,5,6,7,9,11,12,9,8,7,8,8,9,8
10404,Guatemala,320,StateofPalestine,275,30,30,29,35,40,44,48,13,13,12,13,13,14,17,17,17,17,22,27,30,31
10405,Guatemala,320,Germany,276,476,440,404,480,556,611,687,155,185,215,284,354,394,441,321,255,189,196,202,217,246
10406,Guatemala,320,Greenland,304,269,261,252,299,346,380,427,85,101,117,150,184,205,231,184,160,135,149,162,175,196
10407,Guatemala,320,Haiti,332,26,18,10,11,12,14,13,7,6,5,6,8,9,9,19,12,5,5,4,5,4
10408,Guatemala,320,Honduras,340,4768,5032,5295,6294,7292,7995,9023,990,1492,1993,2636,3279,3688,4123,3778,3540,3302,3658,4013,4307,4900
10409,Guatemala,320,Indonesia,360,27,26,25,30,35,39,42,10,11,12,15,19,21,24,17,15,13,15,16,18,18
10410,Guatemala,320,IranIslamicRepublicof,364,12,12,12,14,16,18,18,5,6,7,9,11,12,13,7,6,5,5,5,6,5
10411,Guatemala,320,Israel,376,58,71,83,99,114,125,140,31,41,51,62,73,81,92,27,30,32,37,41,44,48
10412,Guatemala,320,Italy,380,325,279,232,276,320,351,394,175,163,151,188,226,249,281,150,116,81,88,94,102,113
10413,Guatemala,320,Japan,392,84,89,94,111,128,141,157,36,44,53,66,80,89,100,48,45,41,45,48,52,57
10414,Guatemala,320,RepublicofKorea,410,290,709,1127,1340,1553,1703,1921,122,373,624,789,955,1061,1193,168,336,503,551,598,642,728
10415,Guatemala,320,Lebanon,422,27,21,15,19,22,24,25,14,12,11,15,19,21,23,13,9,4,4,3,3,2
10416,Guatemala,320,Mexico,484,5402,8236,11070,13160,15250,16720,18872,1558,3466,5374,7133,8892,9895,11108,3844,4770,5696,6027,6358,6825,7764
10417,Guatemala,320,Netherlands,528,83,86,89,106,122,134,149,46,47,49,55,61,68,76,37,39,40,51,61,66,73
10418,Guatemala,320,Nicaragua,558,3726,4565,5404,6424,7443,8161,9211,1101,1783,2465,3203,3941,4402,4936,2625,2782,2939,3221,3502,3759,4275
10419,Guatemala,320,Pakistan,586,17,17,16,20,23,25,26,5,6,7,9,11,11,13,12,11,9,11,12,14,13
10420,Guatemala,320,Panama,591,242,216,190,226,261,286,321,67,75,84,110,135,150,169,175,141,106,116,126,136,152
10421,Guatemala,320,Paraguay,600,72,55,38,45,51,57,62,35,27,20,23,26,30,34,37,28,18,22,25,27,28
10422,Guatemala,320,Peru,604,210,249,288,343,397,436,491,77,111,146,186,226,252,284,133,138,142,157,171,184,207
10423,Guatemala,320,Philippines,608,15,28,41,50,58,64,71,7,11,16,15,13,15,17,8,17,25,35,45,49,54
10424,Guatemala,320,Portugal,620,14,16,17,21,25,28,29,7,11,14,18,23,26,28,7,5,3,3,2,2,1
10425,Guatemala,320,PuertoRico,630,69,67,65,77,88,97,107,25,29,33,42,51,57,63,44,38,32,35,37,40,44
10426,Guatemala,320,SaudiArabia,682,27,24,20,24,28,31,32,7,11,14,19,25,28,30,20,13,6,5,3,3,2
10427,Guatemala,320,Spain,724,944,889,833,991,1148,1259,1418,406,438,469,593,717,796,893,538,451,364,398,431,463,525
10428,Guatemala,320,Sweden,752,27,29,30,36,41,45,49,8,13,17,23,29,31,36,19,16,13,13,12,14,13
10429,Guatemala,320,Switzerland,756,151,124,96,115,134,147,165,66,62,57,73,90,99,112,85,62,39,42,44,48,53
10430,Guatemala,320,SyrianArabRepublic,760,52,51,49,59,68,75,83,28,30,31,39,46,51,58,24,21,18,20,22,24,25
10431,Guatemala,320,Turkey,792,16,16,15,19,22,24,25,3,4,5,7,9,9,11,13,12,10,12,13,15,14
10432,Guatemala,320,Egypt,818,22,21,20,24,28,31,32,4,3,3,2,1,1,1,18,18,17,22,27,30,31
10433,Guatemala,320,UnitedKingdom,826,125,134,142,168,194,213,238,47,63,79,102,125,139,155,78,71,63,66,69,74,83
10434,Guatemala,320,UnitedStatesofAmerica,840,5822,5639,5456,6473,7514,8239,9299,2013,2334,2656,3393,4124,4600,5160,3809,3305,2800,3080,3390,3639,4139
10435,Guatemala,320,Uruguay,858,95,92,89,106,122,134,149,46,49,53,66,79,87,97,49,43,36,40,43,47,52
10436,Guatemala,320,VenezuelaBolivarianRepublicof,862,113,144,175,211,246,270,303,41,61,81,100,118,132,149,72,83,94,111,128,138,154
10437,Honduras,340,Melanesia,928,0,0,0,0,0,0,0,0,0,0,0,0,0,0,0,0,0,0,0,0,0
10438,Honduras,340,Micronesia,954,0,0,0,0,0,0,0,0,0,0,0,0,0,0,0,0,0,0,0,0,0
10439,Honduras,340,Polynesia,957,0,0,0,0,0,0,0,0,0,0,0,0,0,0,0,0,0,0,0,0,0
10440,Honduras,340,Argentina,32,145,144,142,139,136,191,194,84,81,78,77,77,109,111,61,63,64,62,59,82,83
10441,Honduras,340,Belgium,56,19,19,19,19,18,25,25,13,13,13,13,12,17,17,6,6,6,6,6,8,8
10442,Honduras,340,BoliviaPlurinationalStateof,68,112,111,110,108,105,147,149,84,82,81,79,77,108,110,28,29,29,29,28,39,39
10443,Honduras,340,Brazil,76,179,178,176,173,169,237,240,77,73,69,69,69,97,98,102,105,107,104,100,140,142
10444,Honduras,340,Belize,84,213,242,271,266,260,365,372,116,127,139,138,137,194,199,97,115,132,128,123,171,173
10445,Honduras,340,Canada,124,264,262,259,254,249,349,355,150,145,140,139,138,194,198,114,117,119,115,111,155,157
10446,Honduras,340,CaymanIslands,136,68,68,67,66,64,90,91,36,35,34,34,33,47,48,32,33,33,32,31,43,43
10447,Honduras,340,Chile,152,273,252,230,226,221,309,314,143,128,113,113,112,157,160,130,124,117,113,109,152,154
10448,Honduras,340,China,156,394,419,443,434,425,596,608,255,266,277,273,270,379,388,139,153,166,161,155,217,220
10449,Honduras,340,Colombia,170,409,527,644,631,618,868,886,237,296,355,351,348,491,501,172,231,289,280,270,377,385
10450,Honduras,340,CostaRica,188,594,617,639,626,613,861,879,328,331,334,331,328,462,472,266,286,305,295,285,399,407
10451,Honduras,340,Cuba,192,464,460,455,446,436,612,624,322,315,307,302,297,417,426,142,145,148,144,139,195,198
10452,Honduras,340,DominicanRepublic,214,103,102,101,99,96,135,137,66,64,62,61,60,85,87,37,38,39,38,36,50,50
10453,Honduras,340,Ecuador,218,348,345,342,335,328,461,470,239,233,228,224,221,312,319,109,112,114,111,107,149,151
10454,Honduras,340,ElSalvador,222,114810,60692,6574,6439,6303,8853,9071,55397,29173,2949,2931,2913,4101,4200,59413,31519,3625,3508,3390,4752,4871
10455,Honduras,340,France,250,109,108,107,105,103,144,146,64,62,60,59,59,83,85,45,46,47,46,44,61,61
10456,Honduras,340,StateofPalestine,275,116,115,114,112,110,154,156,64,62,60,59,59,83,84,52,53,54,53,51,71,72
10457,Honduras,340,Germany,276,223,221,218,213,208,292,297,149,145,141,138,136,192,196,74,76,77,75,72,100,101
10458,Honduras,340,Guatemala,320,3250,3336,3421,3351,3280,4607,4711,1713,1705,1697,1682,1667,2347,2401,1537,1631,1724,1669,1613,2260,2310
10459,Honduras,340,Haiti,332,34,34,33,32,31,43,43,29,29,28,27,27,38,38,5,5,5,5,4,5,5
10460,Honduras,340,Israel,376,68,68,67,66,64,90,91,45,44,43,43,42,60,61,23,24,24,23,22,30,30
10461,Honduras,340,Italy,380,198,196,194,190,186,260,265,150,147,144,142,140,196,200,48,49,50,48,46,64,65
10462,Honduras,340,Jamaica,388,20,20,20,20,19,27,27,16,16,16,16,16,23,23,4,4,4,4,3,4,4
10463,Honduras,340,Japan,392,106,105,103,101,99,139,141,60,58,55,54,54,76,77,46,47,48,47,45,63,64
10464,Honduras,340,Jordan,400,31,31,30,30,29,40,40,17,16,15,15,15,21,21,14,15,15,15,14,19,19
10465,Honduras,340,DemPeoplesRepublicofKorea,408,48,48,47,46,45,62,62,34,33,32,31,31,43,43,14,15,15,15,14,19,19
10466,Honduras,340,RepublicofKorea,410,53,53,52,51,49,68,69,34,33,32,31,30,42,43,19,20,20,20,19,26,26
10467,Honduras,340,Mexico,484,795,980,1164,1140,1116,1567,1602,409,486,562,557,553,779,797,386,494,602,583,563,788,805
10468,Honduras,340,Netherlands,528,69,69,68,67,65,91,92,49,48,47,46,45,64,65,20,21,21,21,20,27,27
10469,Honduras,340,Nicaragua,558,142802,74273,5768,5649,5530,7767,7943,74798,38819,2841,2817,2793,3931,4020,68004,35454,2927,2832,2737,3836,3923
10470,Honduras,340,Panama,591,190,243,296,290,284,398,406,111,138,165,163,162,228,234,79,105,131,127,122,170,172
10471,Honduras,340,Paraguay,600,27,27,26,26,25,35,35,16,16,15,15,15,22,22,11,11,11,11,10,13,13
10472,Honduras,340,Peru,604,291,288,285,280,274,384,392,171,165,160,159,157,221,227,120,123,125,121,117,163,165
10473,Honduras,340,PuertoRico,630,98,97,96,94,92,129,131,62,60,58,57,57,80,82,36,37,38,37,35,49,49
10474,Honduras,340,RussianFederation,643,19,19,19,19,18,25,25,11,11,11,11,10,15,15,8,8,8,8,8,10,10
10475,Honduras,340,Spain,724,371,381,391,383,374,525,536,217,217,218,215,212,299,307,154,164,173,168,162,226,229
10476,Honduras,340,Sweden,752,23,23,23,23,22,31,31,12,12,12,12,12,18,18,11,11,11,11,10,13,13
10477,Honduras,340,Switzerland,756,47,47,46,45,44,61,61,34,33,32,31,31,44,44,13,14,14,14,13,17,17
10478,Honduras,340,UnitedKingdom,826,78,77,76,75,73,102,103,55,53,52,52,51,72,73,23,24,24,23,22,30,30
10479,Honduras,340,UnitedStatesofAmerica,840,2692,3877,5061,4946,4851,6799,6954,1535,2140,2744,2719,2683,3751,3837,1157,1737,2317,2227,2168,3048,3117
10480,Honduras,340,Uruguay,858,51,51,50,49,48,66,67,33,32,31,30,30,42,43,18,19,19,19,18,24,24
10481,Honduras,340,VenezuelaBolivarianRepublicof,862,75,74,73,73,73,102,103,40,38,36,35,35,49,50,35,36,37,38,38,53,53
10482,Mexico,484,Melanesia,928,0,0,0,0,0,0,0,0,0,0,0,0,0,0,0,0,0,0,0,0,0
10483,Mexico,484,Micronesia,954,0,0,0,0,0,0,0,0,0,0,0,0,0,0,0,0,0,0,0,0,0
10484,Mexico,484,Polynesia,957,0,0,0,0,0,0,0,0,0,0,0,0,0,0,0,0,0,0,0,0,0
10485,Mexico,484,Algeria,12,47,87,131,109,99,102,110,24,53,84,73,71,74,81,23,34,47,36,28,28,29
10486,Mexico,484,Angola,24,39,43,49,48,52,54,57,21,22,24,23,24,26,28,18,21,25,25,28,28,29
10487,Mexico,484,Argentina,32,4340,5366,6625,9831,14174,15214,16688,2142,2662,3312,5088,7461,7787,8638,2198,2704,3313,4743,6713,7427,8050
10488,Mexico,484,Australia,36,116,256,408,398,435,454,496,12,89,170,184,221,229,253,104,167,238,214,214,225,243
10489,Mexico,484,Austria,40,429,569,735,585,502,524,573,209,284,374,297,255,264,292,220,285,361,288,247,260,281
10490,Mexico,484,Bangladesh,50,35,24,15,31,50,51,54,23,16,10,23,38,40,42,12,8,5,8,12,11,12
10491,Mexico,484,Armenia,51,60,66,75,81,97,100,108,33,35,38,41,49,50,55,27,31,37,40,48,50,53
10492,Mexico,484,Belgium,56,730,887,1083,913,848,885,969,395,439,505,459,466,482,534,335,448,578,454,382,403,435
10493,Mexico,484,BoliviaPlurinationalStateof,68,1519,1725,2007,1889,1989,1599,1753,954,1011,1116,1016,1035,684,763,565,714,891,873,954,915,990
10494,Mexico,484,Brazil,76,1682,2482,3391,3745,4533,6350,6964,782,1080,1434,1616,1989,2951,3282,900,1402,1957,2129,2544,3399,3682
10495,Mexico,484,Belize,84,1415,1474,1597,1848,2313,1940,2127,596,558,549,767,1076,913,1014,819,916,1048,1081,1237,1027,1113
10496,Mexico,484,Bulgaria,100,69,191,322,269,247,258,282,46,94,147,120,107,112,124,23,97,175,149,140,146,158
10497,Mexico,484,Cameroon,120,5,5,6,22,40,41,44,3,3,3,16,31,33,36,2,2,3,6,9,8,8
10498,Mexico,484,Canada,124,3100,5063,7245,8250,10210,9475,10394,1428,2473,3640,4201,5255,4630,5142,1672,2590,3605,4049,4955,4845,5252
10499,Mexico,484,Chile,152,2783,4144,5685,5177,5268,6121,6714,1340,1909,2574,2525,2772,3028,3362,1443,2235,3111,2652,2496,3093,3352
10500,Mexico,484,China,156,1240,1911,2665,4698,7274,8849,9706,784,1049,1363,2525,3981,5630,6217,456,862,1302,2173,3293,3219,3489
10501,Mexico,484,Colombia,170,4660,5530,6639,9406,13262,18461,20253,2272,2576,3007,4103,5684,7799,8698,2388,2954,3632,5303,7578,10662,11555
10502,Mexico,484,DemocraticRepublicoftheCongo,180,12,13,15,44,79,81,88,12,12,12,30,53,55,61,0,1,3,14,26,26,27
10503,Mexico,484,CostaRica,188,2088,2571,3166,2670,2483,3128,3430,783,1000,1270,1134,1132,1547,1718,1305,1571,1896,1536,1351,1581,1712
10504,Mexico,484,Croatia,191,64,71,82,64,53,55,58,34,36,40,31,25,27,29,30,35,42,33,28,28,29
10505,Mexico,484,Cuba,192,2660,4858,7267,9024,11825,12348,13546,1138,2235,3445,4485,6051,6590,7305,1522,2623,3822,4539,5774,5758,6241
10506,Mexico,484,Czechia,203,348,331,330,312,330,344,376,232,175,127,117,120,124,139,116,156,203,195,210,220,237
10507,Mexico,484,Denmark,208,255,298,355,287,253,264,288,151,167,191,159,147,153,170,104,131,164,128,106,111,118
10508,Mexico,484,DominicanRepublic,214,522,842,1199,1325,1604,2832,3107,279,413,567,645,799,1136,1270,243,429,632,680,805,1696,1837
10509,Mexico,484,Ecuador,218,719,1222,1778,1881,2202,3189,3497,338,580,850,913,1084,1355,1511,381,642,928,968,1118,1834,1986
10510,Mexico,484,ElSalvador,222,301106,4931,5786,6925,8866,10427,16807,150796,2279,2691,3269,4231,5239,8463,150310,2652,3095,3656,4635,5188,8344
10511,Mexico,484,Finland,246,35,78,125,129,148,153,167,12,29,47,49,57,58,66,23,49,78,80,91,95,101
10512,Mexico,484,France,250,4190,4851,5723,6739,8535,9635,10569,2100,2445,2910,3317,4113,5231,5797,2090,2406,2813,3422,4422,4404,4772
10513,Mexico,484,StateofPalestine,275,2,6,11,19,29,29,30,0,3,5,9,13,13,14,2,3,6,10,16,16,16
10514,Mexico,484,Germany,276,4560,4988,5632,5987,7035,6630,7272,2321,2667,3142,3375,4002,3472,3850,2239,2321,2490,2612,3033,3158,3422
10515,Mexico,484,Greece,300,255,270,297,259,250,261,286,151,176,208,179,169,177,196,104,94,89,80,81,84,90
10516,Mexico,484,Guatemala,320,72343,49676,29156,29329,32894,42221,46318,36574,26336,17372,15302,15024,19636,21837,35769,23340,11784,14027,17870,22585,24481
10517,Mexico,484,Haiti,332,475,395,334,603,941,570,5787,383,297,225,384,586,296,3010,92,98,109,219,355,274,2777
10518,Mexico,484,Honduras,340,1990,3031,4203,6704,9982,14623,38764,955,1290,1689,2969,4600,6500,17273,1035,1741,2514,3735,5382,8123,21491
10519,Mexico,484,Hungary,348,290,313,351,341,370,386,422,140,135,138,132,142,146,164,150,178,213,209,228,240,258
10520,Mexico,484,India,356,128,347,583,684,864,1965,2154,93,202,321,400,526,1434,1580,35,145,262,284,338,531,574
10521,Mexico,484,Indonesia,360,69,82,99,120,154,160,175,46,43,42,57,78,81,91,23,39,57,63,76,79,84
10522,Mexico,484,IranIslamicRepublicof,364,58,150,249,247,274,285,312,46,115,189,175,181,188,208,12,35,60,72,93,97,104
10523,Mexico,484,Iraq,368,23,40,60,51,48,49,52,0,19,40,37,38,40,42,23,21,20,14,10,9,10
10524,Mexico,484,Ireland,372,186,211,246,244,271,282,308,105,117,135,147,178,185,204,81,94,111,97,93,97,104
10525,Mexico,484,Israel,376,1195,1303,1469,1249,1173,1932,2118,653,725,833,726,704,1155,1276,542,578,636,523,469,777,842
10526,Mexico,484,Italy,380,3503,4434,5558,4974,4965,5806,6368,2118,2730,3470,3202,3306,4237,4668,1385,1704,2088,1772,1659,1569,1700
10527,Mexico,484,CotedIvoire,384,139,70,6,15,26,26,27,70,36,5,11,18,19,20,69,34,1,4,8,7,7
10528,Mexico,484,Jamaica,388,116,115,121,117,127,132,143,24,36,51,59,75,78,86,92,79,70,58,52,54,57
10529,Mexico,484,Japan,392,3096,3647,4356,3479,3005,3753,4116,1676,1858,2130,1719,1511,2247,2485,1420,1789,2226,1760,1494,1506,1631
10530,Mexico,484,Jordan,400,35,48,64,50,42,43,46,35,39,44,36,32,34,36,0,9,20,14,10,9,10
10531,Mexico,484,Kenya,404,69,46,26,44,66,68,73,11,10,10,23,38,40,44,58,36,16,21,28,28,29
10532,Mexico,484,DemPeoplesRepublicofKorea,408,336,1219,2156,1033,30,1719,1885,151,614,1108,531,17,1106,1222,185,605,1048,502,13,613,663
10533,Mexico,484,RepublicofKorea,410,128,300,487,2102,3961,1863,2041,82,166,259,1173,2224,1029,1138,46,134,228,929,1737,834,903
10534,Mexico,484,Lebanon,422,1542,1585,1698,1263,974,527,576,838,862,928,709,572,316,348,704,723,770,554,402,211,228
10535,Mexico,484,Latvia,428,21,23,26,28,34,35,38,11,11,11,10,12,13,15,10,12,15,18,22,22,23
10536,Mexico,484,Lithuania,440,78,87,101,76,59,61,65,28,30,33,24,17,18,19,50,57,68,52,42,43,46
10537,Mexico,484,Malaysia,458,23,41,61,55,55,57,60,0,15,31,29,30,32,35,23,26,30,26,25,25,25
10538,Mexico,484,Morocco,504,186,204,232,220,234,244,265,82,101,126,128,145,151,166,104,103,106,92,89,93,99
10539,Mexico,484,Netherlands,528,638,870,1140,1045,1071,1309,1435,326,469,634,610,657,891,982,312,401,506,435,414,418,453
10540,Mexico,484,NewZealand,554,35,70,110,101,104,108,117,23,40,60,56,58,60,67,12,30,50,45,46,48,50
10541,Mexico,484,Nicaragua,558,3096,3324,3696,3435,3573,3924,4303,1596,1567,1615,1546,1661,1807,2009,1500,1757,2081,1889,1912,2117,2294
10542,Mexico,484,Nigeria,566,69,55,44,87,139,144,157,57,44,33,68,109,113,125,12,11,11,19,30,31,32
10543,Mexico,484,Norway,578,58,124,197,177,178,185,201,35,70,108,105,115,119,131,23,54,89,72,63,66,70
10544,Mexico,484,Pakistan,586,23,53,87,110,145,150,163,11,39,69,86,112,116,127,12,14,18,24,33,34,36
10545,Mexico,484,Panama,591,25641,13722,2396,1967,1767,1612,1767,12956,6879,1138,943,860,937,1037,12685,6843,1258,1024,907,675,730
10546,Mexico,484,Paraguay,600,290,302,329,395,507,529,579,198,170,151,173,215,222,248,92,132,178,222,292,307,331
10547,Mexico,484,Peru,604,2981,4140,5479,5373,5888,4730,5187,1630,2093,2659,2713,3085,3119,3443,1351,2047,2820,2660,2803,1611,1744
10548,Mexico,484,Philippines,608,186,315,458,453,500,522,572,117,164,218,223,254,263,292,69,151,240,230,246,259,280
10549,Mexico,484,Poland,616,1693,1514,1401,1064,850,682,747,573,535,525,400,322,325,361,1120,979,876,664,528,357,386
10550,Mexico,484,Portugal,620,163,276,401,398,441,570,624,128,174,228,236,271,400,441,35,102,173,162,170,170,183
10551,Mexico,484,PuertoRico,630,1287,1888,2572,1847,1336,1120,1227,629,873,1161,883,709,650,720,658,1015,1411,964,627,470,507
10552,Mexico,484,Romania,642,278,310,357,357,398,415,455,174,154,142,136,146,150,169,104,156,215,221,252,265,286
10553,Mexico,484,RussianFederation,643,1171,1503,1901,1642,1573,1664,1824,560,602,676,581,555,603,675,611,901,1225,1061,1018,1061,1149
10554,Mexico,484,SaudiArabia,682,186,175,172,132,107,111,119,94,98,107,88,78,82,89,92,77,65,44,29,29,30
10555,Mexico,484,Senegal,686,23,21,20,25,33,33,36,23,18,12,15,19,20,23,0,3,8,10,14,13,13
10556,Mexico,484,Serbia,688,5,13,23,39,59,61,65,2,5,8,16,25,26,28,3,8,15,23,34,35,37
10557,Mexico,484,Singapore,702,12,36,63,52,48,49,52,0,13,28,22,19,20,22,12,23,35,30,29,29,30
10558,Mexico,484,Slovakia,703,69,50,34,65,104,108,117,23,21,19,24,33,35,38,46,29,15,41,71,73,79
10559,Mexico,484,VietNam,704,81,64,50,62,82,84,91,58,43,30,34,42,43,48,23,21,20,28,40,41,43
10560,Mexico,484,Slovenia,705,39,43,49,48,52,54,57,23,25,28,24,23,25,27,16,18,21,24,29,29,30
10561,Mexico,484,SouthAfrica,710,87,96,110,144,194,202,220,42,44,48,74,109,114,127,45,52,62,70,85,88,93
10562,Mexico,484,Spain,724,24620,22491,21334,19883,20731,22544,24731,13473,12178,11468,10579,10930,12548,13897,11147,10313,9866,9304,9801,9996,10834
10563,Mexico,484,Sweden,752,324,466,629,494,416,647,709,162,221,290,243,224,367,407,162,245,339,251,192,280,302
10564,Mexico,484,Switzerland,756,1195,1657,2192,1726,1461,1527,1675,710,933,1200,947,807,838,929,485,724,992,779,654,689,746
10565,Mexico,484,SyrianArabRepublic,760,510,480,472,314,192,200,218,348,300,267,186,127,132,146,162,180,205,128,65,68,72
10566,Mexico,484,Thailand,764,35,48,64,86,118,123,132,35,29,24,31,42,44,48,0,19,40,55,76,79,84
10567,Mexico,484,TrinidadandTobago,780,32,35,41,33,28,28,29,20,22,25,19,14,15,16,12,13,16,14,14,13,13
10568,Mexico,484,Turkey,792,290,317,359,298,271,282,308,128,142,163,160,176,183,202,162,175,196,138,95,99,106
10569,Mexico,484,Ukraine,804,250,279,322,308,330,344,376,116,123,137,119,115,118,132,134,156,185,189,215,226,244
10570,Mexico,484,Egypt,818,197,174,159,168,196,203,221,93,95,102,121,154,160,175,104,79,57,47,42,43,46
10571,Mexico,484,UnitedKingdom,826,2273,3058,3976,3476,3380,3536,3877,1199,1528,1932,1829,1942,1764,1958,1074,1530,2044,1647,1438,1772,1919
10572,Mexico,484,UnitedStatesofAmerica,840,198230,272472,358399,520171,742050,728502,799248,97160,134898,179268,262612,376791,364187,404288,101070,137574,179131,257559,365259,364315,394960
10573,Mexico,484,Uruguay,858,1113,1506,1966,2050,2372,3163,3469,594,768,980,1065,1275,1255,1400,519,738,986,985,1097,1908,2069
10574,Mexico,484,VenezuelaBolivarianRepublicof,862,1460,2194,3024,6528,10788,16491,70377,634,972,1359,2894,4769,6953,29741,826,1222,1665,3634,6019,9538,40636
10575,Nicaragua,558,Melanesia,928,0,0,0,0,0,0,0,0,0,0,0,0,0,0,0,0,0,0,0,0,0
10576,Nicaragua,558,Micronesia,954,0,0,0,0,0,0,0,0,0,0,0,0,0,0,0,0,0,0,0,0,0
10577,Nicaragua,558,Polynesia,957,0,0,0,0,0,0,0,0,0,0,0,0,0,0,0,0,0,0,0,0,0
10578,Nicaragua,558,Afghanistan,4,27,22,37,54,57,61,62,16,13,21,29,31,34,35,11,9,16,25,26,27,27
10579,Nicaragua,558,Algeria,12,50,40,68,99,105,113,117,27,21,33,45,48,52,55,23,19,35,54,57,61,62
10580,Nicaragua,558,AntiguaandBarbuda,28,35,28,65,104,111,119,123,18,14,32,50,54,58,61,17,14,33,54,57,61,62
10581,Nicaragua,558,Argentina,32,185,147,188,235,251,270,281,105,83,101,121,130,141,147,80,64,87,114,121,129,134
10582,Nicaragua,558,Austria,40,54,43,38,34,36,38,38,33,26,23,20,22,23,24,21,17,15,14,14,15,14
10583,Nicaragua,558,Bahamas,44,23,19,45,73,78,84,86,12,10,23,36,39,43,45,11,9,22,37,39,41,41
10584,Nicaragua,558,Belgium,56,52,42,40,39,41,44,45,36,29,29,29,31,34,36,16,13,11,10,10,10,9
10585,Nicaragua,558,BoliviaPlurinationalStateof,68,47,38,46,57,60,64,66,29,23,28,34,36,39,41,18,15,18,23,24,25,25
10586,Nicaragua,558,Brazil,76,138,110,107,107,114,122,126,53,42,45,48,52,56,58,85,68,62,59,62,66,68
10587,Nicaragua,558,Belize,84,60,48,34,22,23,24,24,33,26,18,11,12,13,14,27,22,16,11,11,11,10
10588,Nicaragua,558,Bulgaria,100,88,70,61,54,57,61,62,28,22,21,19,20,22,23,60,48,40,35,37,39,39
10589,Nicaragua,558,Canada,124,185,147,180,219,234,252,262,95,75,92,112,121,131,137,90,72,88,107,113,121,125
10590,Nicaragua,558,Chile,152,144,115,111,110,117,126,130,94,75,69,64,69,75,78,50,40,42,46,48,51,52
10591,Nicaragua,558,China,156,55,44,81,121,129,139,144,44,35,56,78,84,91,95,11,9,25,43,45,48,49
10592,Nicaragua,558,Colombia,170,298,237,309,389,415,447,467,143,113,161,211,226,245,256,155,124,148,178,189,202,211
10593,Nicaragua,558,DemocraticRepublicoftheCongo,180,21,17,29,42,44,47,48,15,12,20,28,30,32,34,6,5,9,14,14,15,14
10594,Nicaragua,558,CostaRica,188,5959,4727,6948,9343,9989,10772,11281,2894,2277,3453,4692,5051,5473,5728,3065,2450,3495,4651,4938,5299,5553
10595,Nicaragua,558,Cuba,192,896,711,754,817,873,941,984,534,421,457,502,539,583,610,362,290,297,315,334,358,374
10596,Nicaragua,558,Denmark,208,55,44,44,46,49,52,53,35,28,29,30,33,35,37,20,16,15,16,16,17,16
10597,Nicaragua,558,DominicanRepublic,214,65,52,55,60,64,69,71,32,25,28,31,34,37,39,33,27,27,29,30,32,32
10598,Nicaragua,558,Ecuador,218,98,78,86,97,103,111,115,55,43,50,58,62,67,70,43,35,36,39,41,44,45
10599,Nicaragua,558,ElSalvador,222,12443,2136,2102,2121,2267,2444,2557,6324,1200,1161,1144,1230,1332,1393,6119,936,941,977,1037,1112,1164
10600,Nicaragua,558,Ethiopia,231,36,29,49,72,76,81,83,24,19,31,44,47,50,52,12,10,18,28,29,31,31
10601,Nicaragua,558,France,250,139,111,119,130,138,148,154,79,63,70,78,83,89,94,60,48,49,52,55,59,60
10602,Nicaragua,558,Germany,276,374,297,275,261,279,300,313,209,165,163,165,178,192,201,165,132,112,96,101,108,112
10603,Nicaragua,558,Guatemala,320,1134,900,1199,1529,1634,1762,1843,583,459,624,802,863,935,977,551,441,575,727,771,827,866
10604,Nicaragua,558,Haiti,332,25,20,20,21,22,23,23,19,15,13,10,11,12,13,6,5,7,11,11,11,10
10605,Nicaragua,558,Honduras,340,10105,9473,10017,10745,11534,12439,13110,4953,4607,4840,5189,5598,6071,6354,5152,4866,5177,5556,5936,6368,6756
10606,Nicaragua,558,India,356,12,10,15,22,23,24,24,9,7,9,11,12,13,14,3,3,6,11,11,11,10
10607,Nicaragua,558,Ireland,372,15,12,16,22,23,24,24,7,5,10,16,17,18,19,8,7,6,6,6,6,5
10608,Nicaragua,558,Italy,380,187,149,155,166,177,190,198,124,98,111,127,136,146,153,63,51,44,39,41,44,45
10609,Nicaragua,558,Jamaica,388,39,31,24,18,19,20,19,23,18,15,12,13,14,14,16,13,9,6,6,6,5
10610,Nicaragua,558,Japan,392,54,43,39,36,38,40,40,36,28,26,23,25,27,28,18,15,13,13,13,13,12
10611,Nicaragua,558,Jordan,400,13,11,17,24,25,26,26,11,9,12,14,15,16,17,2,2,5,10,10,10,9
10612,Nicaragua,558,RepublicofKorea,410,20,16,34,54,57,61,62,10,8,20,33,35,38,39,10,8,14,21,22,23,23
10613,Nicaragua,558,Mexico,484,925,734,725,735,785,846,885,395,310,315,326,351,381,399,530,424,410,409,434,465,486
10614,Nicaragua,558,Netherlands,528,117,93,160,232,248,267,278,61,48,75,104,113,123,129,56,45,85,128,135,144,149
10615,Nicaragua,558,Nigeria,566,11,9,15,22,23,24,24,5,4,6,8,9,9,10,6,5,9,14,14,15,14
10616,Nicaragua,558,Panama,591,442,351,347,352,376,405,423,216,170,182,196,211,228,239,226,181,165,156,165,177,184
10617,Nicaragua,558,Peru,604,221,176,185,199,212,228,237,125,99,106,115,123,133,139,96,77,79,84,89,95,98
10618,Nicaragua,558,PuertoRico,630,54,43,46,51,54,58,59,24,19,23,27,29,32,33,30,24,23,24,25,26,26
10619,Nicaragua,558,RussianFederation,643,387,307,235,169,180,194,202,148,116,91,66,71,78,82,239,191,144,103,109,116,120
10620,Nicaragua,558,Senegal,686,83,66,113,164,175,188,195,42,33,51,70,76,82,84,41,33,62,94,99,106,111
10621,Nicaragua,558,Somalia,706,17,14,23,34,36,38,38,5,4,5,6,7,7,7,12,10,18,28,29,31,31
10622,Nicaragua,558,Spain,724,557,442,415,400,427,460,480,317,250,234,224,241,261,272,240,192,181,176,186,199,208
10623,Nicaragua,558,Sweden,752,55,44,36,29,31,33,33,23,18,18,17,19,21,22,32,26,18,12,12,12,11
10624,Nicaragua,558,Switzerland,756,95,76,73,73,78,84,86,65,52,52,53,57,62,64,30,24,21,20,21,22,22
10625,Nicaragua,558,Ukraine,804,80,64,65,69,73,78,80,28,22,25,29,31,33,34,52,42,40,40,42,45,46
10626,Nicaragua,558,UnitedKingdom,826,46,37,48,62,66,71,73,29,23,31,40,43,47,49,17,14,17,22,23,24,24
10627,Nicaragua,558,UnitedStatesofAmerica,840,3721,2952,3006,3085,3298,3606,3775,1838,1447,1542,1646,1771,1928,2018,1883,1505,1464,1439,1527,1678,1757
10628,Nicaragua,558,Uruguay,858,11,9,21,34,36,38,38,5,4,9,13,14,15,15,6,5,12,21,22,23,23
10629,Nicaragua,558,VenezuelaBolivarianRepublicof,862,146,116,125,139,148,159,165,68,53,61,70,75,81,85,78,63,64,69,73,78,80
10630,Nicaragua,558,Yemen,887,13,11,18,27,28,30,30,5,4,6,8,8,9,10,8,7,12,19,20,21,20
10631,Panama,591,Melanesia,928,0,0,0,0,0,0,0,0,0,0,0,0,0,0,0,0,0,0,0,0,0
10632,Panama,591,Micronesia,954,0,0,0,0,0,0,0,0,0,0,0,0,0,0,0,0,0,0,0,0,0
10633,Panama,591,Polynesia,957,0,0,0,0,0,0,0,0,0,0,0,0,0,0,0,0,0,0,0,0,0
10634,Panama,591,Argentina,32,580,667,796,1350,2179,2550,3062,304,352,420,728,1196,1397,1729,276,315,376,622,983,1153,1333
10635,Panama,591,Australia,36,115,79,48,130,238,279,335,67,47,28,88,165,194,237,48,32,20,42,73,85,98
10636,Panama,591,Austria,40,41,45,53,66,93,108,129,26,29,33,38,50,59,73,15,16,20,28,43,49,56
10637,Panama,591,Bangladesh,50,7,9,13,22,36,42,51,7,9,13,19,28,33,41,0,0,0,3,8,9,10
10638,Panama,591,Barbados,52,137,88,46,34,29,32,38,53,34,17,14,14,15,20,84,54,29,20,15,17,18
10639,Panama,591,Belgium,56,26,23,22,115,232,271,324,19,17,16,79,159,186,226,7,6,6,36,73,85,98
10640,Panama,591,BoliviaPlurinationalStateof,68,213,194,189,261,388,454,543,108,100,98,129,190,223,277,105,94,91,132,198,231,266
10641,Panama,591,Brazil,76,633,695,802,1139,1710,2002,2406,247,273,313,501,806,941,1179,386,422,489,638,904,1061,1227
10642,Panama,591,Belize,84,64,72,86,72,74,86,103,34,39,46,42,47,56,69,30,33,40,30,27,30,34
10643,Panama,591,Bulgaria,100,25,44,66,58,63,73,87,17,30,44,37,38,45,55,8,14,22,21,25,28,32
10644,Panama,591,Myanmar,104,23,32,44,58,85,98,117,23,32,44,58,83,97,117,0,0,0,0,2,1,0
10645,Panama,591,Canada,124,140,280,438,900,1545,1808,2171,73,149,232,512,903,1053,1297,67,131,206,388,642,755,874
10646,Panama,591,Chile,152,998,997,1060,1184,1549,1813,2178,504,506,538,614,826,965,1198,494,491,522,570,723,848,980
10647,Panama,591,China,156,10235,10439,11300,12365,15942,18665,22427,5942,5863,6124,6555,8430,9846,12215,4293,4576,5176,5810,7512,8819,10212
10648,Panama,591,Colombia,170,13968,17179,21473,31157,47190,55251,50702,6902,8492,10565,14539,21801,25446,22699,7066,8687,10908,16618,25389,29805,28003
10649,Panama,591,CostaRica,188,3919,4155,4654,5121,6629,7760,9320,1683,1844,2108,2366,3160,3688,4607,2236,2311,2546,2755,3469,4072,4713
10650,Panama,591,Croatia,191,36,39,46,60,87,102,121,32,36,42,49,66,79,95,4,3,4,11,21,23,26
10651,Panama,591,Cuba,192,3267,2396,1676,1856,2413,2825,2194,1787,1324,938,1059,1410,1648,1332,1480,1072,738,797,1003,1177,862
10652,Panama,591,Czechia,203,16,20,26,27,34,38,45,8,10,13,12,13,15,19,8,10,13,15,21,23,26
10653,Panama,591,Denmark,208,19,28,40,76,127,147,176,12,19,27,58,100,117,142,7,9,13,18,27,30,34
10654,Panama,591,Dominica,212,12,17,24,33,50,58,68,4,6,9,12,18,21,26,8,11,15,21,32,37,42
10655,Panama,591,DominicanRepublic,214,1474,3554,5859,5798,6914,8095,9711,417,1022,1677,1749,2257,2627,3386,1057,2532,4182,4049,4657,5468,6325
10656,Panama,591,Ecuador,218,1414,1604,1896,1897,2282,2672,3201,883,958,1089,1046,1229,1435,1773,531,646,807,851,1053,1237,1428
10657,Panama,591,ElSalvador,222,2396,2146,2032,2173,2756,3225,4147,1283,1127,1036,1084,1374,1602,2157,1113,1019,996,1089,1382,1623,1990
10658,Panama,591,Finland,246,7,8,11,23,40,46,55,4,5,7,12,19,23,29,3,3,4,11,21,23,26
10659,Panama,591,France,250,260,282,322,522,828,969,1163,144,157,179,304,496,579,713,116,125,143,218,332,390,450
10660,Panama,591,Georgia,268,0,0,0,22,50,58,68,0,0,0,20,44,53,63,0,0,0,2,6,5,5
10661,Panama,591,StateofPalestine,275,56,80,111,116,144,167,199,41,59,82,83,99,115,141,15,21,29,33,45,52,58
10662,Panama,591,Germany,276,284,344,426,606,909,1065,1279,175,213,263,359,533,625,770,109,131,163,247,376,440,509
10663,Panama,591,Greece,300,235,224,229,230,278,325,389,166,159,162,177,229,268,324,69,65,67,53,49,57,65
10664,Panama,591,Grenada,308,21,11,2,11,23,27,31,6,3,0,6,13,17,20,15,8,2,5,10,10,11
10665,Panama,591,Guatemala,320,376,473,600,894,1372,1606,1925,191,242,307,486,774,904,1116,185,231,293,408,598,702,809
10666,Panama,591,Guyana,328,46,38,33,34,42,48,57,32,28,25,20,19,23,29,14,10,8,14,23,25,28
10667,Panama,591,Haiti,332,122,204,300,346,463,542,651,60,101,148,162,213,248,311,62,103,152,184,250,294,340
10668,Panama,591,Honduras,340,638,715,838,963,1284,1504,1797,292,331,388,449,612,715,889,346,384,450,514,672,789,908
10669,Panama,591,China,156,344,187,270,371,277,240,281,337,100,146,201,143,118,138,173,87,124,170,134,122,143
10670,Panama,591,Hungary,348,79,47,20,32,51,59,69,32,19,9,18,32,37,44,47,28,11,14,19,22,25
10671,Panama,591,India,356,1474,1738,2112,2696,3828,4481,5383,887,1036,1246,1643,2394,2798,3435,587,702,866,1053,1434,1683,1948
10672,Panama,591,Indonesia,360,49,70,97,96,116,135,161,35,51,71,72,89,105,127,14,19,26,24,27,30,34
10673,Panama,591,IranIslamicRepublicof,364,31,45,62,61,74,86,99,24,36,49,47,55,64,76,7,9,13,14,19,22,23
10674,Panama,591,Ireland,372,9,15,24,47,80,92,109,6,10,16,33,57,67,81,3,5,8,14,23,25,28
10675,Panama,591,Israel,376,414,472,560,686,951,1114,1338,269,308,365,460,652,764,934,145,164,195,226,299,350,404
10676,Panama,591,Italy,380,454,500,578,772,1125,1318,1587,284,314,363,515,780,913,1117,170,186,215,257,345,405,470
10677,Panama,591,Jamaica,388,942,724,553,521,595,697,830,394,305,233,234,289,337,417,548,419,320,287,306,360,413
10678,Panama,591,Japan,392,169,244,335,296,317,372,446,104,152,208,172,173,204,252,65,92,127,124,144,168,194
10679,Panama,591,Jordan,400,43,61,84,84,102,119,141,30,43,58,58,72,84,101,13,18,26,26,30,35,40
10680,Panama,591,RepublicofKorea,410,96,139,191,243,345,402,483,54,79,108,142,207,240,296,42,60,83,101,138,162,187
10681,Panama,591,Lebanon,422,282,303,344,360,450,526,632,176,189,214,216,265,310,382,106,114,130,144,185,216,250
10682,Panama,591,Libya,434,11,15,22,25,34,38,45,6,9,14,18,26,29,35,5,6,8,7,8,9,10
10683,Panama,591,Lithuania,440,15,20,28,30,40,46,54,11,15,20,22,30,36,44,4,5,8,8,10,10,10
10684,Panama,591,Malaysia,458,12,17,24,22,25,28,33,9,14,20,14,10,11,15,3,3,4,8,15,17,18
10685,Panama,591,Mexico,484,1393,1810,2341,2935,4127,4832,5801,554,795,1078,1500,2255,2634,3259,839,1015,1263,1435,1872,2198,2542
10686,Panama,591,Morocco,504,24,33,46,52,68,79,94,15,21,29,34,45,54,66,9,12,17,18,23,25,28
10687,Panama,591,Netherlands,528,79,90,108,236,413,482,579,49,57,68,157,280,327,400,30,33,40,79,133,155,179
10688,Panama,591,CuraÃao,531,61,88,122,68,27,31,37,12,17,24,17,13,16,21,49,71,98,51,14,15,16
10689,Panama,591,NewZealand,554,17,24,33,35,44,50,59,9,13,18,22,30,35,43,8,11,15,13,14,15,16
10690,Panama,591,Nicaragua,558,4553,4593,4923,7240,11032,12915,15517,2116,2061,2121,3007,4588,5351,6758,2437,2532,2802,4233,6444,7564,8759
10691,Panama,591,Nigeria,566,7,9,13,20,33,37,43,6,8,11,16,25,28,34,1,1,2,4,8,9,9
10692,Panama,591,Norway,578,7,6,6,32,66,77,91,3,4,4,20,41,49,59,4,2,2,12,25,28,32
10693,Panama,591,Pakistan,586,43,45,51,55,72,84,99,25,27,31,32,42,49,60,18,18,20,23,30,35,39
10694,Panama,591,Paraguay,600,38,35,35,63,104,122,145,14,13,13,24,40,48,60,24,22,22,39,64,74,85
10695,Panama,591,Peru,604,1781,2170,2697,2888,3666,4290,5155,1052,1266,1555,1630,2061,2407,2975,729,904,1142,1258,1605,1883,2180
10696,Panama,591,Philippines,608,223,323,444,822,1368,1601,1923,209,304,418,778,1297,1518,1829,14,19,26,44,71,83,94
10697,Panama,591,Poland,616,67,71,80,112,168,196,235,45,48,54,72,106,125,154,22,23,26,40,62,71,81
10698,Panama,591,Portugal,620,177,152,137,161,217,254,305,125,108,97,109,144,169,207,52,44,40,52,73,85,98
10699,Panama,591,PuertoRico,630,253,285,335,432,616,721,865,157,179,210,274,396,463,567,96,106,125,158,220,258,298
10700,Panama,591,Romania,642,38,52,71,102,155,182,215,24,32,42,70,112,133,161,14,20,29,32,43,49,54
10701,Panama,591,RussianFederation,643,408,396,409,571,851,995,1192,169,166,172,323,545,635,777,239,230,237,248,306,360,415
10702,Panama,591,SaintPierreandMiquelon,666,11,15,22,28,40,46,55,5,7,11,14,19,23,29,6,8,11,14,21,23,26
10703,Panama,591,SaudiArabia,682,18,25,35,36,44,50,59,13,19,27,26,29,33,41,5,6,8,10,15,17,18
10704,Panama,591,Serbia,688,27,29,33,25,23,27,31,20,22,25,20,19,23,26,7,7,8,5,4,4,5
10705,Panama,591,Singapore,702,10,14,20,27,40,46,55,7,11,16,18,23,26,34,3,3,4,9,17,20,21
10706,Panama,591,Slovakia,703,5,5,6,16,31,36,43,4,4,4,7,12,14,18,1,1,2,9,19,22,25
10707,Panama,591,VietNam,704,5,6,8,27,51,59,69,3,4,4,16,30,36,43,2,2,4,11,21,23,26
10708,Panama,591,SouthAfrica,710,12,17,24,28,40,46,55,6,9,13,14,19,23,29,6,8,11,14,21,23,26
10709,Panama,591,Spain,724,2506,2432,2512,2576,3162,3702,4447,1579,1525,1561,1596,1972,2305,2829,927,907,951,980,1190,1397,1618
10710,Panama,591,Sweden,752,27,37,51,106,182,212,254,18,25,34,77,133,155,189,9,12,17,29,49,57,65
10711,Panama,591,Switzerland,756,84,121,166,217,314,367,439,52,77,106,143,211,247,301,32,44,60,74,103,120,138
10712,Panama,591,SyrianArabRepublic,760,83,119,164,177,227,265,329,53,77,106,108,135,158,202,30,42,58,69,92,107,127
10713,Panama,591,Thailand,764,3,3,4,57,123,144,171,2,2,2,50,109,129,155,1,1,2,7,14,15,16
10714,Panama,591,TrinidadandTobago,780,64,53,46,67,102,119,141,35,30,26,37,55,65,80,29,23,20,30,47,54,61
10715,Panama,591,Turkey,792,33,35,40,62,97,112,134,21,22,25,46,76,89,108,12,13,15,16,21,23,26
10716,Panama,591,Ukraine,804,66,94,128,253,430,502,603,40,57,77,197,357,417,505,26,37,51,56,73,85,98
10717,Panama,591,Egypt,818,21,30,42,47,63,73,87,9,13,18,25,38,45,55,12,17,24,22,25,28,32
10718,Panama,591,UnitedKingdom,826,319,314,329,931,1723,2017,2422,205,203,213,602,1120,1309,1602,114,111,116,329,603,708,820
10719,Panama,591,UnitedStatesofAmerica,840,3318,4134,5212,7807,11993,14040,16867,2030,2474,3065,4609,7154,8361,10292,1288,1660,2147,3198,4839,5679,6575
10720,Panama,591,Uruguay,858,147,199,264,415,650,762,914,84,115,152,240,381,446,548,63,84,112,175,269,316,366
10721,Panama,591,VenezuelaBolivarianRepublicof,862,487,715,989,4276,8441,9883,119553,240,354,489,2151,4297,5019,65036,247,361,500,2125,4144,4864,54517
10722,Argentina,32,Melanesia,928,19,19,19,16,9,9,9,18,18,18,14,8,8,8,1,1,1,2,1,1,1
10723,Argentina,32,Micronesia,954,9,9,9,8,4,4,4,0,0,0,0,0,0,0,9,9,9,8,4,4,4
10724,Argentina,32,Polynesia,957,8,8,8,7,4,4,4,4,4,4,3,2,2,2,4,4,4,4,2,2,2
10725,Argentina,32,Afghanistan,4,20,20,20,16,9,9,9,1,2,3,3,2,2,2,19,18,17,13,7,7,7
10726,Argentina,32,Albania,8,148,144,140,104,66,66,66,86,84,83,61,39,39,39,62,60,57,43,27,27,27
10727,Argentina,32,Algeria,12,229,224,219,163,104,104,103,136,134,133,99,64,64,64,93,90,86,64,40,40,39
10728,Argentina,32,Andorra,20,1,1,1,2,1,1,1,1,1,1,2,1,1,1,0,0,0,0,0,0,0
10729,Argentina,32,Angola,24,20,20,20,16,9,9,9,7,7,8,6,3,3,3,13,13,12,10,6,6,6
10730,Argentina,32,Australia,36,625,600,575,426,274,275,276,272,283,295,222,148,148,150,353,317,280,204,126,127,126
10731,Argentina,32,Austria,40,4256,3201,2146,1584,1019,1022,1030,1777,1354,932,701,470,471,478,2479,1847,1214,883,549,551,552
10732,Argentina,32,Bahrain,48,28,27,26,20,12,12,12,19,18,17,12,8,8,8,9,9,9,8,4,4,4
10733,Argentina,32,Armenia,51,1236,1207,1178,870,559,561,565,597,590,583,437,291,292,296,639,617,595,433,268,269,269
10734,Argentina,32,Barbados,52,16,16,16,13,7,7,7,0,0,1,1,1,1,1,16,16,15,12,6,6,6
10735,Argentina,32,Belgium,56,1151,1138,1125,831,535,537,541,585,558,531,398,266,267,271,566,580,594,433,269,270,270
10736,Argentina,32,BoliviaPlurinationalStateof,68,147234,186685,226137,294672,363142,419048,423136,76050,95917,115786,147853,179904,207475,210826,71184,90768,110351,146819,183238,211573,212310
10737,Argentina,32,Brazil,76,34359,33642,32925,37609,42283,48792,49267,14973,14479,13985,15912,17837,20566,20943,19386,19163,18940,21697,24446,28226,28324
10738,Argentina,32,Belize,84,12,12,12,10,6,6,6,2,2,2,1,1,1,1,10,10,10,9,5,5,5
10739,Argentina,32,BruneiDarussalam,96,2,2,2,3,1,1,1,2,2,2,3,1,1,1,0,0,0,0,0,0,0
10740,Argentina,32,Bulgaria,100,975,796,618,457,294,295,298,573,422,273,205,138,138,140,402,374,345,252,156,157,158
10741,Argentina,32,Myanmar,104,19,19,19,15,9,9,9,19,19,19,15,9,9,9,0,0,0,0,0,0,0
10742,Argentina,32,Belarus,112,669,653,637,471,303,304,307,284,281,278,209,141,141,144,385,372,359,262,162,163,163
10743,Argentina,32,Cambodia,116,46,45,44,33,20,20,20,30,29,29,21,14,14,14,16,16,15,12,6,6,6
10744,Argentina,32,Canada,124,796,953,1110,820,528,530,535,360,452,545,408,272,273,279,436,501,565,412,256,257,256
10745,Argentina,32,CaboVerde,132,51,50,49,38,24,24,24,19,19,19,15,10,10,10,32,31,30,23,14,14,14
10746,Argentina,32,SriLanka,144,6,6,6,5,2,2,2,6,6,6,5,2,2,2,0,0,0,0,0,0,0
10747,Argentina,32,Chile,152,223528,214736,205945,195338,184687,213119,215198,117266,108853,100442,92817,85183,98228,99908,106262,105883,105503,102521,99504,114891,115290
10748,Argentina,32,China,156,4268,5850,7432,9956,12476,14397,14537,2149,3107,4066,5376,6684,7709,7827,2119,2743,3366,4580,5792,6688,6710
10749,Argentina,32,Colombia,170,2702,3162,3622,2673,1722,8640,8723,1195,1459,1724,1294,864,4333,4403,1507,1703,1898,1379,858,4307,4320
10750,Argentina,32,Congo,178,92,90,88,66,42,42,41,48,47,47,34,22,22,21,44,43,41,32,20,20,20
10751,Argentina,32,CostaRica,188,462,359,257,191,123,123,124,223,179,136,102,68,68,69,239,180,121,89,55,55,55
10752,Argentina,32,Croatia,191,2171,2119,2067,1526,983,986,995,1024,1011,999,750,501,502,509,1147,1108,1068,776,482,484,486
10753,Argentina,32,Cuba,192,1427,1873,2319,1712,1102,1106,1116,628,910,1192,893,593,595,604,799,963,1127,819,509,511,512
10754,Argentina,32,Cyprus,196,103,101,99,74,47,47,46,45,45,45,34,23,23,22,58,56,54,40,24,24,24
10755,Argentina,32,Czechia,203,3946,3852,3758,2774,1787,1793,1810,1409,1402,1395,1057,719,721,735,2537,2450,2363,1717,1068,1072,1075
10756,Argentina,32,Denmark,208,540,527,514,380,244,245,247,246,243,240,179,119,119,122,294,284,274,201,125,126,125
10757,Argentina,32,Dominica,212,9,9,9,8,4,4,4,0,0,0,0,0,0,0,9,9,9,8,4,4,4
10758,Argentina,32,DominicanRepublic,214,265,849,1434,1059,682,684,689,127,230,335,260,185,185,189,138,619,1099,799,497,499,500
10759,Argentina,32,Ecuador,218,999,1501,2004,1479,952,955,963,509,731,954,716,478,479,486,490,770,1050,763,474,476,477
10760,Argentina,32,ElSalvador,222,182,169,156,116,73,73,74,88,82,77,57,37,37,39,94,87,79,59,36,36,35
10761,Argentina,32,Ethiopia,231,71,69,67,51,32,32,31,30,29,29,22,15,15,14,41,40,38,29,17,17,17
10762,Argentina,32,Estonia,233,109,106,103,77,49,49,48,38,37,37,27,18,18,18,71,69,66,50,31,31,30
10763,Argentina,32,Fiji,242,1,1,1,2,1,1,1,0,0,0,0,0,0,0,1,1,1,2,1,1,1
10764,Argentina,32,Finland,246,156,152,148,110,70,70,71,44,44,44,33,22,22,24,112,108,104,77,48,48,47
10765,Argentina,32,France,250,6463,6229,5996,6535,7071,8160,8239,2979,2959,2940,3255,3570,4118,4185,3484,3270,3056,3280,3501,4042,4054
10766,Argentina,32,Germany,276,15674,12672,9671,8841,8009,9242,9332,7342,5865,4390,4056,3723,4293,4366,8332,6807,5281,4785,4286,4949,4966
10767,Argentina,32,Gibraltar,292,32,31,30,23,14,14,14,11,11,11,8,5,5,5,21,20,19,15,9,9,9
10768,Argentina,32,Greece,300,3197,2666,2136,1576,1014,1017,1025,1349,1180,1012,759,506,507,514,1848,1486,1124,817,508,510,511
10769,Argentina,32,Greenland,304,36,35,34,26,15,15,15,6,6,6,5,3,3,3,30,29,28,21,12,12,12
10770,Argentina,32,Grenada,308,25,24,23,18,11,11,11,0,0,0,0,1,1,1,25,24,23,18,10,10,10
10771,Argentina,32,Guatemala,320,116,158,201,150,96,96,96,93,93,94,71,48,48,49,23,65,107,79,48,48,47
10772,Argentina,32,Guinea,324,1,1,1,2,1,1,1,0,0,0,0,0,0,0,1,1,1,2,1,1,1
10773,Argentina,32,Haiti,332,75,80,86,65,41,41,40,66,62,60,45,30,30,29,9,18,26,20,11,11,11
10774,Argentina,32,Honduras,340,141,140,139,104,66,66,66,68,66,65,49,32,32,33,73,74,74,55,34,34,33
10775,Argentina,32,China,156,344,9,9,9,8,4,4,4,9,9,9,8,4,4,4,0,0,0,0,0,0
10776,Argentina,32,Hungary,348,3297,2503,1710,1263,813,816,822,1479,1110,743,559,375,376,382,1818,1393,967,704,438,440,440
10777,Argentina,32,Iceland,352,18,18,18,14,8,8,8,2,1,1,1,1,1,1,16,17,17,13,7,7,7
10778,Argentina,32,India,356,215,210,205,152,97,97,97,94,93,92,68,45,45,46,121,117,113,84,52,52,51
10779,Argentina,32,Indonesia,360,47,46,45,34,21,21,21,13,13,13,10,7,7,7,34,33,32,24,14,14,14
10780,Argentina,32,IranIslamicRepublicof,364,302,295,288,214,137,137,137,151,149,147,111,74,74,75,151,146,141,103,63,63,62
10781,Argentina,32,Iraq,368,81,79,77,58,37,37,36,32,31,31,24,17,17,16,49,48,46,34,20,20,20
10782,Argentina,32,Ireland,372,143,140,137,102,64,64,64,74,73,73,54,35,35,36,69,67,64,48,29,29,28
10783,Argentina,32,Israel,376,1466,1317,1169,863,555,557,562,733,653,574,430,287,288,293,733,664,595,433,268,269,269
10784,Argentina,32,Italy,380,336040,273401,210762,171407,132014,152338,153824,163819,131547,99276,78155,57027,65756,66941,172221,141854,111486,93252,74987,86582,86883
10785,Argentina,32,CotedIvoire,384,1,1,1,2,1,1,1,1,1,1,2,1,1,1,0,0,0,0,0,0,0
10786,Argentina,32,Jamaica,388,27,26,25,19,11,11,11,27,26,25,19,11,11,11,0,0,0,0,0,0,0
10787,Argentina,32,Japan,392,5812,5181,4550,4206,3859,4453,4496,2915,2585,2255,2052,1849,2132,2168,2897,2596,2295,2154,2010,2321,2328
10788,Argentina,32,Jordan,400,160,156,152,114,73,73,74,101,99,97,73,49,49,50,59,57,55,41,24,24,24
10789,Argentina,32,Kenya,404,6,6,6,5,2,2,2,2,2,2,1,0,0,0,4,4,4,4,2,2,2
10790,Argentina,32,DemPeoplesRepublicofKorea,408,31,30,29,23,14,14,14,31,30,29,23,14,14,14,0,0,0,0,0,0,0
10791,Argentina,32,RepublicofKorea,410,10229,9078,7927,7498,7066,8154,8232,5059,4566,4074,3801,3528,4069,4133,5170,4512,3853,3697,3538,4085,4099
10792,Argentina,32,LaoPeoplesDemocraticRepublic,418,539,566,593,1333,282,283,284,239,270,301,685,149,149,151,300,296,292,648,133,134,133
10793,Argentina,32,Lebanon,422,3248,2409,1570,1180,788,791,797,1632,1214,796,579,363,364,369,1616,1195,774,601,425,427,428
10794,Argentina,32,Latvia,428,270,264,258,192,124,124,125,89,89,90,68,47,47,48,181,175,168,124,77,77,77
10795,Argentina,32,Libya,434,113,110,107,80,51,51,50,68,66,65,49,33,33,32,45,44,42,31,18,18,18
10796,Argentina,32,Liechtenstein,438,170,166,162,121,78,78,78,108,106,105,78,51,51,51,62,60,57,43,27,27,27
10797,Argentina,32,Lithuania,440,1980,1400,821,607,391,392,394,692,495,300,227,155,155,157,1288,905,521,380,236,237,237
10798,Argentina,32,Luxembourg,442,213,208,203,151,96,96,96,54,54,55,42,29,29,30,159,154,148,109,67,67,66
10799,Argentina,32,Madagascar,450,14,14,14,12,7,7,7,0,0,1,2,2,2,2,14,14,13,10,5,5,5
10800,Argentina,32,Malaysia,458,6,6,6,5,2,2,2,1,0,0,0,0,0,0,5,6,6,5,2,2,2
10801,Argentina,32,Malta,470,4,4,4,4,2,2,2,1,1,1,0,0,0,0,3,3,3,4,2,2,2
10802,Argentina,32,Mexico,484,2332,2686,3040,2244,1445,1450,1463,1211,1358,1505,1129,752,754,765,1121,1328,1535,1115,693,696,698
10803,Argentina,32,Monaco,492,23,22,21,17,10,10,10,1,1,1,1,1,1,1,22,21,20,16,9,9,9
10804,Argentina,32,RepublicofMoldova,498,1003,979,955,706,454,456,459,425,420,416,313,210,211,214,578,559,539,393,244,245,245
10805,Argentina,32,Morocco,504,466,455,444,329,211,212,213,183,182,181,137,92,93,95,283,273,263,192,119,119,118
10806,Argentina,32,Mozambique,508,25,24,23,18,11,11,11,0,0,0,0,1,1,1,25,24,23,18,10,10,10
10807,Argentina,32,Namibia,516,4,4,4,4,2,2,2,4,4,4,4,2,2,2,0,0,0,0,0,0,0
10808,Argentina,32,Netherlands,528,943,876,810,599,386,387,389,519,477,436,326,217,217,219,424,399,374,273,169,170,170
10809,Argentina,32,Aruba,533,1,1,1,2,1,1,1,0,0,0,0,0,0,0,1,1,1,2,1,1,1
10810,Argentina,32,Vanuatu,548,18,18,18,14,8,8,8,18,18,18,14,8,8,8,0,0,0,0,0,0,0
10811,Argentina,32,NewZealand,554,24,23,22,18,11,11,11,13,12,11,9,6,6,6,11,11,11,9,5,5,5
10812,Argentina,32,Nicaragua,558,145,167,190,142,91,91,91,77,85,94,71,48,48,49,68,82,96,71,43,43,42
10813,Argentina,32,Niger,562,1,1,1,2,1,1,1,1,1,1,2,1,1,1,0,0,0,0,0,0,0
10814,Argentina,32,Nigeria,566,93,91,89,67,43,43,42,25,25,26,20,14,14,14,68,66,63,47,29,29,28
10815,Argentina,32,Norway,578,129,126,123,92,58,58,57,98,96,94,70,45,45,44,31,30,29,22,13,13,13
10816,Argentina,32,MicronesiaFedStatesof,583,9,9,9,8,4,4,4,0,0,0,0,0,0,0,9,9,9,8,4,4,4
10817,Argentina,32,Pakistan,586,10,10,10,9,5,5,5,10,10,10,9,5,5,5,0,0,0,0,0,0,0
10818,Argentina,32,Panama,591,376,357,338,250,160,161,161,242,214,187,139,92,93,94,134,143,151,111,68,68,67
10819,Argentina,32,Paraguay,600,257243,286164,315086,451818,588452,679044,685714,112781,124821,136863,199451,262021,302136,307457,144462,161343,178223,252367,326431,376908,378257
10820,Argentina,32,Peru,604,16366,50888,85411,127351,169262,195320,197226,9721,22702,35684,56276,76864,88634,90168,6645,28186,49727,71075,92398,106686,107058
10821,Argentina,32,Philippines,608,128,125,122,91,58,58,57,40,40,40,30,21,21,21,88,85,82,61,37,37,36
10822,Argentina,32,Poland,616,29520,21429,13338,9841,6339,7315,7386,14204,9891,5578,4206,2832,3266,3325,15316,11538,7760,5635,3507,4049,4061
10823,Argentina,32,Portugal,620,13551,11298,9046,6674,4299,4961,5008,7221,5840,4460,3344,2227,2569,2610,6330,5458,4586,3330,2072,2392,2398
10824,Argentina,32,PuertoRico,630,210,184,159,118,75,75,76,106,86,68,51,34,34,36,104,98,91,67,41,41,40
10825,Argentina,32,Romania,642,3713,2985,2257,1667,1074,1078,1087,1537,1264,992,747,502,504,512,2176,1721,1265,920,572,574,575
10826,Argentina,32,RussianFederation,643,5016,4483,3951,2916,1878,1884,1902,2125,1944,1765,1328,891,893,908,2891,2539,2186,1588,987,991,994
10827,Argentina,32,SanMarino,674,37,36,35,27,16,16,16,32,31,30,22,14,14,14,5,5,5,5,2,2,2
10828,Argentina,32,SaudiArabia,682,175,171,167,125,80,80,80,107,105,104,78,51,51,52,68,66,63,47,29,29,28
10829,Argentina,32,Singapore,702,4,4,4,4,2,2,2,0,0,0,0,0,0,0,4,4,4,4,2,2,2
10830,Argentina,32,VietNam,704,11,11,11,9,5,5,5,7,7,7,5,3,3,3,4,4,4,4,2,2,2
10831,Argentina,32,Slovenia,705,1783,1741,1699,1254,807,810,817,830,821,812,609,406,407,414,953,920,887,645,401,403,403
10832,Argentina,32,Somalia,706,4,4,4,4,2,2,2,4,4,4,4,2,2,2,0,0,0,0,0,0,0
10833,Argentina,32,SouthAfrica,710,278,271,264,196,126,126,127,126,124,122,92,62,62,64,152,147,142,104,64,64,63
10834,Argentina,32,Zimbabwe,716,3,3,3,4,2,2,2,0,0,0,0,0,0,0,3,3,3,4,2,2,2
10835,Argentina,32,Spain,724,229535,179945,130356,107675,84969,98050,99006,101638,79509,57382,46869,36351,41914,42674,127897,100436,72974,60806,48618,56136,56332
10836,Argentina,32,Sudan,729,18,18,18,14,8,8,8,18,18,18,14,8,8,8,0,0,0,0,0,0,0
10837,Argentina,32,Suriname,740,11,11,11,9,5,5,5,1,1,1,0,0,0,0,10,10,10,9,5,5,5
10838,Argentina,32,Sweden,752,566,497,428,317,203,204,205,321,266,211,158,105,106,108,245,231,217,159,98,98,97
10839,Argentina,32,Switzerland,756,2175,1919,1663,1228,791,794,800,1180,1009,838,628,419,421,426,995,910,825,600,372,373,374
10840,Argentina,32,SyrianArabRepublic,760,4931,3607,2284,1704,1121,1125,1135,2529,1857,1187,889,590,592,601,2402,1750,1097,815,531,533,534
10841,Argentina,32,Thailand,764,133,130,127,95,60,60,60,66,65,65,49,33,33,33,67,65,62,46,27,27,27
10842,Argentina,32,TrinidadandTobago,780,75,73,71,54,34,34,33,48,47,46,35,23,23,22,27,26,25,19,11,11,11
10843,Argentina,32,Tunisia,788,99,97,95,71,45,45,44,65,64,63,47,31,31,30,34,33,32,24,14,14,14
10844,Argentina,32,Turkey,792,2498,1914,1331,983,633,635,641,1108,875,643,482,322,323,329,1390,1039,688,501,311,312,312
10845,Argentina,32,Tuvalu,798,8,8,8,7,4,4,4,4,4,4,3,2,2,2,4,4,4,4,2,2,2
10846,Argentina,32,Uganda,800,1,1,1,2,1,1,1,0,0,0,0,0,0,0,1,1,1,2,1,1,1
10847,Argentina,32,Ukraine,804,3583,5809,8036,5929,3820,4408,4451,1535,2635,3737,2807,1877,2165,2201,2048,3174,4299,3122,1943,2243,2250
10848,Argentina,32,NorthMacedonia,807,13164,8143,3123,2305,1484,1489,1503,6446,3903,1361,1025,688,690,702,6718,4240,1762,1280,796,799,801
10849,Argentina,32,Egypt,818,522,510,498,369,237,238,240,278,274,271,203,134,135,138,244,236,227,166,103,103,102
10850,Argentina,32,UnitedKingdom,826,2391,2184,1978,1460,940,943,951,969,952,937,703,470,471,478,1422,1232,1041,757,470,472,473
10851,Argentina,32,UnitedRepublicofTanzania,834,1,1,1,2,1,1,1,1,1,1,2,1,1,1,0,0,0,0,0,0,0
10852,Argentina,32,UnitedStatesofAmerica,840,9992,9678,9364,6908,4450,5135,5184,5035,4958,4881,3653,2425,2797,2839,4957,4720,4483,3255,2025,2338,2345
10853,Argentina,32,BurkinaFaso,854,26,25,24,19,11,11,11,4,4,4,3,2,2,2,22,21,20,16,9,9,9
10854,Argentina,32,Uruguay,858,136906,125366,113827,114446,115039,132749,134043,66665,61245,55827,55165,54497,62845,63897,70241,64121,58000,59281,60542,69904,70146
10855,Argentina,32,VenezuelaBolivarianRepublicof,862,1981,2290,2600,1919,1236,1240,176369,840,1021,1203,904,605,606,87094,1141,1269,1397,1015,631,634,89275
10856,Argentina,32,Zambia,894,1,1,1,2,1,1,1,1,1,1,2,1,1,1,0,0,0,0,0,0,0
10857,BoliviaPlurinationalStateof,68,Melanesia,928,2,4,4,4,2,4,2,2,2,1,1,1,2,1,0,2,3,3,1,2,1
10858,BoliviaPlurinationalStateof,68,Micronesia,954,0,0,0,0,0,0,0,0,0,0,0,0,0,0,0,0,0,0,0,0,0
10859,BoliviaPlurinationalStateof,68,Polynesia,957,0,42,82,42,1,2,1,0,21,41,20,0,0,0,0,21,41,22,1,2,1
10860,BoliviaPlurinationalStateof,68,Afghanistan,4,2,1,0,1,1,2,1,1,0,0,1,1,2,1,1,1,0,0,0,0,0
10861,BoliviaPlurinationalStateof,68,Albania,8,6,3,0,1,1,2,1,0,0,0,0,0,0,0,6,3,0,1,1,2,1
10862,BoliviaPlurinationalStateof,68,Algeria,12,4,7,10,7,3,4,3,3,5,7,5,2,2,2,1,2,3,2,1,2,1
10863,BoliviaPlurinationalStateof,68,Andorra,20,2,1,0,0,0,0,0,1,0,0,0,0,0,0,1,1,0,0,0,0,0
10864,BoliviaPlurinationalStateof,68,Angola,24,6,5,4,5,5,7,6,4,2,1,3,4,5,5,2,3,3,2,1,2,1
10865,BoliviaPlurinationalStateof,68,AntiguaandBarbuda,28,10,5,0,0,0,0,0,8,4,0,0,0,0,0,2,1,0,0,0,0,0
10866,BoliviaPlurinationalStateof,68,Azerbaijan,31,0,1,2,2,1,2,1,0,0,1,1,0,0,0,0,1,1,1,1,2,1
10867,BoliviaPlurinationalStateof,68,Argentina,32,21923,25141,28095,32418,36671,42697,47601,10684,12434,14043,16402,18729,21804,24260,11239,12707,14052,16016,17942,20893,23341
10868,BoliviaPlurinationalStateof,68,Australia,36,74,115,154,175,196,229,253,33,53,71,89,108,126,140,41,62,83,86,88,103,113
10869,BoliviaPlurinationalStateof,68,Austria,40,170,169,166,152,137,160,176,86,80,72,67,62,72,81,84,89,94,85,75,88,95
10870,BoliviaPlurinationalStateof,68,Bahamas,44,9,5,0,0,0,0,0,7,4,0,0,0,0,0,2,1,0,0,0,0,0
10871,BoliviaPlurinationalStateof,68,Bahrain,48,0,1,1,1,0,0,0,0,1,1,1,0,0,0,0,0,0,0,0,0,0
10872,BoliviaPlurinationalStateof,68,Bangladesh,50,5,11,16,20,24,29,30,3,9,15,19,23,27,29,2,2,1,1,1,2,1
10873,BoliviaPlurinationalStateof,68,Armenia,51,0,1,1,3,4,6,5,0,0,0,1,2,3,3,0,1,1,2,2,3,2
10874,BoliviaPlurinationalStateof,68,Barbados,52,7,4,0,0,0,0,0,5,3,0,0,0,0,0,2,1,0,0,0,0,0
10875,BoliviaPlurinationalStateof,68,Belgium,56,268,320,368,346,324,378,419,163,183,201,188,175,204,228,105,137,167,158,149,174,191
10876,BoliviaPlurinationalStateof,68,Bermuda,60,0,1,1,1,0,0,0,0,0,0,0,0,0,0,0,1,1,1,0,0,0
10877,BoliviaPlurinationalStateof,68,BosniaandHerzegovina,70,0,0,0,5,9,11,10,0,0,0,4,7,8,8,0,0,0,1,2,3,2
10878,BoliviaPlurinationalStateof,68,Brazil,76,10558,12746,14801,18453,22066,25692,28612,5564,6642,7647,9584,11504,13393,14893,4994,6104,7154,8869,10562,12299,13719
10879,BoliviaPlurinationalStateof,68,Belize,84,991,962,922,850,777,906,1007,536,506,469,430,391,456,506,455,456,453,420,386,450,501
10880,BoliviaPlurinationalStateof,68,SolomonIslands,90,0,0,0,1,1,2,1,0,0,0,0,0,0,0,0,0,0,1,1,2,1
10881,BoliviaPlurinationalStateof,68,Bulgaria,100,16,16,16,19,21,25,26,5,5,6,9,11,12,13,11,11,10,10,10,13,13
10882,BoliviaPlurinationalStateof,68,Myanmar,104,1,1,0,0,0,0,0,0,0,0,0,0,0,0,1,1,0,0,0,0,0
10883,BoliviaPlurinationalStateof,68,Burundi,108,0,1,1,1,0,0,0,0,0,0,0,0,0,0,0,1,1,1,0,0,0
10884,BoliviaPlurinationalStateof,68,Belarus,112,0,2,4,4,4,6,5,0,1,2,2,2,3,3,0,1,2,2,2,3,2
10885,BoliviaPlurinationalStateof,68,Cameroon,120,1,2,2,6,10,13,13,0,1,1,5,9,11,12,1,1,1,1,1,2,1
10886,BoliviaPlurinationalStateof,68,Canada,124,1765,1728,1672,1430,1185,1381,1536,872,860,838,699,559,651,724,893,868,834,731,626,730,812
10887,BoliviaPlurinationalStateof,68,CaboVerde,132,0,1,2,56,110,129,141,0,0,0,19,39,45,50,0,1,2,37,71,84,91
10888,BoliviaPlurinationalStateof,68,CentralAfricanRepublic,140,0,0,0,28,56,66,71,0,0,0,22,44,51,56,0,0,0,6,12,15,15
10889,BoliviaPlurinationalStateof,68,SriLanka,144,0,3,5,4,2,3,2,0,2,3,3,2,3,2,0,1,2,1,0,0,0
10890,BoliviaPlurinationalStateof,68,Chad,148,6,4,1,1,0,0,0,5,3,1,1,0,0,0,1,1,0,0,0,0,0
10891,BoliviaPlurinationalStateof,68,Chile,152,4807,4622,4388,4230,4063,4731,5268,2398,2348,2271,2200,2125,2474,2752,2409,2274,2117,2030,1938,2257,2516
10892,BoliviaPlurinationalStateof,68,China,156,805,675,538,754,968,1128,1254,504,424,339,472,604,703,782,301,251,199,282,364,425,472
10893,BoliviaPlurinationalStateof,68,Colombia,170,651,1002,1342,1946,2546,2965,3301,272,480,682,1082,1480,1723,1918,379,522,660,864,1066,1242,1383
10894,BoliviaPlurinationalStateof,68,Congo,178,1,3,5,6,6,8,7,0,1,3,4,4,5,5,1,2,2,2,2,3,2
10895,BoliviaPlurinationalStateof,68,DemocraticRepublicoftheCongo,180,5,3,1,2,3,4,3,4,2,1,1,1,1,1,1,1,0,1,2,3,2
10896,BoliviaPlurinationalStateof,68,CostaRica,188,102,122,141,133,125,147,162,53,61,68,66,64,75,84,49,61,73,67,61,72,78
10897,BoliviaPlurinationalStateof,68,Croatia,191,0,28,55,44,33,39,41,0,18,35,27,20,23,25,0,10,20,17,13,16,16
10898,BoliviaPlurinationalStateof,68,Cuba,192,105,311,513,1018,1520,1771,1971,55,166,275,525,773,900,1002,50,145,238,493,747,871,969
10899,BoliviaPlurinationalStateof,68,Cyprus,196,9,6,2,2,2,3,2,4,2,0,0,0,0,0,5,4,2,2,2,3,2
10900,BoliviaPlurinationalStateof,68,Czechia,203,129,76,22,34,45,53,57,60,36,11,14,16,18,20,69,40,11,20,29,35,37
10901,BoliviaPlurinationalStateof,68,Benin,204,0,0,0,1,1,2,1,0,0,0,0,0,0,0,0,0,0,1,1,2,1
10902,BoliviaPlurinationalStateof,68,Denmark,208,21,55,88,90,92,108,118,12,29,45,42,40,46,50,9,26,43,48,52,62,68
10903,BoliviaPlurinationalStateof,68,Dominica,212,6,3,0,2,3,4,3,5,2,0,1,2,2,2,1,1,0,1,1,2,1
10904,BoliviaPlurinationalStateof,68,DominicanRepublic,214,44,22,0,50,100,117,128,17,8,0,27,54,62,69,27,14,0,23,46,55,59
10905,BoliviaPlurinationalStateof,68,Ecuador,218,299,521,738,800,861,1003,1115,138,251,362,419,476,554,615,161,270,376,381,385,449,500
10906,BoliviaPlurinationalStateof,68,ElSalvador,222,57,82,107,108,109,128,140,23,38,53,50,48,56,62,34,44,54,58,61,72,78
10907,BoliviaPlurinationalStateof,68,Ethiopia,231,4,4,4,3,2,3,2,0,1,2,2,2,3,2,4,3,2,1,0,0,0
10908,BoliviaPlurinationalStateof,68,Eritrea,232,0,1,1,1,0,0,0,0,0,0,0,0,0,0,0,1,1,1,0,0,0
10909,BoliviaPlurinationalStateof,68,Estonia,233,0,2,4,5,5,7,6,0,0,1,1,1,1,1,0,2,3,4,4,6,5
10910,BoliviaPlurinationalStateof,68,Fiji,242,0,1,2,1,0,0,0,0,0,0,0,0,0,0,0,1,2,1,0,0,0
10911,BoliviaPlurinationalStateof,68,Finland,246,75,59,43,39,34,41,43,41,31,21,19,17,20,22,34,28,22,20,17,21,21
10912,BoliviaPlurinationalStateof,68,France,250,491,597,696,880,1063,1238,1377,268,342,411,515,618,719,800,223,255,285,365,445,519,577
10913,BoliviaPlurinationalStateof,68,FrenchGuiana,254,0,1,2,2,1,2,1,0,0,1,1,1,2,1,0,1,1,1,0,0,0
10914,BoliviaPlurinationalStateof,68,Gabon,266,4,2,0,0,0,0,0,3,1,0,0,0,0,0,1,1,0,0,0,0,0
10915,BoliviaPlurinationalStateof,68,Georgia,268,0,1,1,2,2,3,2,0,1,1,1,1,1,1,0,0,0,1,1,2,1
10916,BoliviaPlurinationalStateof,68,StateofPalestine,275,0,0,0,6,11,14,14,0,0,0,4,8,10,11,0,0,0,2,3,4,3
10917,BoliviaPlurinationalStateof,68,Germany,276,1351,1524,1682,1711,1737,2023,2251,726,813,891,879,865,1007,1119,625,711,791,832,872,1016,1132
10918,BoliviaPlurinationalStateof,68,Ghana,288,1,2,2,7,12,15,15,1,2,2,6,10,12,13,0,0,0,1,2,3,2
10919,BoliviaPlurinationalStateof,68,Gibraltar,292,0,1,2,1,0,0,0,0,0,1,0,0,0,0,0,1,1,1,0,0,0
10920,BoliviaPlurinationalStateof,68,Greece,300,15,12,8,15,22,27,28,9,7,5,10,16,19,21,6,5,3,5,6,8,7
10921,BoliviaPlurinationalStateof,68,Grenada,308,1,2,2,1,0,0,0,1,2,2,1,0,0,0,0,0,0,0,0,0,0
10922,BoliviaPlurinationalStateof,68,Guatemala,320,146,144,141,132,122,143,158,69,68,67,68,68,79,89,77,76,74,64,54,64,69
10923,BoliviaPlurinationalStateof,68,Guinea,324,4,3,1,5,8,10,9,0,0,0,3,6,7,7,4,3,1,2,2,3,2
10924,BoliviaPlurinationalStateof,68,Guyana,328,1,4,7,6,4,6,5,0,2,4,4,3,4,4,1,2,3,2,1,2,1
10925,BoliviaPlurinationalStateof,68,Haiti,332,6,7,7,10,13,16,16,5,4,2,5,9,10,11,1,3,5,5,4,6,5
10926,BoliviaPlurinationalStateof,68,Honduras,340,232,216,197,198,198,232,257,110,102,92,96,99,116,130,122,114,105,102,99,116,127
10927,BoliviaPlurinationalStateof,68,China,156,344,0,8,15,9,2,3,2,0,5,10,6,1,1,1,0,3,5,3,1,2
10928,BoliviaPlurinationalStateof,68,Hungary,348,50,44,37,30,23,28,29,22,20,18,15,12,14,15,28,24,19,15,11,14,14
10929,BoliviaPlurinationalStateof,68,Iceland,352,2,3,3,3,2,3,2,0,2,3,2,1,1,1,2,1,0,1,1,2,1
10930,BoliviaPlurinationalStateof,68,India,356,125,123,119,106,92,108,118,86,77,66,65,63,73,81,39,46,53,41,29,35,37
10931,BoliviaPlurinationalStateof,68,Indonesia,360,12,14,15,12,9,11,10,8,8,8,6,4,4,4,4,6,7,6,5,7,6
10932,BoliviaPlurinationalStateof,68,IranIslamicRepublicof,364,21,29,36,45,53,63,68,12,18,24,29,33,39,43,9,11,12,16,20,24,25
10933,BoliviaPlurinationalStateof,68,Iraq,368,2,4,5,7,9,11,10,2,3,3,5,7,8,8,0,1,2,2,2,3,2
10934,BoliviaPlurinationalStateof,68,Ireland,372,22,41,60,63,66,78,85,11,24,37,37,37,43,48,11,17,23,26,29,35,37
10935,BoliviaPlurinationalStateof,68,Israel,376,79,130,180,168,156,183,201,38,74,110,100,91,106,118,41,56,70,68,65,77,83
10936,BoliviaPlurinationalStateof,68,Italy,380,883,894,896,1062,1226,1428,1588,479,507,530,620,710,826,918,404,387,366,442,516,602,670
10937,BoliviaPlurinationalStateof,68,CotedIvoire,384,4,3,1,2,3,4,3,0,0,0,0,1,1,1,4,3,1,2,2,3,2
10938,BoliviaPlurinationalStateof,68,Jamaica,388,5,4,2,4,6,8,7,3,2,1,2,4,5,5,2,2,1,2,2,3,2
10939,BoliviaPlurinationalStateof,68,Japan,392,1401,1455,1493,1461,1426,1661,1848,741,761,772,752,731,851,946,660,694,721,709,695,810,902
10940,BoliviaPlurinationalStateof,68,Kazakhstan,398,0,1,2,11,20,24,25,0,1,2,5,8,9,10,0,0,0,6,12,15,15
10941,BoliviaPlurinationalStateof,68,Jordan,400,20,17,13,14,14,17,17,13,12,11,12,12,14,15,7,5,2,2,2,3,2
10942,BoliviaPlurinationalStateof,68,Kenya,404,2,6,9,11,12,15,15,0,2,4,4,4,5,6,2,4,5,7,8,10,9
10943,BoliviaPlurinationalStateof,68,DemPeoplesRepublicofKorea,408,122,63,3,6,9,11,10,63,33,2,4,6,7,7,59,30,1,2,3,4,3
10944,BoliviaPlurinationalStateof,68,RepublicofKorea,410,555,564,568,502,434,506,561,290,302,311,271,230,267,296,265,262,257,231,204,239,265
10945,BoliviaPlurinationalStateof,68,Kuwait,414,2,4,5,5,4,6,5,1,2,3,3,3,4,4,1,2,2,2,1,2,1
10946,BoliviaPlurinationalStateof,68,Kyrgyzstan,417,0,0,0,2,4,6,5,0,0,0,1,2,3,3,0,0,0,1,2,3,2
10947,BoliviaPlurinationalStateof,68,LaoPeoplesDemocraticRepublic,418,0,8,15,8,0,0,0,0,4,8,4,0,0,0,0,4,7,4,0,0,0
10948,BoliviaPlurinationalStateof,68,Lebanon,422,64,56,48,40,32,38,40,48,41,34,29,25,29,32,16,15,14,11,7,9,8
10949,BoliviaPlurinationalStateof,68,Lesotho,426,6,4,1,1,0,0,0,4,2,0,0,0,0,0,2,2,1,1,0,0,0
10950,BoliviaPlurinationalStateof,68,Latvia,428,0,1,1,1,0,0,0,0,0,0,0,0,0,0,0,1,1,1,0,0,0
10951,BoliviaPlurinationalStateof,68,Liberia,430,1,1,1,2,2,3,2,0,0,0,1,1,1,1,1,1,1,1,1,2,1
10952,BoliviaPlurinationalStateof,68,Libya,434,2,4,5,4,3,4,3,2,3,4,2,1,1,1,0,1,1,2,2,3,2
10953,BoliviaPlurinationalStateof,68,Liechtenstein,438,2,2,1,1,0,0,0,1,1,1,1,0,0,0,1,1,0,0,0,0,0
10954,BoliviaPlurinationalStateof,68,Lithuania,440,0,3,6,7,8,10,9,0,1,2,2,2,2,2,0,2,4,5,6,8,7
10955,BoliviaPlurinationalStateof,68,Luxembourg,442,2,5,8,7,5,7,6,2,2,3,4,4,5,5,0,3,5,3,1,2,1
10956,BoliviaPlurinationalStateof,68,Madagascar,450,2,4,5,5,4,6,5,1,1,0,1,2,3,3,1,3,5,4,2,3,2
10957,BoliviaPlurinationalStateof,68,Malawi,454,0,3,5,6,6,8,7,0,1,2,1,0,0,0,0,2,3,5,6,8,7
10958,BoliviaPlurinationalStateof,68,Malaysia,458,5,6,7,7,7,9,8,1,1,2,3,4,5,5,4,5,5,4,3,4,3
10959,BoliviaPlurinationalStateof,68,Mali,466,0,0,0,1,1,2,1,0,0,0,0,0,0,0,0,0,0,1,1,2,1
10960,BoliviaPlurinationalStateof,68,Malta,470,6,4,2,3,4,6,5,6,3,1,2,4,6,5,0,1,1,1,0,0,0
10961,BoliviaPlurinationalStateof,68,Mauritania,478,0,0,0,1,1,2,1,0,0,0,0,0,0,0,0,0,0,1,1,2,1
10962,BoliviaPlurinationalStateof,68,Mexico,484,8125,8770,9323,8760,8179,9524,10606,4025,4341,4609,4307,3998,4655,5176,4100,4429,4714,4453,4181,4869,5430
10963,BoliviaPlurinationalStateof,68,Monaco,492,2,1,0,0,0,0,0,0,0,0,0,0,0,0,2,1,0,0,0,0,0
10964,BoliviaPlurinationalStateof,68,Mongolia,496,0,1,1,1,1,2,1,0,0,0,0,0,0,0,0,1,1,1,1,2,1
10965,BoliviaPlurinationalStateof,68,RepublicofMoldova,498,0,1,2,5,7,9,8,0,0,1,3,5,6,6,0,1,1,2,2,3,2
10966,BoliviaPlurinationalStateof,68,Montenegro,499,0,0,0,1,2,3,2,0,0,0,1,2,3,2,0,0,0,0,0,0,0
10967,BoliviaPlurinationalStateof,68,Morocco,504,6,6,5,13,21,25,26,1,1,1,5,10,11,12,5,5,4,8,11,14,14
10968,BoliviaPlurinationalStateof,68,Mozambique,508,0,0,0,2,3,4,3,0,0,0,1,2,2,2,0,0,0,1,1,2,1
10969,BoliviaPlurinationalStateof,68,Oman,512,1,1,1,1,0,0,0,0,0,1,1,0,0,0,1,1,0,0,0,0,0
10970,BoliviaPlurinationalStateof,68,Nepal,524,0,1,1,3,5,7,6,0,0,0,1,2,3,3,0,1,1,2,3,4,3
10971,BoliviaPlurinationalStateof,68,Netherlands,528,2,14,26,177,328,383,425,2,7,13,94,176,205,228,0,7,13,83,152,178,197
10972,BoliviaPlurinationalStateof,68,CuraÃao,531,110,138,275,138,152,168,185,56,71,140,70,78,85,95,54,67,135,68,74,83,90
10973,BoliviaPlurinationalStateof,68,Aruba,533,0,2,4,3,2,3,2,0,0,0,0,1,1,1,0,2,4,3,1,2,1
10974,BoliviaPlurinationalStateof,68,SintMaartenDutchpart,534,32,39,79,39,43,49,53,17,19,40,20,21,25,28,15,20,39,19,22,24,25
10975,BoliviaPlurinationalStateof,68,Bonaire,16,535,13,17,33,17,18,21,21,6,9,17,9,9,10,11,7,8,16,8,9,11
10976,BoliviaPlurinationalStateof,68,NewCaledonia,540,0,1,1,1,0,0,0,0,1,1,1,0,0,0,0,0,0,0,0,0,0
10977,BoliviaPlurinationalStateof,68,Vanuatu,548,2,1,0,0,0,0,0,2,1,0,0,0,0,0,0,0,0,0,0,0,0
10978,BoliviaPlurinationalStateof,68,NewZealand,554,34,35,35,45,55,65,70,11,18,25,28,31,36,40,23,17,10,17,24,29,30
10979,BoliviaPlurinationalStateof,68,Nicaragua,558,66,76,85,90,95,112,123,29,34,39,40,42,49,55,37,42,46,50,53,63,68
10980,BoliviaPlurinationalStateof,68,Niger,562,1,1,0,0,0,0,0,1,1,0,0,0,0,0,0,0,0,0,0,0,0
10981,BoliviaPlurinationalStateof,68,Nigeria,566,7,10,12,12,11,14,14,3,6,9,10,11,14,14,4,4,3,2,0,0,0
10982,BoliviaPlurinationalStateof,68,Niue,570,0,41,81,41,1,2,1,0,21,41,20,0,0,0,0,20,40,21,1,2,1
10983,BoliviaPlurinationalStateof,68,Norway,578,92,46,0,42,83,98,107,44,22,0,20,39,46,51,48,24,0,22,44,52,56
10984,BoliviaPlurinationalStateof,68,Pakistan,586,55,42,29,25,20,24,25,37,31,26,21,16,18,20,18,11,3,4,4,6,5
10985,BoliviaPlurinationalStateof,68,Panama,591,92,95,97,96,94,110,121,52,49,46,48,50,58,65,40,46,51,48,44,52,56
10986,BoliviaPlurinationalStateof,68,PapuaNewGuinea,598,0,1,1,1,1,2,1,0,0,0,0,1,2,1,0,1,1,1,0,0,0
10987,BoliviaPlurinationalStateof,68,Paraguay,600,1173,2216,3236,3462,3681,4286,4772,593,1142,1678,1788,1895,2206,2454,580,1074,1558,1674,1786,2080,2318
10988,BoliviaPlurinationalStateof,68,Peru,604,7138,8306,9386,9549,9691,11284,12565,3932,4590,5197,5404,5600,6520,7251,3206,3716,4189,4145,4091,4764,5314
10989,BoliviaPlurinationalStateof,68,Philippines,608,14,26,37,39,40,48,52,3,8,13,15,17,20,23,11,18,24,24,23,28,29
10990,BoliviaPlurinationalStateof,68,Poland,616,193,182,170,179,187,219,243,108,97,85,90,94,110,124,85,85,85,89,93,109,119
10991,BoliviaPlurinationalStateof,68,Portugal,620,37,38,39,95,150,176,195,24,23,22,58,94,110,124,13,15,17,37,56,66,71
10992,BoliviaPlurinationalStateof,68,PuertoRico,630,33,37,41,37,33,39,41,20,22,24,20,17,19,21,13,15,17,17,16,20,20
10993,BoliviaPlurinationalStateof,68,Qatar,634,6,6,5,3,1,2,1,5,5,4,2,1,2,1,1,1,1,1,0,0,0
10994,BoliviaPlurinationalStateof,68,Romania,642,61,31,0,31,62,73,79,23,12,0,13,26,30,34,38,19,0,18,36,43,45
10995,BoliviaPlurinationalStateof,68,RussianFederation,643,106,54,1,142,282,329,364,41,21,0,58,116,135,150,65,33,1,84,166,194,214
10996,BoliviaPlurinationalStateof,68,Rwanda,646,2,2,1,1,1,2,1,0,1,1,0,0,0,0,2,1,0,1,1,2,1
10997,BoliviaPlurinationalStateof,68,SaintKittsandNevis,659,1,1,0,0,0,0,0,1,1,0,0,0,0,0,0,0,0,0,0,0,0
10998,BoliviaPlurinationalStateof,68,SaudiArabia,682,12,9,6,9,11,14,14,8,5,3,6,8,10,11,4,4,3,3,3,4,3
10999,BoliviaPlurinationalStateof,68,Senegal,686,4,2,0,4,7,9,8,3,1,0,3,6,7,7,1,1,0,1,1,2,1
11000,BoliviaPlurinationalStateof,68,Serbia,688,0,0,0,9,18,22,22,0,0,0,7,14,16,17,0,0,0,2,4,6,5
11001,BoliviaPlurinationalStateof,68,SierraLeone,694,0,0,0,1,2,3,2,0,0,0,1,2,3,2,0,0,0,0,0,0,0
11002,BoliviaPlurinationalStateof,68,Singapore,702,6,6,6,4,1,2,1,4,3,3,2,1,2,1,2,3,3,2,0,0,0
11003,BoliviaPlurinationalStateof,68,Slovakia,703,0,6,11,14,17,21,21,0,4,7,10,13,15,16,0,2,4,4,4,6,5
11004,BoliviaPlurinationalStateof,68,VietNam,704,1,3,4,7,10,13,13,0,1,2,5,8,10,11,1,2,2,2,2,3,2
11005,BoliviaPlurinationalStateof,68,Slovenia,705,0,4,8,8,8,10,9,0,2,5,5,5,6,6,0,2,3,3,3,4,3
11006,BoliviaPlurinationalStateof,68,Somalia,706,0,0,0,2,3,4,3,0,0,0,0,0,0,0,0,0,0,2,3,4,3
11007,BoliviaPlurinationalStateof,68,SouthAfrica,710,11,6,0,8,15,18,18,2,1,0,4,8,9,10,9,5,0,4,7,9,8
11008,BoliviaPlurinationalStateof,68,Zimbabwe,716,1,6,10,7,3,4,3,0,2,4,3,2,2,2,1,4,6,4,1,2,1
11009,BoliviaPlurinationalStateof,68,Spain,724,1644,1651,1641,6059,10463,12183,13568,822,822,814,3190,5558,6471,7196,822,829,827,2869,4905,5712,6372
11010,BoliviaPlurinationalStateof,68,Sudan,729,0,0,0,1,2,3,2,0,0,0,1,2,3,2,0,0,0,0,0,0,0
11011,BoliviaPlurinationalStateof,68,Suriname,740,1,1,1,1,0,0,0,1,1,1,1,0,0,0,0,0,0,0,0,0,0
11012,BoliviaPlurinationalStateof,68,Sweden,752,200,177,152,202,252,294,325,90,83,75,101,128,149,165,110,94,77,101,124,145,160
11013,BoliviaPlurinationalStateof,68,Switzerland,756,325,442,555,561,566,660,733,186,237,286,292,298,347,386,139,205,269,269,268,313,347
11014,BoliviaPlurinationalStateof,68,SyrianArabRepublic,760,23,12,0,1,2,3,2,11,6,0,0,1,1,1,12,6,0,1,1,2,1
11015,BoliviaPlurinationalStateof,68,Tajikistan,762,0,2,3,2,1,2,1,0,1,1,0,0,0,0,0,1,2,2,1,2,1
11016,BoliviaPlurinationalStateof,68,Thailand,764,2,6,10,9,8,10,9,0,0,1,1,2,2,2,2,6,9,8,6,8,7
11017,BoliviaPlurinationalStateof,68,Togo,768,1,2,2,2,1,2,1,0,0,0,1,1,2,1,1,2,2,1,0,0,0
11018,BoliviaPlurinationalStateof,68,Tonga,776,0,1,1,1,0,0,0,0,0,0,0,0,0,0,0,1,1,1,0,0,0
11019,BoliviaPlurinationalStateof,68,TrinidadandTobago,780,4,9,14,9,4,6,5,2,3,4,3,2,3,3,2,6,10,6,2,3,2
11020,BoliviaPlurinationalStateof,68,UnitedArabEmirates,784,0,1,2,1,0,0,0,0,1,2,1,0,0,0,0,0,0,0,0,0,0
11021,BoliviaPlurinationalStateof,68,Tunisia,788,0,1,1,1,1,2,1,0,1,1,1,1,2,1,0,0,0,0,0,0,0
11022,BoliviaPlurinationalStateof,68,Turkey,792,2,8,13,23,32,38,40,0,4,8,14,20,23,25,2,4,5,9,12,15,15
11023,BoliviaPlurinationalStateof,68,Turkmenistan,795,0,1,1,1,0,0,0,0,0,0,0,0,0,0,0,1,1,1,0,0,0
11024,BoliviaPlurinationalStateof,68,Uganda,800,2,1,0,0,0,0,0,0,0,0,0,0,0,0,2,1,0,0,0,0,0
11025,BoliviaPlurinationalStateof,68,Ukraine,804,0,57,114,106,98,115,126,0,17,35,30,26,30,34,0,40,79,76,72,85,92
11026,BoliviaPlurinationalStateof,68,NorthMacedonia,807,0,0,0,5,10,13,13,0,0,0,4,8,10,11,0,0,0,1,2,3,2
11027,BoliviaPlurinationalStateof,68,Egypt,818,39,33,27,23,18,22,22,23,18,14,14,13,15,16,16,15,13,9,5,7,6
11028,BoliviaPlurinationalStateof,68,UnitedKingdom,826,580,619,651,714,776,904,1004,307,333,354,383,411,478,530,273,286,297,331,365,426,474
11029,BoliviaPlurinationalStateof,68,IsleofMan,833,0,0,0,1,2,3,2,0,0,0,1,2,3,2,0,0,0,0,0,0,0
11030,BoliviaPlurinationalStateof,68,UnitedRepublicofTanzania,834,1,1,0,2,4,6,5,0,0,0,0,1,2,2,1,1,0,2,3,4,3
11031,BoliviaPlurinationalStateof,68,UnitedStatesofAmerica,840,3078,3385,3656,3935,4206,4897,5453,1559,1747,1914,2055,2192,2551,2837,1519,1638,1742,1880,2014,2346,2616
11032,BoliviaPlurinationalStateof,68,Uruguay,858,402,430,453,445,437,510,565,211,231,248,253,258,301,333,191,199,205,192,179,209,232
11033,BoliviaPlurinationalStateof,68,Uzbekistan,860,0,3,5,5,4,6,5,0,1,2,2,2,3,3,0,2,3,3,2,3,2
11034,BoliviaPlurinationalStateof,68,VenezuelaBolivarianRepublicof,862,369,458,543,604,664,774,5707,174,217,259,309,358,417,3076,195,241,284,295,306,357,2631
11035,BoliviaPlurinationalStateof,68,Yemen,887,1,1,0,0,0,0,0,1,1,0,0,0,0,0,0,0,0,0,0,0,0
11036,BoliviaPlurinationalStateof,68,Zambia,894,0,2,3,3,2,3,2,0,1,1,1,1,1,1,0,1,2,2,1,2,1
11037,Brazil,76,Melanesia,928,0,0,0,0,0,0,0,0,0,0,0,0,0,0,0,0,0,0,0,0,0
11038,Brazil,76,Micronesia,954,0,0,0,42,107,124,133,0,0,0,27,66,77,85,0,0,0,15,41,47,48
11039,Brazil,76,Polynesia,957,0,0,0,0,0,0,0,0,0,0,0,0,0,0,0,0,0,0,0,0,0
11040,Brazil,76,Afghanistan,4,0,0,0,28,58,68,73,0,0,0,18,37,44,48,0,0,0,10,21,24,25
11041,Brazil,76,Algeria,12,0,0,0,91,183,215,232,0,0,0,46,92,108,120,0,0,0,45,91,107,112
11042,Brazil,76,Andorra,20,0,0,0,5,11,12,13,0,0,0,5,11,12,13,0,0,0,0,0,0,0
11043,Brazil,76,Angola,24,4868,5612,6355,6418,6390,7533,8184,2437,2994,3550,3441,3279,3840,4273,2431,2618,2805,2977,3111,3693,3911
11044,Brazil,76,Argentina,32,28350,27974,27597,28410,28819,33971,36910,15178,15391,15603,16308,16767,19662,21754,13172,12583,11994,12102,12052,14309,15156
11045,Brazil,76,Australia,36,297,372,447,519,585,689,747,212,216,221,333,441,519,568,85,156,226,186,144,170,179
11046,Brazil,76,Austria,40,4756,3988,3220,2789,2319,2733,2968,2174,1826,1479,1273,1047,1223,1369,2582,2162,1741,1516,1272,1510,1599
11047,Brazil,76,Bahamas,44,0,0,0,7,16,18,19,0,0,0,2,5,6,7,0,0,0,5,11,12,12
11048,Brazil,76,Bahrain,48,0,0,0,13,27,31,32,0,0,0,13,27,31,32,0,0,0,0,0,0,0
11049,Brazil,76,Bangladesh,50,0,0,0,22,46,53,5384,0,0,0,22,46,53,5384,0,0,0,0,0,0,0
11050,Brazil,76,Armenia,51,0,0,0,26,53,62,65,0,0,0,22,43,51,54,0,0,0,4,10,11,11
11051,Brazil,76,Barbados,52,0,0,0,13,28,33,35,0,0,0,3,7,9,10,0,0,0,10,21,24,25
11052,Brazil,76,Belgium,56,1887,1649,1410,1556,1680,1980,2151,1021,942,862,1041,1203,1414,1553,866,707,548,515,477,566,598
11053,Brazil,76,BoliviaPlurinationalStateof,68,15996,18217,20437,29671,38484,45364,49289,9177,10223,11268,16067,20621,24156,26825,6819,7994,9169,13604,17863,21208,22464
11054,Brazil,76,BosniaandHerzegovina,70,0,0,0,34,69,81,86,0,0,0,16,31,36,40,0,0,0,18,38,45,46
11055,Brazil,76,Belize,84,0,0,0,2,6,6,5,0,0,0,0,0,0,0,0,0,0,2,6,6,5
11056,Brazil,76,BruneiDarussalam,96,0,0,0,70,142,167,180,0,0,0,5,10,11,17,0,0,0,65,132,156,163
11057,Brazil,76,Bulgaria,100,409,346,283,261,237,279,301,190,171,152,136,119,139,155,219,175,131,125,118,140,146
11058,Brazil,76,Myanmar,104,0,0,0,0,13,14,14,0,0,0,0,6,7,7,0,0,0,0,7,7,7
11059,Brazil,76,Burundi,108,0,0,0,10,22,25,27,0,0,0,10,22,25,27,0,0,0,0,0,0,0
11060,Brazil,76,Belarus,112,0,0,0,4,9,10,10,0,0,0,4,9,10,10,0,0,0,0,0,0,0
11061,Brazil,76,Cambodia,116,0,0,0,13,28,33,35,0,0,0,7,14,17,19,0,0,0,6,14,16,16
11062,Brazil,76,Cameroon,120,0,0,0,69,139,163,175,0,0,0,40,80,93,103,0,0,0,29,59,70,72
11063,Brazil,76,Canada,124,970,1113,1256,1425,1574,1855,2014,612,671,730,900,1056,1240,1364,358,442,526,525,518,615,650
11064,Brazil,76,CaboVerde,132,0,0,0,592,1185,1397,1516,0,0,0,263,526,616,690,0,0,0,329,659,781,826
11065,Brazil,76,CentralAfricanRepublic,140,0,0,0,5,12,13,13,0,0,0,0,3,3,3,0,0,0,5,9,10,10
11066,Brazil,76,Chile,152,22243,19708,17172,16352,15300,18036,19596,12936,11601,10266,9780,9147,10731,11859,9307,8107,6906,6572,6153,7305,7737
11067,Brazil,76,China,156,8532,9429,10326,14884,19232,22671,24632,4565,5115,5665,8099,10410,12197,13539,3967,4314,4661,6785,8822,10474,11093
11068,Brazil,76,Colombia,170,2223,3196,4169,5520,6793,8008,8700,1097,1695,2294,2879,3419,4002,4458,1126,1501,1875,2641,3374,4006,4242
11069,Brazil,76,Congo,178,0,0,0,39,80,94,99,0,0,0,35,71,84,89,0,0,0,4,9,10,10
11070,Brazil,76,DemocraticRepublicoftheCongo,180,0,0,0,48,97,1993,4375,0,0,0,35,70,1461,3237,0,0,0,13,27,532,1138
11071,Brazil,76,CostaRica,188,388,314,239,313,384,452,490,267,188,109,171,231,271,300,121,126,130,142,153,181,190
11072,Brazil,76,Croatia,191,0,0,0,283,568,669,726,0,0,0,109,218,254,287,0,0,0,174,350,415,439
11073,Brazil,76,Cuba,192,442,894,1346,1715,2060,2427,14798,191,484,777,1006,1220,1431,8773,251,410,569,709,840,996,6025
11074,Brazil,76,Czechia,203,1535,1347,1158,806,444,522,566,862,733,604,427,244,285,316,673,614,554,379,200,237,250
11075,Brazil,76,Benin,204,0,0,0,13,27,31,32,0,0,0,9,18,21,22,0,0,0,4,9,10,10
11076,Brazil,76,Denmark,208,525,489,453,474,490,577,626,261,286,312,324,331,389,429,264,203,141,150,159,188,197
11077,Brazil,76,Dominica,212,0,0,0,10,22,25,27,0,0,0,5,10,12,14,0,0,0,5,12,13,13
11078,Brazil,76,DominicanRepublic,214,277,190,102,207,310,365,1274,85,60,35,52,69,80,284,192,130,67,155,241,285,990
11079,Brazil,76,Ecuador,218,614,903,1191,1463,1716,2022,2195,402,545,688,784,868,1016,1131,212,358,503,679,848,1006,1064
11080,Brazil,76,ElSalvador,222,405,443,481,356,227,267,289,335,332,330,250,166,196,214,70,111,151,106,61,71,75
11081,Brazil,76,EquatorialGuinea,226,0,0,0,27,56,65,70,0,0,0,7,14,16,20,0,0,0,20,42,49,50
11082,Brazil,76,Ethiopia,231,0,0,0,5,11,12,13,0,0,0,0,0,0,1,0,0,0,5,11,12,12
11083,Brazil,76,Estonia,233,0,0,0,90,181,213,231,0,0,0,26,52,61,71,0,0,0,64,129,152,160
11084,Brazil,76,Finland,246,169,167,165,341,513,605,655,84,79,75,175,272,320,354,85,88,90,166,241,285,301
11085,Brazil,76,France,250,8096,8249,8402,9004,9478,11172,12138,4706,4810,4915,5492,5986,7026,7747,3390,3439,3487,3512,3492,4146,4391
11086,Brazil,76,FrenchGuiana,254,742,683,624,667,702,827,896,384,371,359,389,413,484,535,358,312,265,278,289,343,361
11087,Brazil,76,Gabon,266,0,0,0,15,31,36,38,0,0,0,15,31,36,38,0,0,0,0,0,0,0
11088,Brazil,76,Georgia,268,0,0,0,31,64,75,80,0,0,0,10,21,24,28,0,0,0,21,43,51,52
11089,Brazil,76,Germany,276,25679,22641,19603,17981,16103,18983,20625,13074,11628,10182,9862,9392,10953,12121,12605,11013,9421,8119,6711,8030,8504
11090,Brazil,76,Ghana,288,0,0,0,30,62,72,2459,0,0,0,21,42,49,1708,0,0,0,9,20,23,751
11091,Brazil,76,Kiribati,296,0,0,0,42,86,100,108,0,0,0,27,54,63,70,0,0,0,15,32,37,38
11092,Brazil,76,Greece,300,3523,3133,2743,2150,1528,1801,1956,2256,1968,1680,1275,851,998,1107,1267,1165,1063,875,677,803,849
11093,Brazil,76,Grenada,308,0,0,0,13,27,31,32,0,0,0,11,22,26,27,0,0,0,2,5,5,5
11094,Brazil,76,Guatemala,320,53,106,158,225,290,341,369,15,66,116,135,153,179,199,38,40,42,90,137,162,170
11095,Brazil,76,Guinea,324,0,0,0,28,58,68,73,0,0,0,16,32,38,43,0,0,0,12,26,30,30
11096,Brazil,76,Guyana,328,1093,1350,1607,1756,1881,2217,2407,481,648,816,867,905,1059,1181,612,702,791,889,976,1158,1226
11097,Brazil,76,Haiti,332,254,135,15,35,55,64,32796,119,64,8,13,18,21,11274,135,71,7,22,37,43,21522
11098,Brazil,76,Honduras,340,280,208,136,131,126,148,160,208,156,105,90,75,88,98,72,52,31,41,51,60,62
11099,Brazil,76,Hungary,348,5282,4074,2865,2204,1513,1783,1936,2212,1744,1275,1008,725,848,947,3070,2330,1590,1196,788,935,989
11100,Brazil,76,Iceland,352,0,0,0,239,479,564,612,0,0,0,160,319,375,413,0,0,0,79,160,189,199
11101,Brazil,76,India,356,697,730,762,824,875,1030,1118,419,433,446,510,566,664,732,278,297,316,314,309,366,386
11102,Brazil,76,Indonesia,360,0,0,0,361,723,851,924,0,0,0,168,336,392,440,0,0,0,193,387,459,484
11103,Brazil,76,IranIslamicRepublicof,364,0,0,0,265,531,625,678,0,0,0,140,280,328,365,0,0,0,125,251,297,313
11104,Brazil,76,Iraq,368,0,0,0,253,507,597,646,0,0,0,162,324,381,418,0,0,0,91,183,216,228
11105,Brazil,76,Ireland,372,109,165,220,196,171,201,217,66,119,172,154,134,158,173,43,46,48,42,37,43,44
11106,Brazil,76,Israel,376,2137,1961,1784,1903,1995,2351,2554,1363,1216,1068,1148,1210,1420,1569,774,745,716,755,785,931,985
11107,Brazil,76,Italy,380,70081,62623,55164,46336,36848,43436,47193,38009,34167,30324,26203,21685,25433,28123,32072,28456,24840,20133,15163,18003,19070
11108,Brazil,76,CotedIvoire,384,0,0,0,164,330,388,421,0,0,0,120,241,283,310,0,0,0,44,89,105,111
11109,Brazil,76,Jamaica,388,24,41,57,98,138,162,174,24,30,36,77,116,137,148,0,11,21,21,22,25,26
11110,Brazil,76,Japan,392,86768,78935,71102,60300,48639,57336,62296,45342,40959,36576,30950,24849,28992,32274,41426,37976,34526,29350,23790,28344,30022
11111,Brazil,76,Kazakhstan,398,0,0,0,12,25,29,30,0,0,0,0,0,0,0,0,0,0,12,25,29,30
11112,Brazil,76,Jordan,400,0,0,0,522,1046,1232,1338,0,0,0,377,754,886,973,0,0,0,145,292,346,365
11113,Brazil,76,Kenya,404,0,0,0,22,46,53,56,0,0,0,1,3,2,4,0,0,0,21,43,51,52
11114,Brazil,76,DemPeoplesRepublicofKorea,408,0,0,0,71,144,169,182,0,0,0,43,87,102,113,0,0,0,28,57,67,69
11115,Brazil,76,RepublicofKorea,410,0,0,0,4251,8505,10025,10891,0,0,0,2004,4010,4688,5238,0,0,0,2247,4495,5337,5653
11116,Brazil,76,Kuwait,414,0,0,0,10,21,24,25,0,0,0,0,0,0,0,0,0,0,10,21,24,25
11117,Brazil,76,LaoPeoplesDemocraticRepublic,418,0,0,0,2,6,6,5,0,0,0,2,6,6,5,0,0,0,0,0,0,0
11118,Brazil,76,Lebanon,422,17987,17058,16128,14281,12231,14418,15664,10880,10393,9906,8894,7748,9096,10028,7107,6665,6222,5387,4483,5322,5636
11119,Brazil,76,Latvia,428,0,0,0,70,141,166,179,0,0,0,15,29,33,40,0,0,0,55,112,133,139
11120,Brazil,76,Liberia,430,0,0,0,0,35,41,43,0,0,0,0,19,23,24,0,0,0,0,16,18,19
11121,Brazil,76,Libya,434,0,0,0,0,96,112,121,0,0,0,0,50,58,66,0,0,0,0,46,54,55
11122,Brazil,76,Liechtenstein,438,0,0,0,0,17,19,20,0,0,0,0,17,19,20,0,0,0,0,0,0,0
11123,Brazil,76,Lithuania,440,0,0,0,0,627,739,801,0,0,0,0,146,169,198,0,0,0,0,481,570,603
11124,Brazil,76,Luxembourg,442,0,0,0,0,54,63,68,0,0,0,0,39,46,50,0,0,0,0,15,17,18
11125,Brazil,76,Madagascar,450,0,0,0,0,36,42,44,0,0,0,0,4,5,6,0,0,0,0,32,37,38
11126,Brazil,76,Malawi,454,0,0,0,0,10,11,11,0,0,0,0,10,11,11,0,0,0,0,0,0,0
11127,Brazil,76,Malaysia,458,0,0,0,0,121,142,154,0,0,0,0,56,66,75,0,0,0,0,65,76,79
11128,Brazil,76,Maldives,462,0,0,0,0,10,11,11,0,0,0,0,0,0,0,0,0,0,0,10,11,11
11129,Brazil,76,Mali,466,0,0,0,0,7,7,7,0,0,0,0,7,7,7,0,0,0,0,0,0,0
11130,Brazil,76,Malta,470,0,0,0,0,28,33,35,0,0,0,0,28,33,35,0,0,0,0,0,0,0
11131,Brazil,76,Mexico,484,792,1027,1261,1973,2657,3131,3400,480,594,707,1075,1425,1669,1852,312,433,554,898,1232,1462,1548
11132,Brazil,76,Monaco,492,0,0,0,0,126,148,160,0,0,0,0,46,54,62,0,0,0,0,80,94,98
11133,Brazil,76,Montenegro,499,0,0,0,0,23,26,27,0,0,0,0,10,12,13,0,0,0,0,13,14,14
11134,Brazil,76,Morocco,504,0,0,0,0,504,594,644,0,0,0,0,310,365,402,0,0,0,0,194,229,242
11135,Brazil,76,Mozambique,508,987,1162,1337,1385,1414,1667,1809,752,783,815,722,617,721,807,235,379,522,663,797,946,1002
11136,Brazil,76,Oman,512,0,0,0,0,20,23,24,0,0,0,0,11,13,14,0,0,0,0,9,10,10
11137,Brazil,76,Namibia,516,0,0,0,0,49,57,61,0,0,0,0,39,46,50,0,0,0,0,10,11,11
11138,Brazil,76,Nepal,524,0,0,0,0,51,59,63,0,0,0,0,51,59,63,0,0,0,0,0,0,0
11139,Brazil,76,Netherlands,528,3535,3522,3508,3426,3296,3885,4219,2155,2193,2231,2301,2336,2746,3013,1380,1329,1277,1125,960,1139,1206
11140,Brazil,76,NewZealand,554,0,0,0,0,272,320,346,0,0,0,0,218,256,280,0,0,0,0,54,64,66
11141,Brazil,76,Nicaragua,558,329,415,501,436,365,429,465,200,266,332,264,192,224,249,129,149,169,172,173,205,216
11142,Brazil,76,Niger,562,0,0,0,0,14,16,17,0,0,0,0,14,16,17,0,0,0,0,0,0,0
11143,Brazil,76,Nigeria,566,0,0,0,0,1110,2181,3505,0,0,0,0,823,1620,2606,0,0,0,0,287,561,899
11144,Brazil,76,Norway,578,230,187,143,359,570,671,728,182,146,110,265,415,488,535,48,41,33,94,155,183,193
11145,Brazil,76,Palau,585,0,0,0,0,21,24,25,0,0,0,0,12,14,15,0,0,0,0,9,10,10
11146,Brazil,76,Pakistan,586,127,150,172,215,256,301,2094,99,103,106,128,149,174,1222,28,47,66,87,107,127,872
11147,Brazil,76,Panama,591,974,767,559,541,517,608,660,567,446,325,333,336,394,434,407,321,234,208,181,214,226
11148,Brazil,76,Paraguay,600,21394,25143,28891,34146,38916,45874,49842,10075,11813,13551,15867,17935,20766,23247,11319,13330,15340,18279,20981,25108,26595
11149,Brazil,76,Peru,604,5716,8278,10840,12958,14892,17555,19074,3394,5042,6690,7925,9042,10610,11718,2322,3236,4150,5033,5850,6945,7356
11150,Brazil,76,Philippines,608,0,0,0,0,355,418,452,0,0,0,0,169,198,219,0,0,0,0,186,220,233
11151,Brazil,76,Poland,616,13225,10351,7477,5504,3453,4070,4421,6305,4766,3228,2467,1668,1951,2178,6920,5585,4249,3037,1785,2119,2243
11152,Brazil,76,Portugal,620,274924,244319,213713,176510,136792,161250,175251,145746,128497,111247,90969,69295,80618,89800,129178,115822,102466,85541,67497,80632,85451
11153,Brazil,76,GuineaBissau,624,0,0,0,468,938,1105,1199,0,0,0,311,623,732,805,0,0,0,157,315,373,394
11154,Brazil,76,TimorLeste,626,0,0,0,0,50,58,62,0,0,0,0,0,10,1,0,0,0,0,50,48,61
11155,Brazil,76,Romania,642,6604,5069,3534,2631,1692,1994,2164,3231,2432,1633,1193,734,858,961,3373,2637,1901,1438,958,1136,1203
11156,Brazil,76,RussianFederation,643,11249,8882,6515,3974,1376,1622,1761,4922,3760,2599,1576,527,615,696,6327,5122,3916,2398,849,1007,1065
11157,Brazil,76,Rwanda,646,0,0,0,0,14,16,17,0,0,0,0,14,16,17,0,0,0,0,0,0,0
11158,Brazil,76,SaintKittsandNevis,659,0,0,0,0,31,36,38,0,0,0,0,26,31,33,0,0,0,0,5,5,5
11159,Brazil,76,SaintLucia,662,0,0,0,0,145,170,183,0,0,0,0,48,55,63,0,0,0,0,97,115,120
11160,Brazil,76,SaintVincentandtheGrenadines,670,0,0,0,0,30,35,37,0,0,0,0,0,0,1,0,0,0,0,30,35,36
11161,Brazil,76,SanMarino,674,0,0,0,0,35,41,43,0,0,0,0,0,0,1,0,0,0,0,35,41,42
11162,Brazil,76,SaoTomeandPrincipe,678,0,0,0,0,59,69,73,0,0,0,0,13,15,18,0,0,0,0,46,54,55
11163,Brazil,76,SaudiArabia,682,0,0,0,0,326,383,416,0,0,0,0,236,277,305,0,0,0,0,90,106,111
11164,Brazil,76,Senegal,686,0,0,0,0,185,5219,6267,0,0,0,0,163,4632,5573,0,0,0,0,22,587,694
11165,Brazil,76,Serbia,688,0,0,0,0,430,507,550,0,0,0,0,151,176,201,0,0,0,0,279,331,349
11166,Brazil,76,Seychelles,690,0,0,0,0,30,35,37,0,0,0,0,30,35,37,0,0,0,0,0,0,0
11167,Brazil,76,SierraLeone,694,0,0,0,0,7,7,7,0,0,0,0,7,7,7,0,0,0,0,0,0,0
11168,Brazil,76,Singapore,702,0,0,0,0,115,135,145,0,0,0,0,23,26,31,0,0,0,0,92,109,114
11169,Brazil,76,Slovakia,703,0,0,0,0,211,248,268,0,0,0,0,101,118,132,0,0,0,0,110,130,136
11170,Brazil,76,VietNam,704,0,0,0,0,127,149,161,0,0,0,0,82,96,106,0,0,0,0,45,53,55
11171,Brazil,76,Slovenia,705,0,0,0,0,176,207,224,0,0,0,0,96,113,126,0,0,0,0,80,94,98
11172,Brazil,76,SouthAfrica,710,0,0,0,0,1574,1855,2014,0,0,0,0,1121,1318,1447,0,0,0,0,453,537,567
11173,Brazil,76,Zimbabwe,716,0,0,0,0,102,120,129,0,0,0,0,58,68,76,0,0,0,0,44,52,53
11174,Brazil,76,Spain,724,59188,51448,43708,37357,30473,35922,39028,32204,27897,23590,20296,16692,19461,21593,26984,23551,20118,17061,13781,16461,17435
11175,Brazil,76,Suriname,740,120,177,233,253,271,319,346,51,104,156,157,157,184,204,69,73,77,96,114,135,142
11176,Brazil,76,Sweden,752,457,587,716,677,630,742,804,331,390,449,440,425,499,548,126,197,267,237,205,243,256
11177,Brazil,76,Switzerland,756,2886,2919,2951,2976,2960,3489,3789,1596,1761,1925,1975,1996,2345,2577,1290,1158,1026,1001,964,1144,1212
11178,Brazil,76,SyrianArabRepublic,760,4434,3864,3293,2688,2045,3425,8003,2271,2061,1851,1525,1175,1970,4600,2163,1803,1442,1163,870,1455,3403
11179,Brazil,76,Tajikistan,762,0,0,0,0,8,8,8,0,0,0,0,8,8,8,0,0,0,0,0,0,0
11180,Brazil,76,Thailand,764,0,0,0,0,457,538,583,0,0,0,0,245,287,318,0,0,0,0,212,251,265
11181,Brazil,76,Togo,768,0,0,0,0,10,11,11,0,0,0,0,10,11,11,0,0,0,0,0,0,0
11182,Brazil,76,TrinidadandTobago,780,0,0,0,0,187,220,238,0,0,0,0,84,98,110,0,0,0,0,103,122,128
11183,Brazil,76,UnitedArabEmirates,784,0,0,0,0,33,39,40,0,0,0,0,33,39,40,0,0,0,0,0,0,0
11184,Brazil,76,Tunisia,788,0,0,0,0,80,94,99,0,0,0,0,67,80,85,0,0,0,0,13,14,14
11185,Brazil,76,Turkey,792,1031,862,693,530,360,423,459,551,409,268,258,243,284,314,480,453,425,272,117,139,145
11186,Brazil,76,Turkmenistan,795,0,0,0,0,22,25,27,0,0,0,0,6,7,8,0,0,0,0,16,18,19
11187,Brazil,76,Uganda,800,0,0,0,0,65,76,80,0,0,0,0,36,42,45,0,0,0,0,29,34,35
11188,Brazil,76,Ukraine,804,0,0,0,0,728,857,930,0,0,0,0,311,362,407,0,0,0,0,417,495,523
11189,Brazil,76,NorthMacedonia,807,0,0,0,0,39,46,48,0,0,0,0,24,29,30,0,0,0,0,15,17,18
11190,Brazil,76,Egypt,818,4192,3796,3400,3268,3090,3642,3957,2260,1956,1652,1663,1649,1932,2147,1932,1840,1748,1605,1441,1710,1810
11191,Brazil,76,UnitedKingdom,826,3849,3947,4044,4506,4905,5782,6281,2086,2306,2526,2790,3013,3536,3903,1763,1641,1518,1716,1892,2246,2378
11192,Brazil,76,UnitedRepublicofTanzania,834,0,0,0,0,88,103,111,0,0,0,0,51,60,67,0,0,0,0,37,43,44
11193,Brazil,76,UnitedStatesofAmerica,840,11806,12894,13981,18779,23311,20626,22410,6432,7312,8192,10890,13424,9380,10499,5374,5582,5789,7889,9887,11246,11911
11194,Brazil,76,BurkinaFaso,854,0,0,0,12,26,30,31,0,0,0,5,11,13,13,0,0,0,7,15,17,18
11195,Brazil,76,Uruguay,858,23363,24081,24799,24495,23843,28106,30537,12682,12830,12978,12705,12238,14328,15944,10681,11251,11821,11790,11605,13778,14593
11196,Brazil,76,Uzbekistan,860,0,0,0,0,27,31,32,0,0,0,0,1,1,2,0,0,0,0,26,30,30
11197,Brazil,76,VenezuelaBolivarianRepublicof,862,1220,1694,2167,2524,2845,3354,248105,572,834,1096,1286,1456,1706,127178,648,860,1071,1238,1389,1648,120927
11198,Chile,152,Melanesia,928,0,0,0,0,0,0,0,0,0,0,0,0,0,0,0,0,0,0,0,0,0
11199,Chile,152,Micronesia,954,0,0,0,0,0,0,0,0,0,0,0,0,0,0,0,0,0,0,0,0,0
11200,Chile,152,Polynesia,957,0,0,0,0,0,0,0,0,0,0,0,0,0,0,0,0,0,0,0,0,0
11201,Chile,152,Argentina,32,32696,39251,45770,50740,55685,56363,79253,16212,19651,22791,25600,28401,29777,39468,16484,19600,22979,25140,27284,26586,39785
11202,Chile,152,BoliviaPlurinationalStateof,68,7277,8926,10568,17859,25143,53244,128782,3455,4122,4849,8357,11864,26050,57194,3822,4804,5719,9502,13279,27194,71588
11203,Chile,152,Brazil,76,4332,5611,6886,8477,10065,15247,18976,2039,2659,3243,4056,4869,7647,8404,2293,2952,3643,4421,5196,7600,10572
11204,Chile,152,China,156,1124,1691,2258,3733,5208,7889,15921,653,927,1232,2065,2899,4541,9028,471,764,1026,1668,2309,3348,6893
11205,Chile,152,Colombia,170,1554,2734,3913,9159,14401,73601,173487,688,1231,1750,4192,6632,35152,79942,866,1503,2163,4967,7769,38449,93545
11206,Chile,152,Cuba,192,518,1751,2984,4479,5973,2051,23929,247,919,1558,2373,3188,1133,13685,271,832,1426,2106,2785,918,10244
11207,Chile,152,DominicanRepublic,214,124,197,271,406,542,821,36485,56,91,124,190,256,403,14406,68,106,147,216,286,418,22079
11208,Chile,152,Ecuador,218,2163,5512,8857,13414,17966,22146,42266,1012,2467,3937,6082,8227,10518,20309,1151,3045,4920,7332,9739,11628,21957
11209,Chile,152,France,250,2147,2625,3101,4655,6207,9403,9260,1075,1357,1595,2431,3266,5123,4722,1072,1268,1506,2224,2941,4280,4538
11210,Chile,152,Germany,276,5379,5371,5359,8044,10727,16250,7559,2656,2656,2635,4021,5406,8485,3530,2723,2715,2724,4023,5321,7765,4029
11211,Chile,152,Haiti,332,36,40,45,67,90,39825,236912,24,23,25,38,51,23322,149600,12,17,20,29,39,16503,87312
11212,Chile,152,Italy,380,4422,4062,3699,5552,7404,11216,4670,2504,2224,2016,3067,4117,6449,2690,1918,1838,1683,2485,3287,4767,1980
11213,Chile,152,Mexico,484,746,1223,1700,2552,3403,5155,10558,365,614,848,1294,1739,2729,4913,381,609,852,1258,1664,2426,5645
11214,Chile,152,Paraguay,600,641,919,1198,1798,2398,3632,6045,290,441,571,873,1174,1843,2292,351,478,627,925,1224,1789,3753
11215,Chile,152,Peru,604,7052,21265,35460,80085,124672,150885,240273,3583,8382,13862,32215,50564,63463,112709,3469,12883,21598,47870,74108,87422,127564
11216,Chile,152,Spain,724,9710,9183,8648,9969,11286,17097,21798,5190,4771,4470,5218,5965,9354,11927,4520,4412,4178,4751,5321,7743,9871
11217,Chile,152,UnitedStatesofAmerica,840,5650,6770,7884,8953,10019,15178,17015,3058,3766,4366,5012,5656,8856,8429,2592,3004,3518,3941,4363,6322,8586
11218,Chile,152,Uruguay,858,1393,1816,2238,3359,4480,6786,5652,722,947,1161,1768,2376,3725,3101,671,869,1077,1591,2104,3061,2551
11219,Chile,152,VenezuelaBolivarianRepublicof,862,2349,3197,4044,6070,8095,54787,523553,1139,1546,1944,2968,3993,28008,261477,1210,1651,2100,3102,4102,26779,262076
11220,Colombia,170,Melanesia,928,0,0,0,0,0,0,0,0,0,0,0,0,0,0,0,0,0,0,0,0,0
11221,Colombia,170,Micronesia,954,0,0,0,0,0,0,0,0,0,0,0,0,0,0,0,0,0,0,0,0,0
11222,Colombia,170,Polynesia,957,0,0,0,0,0,0,0,0,0,0,0,0,0,0,0,0,0,0,0,0,0
11223,Colombia,170,Argentina,32,2359,2471,2582,2540,3386,4464,5719,1284,1359,1434,1425,1955,2651,3450,1075,1112,1148,1115,1431,1813,2269
11224,Colombia,170,BoliviaPlurinationalStateof,68,634,653,671,652,795,958,1129,304,328,351,355,418,485,559,330,325,320,297,377,473,570
11225,Colombia,170,Brazil,76,1728,1809,1889,1854,2570,3525,4685,753,786,818,802,1154,1641,2226,975,1023,1071,1052,1416,1884,2459
11226,Colombia,170,Canada,124,682,731,780,782,1033,1350,1715,348,380,413,420,575,777,1006,334,351,367,362,458,573,709
11227,Colombia,170,Chile,152,1859,1810,1761,1604,2344,3388,4732,874,892,910,872,1309,1942,2752,985,918,851,732,1035,1446,1980
11228,Colombia,170,China,156,1233,1392,1551,1632,1632,1616,1584,709,790,871,909,936,954,951,524,602,680,723,696,662,633
11229,Colombia,170,CostaRica,188,691,757,822,839,1106,1442,1828,321,357,392,405,542,718,918,370,400,430,434,564,724,910
11230,Colombia,170,Cuba,192,1296,1375,1454,1450,1772,2144,2534,756,817,879,891,1099,1340,1591,540,558,575,559,673,804,943
11231,Colombia,170,DominicanRepublic,214,361,350,338,305,469,714,1046,173,167,160,144,236,381,577,188,183,178,161,233,333,469
11232,Colombia,170,Ecuador,218,11870,11917,11964,11337,13707,16397,19180,6223,6216,6209,5861,7057,8399,9792,5647,5701,5755,5476,6650,7998,9388
11233,Colombia,170,ElSalvador,222,297,306,315,305,425,586,782,149,160,171,171,235,320,423,148,146,144,134,190,266,359
11234,Colombia,170,France,250,1905,1851,1797,1640,2077,2603,3180,1030,996,963,876,1170,1543,1940,875,855,834,764,907,1060,1240
11235,Colombia,170,Germany,276,2679,2455,2230,1889,1997,2088,2156,1472,1359,1245,1067,1162,1251,1313,1207,1096,985,822,835,837,843
11236,Colombia,170,Guatemala,320,264,305,346,365,494,661,857,105,131,157,173,251,358,481,159,174,189,192,243,303,376
11237,Colombia,170,Honduras,340,265,276,286,280,384,523,690,126,134,141,141,187,247,319,139,142,145,139,197,276,371
11238,Colombia,170,Italy,380,2660,2565,2470,2241,2563,2902,3225,1689,1637,1585,1448,1671,1908,2130,971,928,885,793,892,994,1095
11239,Colombia,170,Japan,392,515,546,576,576,619,658,689,300,318,335,335,356,375,390,215,228,241,241,263,283,299
11240,Colombia,170,Mexico,484,1908,2072,2236,2264,3125,4265,5641,945,1047,1150,1184,1668,2323,3107,963,1025,1086,1080,1457,1942,2534
11241,Colombia,170,Netherlands,528,425,383,341,279,374,495,635,234,220,207,181,246,330,427,191,163,134,98,128,165,208
11242,Colombia,170,Panama,591,2073,1966,1858,1645,2068,2573,3123,962,912,862,764,1000,1293,1604,1111,1054,996,881,1068,1280,1519
11243,Colombia,170,Peru,604,2896,3342,3788,4026,4575,5144,5680,1604,1889,2175,2344,2706,3090,3442,1292,1453,1613,1682,1869,2054,2238
11244,Colombia,170,RussianFederation,643,493,518,542,538,578,616,646,222,219,216,202,214,226,235,271,299,326,336,364,390,411
11245,Colombia,170,Spain,724,5631,5620,5608,5245,7935,11877,17122,3108,3068,3027,2800,4348,6675,9761,2523,2552,2581,2445,3587,5202,7361
11246,Colombia,170,Switzerland,756,663,634,605,543,621,704,782,413,396,379,342,397,458,513,250,238,226,201,224,246,269
11247,Colombia,170,UnitedKingdom,826,991,1009,1026,993,1201,1439,1686,541,551,560,579,722,891,1061,450,458,466,414,479,548,625
11248,Colombia,170,UnitedStatesofAmerica,840,13478,14273,15068,15039,16977,18963,20810,6802,7246,7691,7724,8928,10204,11343,6676,7027,7377,7315,8049,8759,9467
11249,Colombia,170,Uruguay,858,360,362,364,345,436,544,662,202,210,218,214,279,359,444,158,152,146,131,157,185,218
11250,Colombia,170,VenezuelaBolivarianRepublicof,862,33123,35162,37200,37353,45692,55893,1780486,15410,16510,17609,17846,22249,27744,883775,17713,18652,19591,19507,23443,28149,896711
11251,Ecuador,218,Melanesia,928,0,0,0,0,0,0,0,0,0,0,0,0,0,0,0,0,0,0,0,0,0
11252,Ecuador,218,Micronesia,954,0,0,0,0,0,0,0,0,0,0,0,0,0,0,0,0,0,0,0,0,0
11253,Ecuador,218,Polynesia,957,0,0,0,0,0,0,0,0,0,0,0,0,0,0,0,0,0,0,0,0,0
11254,Ecuador,218,Afghanistan,4,18,21,23,28,44,112,167,11,13,14,17,27,59,96,7,8,9,11,17,53,71
11255,Ecuador,218,Albania,8,8,19,30,36,57,71,73,4,10,16,19,30,38,43,4,9,14,17,27,33,30
11256,Ecuador,218,Algeria,12,16,18,20,25,38,48,50,12,13,15,18,28,37,40,4,5,5,7,10,11,10
11257,Ecuador,218,Angola,24,14,16,18,22,34,42,43,5,6,7,8,13,16,20,9,10,11,14,21,26,23
11258,Ecuador,218,Argentina,32,1669,1954,2239,2679,4266,5399,5645,964,1140,1316,1598,2500,3149,3560,705,814,923,1081,1766,2250,2085
11259,Ecuador,218,Australia,36,125,140,155,186,296,373,389,69,77,86,105,164,206,235,56,63,69,81,132,167,154
11260,Ecuador,218,Austria,40,182,205,227,272,433,546,571,102,115,128,156,244,306,349,80,90,99,116,189,240,222
11261,Ecuador,218,Bahamas,44,16,18,20,25,38,48,50,9,10,11,14,21,28,32,7,8,9,11,17,20,18
11262,Ecuador,218,Armenia,51,13,15,16,20,30,37,38,7,8,8,10,15,18,21,6,7,8,10,15,19,17
11263,Ecuador,218,Belgium,56,285,320,355,425,676,855,893,145,163,181,221,343,432,501,140,157,174,204,333,423,392
11264,Ecuador,218,BoliviaPlurinationalStateof,68,509,572,634,758,1208,1528,1597,270,304,338,411,642,808,930,239,268,296,347,566,720,667
11265,Ecuador,218,Brazil,76,968,1035,1101,1317,2097,2654,2774,415,462,509,623,964,1212,1438,553,573,592,694,1133,1442,1336
11266,Ecuador,218,Bulgaria,100,65,73,81,97,154,194,201,30,33,37,45,70,88,103,35,40,44,52,84,106,98
11267,Ecuador,218,Cameroon,120,15,17,19,23,36,45,46,10,11,13,15,25,32,34,5,6,6,8,11,13,12
11268,Ecuador,218,Canada,124,806,889,971,1162,1850,2341,2447,394,432,470,575,892,1121,1316,412,457,501,587,958,1220,1131
11269,Ecuador,218,Chile,152,5302,5002,4702,5625,8959,11341,11859,2850,2711,2572,3131,4884,6148,7047,2452,2291,2130,2494,4075,5193,4812
11270,Ecuador,218,China,156,654,934,1214,1453,2313,2928,3061,390,557,724,879,1376,1735,1956,264,377,490,574,937,1193,1105
11271,Ecuador,218,Colombia,170,40238,55897,71556,94258,221534,194721,203470,18406,26355,34305,45192,111222,97851,113685,21832,29542,37251,49066,110312,96870,89785
11272,Ecuador,218,CostaRica,188,313,351,389,466,742,938,1027,145,162,180,221,343,430,556,168,189,209,245,399,508,471
11273,Ecuador,218,Croatia,191,27,31,34,41,65,81,84,17,20,22,27,43,54,60,10,11,12,14,22,27,24
11274,Ecuador,218,Cuba,192,998,1120,1242,1486,3772,2994,3130,551,619,687,836,2082,1642,1878,447,501,555,650,1690,1352,1252
11275,Ecuador,218,Czechia,203,105,118,131,158,250,315,329,76,85,95,116,182,229,250,29,33,36,42,68,86,79
11276,Ecuador,218,Denmark,208,61,69,76,92,145,183,191,42,47,52,64,100,126,139,19,22,24,28,45,57,52
11277,Ecuador,218,DominicanRepublic,214,118,133,147,176,280,353,369,52,59,65,79,123,154,185,66,74,82,97,157,199,184
11278,Ecuador,218,ElSalvador,222,174,196,217,260,413,522,544,82,93,103,127,195,246,289,92,103,114,133,218,276,255
11279,Ecuador,218,FalklandIslandsMalvinas,238,18,20,22,27,42,52,54,9,10,11,13,21,26,31,9,10,11,14,21,26,23
11280,Ecuador,218,Finland,246,43,48,53,63,100,126,131,16,18,20,24,37,47,58,27,30,33,39,63,79,73
11281,Ecuador,218,France,250,686,813,939,1123,1789,2264,2366,352,414,475,579,901,1134,1320,334,399,464,544,888,1130,1046
11282,Ecuador,218,Gambia,270,11,13,14,17,27,33,34,9,10,11,13,22,28,30,2,3,3,4,5,5,4
11283,Ecuador,218,StateofPalestine,275,33,37,41,49,77,97,101,16,18,20,24,37,48,56,17,19,21,25,40,49,45
11284,Ecuador,218,Germany,276,1397,1612,1827,2185,3481,4405,4606,743,827,911,1113,1729,2173,2537,654,785,916,1072,1752,2232,2069
11285,Ecuador,218,Ghana,288,13,15,16,20,30,37,38,9,10,11,13,20,26,28,4,5,5,7,10,11,10
11286,Ecuador,218,Greece,300,24,27,30,36,57,71,73,19,21,24,28,46,58,61,5,6,6,8,11,13,12
11287,Ecuador,218,Guatemala,320,144,162,179,214,341,430,449,70,79,87,106,165,206,242,74,83,92,108,176,224,207
11288,Ecuador,218,Haiti,332,32,36,40,48,76,96,100,22,25,28,34,54,69,76,10,11,12,14,22,27,24
11289,Ecuador,218,Honduras,340,157,176,195,234,372,469,489,71,79,88,108,167,209,248,86,97,107,126,205,260,241
11290,Ecuador,218,China,156,344,33,37,41,49,77,97,101,19,21,24,28,44,56,64,14,16,17,21,33,41
11291,Ecuador,218,Hungary,348,72,81,90,108,172,216,225,28,31,35,44,67,83,103,44,50,55,64,105,133,122
11292,Ecuador,218,India,356,76,86,95,114,181,228,238,51,58,64,77,122,154,170,25,28,31,37,59,74,68
11293,Ecuador,218,Indonesia,360,22,25,27,33,51,64,66,12,14,15,19,29,37,42,10,11,12,14,22,27,24
11294,Ecuador,218,IranIslamicRepublicof,364,64,72,80,96,152,192,200,45,51,57,69,108,137,149,19,21,23,27,44,55,51
11295,Ecuador,218,Iraq,368,12,14,15,18,28,36,72,11,13,14,16,26,19,42,1,1,1,2,2,17,30
11296,Ecuador,218,Ireland,372,67,75,83,100,158,199,207,39,43,48,59,91,115,130,28,32,35,41,67,84,77
11297,Ecuador,218,Israel,376,174,195,216,259,412,520,542,107,120,133,161,253,318,357,67,75,83,98,159,202,185
11298,Ecuador,218,Italy,380,1252,1424,1595,1907,3038,3845,4020,752,849,946,1147,1796,2263,2554,500,575,649,760,1242,1582,1466
11299,Ecuador,218,Jamaica,388,13,15,16,20,30,37,38,6,7,7,9,13,17,20,7,8,9,11,17,20,18
11300,Ecuador,218,Japan,392,245,275,305,365,581,734,766,142,159,177,215,336,422,477,103,116,128,150,245,312,289
11301,Ecuador,218,Jordan,400,24,27,30,36,57,71,73,19,21,24,28,46,58,61,5,6,6,8,11,13,12
11302,Ecuador,218,DemPeoplesRepublicofKorea,408,162,182,202,242,384,485,507,89,100,111,135,210,264,303,73,82,91,107,174,221,204
11303,Ecuador,218,RepublicofKorea,410,270,303,336,403,640,810,846,135,151,168,206,319,402,468,135,152,168,197,321,408,378
11304,Ecuador,218,Lebanon,422,148,166,184,220,351,443,463,96,107,119,144,226,285,317,52,59,65,76,125,158,146
11305,Ecuador,218,Malaysia,458,12,14,15,18,28,34,35,7,8,9,10,17,21,23,5,6,6,8,11,13,12
11306,Ecuador,218,Mexico,484,656,797,937,1121,1785,2258,2361,296,364,432,530,819,1028,1221,360,433,505,591,966,1230,1140
11307,Ecuador,218,Morocco,504,16,18,20,25,38,48,50,10,11,12,15,23,29,33,6,7,8,10,15,19,17
11308,Ecuador,218,Netherlands,528,276,310,344,412,655,829,867,154,173,192,233,364,459,525,122,137,152,179,291,370,342
11309,Ecuador,218,NewZealand,554,38,43,47,56,89,112,116,16,18,20,24,38,48,57,22,25,27,32,51,64,59
11310,Ecuador,218,Nicaragua,558,131,147,163,195,311,392,408,67,75,83,101,158,198,229,64,72,80,94,153,194,179
11311,Ecuador,218,Nigeria,566,17,19,21,25,40,25,38,16,18,20,23,38,14,22,1,1,1,2,2,11,16
11312,Ecuador,218,Norway,578,79,89,98,117,187,235,245,39,44,48,58,91,114,133,40,45,50,59,96,121,112
11313,Ecuador,218,Pakistan,586,18,20,22,27,42,29,38,16,18,20,24,38,16,22,2,2,2,3,4,13,16
11314,Ecuador,218,Panama,591,321,361,400,479,762,964,1008,164,185,205,251,389,490,570,157,176,195,228,373,474,438
11315,Ecuador,218,Paraguay,600,81,91,101,121,192,242,252,43,48,54,66,102,128,147,38,43,47,55,90,114,105
11316,Ecuador,218,Peru,604,2567,4125,5682,6798,10826,13705,14331,1307,2334,3360,4079,6384,8045,9086,1260,1791,2322,2719,4442,5660,5245
11317,Ecuador,218,Philippines,608,42,47,52,62,99,125,130,29,32,36,43,69,87,96,13,15,16,19,30,38,34
11318,Ecuador,218,Poland,616,104,117,130,156,248,312,326,52,58,65,80,123,154,180,52,59,65,76,125,158,146
11319,Ecuador,218,Portugal,620,122,137,152,182,290,366,382,76,85,95,116,181,229,256,46,52,57,66,109,137,126
11320,Ecuador,218,PuertoRico,630,167,188,208,249,396,500,523,86,97,107,130,202,254,296,81,91,101,119,194,246,227
11321,Ecuador,218,Romania,642,101,114,126,150,239,302,315,45,51,56,67,105,133,159,56,63,70,83,134,169,156
11322,Ecuador,218,RussianFederation,643,498,559,620,742,1182,1495,1562,180,202,225,279,426,533,670,318,357,395,463,756,962,892
11323,Ecuador,218,SaudiArabia,682,30,34,37,45,71,88,91,19,21,23,28,44,55,61,11,13,14,17,27,33,30
11324,Ecuador,218,Slovakia,703,17,19,21,25,40,49,51,8,9,10,11,19,23,28,9,10,11,14,21,26,23
11325,Ecuador,218,VietNam,704,16,18,20,25,38,48,50,9,10,11,14,21,28,32,7,8,9,11,17,20,18
11326,Ecuador,218,SouthAfrica,710,41,46,51,61,97,122,127,29,32,36,43,69,87,95,12,14,15,18,28,35,32
11327,Ecuador,218,Spain,724,2013,2556,3099,3707,5904,7473,7814,1048,1313,1579,1927,2996,3767,4379,965,1243,1520,1780,2908,3706,3435
11328,Ecuador,218,Sweden,752,117,131,145,174,276,349,365,62,69,77,94,146,184,213,55,62,68,80,130,165,152
11329,Ecuador,218,Switzerland,756,654,734,814,974,1551,1962,2051,432,485,538,650,1023,1290,1429,222,249,276,324,528,672,622
11330,Ecuador,218,SyrianArabRepublic,760,22,25,27,33,51,64,164,16,18,19,23,36,45,95,6,7,8,10,15,19,69
11331,Ecuador,218,TrinidadandTobago,780,15,17,19,23,36,45,46,6,7,8,9,15,19,23,9,10,11,14,21,26,23
11332,Ecuador,218,Ukraine,804,134,151,167,200,318,401,418,58,66,73,90,138,173,207,76,85,94,110,180,228,211
11333,Ecuador,218,NorthMacedonia,807,29,15,1,2,2,1,15,19,9,0,0,0,0,9,10,6,1,2,2,1,6
11334,Ecuador,218,Egypt,818,28,32,35,42,67,84,87,19,22,24,28,46,58,64,9,10,11,14,21,26,23
11335,Ecuador,218,UnitedKingdom,826,719,807,895,1071,1706,2158,2255,381,428,475,579,902,1134,1306,338,379,420,492,804,1024,949
11336,Ecuador,218,UnitedStatesofAmerica,840,8595,9854,11112,13293,21172,26802,28026,4283,5068,5853,7135,11111,13980,16141,4312,4786,5259,6158,10061,12822,11885
11337,Ecuador,218,Uruguay,858,320,359,398,476,758,958,1002,201,225,250,302,475,598,669,119,134,148,174,283,360,333
11338,Ecuador,218,VenezuelaBolivarianRepublicof,862,2549,3120,3691,4415,7032,8901,388861,1268,1495,1723,2110,3267,4104,179976,1281,1625,1968,2305,3765,4797,208885
11339,FalklandIslandsMalvinas,238,Melanesia,928,0,0,0,0,0,0,0,0,0,0,0,0,0,0,0,0,0,0,0,0,0
11340,FalklandIslandsMalvinas,238,Micronesia,954,0,0,0,0,0,0,0,0,0,0,0,0,0,0,0,0,0,0,0,0,0
11341,FalklandIslandsMalvinas,238,Polynesia,957,0,0,0,0,0,0,0,0,0,0,0,0,0,0,0,0,0,0,0,0,0
11342,FalklandIslandsMalvinas,238,Argentina,32,27,36,39,55,24,26,31,11,21,24,32,12,13,17,16,15,15,23,12,13,14
11343,FalklandIslandsMalvinas,238,Australia,36,7,9,10,14,38,42,51,5,6,6,9,23,25,32,2,3,4,5,15,17,19
11344,FalklandIslandsMalvinas,238,Chile,152,43,42,65,131,181,198,245,25,25,39,76,103,111,138,18,17,26,55,78,87,107
11345,FalklandIslandsMalvinas,238,NewZealand,554,37,49,52,73,24,26,31,20,29,31,42,11,12,16,17,20,21,31,13,14,15
11346,FalklandIslandsMalvinas,238,SaintHelena,654,31,32,133,153,295,323,402,18,19,79,88,167,181,227,13,13,54,65,128,142,175
11347,FalklandIslandsMalvinas,238,UnitedKingdom,826,664,640,704,650,798,872,1089,382,373,418,374,450,486,605,282,267,286,276,348,386,484
11348,FalklandIslandsMalvinas,238,UnitedStatesofAmerica,840,15,20,21,30,17,19,23,8,12,13,18,7,8,11,7,8,8,12,10,11,12
11349,FrenchGuiana,254,Melanesia,928,0,0,0,0,0,0,0,0,0,0,0,0,0,0,0,0,0,0,0,0,0
11350,FrenchGuiana,254,Micronesia,954,0,0,0,0,0,0,0,0,0,0,0,0,0,0,0,0,0,0,0,0,0
11351,FrenchGuiana,254,Polynesia,957,0,0,0,0,0,0,0,0,0,0,0,0,0,0,0,0,0,0,0,0,0
11352,FrenchGuiana,254,Algeria,12,95,94,93,88,83,359,403,50,48,46,42,39,209,235,45,46,47,46,44,150,168
11353,FrenchGuiana,254,Belgium,56,75,110,145,137,129,189,212,40,55,71,65,60,97,109,35,55,74,72,69,92,103
11354,FrenchGuiana,254,Brazil,76,6204,7022,7840,11989,16137,22921,25759,3311,3593,3876,6038,8200,12709,14283,2893,3429,3964,5951,7937,10212,11476
11355,FrenchGuiana,254,China,156,961,1201,1440,1236,1032,1466,1647,514,614,713,614,515,682,766,447,587,727,622,517,784,881
11356,FrenchGuiana,254,Dominica,212,443,493,542,571,599,414,465,153,155,157,162,166,104,117,290,338,385,409,433,310,348
11357,FrenchGuiana,254,France,250,15361,18094,20826,20818,20809,20934,23526,9083,10192,11300,11190,11080,11029,12395,6278,7902,9526,9628,9729,9905,11131
11358,FrenchGuiana,254,Guadeloupe,312,2089,2180,2271,2140,2009,2021,2271,1179,1188,1198,1121,1044,1039,1168,910,992,1073,1019,965,982,1103
11359,FrenchGuiana,254,Guyana,328,2242,2469,2696,2870,3044,3522,3958,1197,1265,1333,1366,1400,1600,1799,1045,1204,1363,1504,1644,1922,2159
11360,FrenchGuiana,254,Haiti,332,9605,11381,13157,14450,15743,19651,22084,5126,5815,6505,6582,6660,8360,9395,4479,5566,6652,7868,9083,11291,12689
11361,FrenchGuiana,254,Italy,380,108,120,132,125,117,160,179,58,61,65,60,55,98,110,50,59,67,65,62,62,69
11362,FrenchGuiana,254,LaoPeoplesDemocraticRepublic,418,920,910,900,848,796,850,955,490,467,445,409,374,405,455,430,443,455,439,422,445,500
11363,FrenchGuiana,254,Martinique,474,4570,4771,4971,4685,4398,2654,2982,2474,2486,2498,2337,2176,1298,1459,2096,2285,2473,2348,2222,1356,1523
11364,FrenchGuiana,254,Peru,604,309,344,379,399,419,584,656,165,176,187,195,204,297,334,144,168,192,204,215,287,322
11365,FrenchGuiana,254,Reunion,638,365,381,396,374,351,353,396,188,188,187,176,164,163,183,177,193,209,198,187,190,213
11366,FrenchGuiana,254,SaintLucia,662,1722,1565,1408,1327,1246,785,882,920,808,696,651,606,341,384,802,757,712,676,640,444,498
11367,FrenchGuiana,254,Suriname,740,15289,15381,15472,20487,25501,23185,26064,8160,7905,7650,9793,11935,10920,12272,7129,7476,7822,10694,13566,12265,13792
11368,Guyana,328,Melanesia,928,0,0,0,0,0,0,0,0,0,0,0,0,0,0,0,0,0,0,0,0,0
11369,Guyana,328,Micronesia,954,0,0,0,0,0,0,0,0,0,0,0,0,0,0,0,0,0,0,0,0,0
11370,Guyana,328,Polynesia,957,0,0,0,0,0,0,0,0,0,0,0,0,0,0,0,0,0,0,0,0,0
11371,Guyana,328,AntiguaandBarbuda,28,5,8,10,13,9,9,9,2,3,4,5,4,4,4,3,5,6,8,5,5,5
11372,Guyana,328,Bahamas,44,4,6,8,11,8,8,8,2,3,4,5,4,4,4,2,3,4,6,4,4,4
11373,Guyana,328,Barbados,52,156,186,216,223,142,150,157,80,96,113,118,78,83,87,76,90,103,105,64,67,70
11374,Guyana,328,Brazil,76,485,780,1074,1448,1135,1201,1260,292,471,649,880,711,753,791,193,309,425,568,424,448,469
11375,Guyana,328,Canada,124,92,147,202,272,212,224,235,47,76,105,142,116,123,130,45,71,97,130,96,101,105
11376,Guyana,328,China,156,263,422,580,780,610,645,676,154,249,343,465,375,397,416,109,173,237,315,235,248,260
11377,Guyana,328,Dominica,212,13,19,25,31,23,24,25,8,11,15,18,14,15,16,5,8,10,13,9,9,9
11378,Guyana,328,Grenada,308,54,81,108,137,102,107,112,29,43,58,74,58,61,64,25,38,50,63,44,46,48
11379,Guyana,328,Jamaica,388,83,124,165,209,157,166,174,44,66,89,113,89,94,99,39,58,76,96,68,72,75
11380,Guyana,328,SaintLucia,662,286,275,264,226,116,122,128,166,159,153,132,70,74,78,120,116,111,94,46,48,50
11381,Guyana,328,SaintVincentandtheGrenadines,670,103,154,205,260,195,206,216,55,83,112,143,111,118,124,48,71,93,117,84,88,92
11382,Guyana,328,Suriname,740,1047,1681,2314,3117,2443,2586,2714,525,832,1138,1549,1271,1346,1414,522,849,1176,1568,1172,1240,1300
11383,Guyana,328,TrinidadandTobago,780,189,310,430,591,468,495,519,103,169,235,326,269,285,299,86,141,195,265,199,210,220
11384,Guyana,328,UnitedKingdom,826,131,211,290,390,305,322,337,71,115,158,214,174,184,193,60,96,132,176,131,138,144
11385,Guyana,328,UnitedStatesofAmerica,840,285,459,632,852,667,706,740,154,248,342,465,378,400,420,131,211,290,387,289,306,320
11386,Guyana,328,VenezuelaBolivarianRepublicof,862,478,768,1057,1424,1116,1181,23326,239,389,539,733,600,635,10129,239,379,518,691,516,546,13197
11387,Paraguay,600,Melanesia,928,0,0,0,0,0,0,0,0,0,0,0,0,0,0,0,0,0,0,0,0,0
11388,Paraguay,600,Micronesia,954,0,0,0,0,0,0,0,0,0,0,0,0,0,0,0,0,0,0,0,0,0
11389,Paraguay,600,Polynesia,957,0,0,0,0,0,0,0,0,0,0,0,0,0,0,0,0,0,0,0,0,0
11390,Paraguay,600,Argentina,32,50447,57525,64404,61353,58456,57056,61833,25066,28910,32483,30947,29425,28685,31162,25381,28615,31921,30406,29031,28371,30671
11391,Paraguay,600,BoliviaPlurinationalStateof,68,809,976,1140,1086,1034,1009,1092,420,508,590,563,535,522,567,389,468,550,523,499,487,525
11392,Paraguay,600,Brazil,76,111355,97450,83208,79266,75523,73715,79897,59366,51742,43666,41600,39560,38569,41893,51989,45708,39542,37666,35963,35146,38004
11393,Paraguay,600,Canada,124,1418,1999,2575,2453,2337,2281,2471,689,1179,1661,1583,1507,1470,1595,729,820,914,870,830,811,876
11394,Paraguay,600,Chile,152,2460,2425,2382,2269,2161,2109,2283,1366,1389,1401,1335,1270,1239,1344,1094,1036,981,934,891,870,939
11395,Paraguay,600,China,156,1953,1419,882,840,800,780,844,1089,794,494,471,448,436,474,864,625,388,369,352,344,370
11396,Paraguay,600,France,250,491,594,695,662,630,614,663,286,355,421,401,381,371,401,205,239,274,261,249,243,262
11397,Paraguay,600,Germany,276,2108,1994,1874,1785,1700,1659,1797,1210,1152,1084,1033,982,958,1041,898,842,790,752,718,701,756
11398,Paraguay,600,Italy,380,699,845,990,943,898,876,947,415,513,609,581,553,539,585,284,332,381,362,345,337,362
11399,Paraguay,600,Japan,392,2648,2448,2240,2133,2032,1983,2148,1424,1304,1172,1116,1061,1035,1125,1224,1144,1068,1017,971,948,1023
11400,Paraguay,600,RepublicofKorea,410,5162,4026,2877,2740,2610,2547,2759,2620,2074,1510,1438,1367,1333,1448,2542,1952,1367,1302,1243,1214,1311
11401,Paraguay,600,Mexico,484,3059,2440,1813,1727,1645,1605,1738,1512,1219,913,870,827,806,876,1547,1221,900,857,818,799,862
11402,Paraguay,600,Poland,616,696,842,986,939,894,872,943,352,440,524,499,474,462,502,344,402,462,440,420,410,441
11403,Paraguay,600,Spain,724,1114,1057,998,950,905,883,955,639,611,578,550,524,511,554,475,446,420,400,381,372,401
11404,Paraguay,600,UnitedKingdom,826,140,169,198,188,179,174,187,73,91,108,103,98,95,102,67,78,90,85,81,79,85
11405,Paraguay,600,UnitedStatesofAmerica,840,1582,1684,1781,1696,1615,1576,1706,837,899,954,909,864,843,915,745,785,827,787,751,733,791
11406,Paraguay,600,Uruguay,858,3293,3303,3303,3146,2997,2925,3168,1840,1869,1883,1794,1707,1665,1807,1453,1434,1420,1352,1290,1260,1361
11407,Peru,604,Melanesia,928,0,0,0,0,0,0,0,0,0,0,0,0,0,0,0,0,0,0,0,0,0
11408,Peru,604,Micronesia,954,0,0,0,0,0,0,0,0,0,0,0,0,0,0,0,0,0,0,0,0,0
11409,Peru,604,Polynesia,957,0,0,0,0,0,0,0,0,0,0,0,0,0,0,0,0,0,0,0,0,0
11410,Peru,604,Algeria,12,10,11,14,17,18,19,33,7,7,9,11,12,13,24,3,4,5,6,6,6,9
11411,Peru,604,Angola,24,8,9,11,13,14,15,26,3,3,3,3,4,5,10,5,6,8,10,10,10,16
11412,Peru,604,Argentina,32,7080,7087,8282,9729,11961,14386,26854,3502,3463,4050,4808,6111,7795,14769,3578,3624,4232,4921,5850,6591,12085
11413,Peru,604,Australia,36,366,367,430,506,565,601,1120,206,204,237,284,316,343,643,160,163,193,222,249,258,477
11414,Peru,604,Austria,40,122,123,144,169,189,200,371,68,67,78,92,103,111,209,54,56,66,77,86,89,162
11415,Peru,604,Belgium,56,381,383,448,527,589,626,1166,200,199,233,276,307,335,628,181,184,215,251,282,291,538
11416,Peru,604,BoliviaPlurinationalStateof,68,3569,3572,4174,4904,7026,16767,28165,1591,1568,1842,2183,3341,9112,14102,1978,2004,2332,2721,3685,7655,14063
11417,Peru,604,Brazil,76,3030,3033,3545,4164,6193,8817,16458,1345,1326,1560,1847,3369,5147,9639,1685,1707,1985,2317,2824,3670,6819
11418,Peru,604,Bulgaria,100,41,42,50,59,65,69,126,25,25,27,35,39,43,80,16,17,23,24,26,26,46
11419,Peru,604,Canada,124,762,764,893,1049,2063,3062,5714,388,384,451,533,1376,2083,3898,374,380,442,516,687,979,1816
11420,Peru,604,Chile,152,4479,4483,5239,6155,7564,9437,17615,2090,2063,2424,2869,3735,4983,9339,2389,2420,2815,3286,3829,4454,8276
11421,Peru,604,China,156,2548,2551,2981,3502,6491,18783,31931,1405,1393,1634,1930,4069,14936,24783,1143,1158,1347,1572,2422,3847,7148
11422,Peru,604,Colombia,170,3702,3706,4331,5087,6454,7599,14182,1746,1724,2002,2396,3194,3948,7399,1956,1982,2329,2691,3260,3651,6783
11423,Peru,604,CostaRica,188,209,210,246,289,323,343,638,101,100,118,139,155,170,318,108,110,128,150,168,173,320
11424,Peru,604,Croatia,191,56,57,67,79,88,92,169,45,45,52,61,69,72,134,11,12,15,18,19,20,35
11425,Peru,604,Cuba,192,563,564,660,776,868,922,3170,336,333,391,462,515,558,1930,227,231,269,314,353,364,1240
11426,Peru,604,Czechia,203,55,56,66,78,87,91,168,31,31,36,42,48,51,96,24,25,30,36,39,40,72
11427,Peru,604,Denmark,208,150,151,177,208,233,247,458,83,83,88,114,128,139,259,67,68,89,94,105,108,199
11428,Peru,604,DominicanRepublic,214,111,112,132,155,174,184,342,55,54,64,75,85,92,172,56,58,68,80,89,92,170
11429,Peru,604,Ecuador,218,2488,2491,2911,3419,5312,6855,12795,1066,1050,1235,1462,2578,3683,6902,1422,1441,1676,1957,2734,3172,5893
11430,Peru,604,ElSalvador,222,66,67,79,93,103,110,203,32,31,37,44,49,55,104,34,36,42,49,54,55,99
11431,Peru,604,Estonia,233,9,10,12,15,16,17,29,5,5,6,7,8,9,17,4,5,6,8,8,8,12
11432,Peru,604,Finland,246,43,44,52,61,68,72,132,21,21,25,29,33,36,68,22,23,27,32,35,36,64
11433,Peru,604,France,250,1439,1441,1685,1979,2743,3952,7375,777,770,904,1067,1490,2204,4128,662,671,781,912,1253,1748,3247
11434,Peru,604,FrenchGuiana,254,20,21,25,30,33,34,61,9,9,11,13,15,15,28,11,12,14,17,18,19,33
11435,Peru,604,Germany,276,1823,1826,2134,2507,3268,5215,9733,932,923,1066,1282,1739,2925,5510,891,903,1068,1225,1529,2290,4223
11436,Peru,604,Greece,300,35,36,43,51,57,60,111,26,26,31,36,41,43,81,9,10,12,15,16,17,30
11437,Peru,604,Guatemala,320,100,101,119,140,156,166,308,50,49,58,68,76,84,157,50,52,61,72,80,82,151
11438,Peru,604,Haiti,332,29,30,36,43,47,49,89,12,12,14,17,18,19,35,17,18,22,26,29,30,54
11439,Peru,604,Honduras,340,102,103,121,142,158,168,311,40,39,46,54,60,67,125,62,64,75,88,98,101,186
11440,Peru,604,Hungary,348,39,40,47,56,62,65,118,20,20,23,27,30,32,59,19,20,24,29,32,33,59
11441,Peru,604,Iceland,352,8,9,11,13,14,15,26,8,8,9,10,11,12,22,0,1,2,3,3,3,4
11442,Peru,604,India,356,128,129,151,177,402,1434,2673,80,79,92,108,284,1228,2292,48,50,59,69,118,206,381
11443,Peru,604,Indonesia,360,25,26,31,37,41,43,77,10,10,12,14,16,18,32,15,16,19,23,25,25,45
11444,Peru,604,IranIslamicRepublicof,364,34,35,42,50,55,59,107,24,24,29,34,38,41,75,10,11,13,16,17,18,32
11445,Peru,604,Iraq,368,10,11,14,17,18,19,33,9,9,11,13,14,15,27,1,2,3,4,4,4,6
11446,Peru,604,Ireland,372,130,131,154,181,203,215,401,66,65,77,91,102,111,210,64,66,77,90,101,104,191
11447,Peru,604,Israel,376,315,316,370,434,486,516,961,193,191,224,264,295,319,596,122,125,146,170,191,197,365
11448,Peru,604,Italy,380,2086,2088,2448,2867,3521,4153,7748,1156,1145,1351,1586,1968,2479,4673,930,943,1097,1281,1553,1674,3075
11449,Peru,604,Japan,392,2090,2093,2446,2874,3214,3417,6376,1060,1049,1221,1456,1621,1769,3494,1030,1044,1225,1418,1593,1648,2882
11450,Peru,604,Jordan,400,23,24,29,35,38,39,69,18,18,21,25,26,29,53,5,6,8,10,12,10,16
11451,Peru,604,DemPeoplesRepublicofKorea,408,53,54,64,75,83,88,161,30,30,35,41,46,50,92,23,24,29,34,37,38,69
11452,Peru,604,RepublicofKorea,410,414,415,486,571,1078,1691,3154,228,226,261,314,698,1127,2108,186,189,225,257,380,564,1046
11453,Peru,604,Lebanon,422,42,43,51,60,67,71,131,25,25,30,35,40,44,83,17,18,21,25,27,27,48
11454,Peru,604,Luxembourg,442,8,9,11,13,14,15,26,5,5,6,7,8,9,17,3,4,5,6,6,6,9
11455,Peru,604,Malaysia,458,26,27,32,38,42,44,80,14,14,16,19,22,23,44,12,13,16,19,20,21,36
11456,Peru,604,Malta,470,12,13,16,19,20,21,37,12,13,16,18,19,20,37,0,0,0,1,1,1,0
11457,Peru,604,Mexico,484,930,931,1088,1278,1928,3294,6148,440,434,509,602,984,1905,3570,490,497,579,676,944,1389,2578
11458,Peru,604,Morocco,504,23,24,29,34,37,38,69,16,16,17,22,25,26,49,7,8,12,12,12,12,20
11459,Peru,604,Netherlands,528,421,423,495,582,650,691,1288,232,230,266,320,356,387,725,189,193,229,262,294,304,563
11460,Peru,604,NewZealand,554,58,59,69,81,90,95,174,27,27,31,36,34,44,83,31,32,38,45,56,51,91
11461,Peru,604,Nicaragua,558,99,100,117,138,154,164,303,39,39,41,55,62,69,128,60,61,76,83,92,95,175
11462,Peru,604,Norway,578,64,65,77,91,101,107,197,36,35,41,48,53,58,109,28,30,36,43,48,49,88
11463,Peru,604,Pakistan,586,44,45,53,62,69,73,134,35,35,41,47,53,56,104,9,10,12,15,16,17,30
11464,Peru,604,Panama,591,214,215,252,296,330,350,644,106,105,123,145,161,176,323,108,110,129,151,169,174,321
11465,Peru,604,Paraguay,600,339,340,398,468,523,555,1034,154,152,179,213,236,258,484,185,188,219,255,287,297,550
11466,Peru,604,Philippines,608,200,201,235,276,308,328,610,137,136,159,187,206,215,403,63,65,76,89,102,113,207
11467,Peru,604,Poland,616,123,124,145,170,190,201,371,63,63,73,86,96,105,195,60,61,72,84,94,96,176
11468,Peru,604,Portugal,620,79,80,94,111,124,131,242,52,51,60,71,80,85,159,27,29,34,40,44,46,83
11469,Peru,604,PuertoRico,630,84,85,100,118,131,139,257,39,39,46,54,59,65,122,45,46,54,64,72,74,135
11470,Peru,604,Romania,642,113,114,134,157,176,186,340,52,52,61,72,81,89,162,61,62,73,85,95,97,178
11471,Peru,604,RussianFederation,643,391,392,459,539,603,641,1194,144,141,166,196,218,243,456,247,251,293,343,385,398,738
11472,Peru,604,SaintVincentandtheGrenadines,670,13,14,17,20,21,22,40,4,4,5,6,6,6,13,9,10,12,14,15,16,27
11473,Peru,604,SaudiArabia,682,19,20,24,29,32,33,58,11,11,13,16,18,18,33,8,9,11,13,14,15,25
11474,Peru,604,Slovenia,705,16,17,21,25,27,29,52,9,9,11,13,15,17,32,7,8,10,12,12,12,20
11475,Peru,604,SouthAfrica,710,71,72,85,100,111,118,217,45,45,53,62,69,74,134,26,27,32,38,42,44,83
11476,Peru,604,Spain,724,3165,3168,3702,4349,5483,6648,12094,1683,1666,1945,2309,3012,3667,6701,1482,1502,1757,2040,2471,2981,5393
11477,Peru,604,Sweden,752,175,176,206,242,270,287,535,94,93,109,128,142,155,293,81,83,97,114,128,132,242
11478,Peru,604,Switzerland,756,485,486,569,668,748,794,1479,262,260,306,361,403,437,818,223,226,263,307,345,357,661
11479,Peru,604,Thailand,764,12,13,16,19,20,21,37,3,3,4,5,5,5,10,9,10,12,14,15,16,27
11480,Peru,604,Turkey,792,32,33,39,46,50,52,94,21,21,25,29,32,33,61,11,12,14,17,18,19,33
11481,Peru,604,Ukraine,804,149,150,176,206,231,245,455,52,51,58,70,79,88,164,97,99,118,136,152,157,291
11482,Peru,604,Egypt,818,11,12,15,18,19,20,35,10,10,12,14,15,16,29,1,2,3,4,4,4,6
11483,Peru,604,UnitedKingdom,826,1053,1034,1209,1421,1904,2945,5326,557,537,631,746,1043,1687,3056,496,497,578,675,861,1258,2270
11484,Peru,604,UnitedStatesofAmerica,840,6146,6151,7188,8444,12739,18958,41292,3265,3233,3795,4483,7476,11472,26870,2881,2918,3393,3961,5263,7486,14422
11485,Peru,604,Uruguay,858,389,382,447,525,587,623,1384,223,216,253,299,334,361,817,166,166,194,226,253,262,567
11486,Peru,604,VenezuelaBolivarianRepublicof,862,2019,2021,2362,2794,3504,4129,941889,968,976,1136,1354,1758,2135,475119,1051,1045,1226,1440,1746,1994,466770
11487,Suriname,740,Melanesia,928,0,0,0,0,0,0,0,0,0,0,0,0,0,0,0,0,0,0,0,0,0
11488,Suriname,740,Micronesia,954,0,0,0,0,0,0,0,0,0,0,0,0,0,0,0,0,0,0,0,0,0
11489,Suriname,740,Polynesia,957,0,0,0,0,0,0,0,0,0,0,0,0,0,0,0,0,0,0,0,0,0
11490,Suriname,740,Brazil,76,2100,2594,3204,3921,4626,5023,5566,1133,1404,1735,2136,2523,2743,3061,967,1190,1469,1785,2103,2280,2505
11491,Suriname,740,China,156,2055,2538,3135,3836,4526,4915,5446,1109,1374,1697,2090,2468,2683,2993,946,1164,1438,1746,2058,2232,2453
11492,Suriname,740,Guyana,328,5114,6317,7802,9548,11264,12232,13557,2760,3420,4224,5201,6143,6678,7452,2354,2897,3578,4347,5121,5554,6105
11493,Suriname,740,Netherlands,528,1312,1621,2002,2450,2890,3138,3476,708,878,1084,1335,1576,1713,1910,604,743,918,1115,1314,1425,1566
11494,Uruguay,858,Melanesia,928,0,0,0,0,0,0,0,0,0,0,0,0,0,0,0,0,0,0,0,0,0
11495,Uruguay,858,Micronesia,954,0,0,0,0,0,0,0,0,0,0,0,0,0,0,0,0,0,0,0,0,0
11496,Uruguay,858,Polynesia,957,0,0,0,0,0,0,0,0,0,0,0,0,0,0,0,0,0,0,0,0,0
11497,Uruguay,858,Argentina,32,14559,17970,21691,25992,26782,27662,33022,5658,7292,9589,11491,11706,12086,14856,8901,10678,12102,14501,15076,15576,18166
11498,Uruguay,858,Brazil,76,10581,11084,11507,12923,11978,12369,14762,7392,6380,4684,5261,4812,4965,6137,3189,4704,6823,7662,7166,7404,8625
11499,Uruguay,858,Canada,124,427,389,355,328,304,313,372,180,147,117,109,100,103,128,247,242,238,219,204,210,244
11500,Uruguay,858,Chile,152,1161,1299,1455,1347,1248,1288,1536,559,625,699,648,595,614,752,602,674,756,699,653,674,784
11501,Uruguay,858,France,250,865,840,816,493,456,470,560,412,403,393,238,218,225,275,453,437,423,255,238,245,285
11502,Uruguay,858,Germany,276,2573,2205,1563,1447,1341,1384,1651,1232,1001,718,665,610,629,773,1341,1204,845,782,731,755,878
11503,Uruguay,858,Italy,380,15780,14943,13403,8155,7095,7327,8744,6051,7070,7350,4473,3862,3987,4854,9729,7873,6053,3682,3233,3340,3890
11504,Uruguay,858,Mexico,484,719,657,602,557,516,532,635,359,311,269,249,228,235,290,360,346,333,308,288,297,345
11505,Uruguay,858,Paraguay,600,1241,1199,1160,1074,995,1027,1225,1031,793,375,348,316,326,409,210,406,785,726,679,701,816
11506,Uruguay,858,Peru,604,555,240,104,96,88,90,106,279,145,71,66,60,62,75,276,95,33,30,28,28,31
11507,Uruguay,858,Poland,616,4067,2465,1318,1220,1130,1166,1390,1867,1092,581,538,493,508,625,2200,1373,737,682,637,658,765
11508,Uruguay,858,Portugal,620,1216,877,633,586,543,560,668,352,365,329,305,281,290,354,864,512,304,281,262,270,314
11509,Uruguay,858,Romania,642,811,748,690,639,592,611,728,420,373,330,306,281,290,356,391,375,360,333,311,321,372
11510,Uruguay,858,Spain,724,34478,29447,24303,18858,15718,16232,19374,16611,13758,11133,8639,7124,7353,9030,17867,15689,13170,10219,8594,8879,10344
11511,Uruguay,858,UnitedKingdom,826,535,523,513,475,440,454,541,263,240,218,202,185,191,235,272,283,295,273,255,263,306
11512,Uruguay,858,UnitedStatesofAmerica,840,1525,1036,705,652,604,623,743,849,562,372,345,317,327,400,676,474,333,307,287,296,343
11513,Uruguay,858,VenezuelaBolivarianRepublicof,862,773,713,659,610,565,583,14908,408,363,322,299,275,284,7511,365,350,337,311,290,299,7397
11514,VenezuelaBolivarianRepublicof,862,Melanesia,928,0,0,0,0,0,0,0,0,0,0,0,0,0,0,0,0,0,0,0,0,0
11515,VenezuelaBolivarianRepublicof,862,Micronesia,954,0,0,0,0,0,0,0,0,0,0,0,0,0,0,0,0,0,0,0,0,0
11516,VenezuelaBolivarianRepublicof,862,Polynesia,957,0,0,0,0,0,0,0,0,0,0,0,0,0,0,0,0,0,0,0,0,0
11517,VenezuelaBolivarianRepublicof,862,Albania,8,17,16,16,16,18,19,17,9,8,8,8,9,9,9,8,8,8,8,9,10,8
11518,VenezuelaBolivarianRepublicof,862,Algeria,12,84,82,81,84,90,95,89,40,39,38,39,43,45,42,44,43,43,45,47,50,47
11519,VenezuelaBolivarianRepublicof,862,Angola,24,167,164,161,169,180,188,176,89,88,86,91,97,99,92,78,76,75,78,83,89,84
11520,VenezuelaBolivarianRepublicof,862,Argentina,32,9483,9138,8724,9078,9542,9944,9374,4969,4809,4605,4778,5012,5158,4791,4514,4329,4119,4300,4530,4786,4583
11521,VenezuelaBolivarianRepublicof,862,Australia,36,131,129,127,133,141,148,137,68,67,66,69,74,76,70,63,62,61,64,67,72,67
11522,VenezuelaBolivarianRepublicof,862,Austria,40,1020,908,802,802,811,828,779,511,457,404,404,408,410,380,509,451,398,398,403,418,399
11523,VenezuelaBolivarianRepublicof,862,Armenia,51,30,29,29,30,32,34,31,16,16,16,17,17,18,17,14,13,13,13,15,16,14
11524,VenezuelaBolivarianRepublicof,862,Barbados,52,241,142,83,43,23,7,5,116,69,40,22,12,5,5,125,73,43,21,11,2,0
11525,VenezuelaBolivarianRepublicof,862,Belgium,56,514,450,392,388,389,395,370,275,241,209,207,208,210,194,239,209,183,181,181,185,176
11526,VenezuelaBolivarianRepublicof,862,BoliviaPlurinationalStateof,68,2224,2031,1838,1864,1910,1967,1853,1161,1062,961,976,1001,1018,946,1063,969,877,888,909,949,907
11527,VenezuelaBolivarianRepublicof,862,BosniaandHerzegovina,70,21,20,20,20,22,24,22,12,11,11,11,12,13,13,9,9,9,9,10,11,9
11528,VenezuelaBolivarianRepublicof,862,Brazil,76,4323,4590,4828,5214,5689,6026,5680,2130,2268,2388,2576,2811,2936,2722,2193,2322,2440,2638,2878,3090,2958
11529,VenezuelaBolivarianRepublicof,862,Belize,84,18,17,17,17,19,20,18,10,9,9,9,10,10,10,8,8,8,8,9,10,8
11530,VenezuelaBolivarianRepublicof,862,Bulgaria,100,126,124,122,127,135,142,133,80,79,77,80,86,89,83,46,45,45,47,49,53,50
11531,VenezuelaBolivarianRepublicof,862,Canada,124,981,977,964,1016,1083,1136,1070,517,522,520,542,573,593,551,464,455,444,474,510,543,519
11532,VenezuelaBolivarianRepublicof,862,Chile,152,22198,18675,15733,15347,15123,15263,14390,11600,9742,8183,8008,7923,7894,7334,10598,8933,7550,7339,7200,7369,7056
11533,VenezuelaBolivarianRepublicof,862,China,156,6458,8067,9988,11278,12864,13865,13071,3768,4573,5483,6394,7520,8024,7478,2690,3494,4505,4884,5344,5841,5593
11534,VenezuelaBolivarianRepublicof,862,Colombia,170,555578,588323,617257,672292,929944,973315,917753,259738,278046,294429,318105,447146,469595,435251,295840,310277,322828,354187,482798,503720,482502
11535,VenezuelaBolivarianRepublicof,862,CostaRica,188,1661,1405,1178,1142,1120,1127,1061,715,592,484,482,485,480,442,946,813,694,660,635,647,619
11536,VenezuelaBolivarianRepublicof,862,Croatia,191,363,358,351,368,391,410,385,209,206,202,212,226,234,218,154,152,149,156,165,176,167
11537,VenezuelaBolivarianRepublicof,862,Cuba,192,11559,10603,9928,10372,10941,11423,10769,5874,5466,5191,5346,5562,5728,5316,5685,5137,4737,5026,5379,5695,5453
11538,VenezuelaBolivarianRepublicof,862,Cyprus,196,14,13,13,13,15,15,13,7,6,6,6,7,7,7,7,7,7,7,8,8,6
11539,VenezuelaBolivarianRepublicof,862,Czechia,203,332,327,321,337,358,376,353,166,164,161,170,180,187,174,166,163,160,167,178,189,179
11540,VenezuelaBolivarianRepublicof,862,Denmark,208,128,126,124,129,137,145,136,82,81,79,82,88,92,86,46,45,45,47,49,53,50
11541,VenezuelaBolivarianRepublicof,862,Dominica,212,200,40,8,4,2,0,0,86,22,5,3,1,0,0,114,18,3,1,1,0,0
11542,VenezuelaBolivarianRepublicof,862,DominicanRepublic,214,18280,16240,14293,14286,14423,14743,13899,6911,6273,5625,5520,5477,5470,5019,11369,9967,8668,8766,8946,9273,8880
11543,VenezuelaBolivarianRepublicof,862,Ecuador,218,24600,26835,28999,31597,34782,36973,34858,12181,13121,13977,15452,17270,18095,16779,12419,13714,15022,16145,17512,18878,18079
11544,VenezuelaBolivarianRepublicof,862,ElSalvador,222,1017,965,908,937,978,1015,956,445,425,402,413,430,439,406,572,540,506,524,548,576,550
11545,VenezuelaBolivarianRepublicof,862,Ethiopia,231,29,28,28,29,33,35,32,19,18,18,19,22,23,22,10,10,10,10,11,12,10
11546,VenezuelaBolivarianRepublicof,862,Eritrea,232,25,24,24,25,27,28,25,13,13,13,14,15,15,14,12,11,11,11,12,13,11
11547,VenezuelaBolivarianRepublicof,862,Estonia,233,46,45,45,46,49,52,47,14,14,14,14,14,15,13,32,31,31,32,35,37,34
11548,VenezuelaBolivarianRepublicof,862,Finland,246,64,63,62,64,68,72,67,27,27,26,27,29,30,28,37,36,36,37,39,42,39
11549,VenezuelaBolivarianRepublicof,862,France,250,4664,4149,3657,3657,3695,3777,3559,2390,2163,1935,1907,1899,1916,1778,2274,1986,1722,1750,1796,1861,1781
11550,VenezuelaBolivarianRepublicof,862,FrenchGuiana,254,26,25,25,26,28,30,27,11,11,11,12,12,13,12,15,14,14,14,16,17,15
11551,VenezuelaBolivarianRepublicof,862,Georgia,268,12,11,11,11,12,13,11,4,3,3,3,3,3,3,8,8,8,8,9,10,8
11552,VenezuelaBolivarianRepublicof,862,StateofPalestine,275,425,419,410,431,459,481,453,275,271,265,279,298,310,291,150,148,145,152,161,171,162
11553,VenezuelaBolivarianRepublicof,862,Germany,276,4895,4432,3977,4016,4098,4211,3968,2619,2393,2164,2169,2198,2232,2074,2276,2039,1813,1847,1900,1979,1894
11554,VenezuelaBolivarianRepublicof,862,Ghana,288,28,27,27,28,31,33,30,23,22,22,23,25,27,26,5,5,5,5,6,6,4
11555,VenezuelaBolivarianRepublicof,862,Greece,300,1092,922,772,747,731,735,691,698,589,492,477,469,468,437,394,333,280,270,262,267,254
11556,VenezuelaBolivarianRepublicof,862,Grenada,308,436,321,235,202,176,163,152,141,99,68,63,58,53,48,295,222,167,139,118,110,104
11557,VenezuelaBolivarianRepublicof,862,Guatemala,320,579,501,433,425,422,428,402,268,236,208,201,197,197,182,311,265,225,224,225,231,220
11558,VenezuelaBolivarianRepublicof,862,Guyana,328,4601,5577,6698,7511,8510,9149,8624,2280,2693,3141,3627,4230,4483,4157,2321,2884,3557,3884,4280,4666,4467
11559,VenezuelaBolivarianRepublicof,862,Haiti,332,2013,1824,1689,1750,1831,1900,1790,1135,1035,963,996,1041,1069,996,878,789,726,754,790,831,794
11560,VenezuelaBolivarianRepublicof,862,Honduras,340,437,369,309,299,293,294,275,193,153,118,124,131,130,120,244,216,191,175,162,164,155
11561,VenezuelaBolivarianRepublicof,862,China,156,344,507,500,490,515,547,573,539,296,292,286,301,321,332,309,211,208,204,214,226,241
11562,VenezuelaBolivarianRepublicof,862,Hungary,348,908,896,878,923,980,1027,966,458,452,443,467,496,513,475,450,444,435,456,484,514,491
11563,VenezuelaBolivarianRepublicof,862,India,356,229,226,221,232,246,258,242,122,121,118,124,131,136,126,107,105,103,108,115,122,116
11564,VenezuelaBolivarianRepublicof,862,Indonesia,360,52,51,51,53,56,59,54,22,22,22,23,24,24,22,30,29,29,30,32,35,32
11565,VenezuelaBolivarianRepublicof,862,IranIslamicRepublicof,364,201,154,118,105,98,90,84,122,99,80,68,61,56,53,79,55,38,37,37,34,31
11566,VenezuelaBolivarianRepublicof,862,Iraq,368,68,67,66,69,74,79,73,47,47,46,49,52,55,51,21,20,20,20,22,24,22
11567,VenezuelaBolivarianRepublicof,862,Ireland,372,55,54,53,55,58,62,57,32,32,31,32,33,36,33,23,22,22,23,25,26,24
11568,VenezuelaBolivarianRepublicof,862,Israel,376,1035,792,601,538,487,468,440,614,473,360,321,290,276,258,421,319,241,217,197,192,182
11569,VenezuelaBolivarianRepublicof,862,Italy,380,64792,57175,49982,49767,50056,51068,48148,40837,35453,30443,30862,31598,31971,29860,23955,21722,19539,18905,18458,19097,18288
11570,VenezuelaBolivarianRepublicof,862,Jamaica,388,220,167,126,111,99,95,89,94,75,59,50,43,41,38,126,92,67,61,56,54,51
11571,VenezuelaBolivarianRepublicof,862,Japan,392,763,590,452,408,373,359,337,452,348,264,240,222,212,198,311,242,188,168,151,147,139
11572,VenezuelaBolivarianRepublicof,862,Jordan,400,462,350,264,235,211,200,186,272,213,165,144,126,119,110,190,137,99,91,85,81,76
11573,VenezuelaBolivarianRepublicof,862,DemPeoplesRepublicofKorea,408,41,40,40,41,44,46,43,20,20,20,21,22,22,21,21,20,20,20,22,24,22
11574,VenezuelaBolivarianRepublicof,862,RepublicofKorea,410,245,242,237,249,265,277,260,142,141,138,146,155,160,149,103,101,99,103,110,117,111
11575,VenezuelaBolivarianRepublicof,862,Kuwait,414,63,62,61,63,67,71,66,37,37,36,37,39,41,38,26,25,25,26,28,30,28
11576,VenezuelaBolivarianRepublicof,862,Lebanon,422,7601,7179,6718,6927,7215,7486,7056,4669,4308,3928,4157,4439,4566,4261,2932,2871,2790,2770,2776,2920,2795
11577,VenezuelaBolivarianRepublicof,862,Latvia,428,124,122,121,125,133,140,131,61,60,60,61,66,68,64,63,62,61,64,67,72,67
11578,VenezuelaBolivarianRepublicof,862,Libya,434,124,122,119,124,131,135,126,77,83,86,84,82,83,77,47,39,33,40,49,52,49
11579,VenezuelaBolivarianRepublicof,862,Lithuania,440,130,128,126,132,140,147,136,61,60,59,62,66,68,62,69,68,67,70,74,79,74
11580,VenezuelaBolivarianRepublicof,862,Malaysia,458,30,29,29,30,32,34,31,15,15,15,16,16,17,16,15,14,14,14,16,17,15
11581,VenezuelaBolivarianRepublicof,862,Martinique,474,38,37,36,37,40,43,40,13,13,12,12,13,14,13,25,24,24,25,27,29,27
11582,VenezuelaBolivarianRepublicof,862,Mexico,484,2886,3012,3115,3344,3627,3831,3610,1284,1378,1461,1530,1620,1681,1552,1602,1634,1654,1814,2007,2150,2058
11583,VenezuelaBolivarianRepublicof,862,Montenegro,499,241,238,233,244,260,272,255,117,116,113,119,127,131,122,124,122,120,125,133,141,133
11584,VenezuelaBolivarianRepublicof,862,Morocco,504,1551,1297,1075,1035,1006,1008,949,827,682,556,545,538,534,496,724,615,519,490,468,474,453
11585,VenezuelaBolivarianRepublicof,862,Mozambique,508,47,46,46,48,50,53,48,23,23,23,24,24,25,22,24,23,23,24,26,28,26
11586,VenezuelaBolivarianRepublicof,862,Netherlands,528,649,628,603,628,661,690,649,385,382,375,382,392,407,379,264,246,228,246,269,283,270
11587,VenezuelaBolivarianRepublicof,862,CuraÃao,531,636,627,615,645,686,718,677,301,297,291,305,326,336,311,335,330,324,340,360,382,366
11588,VenezuelaBolivarianRepublicof,862,Aruba,533,430,424,415,436,463,486,457,179,177,173,182,193,200,184,251,247,242,254,270,286,273
11589,VenezuelaBolivarianRepublicof,862,SintMaartenDutchpart,534,226,224,218,230,244,256,240,107,106,103,109,116,120,111,119,118,115,121,128,136,129
11590,VenezuelaBolivarianRepublicof,862,Bonaire,16,535,45,44,43,46,48,51,47,22,21,20,22,23,24,22,23,23,23,24,25,27
11591,VenezuelaBolivarianRepublicof,862,NewZealand,554,16,15,15,15,17,18,16,8,7,7,7,8,8,8,8,8,8,8,9,10,8
11592,VenezuelaBolivarianRepublicof,862,Nicaragua,558,2526,2193,1934,1953,1992,2045,1927,1154,994,867,882,907,915,846,1372,1199,1067,1071,1085,1130,1081
11593,VenezuelaBolivarianRepublicof,862,Nigeria,566,89,87,86,90,100,105,97,69,68,67,71,78,81,75,20,19,19,19,22,24,22
11594,VenezuelaBolivarianRepublicof,862,Norway,578,80,78,77,80,86,90,84,43,42,41,43,47,48,45,37,36,36,37,39,42,39
11595,VenezuelaBolivarianRepublicof,862,Pakistan,586,12,11,11,11,13,14,12,10,9,9,9,11,12,12,2,2,2,2,2,2,0
11596,VenezuelaBolivarianRepublicof,862,Panama,591,1470,1203,976,925,886,880,828,687,571,469,439,416,407,376,783,632,507,486,470,473,452
11597,VenezuelaBolivarianRepublicof,862,Paraguay,600,359,294,239,226,217,214,200,175,142,113,109,107,104,96,184,152,126,117,110,110,104
11598,VenezuelaBolivarianRepublicof,862,Peru,604,29635,32973,36348,39846,44126,47007,44319,16669,18421,20145,22265,24873,26206,24398,12966,14552,16203,17581,19253,20801,19921
11599,VenezuelaBolivarianRepublicof,862,Philippines,608,143,141,138,144,153,161,150,60,60,58,61,64,66,60,83,81,80,83,89,95,90
11600,VenezuelaBolivarianRepublicof,862,Poland,616,803,793,779,819,870,911,858,353,349,343,362,385,396,366,450,444,436,457,485,515,492
11601,VenezuelaBolivarianRepublicof,862,Portugal,620,71582,62567,54176,53646,53659,54591,51471,41868,36459,31422,31265,31444,31672,29521,29714,26108,22754,22381,22215,22919,21950
11602,VenezuelaBolivarianRepublicof,862,PuertoRico,630,912,701,534,480,437,419,393,418,327,253,225,203,191,176,494,374,281,255,234,228,217
11603,VenezuelaBolivarianRepublicof,862,Romania,642,774,764,748,786,834,874,823,354,349,341,359,382,394,364,420,415,407,427,452,480,459
11604,VenezuelaBolivarianRepublicof,862,RussianFederation,643,597,589,576,605,643,674,635,257,254,247,260,278,286,265,340,335,329,345,365,388,370
11605,VenezuelaBolivarianRepublicof,862,SaintLucia,662,65,40,25,15,10,6,4,33,19,11,8,6,4,4,32,21,14,7,4,2,0
11606,VenezuelaBolivarianRepublicof,862,SaintVincentandtheGrenadines,670,107,105,103,108,115,121,113,65,64,62,65,70,73,68,42,41,41,43,45,48,45
11607,VenezuelaBolivarianRepublicof,862,SaudiArabia,682,894,1045,1212,1346,1511,1618,1524,617,714,818,920,1045,1112,1041,277,331,394,426,466,506,483
11608,VenezuelaBolivarianRepublicof,862,Senegal,686,13,12,12,12,13,14,12,6,5,5,5,5,6,6,7,7,7,7,8,8,6
11609,VenezuelaBolivarianRepublicof,862,Serbia,688,730,720,711,746,792,830,781,356,351,347,364,388,400,370,374,369,364,382,404,430,411
11610,VenezuelaBolivarianRepublicof,862,Singapore,702,16,15,15,15,17,18,16,8,7,7,7,8,8,8,8,8,8,8,9,10,8
11611,VenezuelaBolivarianRepublicof,862,Slovakia,703,21,20,20,20,22,24,22,7,7,7,7,7,8,8,14,13,13,13,15,16,14
11612,VenezuelaBolivarianRepublicof,862,VietNam,704,10,10,10,10,11,12,10,4,4,4,4,4,5,5,6,6,6,6,7,7,5
11613,VenezuelaBolivarianRepublicof,862,Slovenia,705,91,89,88,92,98,103,95,50,49,48,51,54,56,51,41,40,40,41,44,47,44
11614,VenezuelaBolivarianRepublicof,862,SouthAfrica,710,70,67,65,67,69,71,66,34,35,36,36,34,35,33,36,32,29,31,35,36,33
11615,VenezuelaBolivarianRepublicof,862,Zimbabwe,716,14,13,13,13,15,15,13,8,7,7,7,8,8,8,6,6,6,6,7,7,5
11616,VenezuelaBolivarianRepublicof,862,Spain,724,109078,92458,77650,75453,74051,74582,70318,59040,49441,40970,40372,40173,39979,37179,50038,43017,36680,35081,33878,34603,33139
11617,VenezuelaBolivarianRepublicof,862,Suriname,740,106,80,61,54,48,46,43,49,38,29,26,23,23,22,57,42,32,28,25,23,21
11618,VenezuelaBolivarianRepublicof,862,Sweden,752,231,180,140,127,117,114,106,119,97,78,69,61,59,54,112,83,62,58,56,55,52
11619,VenezuelaBolivarianRepublicof,862,Switzerland,756,854,749,652,647,649,661,622,521,464,410,402,398,402,375,333,285,242,245,251,259,247
11620,VenezuelaBolivarianRepublicof,862,SyrianArabRepublic,760,13833,13662,13367,14055,14929,15632,14737,8451,8347,8159,8587,9136,9480,8846,5382,5315,5208,5468,5793,6152,5891
11621,VenezuelaBolivarianRepublicof,862,Thailand,764,62,61,60,62,66,70,65,33,33,32,33,35,36,34,29,28,28,29,31,34,31
11622,VenezuelaBolivarianRepublicof,862,TrinidadandTobago,780,3611,3174,2765,2746,2756,2808,2646,1710,1504,1309,1302,1310,1314,1218,1901,1670,1456,1444,1446,1494,1428
11623,VenezuelaBolivarianRepublicof,862,Tunisia,788,13,12,12,12,13,14,12,6,5,5,5,5,6,6,7,7,7,7,8,8,6
11624,VenezuelaBolivarianRepublicof,862,Turkey,792,115,113,111,116,124,132,123,68,67,65,68,74,78,72,47,46,46,48,50,54,51
11625,VenezuelaBolivarianRepublicof,862,Ukraine,804,187,184,180,189,201,211,197,77,76,73,77,83,85,78,110,108,107,112,118,126,119
11626,VenezuelaBolivarianRepublicof,862,Egypt,818,472,350,258,225,198,185,173,254,183,131,119,108,100,93,218,167,127,106,90,85,80
11627,VenezuelaBolivarianRepublicof,862,UnitedKingdom,826,1881,1761,1635,1679,1742,1803,1699,989,951,905,908,919,939,872,892,810,730,771,823,864,827
11628,VenezuelaBolivarianRepublicof,862,UnitedStatesofAmerica,840,11639,10925,10159,10445,10848,11242,10598,5891,5590,5246,5345,5505,5627,5222,5748,5335,4913,5100,5343,5615,5376
11629,VenezuelaBolivarianRepublicof,862,Uruguay,858,6076,5364,4692,4672,4700,4795,4519,3231,2856,2498,2488,2506,2526,2347,2845,2508,2194,2184,2194,2269,2172
11630,Bermuda,60,Melanesia,928,0,0,0,0,0,0,0,0,0,0,0,0,0,0,0,0,0,0,0,0,0
11631,Bermuda,60,Micronesia,954,0,0,0,0,0,0,0,0,0,0,0,0,0,0,0,0,0,0,0,0,0
11632,Bermuda,60,Polynesia,957,0,0,0,0,0,0,0,0,0,0,0,0,0,0,0,0,0,0,0,0,0
11633,Bermuda,60,Australia,36,37,44,43,70,102,133,176,19,23,22,35,51,67,90,18,21,21,35,51,66,86
11634,Bermuda,60,Austria,40,26,27,23,30,38,42,47,8,12,13,20,29,30,32,18,15,10,10,9,12,15
11635,Bermuda,60,Belgium,56,18,19,17,20,22,10,6,8,11,12,11,9,4,3,10,8,5,9,13,6,3
11636,Bermuda,60,Canada,124,2295,2437,2183,2211,2233,2154,2032,984,1148,944,962,958,921,890,1311,1289,1239,1249,1275,1233,1142
11637,Bermuda,60,China,156,85,128,145,96,40,65,54,56,83,91,47,14,19,23,29,45,54,49,26,46,31
11638,Bermuda,60,Cuba,192,11,15,16,21,26,24,24,5,7,7,7,6,7,8,6,8,9,14,20,17,16
11639,Bermuda,60,Denmark,208,23,26,23,24,24,20,18,15,16,13,12,10,10,9,8,10,10,12,14,10,9
11640,Bermuda,60,DominicanRepublic,214,9,11,11,53,102,128,233,5,6,6,20,23,25,75,4,5,5,33,79,103,158
11641,Bermuda,60,France,250,106,114,105,92,79,101,99,70,70,59,50,41,50,53,36,44,46,42,38,51,46
11642,Bermuda,60,Germany,276,228,231,151,158,166,164,158,119,125,76,76,74,76,76,109,106,75,82,92,88,82
11643,Bermuda,60,Ghana,288,17,32,40,35,29,25,20,10,18,22,21,19,15,12,7,14,18,14,10,10,8
11644,Bermuda,60,Greece,300,100,101,87,48,5,4,2,63,64,55,20,1,1,1,37,37,32,28,4,3,1
11645,Bermuda,60,Guyana,328,51,61,60,75,91,90,95,28,31,28,32,35,34,40,23,30,32,43,56,56,55
11646,Bermuda,60,Haiti,332,1028,1160,1103,595,11,10,3,666,710,630,280,4,5,1,362,450,473,315,7,5,2
11647,Bermuda,60,India,356,156,220,242,336,445,493,572,91,127,136,225,340,395,411,65,93,106,111,105,98,161
11648,Bermuda,60,Ireland,372,87,91,80,168,268,285,377,58,60,51,96,133,138,206,29,31,29,72,135,147,171
11649,Bermuda,60,Israel,376,15,24,28,23,16,13,9,10,8,5,6,5,5,3,5,16,23,17,11,8,6
11650,Bermuda,60,Italy,380,81,79,138,125,109,118,108,56,52,116,101,84,95,88,25,27,22,24,25,23,20
11651,Bermuda,60,Jamaica,388,316,374,980,1199,1448,1537,1658,98,125,428,568,726,724,790,218,249,552,631,722,813,868
11652,Bermuda,60,Japan,392,109,188,227,136,31,45,30,78,75,59,45,12,24,12,31,113,168,91,19,21,18
11653,Bermuda,60,Malaysia,458,13,18,19,33,49,42,48,9,11,10,17,23,25,26,4,7,9,16,26,17,22
11654,Bermuda,60,Nigeria,566,25,47,58,47,33,39,34,18,34,41,31,20,26,23,7,13,17,16,13,13,11
11655,Bermuda,60,Pakistan,586,13,18,19,18,17,26,29,8,10,10,10,10,15,17,5,8,9,8,7,11,12
11656,Bermuda,60,Philippines,608,92,142,345,708,1126,1302,1782,48,60,145,316,523,629,829,44,82,200,392,603,673,953
11657,Bermuda,60,Poland,616,25,27,24,28,31,36,39,14,10,5,9,13,18,15,11,17,19,19,18,18,24
11658,Bermuda,60,Portugal,620,1530,1647,1493,1533,1575,1632,1600,187,158,740,823,895,954,894,1343,1489,753,710,680,678,706
11659,Bermuda,60,Romania,642,14,17,16,37,61,89,137,8,14,16,25,22,39,83,6,3,0,12,39,50,54
11660,Bermuda,60,SouthAfrica,710,33,62,76,140,212,227,287,20,40,50,85,116,119,167,13,22,26,55,96,108,120
11661,Bermuda,60,Spain,724,94,102,94,63,28,38,30,65,73,68,35,11,18,16,29,29,26,28,17,20,14
11662,Bermuda,60,Switzerland,756,117,118,102,81,57,63,54,76,71,56,43,29,35,30,41,47,46,38,28,28,24
11663,Bermuda,60,TrinidadandTobago,780,34,41,163,200,241,218,219,18,21,85,106,127,115,117,16,20,78,94,114,103,102
11664,Bermuda,60,Turkey,792,26,43,51,30,7,9,6,15,37,51,28,6,7,5,11,6,0,2,1,2,1
11665,Bermuda,60,TurksandCaicosIslands,796,158,136,96,54,4,2,1,73,63,44,26,2,2,1,85,73,52,28,2,0,0
11666,Bermuda,60,UnitedKingdom,826,4590,4726,4131,4048,3945,4066,3877,2565,2682,1943,1943,1898,2013,1905,2025,2044,2188,2105,2047,2053,1972
11667,Bermuda,60,UnitedStatesofAmerica,840,3468,3454,2916,3157,3428,3572,3606,1659,1684,1183,1316,1438,1499,1526,1809,1770,1733,1841,1990,2073,2080
11668,Canada,124,Melanesia,928,15516,19014,22964,23219,24785,24964,27044,7554,9205,11078,11039,11657,11487,12446,7962,9809,11886,12180,13128,13477,14598
11669,Canada,124,Micronesia,954,0,0,0,0,0,0,0,0,0,0,0,0,0,0,0,0,0,0,0,0,0
11670,Canada,124,Polynesia,957,212,259,312,311,315,476,511,104,125,150,164,181,224,242,108,134,162,147,134,252,269
11671,Canada,124,Afghanistan,4,5321,13677,22359,30718,40945,51641,55954,2590,6608,10786,15252,20687,25859,28019,2731,7069,11573,15466,20258,25782,27935
11672,Canada,124,Albania,8,398,3263,6205,9642,13610,15270,16544,193,1574,2993,4835,6956,7540,8170,205,1689,3212,4807,6654,7730,8374
11673,Canada,124,Algeria,12,3743,12014,20571,34754,51080,64223,69587,1823,5803,9923,18102,27443,33698,36513,1920,6211,10648,16652,23637,30525,33074
11674,Canada,124,Angola,24,1266,1834,2446,2486,2565,3100,3358,617,888,1180,1257,1355,1564,1696,649,946,1266,1229,1210,1536,1662
11675,Canada,124,AntiguaandBarbuda,28,1900,2082,2313,2285,2400,2295,2486,925,1009,1116,1099,1155,1063,1152,975,1073,1197,1186,1245,1232,1334
11676,Canada,124,Azerbaijan,31,1041,1045,1074,1960,2930,3821,4139,507,506,518,974,1475,1684,1824,534,539,556,986,1455,2137,2315
11677,Canada,124,Argentina,32,10660,12036,13698,15923,18870,19310,20921,5190,5829,6608,7697,9157,9482,10274,5470,6207,7090,8226,9713,9828,10647
11678,Canada,124,Australia,36,13390,15871,18729,21053,18970,20980,22731,6518,7684,9035,10463,9661,10819,11723,6872,8187,9694,10590,9309,10161,11008
11679,Canada,124,Austria,40,25600,23600,22161,19097,17095,15747,17061,12463,11439,10690,9343,8542,7475,8099,13137,12161,11471,9754,8553,8272,8962
11680,Canada,124,Bahamas,44,1061,1153,1273,1556,1525,1624,1759,517,559,615,792,805,779,845,544,594,658,764,720,845,914
11681,Canada,124,Bahrain,48,297,802,1327,1681,1995,2375,2572,145,387,640,870,1080,1282,1389,152,415,687,811,915,1093,1183
11682,Canada,124,Bangladesh,50,4203,13101,22310,33080,45325,58374,63250,2046,6328,10762,16809,23644,29673,32153,2157,6773,11548,16271,21681,28701,31097
11683,Canada,124,Armenia,51,1771,1778,1828,2590,3495,4139,4484,863,862,882,1191,1569,1977,2143,908,916,946,1399,1926,2162,2341
11684,Canada,124,Barbados,52,14225,14373,14862,14688,15460,14008,15177,6926,6965,7170,6922,7142,6367,6899,7299,7408,7692,7766,8318,7641,8278
11685,Canada,124,Belgium,56,21575,20648,20211,19853,19720,18823,20395,10504,10008,9751,9668,9716,9283,10059,11071,10640,10460,10185,10004,9540,10336
11686,Canada,124,Bermuda,60,1674,1772,1912,2312,2280,1833,1985,815,859,923,1135,1135,958,1039,859,913,989,1177,1145,875,946
11687,Canada,124,Bhutan,64,0,17,35,1111,2210,4218,4569,0,8,17,552,1101,2116,2293,0,9,18,559,1109,2102,2276
11688,Canada,124,BoliviaPlurinationalStateof,68,1545,1948,2397,3625,4605,4368,4731,752,943,1156,1683,2105,2106,2282,793,1005,1241,1942,2500,2262,2449
11689,Canada,124,BosniaandHerzegovina,70,25135,25240,25945,29787,35885,35908,38906,12236,12229,12516,14821,18295,17926,19424,12899,13011,13429,14966,17590,17982,19482
11690,Canada,124,Botswana,72,77,131,188,383,355,844,913,37,63,91,175,161,347,376,40,68,97,208,194,497,537
11691,Canada,124,Brazil,76,7028,10058,13327,19215,22920,29135,31568,3421,4867,6429,9118,10809,13147,14246,3607,5191,6898,10097,12111,15988,17322
11692,Canada,124,Belize,84,935,1145,1382,1604,1705,1982,2146,455,554,667,766,810,953,1033,480,591,715,838,895,1029,1113
11693,Canada,124,BritishVirginIslands,92,72,94,119,105,95,84,90,35,46,58,52,48,40,44,37,48,61,53,47,44,46
11694,Canada,124,BruneiDarussalam,96,4246,4242,4338,4018,3945,4457,4828,2067,2056,2093,2018,2073,2330,2524,2179,2186,2245,2000,1872,2127,2304
11695,Canada,124,Bulgaria,100,2874,6089,9449,12985,17555,18515,20060,1400,2944,4558,6363,8696,9074,9831,1474,3145,4891,6622,8859,9441,10229
11696,Canada,124,Myanmar,104,2337,2995,3724,5703,8080,8164,8845,1138,1450,1796,2774,3953,3998,4332,1199,1545,1928,2929,4127,4166,4513
11697,Canada,124,Burundi,108,489,1389,2323,4374,6225,8418,9119,238,671,1121,2147,3079,4143,4488,251,718,1202,2227,3146,4275,4631
11698,Canada,124,Belarus,112,4227,4245,4363,7180,10435,11121,12049,2058,2057,2105,3401,4915,5245,5684,2169,2188,2258,3779,5520,5876,6365
11699,Canada,124,Cambodia,116,17233,17797,18784,20565,23755,23177,25111,8389,8622,9062,9724,11080,10694,11587,8844,9175,9722,10841,12675,12483,13524
11700,Canada,124,Cameroon,120,302,1275,2278,5392,8105,18456,19996,147,615,1098,2807,4307,9229,10000,155,660,1180,2585,3798,9227,9996
11701,Canada,124,CaboVerde,132,48,183,322,246,175,163,175,24,89,155,123,93,84,91,24,94,167,123,82,79,84
11702,Canada,124,CaymanIslands,136,96,91,89,230,240,268,289,47,44,42,115,122,144,156,49,47,47,115,118,124,133
11703,Canada,124,CentralAfricanRepublic,140,14,92,173,256,235,1048,1134,6,44,83,113,100,536,581,8,48,90,143,135,512,553
11704,Canada,124,SriLanka,144,24410,56926,90795,107923,132130,131185,142144,11884,27513,43801,53033,65896,64397,69778,12526,29413,46994,54890,66234,66788,72366
11705,Canada,124,Chad,148,106,356,614,668,750,1585,1716,52,172,296,372,464,835,905,54,184,318,296,286,750,811
11706,Canada,124,Chile,152,21945,23182,24970,24756,25195,26541,28757,10684,11230,12046,12053,12409,13078,14170,11261,11952,12924,12703,12786,13463,14587
11707,Canada,124,China,156,168079,286712,412162,508994,611990,645278,699190,81825,138663,198829,237598,280194,288860,312899,86254,148049,213333,271396,331796,356418,386291
11708,Canada,124,Colombia,170,7547,12595,17942,39330,60555,69610,75425,3674,6092,8655,18731,28789,31856,34519,3873,6503,9287,20599,31766,37754,40906
11709,Canada,124,Comoros,174,19,29,40,109,175,134,144,9,14,19,52,84,65,71,10,15,21,57,91,69,73
11710,Canada,124,Congo,178,87,182,282,1004,1655,2444,2647,42,88,136,558,941,1346,1459,45,94,146,446,714,1098,1188
11711,Canada,124,DemocraticRepublicoftheCongo,180,1588,5693,9934,14201,18445,25492,27620,773,2749,4792,6747,8714,12134,13147,815,2944,5142,7454,9731,13358,14473
11712,Canada,124,CostaRica,188,1247,1840,2476,3364,4095,3925,4252,607,890,1194,1634,2001,1773,1921,640,950,1282,1730,2094,2152,2331
11713,Canada,124,Croatia,191,466,19628,39257,38142,40015,39799,43123,227,9469,18938,18479,19524,19873,21534,239,10159,20319,19663,20491,19926,21589
11714,Canada,124,Cuba,192,1737,3462,5269,9129,13340,17740,19221,845,1673,2541,4510,6664,8518,9230,892,1789,2728,4619,6676,9222,9991
11715,Canada,124,Cyprus,196,4111,4165,4318,3942,3780,3990,4322,2002,2018,2083,1959,1947,2007,2174,2109,2147,2235,1983,1833,1983,2148
11716,Canada,124,Czechia,203,15799,15865,16308,17965,20390,20930,22677,7691,7687,7867,8719,9968,9913,10741,8108,8178,8441,9246,10422,11017,11936
11717,Canada,124,Benin,204,149,272,401,1086,1605,2748,2976,72,131,193,640,986,1600,1733,77,141,208,446,619,1148,1243
11718,Canada,124,Denmark,208,20678,19098,17972,15986,14720,12433,13470,10066,9257,8670,8153,8016,6383,6916,10612,9841,9302,7833,6704,6050,6554
11719,Canada,124,Dominica,212,1449,2099,2798,2818,3045,2762,2991,705,1016,1350,1224,1191,1137,1231,744,1083,1448,1594,1854,1625,1760
11720,Canada,124,DominicanRepublic,214,2668,3841,5106,6737,8450,10535,11414,1299,1858,2463,3328,4240,5087,5512,1369,1983,2643,3409,4210,5448,5902
11721,Canada,124,Ecuador,218,7685,9362,11261,12238,13635,14873,16115,3742,4533,5433,5678,6141,6755,7320,3943,4829,5828,6560,7494,8118,8795
11722,Canada,124,ElSalvador,222,27145,32598,38826,39970,43655,47785,51776,13215,15783,18730,19738,22058,23713,25695,13930,16815,20096,20232,21597,24072,26081
11723,Canada,124,EquatorialGuinea,226,10,12,15,40,55,59,63,5,6,7,24,36,35,39,5,6,8,16,19,24,24
11724,Canada,124,Ethiopia,231,13765,13822,14208,18889,24535,32588,35309,6701,6697,6854,9090,11817,15874,17200,7064,7125,7354,9799,12718,16714,18109
11725,Canada,124,Eritrea,232,4630,4649,4779,6173,7750,14917,16162,2254,2253,2306,3061,3914,7739,8385,2376,2396,2473,3112,3836,7178,7777
11726,Canada,124,Estonia,233,6170,6196,6369,5058,4090,3180,3444,3004,3003,3073,2337,1766,1331,1442,3166,3193,3296,2721,2324,1849,2002
11727,Canada,124,Fiji,242,15352,18730,22553,22701,24290,24513,26559,7474,9068,10880,10796,11429,11279,12221,7878,9662,11673,11905,12861,13234,14338
11728,Canada,124,Finland,246,16148,14970,14148,11631,9695,9466,10255,7861,7256,6825,5348,4158,3849,4170,8287,7714,7323,6283,5537,5617,6085
11729,Canada,124,France,250,52932,62998,74561,89277,90445,104922,113686,25769,30503,35968,45226,47407,55037,59634,27163,32495,38593,44051,43038,49885,54052
11730,Canada,124,FrenchGuiana,254,48,48,50,62,70,278,299,24,23,24,33,40,134,144,24,25,26,29,30,144,155
11731,Canada,124,FrenchPolynesia,258,53,97,144,131,115,178,191,26,47,70,76,80,89,96,27,50,74,55,35,89,95
11732,Canada,124,Djibouti,262,111,300,496,943,1330,2221,2405,54,145,239,410,558,994,1078,57,155,257,533,772,1227,1327
11733,Canada,124,Gabon,266,38,229,426,681,830,1068,1156,19,110,205,323,393,497,539,19,119,221,358,437,571,617
11734,Canada,124,Georgia,268,749,752,773,1205,1655,2554,2765,365,365,373,595,828,1192,1291,384,387,400,610,827,1362,1474
11735,Canada,124,Gambia,270,14,122,233,368,490,665,719,6,58,112,205,291,372,403,8,64,121,163,199,293,316
11736,Canada,124,StateofPalestine,275,5397,5420,5572,6362,7395,8159,8840,2627,2626,2689,3353,4150,4540,4920,2770,2794,2883,3009,3245,3619,3920
11737,Canada,124,Germany,276,173222,172549,175979,166471,152345,144950,157059,84328,83607,84894,80120,73354,69064,74834,88894,88942,91085,86351,78991,75886,82225
11738,Canada,124,Ghana,288,6404,11477,16823,18533,21260,22769,24670,3118,5550,8115,9114,10639,11424,12378,3286,5927,8708,9419,10621,11345,12292
11739,Canada,124,Gibraltar,292,201,224,253,269,285,163,175,98,108,122,151,179,74,80,103,116,131,118,106,89,95
11740,Canada,124,Greece,300,80288,77124,75794,68502,66475,62330,67536,39086,37376,36563,33979,34121,31372,33992,41202,39748,39231,34523,32354,30958,33544
11741,Canada,124,Grenada,308,4543,6638,8890,9321,10325,10202,11053,2212,3212,4289,4051,4077,4043,4380,2331,3426,4601,5270,6248,6159,6673
11742,Canada,124,Guadeloupe,312,125,233,347,454,430,511,552,61,113,168,237,235,243,263,64,120,179,217,195,268,289
11743,Canada,124,Guatemala,320,8559,11127,13960,14401,15285,17169,18602,4167,5386,6734,7168,7838,8603,9322,4392,5741,7226,7233,7447,8566,9280
11744,Canada,124,Guinea,324,225,764,1322,2636,3795,5158,5588,110,369,638,1362,2006,2598,2816,115,395,684,1274,1789,2560,2772
11745,Canada,124,Guyana,328,63381,72507,83357,82392,87945,87142,94421,30855,35112,40212,38135,39166,38674,41905,32526,37395,43145,44257,48779,48468,52516
11746,Canada,124,Haiti,332,38271,45292,53390,66504,80100,92911,100672,18631,21930,25756,30199,35019,40685,44083,19640,23362,27634,36305,45081,52226,56589
11747,Canada,124,Honduras,340,2202,3293,4462,5243,5805,7737,8382,1072,1593,2152,2539,2826,3691,4000,1130,1700,2310,2704,2979,4046,4382
11748,Canada,124,China,156,344,230328,231291,237754,214333,205425,207658,225006,112130,112067,114695,102326,97181,97379,105515,118198,119224,123059,112007,108244,110279
11749,Canada,124,Hungary,348,54702,51853,50236,43689,38985,36594,39650,26631,25131,24234,21266,19251,17827,19317,28071,26722,26002,22423,19734,18767,20333
11750,Canada,124,Iceland,352,532,483,446,561,630,586,633,259,234,215,291,342,268,290,273,249,231,270,288,318,343
11751,Canada,124,India,356,166640,240035,319138,424855,517890,664465,720083,81125,116145,153954,209794,259701,331826,359654,85515,123890,165184,215061,258189,332639,360429
11752,Canada,124,Indonesia,360,7298,8723,10356,12039,13520,14192,15377,3553,4224,4996,5782,6489,6352,6883,3745,4499,5360,6257,7031,7840,8494
11753,Canada,124,IranIslamicRepublicof,364,29467,51266,74284,95395,120685,153473,166294,14346,24793,35835,47899,62170,77453,83923,15121,26473,38449,47496,58515,76020,82371
11754,Canada,124,Iraq,368,6875,16443,26401,36851,49520,68065,73750,3346,7946,12736,18569,25571,34557,37444,3529,8497,13665,18282,23949,33508,36306
11755,Canada,124,Ireland,372,27255,26295,25960,27166,28035,28151,30502,13269,12744,12524,13219,13777,14261,15453,13986,13551,13436,13947,14258,13890,15049
11756,Canada,124,Israel,376,16092,16166,16625,19930,22845,26571,28789,7834,7833,8020,10103,11988,14287,15481,8258,8333,8605,9827,10857,12284,13308
11757,Canada,124,Italy,380,337392,322392,315058,275657,240825,235183,254831,164251,156243,151986,135688,119946,117814,127657,173141,166149,163072,139969,120879,117369,127174
11758,Canada,124,CotedIvoire,384,1670,1677,1723,3845,5570,11255,12194,813,813,831,2068,3087,5737,6216,857,864,892,1777,2483,5518,5978
11759,Canada,124,Jamaica,388,98288,108174,120632,119447,126035,137496,148982,47849,52392,58193,53785,53038,59552,64528,50439,55782,62439,65662,72997,77944,84454
11760,Canada,124,Japan,392,11783,18672,26004,28340,25805,27072,29332,5736,9032,12544,11218,8457,7897,8556,6047,9640,13460,17122,17348,19175,20776
11761,Canada,124,Kazakhstan,398,3661,3676,3779,6361,9360,12373,13406,1782,1781,1823,2993,4369,5736,6216,1879,1895,1956,3368,4991,6637,7190
11762,Canada,124,Jordan,400,2025,3524,5106,7275,9400,13208,14310,986,1704,2463,3835,5182,7049,7637,1039,1820,2643,3440,4218,6159,6673
11763,Canada,124,Kenya,404,15914,17967,20447,22057,24515,26988,29241,7748,8702,9864,10448,11467,12730,13793,8166,9265,10583,11609,13048,14258,15448
11764,Canada,124,DemPeoplesRepublicofKorea,408,106,106,109,355,340,775,838,52,51,52,164,157,413,448,54,55,57,191,183,362,390
11765,Canada,124,RepublicofKorea,410,31722,56171,81955,102474,112400,122548,132786,15443,27163,39535,48336,52382,56784,61529,16279,29008,42420,54138,60018,65764,71257
11766,Canada,124,Kuwait,414,2442,5907,9513,10982,12860,15141,16405,1189,2854,4589,5527,6682,7878,8536,1253,3053,4924,5455,6178,7263,7869
11767,Canada,124,Kyrgyzstan,417,580,583,600,1119,1740,2956,3201,282,283,290,522,804,1361,1474,298,300,310,597,936,1595,1727
11768,Canada,124,LaoPeoplesDemocraticRepublic,418,13860,13854,14178,13739,14305,14386,15587,6748,6713,6840,6698,7065,7078,7670,7112,7141,7338,7041,7240,7308,7917
11769,Canada,124,Lebanon,422,52394,59419,67856,72255,81105,88200,95568,25506,28775,32735,36911,43460,46986,50912,26888,30644,35121,35344,37645,41214,44656
11770,Canada,124,Lesotho,426,77,84,94,95,90,104,111,37,40,45,43,39,60,65,40,44,49,52,51,44,46
11771,Canada,124,Latvia,428,7412,7443,7651,6814,6125,5843,6330,3608,3606,3691,3220,2832,2652,2874,3804,3837,3960,3594,3293,3191,3456
11772,Canada,124,Liberia,430,125,397,679,1372,2125,2459,2664,61,192,328,717,1140,1142,1238,64,205,351,655,985,1317,1426
11773,Canada,124,Libya,434,571,1508,2481,3961,4705,6261,6783,278,729,1197,2096,2589,3293,3568,293,779,1284,1865,2116,2968,3215
11774,Canada,124,Lithuania,440,6640,6668,6854,5937,5335,4949,5361,3233,3231,3306,2874,2603,2111,2287,3407,3437,3548,3063,2732,2838,3074
11775,Canada,124,Luxembourg,442,551,532,525,488,420,670,724,268,258,253,233,200,352,381,283,274,272,255,220,318,343
11776,Canada,124,China,156,446,6592,6620,6805,5977,5565,5714,6190,3209,3208,3283,2860,2646,2528,2739,3383,3412,3522,3117,2919,3186
11777,Canada,124,Madagascar,450,1180,1538,1932,2635,3335,3528,3821,574,744,932,1247,1566,1600,1733,606,794,1000,1388,1769,1928,2088
11778,Canada,124,Malawi,454,293,338,391,529,610,665,719,143,164,189,306,386,352,381,150,174,202,223,224,313,338
11779,Canada,124,Malaysia,458,15453,18151,21280,21513,22365,23644,25618,7522,8788,10265,10027,10117,10733,11630,7931,9363,11015,11486,12248,12911,13988
11780,Canada,124,Mali,466,111,465,831,1188,1435,2082,2255,54,224,401,599,742,1083,1174,57,241,430,589,693,999,1081
11781,Canada,124,Malta,470,9773,9463,9379,8099,7435,7419,8037,4758,4585,4524,4037,3871,3780,4095,5015,4878,4855,4062,3564,3639,3942
11782,Canada,124,Martinique,474,288,284,287,415,490,641,693,141,138,138,227,285,293,318,147,146,149,188,205,348,375
11783,Canada,124,Mauritania,478,24,85,149,332,485,899,973,11,41,72,198,305,576,624,13,44,77,134,180,323,349
11784,Canada,124,Mauritius,480,5095,5784,6611,9627,13160,15802,17120,2481,2801,3189,4709,6494,7908,8568,2614,2983,3422,4918,6666,7894,8552
11785,Canada,124,Mexico,484,18610,30113,42332,61186,69695,80090,86780,9060,14566,20421,29641,33906,37280,40395,9550,15547,21911,31545,35789,42810,46385
11786,Canada,124,Monaco,492,130,118,109,138,150,109,116,63,57,52,85,105,95,102,67,61,57,53,45,14,14
11787,Canada,124,Mongolia,496,24,76,129,607,1035,1411,1528,11,37,63,277,471,636,690,13,39,66,330,564,775,838
11788,Canada,124,RepublicofMoldova,498,2284,2294,2358,7202,12195,17497,18958,1112,1112,1138,3602,6149,8544,9258,1172,1182,1220,3600,6046,8953,9700
11789,Canada,124,Montenegro,499,0,0,0,750,1525,1853,2006,0,0,0,367,749,919,996,0,0,0,383,776,934,1010
11790,Canada,124,Montserrat,500,384,491,610,591,590,606,655,187,238,295,292,298,278,301,197,253,315,299,292,328,354
11791,Canada,124,Morocco,504,16116,20676,25727,40230,56280,69227,75009,7846,10009,12411,20690,29805,35883,38881,8270,10667,13316,19540,26475,33344,36128
11792,Canada,124,Mozambique,508,691,777,881,982,1125,1242,1344,336,376,425,484,565,591,640,355,401,456,498,560,651,704
11793,Canada,124,Oman,512,14,281,555,1031,1385,1530,1656,6,135,268,544,755,770,834,8,146,287,487,630,760,822
11794,Canada,124,Namibia,516,167,232,302,666,680,1028,1112,81,112,145,276,270,482,522,86,120,157,390,410,546,590
11795,Canada,124,Nepal,524,120,620,1134,4820,8345,14301,15495,58,299,547,2476,4328,7272,7880,62,321,587,2344,4017,7029,7615
11796,Canada,124,Netherlands,528,124373,119431,117329,104551,98510,87932,95278,60548,57879,56600,51691,50262,44883,48634,63825,61552,60729,52860,48248,43049,46644
11797,Canada,124,CuraÃao,531,396,379,371,368,40015,467,505,192,183,179,172,18255,194,211,204,196,192,196,21760,273,294
11798,Canada,124,Aruba,533,523,555,600,577,535,571,617,254,269,290,273,248,223,242,269,286,310,304,287,348,375
11799,Canada,124,SintMaartenDutchpart,534,113,108,106,105,1605,104,111,55,52,51,49,738,40,43,58,56,55,56,867,64,68
11800,Canada,124,Bonaire,16,535,57,54,53,52,4095,4069,4407,28,26,26,24,1862,1849,2004,29,28,27,28,2233,2220
11801,Canada,124,NewCaledonia,540,58,85,114,119,85,218,234,28,41,55,60,45,109,118,30,44,59,59,40,109,116
11802,Canada,124,NewZealand,554,7182,8186,9384,10167,10065,9819,10638,3496,3964,4527,5248,5482,5275,5716,3686,4222,4857,4919,4583,4544,4922
11803,Canada,124,Nicaragua,558,6199,7730,9444,8894,8945,9809,10627,3018,3742,4556,4184,4107,4694,5086,3181,3988,4888,4710,4838,5115,5541
11804,Canada,124,Niger,562,48,124,203,450,625,1023,1107,24,60,98,245,353,546,591,24,64,105,205,272,477,516
11805,Canada,124,Nigeria,566,3004,6587,10326,19968,27625,42169,45690,1463,3184,4981,10329,14636,21687,23499,1541,3403,5345,9639,12989,20482,22191
11806,Canada,124,Norway,578,7926,7039,6319,5340,4390,3856,4177,3858,3412,3048,2584,2141,1893,2051,4068,3627,3271,2756,2249,1963,2126
11807,Canada,124,Pakistan,586,24161,52674,82440,116119,136865,201014,217807,11763,25461,39770,58437,75818,102542,111109,12398,27213,42670,57682,61047,98472,106698
11808,Canada,124,Panama,591,1118,1785,2495,2458,2445,2598,2814,544,863,1203,1216,1243,1226,1329,574,922,1292,1242,1202,1372,1485
11809,Canada,124,PapuaNewGuinea,598,106,199,297,399,410,233,251,52,96,143,183,183,99,107,54,103,154,216,227,134,144
11810,Canada,124,Paraguay,600,4702,4780,4972,6040,7110,7255,7859,2289,2316,2399,2960,3528,3522,3816,2413,2464,2573,3080,3582,3733,4043
11811,Canada,124,Peru,604,11010,14301,17932,21778,26715,29433,31890,5359,6921,8650,9954,11792,12863,13937,5651,7380,9282,11824,14923,16570,17953
11812,Canada,124,Philippines,608,118304,175504,236877,351848,454340,584697,633547,57593,84913,114272,151734,185151,245426,265931,60711,90591,122605,200114,269189,339271,367616
11813,Canada,124,Poland,616,177219,176548,180074,160218,152285,145571,157733,86275,85546,86869,75013,68935,66006,71521,90944,91002,93205,85205,83350,79565,86212
11814,Canada,124,Portugal,620,154655,152654,154283,141057,138520,138589,150166,75290,73971,74428,68492,67954,67695,73350,79365,78683,79855,72565,70566,70894,76816
11815,Canada,124,GuineaBissau,624,24,37,50,67,85,109,116,11,18,24,38,52,70,76,13,19,26,29,33,39,40
11816,Canada,124,PuertoRico,630,182,217,258,328,380,501,541,89,105,124,147,164,193,208,93,112,134,181,216,308,333
11817,Canada,124,Qatar,634,259,666,1089,1361,1650,2474,2680,126,322,525,709,903,1256,1362,133,344,564,652,747,1218,1318
11818,Canada,124,Reunion,638,63,63,64,196,265,293,316,31,30,30,99,137,144,156,32,33,34,97,128,149,160
11819,Canada,124,Romania,642,32422,46036,60745,69035,82595,89756,97253,15784,22276,29304,33167,39658,42516,46067,16638,23760,31441,35868,42937,47240,51186
11820,Canada,124,RussianFederation,643,95333,71978,50335,59964,73025,78202,84735,46411,34927,24283,27735,32863,34035,36879,48922,37051,26052,32229,40162,44167,47856
11821,Canada,124,Rwanda,646,307,1453,2634,3830,4920,6067,6572,149,701,1270,1753,2197,2836,3073,158,752,1364,2077,2723,3231,3499
11822,Canada,124,SaintKittsandNevis,659,1464,1944,2471,2192,2085,2092,2265,713,941,1192,942,768,929,1006,751,1003,1279,1250,1317,1163,1259
11823,Canada,124,Anguilla,660,106,121,139,103,75,64,68,52,59,68,43,21,40,44,54,62,71,60,54,24,24
11824,Canada,124,SaintLucia,662,1713,2435,3214,4135,4290,6057,6561,834,1179,1551,1679,1549,2304,2496,879,1256,1663,2456,2741,3753,4065
11825,Canada,124,SaintPierreandMiquelon,666,422,392,372,320,285,288,311,205,190,180,151,132,159,172,217,202,192,169,153,129,139
11826,Canada,124,SaintVincentandtheGrenadines,670,4357,6477,8751,10317,11495,12865,13939,2122,3134,4221,4329,4334,4816,5219,2235,3343,4530,5988,7161,8049,8720
11827,Canada,124,SaudiArabia,682,1732,5718,9840,15696,13515,19956,21622,843,2762,4747,8643,7858,10406,11276,889,2956,5093,7053,5657,9550,10346
11828,Canada,124,Senegal,686,466,1119,1798,3556,4985,7463,8085,227,541,867,1900,2752,4192,4542,239,578,931,1656,2233,3271,3543
11829,Canada,124,Serbia,688,0,0,0,15576,39030,33120,35885,0,0,0,7534,18904,16217,17571,0,0,0,8042,20126,16903,18314
11830,Canada,124,Seychelles,690,22486,11622,1035,936,905,1028,1112,10946,5655,500,442,419,452,489,11540,5967,535,494,486,576,623
11831,Canada,124,SierraLeone,694,216,606,1010,1674,2395,3021,3272,105,293,488,852,1246,1520,1647,111,313,522,822,1149,1501,1625
11832,Canada,124,Singapore,702,6030,7695,9543,10381,11000,11742,12721,2936,3725,4604,4928,5168,5354,5801,3094,3970,4939,5453,5832,6388,6920
11833,Canada,124,Slovakia,703,10286,10329,10617,11513,13145,14316,15511,5008,5005,5122,5545,6338,6745,7309,5278,5324,5495,5968,6807,7571,8202
11834,Canada,124,VietNam,704,108997,127335,148701,151603,165125,168212,182265,53063,61658,71734,72280,78097,77481,83955,55934,65677,76967,79323,87028,90731,98310
11835,Canada,124,Slovenia,705,8990,9028,9280,8496,8305,8164,8845,4377,4374,4476,4044,3906,3735,4047,4613,4654,4804,4452,4399,4429,4798
11836,Canada,124,Somalia,706,19517,19599,20146,20528,22255,27067,29327,9501,9496,9718,9400,9726,11989,12991,10016,10103,10428,11128,12529,15078,16336
11837,Canada,124,SouthAfrica,710,23729,29983,36949,38430,40555,44386,48093,11552,14514,17824,18800,20132,22059,23903,12177,15469,19125,19630,20423,22327,24190
11838,Canada,124,Zimbabwe,716,2221,3099,4051,6795,9060,10430,11299,1081,1499,1954,3333,4483,5081,5504,1140,1600,2097,3462,4577,5349,5795
11839,Canada,124,Spain,724,10713,10509,10554,9876,9060,10634,11521,5216,5093,5091,4961,4760,5519,5980,5497,5416,5463,4915,4300,5115,5541
11840,Canada,124,SouthSudan,728,0,0,0,0,0,5506,5965,0,0,0,0,0,2976,3225,0,0,0,0,0,2530,2740
11841,Canada,124,Sudan,729,1324,4312,7403,10205,13755,10753,11650,644,2082,3571,5262,7355,5543,6006,680,2230,3832,4943,6400,5210,5644
11842,Canada,124,Suriname,740,513,664,831,835,865,1043,1128,249,321,401,406,426,561,607,264,343,430,429,439,482,521
11843,Canada,124,Eswatini,748,101,131,164,235,280,397,429,50,64,80,90,94,159,172,51,67,84,145,186,238,257
11844,Canada,124,Sweden,752,7489,7391,7468,7150,6800,6589,7137,3645,3581,3603,3326,3053,2980,3228,3844,3810,3865,3824,3747,3609,3909
11845,Canada,124,Switzerland,756,15674,17934,20621,19811,18750,18923,20503,7631,8684,9947,9996,9911,9890,10717,8043,9250,10674,9815,8839,9033,9786
11846,Canada,124,SyrianArabRepublic,760,10560,13038,15827,18396,22085,52635,57031,5141,6311,7634,9223,11400,26420,28627,5419,6727,8193,9173,10685,26215,28404
11847,Canada,124,Tajikistan,762,111,111,114,574,1060,1301,1409,54,54,55,283,526,635,689,57,57,59,291,534,666,720
11848,Canada,124,Thailand,764,5585,7052,8687,11281,13360,14982,16232,2719,3414,4191,4885,5406,5372,5820,2866,3638,4496,6396,7954,9610,10412
11849,Canada,124,Togo,768,120,426,743,1563,2390,3329,3606,58,205,358,885,1416,1903,2062,62,221,385,678,974,1426,1544
11850,Canada,124,Tonga,776,96,99,104,95,90,139,149,47,48,50,41,34,55,59,49,51,54,54,56,84,90
11851,Canada,124,TrinidadandTobago,780,47386,55297,64523,63760,67205,64636,70035,23069,26776,31126,29694,30307,29129,31563,24317,28521,33397,34066,36898,35507,38472
11852,Canada,124,UnitedArabEmirates,784,1218,3822,6517,10402,14355,20866,22608,593,1846,3144,5444,7783,11067,11992,625,1976,3373,4958,6572,9799,10616
11853,Canada,124,Tunisia,788,2438,3882,5418,8320,10985,17328,18774,1187,1878,2614,4882,6985,9806,10625,1251,2004,2804,3438,4000,7522,8149
11854,Canada,124,Turkey,792,11692,14476,17605,21346,25275,26546,28763,5692,7008,8493,10969,13546,14426,15633,6000,7468,9112,10377,11729,12120,13130
11855,Canada,124,Turkmenistan,795,106,106,109,256,425,496,536,52,51,52,108,173,213,230,54,55,57,148,252,283,306
11856,Canada,124,TurksandCaicosIslands,796,38,24,10,40,65,59,63,19,12,5,28,49,30,33,19,12,5,12,16,29,30
11857,Canada,124,Uganda,800,8598,9646,10924,11032,11750,13128,14224,4186,4672,5270,5236,5509,6352,6883,4412,4974,5654,5796,6241,6776,7341
11858,Canada,124,Ukraine,804,50845,51057,52484,57232,65450,72582,78644,24753,24738,25318,26461,29290,33143,35911,26092,26319,27166,30771,36160,39439,42733
11859,Canada,124,NorthMacedonia,807,7038,7067,7265,8115,9610,10236,11090,3426,3423,3504,3988,4801,5046,5468,3612,3644,3761,4127,4809,5190,5622
11860,Canada,124,Egypt,818,26881,31290,36444,41983,49935,64223,69587,13086,15151,17581,21520,26748,33907,36739,13795,16139,18863,20463,23187,30316,32848
11861,Canada,124,UnitedKingdom,826,688691,641095,608742,559313,537040,496059,537504,335273,310738,293662,269496,259189,241618,261806,353418,330357,315080,289817,277851,254441,275698
11862,Canada,124,UnitedRepublicofTanzania,834,19061,19140,19675,18937,19465,20473,22182,9279,9273,9491,9290,9738,9819,10640,9782,9867,10184,9647,9727,10654,11542
11863,Canada,124,UnitedStatesofAmerica,840,238998,244567,255952,273338,263470,252159,273226,116350,118489,123473,127449,119643,112741,122161,122648,126078,132479,145889,143827,139418,151065
11864,Canada,124,UnitedStatesVirginIslands,850,34,34,35,45,45,89,95,17,17,17,20,19,50,55,17,17,18,25,26,39,40
11865,Canada,124,BurkinaFaso,854,38,178,322,793,1010,1967,2130,19,86,155,428,561,978,1060,19,92,167,365,449,989,1070
11866,Canada,124,Uruguay,858,5033,5570,6240,6280,6600,6494,7036,2451,2698,3011,3032,3198,3233,3504,2582,2872,3229,3248,3402,3261,3532
11867,Canada,124,Uzbekistan,860,1459,1465,1505,3063,4795,6345,6874,711,710,726,1513,2391,2960,3208,748,755,779,1550,2404,3385,3666
11868,Canada,124,VenezuelaBolivarianRepublicof,862,3339,5582,7958,12434,16005,20652,22375,1625,2699,3838,5829,7421,9367,10148,1714,2883,4120,6605,8584,11285,12227
11869,Canada,124,Samoa,882,63,63,64,85,110,159,171,31,30,30,47,67,80,87,32,33,34,38,43,79,84
11870,Canada,124,Yemen,887,461,747,1050,1450,1700,2941,3185,224,362,507,721,861,1465,1587,237,385,543,729,839,1476,1598
11871,Canada,124,Zambia,894,1339,1766,2234,2813,3220,3692,3999,652,855,1078,1378,1595,1798,1949,687,911,1156,1435,1625,1894,2050
11872,Greenland,304,Melanesia,928,0,0,0,0,0,0,0,0,0,0,0,0,0,0,0,0,0,0,0,0,0
11873,Greenland,304,Micronesia,954,0,0,0,0,0,0,0,0,0,0,0,0,0,0,0,0,0,0,0,0,0
11874,Greenland,304,Polynesia,957,0,0,0,0,0,0,0,0,0,0,0,0,0,0,0,0,0,0,0,0,0
11875,Greenland,304,Bulgaria,100,0,2,6,8,16,18,17,0,0,5,8,13,12,12,0,2,1,0,3,6,5
11876,Greenland,304,Canada,124,12,10,11,23,10,15,14,4,4,8,16,6,10,10,8,6,3,7,4,5,4
11877,Greenland,304,China,156,0,0,1,5,7,11,10,0,0,1,4,1,2,2,0,0,0,1,6,9,8
11878,Greenland,304,Denmark,208,8550,6476,5726,5733,4983,4614,4539,5930,4434,4025,3891,3384,3052,2946,2620,2042,1701,1842,1599,1562,1593
11879,Greenland,304,FaroeIslands,234,261,278,257,190,254,279,273,208,213,192,157,206,229,224,53,65,65,33,48,50,49
11880,Greenland,304,Finland,246,16,9,13,8,11,13,12,10,5,5,5,6,4,4,6,4,8,3,5,9,8
11881,Greenland,304,France,250,10,8,7,10,12,14,13,5,5,6,6,9,9,9,5,3,1,4,3,5,4
11882,Greenland,304,Germany,276,33,34,41,61,74,58,56,28,28,30,47,60,45,44,5,6,11,14,14,13,12
11883,Greenland,304,UnitedKingdom,826,31,21,23,15,18,15,14,22,12,15,10,15,12,12,9,9,8,5,3,3,2
11884,Greenland,304,Iceland,352,21,25,123,104,95,163,159,17,16,99,89,76,135,132,4,9,24,15,19,28,27
11885,Greenland,304,Norway,578,106,67,90,57,71,68,65,88,43,55,33,43,46,44,18,24,35,24,28,22,21
11886,Greenland,304,Philippines,608,1,5,6,9,50,130,127,1,0,0,2,18,51,49,0,5,6,7,32,79,78
11887,Greenland,304,Poland,616,8,2,7,5,27,31,29,2,2,2,3,25,23,22,6,0,5,2,2,8,7
11888,Greenland,304,Romania,642,0,0,0,8,10,15,14,0,0,0,8,10,13,13,0,0,0,0,0,2,1
11889,Greenland,304,Sweden,752,141,64,107,82,90,87,85,119,39,65,53,60,57,55,22,25,42,29,30,30,30
11890,Greenland,304,Thailand,764,3,12,35,62,126,157,153,0,3,15,19,49,60,56,3,9,20,43,77,97,97
11891,Greenland,304,UnitedStatesofAmerica,840,29,26,26,27,30,39,38,21,14,14,19,19,24,24,8,12,12,8,11,15,14
11892,SaintPierreandMiquelon,666,Melanesia,928,0,0,0,0,0,0,0,0,0,0,0,0,0,0,0,0,0,0,0,0,0
11893,SaintPierreandMiquelon,666,Micronesia,954,0,0,0,0,0,0,0,0,0,0,0,0,0,0,0,0,0,0,0,0,0
11894,SaintPierreandMiquelon,666,Polynesia,957,0,0,0,0,0,0,0,0,0,0,0,0,0,0,0,0,0,0,0,0,0
11895,SaintPierreandMiquelon,666,Canada,124,205,215,208,212,187,181,175,51,65,69,80,71,69,67,154,150,139,132,116,112,108
11896,SaintPierreandMiquelon,666,France,250,668,845,970,841,745,723,703,388,475,534,461,410,400,388,280,370,436,380,335,323,315
11897,SaintPierreandMiquelon,666,UnitedStatesofAmerica,840,72,87,98,74,65,63,60,31,46,58,46,38,35,34,41,41,40,28,27,28,26
11898,UnitedStatesofAmerica,840,Melanesia,928,15935,23725,31674,35708,40945,46821,51535,7496,11296,15196,17234,19470,22140,24068,8439,12429,16478,18474,21475,24681,27467
11899,UnitedStatesofAmerica,840,Micronesia,954,3827,8730,13745,13112,12866,15252,22159,1873,4331,6854,6575,6365,7509,10791,1954,4399,6891,6537,6501,7743,11368
11900,UnitedStatesofAmerica,840,Polynesia,957,22076,28263,34562,32971,32355,38360,55745,10691,13828,17042,16351,15822,18661,26806,11385,14435,17520,16620,16533,19699,28939
11901,UnitedStatesofAmerica,840,Afghanistan,4,28444,37312,46342,51965,59330,74106,142504,15757,20837,26035,29321,30501,37912,72138,12687,16475,20307,22644,28829,36194,70366
11902,UnitedStatesofAmerica,840,Albania,8,5627,22440,39644,54825,72085,91865,97252,3220,12978,22984,31914,38493,45147,47248,2407,9462,16660,22911,33592,46718,50004
11903,UnitedStatesofAmerica,840,Algeria,12,4629,7859,11158,12680,14633,19633,28531,2955,5051,7195,8202,9342,9549,13718,1674,2808,3963,4478,5291,10084,14813
11904,UnitedStatesofAmerica,840,Angola,24,2252,3352,4475,7294,10411,14068,20445,845,1281,1729,3654,5144,6916,9938,1407,2071,2746,3640,5267,7152,10507
11905,UnitedStatesofAmerica,840,AntiguaandBarbuda,28,12022,15376,18789,22450,26899,31677,46037,5305,6872,8477,10197,12016,14061,20155,6717,8504,10312,12253,14883,17616,25882
11906,UnitedStatesofAmerica,840,Argentina,32,92563,110347,128397,152739,182404,199314,219448,43141,50987,59027,70675,83053,90196,97977,49422,59360,69370,82064,99351,109118,121471
11907,UnitedStatesofAmerica,840,Armenia,51,41481,54094,66937,68588,72388,94229,87494,20290,26738,33343,34357,35763,46311,42510,21191,27356,33594,34231,36625,47918,44984
11908,UnitedStatesofAmerica,840,Aruba,533,3363,3635,3910,4673,5598,6591,9576,1351,1479,1613,1943,2283,2669,3818,2012,2156,2297,2730,3315,3922,5758
11909,UnitedStatesofAmerica,840,Australia,36,42267,52306,62513,67499,74689,89293,103446,14292,18023,21865,23852,25729,30461,35184,27975,34283,40648,43647,48960,58832,68262
11910,UnitedStatesofAmerica,840,Austria,40,87673,76673,65264,59792,56016,51129,39133,31407,27812,24116,22303,20412,18465,14093,56266,48861,41148,37489,35604,32664,25040
11911,UnitedStatesofAmerica,840,Azerbaijan,31,9026,11770,14565,15759,17468,21961,31914,4415,5818,7256,7895,8632,10797,15513,4611,5952,7309,7864,8836,11164,16401
11912,UnitedStatesofAmerica,840,Bahamas,44,21633,25186,28788,29086,30286,36504,46921,8852,10444,12079,12299,12566,15038,19026,12781,14742,16709,16787,17720,21466,27895
11913,UnitedStatesofAmerica,840,Bangladesh,50,21414,59134,97713,126308,159527,222616,261496,14219,39530,65460,63267,78811,109401,127036,7195,19604,32253,63041,80716,113215,134460
11914,UnitedStatesofAmerica,840,Barbados,52,43015,48230,53496,53672,55503,58480,51738,19387,21977,24628,24870,25309,26505,23138,23628,26253,28868,28802,30194,31975,28600
11915,UnitedStatesofAmerica,840,Belarus,112,21579,30442,39480,47057,56276,60494,51507,10556,15055,19668,23573,27805,29733,25029,11023,15387,19812,23484,28471,30761,26478
11916,UnitedStatesofAmerica,840,Belgium,56,34366,34586,34755,34287,34862,36906,30733,11132,11395,11671,17174,17223,18138,14933,23234,23191,23084,17113,17639,18768,15800
11917,UnitedStatesofAmerica,840,Belize,84,29957,35522,41170,44349,48974,54147,42970,12356,14849,17407,18893,20477,22479,17563,17601,20673,23763,25456,28497,31668,25407
11918,UnitedStatesofAmerica,840,Bermuda,60,7972,8284,8591,8425,8516,9068,13176,3900,4089,4280,4221,4209,4459,6406,4072,4195,4311,4204,4307,4609,6770
11919,UnitedStatesofAmerica,840,BoliviaPlurinationalStateof,68,31303,42856,54630,66661,81051,86529,80028,15312,21190,27213,33393,40044,42527,38882,15991,21666,27417,33268,41007,44002,41146
11920,UnitedStatesofAmerica,840,BosniaandHerzegovina,70,55354,78090,101273,109203,120693,127501,104136,27076,38616,50447,54701,59627,62661,50592,28278,39474,50826,54502,61066,64840,53544
11921,UnitedStatesofAmerica,840,Brazil,76,82489,149432,217822,280274,352957,361374,517519,32922,58786,85377,110797,136594,138165,197162,49567,90646,132445,169477,216363,223209,320357
11922,UnitedStatesofAmerica,840,Bulgaria,100,8579,22126,35981,48219,62258,73631,64474,4383,11447,18693,25179,32100,37783,32738,4196,10679,17288,23040,30158,35848,31736
11923,UnitedStatesofAmerica,840,Cambodia,116,118833,129616,140456,147478,159212,181502,154891,54772,60359,66069,69805,74205,84098,70848,64061,69257,74387,77673,85007,97404,84043
11924,UnitedStatesofAmerica,840,Cameroon,120,3161,7562,12063,20699,30195,49251,70087,1717,4152,6650,11462,16536,26858,37869,1444,3410,5413,9237,13659,22393,32218
11925,UnitedStatesofAmerica,840,Canada,124,744830,793278,841612,842344,868967,830628,793897,245893,263738,282210,285549,286673,269786,256674,498937,529540,559402,556795,582294,560842,537223
11926,UnitedStatesofAmerica,840,CaboVerde,132,14368,20760,27281,30020,33752,40495,36082,6561,9600,12719,14085,15589,18593,16352,7807,11160,14562,15935,18163,21902,19730
11927,UnitedStatesofAmerica,840,Chile,152,55681,69155,82855,87860,95695,106717,89714,23396,29448,35658,38089,40740,45119,37358,32285,39707,47197,49771,54955,61598,52356
11928,UnitedStatesofAmerica,840,China,156,773939,1058487,1348465,1607654,1922950,2676697,2184110,378564,519973,664923,797231,940249,1298394,1056972,395375,538514,683542,810423,982701,1378303,1127138
11929,UnitedStatesofAmerica,840,China,156,344,147131,177702,208749,216351,230796,248913,230584,71968,87787,103982,108369,114021,122324,112021,75163,89915,104767,107982,116775,126589
11930,UnitedStatesofAmerica,840,China,156,446,5107,5991,6888,8805,11044,12568,18265,2499,2961,3433,4413,5460,6181,8884,2608,3030,3455,4392,5584,6387
11931,UnitedStatesofAmerica,840,Colombia,170,286124,403325,522819,580965,658465,699399,817604,125806,179708,235026,262932,293048,308309,359410,160318,223617,287793,318033,365417,391090,458194
11932,UnitedStatesofAmerica,840,CostaRica,188,43530,58472,73694,80856,90687,91939,96903,17377,23701,30197,33396,36725,36953,38310,26153,34771,43497,47460,53962,54986,58593
11933,UnitedStatesofAmerica,840,CotedIvoire,384,1388,4337,7355,14130,21516,28813,41873,907,2855,4852,7079,10631,14163,20350,481,1482,2503,7051,10885,14650,21523
11934,UnitedStatesofAmerica,840,Croatia,191,22927,32344,41946,43372,46167,44944,36110,11215,15891,20685,21510,22577,21862,17360,11712,16453,21261,21862,23590,23082,18750
11935,UnitedStatesofAmerica,840,Cuba,192,736971,815617,894876,959480,1055229,1210674,1376211,351002,389993,429838,463625,502388,571563,648113,385969,425624,465038,495855,552841,639111,728098
11936,UnitedStatesofAmerica,840,Cyprus,196,10060,10714,11368,13569,16244,20420,29674,5678,6088,6504,7796,9168,11480,16542,4382,4626,4864,5773,7076,8940,13132
11937,UnitedStatesofAmerica,840,Czechia,203,87020,86188,85190,79662,76438,75864,110257,42565,42514,42435,39903,37764,37284,53570,44455,43674,42755,39759,38674,38580,56687
11938,UnitedStatesofAmerica,840,DemocraticRepublicoftheCongo,180,3387,4243,5115,12195,19833,25560,37145,1657,2098,2549,6112,9804,12571,18062,1730,2145,2566,6083,10029,12989,19083
11939,UnitedStatesofAmerica,840,Denmark,208,34999,33654,32219,31350,31422,31599,33223,12921,12592,12252,12030,11791,11757,12328,22078,21062,19967,19320,19631,19842,20895
11940,UnitedStatesofAmerica,840,Dominica,212,19529,17818,16036,25276,35534,32379,36016,9374,8621,7845,12436,15405,13943,15284,10155,9197,8191,12840,20129,18436,20732
11941,UnitedStatesofAmerica,840,DominicanRepublic,214,347858,524698,705139,761989,843720,1086819,1167738,154429,230385,308374,335606,365108,467139,494545,193429,294313,396765,426383,478612,619680,673193
11942,UnitedStatesofAmerica,840,Ecuador,218,143314,223927,306208,364358,435209,478039,425294,71263,112591,154967,185391,218500,238781,210079,72051,111336,151241,178967,216709,239258,215215
11943,UnitedStatesofAmerica,840,Egypt,818,66313,91056,116275,124709,137193,188170,204993,37580,52011,66779,71916,72430,98887,106654,28733,39045,49496,52793,64763,89283,98339
11944,UnitedStatesofAmerica,840,ElSalvador,222,465433,649970,838090,997858,1192423,1352357,1410659,236909,332169,429782,514399,606751,683083,710992,228524,317801,408308,483459,585672,669274,699667
11945,UnitedStatesofAmerica,840,Eritrea,232,11131,14515,17962,20907,24569,36332,51625,5445,7176,8949,10475,12141,17862,25091,5686,7339,9013,10432,12428,18470,26534
11946,UnitedStatesofAmerica,840,Estonia,233,9210,9624,10033,10073,10425,11086,16109,4442,4685,4931,4979,5081,5375,7720,4768,4939,5102,5094,5344,5711,8389
11947,UnitedStatesofAmerica,840,Ethiopia,231,34805,52866,71296,109858,152798,221489,245671,18499,28370,38482,59576,81900,108846,119348,16306,24496,32814,50282,70898,112643,126323
11948,UnitedStatesofAmerica,840,Fiji,242,15935,23725,31674,35708,40945,46821,51535,7496,11296,15196,17234,19470,22140,24068,8439,12429,16478,18474,21475,24681,27467
11949,UnitedStatesofAmerica,840,Finland,246,22313,22152,21951,20430,19499,21879,31795,7471,7536,7607,10234,9635,10754,15452,14842,14616,14344,10196,9864,11125,16343
11950,UnitedStatesofAmerica,840,France,250,119233,137002,154992,155257,160300,173561,162365,58322,67657,77205,77768,79193,85076,79407,60911,69345,77787,77489,81107,88485,82958
11951,UnitedStatesofAmerica,840,Gambia,270,1485,3673,5911,11356,17293,23157,33653,727,1823,2947,5694,8553,11393,16371,758,1850,2964,5662,8740,11764,17282
11952,UnitedStatesofAmerica,840,Georgia,268,6689,8723,10795,15875,21577,27126,39422,3272,4313,5379,7954,10664,13337,19163,3417,4410,5416,7921,10913,13789,20259
11953,UnitedStatesofAmerica,840,Germany,276,711929,718811,724649,682498,660214,585298,534203,348233,352821,357323,338451,322822,283924,258532,363696,365990,367326,344047,337392,301374,275671
11954,UnitedStatesofAmerica,840,Ghana,288,20889,43808,67237,89959,116035,161082,201086,13132,27742,42709,57323,69093,95582,118417,7757,16066,24528,32636,46942,65500,82669
11955,UnitedStatesofAmerica,840,Greece,300,177398,173870,169958,158144,150879,151699,116619,90721,89596,88375,82653,77865,77913,59270,86677,84274,81583,75491,73014,73786,57349
11956,UnitedStatesofAmerica,840,Grenada,308,17730,23815,30015,30901,32759,35652,25303,7664,10433,13274,13762,14340,15505,10848,10066,13382,16741,17139,18419,20147,14455
11957,UnitedStatesofAmerica,840,Guatemala,320,225739,357929,492870,643349,817495,991516,1226849,113994,181531,250780,329093,412680,498006,609443,111745,176398,242090,314256,404815,493510,617406
11958,UnitedStatesofAmerica,840,Guinea,324,1032,3086,5190,9971,15184,20333,29548,505,1532,2587,4999,7508,10002,14373,527,1554,2603,4972,7676,10331,15175
11959,UnitedStatesofAmerica,840,Guyana,328,120698,168164,216551,236839,264928,299148,241573,57013,79804,103175,113527,125093,140441,111994,63685,88360,113376,123312,139835,158707,129579
11960,UnitedStatesofAmerica,840,Haiti,332,225393,326669,429964,491772,570290,682521,705361,112330,163499,215954,248351,284120,338275,345656,113063,163170,214010,243421,286170,344246,359705
11961,UnitedStatesofAmerica,840,Honduras,340,108923,198509,290034,383822,491834,607457,773045,46067,85305,125606,167426,210726,258482,324025,62856,113204,164428,216396,281108,348975,449020
11962,UnitedStatesofAmerica,840,Hungary,348,110337,102530,94353,87078,82289,78760,63678,52805,49472,46020,42719,39793,37878,30262,57532,53058,48333,44359,42496,40882,33416
11963,UnitedStatesofAmerica,840,Iceland,352,5071,5382,5694,5298,5057,5672,8241,2481,2658,2838,2655,2501,2790,4011,2590,2724,2856,2643,2556,2882,4230
11964,UnitedStatesofAmerica,840,India,356,450406,746337,1048517,1390605,1784284,2389639,2723764,238925,397485,560016,746307,946212,1258676,1431847,211481,348852,488501,644298,838072,1130963,1291917
11965,UnitedStatesofAmerica,840,Indonesia,360,48387,61278,74394,83425,95254,104522,105617,24589,31437,38449,43339,48855,51365,51312,23798,29841,35945,40086,46399,53157,54305
11966,UnitedStatesofAmerica,840,IranIslamicRepublicof,364,210941,250390,290417,314199,348249,394223,387246,119568,142340,165592,179899,182256,204887,200854,91373,108050,124825,134300,165993,189336,186392
11967,UnitedStatesofAmerica,840,Iraq,368,44916,68305,92174,105551,122517,213417,256028,25595,39244,53222,61194,69799,104878,124378,19321,29061,38952,44357,52718,108539,131650
11968,UnitedStatesofAmerica,840,Ireland,372,169827,165333,160447,145477,134587,120144,105858,66010,65065,64088,58591,53099,46849,41137,103817,100268,96359,86886,81488,73295,64721
11969,UnitedStatesofAmerica,840,Israel,376,86048,99193,112505,124955,141567,129681,133771,43723,50853,58140,64908,72602,66026,67966,42325,48340,54365,60047,68965,63655,65805
11970,UnitedStatesofAmerica,840,Italy,380,580592,534018,485357,438874,404664,352492,309965,255422,235839,215630,196328,177947,153503,134600,325170,298179,269727,242546,226717,198989,175365
11971,UnitedStatesofAmerica,840,Jamaica,388,334140,449926,567890,611604,675237,711134,792370,145948,197556,250525,271699,294805,307426,341554,188192,252370,317365,339905,380432,403708,450816
11972,UnitedStatesofAmerica,840,Japan,392,290128,323100,356364,355980,366522,335767,319968,141913,159521,177511,178307,181072,164585,156484,148215,163579,178853,177673,185450,171182,163484
11973,UnitedStatesofAmerica,840,Jordan,400,31871,39858,47982,55381,64674,75355,91208,20409,25664,31030,35923,39335,45681,55199,11462,14194,16952,19458,25339,29674,36009
11974,UnitedStatesofAmerica,840,Kazakhstan,398,5816,7585,9386,11168,13341,28892,36353,2845,3750,4676,5594,6592,14202,17666,2971,3835,4710,5574,6749,14690,18687
11975,UnitedStatesofAmerica,840,Kenya,404,14371,27894,41715,64484,89826,125185,156960,7416,14558,21882,33996,46772,64876,80508,6955,13336,19833,30488,43054,60309,76452
11976,UnitedStatesofAmerica,840,Kuwait,414,8889,14823,20884,22048,23921,29826,29083,4348,7337,10404,11045,11820,14661,14134,4541,7486,10480,11003,12101,15165,14949
11977,UnitedStatesofAmerica,840,Kyrgyzstan,417,1509,1967,2436,3581,4868,6119,8890,739,974,1215,1797,2410,3015,4334,770,993,1221,1784,2458,3104,4556
11978,UnitedStatesofAmerica,840,LaoPeoplesDemocraticRepublic,418,171577,190445,209471,204193,205051,213777,173275,85842,96133,106640,104508,103570,107435,86129,85735,94312,102831,99685,101481,106342,87146
11979,UnitedStatesofAmerica,840,Latvia,428,26179,27062,27923,26669,26202,25163,22342,10105,10586,11080,10672,10269,9784,8665,16074,16476,16843,15997,15933,15379,13677
11980,UnitedStatesofAmerica,840,Lebanon,422,86369,97425,108599,114895,124883,119613,119145,46758,53149,59668,63415,68157,64873,64501,39611,44276,48931,51480,56726,54740,54644
11981,UnitedStatesofAmerica,840,Liberia,430,11455,25579,40020,55724,73547,85482,105233,5432,12300,19348,27099,35247,40739,49542,6023,13279,20672,28625,38300,44743,55691
11982,UnitedStatesofAmerica,840,Libya,434,4037,4763,5500,6250,7213,9676,14059,1975,2354,2741,3132,3566,4759,6839,2062,2409,2759,3118,3647,4917,7220
11983,UnitedStatesofAmerica,840,Lithuania,440,29745,29506,29213,32931,37759,39449,32434,12677,12713,12746,14471,16302,16918,13706,17068,16793,16467,18460,21457,22531,18728
11984,UnitedStatesofAmerica,840,Luxembourg,442,2053,2129,2204,2470,2820,2669,3875,1005,1052,1099,1239,1396,1316,1890,1048,1077,1105,1231,1424,1353,1985
11985,UnitedStatesofAmerica,840,Malaysia,458,33834,42203,50714,55746,62621,71903,73947,18084,22750,27522,30394,33751,35337,35927,15750,19453,23192,25352,28870,36566,38020
11986,UnitedStatesofAmerica,840,Malta,470,9614,9207,8777,8275,8016,8365,12154,4860,4690,4514,4278,4092,4250,6111,4754,4517,4263,3997,3924,4115,6043
11987,UnitedStatesofAmerica,840,MarshallIslands,584,1086,3750,6478,6179,6063,7188,10442,532,1864,3233,3100,3001,3541,5088,554,1886,3245,3079,3062,3647,5354
11988,UnitedStatesofAmerica,840,Mexico,484,4298014,6827945,9410529,10611064,12168662,11643298,10853105,2315850,3692951,5104175,5782166,6554739,6230901,5796774,1982164,3134994,4306354,4828898,5613923,5412397,5056331
11989,UnitedStatesofAmerica,840,MicronesiaFedStatesof,583,2741,4980,7267,6933,6803,8064,11717,1341,2467,3621,3475,3364,3968,5703,1400,2513,3646,3458,3439,4096,6014
11990,UnitedStatesofAmerica,840,Montserrat,500,3493,3747,4004,4784,5732,6749,9805,1501,1630,1762,2120,2497,2921,4184,1992,2117,2242,2664,3235,3828,5621
11991,UnitedStatesofAmerica,840,Morocco,504,15541,25447,35562,47087,60357,73754,76460,6941,11525,16230,21632,27280,33128,33878,8600,13922,19332,25455,33077,40626,42582
11992,UnitedStatesofAmerica,840,Myanmar,104,19835,26561,33415,49239,66988,134424,156410,9741,13182,16709,24758,33226,66326,76299,10094,13379,16706,24481,33762,68098,80111
11993,UnitedStatesofAmerica,840,Nepal,524,2262,7081,12012,29611,48579,105677,176462,1527,4812,8178,14833,24002,51938,85735,735,2269,3834,14778,24577,53739,90727
11994,UnitedStatesofAmerica,840,Netherlands,528,96198,96660,96971,94293,94442,92801,79923,44136,44777,45414,44437,43821,42805,36391,52062,51883,51557,49856,50621,49996,43532
11995,UnitedStatesofAmerica,840,NewZealand,554,15415,19399,23452,26243,29914,34157,49640,5964,7623,9327,10524,11751,13312,19296,9451,11776,14125,15719,18163,20845,30344
11996,UnitedStatesofAmerica,840,Nicaragua,558,168659,197100,225929,236243,254081,280437,255008,80771,94776,109110,114767,121636,133503,119919,87888,102324,116819,121476,132445,146934,135089
11997,UnitedStatesofAmerica,840,Nigeria,566,55350,96418,138366,174148,216209,286784,402186,36436,63852,91915,87229,106813,140934,195382,18914,32566,46451,86919,109396,145850,206804
11998,UnitedStatesofAmerica,840,Norway,578,42240,37720,33024,29894,27602,28874,18055,17626,15898,14119,12876,11672,12126,7468,24614,21822,18905,17018,15930,16748,10587
11999,UnitedStatesofAmerica,840,Pakistan,586,91889,159793,229151,261537,302798,376432,408412,59445,104027,149665,131001,149589,184989,198405,32444,55766,79486,130536,153209,191443,210007
12000,UnitedStatesofAmerica,840,Panama,591,85737,96734,107847,106087,107540,116055,99764,41938,47766,53721,53139,53129,57035,48469,43799,48968,54126,52948,54411,59020,51295
12001,UnitedStatesofAmerica,840,Paraguay,600,6057,9138,12284,21344,31296,31770,46170,1945,3002,4092,7188,10254,10301,14924,4112,6136,8192,14156,21042,21469,31246
12002,UnitedStatesofAmerica,840,Peru,604,144199,214019,285249,350703,428629,486643,435868,67084,98574,130887,161970,171403,193103,172509,77115,115445,154362,188733,257226,293540,263359
12003,UnitedStatesofAmerica,840,Philippines,608,912674,1156143,1403834,1596459,1843117,1982369,2061178,352063,448777,548206,628805,710587,754986,782161,560611,707366,855628,967654,1132530,1227383,1279017
12004,UnitedStatesofAmerica,840,Poland,616,388328,433257,478593,475678,487297,419332,406794,178287,199761,221734,221795,223634,190716,184527,210041,233496,256859,253883,263663,228616,222267
12005,UnitedStatesofAmerica,840,Portugal,620,210122,209386,208276,200363,198400,176803,191313,99365,99914,100422,97180,94823,83799,90457,110757,109472,107854,103183,103577,93004,100856
12006,UnitedStatesofAmerica,840,RepublicofKorea,410,568397,725849,886067,990111,1127266,1060019,1038778,278026,356510,436917,490995,551192,514190,502699,290371,369339,449150,499116,576074,545829,536079
12007,UnitedStatesofAmerica,840,RepublicofMoldova,498,10932,15422,20002,25387,31694,43928,45713,5348,7628,9965,12719,15662,21593,22216,5584,7794,10037,12668,16032,22335,23497
12008,UnitedStatesofAmerica,840,Romania,642,91106,115055,139418,152171,169928,177831,170469,42684,54506,66621,73155,80478,83741,79277,48422,60549,72797,79016,89450,94090,91192
12009,UnitedStatesofAmerica,840,RussianFederation,643,190654,268967,348815,371254,405679,386529,397061,93257,132138,172002,184106,177633,189469,194187,97397,136829,176813,187148,228046,197060,202874
12010,UnitedStatesofAmerica,840,SaintKittsandNevis,659,7447,9374,11334,13543,16226,19107,27765,3240,4131,5044,6070,7150,8366,11986,4207,5243,6290,7473,9076,10741,15779
12011,UnitedStatesofAmerica,840,SaintLucia,662,6959,10378,13867,16569,19852,23377,33973,2955,4473,6030,7257,8542,9991,14308,4004,5905,7837,9312,11310,13386,19665
12012,UnitedStatesofAmerica,840,SaintVincentandtheGrenadines,670,12824,16623,20491,20921,22007,25299,15175,6579,8610,10688,10968,11394,13037,7740,6245,8013,9803,9953,10613,12262,7435
12013,UnitedStatesofAmerica,840,Samoa,882,11408,14109,16855,16079,15779,18708,27186,5581,6973,8397,8056,7798,9198,13216,5827,7136,8458,8023,7981,9510,13970
12014,UnitedStatesofAmerica,840,SaudiArabia,682,12632,17082,21618,27673,34736,87863,77946,5530,7577,9678,12474,15396,38693,33845,7102,9505,11940,15199,19340,49170,44101
12015,UnitedStatesofAmerica,840,Senegal,686,2287,6496,10801,20751,31599,42314,61497,1576,4504,7503,10395,15613,20798,29884,711,1992,3298,10356,15986,21516,31613
12016,UnitedStatesofAmerica,840,Serbia,688,5763,8130,10545,18657,27554,38320,39837,2819,4022,5253,9347,13615,18837,19361,2944,4108,5292,9310,13939,19483,20476
12017,UnitedStatesofAmerica,840,SierraLeone,694,7217,14211,21359,27472,34590,41701,44384,3972,7900,11925,13761,15339,18375,19285,3245,6311,9434,13711,19251,23326,25099
12018,UnitedStatesofAmerica,840,Singapore,702,12889,17050,21289,24653,28863,36132,33505,5219,7007,8844,10320,11853,14729,13441,7670,10043,12445,14333,17010,21403,20064
12019,UnitedStatesofAmerica,840,Slovenia,705,3347,4721,6124,6149,6363,9666,14046,1638,2336,3053,3083,3147,4757,6836,1709,2385,3071,3066,3216,4909,7210
12020,UnitedStatesofAmerica,840,Somalia,706,2437,19353,36668,76917,120575,93003,120671,1193,9625,18281,38559,59618,45745,58678,1244,9728,18387,38358,60957,47258,61993
12021,UnitedStatesofAmerica,840,SouthAfrica,710,34707,49789,65171,73064,83406,101037,117321,16657,24170,31874,35941,40446,48729,55912,18050,25619,33297,37123,42960,52308,61409
12022,UnitedStatesofAmerica,840,Spain,724,76415,80702,84962,86286,90296,111685,102633,22953,23859,24814,25537,25850,31566,28903,53462,56843,60148,60749,64446,80119,73730
12023,UnitedStatesofAmerica,840,SriLanka,144,14022,19905,25904,33489,42299,52908,51543,7906,11315,14805,16775,20899,26004,25044,6116,8590,11099,16714,21400,26904,26499
12024,UnitedStatesofAmerica,840,StateofPalestine,275,21070,23377,25706,28004,31222,40177,58389,10307,11543,12806,14030,15428,19750,28377,10763,11834,12900,13974,15794,20427,30012
12025,UnitedStatesofAmerica,840,Sudan,729,4423,12268,20292,30514,41940,45327,50713,2606,7296,12103,15285,18599,19973,22033,1817,4972,8189,15229,23341,25354,28680
12026,UnitedStatesofAmerica,840,Suriname,740,2860,4274,5720,9938,14573,14794,21498,1403,2120,2857,4993,6487,6544,9373,1457,2154,2863,4945,8086,8250,12125
12027,UnitedStatesofAmerica,840,Sweden,752,53676,52391,50986,48928,48320,52116,40687,21747,21475,21190,20493,19853,21256,16329,31929,30916,29796,28435,28467,30860,24358
12028,UnitedStatesofAmerica,840,Switzerland,756,39130,41667,44200,42514,42090,43436,47989,16263,17528,18824,18242,17729,18168,19764,22867,24139,25376,24272,24361,25268,28225
12029,UnitedStatesofAmerica,840,SyrianArabRepublic,760,36782,46282,55946,57569,61003,84881,84169,21141,26795,32575,28837,30138,41716,40894,15641,19487,23371,28732,30865,43165,43275
12030,UnitedStatesofAmerica,840,Tajikistan,762,1693,2207,2732,3220,3821,4803,6979,829,1093,1363,1616,1891,2366,3402,864,1114,1369,1604,1930,2437,3577
12031,UnitedStatesofAmerica,840,Thailand,764,106919,140211,174112,195494,223435,267938,256642,39426,50990,62895,71310,79550,94509,90262,67493,89221,111217,124184,143885,173429,166380
12032,UnitedStatesofAmerica,840,NorthMacedonia,807,10469,14768,19154,21209,23970,28018,32866,5121,7303,9542,10625,11845,13774,15973,5348,7465,9612,10584,12125,14244,16893
12033,UnitedStatesofAmerica,840,Tonga,776,10668,14154,17707,16892,16576,19652,28559,5110,6855,8645,8295,8024,9463,13590,5558,7299,9062,8597,8552,10189,14969
12034,UnitedStatesofAmerica,840,TrinidadandTobago,780,115710,158649,202410,217856,240394,255967,208075,49452,67051,85126,92320,99965,105675,84560,66258,91598,117284,125536,140429,150292,123515
12035,UnitedStatesofAmerica,840,Tunisia,788,4101,5285,6490,7375,8511,120883,175685,2283,2966,3664,3695,4206,59434,85393,1818,2319,2826,3680,4305,61449,90292
12036,UnitedStatesofAmerica,840,Turkey,792,55087,67624,80368,89762,102159,379182,112943,23987,29814,35794,40253,45038,166078,48767,31100,37810,44574,49509,57121,213104,64176
12037,UnitedStatesofAmerica,840,Turkmenistan,795,569,741,918,1350,1835,2306,3347,279,368,459,679,818,1023,1464,290,373,459,671,1017,1283,1883
12038,UnitedStatesofAmerica,840,Uganda,800,6684,9334,12039,22847,34638,45703,66421,2845,4029,5247,10029,14937,19577,28035,3839,5305,6792,12818,19701,26126,38386
12039,UnitedStatesofAmerica,840,Ukraine,804,154211,217555,282139,298766,325001,383559,370255,75431,106881,139123,148160,158916,186544,177968,78780,110674,143016,150606,166085,197015,192287
12040,UnitedStatesofAmerica,840,UnitedArabEmirates,784,1656,4255,6915,8252,9880,12419,18046,1040,2694,4389,4134,4883,6106,8773,616,1561,2526,4118,4997,6313,9273
12041,UnitedStatesofAmerica,840,UnitedKingdom,826,640145,667769,694961,696965,720428,683475,673667,313120,327800,342683,345623,352262,335023,329401,327025,339969,352278,351342,368166,348452,344266
12042,UnitedStatesofAmerica,840,UnitedRepublicofTanzania,834,6282,8953,11678,22162,33600,50245,73021,3217,4632,6081,11600,17367,24693,35477,3065,4321,5597,10562,16233,25552,37544
12043,UnitedStatesofAmerica,840,Uruguay,858,20766,23208,25673,37981,51776,52070,50274,9095,10283,11499,17128,20076,20027,19285,11671,12925,14174,20853,31700,32043,30989
12044,UnitedStatesofAmerica,840,Uzbekistan,860,14633,19082,23613,26322,29911,61204,63496,7158,9433,11763,13187,14780,30078,30848,7475,9649,11850,13135,15131,31126,32648
12045,UnitedStatesofAmerica,840,VenezuelaBolivarianRepublicof,862,42119,75572,109748,142706,180905,236264,505647,16260,29717,43552,57108,70901,91861,196082,25859,45855,66196,85598,110004,144403,309565
12046,UnitedStatesofAmerica,840,VietNam,704,543262,775967,1013266,1106433,1236000,1300575,1403193,279380,400638,524898,576108,635422,637503,686215,263882,375329,488368,530325,600578,663072,716978
12047,UnitedStatesofAmerica,840,Yemen,887,4933,12232,19697,27207,35748,45642,56816,3174,7927,12797,13628,17661,22424,27603,1759,4305,6900,13579,18087,23218,29213
12048,UnitedStatesofAmerica,840,Zambia,894,2954,4529,6139,11649,17662,24856,36122,1358,2109,2881,5501,7269,10155,14525,1596,2420,3258,6148,10393,14701,21597
12049,UnitedStatesofAmerica,840,Zimbabwe,716,4767,7829,10957,27363,45037,55463,80606,2148,3577,5044,12678,20535,25134,36038,2619,4252,5913,14685,24502,30329,44568
12050,UnitedStatesofAmerica,840,PuertoRico,630,1180383,1384103,1576432,1618157,1710665,1695637,1829251,565005,627381,677124,700147,726821,831150,894566,615378,756722,899308,918010,983844,864487,934685
12051,Australia,36,Melanesia,928,40575,43864,50370,58841,68650,77840,86833,19381,20472,23699,27652,32166,36913,40896,21194,23392,26671,31189,36484,40927,45937
12052,Australia,36,Micronesia,954,969,1018,1040,1210,1400,1550,1789,434,445,453,561,658,708,813,535,573,587,649,742,842,976
12053,Australia,36,Polynesia,957,14834,21659,27100,32447,39210,50160,57313,7327,10657,13336,16060,19638,25813,29365,7507,11002,13764,16387,19572,24347,27948
12054,Australia,36,Afghanistan,4,2729,7893,12580,18617,30840,49550,60879,1455,4518,7330,10596,16873,28587,37292,1274,3375,5250,8021,13967,20963,23587
12055,Australia,36,Albania,8,984,1315,1530,2270,2880,3460,3941,681,803,873,1214,1476,1793,2052,303,512,657,1056,1404,1667,1889
12056,Australia,36,Algeria,12,665,950,1170,1330,1380,1600,1776,397,595,750,811,847,982,1051,268,355,420,519,533,618,725
12057,Australia,36,AmericanSamoa,16,64,94,120,120,120,120,0,33,58,60,60,60,67,0,31,36,60,60,60,53,0
12058,Australia,36,Andorra,20,333,181,30,30,20,20,30,163,94,15,15,10,12,17,170,87,15,15,10,8,13
12059,Australia,36,Angola,24,310,370,420,450,530,560,602,177,204,229,229,280,293,324,133,166,191,221,250,267,278
12060,Australia,36,AntiguaandBarbuda,28,21,15,30,30,40,60,63,6,3,15,15,20,34,34,15,12,15,15,20,26,29
12061,Australia,36,Azerbaijan,31,99,128,190,300,420,650,753,44,54,81,126,176,273,340,55,74,109,174,244,377,413
12062,Australia,36,Argentina,32,13155,12541,12020,13088,13730,15510,17900,6602,6260,5919,6414,6757,7616,8695,6553,6281,6101,6674,6973,7894,9205
12063,Australia,36,Austria,40,22977,23165,21640,21037,20160,17990,18417,12541,12535,11571,11170,10687,9428,9652,10436,10630,10069,9867,9473,8562,8765
12064,Australia,36,Bahamas,44,178,230,270,270,280,310,332,92,109,126,121,120,144,155,86,121,144,149,160,166,177
12065,Australia,36,Bahrain,48,493,650,770,1080,1330,1730,2055,248,338,414,603,737,933,1123,245,312,356,477,593,797,932
12066,Australia,36,Bangladesh,50,2315,5562,8490,16128,29550,43090,52907,1388,3322,5075,9914,17597,24012,29567,927,2240,3415,6214,11953,19078,23340
12067,Australia,36,Armenia,51,388,710,980,1110,1200,1460,1658,180,340,465,528,552,638,750,208,370,515,582,648,822,908
12068,Australia,36,Barbados,52,301,345,370,380,430,450,483,169,195,207,209,231,246,271,132,150,163,171,199,204,212
12069,Australia,36,Belgium,56,4620,5131,5320,5790,6510,7290,8067,2294,2525,2609,2856,3234,3722,4087,2326,2606,2711,2934,3276,3568,3980
12070,Australia,36,Bermuda,60,351,392,410,460,520,580,623,180,196,200,226,262,290,302,171,196,210,234,258,290,321
12071,Australia,36,Bhutan,64,25,33,70,130,1690,5850,7937,19,25,35,79,845,3017,4037,6,8,35,51,845,2833,3900
12072,Australia,36,BoliviaPlurinationalStateof,68,509,622,700,770,860,1050,1183,245,300,339,363,404,500,558,264,322,361,407,456,550,625
12073,Australia,36,BosniaandHerzegovina,70,22312,26278,28650,38394,39730,36750,38485,11394,13418,14675,19453,19885,18404,19186,10918,12860,13975,18941,19845,18346,19299
12074,Australia,36,Botswana,72,153,413,670,970,1120,1320,1539,85,229,355,546,588,668,763,68,184,315,424,532,652,776
12075,Australia,36,Brazil,76,2926,3960,4750,7529,16550,26790,43321,1456,1858,2151,3526,7890,12803,20904,1470,2102,2599,4003,8660,13987,22417
12076,Australia,36,Belize,84,34,17,50,60,60,80,85,13,7,25,30,30,45,44,21,10,25,30,30,35,41
12077,Australia,36,SolomonIslands,90,1052,1263,1400,1640,1930,2300,2627,493,582,634,720,864,1055,1179,559,681,766,920,1066,1245,1448
12078,Australia,36,BritishVirginIslands,92,6,3,0,0,0,0,0,3,2,0,0,0,0,0,3,1,0,0,0,0,0
12079,Australia,36,BruneiDarussalam,96,1620,1911,2100,2570,3040,2890,3294,849,986,1069,1262,1504,1406,1587,771,925,1031,1308,1536,1484,1707
12080,Australia,36,Bulgaria,100,1755,2465,3020,3440,3600,3930,4361,1087,1423,1672,1754,1698,1844,2014,668,1042,1348,1686,1902,2086,2347
12081,Australia,36,Myanmar,104,9884,11346,12100,13328,23260,32160,38215,4842,5509,5986,6504,11363,16000,19617,5042,5837,6114,6824,11897,16160,18598
12082,Australia,36,Burundi,108,15,7,30,430,1860,2390,2789,9,4,15,232,942,1228,1422,6,3,15,198,918,1162,1367
12083,Australia,36,Belarus,112,260,829,1360,1600,1840,2180,2433,128,379,614,697,752,900,969,132,450,746,903,1088,1280,1464
12084,Australia,36,Cambodia,116,20651,23310,24970,27606,31720,34420,38969,10474,11574,12073,13039,14658,15851,17761,10177,11736,12897,14567,17062,18569,21208
12085,Australia,36,Cameroon,120,68,55,70,130,270,450,548,46,34,35,81,168,268,331,22,21,35,49,102,182,217
12086,Australia,36,Canada,124,27452,27916,30240,36244,44530,52590,58843,13475,13639,14645,17426,21032,24794,27338,13977,14277,15595,18818,23498,27796,31505
12087,Australia,36,CaboVerde,132,20,10,30,30,30,40,42,14,7,15,15,15,23,23,6,3,15,15,15,17,19
12088,Australia,36,CaymanIslands,136,3,1,20,40,80,130,160,0,0,10,20,40,67,68,3,1,10,20,40,63,92
12089,Australia,36,CentralAfricanRepublic,140,6,3,10,10,20,30,42,6,3,5,5,10,18,23,0,0,5,5,10,12,19
12090,Australia,36,SriLanka,144,46660,52524,58210,70608,96480,119700,139456,23966,26666,29578,36030,49849,62147,74026,22694,25858,28632,34578,46631,57553,65430
12091,Australia,36,Chad,148,15,12,40,40,60,70,63,9,9,20,20,30,40,34,6,3,20,20,30,30,29
12092,Australia,36,Chile,152,29145,27782,26080,26866,28280,30180,34316,14340,13567,12595,12946,13696,14772,16770,14805,14215,13485,13920,14584,15408,17546
12093,Australia,36,China,156,97526,108346,144690,227561,371550,508870,653232,51145,54255,69016,104754,168629,228993,292955,46381,54091,75674,122807,202921,279877,360277
12094,Australia,36,Colombia,170,2106,3146,4000,5810,12410,19810,28338,986,1494,1929,2718,5913,9284,13314,1120,1652,2071,3092,6497,10526,15024
12095,Australia,36,Congo,178,134,130,130,710,1030,1610,1884,75,69,71,413,580,809,880,59,61,59,297,450,801,1004
12096,Australia,36,DemocraticRepublicoftheCongo,180,255,291,310,360,2470,4270,5535,130,144,154,172,1242,2150,2833,125,147,156,188,1228,2120,2702
12097,Australia,36,CookIslands,184,2295,3562,4600,5460,6630,8040,8745,1115,1749,2268,2706,3322,4160,4478,1180,1813,2332,2754,3308,3880,4267
12098,Australia,36,CostaRica,188,236,307,350,380,440,500,580,122,161,189,200,227,254,299,114,146,161,180,213,246,281
12099,Australia,36,Croatia,191,48565,55036,58210,69489,68490,61820,63657,25531,28846,30557,35952,34884,31372,31941,23034,26190,27653,33537,33606,30448,31716
12100,Australia,36,Cuba,192,361,438,510,610,750,880,990,197,235,268,325,403,489,548,164,203,242,285,347,391,442
12101,Australia,36,Cyprus,196,24036,23918,22810,22447,21350,20100,20884,12420,12265,11552,11229,10568,9995,10300,11616,11653,11258,11218,10782,10105,10584
12102,Australia,36,Czechia,203,17760,15921,13110,13698,13620,13240,14045,10051,8753,6961,6964,6639,6284,6627,7709,7168,6149,6734,6981,6956,7418
12103,Australia,36,Benin,204,17,13,30,30,80,110,117,14,12,15,15,40,76,84,3,1,15,15,40,34,33
12104,Australia,36,Denmark,208,9739,10006,9920,10479,10610,10230,10877,5525,5595,5403,5596,5575,5346,5613,4214,4411,4517,4883,5035,4884,5264
12105,Australia,36,Dominica,212,6,3,20,20,30,40,42,6,3,10,10,15,23,23,0,0,10,10,15,17,19
12106,Australia,36,DominicanRepublic,214,23,42,70,110,140,210,235,9,20,35,51,59,90,85,14,22,35,59,81,120,150
12107,Australia,36,Ecuador,218,1085,1316,1460,1650,1940,2810,2949,573,665,723,804,954,1397,1468,512,651,737,846,986,1413,1481
12108,Australia,36,ElSalvador,222,8774,10028,10670,10749,10960,11350,12310,4331,4898,5193,5242,5349,5565,5984,4443,5130,5477,5507,5611,5785,6326
12109,Australia,36,Ethiopia,231,1336,2563,3640,6109,8970,13130,15951,782,1373,1888,3156,4458,6451,7808,554,1190,1752,2953,4512,6679,8143
12110,Australia,36,Eritrea,232,1272,1562,1780,2280,3090,4660,5879,664,815,929,1171,1538,2308,2940,608,747,851,1109,1552,2352,2939
12111,Australia,36,Estonia,233,2731,2556,1970,1660,2240,3440,3887,1251,1161,882,737,1028,1472,1638,1480,1395,1088,923,1212,1968,2249
12112,Australia,36,FaroeIslands,234,17,19,30,40,40,30,20,5,8,15,20,20,18,12,12,11,15,20,20,12,8
12113,Australia,36,FalklandIslandsMalvinas,238,78,112,130,120,130,120,117,42,58,66,59,65,60,58,36,54,64,61,65,60,59
12114,Australia,36,Fiji,242,37472,40344,46700,54761,63960,72600,80860,17988,18887,22031,25817,30011,34451,38122,19484,21457,24669,28944,33949,38149,42738
12115,Australia,36,Finland,246,9718,9656,9420,9489,9520,9210,9779,4790,4718,4380,4269,4068,3793,3962,4928,4938,5040,5220,5452,5417,5817
12116,Australia,36,France,250,15533,16385,18110,21117,28120,36670,41469,8048,8472,9154,10684,14503,19318,21609,7485,7913,8956,10433,13617,17352,19860
12117,Australia,36,FrenchGuiana,254,6,3,10,10,10,20,20,0,0,5,5,5,12,12,6,3,5,5,5,8,8
12118,Australia,36,FrenchPolynesia,258,236,317,350,390,470,530,590,91,134,149,151,186,231,268,145,183,201,239,284,299,322
12119,Australia,36,Djibouti,262,34,63,80,120,130,190,214,16,28,40,51,60,99,113,18,35,40,69,70,91,101
12120,Australia,36,Gabon,266,20,10,20,30,30,50,63,14,7,10,15,15,29,34,6,3,10,15,15,21,29
12121,Australia,36,Georgia,268,17,168,290,400,490,620,720,6,85,150,190,233,296,334,11,83,140,210,257,324,386
12122,Australia,36,Gambia,270,18,9,30,80,100,130,138,11,6,15,40,59,77,90,7,3,15,40,41,53,48
12123,Australia,36,StateofPalestine,275,2753,3005,3060,3260,3070,3190,3424,1618,1732,1743,1840,1741,1814,1933,1135,1273,1317,1420,1329,1376,1491
12124,Australia,36,Germany,276,126452,125092,119040,122989,126260,119100,124818,62326,61259,58057,59461,60397,57076,59542,64126,63833,60983,63528,65863,62024,65276
12125,Australia,36,Ghana,288,994,1625,2160,2820,4210,5900,7194,665,986,1261,1564,2274,3264,4000,329,639,899,1256,1936,2636,3194
12126,Australia,36,Gibraltar,292,409,447,480,490,480,490,515,198,215,221,243,247,244,266,211,232,259,247,233,246,249
12127,Australia,36,Kiribati,296,428,462,440,490,610,650,795,181,190,162,192,233,250,320,247,272,278,298,377,400,475
12128,Australia,36,Greece,300,148090,142981,130780,128988,122520,115820,119831,76044,72846,66357,64526,60391,57050,58397,72046,70135,64423,64462,62129,58770,61434
12129,Australia,36,Grenada,308,89,92,130,130,130,140,150,46,44,60,67,75,75,81,43,48,70,63,55,65,69
12130,Australia,36,Guadeloupe,312,9,4,10,20,20,20,20,3,1,5,10,10,12,12,6,3,5,10,10,8,8
12131,Australia,36,Guam,316,40,36,50,80,100,120,127,19,15,25,40,50,66,65,21,21,25,40,50,54,62
12132,Australia,36,Guatemala,320,217,276,310,350,410,540,613,108,138,154,162,192,258,296,109,138,156,188,218,282,317
12133,Australia,36,Guinea,324,33,17,30,220,660,940,1129,16,9,15,126,325,487,546,17,8,15,94,335,453,583
12134,Australia,36,Guyana,328,426,492,520,560,600,660,709,202,227,233,267,279,312,346,224,265,287,293,321,348,363
12135,Australia,36,Haiti,332,43,53,90,90,100,120,138,22,27,45,45,43,64,74,21,26,45,45,57,56,64
12136,Australia,36,Honduras,340,124,146,180,230,240,320,343,68,71,94,128,122,153,163,56,75,86,102,118,167,180
12137,Australia,36,China,156,344,57852,68683,75420,79837,85460,95050,107067,28626,33861,37233,39020,41454,46370,52121,29226,34822,38187,40817,44006,48680
12138,Australia,36,Hungary,348,29103,28679,26130,24336,22850,21120,22037,16048,15590,13846,12556,11539,10519,10810,13055,13089,12284,11780,11311,10601,11227
12139,Australia,36,Iceland,352,342,480,560,670,700,610,613,179,257,308,352,356,333,320,163,223,252,318,344,277,293
12140,Australia,36,India,356,69928,78297,90680,148935,329510,449040,579264,35701,40084,47293,82327,192500,246605,317525,34227,38213,43387,66608,137010,202435,261739
12141,Australia,36,Indonesia,360,39102,45651,58650,60240,71170,77000,88852,20104,22944,28325,27801,31255,33884,38788,18998,22707,30325,32439,39915,43116,50064
12142,Australia,36,IranIslamicRepublicof,364,17599,19260,21360,26716,36480,61690,74322,9586,10417,11580,14180,19386,32733,40680,8013,8843,9780,12536,17094,28957,33642
12143,Australia,36,Iraq,368,5202,16334,26480,37094,51830,70870,90780,2844,9114,14856,20023,26888,36813,47175,2358,7220,11624,17071,24942,34057,43605
12144,Australia,36,Ireland,372,51999,54399,53580,55691,70970,90530,93742,27096,28236,27833,29058,38445,48787,50518,24903,26163,25747,26633,32525,41743,43224
12145,Australia,36,Israel,376,7756,7358,7380,8949,10700,11240,12666,4205,3959,4049,4949,5974,6356,7112,3551,3399,3331,4000,4726,4884,5554
12146,Australia,36,Italy,380,271095,260694,234040,220513,204690,198510,206282,145172,138080,123800,115055,105567,103617,106955,125923,122614,110240,105458,99123,94893,99327
12147,Australia,36,CotedIvoire,384,34,43,60,200,480,600,688,20,26,30,110,241,313,355,14,17,30,90,239,287,333
12148,Australia,36,Jamaica,388,662,830,930,1000,1090,1290,1409,321,427,486,518,576,696,738,341,403,444,482,514,594,671
12149,Australia,36,Japan,392,21752,24485,25300,33105,40250,47560,54136,9991,12181,9576,11411,14080,15726,17753,11761,12304,15724,21694,26170,31834,36383
12150,Australia,36,Kazakhstan,398,297,353,380,670,1190,1920,2304,132,144,156,252,452,722,839,165,209,224,418,738,1198,1465
12151,Australia,36,Jordan,400,2175,2918,3480,4160,5250,6530,8012,1184,1606,1949,2354,2990,3660,4470,991,1312,1531,1806,2260,2870,3542
12152,Australia,36,Kenya,404,4680,6121,7190,10849,15370,19720,24557,2478,3192,3739,5626,7754,9876,12078,2202,2929,3451,5223,7616,9844,12479
12153,Australia,36,DemPeoplesRepublicofKorea,408,50,237,380,430,230,220,268,25,126,213,254,113,99,134,25,111,167,176,117,121,134
12154,Australia,36,RepublicofKorea,410,23735,28782,36180,51142,84150,106550,123396,11674,13772,16966,23572,39744,50650,58864,12061,15010,19214,27570,44406,55900,64532
12155,Australia,36,Kuwait,414,919,1761,2510,3120,4320,6580,7754,472,937,1352,1709,2494,3928,4630,447,824,1158,1411,1826,2652,3124
12156,Australia,36,Kyrgyzstan,417,101,88,100,240,360,490,602,39,25,50,99,148,190,225,62,63,50,141,212,300,377
12157,Australia,36,LaoPeoplesDemocraticRepublic,418,11172,11315,10450,10599,11110,11030,11912,5757,5778,5197,5186,5300,5232,5577,5415,5537,5253,5413,5810,5798,6335
12158,Australia,36,Lebanon,422,81858,79925,79070,84886,89640,93290,101508,43397,41939,41310,44522,47157,49037,53450,38461,37986,37760,40364,42483,44253,48058
12159,Australia,36,Lesotho,426,43,32,70,90,110,150,160,26,24,35,45,57,83,83,17,8,35,45,53,67,77
12160,Australia,36,Latvia,428,10144,9573,7370,6309,5590,4990,5072,5154,4728,3463,2869,2352,2020,2067,4990,4845,3907,3440,3238,2970,3005
12161,Australia,36,Liberia,430,63,83,110,1700,2930,3520,3973,39,56,74,844,1399,1699,1897,24,27,36,856,1531,1821,2076
12162,Australia,36,Libya,434,1268,1390,1400,1570,2370,2790,3079,689,756,765,842,1315,1500,1649,579,634,635,728,1055,1290,1430
12163,Australia,36,Liechtenstein,438,16,8,20,20,30,20,20,13,7,10,10,15,12,12,3,1,10,10,15,8,8
12164,Australia,36,Lithuania,440,4818,4843,3850,3300,3090,3370,3822,2592,2519,1898,1516,1314,1392,1561,2226,2324,1952,1784,1776,1978,2261
12165,Australia,36,Luxembourg,442,125,151,150,170,210,250,301,63,73,78,79,104,115,145,62,78,72,91,106,135,156
12166,Australia,36,China,156,446,1699,1947,2050,2100,2560,2780,3294,767,877,927,956,1181,1234,1514,932,1070,1123,1144,1379,1546
12167,Australia,36,Madagascar,450,137,153,180,220,260,290,343,73,79,83,105,117,116,134,64,74,97,115,143,174,209
12168,Australia,36,Malawi,454,360,468,540,760,1020,1400,1658,199,246,284,370,512,698,827,161,222,256,390,508,702,831
12169,Australia,36,Malaysia,458,72135,80793,84650,101373,129880,143420,177286,34914,38360,39743,46988,60389,68296,84718,37221,42433,44907,54385,69491,75124,92568
12170,Australia,36,Maldives,462,80,113,170,280,430,610,656,39,51,78,108,194,284,306,41,62,92,172,236,326,350
12171,Australia,36,Mali,466,24,12,20,40,60,80,96,7,4,10,20,30,45,50,17,8,10,20,30,35,46
12172,Australia,36,Malta,470,57407,57450,52610,51372,48660,44070,45357,30665,30363,27462,26543,24889,22558,23106,26742,27087,25148,24829,23771,21512,22251
12173,Australia,36,Martinique,474,20,20,40,30,40,40,42,13,17,20,15,20,23,23,7,3,20,15,20,17,19
12174,Australia,36,Mauritania,478,16,8,20,20,50,60,63,2,1,10,10,25,34,34,14,7,10,10,25,26,29
12175,Australia,36,Mauritius,480,20215,19621,18530,20307,26980,28660,31947,9945,9569,8974,9962,13504,14323,15853,10270,10052,9556,10345,13476,14337,16094
12176,Australia,36,Mexico,484,777,1049,1270,1820,3400,5390,6881,330,462,583,862,1695,2650,3336,447,587,687,958,1705,2740,3545
12177,Australia,36,Monaco,492,37,19,30,50,70,80,96,23,12,15,25,35,45,50,14,7,15,25,35,35,46
12178,Australia,36,Mongolia,496,36,80,120,240,700,1780,3854,22,37,64,104,298,792,1798,14,43,56,136,402,988,2056
12179,Australia,36,RepublicofMoldova,498,15,316,570,810,1000,1160,1269,9,153,273,373,441,529,554,6,163,297,437,559,631,715
12180,Australia,36,Montenegro,499,1297,3419,5330,4020,1880,2030,2196,650,1758,2770,2064,962,1033,1089,647,1661,2560,1956,918,997,1107
12181,Australia,36,Morocco,504,984,1212,1380,1560,1800,2170,2497,599,761,875,944,1054,1206,1375,385,451,505,616,746,964,1122
12182,Australia,36,Mozambique,508,386,528,630,770,860,1010,1108,212,284,332,405,445,501,542,174,244,298,365,415,509,566
12183,Australia,36,Oman,512,45,188,340,840,1250,1560,2260,29,113,196,489,743,836,1294,16,75,144,351,507,724,966
12184,Australia,36,Namibia,516,265,394,450,740,1090,1430,1668,125,198,228,381,548,713,824,140,196,222,359,542,717,844
12185,Australia,36,Nauru,520,463,491,500,570,630,690,785,216,230,241,294,345,340,383,247,261,259,276,285,350,402
12186,Australia,36,Nepal,524,404,1238,2000,3830,27200,50150,79427,259,843,1376,2420,17089,28134,43946,145,395,624,1410,10111,22016,35481
12187,Australia,36,Netherlands,528,104866,100236,92790,91605,88500,80620,83585,55141,52126,48415,47287,45245,41362,42682,49725,48110,44375,44318,43255,39258,40903
12188,Australia,36,CuraÃao,531,35,54,90,100,120,150,160,17,30,45,45,52,65,70,18,24,45,55,68,85,90
12189,Australia,36,Aruba,533,26,28,60,50,60,70,75,16,18,30,25,30,40,40,10,10,30,25,30,30,35
12190,Australia,36,NewCaledonia,540,1190,1252,1210,1260,1460,1560,1754,495,522,509,552,676,693,795,695,730,701,708,784,867,959
12191,Australia,36,Vanuatu,548,861,1005,1060,1180,1300,1380,1592,405,481,525,563,615,714,800,456,524,535,617,685,666,792
12192,Australia,36,NewZealand,554,298309,310921,365060,423478,517780,575430,611266,153968,159309,186460,216801,266553,296315,313603,144341,151612,178600,206677,251227,279115,297663
12193,Australia,36,Nicaragua,558,725,785,800,770,820,860,947,349,380,378,363,384,410,458,376,405,422,407,436,450,489
12194,Australia,36,Niger,562,15,7,20,10,20,30,42,15,7,10,5,10,18,23,0,0,10,5,10,12,19
12195,Australia,36,Nigeria,566,959,1431,1800,2580,4640,8360,12354,553,860,1104,1551,2740,5073,7431,406,571,696,1029,1900,3287,4923
12196,Australia,36,Niue,570,243,367,460,580,770,940,1054,124,167,209,295,383,479,543,119,200,251,285,387,461,511
12197,Australia,36,Norway,578,2622,3411,3990,4380,4350,4360,4748,1539,1907,2168,2188,2080,1961,2175,1083,1504,1822,2192,2270,2399,2573
12198,Australia,36,NorthernMarianaIslands,580,6,3,0,0,0,0,0,3,2,0,0,0,0,0,3,1,0,0,0,0,0
12199,Australia,36,MicronesiaFedStatesof,583,6,8,20,30,20,40,30,3,2,10,15,10,23,17,3,6,10,15,10,17,13
12200,Australia,36,MarshallIslands,584,26,18,30,40,40,50,52,12,6,15,20,20,29,28,14,12,15,20,20,21,24
12201,Australia,36,Pakistan,586,5949,8707,10950,16808,30600,62270,82497,3570,5077,6297,9659,18768,37991,50633,2379,3630,4653,7149,11832,24279,31864
12202,Australia,36,Panama,591,118,138,140,170,220,250,289,62,79,70,97,130,134,138,56,59,70,73,90,116,151
12203,Australia,36,Paraguay,600,277,343,360,410,450,500,613,148,168,164,193,206,234,287,129,175,196,217,244,266,326
12204,Australia,36,Peru,604,3795,4928,5770,6679,9610,11270,12698,1640,2142,2520,2916,4319,4974,5549,2155,2786,3250,3763,5291,6296,7149
12205,Australia,36,Philippines,608,90580,103492,112180,134557,183770,241130,286303,32427,36612,39051,48247,68192,96365,113580,58153,66880,73129,86310,115578,144765,172723
12206,Australia,36,Poland,616,74954,74618,66880,63270,58940,54530,57292,38304,37149,31865,29125,26123,23997,25066,36650,37469,35015,34145,32817,30533,32226
12207,Australia,36,Portugal,620,19115,18951,17990,18157,18470,19140,20550,10098,9974,9375,9419,9500,9921,10603,9017,8977,8615,8738,8970,9219,9947
12208,Australia,36,GuineaBissau,624,13,11,20,20,20,20,20,10,10,10,10,10,12,12,3,1,10,10,10,8,8
12209,Australia,36,TimorLeste,626,9518,4904,0,10709,10580,10000,10555,4868,2503,0,5346,5240,5019,5276,4650,2401,0,5363,5340,4981,5279
12210,Australia,36,PuertoRico,630,46,85,140,160,150,170,204,24,33,54,71,71,96,109,22,52,86,89,79,74,95
12211,Australia,36,Qatar,634,97,183,250,440,660,1100,1507,55,105,145,261,380,606,799,42,78,105,179,280,494,708
12212,Australia,36,Reunion,638,51,52,90,140,210,220,268,26,14,45,54,96,99,125,25,38,45,86,114,121,143
12213,Australia,36,Romania,642,12241,13159,14180,15678,16650,17070,18278,6650,6992,7219,7839,8112,8292,8805,5591,6167,6961,7839,8538,8778,9473
12214,Australia,36,RussianFederation,643,8365,12971,16800,18107,20780,25760,29254,3315,5234,6877,7146,8071,10028,11222,5050,7737,9923,10961,12709,15732,18032
12215,Australia,36,Rwanda,646,44,27,50,180,620,980,1173,27,14,25,84,295,480,547,17,13,25,96,325,500,626
12216,Australia,36,SaintHelena,654,31,21,21,21,21,21,20,12,7,7,7,7,13,13,19,14,14,14,14,8,7
12217,Australia,36,SaintKittsandNevis,659,17,19,19,19,19,19,18,6,9,9,9,9,12,12,11,10,10,10,10,7,6
12218,Australia,36,SaintLucia,662,16,13,13,13,13,13,12,12,11,11,11,11,9,9,4,2,2,2,2,4,3
12219,Australia,36,SaintVincentandtheGrenadines,670,22,47,47,47,47,47,47,12,37,37,37,37,27,28,10,10,10,10,10,20,19
12220,Australia,36,SaudiArabia,682,586,1090,1530,2960,12600,14480,15444,302,567,799,1631,8048,8127,8577,284,523,731,1329,4552,6353,6867
12221,Australia,36,Senegal,686,149,195,240,280,370,430,483,79,108,142,176,233,277,275,70,87,98,104,137,153,208
12222,Australia,36,Serbia,688,44312,49660,52060,39284,35170,33820,35652,23142,25817,27056,20168,17690,16902,17646,21170,23843,25004,19116,17480,16918,18006
12223,Australia,36,Seychelles,690,2610,2797,2790,2890,2970,3030,3231,1288,1350,1330,1336,1360,1395,1472,1322,1447,1460,1554,1610,1635,1759
12224,Australia,36,SierraLeone,694,120,195,260,1835,3320,3990,4447,71,108,138,925,1682,2010,2217,49,87,122,910,1638,1980,2230
12225,Australia,36,Singapore,702,27151,29812,34240,43063,53550,59480,65909,12916,14202,16018,19886,24160,28209,30526,14235,15610,18222,23177,29390,31271,35383
12226,Australia,36,Slovakia,703,2697,4671,6360,6059,5990,6720,7366,1557,2564,3413,3064,2803,3143,3409,1140,2107,2947,2995,3187,3577,3957
12227,Australia,36,VietNam,704,136918,157398,163700,174411,203770,235590,269812,71083,79267,80520,83948,95267,108279,122319,65835,78131,83180,90463,108503,127311,147493
12228,Australia,36,Slovenia,705,7227,8185,8640,8759,8380,8060,8454,3914,4356,4540,4501,4215,4080,4183,3313,3829,4100,4258,4165,3980,4271
12229,Australia,36,Somalia,706,361,2113,3750,4500,6190,8650,10155,243,1118,1936,2222,2998,4239,4922,118,995,1814,2278,3192,4411,5233
12230,Australia,36,SouthAfrica,710,58684,61139,80650,114131,155950,177390,199690,29023,30023,39836,56779,77819,89230,100148,29661,31116,40814,57352,78131,88160,99542
12231,Australia,36,Zimbabwe,716,8265,10498,12110,21677,33710,40170,45917,4184,5291,6121,10946,16864,20276,23064,4081,5207,5989,10731,16846,19894,22853
12232,Australia,36,Spain,724,15097,15025,14170,14318,14890,17730,19947,8181,8114,7448,7398,7552,9059,10065,6916,6911,6722,6920,7338,8671,9882
12233,Australia,36,SouthSudan,728,0,0,0,0,0,7480,9510,0,0,0,0,0,4171,5106,0,0,0,0,0,3309,4404
12234,Australia,36,Sudan,729,1218,2734,4090,18831,25440,19730,20992,638,1438,2171,10493,13558,10142,10851,580,1296,1919,8338,11882,9588,10141
12235,Australia,36,Suriname,740,68,76,90,100,120,170,181,31,32,45,51,52,71,71,37,44,45,49,68,99,110
12236,Australia,36,Eswatini,748,117,178,240,270,340,390,408,48,86,114,134,168,181,197,69,92,126,136,172,209,211
12237,Australia,36,Sweden,752,5694,6612,7110,8549,10050,11480,12504,3019,3413,3605,4082,4486,4889,5241,2675,3199,3505,4467,5564,6591,7263
12238,Australia,36,Switzerland,756,9905,10758,12050,13058,14030,14190,15359,5495,5923,6480,6931,7301,7388,8012,4410,4835,5570,6127,6729,6802,7347
12239,Australia,36,SyrianArabRepublic,760,5351,6538,7320,8259,9330,14170,26291,2743,3296,3666,4084,4592,6922,13133,2608,3242,3654,4175,4738,7248,13158
12240,Australia,36,Tajikistan,762,41,26,50,70,100,160,171,19,10,25,35,36,59,71,22,16,25,35,64,101,100
12241,Australia,36,Thailand,764,15834,18920,23040,31545,51570,66400,82292,6237,7257,8523,11101,17732,22105,26834,9597,11663,14517,20444,33838,44295,55458
12242,Australia,36,Togo,768,12,6,20,30,280,370,408,9,5,10,15,145,193,202,3,1,10,15,135,177,206
12243,Australia,36,Tokelau,772,53,181,280,420,570,670,720,25,90,150,225,314,369,392,28,91,130,195,256,301,328
12244,Australia,36,Tonga,776,6163,7354,8090,8719,10060,11880,13236,3077,3694,4099,4445,5219,6398,7082,3086,3660,3991,4274,4841,5482,6154
12245,Australia,36,TrinidadandTobago,780,920,1205,1410,1560,1690,1910,2013,446,594,703,791,851,981,997,474,611,707,769,839,929,1016
12246,Australia,36,UnitedArabEmirates,784,561,1005,1390,2800,5240,8090,11136,305,538,739,1588,3048,4295,5993,256,467,651,1212,2192,3795,5143
12247,Australia,36,Tunisia,788,411,469,500,540,570,660,753,235,270,289,327,336,392,421,176,199,211,213,234,268,332
12248,Australia,36,Turkey,792,33246,32718,34060,37454,39810,39710,43655,17541,17046,17518,19298,20708,20737,22938,15705,15672,16542,18156,19102,18973,20717
12249,Australia,36,Turkmenistan,795,25,18,30,60,90,100,127,9,5,15,30,45,29,35,16,13,15,30,45,71,92
12250,Australia,36,Tuvalu,798,71,88,120,140,150,200,214,35,44,59,68,63,106,100,36,44,61,72,87,94,114
12251,Australia,36,Uganda,800,925,1218,1420,1880,2860,3800,4480,508,657,767,977,1450,1936,2247,417,561,653,903,1410,1864,2233
12252,Australia,36,Ukraine,804,12428,16704,17040,16798,16360,17090,18568,6330,8047,7754,7227,6657,7243,7769,6098,8657,9286,9571,9703,9847,10799
12253,Australia,36,NorthMacedonia,807,40724,46518,49560,51312,51470,49990,53144,21072,23997,25607,26331,26066,25344,26787,19652,22521,23953,24981,25404,24646,26357
12254,Australia,36,Egypt,818,40628,39901,37600,38734,41830,44680,49257,21092,20541,19277,19886,22238,23477,25881,19536,19360,18323,18848,19592,21203,23376
12255,Australia,36,UnitedKingdom,826,1111203,1100221,1128510,1116699,1185070,1206060,1285149,561186,554569,569426,565102,602853,619846,659401,550017,545652,559084,551597,582217,586214,625748
12256,Australia,36,IsleofMan,833,731,737,710,760,880,810,1000,383,377,361,395,467,453,523,348,360,349,365,413,357,477
12257,Australia,36,UnitedRepublicofTanzania,834,1422,1768,1970,2300,3820,4500,5061,788,976,1084,1297,2075,2410,2676,634,792,886,1003,1745,2090,2385
12258,Australia,36,UnitedStatesofAmerica,840,53575,55234,59690,70508,85330,104650,116620,28252,29511,30729,35843,43109,54014,57806,25323,25723,28961,34665,42221,50636,58814
12259,Australia,36,BurkinaFaso,854,30,15,10,20,40,60,63,18,9,5,10,20,34,34,12,6,5,10,20,26,29
12260,Australia,36,Uruguay,858,11795,11366,10570,10789,10630,10580,11449,5821,5550,5161,5199,5108,5129,5506,5974,5816,5409,5590,5522,5451,5943
12261,Australia,36,Uzbekistan,860,245,383,490,760,1300,1840,2185,123,186,253,350,606,820,1005,122,197,237,410,694,1020,1180
12262,Australia,36,VenezuelaBolivarianRepublicof,862,606,915,1170,1580,3350,5760,7560,278,431,560,726,1631,2911,3795,328,484,610,854,1719,2849,3765
12263,Australia,36,Samoa,882,5709,9696,13080,16618,20440,27780,32754,2827,4721,6342,8110,10091,14003,16502,2882,4975,6738,8508,10349,13777,16252
12264,Australia,36,Yemen,887,221,314,390,520,590,710,903,138,189,229,295,317,404,514,83,125,161,225,273,306,389
12265,Australia,36,Zambia,894,2312,2979,3450,4540,6170,7310,8153,1175,1493,1726,2270,3119,3642,4028,1137,1486,1724,2270,3051,3668,4125
12266,NewZealand,554,Melanesia,928,17578,19822,26146,37296,47132,56214,65889,8817,9639,12708,18103,22833,27184,31863,8761,10183,13438,19193,24299,29030,34026
12267,NewZealand,554,Micronesia,954,510,687,492,786,1168,1533,2307,238,324,240,382,566,742,1117,272,363,252,404,602,791,1190
12268,NewZealand,554,Polynesia,957,78305,76052,86011,89443,93780,96619,105865,37712,36215,41809,43416,45447,46725,51200,40593,39837,44202,46027,48333,49894,54665
12269,NewZealand,554,Australia,36,47778,53227,54744,60001,63086,65161,85289,22335,24935,26608,29123,30570,31511,41245,25443,28292,28136,30878,32516,33650,44044
12270,NewZealand,554,Fiji,242,16418,18262,25029,36097,45823,54815,64271,8277,8906,12165,17521,22198,26507,31080,8141,9356,12864,18576,23625,28308,33191
12271,NewZealand,554,Samoa,882,42264,41030,45849,48436,50946,52640,57947,20165,19353,22285,23510,24688,25456,28023,22099,21677,23564,24926,26258,27184,29924
12272,NewZealand,554,Tonga,776,12834,13656,17564,19623,21630,23291,28331,6413,6669,8538,9525,10481,11263,13701,6421,6987,9026,10098,11149,12028,14630
12273,NewZealand,554,CookIslands,184,15136,13387,14811,14055,13868,13460,12309,7239,6374,7199,6822,6721,6509,5953,7897,7013,7612,7233,7147,6951,6356
12274,NewZealand,554,Niue,570,5578,5133,5181,4639,4537,4364,4087,2688,2442,2519,2252,2199,2111,1978,2890,2691,2662,2387,2338,2253,2109
12275,NewZealand,554,Kiribati,296,510,687,492,786,1168,1533,2307,238,324,240,382,566,742,1117,272,363,252,404,602,791,1190
12276,NewZealand,554,Tuvalu,798,1026,1381,989,1173,1334,1474,1903,478,648,481,570,647,713,921,548,733,508,603,687,761,982
12277,NewZealand,554,PapuaNewGuinea,598,1160,1560,1117,1199,1309,1399,1618,540,733,543,582,635,677,783,620,827,574,617,674,722,835
12278,NewZealand,554,Tokelau,772,1467,1465,1617,1517,1465,1390,1288,729,729,787,737,711,673,624,738,736,830,780,754,717,664
12279,NewZealand,554,Ireland,372,7053,6154,6547,6587,8057,9398,11361,3557,3089,3183,3198,3904,4545,5495,3496,3065,3364,3389,4153,4853,5866
12280,NewZealand,554,UnitedKingdom,826,227889,217660,211532,232954,250997,265014,286746,114932,109231,102813,113070,121621,128154,138664,112957,108429,108719,119884,129376,136860,148082
12281,NewZealand,554,Netherlands,528,23845,22794,21639,21138,21032,20589,21758,13378,12589,10517,10260,10193,9957,10523,10467,10205,11122,10878,10839,10632,11235
12282,NewZealand,554,Germany,276,5298,6879,8152,10291,11964,13447,24824,2537,3271,3963,4995,5797,6503,12005,2761,3608,4189,5296,6167,6944,12819
12283,NewZealand,554,France,250,881,1085,1573,2364,3159,3905,10507,482,570,766,1148,1531,1889,5083,399,515,807,1216,1628,2016,5424
12284,NewZealand,554,Switzerland,756,1505,1854,2688,2880,3057,3185,4323,821,974,1308,1398,1482,1541,2092,684,880,1380,1482,1575,1644,2231
12285,NewZealand,554,Denmark,208,781,962,1395,1425,1456,1465,2258,427,506,679,692,706,709,1093,354,456,716,733,750,756,1165
12286,NewZealand,554,Sweden,752,522,644,933,1124,1273,1402,2548,285,339,454,546,617,678,1233,237,305,479,578,656,724,1315
12287,NewZealand,554,Austria,40,655,807,1170,1279,1320,1340,1906,359,424,570,621,640,648,922,296,383,600,658,680,692,984
12288,NewZealand,554,RussianFederation,643,1072,2580,2837,4380,5070,5679,8157,529,1323,1380,2126,2457,2747,3946,543,1257,1457,2254,2613,2932,4211
12289,NewZealand,554,Romania,642,271,360,892,2180,2267,2319,2496,148,190,434,1059,1099,1122,1208,123,170,458,1121,1168,1197,1288
12290,NewZealand,554,Italy,380,425,566,1400,1471,1771,2044,3788,231,298,681,714,858,989,1833,194,268,719,757,913,1055,1955
12291,NewZealand,554,Poland,616,572,762,1884,1916,1983,2019,2738,311,401,916,930,962,977,1325,261,361,968,986,1021,1042,1413
12292,NewZealand,554,Croatia,191,673,897,2218,1979,1902,1795,1854,365,472,1079,961,923,869,898,308,425,1139,1018,979,926,956
12293,NewZealand,554,Hungary,348,291,389,962,1199,1320,1421,1768,158,205,468,582,640,688,857,133,184,494,617,680,733,911
12294,NewZealand,554,Ukraine,804,247,330,817,1104,1263,1402,2050,134,174,398,536,612,678,992,113,156,419,568,651,724,1058
12295,NewZealand,554,Czechia,203,195,260,644,854,1104,1337,2756,106,137,313,415,536,647,1334,89,123,331,439,568,690,1422
12296,NewZealand,554,Serbia,688,0,0,0,5,555,1103,1226,0,0,0,2,269,534,594,0,0,0,3,286,569,632
12297,NewZealand,554,Iraq,368,967,1795,4717,5760,5775,5698,5899,529,1038,2294,2796,2799,2756,2854,438,757,2423,2964,2976,2942,3045
12298,NewZealand,554,IranIslamicRepublicof,364,394,732,1925,2671,2959,3201,4751,216,424,937,1297,1434,1548,2298,178,308,988,1374,1525,1653,2453
12299,NewZealand,554,SaudiArabia,682,51,95,250,599,1285,1951,1973,29,56,122,291,623,944,955,22,39,128,308,662,1007,1018
12300,NewZealand,554,Egypt,818,234,435,1146,1282,1313,1324,1774,129,252,558,623,637,641,859,105,183,588,659,676,683,915
12301,NewZealand,554,Philippines,608,4379,6812,9860,14617,26902,38756,70412,1154,2022,4793,7095,13027,18742,34051,3225,4790,5067,7522,13875,20014,36361
12302,NewZealand,554,Malaysia,458,8661,11569,11151,13911,15575,16991,21317,4392,5493,5421,6753,7547,8217,10310,4269,6076,5730,7158,8028,8774,11007
12303,NewZealand,554,Thailand,764,2671,4372,5014,5890,7012,8023,11205,1223,2026,2438,2859,3397,3880,5419,1448,2346,2576,3031,3615,4143,5786
12304,NewZealand,554,Cambodia,116,4114,3575,4643,5600,6263,6826,7931,2030,1687,2258,2719,3035,3301,3836,2084,1888,2385,2881,3228,3525,4095
12305,NewZealand,554,VietNam,704,3076,3371,3841,4662,5572,6393,9742,1653,1745,1868,2263,2700,3092,4712,1423,1626,1973,2399,2872,3301,5030
12306,NewZealand,554,Singapore,702,3085,3382,3803,4644,5152,5579,7264,1312,1433,1850,2255,2497,2698,3513,1773,1949,1953,2389,2655,2881,3751
12307,NewZealand,554,Indonesia,360,2024,2641,3689,4412,4796,5105,7481,1092,1373,1794,2142,2324,2469,3619,932,1268,1895,2270,2472,2636,3862
12308,NewZealand,554,Myanmar,104,363,594,682,806,1515,2200,3047,166,276,332,392,734,1064,1474,197,318,350,414,781,1136,1573
12309,NewZealand,554,China,156,9059,18991,37900,74705,84329,92602,144207,4531,9179,18421,36260,40859,44780,69735,4528,9812,19479,38445,43470,47822,74472
12310,NewZealand,554,RepublicofKorea,410,783,11855,17448,27550,27818,27640,32519,384,5913,8481,13373,13482,13366,15726,399,5942,8967,14177,14336,14274,16793
12311,NewZealand,554,Japan,392,2145,6324,8389,9154,9992,10670,15889,852,2323,4078,4444,4843,5160,7684,1293,4001,4311,4710,5149,5510,8205
12312,NewZealand,554,China,156,344,4839,11441,10996,7350,7401,7334,11734,2384,5490,5345,3568,3587,3547,5676,2455,5951,5651,3782,3814,3787
12313,NewZealand,554,India,356,9292,12459,20329,41448,56073,69800,122506,5229,6604,9881,20118,27161,33754,59242,4063,5855,10448,21330,28912,36046,63264
12314,NewZealand,554,SriLanka,144,2298,3913,6001,6940,8516,9956,14916,1205,1990,2917,3369,4126,4815,7214,1093,1923,3084,3571,4390,5141,7702
12315,NewZealand,554,Pakistan,586,28,90,1283,2114,2558,2961,5899,19,53,624,1027,1240,1432,2853,9,37,659,1087,1318,1529,3046
12316,NewZealand,554,Afghanistan,4,156,489,714,2051,2314,2540,3827,103,282,347,996,1122,1229,1852,53,207,367,1055,1192,1311,1975
12317,NewZealand,554,Bangladesh,50,252,791,1155,1374,1463,1530,2652,164,456,563,667,709,740,1283,88,335,592,707,754,790,1369
12318,NewZealand,554,Nepal,524,72,229,335,553,1017,1465,3815,47,132,163,269,493,709,1847,25,97,172,284,524,756,1968
12319,NewZealand,554,UnitedStatesofAmerica,840,8305,11309,12984,16972,19794,22300,35989,4310,5783,6312,8238,9590,10784,17404,3995,5526,6672,8734,10204,11516,18585
12320,NewZealand,554,Canada,124,6566,7238,7563,8601,9350,9950,14974,3114,3365,3676,4175,4531,4812,7242,3452,3873,3887,4426,4819,5138,7732
12321,NewZealand,554,Brazil,76,718,885,638,1686,2728,3728,8319,347,416,310,819,1322,1803,4024,371,469,328,867,1406,1925,4295
12322,NewZealand,554,Chile,152,826,1019,735,1316,1924,2503,4262,399,480,358,639,932,1211,2063,427,539,377,677,992,1292,2199
12323,NewZealand,554,Argentina,32,419,516,373,869,1330,1770,4136,204,243,182,422,645,856,2001,215,273,191,447,685,914,2135
12324,NewZealand,554,Colombia,170,235,290,209,372,790,1197,2763,114,137,102,181,383,579,1337,121,153,107,191,407,618,1426
12325,NewZealand,554,SouthAfrica,710,5555,11026,25359,39855,48514,56396,73846,2612,5363,12326,19345,23503,27272,35711,2943,5663,13033,20510,25011,29124,38135
12326,NewZealand,554,Zimbabwe,716,676,822,2807,7794,8170,8416,8992,323,398,1365,3783,3959,4070,4349,353,424,1442,4011,4211,4346,4643
12327,NewZealand,554,Kenya,404,270,327,1120,1443,1591,1714,1955,129,159,545,701,772,829,946,141,168,575,742,819,885,1009
12328,NewZealand,554,Zambia,894,222,269,921,1256,1374,1471,1594,107,130,448,610,667,712,772,115,139,473,646,707,759,822
12329,NewZealand,554,Ethiopia,231,153,185,635,889,1046,1187,1520,74,89,309,432,507,574,736,79,96,326,457,539,613,784
12330,NewZealand,554,Somalia,706,415,504,1724,1775,1472,1147,1165,198,244,839,862,714,555,564,217,260,885,913,758,592,601
12331,Melanesia,928,Melanesia,928,6503,6949,7180,7273,7413,6342,6570,3440,3704,3821,3910,4020,3260,3373,3063,3245,3359,3363,3393,3082,3197
12332,Melanesia,928,Micronesia,954,1701,1680,1632,1291,1036,1040,1051,848,836,813,663,562,569,577,853,844,819,628,474,471,474
12333,Melanesia,928,Polynesia,957,10248,11542,12840,11280,9835,13838,14602,5356,5952,6551,5745,5008,6924,7285,4892,5590,6289,5535,4827,6914,7317
12334,Melanesia,928,Burundi,108,0,0,0,0,0,0,0,0,0,0,0,0,0,0,0,0,0,0,0,0,0
12335,Melanesia,928,Comoros,174,0,0,0,0,0,0,0,0,0,0,0,0,0,0,0,0,0,0,0,0,0
12336,Melanesia,928,Djibouti,262,0,0,0,0,0,0,0,0,0,0,0,0,0,0,0,0,0,0,0,0,0
12337,Melanesia,928,Eritrea,232,0,0,0,0,0,0,0,0,0,0,0,0,0,0,0,0,0,0,0,0,0
12338,Melanesia,928,Ethiopia,231,0,0,0,0,0,0,0,0,0,0,0,0,0,0,0,0,0,0,0,0,0
12339,Melanesia,928,Kenya,404,0,0,0,0,0,0,0,0,0,0,0,0,0,0,0,0,0,0,0,0,0
12340,Melanesia,928,Madagascar,450,0,0,0,0,0,0,0,0,0,0,0,0,0,0,0,0,0,0,0,0,0
12341,Melanesia,928,Malawi,454,0,0,0,0,0,0,0,0,0,0,0,0,0,0,0,0,0,0,0,0,0
12342,Melanesia,928,Mauritius,480,0,0,0,0,0,0,0,0,0,0,0,0,0,0,0,0,0,0,0,0,0
12343,Melanesia,928,Mayotte,175,0,0,0,0,0,0,0,0,0,0,0,0,0,0,0,0,0,0,0,0,0
12344,Melanesia,928,Mozambique,508,0,0,0,0,0,0,0,0,0,0,0,0,0,0,0,0,0,0,0,0,0
12345,Melanesia,928,Reunion,638,0,0,0,0,0,0,0,0,0,0,0,0,0,0,0,0,0,0,0,0,0
12346,Melanesia,928,Rwanda,646,0,0,0,0,0,0,0,0,0,0,0,0,0,0,0,0,0,0,0,0,0
12347,Melanesia,928,Seychelles,690,0,0,0,0,0,0,0,0,0,0,0,0,0,0,0,0,0,0,0,0,0
12348,Melanesia,928,Somalia,706,0,0,0,0,0,0,0,0,0,0,0,0,0,0,0,0,0,0,0,0,0
12349,Melanesia,928,SouthSudan,728,0,0,0,0,0,0,0,0,0,0,0,0,0,0,0,0,0,0,0,0,0
12350,Melanesia,928,Uganda,800,0,0,0,0,0,0,0,0,0,0,0,0,0,0,0,0,0,0,0,0,0
12351,Melanesia,928,UnitedRepublicofTanzania,834,38,38,28,34,28,28,27,22,23,19,25,19,21,22,16,15,9,9,9,7,5
12352,Melanesia,928,Zambia,894,0,0,0,0,0,0,0,0,0,0,0,0,0,0,0,0,0,0,0,0,0
12353,Melanesia,928,Zimbabwe,716,0,0,0,0,0,0,0,0,0,0,0,0,0,0,0,0,0,0,0,0,0
12354,Melanesia,928,Angola,24,0,0,0,0,0,0,0,0,0,0,0,0,0,0,0,0,0,0,0,0,0
12355,Melanesia,928,Cameroon,120,0,0,0,0,0,0,0,0,0,0,0,0,0,0,0,0,0,0,0,0,0
12356,Melanesia,928,CentralAfricanRepublic,140,0,0,0,0,0,0,0,0,0,0,0,0,0,0,0,0,0,0,0,0,0
12357,Melanesia,928,Chad,148,0,0,0,0,0,0,0,0,0,0,0,0,0,0,0,0,0,0,0,0,0
12358,Melanesia,928,Congo,178,0,0,0,0,0,0,0,0,0,0,0,0,0,0,0,0,0,0,0,0,0
12359,Melanesia,928,DemocraticRepublicoftheCongo,180,0,0,0,0,0,0,0,0,0,0,0,0,0,0,0,0,0,0,0,0,0
12360,Melanesia,928,EquatorialGuinea,226,0,0,0,0,0,0,0,0,0,0,0,0,0,0,0,0,0,0,0,0,0
12361,Melanesia,928,Gabon,266,0,0,0,0,0,0,0,0,0,0,0,0,0,0,0,0,0,0,0,0,0
12362,Melanesia,928,SaoTomeandPrincipe,678,0,0,0,0,0,0,0,0,0,0,0,0,0,0,0,0,0,0,0,0,0
12363,Melanesia,928,Algeria,12,513,594,676,719,763,586,621,291,333,376,401,427,299,317,222,261,300,318,336,287,304
12364,Melanesia,928,Egypt,818,0,0,0,0,0,0,0,0,0,0,0,0,0,0,0,0,0,0,0,0,0
12365,Melanesia,928,Libya,434,0,0,0,0,0,0,0,0,0,0,0,0,0,0,0,0,0,0,0,0,0
12366,Melanesia,928,Morocco,504,479,555,631,672,714,548,581,274,314,354,378,403,282,299,205,241,277,294,311,266,282
12367,Melanesia,928,Sudan,729,0,0,0,0,0,0,0,0,0,0,0,0,0,0,0,0,0,0,0,0,0
12368,Melanesia,928,Tunisia,788,546,633,720,767,814,625,663,308,353,398,425,452,316,335,238,280,322,342,362,309,328
12369,Melanesia,928,WesternSahara,732,0,0,0,0,0,0,0,0,0,0,0,0,0,0,0,0,0,0,0,0,0
12370,Melanesia,928,Botswana,72,0,0,0,0,0,0,0,0,0,0,0,0,0,0,0,0,0,0,0,0,0
12371,Melanesia,928,Eswatini,748,0,0,0,0,0,0,0,0,0,0,0,0,0,0,0,0,0,0,0,0,0
12372,Melanesia,928,Lesotho,426,0,0,0,0,0,0,0,0,0,0,0,0,0,0,0,0,0,0,0,0,0
12373,Melanesia,928,Namibia,516,0,0,0,0,0,0,0,0,0,0,0,0,0,0,0,0,0,0,0,0,0
12374,Melanesia,928,SouthAfrica,710,0,0,0,0,0,0,0,0,0,0,0,0,0,0,0,0,0,0,0,0,0
12375,Melanesia,928,Benin,204,0,0,0,0,0,0,0,0,0,0,0,0,0,0,0,0,0,0,0,0,0
12376,Melanesia,928,BurkinaFaso,854,0,0,0,0,0,0,0,0,0,0,0,0,0,0,0,0,0,0,0,0,0
12377,Melanesia,928,CaboVerde,132,0,0,0,0,0,0,0,0,0,0,0,0,0,0,0,0,0,0,0,0,0
12378,Melanesia,928,CotedIvoire,384,0,0,0,0,0,0,0,0,0,0,0,0,0,0,0,0,0,0,0,0,0
12379,Melanesia,928,Gambia,270,0,0,0,0,0,0,0,0,0,0,0,0,0,0,0,0,0,0,0,0,0
12380,Melanesia,928,Ghana,288,0,0,0,0,0,0,0,0,0,0,0,0,0,0,0,0,0,0,0,0,0
12381,Melanesia,928,Guinea,324,0,0,0,0,0,0,0,0,0,0,0,0,0,0,0,0,0,0,0,0,0
12382,Melanesia,928,GuineaBissau,624,0,0,0,0,0,0,0,0,0,0,0,0,0,0,0,0,0,0,0,0,0
12383,Melanesia,928,Liberia,430,0,0,0,0,0,0,0,0,0,0,0,0,0,0,0,0,0,0,0,0,0
12384,Melanesia,928,Mali,466,0,0,0,0,0,0,0,0,0,0,0,0,0,0,0,0,0,0,0,0,0
12385,Melanesia,928,Mauritania,478,0,0,0,0,0,0,0,0,0,0,0,0,0,0,0,0,0,0,0,0,0
12386,Melanesia,928,Niger,562,0,0,0,0,0,0,0,0,0,0,0,0,0,0,0,0,0,0,0,0,0
12387,Melanesia,928,Nigeria,566,0,0,0,0,0,0,0,0,0,0,0,0,0,0,0,0,0,0,0,0,0
12388,Melanesia,928,SaintHelena,654,0,0,0,0,0,0,0,0,0,0,0,0,0,0,0,0,0,0,0,0,0
12389,Melanesia,928,Senegal,686,0,0,0,0,0,0,0,0,0,0,0,0,0,0,0,0,0,0,0,0,0
12390,Melanesia,928,SierraLeone,694,0,0,0,0,0,0,0,0,0,0,0,0,0,0,0,0,0,0,0,0,0
12391,Melanesia,928,Togo,768,0,0,0,0,0,0,0,0,0,0,0,0,0,0,0,0,0,0,0,0,0
12392,Melanesia,928,Kazakhstan,398,0,0,0,0,0,0,0,0,0,0,0,0,0,0,0,0,0,0,0,0,0
12393,Melanesia,928,Kyrgyzstan,417,0,0,0,0,0,0,0,0,0,0,0,0,0,0,0,0,0,0,0,0,0
12394,Melanesia,928,Tajikistan,762,0,0,0,0,0,0,0,0,0,0,0,0,0,0,0,0,0,0,0,0,0
12395,Melanesia,928,Turkmenistan,795,0,0,0,0,0,0,0,0,0,0,0,0,0,0,0,0,0,0,0,0,0
12396,Melanesia,928,Uzbekistan,860,0,0,0,0,0,0,0,0,0,0,0,0,0,0,0,0,0,0,0,0,0
12397,Melanesia,928,China,156,1301,1301,1265,1259,1310,1297,1316,676,670,646,647,687,682,696,625,631,619,612,623,615,620
12398,Melanesia,928,China,156,344,0,0,0,0,0,0,0,0,0,0,0,0,0,0,0,0,0,0,0,0
12399,Melanesia,928,China,156,446,0,0,0,0,0,0,0,0,0,0,0,0,0,0,0,0,0,0,0,0
12400,Melanesia,928,China,156,158,0,0,0,0,0,0,0,0,0,0,0,0,0,0,0,0,0,0,0,0
12401,Melanesia,928,DemPeoplesRepublicofKorea,408,0,0,0,0,0,0,0,0,0,0,0,0,0,0,0,0,0,0,0,0,0
12402,Melanesia,928,Japan,392,364,369,297,362,286,287,286,230,231,188,258,200,203,205,134,138,109,104,86,84,81
12403,Melanesia,928,Mongolia,496,0,0,0,0,0,0,0,0,0,0,0,0,0,0,0,0,0,0,0,0,0
12404,Melanesia,928,RepublicofKorea,410,125,127,103,110,98,95,93,56,70,62,66,54,53,54,69,57,41,44,44,42,39
12405,Melanesia,928,BruneiDarussalam,96,0,0,0,0,0,0,0,0,0,0,0,0,0,0,0,0,0,0,0,0,0
12406,Melanesia,928,Cambodia,116,482,558,635,676,718,551,584,231,263,295,316,338,226,239,251,295,340,360,380,325,345
12407,Melanesia,928,Indonesia,360,9012,8327,7823,11031,14514,14534,14653,5225,4963,4247,5421,7702,7516,7610,3787,3364,3576,5610,6812,7018,7043
12408,Melanesia,928,LaoPeoplesDemocraticRepublic,418,515,597,679,723,768,590,625,247,282,316,339,362,242,256,268,315,363,384,406,348,369
12409,Melanesia,928,Malaysia,458,248,249,213,210,194,187,183,190,189,165,143,111,109,109,58,60,48,67,83,78,74
12410,Melanesia,928,Myanmar,104,0,0,0,0,0,0,0,0,0,0,0,0,0,0,0,0,0,0,0,0,0
12411,Melanesia,928,Philippines,608,2152,2200,1677,1827,1568,1579,1579,1292,1373,1133,1284,1103,1119,1123,860,827,544,543,465,460,456
12412,Melanesia,928,Singapore,702,71,72,53,61,51,51,50,50,48,35,41,32,33,34,21,24,18,20,19,18,16
12413,Melanesia,928,Thailand,764,0,0,0,0,0,0,0,0,0,0,0,0,0,0,0,0,0,0,0,0,0
12414,Melanesia,928,TimorLeste,626,0,0,0,0,0,0,0,0,0,0,0,0,0,0,0,0,0,0,0,0,0
12415,Melanesia,928,VietNam,704,499,578,658,706,753,583,617,240,268,307,331,360,238,251,259,310,351,375,393,345,366
12416,Melanesia,928,Afghanistan,4,0,0,0,0,0,0,0,0,0,0,0,0,0,0,0,0,0,0,0,0,0
12417,Melanesia,928,Bangladesh,50,1368,1334,1287,1235,1326,1366,1398,654,654,642,652,709,738,755,714,680,645,583,617,628,643
12418,Melanesia,928,Bhutan,64,0,0,0,0,0,0,0,0,0,0,0,0,0,0,0,0,0,0,0,0,0
12419,Melanesia,928,India,356,1682,1618,1474,1351,1409,1448,1477,803,811,764,757,791,820,837,879,807,710,594,618,628,640
12420,Melanesia,928,IranIslamicRepublicof,364,0,0,0,0,0,0,0,0,0,0,0,0,0,0,0,0,0,0,0,0,0
12421,Melanesia,928,Maldives,462,0,0,0,0,0,0,0,0,0,0,0,0,0,0,0,0,0,0,0,0,0
12422,Melanesia,928,Nepal,524,0,0,0,0,0,0,0,0,0,0,0,0,0,0,0,0,0,0,0,0,0
12423,Melanesia,928,Pakistan,586,1294,1382,1456,1650,1771,1824,1867,653,708,750,871,946,984,1008,641,674,706,779,825,840,859
12424,Melanesia,928,SriLanka,144,118,120,89,93,78,79,78,73,81,68,73,62,64,65,45,39,21,20,16,15,13
12425,Melanesia,928,Armenia,51,0,0,0,0,0,0,0,0,0,0,0,0,0,0,0,0,0,0,0,0,0
12426,Melanesia,928,Azerbaijan,31,0,0,0,0,0,0,0,0,0,0,0,0,0,0,0,0,0,0,0,0,0
12427,Melanesia,928,Bahrain,48,0,0,0,0,0,0,0,0,0,0,0,0,0,0,0,0,0,0,0,0,0
12428,Melanesia,928,Cyprus,196,0,0,0,0,0,0,0,0,0,0,0,0,0,0,0,0,0,0,0,0,0
12429,Melanesia,928,Georgia,268,0,0,0,0,0,0,0,0,0,0,0,0,0,0,0,0,0,0,0,0,0
12430,Melanesia,928,Iraq,368,0,0,0,0,0,0,0,0,0,0,0,0,0,0,0,0,0,0,0,0,0
12431,Melanesia,928,Israel,376,0,0,0,0,0,0,0,0,0,0,0,0,0,0,0,0,0,0,0,0,0
12432,Melanesia,928,Jordan,400,0,0,0,0,0,0,0,0,0,0,0,0,0,0,0,0,0,0,0,0,0
12433,Melanesia,928,Kuwait,414,0,0,0,0,0,0,0,0,0,0,0,0,0,0,0,0,0,0,0,0,0
12434,Melanesia,928,Lebanon,422,0,0,0,0,0,0,0,0,0,0,0,0,0,0,0,0,0,0,0,0,0
12435,Melanesia,928,Oman,512,0,0,0,0,0,0,0,0,0,0,0,0,0,0,0,0,0,0,0,0,0
12436,Melanesia,928,Qatar,634,0,0,0,0,0,0,0,0,0,0,0,0,0,0,0,0,0,0,0,0,0
12437,Melanesia,928,SaudiArabia,682,0,0,0,0,0,0,0,0,0,0,0,0,0,0,0,0,0,0,0,0,0
12438,Melanesia,928,StateofPalestine,275,0,0,0,0,0,0,0,0,0,0,0,0,0,0,0,0,0,0,0,0,0
12439,Melanesia,928,SyrianArabRepublic,760,0,0,0,0,0,0,0,0,0,0,0,0,0,0,0,0,0,0,0,0,0
12440,Melanesia,928,Turkey,792,0,0,0,0,0,0,0,0,0,0,0,0,0,0,0,0,0,0,0,0,0
12441,Melanesia,928,UnitedArabEmirates,784,0,0,0,0,0,0,0,0,0,0,0,0,0,0,0,0,0,0,0,0,0
12442,Melanesia,928,Yemen,887,0,0,0,0,0,0,0,0,0,0,0,0,0,0,0,0,0,0,0,0,0
12443,Melanesia,928,Belarus,112,0,0,0,0,0,0,0,0,0,0,0,0,0,0,0,0,0,0,0,0,0
12444,Melanesia,928,Bulgaria,100,0,0,0,0,0,0,0,0,0,0,0,0,0,0,0,0,0,0,0,0,0
12445,Melanesia,928,Czechia,203,0,0,0,0,0,0,0,0,0,0,0,0,0,0,0,0,0,0,0,0,0
12446,Melanesia,928,Hungary,348,0,0,0,0,0,0,0,0,0,0,0,0,0,0,0,0,0,0,0,0,0
12447,Melanesia,928,Poland,616,0,0,0,0,0,0,0,0,0,0,0,0,0,0,0,0,0,0,0,0,0
12448,Melanesia,928,RepublicofMoldova,498,0,0,0,0,0,0,0,0,0,0,0,0,0,0,0,0,0,0,0,0,0
12449,Melanesia,928,Romania,642,0,0,0,0,0,0,0,0,0,0,0,0,0,0,0,0,0,0,0,0,0
12450,Melanesia,928,RussianFederation,643,41,42,31,31,26,26,25,26,27,22,23,20,21,22,15,15,9,8,6,5,3
12451,Melanesia,928,Slovakia,703,0,0,0,0,0,0,0,0,0,0,0,0,0,0,0,0,0,0,0,0,0
12452,Melanesia,928,Ukraine,804,0,0,0,0,0,0,0,0,0,0,0,0,0,0,0,0,0,0,0,0,0
12453,Melanesia,928,ChannelIslands,830,0,0,0,0,0,0,0,0,0,0,0,0,0,0,0,0,0,0,0,0,0
12454,Melanesia,928,Denmark,208,0,0,0,0,0,0,0,0,0,0,0,0,0,0,0,0,0,0,0,0,0
12455,Melanesia,928,Estonia,233,0,0,0,0,0,0,0,0,0,0,0,0,0,0,0,0,0,0,0,0,0
12456,Melanesia,928,FaroeIslands,234,0,0,0,0,0,0,0,0,0,0,0,0,0,0,0,0,0,0,0,0,0
12457,Melanesia,928,Finland,246,0,0,0,0,0,0,0,0,0,0,0,0,0,0,0,0,0,0,0,0,0
12458,Melanesia,928,Iceland,352,0,0,0,0,0,0,0,0,0,0,0,0,0,0,0,0,0,0,0,0,0
12459,Melanesia,928,Ireland,372,67,68,50,50,42,42,41,35,33,20,22,19,20,21,32,35,30,28,23,22,20
12460,Melanesia,928,IsleofMan,833,0,0,0,0,0,0,0,0,0,0,0,0,0,0,0,0,0,0,0,0,0
12461,Melanesia,928,Latvia,428,0,0,0,0,0,0,0,0,0,0,0,0,0,0,0,0,0,0,0,0,0
12462,Melanesia,928,Lithuania,440,0,0,0,0,0,0,0,0,0,0,0,0,0,0,0,0,0,0,0,0,0
12463,Melanesia,928,Norway,578,0,0,0,0,0,0,0,0,0,0,0,0,0,0,0,0,0,0,0,0,0
12464,Melanesia,928,Sweden,752,0,0,0,0,0,0,0,0,0,0,0,0,0,0,0,0,0,0,0,0,0
12465,Melanesia,928,UnitedKingdom,826,3275,3128,2384,2347,2074,2109,2122,1785,1637,1220,1277,1163,1195,1209,1490,1491,1164,1070,911,914,913
12466,Melanesia,928,Albania,8,0,0,0,0,0,0,0,0,0,0,0,0,0,0,0,0,0,0,0,0,0
12467,Melanesia,928,Andorra,20,0,0,0,0,0,0,0,0,0,0,0,0,0,0,0,0,0,0,0,0,0
12468,Melanesia,928,BosniaandHerzegovina,70,0,0,0,0,0,0,0,0,0,0,0,0,0,0,0,0,0,0,0,0,0
12469,Melanesia,928,Croatia,191,0,0,0,0,0,0,0,0,0,0,0,0,0,0,0,0,0,0,0,0,0
12470,Melanesia,928,Gibraltar,292,0,0,0,0,0,0,0,0,0,0,0,0,0,0,0,0,0,0,0,0,0
12471,Melanesia,928,Greece,300,0,0,0,0,0,0,0,0,0,0,0,0,0,0,0,0,0,0,0,0,0
12472,Melanesia,928,HolySee,336,0,0,0,0,0,0,0,0,0,0,0,0,0,0,0,0,0,0,0,0,0
12473,Melanesia,928,Italy,380,231,267,304,324,344,263,277,169,194,220,236,251,184,194,62,73,84,88,93,79,83
12474,Melanesia,928,Malta,470,0,0,0,0,0,0,0,0,0,0,0,0,0,0,0,0,0,0,0,0,0
12475,Melanesia,928,Montenegro,499,0,0,0,0,0,0,0,0,0,0,0,0,0,0,0,0,0,0,0,0,0
12476,Melanesia,928,NorthMacedonia,807,0,0,0,0,0,0,0,0,0,0,0,0,0,0,0,0,0,0,0,0,0
12477,Melanesia,928,Portugal,620,0,0,0,0,0,0,0,0,0,0,0,0,0,0,0,0,0,0,0,0,0
12478,Melanesia,928,SanMarino,674,0,0,0,0,0,0,0,0,0,0,0,0,0,0,0,0,0,0,0,0,0
12479,Melanesia,928,Serbia,688,0,0,0,0,0,0,0,0,0,0,0,0,0,0,0,0,0,0,0,0,0
12480,Melanesia,928,Slovenia,705,0,0,0,0,0,0,0,0,0,0,0,0,0,0,0,0,0,0,0,0,0
12481,Melanesia,928,Spain,724,94,109,124,132,140,107,112,51,59,66,71,75,52,55,43,50,58,61,65,55,57
12482,Melanesia,928,Austria,40,0,0,0,0,0,0,0,0,0,0,0,0,0,0,0,0,0,0,0,0,0
12483,Melanesia,928,Belgium,56,0,0,0,0,0,0,0,0,0,0,0,0,0,0,0,0,0,0,0,0,0
12484,Melanesia,928,France,250,19595,22669,25744,31189,36627,44444,47197,11309,12916,14539,17281,20019,24314,25726,8286,9753,11205,13908,16608,20130,21471
12485,Melanesia,928,Germany,276,0,0,0,0,0,0,0,0,0,0,0,0,0,0,0,0,0,0,0,0,0
12486,Melanesia,928,Liechtenstein,438,0,0,0,0,0,0,0,0,0,0,0,0,0,0,0,0,0,0,0,0,0
12487,Melanesia,928,Luxembourg,442,0,0,0,0,0,0,0,0,0,0,0,0,0,0,0,0,0,0,0,0,0
12488,Melanesia,928,Monaco,492,0,0,0,0,0,0,0,0,0,0,0,0,0,0,0,0,0,0,0,0,0
12489,Melanesia,928,Netherlands,528,0,0,0,0,0,0,0,0,0,0,0,0,0,0,0,0,0,0,0,0,0
12490,Melanesia,928,Switzerland,756,0,0,0,0,0,0,0,0,0,0,0,0,0,0,0,0,0,0,0,0,0
12491,Melanesia,928,Anguilla,660,0,0,0,0,0,0,0,0,0,0,0,0,0,0,0,0,0,0,0,0,0
12492,Melanesia,928,AntiguaandBarbuda,28,0,0,0,0,0,0,0,0,0,0,0,0,0,0,0,0,0,0,0,0,0
12493,Melanesia,928,Aruba,533,0,0,0,0,0,0,0,0,0,0,0,0,0,0,0,0,0,0,0,0,0
12494,Melanesia,928,Bahamas,44,0,0,0,0,0,0,0,0,0,0,0,0,0,0,0,0,0,0,0,0,0
12495,Melanesia,928,Barbados,52,0,0,0,0,0,0,0,0,0,0,0,0,0,0,0,0,0,0,0,0,0
12496,Melanesia,928,Bonaire,16,535,0,0,0,0,0,0,0,0,0,0,0,0,0,0,0,0,0,0,0,0
12497,Melanesia,928,BritishVirginIslands,92,0,0,0,0,0,0,0,0,0,0,0,0,0,0,0,0,0,0,0,0,0
12498,Melanesia,928,CaymanIslands,136,0,0,0,0,0,0,0,0,0,0,0,0,0,0,0,0,0,0,0,0,0
12499,Melanesia,928,Cuba,192,0,0,0,0,0,0,0,0,0,0,0,0,0,0,0,0,0,0,0,0,0
12500,Melanesia,928,CuraÃao,531,0,0,0,0,0,0,0,0,0,0,0,0,0,0,0,0,0,0,0,0,0
12501,Melanesia,928,Dominica,212,0,0,0,0,0,0,0,0,0,0,0,0,0,0,0,0,0,0,0,0,0
12502,Melanesia,928,DominicanRepublic,214,0,0,0,0,0,0,0,0,0,0,0,0,0,0,0,0,0,0,0,0,0
12503,Melanesia,928,Grenada,308,0,0,0,0,0,0,0,0,0,0,0,0,0,0,0,0,0,0,0,0,0
12504,Melanesia,928,Guadeloupe,312,0,0,0,0,0,0,0,0,0,0,0,0,0,0,0,0,0,0,0,0,0
12505,Melanesia,928,Haiti,332,0,0,0,0,0,0,0,0,0,0,0,0,0,0,0,0,0,0,0,0,0
12506,Melanesia,928,Jamaica,388,0,0,0,0,0,0,0,0,0,0,0,0,0,0,0,0,0,0,0,0,0
12507,Melanesia,928,Martinique,474,0,0,0,0,0,0,0,0,0,0,0,0,0,0,0,0,0,0,0,0,0
12508,Melanesia,928,Montserrat,500,0,0,0,0,0,0,0,0,0,0,0,0,0,0,0,0,0,0,0,0,0
12509,Melanesia,928,PuertoRico,630,0,0,0,0,0,0,0,0,0,0,0,0,0,0,0,0,0,0,0,0,0
12510,Melanesia,928,SaintBarthelemy,652,0,0,0,0,0,0,0,0,0,0,0,0,0,0,0,0,0,0,0,0,0
12511,Melanesia,928,SaintKittsandNevis,659,0,0,0,0,0,0,0,0,0,0,0,0,0,0,0,0,0,0,0,0,0
12512,Melanesia,928,SaintLucia,662,0,0,0,0,0,0,0,0,0,0,0,0,0,0,0,0,0,0,0,0,0
12513,Melanesia,928,SaintMartinFrenchpart,663,0,0,0,0,0,0,0,0,0,0,0,0,0,0,0,0,0,0,0,0,0
12514,Melanesia,928,SaintVincentandtheGrenadines,670,0,0,0,0,0,0,0,0,0,0,0,0,0,0,0,0,0,0,0,0,0
12515,Melanesia,928,SintMaartenDutchpart,534,0,0,0,0,0,0,0,0,0,0,0,0,0,0,0,0,0,0,0,0,0
12516,Melanesia,928,TrinidadandTobago,780,0,0,0,0,0,0,0,0,0,0,0,0,0,0,0,0,0,0,0,0,0
12517,Melanesia,928,TurksandCaicosIslands,796,0,0,0,0,0,0,0,0,0,0,0,0,0,0,0,0,0,0,0,0,0
12518,Melanesia,928,UnitedStatesVirginIslands,850,0,0,0,0,0,0,0,0,0,0,0,0,0,0,0,0,0,0,0,0,0
12519,Melanesia,928,Belize,84,0,0,0,0,0,0,0,0,0,0,0,0,0,0,0,0,0,0,0,0,0
12520,Melanesia,928,CostaRica,188,0,0,0,0,0,0,0,0,0,0,0,0,0,0,0,0,0,0,0,0,0
12521,Melanesia,928,ElSalvador,222,0,0,0,0,0,0,0,0,0,0,0,0,0,0,0,0,0,0,0,0,0
12522,Melanesia,928,Guatemala,320,0,0,0,0,0,0,0,0,0,0,0,0,0,0,0,0,0,0,0,0,0
12523,Melanesia,928,Honduras,340,0,0,0,0,0,0,0,0,0,0,0,0,0,0,0,0,0,0,0,0,0
12524,Melanesia,928,Mexico,484,0,0,0,0,0,0,0,0,0,0,0,0,0,0,0,0,0,0,0,0,0
12525,Melanesia,928,Nicaragua,558,0,0,0,0,0,0,0,0,0,0,0,0,0,0,0,0,0,0,0,0,0
12526,Melanesia,928,Panama,591,0,0,0,0,0,0,0,0,0,0,0,0,0,0,0,0,0,0,0,0,0
12527,Melanesia,928,Argentina,32,0,0,0,0,0,0,0,0,0,0,0,0,0,0,0,0,0,0,0,0,0
12528,Melanesia,928,BoliviaPlurinationalStateof,68,0,0,0,0,0,0,0,0,0,0,0,0,0,0,0,0,0,0,0,0,0
12529,Melanesia,928,Brazil,76,0,0,0,0,0,0,0,0,0,0,0,0,0,0,0,0,0,0,0,0,0
12530,Melanesia,928,Chile,152,0,0,0,0,0,0,0,0,0,0,0,0,0,0,0,0,0,0,0,0,0
12531,Melanesia,928,Colombia,170,0,0,0,0,0,0,0,0,0,0,0,0,0,0,0,0,0,0,0,0,0
12532,Melanesia,928,Ecuador,218,0,0,0,0,0,0,0,0,0,0,0,0,0,0,0,0,0,0,0,0,0
12533,Melanesia,928,FalklandIslandsMalvinas,238,0,0,0,0,0,0,0,0,0,0,0,0,0,0,0,0,0,0,0,0,0
12534,Melanesia,928,FrenchGuiana,254,0,0,0,0,0,0,0,0,0,0,0,0,0,0,0,0,0,0,0,0,0
12535,Melanesia,928,Guyana,328,0,0,0,0,0,0,0,0,0,0,0,0,0,0,0,0,0,0,0,0,0
12536,Melanesia,928,Paraguay,600,0,0,0,0,0,0,0,0,0,0,0,0,0,0,0,0,0,0,0,0,0
12537,Melanesia,928,Peru,604,0,0,0,0,0,0,0,0,0,0,0,0,0,0,0,0,0,0,0,0,0
12538,Melanesia,928,Suriname,740,0,0,0,0,0,0,0,0,0,0,0,0,0,0,0,0,0,0,0,0,0
12539,Melanesia,928,Uruguay,858,0,0,0,0,0,0,0,0,0,0,0,0,0,0,0,0,0,0,0,0,0
12540,Melanesia,928,VenezuelaBolivarianRepublicof,862,0,0,0,0,0,0,0,0,0,0,0,0,0,0,0,0,0,0,0,0,0
12541,Melanesia,928,Bermuda,60,0,0,0,0,0,0,0,0,0,0,0,0,0,0,0,0,0,0,0,0,0
12542,Melanesia,928,Canada,124,358,366,274,274,232,235,235,212,231,190,193,166,170,172,146,135,84,81,66,65,63
12543,Melanesia,928,Greenland,304,0,0,0,0,0,0,0,0,0,0,0,0,0,0,0,0,0,0,0,0,0
12544,Melanesia,928,SaintPierreandMiquelon,666,0,0,0,0,0,0,0,0,0,0,0,0,0,0,0,0,0,0,0,0,0
12545,Melanesia,928,UnitedStatesofAmerica,840,1245,1271,979,928,752,760,761,787,880,758,734,607,617,621,458,391,221,194,145,143,140
12546,Melanesia,928,Australia,36,16250,16726,13252,13556,12135,12258,12368,9370,9966,8209,8487,7694,7821,7897,6880,6760,5043,5069,4441,4437,4471
12547,Melanesia,928,NewZealand,554,4144,4065,3254,3107,2866,2886,2914,2252,2252,1841,1893,1800,1820,1842,1892,1813,1413,1214,1066,1066,1072
12548,Melanesia,928,Fiji,242,514,495,435,428,409,417,418,263,260,227,228,224,230,233,251,235,208,200,185,187,185
12549,Melanesia,928,NewCaledonia,540,292,289,268,273,278,290,294,128,146,132,137,142,148,151,164,143,136,136,136,142,143
12550,Melanesia,928,PapuaNewGuinea,598,1160,1148,1097,856,666,631,617,592,598,572,457,370,351,344,568,550,525,399,296,280,273
12551,Melanesia,928,SolomonIslands,90,1053,1032,932,968,1014,1044,1060,574,574,524,549,573,595,606,479,458,408,419,441,449,454
12552,Melanesia,928,Vanuatu,548,3484,3985,4448,4748,5046,3960,4181,1883,2126,2366,2539,2711,1936,2039,1601,1859,2082,2209,2335,2024,2142
12553,Melanesia,928,Guam,316,0,0,0,0,0,0,0,0,0,0,0,0,0,0,0,0,0,0,0,0,0
12554,Melanesia,928,Kiribati,296,1701,1680,1632,1291,1036,1040,1051,848,836,813,663,562,569,577,853,844,819,628,474,471,474
12555,Melanesia,928,MarshallIslands,584,0,0,0,0,0,0,0,0,0,0,0,0,0,0,0,0,0,0,0,0,0
12556,Melanesia,928,MicronesiaFedStatesof,583,0,0,0,0,0,0,0,0,0,0,0,0,0,0,0,0,0,0,0,0,0
12557,Melanesia,928,Nauru,520,0,0,0,0,0,0,0,0,0,0,0,0,0,0,0,0,0,0,0,0,0
12558,Melanesia,928,NorthernMarianaIslands,580,0,0,0,0,0,0,0,0,0,0,0,0,0,0,0,0,0,0,0,0,0
12559,Melanesia,928,Palau,585,0,0,0,0,0,0,0,0,0,0,0,0,0,0,0,0,0,0,0,0,0
12560,Melanesia,928,AmericanSamoa,16,0,0,0,0,0,0,0,0,0,0,0,0,0,0,0,0,0,0,0,0,0
12561,Melanesia,928,CookIslands,184,30,30,30,30,32,33,32,16,16,16,16,17,18,18,14,14,14,14,15,15,14
12562,Melanesia,928,FrenchPolynesia,258,2726,3159,3593,1974,355,532,563,1404,1604,1804,1046,287,423,448,1322,1555,1789,928,68,109,115
12563,Melanesia,928,Niue,570,0,0,0,0,0,0,0,0,0,0,0,0,0,0,0,0,0,0,0,0,0
12564,Melanesia,928,Samoa,882,271,267,266,267,287,296,302,144,141,140,141,154,161,166,127,126,126,126,133,135,136
12565,Melanesia,928,Tokelau,772,0,0,0,0,0,0,0,0,0,0,0,0,0,0,0,0,0,0,0,0,0
12566,Melanesia,928,Tonga,776,1285,1268,1255,1264,1349,1389,1418,686,670,660,669,723,753,770,599,598,595,595,626,636,648
12567,Melanesia,928,Tuvalu,798,378,372,371,372,399,411,420,201,196,196,196,213,222,229,177,176,175,176,186,189,191
12568,Melanesia,928,WallisandFutunaIslands,876,5558,6446,7325,7373,7413,11177,11867,2905,3325,3735,3677,3614,5347,5654,2653,3121,3590,3696,3799,5830,6213
12569,Fiji,242,Melanesia,928,816,803,801,803,862,887,904,437,425,424,424,460,477,488,379,378,377,379,402,410,416
12570,Fiji,242,Micronesia,954,710,700,698,701,753,775,793,378,370,368,370,403,419,430,332,330,330,331,350,356,363
12571,Fiji,242,Polynesia,957,1900,1872,1866,1873,2011,2072,2116,1012,989,985,989,1076,1121,1149,888,883,881,884,935,951,967
12572,Fiji,242,Australia,36,1306,1405,1489,1706,1832,1887,1941,687,741,781,901,980,1019,1043,619,664,708,805,852,868,898
12573,Fiji,242,Bangladesh,50,1368,1334,1287,1235,1326,1366,1398,654,654,642,652,709,738,755,714,680,645,583,617,628,643
12574,Fiji,242,SolomonIslands,90,646,636,634,636,683,703,718,346,337,336,336,365,379,388,300,299,298,300,318,324,330
12575,Fiji,242,China,156,848,835,833,836,898,925,946,452,441,440,441,480,499,511,396,394,393,395,418,426,435
12576,Fiji,242,CookIslands,184,30,30,30,30,32,33,32,16,16,16,16,17,18,18,14,14,14,14,15,15,14
12577,Fiji,242,Kiribati,296,710,700,698,701,753,775,793,378,370,368,370,403,419,430,332,330,330,331,350,356,363
12578,Fiji,242,India,356,1443,1374,1292,1169,1255,1292,1321,655,647,626,617,671,697,712,788,727,666,552,584,595,609
12579,Fiji,242,Vanuatu,548,170,167,167,167,179,184,186,91,88,88,88,95,98,100,79,79,79,79,84,86,86
12580,Fiji,242,NewZealand,554,1211,1045,870,548,588,606,619,620,538,448,289,314,327,335,591,507,422,259,274,279,284
12581,Fiji,242,Pakistan,586,1294,1382,1456,1650,1771,1824,1867,653,708,750,871,946,984,1008,641,674,706,779,825,840,859
12582,Fiji,242,Tonga,776,1221,1203,1199,1204,1293,1332,1362,651,636,633,636,692,720,736,570,567,566,568,601,612,626
12583,Fiji,242,Tuvalu,798,378,372,371,372,399,411,420,201,196,196,196,213,222,229,177,176,175,176,186,189,191
12584,Fiji,242,UnitedKingdom,826,759,646,528,308,331,341,348,432,365,293,163,177,184,189,327,281,235,145,154,157,159
12585,Fiji,242,Samoa,882,271,267,266,267,287,296,302,144,141,140,141,154,161,166,127,126,126,126,133,135,136
12586,NewCaledonia,540,Melanesia,928,3153,3654,4156,4427,4698,3611,3833,1723,1972,2221,2374,2527,1749,1850,1430,1682,1935,2053,2171,1862,1983
12587,NewCaledonia,540,Micronesia,954,0,0,0,0,0,0,0,0,0,0,0,0,0,0,0,0,0,0,0,0,0
12588,NewCaledonia,540,Polynesia,957,8284,9605,10918,9347,7768,11709,12430,4309,4929,5539,4723,3901,5770,6102,3975,4676,5379,4624,3867,5939,6328
12589,NewCaledonia,540,Algeria,12,513,594,676,719,763,586,621,291,333,376,401,427,299,317,222,261,300,318,336,287,304
12590,NewCaledonia,540,Australia,36,226,262,298,317,337,258,272,102,116,130,140,150,98,102,124,146,168,177,187,160,170
12591,NewCaledonia,540,Cambodia,116,482,558,635,676,718,551,584,231,263,295,316,338,226,239,251,295,340,360,380,325,345
12592,NewCaledonia,540,China,156,77,89,101,107,114,87,91,41,47,52,56,60,42,45,36,42,49,51,54,45,46
12593,NewCaledonia,540,France,250,19351,22427,25504,30810,36117,43901,46642,11159,12788,14418,17091,19765,24043,25448,8192,9639,11086,13719,16352,19858,21194
12594,NewCaledonia,540,FrenchPolynesia,258,2726,3159,3593,1974,355,532,563,1404,1604,1804,1046,287,423,448,1322,1555,1789,928,68,109,115
12595,NewCaledonia,540,Indonesia,360,819,949,1079,1150,1221,938,994,501,575,649,694,739,526,556,318,374,430,456,482,412,438
12596,NewCaledonia,540,Italy,380,231,267,304,324,344,263,277,169,194,220,236,251,184,194,62,73,84,88,93,79,83
12597,NewCaledonia,540,LaoPeoplesDemocraticRepublic,418,515,597,679,723,768,590,625,247,282,316,339,362,242,256,268,315,363,384,406,348,369
12598,NewCaledonia,540,Morocco,504,479,555,631,672,714,548,581,274,314,354,378,403,282,299,205,241,277,294,311,266,282
12599,NewCaledonia,540,Vanuatu,548,3153,3654,4156,4427,4698,3611,3833,1723,1972,2221,2374,2527,1749,1850,1430,1682,1935,2053,2171,1862,1983
12600,NewCaledonia,540,NewZealand,554,98,113,129,137,146,111,116,50,57,64,68,73,49,52,48,56,65,69,73,62,64
12601,NewCaledonia,540,VietNam,704,499,578,658,706,753,583,617,240,268,307,331,360,238,251,259,310,351,375,393,345,366
12602,NewCaledonia,540,Spain,724,94,109,124,132,140,107,112,51,59,66,71,75,52,55,43,50,58,61,65,55,57
12603,NewCaledonia,540,Tunisia,788,546,633,720,767,814,625,663,308,353,398,425,452,316,335,238,280,322,342,362,309,328
12604,NewCaledonia,540,WallisandFutunaIslands,876,5558,6446,7325,7373,7413,11177,11867,2905,3325,3735,3677,3614,5347,5654,2653,3121,3590,3696,3799,5830,6213
12605,PapuaNewGuinea,598,Melanesia,928,604,617,461,471,399,404,401,328,342,277,294,254,262,265,276,275,184,177,145,142,136
12606,PapuaNewGuinea,598,Micronesia,954,0,0,0,0,0,0,0,0,0,0,0,0,0,0,0,0,0,0,0,0,0
12607,PapuaNewGuinea,598,Polynesia,957,40,40,29,33,27,27,26,21,20,13,19,16,17,18,19,20,16,14,11,10,8
12608,PapuaNewGuinea,598,Australia,36,13916,14258,10675,10675,9056,9183,9219,8115,8672,6878,6996,6092,6223,6268,5801,5586,3797,3679,2964,2960,2951
12609,PapuaNewGuinea,598,SolomonIslands,90,324,331,247,257,218,221,220,189,202,162,175,151,155,156,135,129,85,82,67,66,64
12610,PapuaNewGuinea,598,Canada,124,358,366,274,274,232,235,235,212,231,190,193,166,170,172,146,135,84,81,66,65,63
12611,PapuaNewGuinea,598,SriLanka,144,118,120,89,93,78,79,78,73,81,68,73,62,64,65,45,39,21,20,16,15,13
12612,PapuaNewGuinea,598,China,156,135,138,103,103,87,88,87,50,50,28,31,28,30,31,85,88,75,72,59,58,56
12613,PapuaNewGuinea,598,Fiji,242,128,131,98,98,83,84,83,73,77,61,63,54,56,57,55,54,37,35,29,28,26
12614,PapuaNewGuinea,598,India,356,239,244,182,182,154,156,156,148,164,138,140,120,123,125,91,80,44,42,34,33,31
12615,PapuaNewGuinea,598,Indonesia,360,8108,7293,6663,9806,13219,13527,13592,4648,4312,3526,4671,6921,6950,7015,3460,2981,3137,5135,6298,6577,6577
12616,PapuaNewGuinea,598,Ireland,372,67,68,50,50,42,42,41,35,33,20,22,19,20,21,32,35,30,28,23,22,20
12617,PapuaNewGuinea,598,Japan,392,263,269,201,301,255,258,258,145,147,108,211,182,186,188,118,122,93,90,73,72,70
12618,PapuaNewGuinea,598,RepublicofKorea,410,87,89,66,76,64,64,63,29,43,36,44,34,35,36,58,46,30,32,30,29,27
12619,PapuaNewGuinea,598,Malaysia,458,115,117,87,93,78,79,78,63,63,45,53,46,48,49,52,54,42,40,32,31,29
12620,PapuaNewGuinea,598,Vanuatu,548,152,155,116,116,98,99,98,66,63,54,56,49,51,52,86,92,62,60,49,48,46
12621,PapuaNewGuinea,598,NewZealand,554,2540,2602,1948,2068,1754,1778,1783,1421,1496,1171,1354,1219,1243,1251,1119,1106,777,714,535,535,532
12622,PapuaNewGuinea,598,Philippines,608,2005,2054,1537,1697,1439,1459,1463,1177,1259,1024,1196,1030,1051,1057,828,795,513,501,409,408,406
12623,PapuaNewGuinea,598,RussianFederation,643,41,42,31,31,26,26,25,26,27,22,23,20,21,22,15,15,9,8,6,5,3
12624,PapuaNewGuinea,598,Singapore,702,71,72,53,61,51,51,50,50,48,35,41,32,33,34,21,24,18,20,19,18,16
12625,PapuaNewGuinea,598,Tonga,776,40,40,29,33,27,27,26,21,20,13,19,16,17,18,19,20,16,14,11,10,8
12626,PapuaNewGuinea,598,UnitedKingdom,826,2192,2245,1680,1880,1594,1616,1621,1155,1132,822,1028,908,931,939,1037,1113,858,852,686,685,682
12627,PapuaNewGuinea,598,UnitedRepublicofTanzania,834,38,38,28,34,28,28,27,22,23,19,25,19,21,22,16,15,9,9,9,7,5
12628,PapuaNewGuinea,598,UnitedStatesofAmerica,840,1110,1137,851,851,721,731,733,709,803,685,689,589,600,604,401,334,166,162,132,131,129
12629,SolomonIslands,90,Melanesia,928,1468,1453,1386,1068,820,766,745,748,741,708,567,461,433,423,720,712,678,501,359,333,322
12630,SolomonIslands,90,Micronesia,954,991,980,934,590,283,265,258,470,466,445,293,159,150,147,521,514,489,297,124,115,111
12631,SolomonIslands,90,Polynesia,957,0,0,0,0,0,0,0,0,0,0,0,0,0,0,0,0,0,0,0,0,0
12632,SolomonIslands,90,Australia,36,360,356,340,309,298,279,271,204,202,193,175,167,157,153,156,154,147,134,131,122,118
12633,SolomonIslands,90,Fiji,242,220,218,208,154,110,103,100,107,106,101,79,62,59,58,113,112,107,75,48,44,42
12634,SolomonIslands,90,Kiribati,296,991,980,934,590,283,265,258,470,466,445,293,159,150,147,521,514,489,297,124,115,111
12635,SolomonIslands,90,NewCaledonia,540,129,128,122,76,36,33,32,62,61,58,38,21,19,19,67,67,64,38,15,14,13
12636,SolomonIslands,90,NewZealand,554,141,140,134,103,79,73,71,75,74,71,56,45,42,41,66,66,63,47,34,31,30
12637,SolomonIslands,90,PapuaNewGuinea,598,1110,1098,1047,800,603,564,549,576,571,546,429,338,317,309,534,527,501,371,265,247,240
12638,SolomonIslands,90,Vanuatu,548,9,9,9,38,71,66,64,3,3,3,21,40,38,37,6,6,6,17,31,28,27
12639,SolomonIslands,90,China,156,241,239,228,213,211,197,192,133,132,126,119,119,111,109,108,107,102,94,92,86,83
12640,SolomonIslands,90,Indonesia,360,85,85,81,75,74,69,67,76,76,72,56,42,40,39,9,9,9,19,32,29,28
12641,SolomonIslands,90,Japan,392,101,100,96,61,31,29,28,85,84,80,47,18,17,17,16,16,16,14,13,12,11
12642,SolomonIslands,90,RepublicofKorea,410,38,38,37,34,34,31,30,27,27,26,22,20,18,18,11,11,11,12,14,13,12
12643,SolomonIslands,90,Malaysia,458,133,132,126,117,116,108,105,127,126,120,90,65,61,60,6,6,6,27,51,47,45
12644,SolomonIslands,90,Philippines,608,147,146,140,130,129,120,116,115,114,109,88,73,68,66,32,32,31,42,56,52,50
12645,SolomonIslands,90,UnitedStatesofAmerica,840,135,134,128,77,31,29,28,78,77,73,45,18,17,17,57,57,55,32,13,12,11
12646,SolomonIslands,90,UnitedKingdom,826,85,85,81,59,42,39,38,60,60,57,39,24,23,23,25,25,24,20,18,16,15
12647,Vanuatu,548,Melanesia,928,462,422,376,504,634,674,687,204,224,191,251,318,339,347,258,198,185,253,316,335,340
12648,Vanuatu,548,Micronesia,954,0,0,0,0,0,0,0,0,0,0,0,0,0,0,0,0,0,0,0,0,0
12649,Vanuatu,548,Polynesia,957,24,25,27,27,29,30,30,14,14,14,14,15,16,16,10,11,13,13,14,14,14
12650,Vanuatu,548,Australia,36,442,445,450,549,612,651,665,262,235,227,275,305,324,331,180,210,223,274,307,327,334
12651,Vanuatu,548,NewZealand,554,154,165,173,251,299,318,325,86,87,87,126,149,159,163,68,78,86,125,150,159,162
12652,Vanuatu,548,France,250,244,242,240,379,510,543,555,150,128,121,190,254,271,278,94,114,119,189,256,272,277
12653,Vanuatu,548,UnitedKingdom,826,239,152,95,100,107,113,115,138,80,48,47,54,57,58,101,72,47,53,53,56,57
12654,Vanuatu,548,Fiji,242,166,146,129,176,216,230,235,83,77,65,86,108,115,118,83,69,64,90,108,115,117
12655,Vanuatu,548,NewCaledonia,540,163,161,146,197,242,257,262,66,85,74,99,121,129,132,97,76,72,98,121,128,130
12656,Vanuatu,548,Tonga,776,24,25,27,27,29,30,30,14,14,14,14,15,16,16,10,11,13,13,14,14,14
12657,Vanuatu,548,SolomonIslands,90,83,65,51,75,113,120,122,39,35,26,38,57,61,62,44,30,25,37,56,59,60
12658,Vanuatu,548,PapuaNewGuinea,598,50,50,50,56,63,67,68,16,27,26,28,32,34,35,34,23,24,28,31,33,33
12659,Micronesia,954,Melanesia,928,524,544,563,675,699,770,826,308,322,330,388,390,436,475,216,222,233,287,309,334,351
12660,Micronesia,954,Micronesia,954,13876,16373,18971,20928,20683,20547,21575,6799,8200,9452,10422,10372,10355,10849,7077,8173,9519,10506,10311,10192,10726
12661,Micronesia,954,Polynesia,957,730,670,610,597,367,387,407,406,368,330,330,205,217,233,324,302,280,267,162,170,174
12662,Micronesia,954,Burundi,108,0,0,0,0,0,0,0,0,0,0,0,0,0,0,0,0,0,0,0,0,0
12663,Micronesia,954,Comoros,174,0,0,0,0,0,0,0,0,0,0,0,0,0,0,0,0,0,0,0,0,0
12664,Micronesia,954,Djibouti,262,0,0,0,0,0,0,0,0,0,0,0,0,0,0,0,0,0,0,0,0,0
12665,Micronesia,954,Eritrea,232,0,0,0,0,0,0,0,0,0,0,0,0,0,0,0,0,0,0,0,0,0
12666,Micronesia,954,Ethiopia,231,0,0,0,0,0,0,0,0,0,0,0,0,0,0,0,0,0,0,0,0,0
12667,Micronesia,954,Kenya,404,0,0,0,0,0,0,0,0,0,0,0,0,0,0,0,0,0,0,0,0,0
12668,Micronesia,954,Madagascar,450,0,0,0,0,0,0,0,0,0,0,0,0,0,0,0,0,0,0,0,0,0
12669,Micronesia,954,Malawi,454,0,0,0,0,0,0,0,0,0,0,0,0,0,0,0,0,0,0,0,0,0
12670,Micronesia,954,Mauritius,480,0,0,0,0,0,0,0,0,0,0,0,0,0,0,0,0,0,0,0,0,0
12671,Micronesia,954,Mayotte,175,0,0,0,0,0,0,0,0,0,0,0,0,0,0,0,0,0,0,0,0,0
12672,Micronesia,954,Mozambique,508,0,0,0,0,0,0,0,0,0,0,0,0,0,0,0,0,0,0,0,0,0
12673,Micronesia,954,Reunion,638,0,0,0,0,0,0,0,0,0,0,0,0,0,0,0,0,0,0,0,0,0
12674,Micronesia,954,Rwanda,646,0,0,0,0,0,0,0,0,0,0,0,0,0,0,0,0,0,0,0,0,0
12675,Micronesia,954,Seychelles,690,0,0,0,0,0,0,0,0,0,0,0,0,0,0,0,0,0,0,0,0,0
12676,Micronesia,954,Somalia,706,0,0,0,0,0,0,0,0,0,0,0,0,0,0,0,0,0,0,0,0,0
12677,Micronesia,954,SouthSudan,728,0,0,0,0,0,0,0,0,0,0,0,0,0,0,0,0,0,0,0,0,0
12678,Micronesia,954,Uganda,800,0,0,0,0,0,0,0,0,0,0,0,0,0,0,0,0,0,0,0,0,0
12679,Micronesia,954,UnitedRepublicofTanzania,834,0,0,0,0,0,0,0,0,0,0,0,0,0,0,0,0,0,0,0,0,0
12680,Micronesia,954,Zambia,894,0,0,0,0,0,0,0,0,0,0,0,0,0,0,0,0,0,0,0,0,0
12681,Micronesia,954,Zimbabwe,716,0,0,0,0,0,0,0,0,0,0,0,0,0,0,0,0,0,0,0,0,0
12682,Micronesia,954,Angola,24,0,0,0,0,0,0,0,0,0,0,0,0,0,0,0,0,0,0,0,0,0
12683,Micronesia,954,Cameroon,120,0,0,0,0,0,0,0,0,0,0,0,0,0,0,0,0,0,0,0,0,0
12684,Micronesia,954,CentralAfricanRepublic,140,0,0,0,0,0,0,0,0,0,0,0,0,0,0,0,0,0,0,0,0,0
12685,Micronesia,954,Chad,148,0,0,0,0,0,0,0,0,0,0,0,0,0,0,0,0,0,0,0,0,0
12686,Micronesia,954,Congo,178,0,0,0,0,0,0,0,0,0,0,0,0,0,0,0,0,0,0,0,0,0
12687,Micronesia,954,DemocraticRepublicoftheCongo,180,0,0,0,0,0,0,0,0,0,0,0,0,0,0,0,0,0,0,0,0,0
12688,Micronesia,954,EquatorialGuinea,226,0,0,0,0,0,0,0,0,0,0,0,0,0,0,0,0,0,0,0,0,0
12689,Micronesia,954,Gabon,266,0,0,0,0,0,0,0,0,0,0,0,0,0,0,0,0,0,0,0,0,0
12690,Micronesia,954,SaoTomeandPrincipe,678,0,0,0,0,0,0,0,0,0,0,0,0,0,0,0,0,0,0,0,0,0
12691,Micronesia,954,Algeria,12,0,0,0,0,0,0,0,0,0,0,0,0,0,0,0,0,0,0,0,0,0
12692,Micronesia,954,Egypt,818,0,0,0,0,0,0,0,0,0,0,0,0,0,0,0,0,0,0,0,0,0
12693,Micronesia,954,Libya,434,0,0,0,0,0,0,0,0,0,0,0,0,0,0,0,0,0,0,0,0,0
12694,Micronesia,954,Morocco,504,0,0,0,0,0,0,0,0,0,0,0,0,0,0,0,0,0,0,0,0,0
12695,Micronesia,954,Sudan,729,0,0,0,0,0,0,0,0,0,0,0,0,0,0,0,0,0,0,0,0,0
12696,Micronesia,954,Tunisia,788,0,0,0,0,0,0,0,0,0,0,0,0,0,0,0,0,0,0,0,0,0
12697,Micronesia,954,WesternSahara,732,0,0,0,0,0,0,0,0,0,0,0,0,0,0,0,0,0,0,0,0,0
12698,Micronesia,954,Botswana,72,0,0,0,0,0,0,0,0,0,0,0,0,0,0,0,0,0,0,0,0,0
12699,Micronesia,954,Eswatini,748,0,0,0,0,0,0,0,0,0,0,0,0,0,0,0,0,0,0,0,0,0
12700,Micronesia,954,Lesotho,426,0,0,0,0,0,0,0,0,0,0,0,0,0,0,0,0,0,0,0,0,0
12701,Micronesia,954,Namibia,516,0,0,0,0,0,0,0,0,0,0,0,0,0,0,0,0,0,0,0,0,0
12702,Micronesia,954,SouthAfrica,710,0,0,0,0,0,0,0,0,0,0,0,0,0,0,0,0,0,0,0,0,0
12703,Micronesia,954,Benin,204,0,0,0,0,0,0,0,0,0,0,0,0,0,0,0,0,0,0,0,0,0
12704,Micronesia,954,BurkinaFaso,854,0,0,0,0,0,0,0,0,0,0,0,0,0,0,0,0,0,0,0,0,0
12705,Micronesia,954,CaboVerde,132,0,0,0,0,0,0,0,0,0,0,0,0,0,0,0,0,0,0,0,0,0
12706,Micronesia,954,CotedIvoire,384,0,0,0,0,0,0,0,0,0,0,0,0,0,0,0,0,0,0,0,0,0
12707,Micronesia,954,Gambia,270,0,0,0,0,0,0,0,0,0,0,0,0,0,0,0,0,0,0,0,0,0
12708,Micronesia,954,Ghana,288,0,0,0,0,0,0,0,0,0,0,0,0,0,0,0,0,0,0,0,0,0
12709,Micronesia,954,Guinea,324,0,0,0,0,0,0,0,0,0,0,0,0,0,0,0,0,0,0,0,0,0
12710,Micronesia,954,GuineaBissau,624,0,0,0,0,0,0,0,0,0,0,0,0,0,0,0,0,0,0,0,0,0
12711,Micronesia,954,Liberia,430,0,0,0,0,0,0,0,0,0,0,0,0,0,0,0,0,0,0,0,0,0
12712,Micronesia,954,Mali,466,0,0,0,0,0,0,0,0,0,0,0,0,0,0,0,0,0,0,0,0,0
12713,Micronesia,954,Mauritania,478,0,0,0,0,0,0,0,0,0,0,0,0,0,0,0,0,0,0,0,0,0
12714,Micronesia,954,Niger,562,0,0,0,0,0,0,0,0,0,0,0,0,0,0,0,0,0,0,0,0,0
12715,Micronesia,954,Nigeria,566,0,0,0,0,0,0,0,0,0,0,0,0,0,0,0,0,0,0,0,0,0
12716,Micronesia,954,SaintHelena,654,0,0,0,0,0,0,0,0,0,0,0,0,0,0,0,0,0,0,0,0,0
12717,Micronesia,954,Senegal,686,0,0,0,0,0,0,0,0,0,0,0,0,0,0,0,0,0,0,0,0,0
12718,Micronesia,954,SierraLeone,694,0,0,0,0,0,0,0,0,0,0,0,0,0,0,0,0,0,0,0,0,0
12719,Micronesia,954,Togo,768,0,0,0,0,0,0,0,0,0,0,0,0,0,0,0,0,0,0,0,0,0
12720,Micronesia,954,Kazakhstan,398,0,0,0,0,0,0,0,0,0,0,0,0,0,0,0,0,0,0,0,0,0
12721,Micronesia,954,Kyrgyzstan,417,0,0,0,0,0,0,0,0,0,0,0,0,0,0,0,0,0,0,0,0,0
12722,Micronesia,954,Tajikistan,762,0,0,0,0,0,0,0,0,0,0,0,0,0,0,0,0,0,0,0,0,0
12723,Micronesia,954,Turkmenistan,795,0,0,0,0,0,0,0,0,0,0,0,0,0,0,0,0,0,0,0,0,0
12724,Micronesia,954,Uzbekistan,860,0,0,0,0,0,0,0,0,0,0,0,0,0,0,0,0,0,0,0,0,0
12725,Micronesia,954,China,156,5181,11157,17936,13216,5974,5733,5922,2446,3943,5335,3859,2007,2007,2096,2735,7214,12601,9357,3967,3726,3826
12726,Micronesia,954,China,156,344,8,7,8,15,18,21,20,3,4,4,9,13,14,14,5,3,4,6,5,7
12727,Micronesia,954,China,156,446,0,0,0,0,0,0,0,0,0,0,0,0,0,0,0,0,0,0,0,0
12728,Micronesia,954,China,156,158,0,0,0,0,0,0,0,0,0,0,0,0,0,0,0,0,0,0,0,0
12729,Micronesia,954,DemPeoplesRepublicofKorea,408,0,0,0,0,0,0,0,0,0,0,0,0,0,0,0,0,0,0,0,0,0
12730,Micronesia,954,Japan,392,3305,3358,3582,3289,2886,2824,2948,1697,1725,1831,1670,1479,1451,1511,1608,1633,1751,1619,1407,1373,1437
12731,Micronesia,954,Mongolia,496,0,0,0,0,0,0,0,0,0,0,0,0,0,0,0,0,0,0,0,0,0
12732,Micronesia,954,RepublicofKorea,410,6080,5426,5008,4949,4415,4262,4427,3062,2796,2602,2479,2170,2100,2184,3018,2630,2406,2470,2245,2162,2243
12733,Micronesia,954,BruneiDarussalam,96,0,0,0,0,0,0,0,0,0,0,0,0,0,0,0,0,0,0,0,0,0
12734,Micronesia,954,Cambodia,116,0,0,0,0,0,0,0,0,0,0,0,0,0,0,0,0,0,0,0,0,0
12735,Micronesia,954,Indonesia,360,0,0,0,0,0,0,0,0,0,0,0,0,0,0,0,0,0,0,0,0,0
12736,Micronesia,954,LaoPeoplesDemocraticRepublic,418,0,0,0,0,0,0,0,0,0,0,0,0,0,0,0,0,0,0,0,0,0
12737,Micronesia,954,Malaysia,458,0,0,0,0,0,0,0,0,0,0,0,0,0,0,0,0,0,0,0,0,0
12738,Micronesia,954,Myanmar,104,0,0,0,0,0,0,0,0,0,0,0,0,0,0,0,0,0,0,0,0,0
12739,Micronesia,954,Philippines,608,39322,44590,49813,49849,45278,43976,45898,22137,24176,25968,25640,23260,22635,23509,17185,20414,23845,24209,22018,21341,22389
12740,Micronesia,954,Singapore,702,0,0,0,0,0,0,0,0,0,0,0,0,0,0,0,0,0,0,0,0,0
12741,Micronesia,954,Thailand,764,0,0,0,0,0,0,0,0,0,0,0,0,0,0,0,0,0,0,0,0,0
12742,Micronesia,954,TimorLeste,626,0,0,0,0,0,0,0,0,0,0,0,0,0,0,0,0,0,0,0,0,0
12743,Micronesia,954,VietNam,704,352,352,351,351,351,354,373,151,153,155,168,182,184,194,201,199,196,183,169,170,179
12744,Micronesia,954,Afghanistan,4,0,0,0,0,0,0,0,0,0,0,0,0,0,0,0,0,0,0,0,0,0
12745,Micronesia,954,Bangladesh,50,434,590,783,698,413,370,371,421,563,755,670,392,352,354,13,27,28,28,21,18,17
12746,Micronesia,954,Bhutan,64,0,0,0,0,0,0,0,0,0,0,0,0,0,0,0,0,0,0,0,0,0
12747,Micronesia,954,India,356,0,0,0,0,0,0,0,0,0,0,0,0,0,0,0,0,0,0,0,0,0
12748,Micronesia,954,IranIslamicRepublicof,364,0,0,0,0,31,372,356,0,0,0,0,23,274,268,0,0,0,0,8,98,88
12749,Micronesia,954,Maldives,462,0,0,0,0,0,0,0,0,0,0,0,0,0,0,0,0,0,0,0,0,0
12750,Micronesia,954,Nepal,524,156,191,239,221,140,125,124,130,161,201,184,114,101,101,26,30,38,37,26,24,23
12751,Micronesia,954,Pakistan,586,0,0,0,0,0,0,0,0,0,0,0,0,0,0,0,0,0,0,0,0,0
12752,Micronesia,954,SriLanka,144,0,0,0,0,216,39,134,0,0,0,0,161,30,103,0,0,0,0,55,9,31
12753,Micronesia,954,Armenia,51,0,0,0,0,0,0,0,0,0,0,0,0,0,0,0,0,0,0,0,0,0
12754,Micronesia,954,Azerbaijan,31,0,0,0,0,0,0,0,0,0,0,0,0,0,0,0,0,0,0,0,0,0
12755,Micronesia,954,Bahrain,48,0,0,0,0,0,0,0,0,0,0,0,0,0,0,0,0,0,0,0,0,0
12756,Micronesia,954,Cyprus,196,0,0,0,0,0,0,0,0,0,0,0,0,0,0,0,0,0,0,0,0,0
12757,Micronesia,954,Georgia,268,0,0,0,0,0,0,0,0,0,0,0,0,0,0,0,0,0,0,0,0,0
12758,Micronesia,954,Iraq,368,0,0,0,0,0,0,0,0,0,0,0,0,0,0,0,0,0,0,0,0,0
12759,Micronesia,954,Israel,376,0,0,0,0,0,0,0,0,0,0,0,0,0,0,0,0,0,0,0,0,0
12760,Micronesia,954,Jordan,400,0,0,0,0,0,0,0,0,0,0,0,0,0,0,0,0,0,0,0,0,0
12761,Micronesia,954,Kuwait,414,0,0,0,0,0,0,0,0,0,0,0,0,0,0,0,0,0,0,0,0,0
12762,Micronesia,954,Lebanon,422,0,0,0,0,0,0,0,0,0,0,0,0,0,0,0,0,0,0,0,0,0
12763,Micronesia,954,Oman,512,0,0,0,0,0,0,0,0,0,0,0,0,0,0,0,0,0,0,0,0,0
12764,Micronesia,954,Qatar,634,0,0,0,0,0,0,0,0,0,0,0,0,0,0,0,0,0,0,0,0,0
12765,Micronesia,954,SaudiArabia,682,0,0,0,0,0,0,0,0,0,0,0,0,0,0,0,0,0,0,0,0,0
12766,Micronesia,954,StateofPalestine,275,0,0,0,0,0,0,0,0,0,0,0,0,0,0,0,0,0,0,0,0,0
12767,Micronesia,954,SyrianArabRepublic,760,0,0,0,0,0,0,0,0,0,0,0,0,0,0,0,0,0,0,0,0,0
12768,Micronesia,954,Turkey,792,0,0,0,0,0,0,0,0,0,0,0,0,0,0,0,0,0,0,0,0,0
12769,Micronesia,954,UnitedArabEmirates,784,0,0,0,0,0,0,0,0,0,0,0,0,0,0,0,0,0,0,0,0,0
12770,Micronesia,954,Yemen,887,0,0,0,0,0,0,0,0,0,0,0,0,0,0,0,0,0,0,0,0,0
12771,Micronesia,954,Belarus,112,0,0,0,0,0,0,0,0,0,0,0,0,0,0,0,0,0,0,0,0,0
12772,Micronesia,954,Bulgaria,100,0,0,0,0,0,0,0,0,0,0,0,0,0,0,0,0,0,0,0,0,0
12773,Micronesia,954,Czechia,203,0,0,0,0,0,0,0,0,0,0,0,0,0,0,0,0,0,0,0,0,0
12774,Micronesia,954,Hungary,348,0,0,0,0,0,0,0,0,0,0,0,0,0,0,0,0,0,0,0,0,0
12775,Micronesia,954,Poland,616,0,0,0,0,0,0,0,0,0,0,0,0,0,0,0,0,0,0,0,0,0
12776,Micronesia,954,RepublicofMoldova,498,0,0,0,0,0,0,0,0,0,0,0,0,0,0,0,0,0,0,0,0,0
12777,Micronesia,954,Romania,642,0,0,0,0,0,0,0,0,0,0,0,0,0,0,0,0,0,0,0,0,0
12778,Micronesia,954,RussianFederation,643,0,0,0,0,0,0,0,0,0,0,0,0,0,0,0,0,0,0,0,0,0
12779,Micronesia,954,Slovakia,703,0,0,0,0,0,0,0,0,0,0,0,0,0,0,0,0,0,0,0,0,0
12780,Micronesia,954,Ukraine,804,0,0,0,0,0,0,0,0,0,0,0,0,0,0,0,0,0,0,0,0,0
12781,Micronesia,954,ChannelIslands,830,0,0,0,0,0,0,0,0,0,0,0,0,0,0,0,0,0,0,0,0,0
12782,Micronesia,954,Denmark,208,0,0,0,0,0,0,0,0,0,0,0,0,0,0,0,0,0,0,0,0,0
12783,Micronesia,954,Estonia,233,0,0,0,0,0,0,0,0,0,0,0,0,0,0,0,0,0,0,0,0,0
12784,Micronesia,954,FaroeIslands,234,0,0,0,0,0,0,0,0,0,0,0,0,0,0,0,0,0,0,0,0,0
12785,Micronesia,954,Finland,246,0,0,0,0,0,0,0,0,0,0,0,0,0,0,0,0,0,0,0,0,0
12786,Micronesia,954,Iceland,352,0,0,0,0,0,0,0,0,0,0,0,0,0,0,0,0,0,0,0,0,0
12787,Micronesia,954,Ireland,372,0,0,0,0,0,0,0,0,0,0,0,0,0,0,0,0,0,0,0,0,0
12788,Micronesia,954,IsleofMan,833,0,0,0,0,0,0,0,0,0,0,0,0,0,0,0,0,0,0,0,0,0
12789,Micronesia,954,Latvia,428,0,0,0,0,0,0,0,0,0,0,0,0,0,0,0,0,0,0,0,0,0
12790,Micronesia,954,Lithuania,440,0,0,0,0,0,0,0,0,0,0,0,0,0,0,0,0,0,0,0,0,0
12791,Micronesia,954,Norway,578,0,0,0,0,0,0,0,0,0,0,0,0,0,0,0,0,0,0,0,0,0
12792,Micronesia,954,Sweden,752,0,0,0,0,0,0,0,0,0,0,0,0,0,0,0,0,0,0,0,0,0
12793,Micronesia,954,UnitedKingdom,826,23,18,13,11,9,8,7,19,14,9,7,4,4,4,4,4,4,4,5,4,3
12794,Micronesia,954,Albania,8,0,0,0,0,0,0,0,0,0,0,0,0,0,0,0,0,0,0,0,0,0
12795,Micronesia,954,Andorra,20,0,0,0,0,0,0,0,0,0,0,0,0,0,0,0,0,0,0,0,0,0
12796,Micronesia,954,BosniaandHerzegovina,70,0,0,0,0,0,0,0,0,0,0,0,0,0,0,0,0,0,0,0,0,0
12797,Micronesia,954,Croatia,191,0,0,0,0,0,0,0,0,0,0,0,0,0,0,0,0,0,0,0,0,0
12798,Micronesia,954,Gibraltar,292,0,0,0,0,0,0,0,0,0,0,0,0,0,0,0,0,0,0,0,0,0
12799,Micronesia,954,Greece,300,0,0,0,0,0,0,0,0,0,0,0,0,0,0,0,0,0,0,0,0,0
12800,Micronesia,954,HolySee,336,0,0,0,0,0,0,0,0,0,0,0,0,0,0,0,0,0,0,0,0,0
12801,Micronesia,954,Italy,380,0,0,0,0,0,0,0,0,0,0,0,0,0,0,0,0,0,0,0,0,0
12802,Micronesia,954,Malta,470,0,0,0,0,0,0,0,0,0,0,0,0,0,0,0,0,0,0,0,0,0
12803,Micronesia,954,Montenegro,499,0,0,0,0,0,0,0,0,0,0,0,0,0,0,0,0,0,0,0,0,0
12804,Micronesia,954,NorthMacedonia,807,0,0,0,0,0,0,0,0,0,0,0,0,0,0,0,0,0,0,0,0,0
12805,Micronesia,954,Portugal,620,0,0,0,0,0,0,0,0,0,0,0,0,0,0,0,0,0,0,0,0,0
12806,Micronesia,954,SanMarino,674,0,0,0,0,0,0,0,0,0,0,0,0,0,0,0,0,0,0,0,0,0
12807,Micronesia,954,Serbia,688,0,0,0,0,0,0,0,0,0,0,0,0,0,0,0,0,0,0,0,0,0
12808,Micronesia,954,Slovenia,705,0,0,0,0,0,0,0,0,0,0,0,0,0,0,0,0,0,0,0,0,0
12809,Micronesia,954,Spain,724,0,0,0,0,0,0,0,0,0,0,0,0,0,0,0,0,0,0,0,0,0
12810,Micronesia,954,Austria,40,0,0,0,0,0,0,0,0,0,0,0,0,0,0,0,0,0,0,0,0,0
12811,Micronesia,954,Belgium,56,0,0,0,0,0,0,0,0,0,0,0,0,0,0,0,0,0,0,0,0,0
12812,Micronesia,954,France,250,0,0,0,0,0,0,0,0,0,0,0,0,0,0,0,0,0,0,0,0,0
12813,Micronesia,954,Germany,276,0,0,0,0,0,0,0,0,0,0,0,0,0,0,0,0,0,0,0,0,0
12814,Micronesia,954,Liechtenstein,438,0,0,0,0,0,0,0,0,0,0,0,0,0,0,0,0,0,0,0,0,0
12815,Micronesia,954,Luxembourg,442,0,0,0,0,0,0,0,0,0,0,0,0,0,0,0,0,0,0,0,0,0
12816,Micronesia,954,Monaco,492,0,0,0,0,0,0,0,0,0,0,0,0,0,0,0,0,0,0,0,0,0
12817,Micronesia,954,Netherlands,528,0,0,0,0,0,0,0,0,0,0,0,0,0,0,0,0,0,0,0,0,0
12818,Micronesia,954,Switzerland,756,0,0,0,0,0,0,0,0,0,0,0,0,0,0,0,0,0,0,0,0,0
12819,Micronesia,954,Anguilla,660,0,0,0,0,0,0,0,0,0,0,0,0,0,0,0,0,0,0,0,0,0
12820,Micronesia,954,AntiguaandBarbuda,28,0,0,0,0,0,0,0,0,0,0,0,0,0,0,0,0,0,0,0,0,0
12821,Micronesia,954,Aruba,533,0,0,0,0,0,0,0,0,0,0,0,0,0,0,0,0,0,0,0,0,0
12822,Micronesia,954,Bahamas,44,0,0,0,0,0,0,0,0,0,0,0,0,0,0,0,0,0,0,0,0,0
12823,Micronesia,954,Barbados,52,0,0,0,0,0,0,0,0,0,0,0,0,0,0,0,0,0,0,0,0,0
12824,Micronesia,954,Bonaire,16,535,0,0,0,0,0,0,0,0,0,0,0,0,0,0,0,0,0,0,0,0
12825,Micronesia,954,BritishVirginIslands,92,0,0,0,0,0,0,0,0,0,0,0,0,0,0,0,0,0,0,0,0,0
12826,Micronesia,954,CaymanIslands,136,0,0,0,0,0,0,0,0,0,0,0,0,0,0,0,0,0,0,0,0,0
12827,Micronesia,954,Cuba,192,0,0,0,0,0,0,0,0,0,0,0,0,0,0,0,0,0,0,0,0,0
12828,Micronesia,954,CuraÃao,531,0,0,0,0,0,0,0,0,0,0,0,0,0,0,0,0,0,0,0,0,0
12829,Micronesia,954,Dominica,212,0,0,0,0,0,0,0,0,0,0,0,0,0,0,0,0,0,0,0,0,0
12830,Micronesia,954,DominicanRepublic,214,0,0,0,0,0,0,0,0,0,0,0,0,0,0,0,0,0,0,0,0,0
12831,Micronesia,954,Grenada,308,0,0,0,0,0,0,0,0,0,0,0,0,0,0,0,0,0,0,0,0,0
12832,Micronesia,954,Guadeloupe,312,0,0,0,0,0,0,0,0,0,0,0,0,0,0,0,0,0,0,0,0,0
12833,Micronesia,954,Haiti,332,0,0,0,0,0,0,0,0,0,0,0,0,0,0,0,0,0,0,0,0,0
12834,Micronesia,954,Jamaica,388,0,0,0,0,0,0,0,0,0,0,0,0,0,0,0,0,0,0,0,0,0
12835,Micronesia,954,Martinique,474,0,0,0,0,0,0,0,0,0,0,0,0,0,0,0,0,0,0,0,0,0
12836,Micronesia,954,Montserrat,500,0,0,0,0,0,0,0,0,0,0,0,0,0,0,0,0,0,0,0,0,0
12837,Micronesia,954,PuertoRico,630,1117,1327,1606,3473,4933,4861,5094,555,670,785,1698,2437,2407,2527,562,657,821,1775,2496,2454,2567
12838,Micronesia,954,SaintBarthelemy,652,0,0,0,0,0,0,0,0,0,0,0,0,0,0,0,0,0,0,0,0,0
12839,Micronesia,954,SaintKittsandNevis,659,0,0,0,0,0,0,0,0,0,0,0,0,0,0,0,0,0,0,0,0,0
12840,Micronesia,954,SaintLucia,662,0,0,0,0,0,0,0,0,0,0,0,0,0,0,0,0,0,0,0,0,0
12841,Micronesia,954,SaintMartinFrenchpart,663,0,0,0,0,0,0,0,0,0,0,0,0,0,0,0,0,0,0,0,0,0
12842,Micronesia,954,SaintVincentandtheGrenadines,670,0,0,0,0,0,0,0,0,0,0,0,0,0,0,0,0,0,0,0,0,0
12843,Micronesia,954,SintMaartenDutchpart,534,0,0,0,0,0,0,0,0,0,0,0,0,0,0,0,0,0,0,0,0,0
12844,Micronesia,954,TrinidadandTobago,780,0,0,0,0,0,0,0,0,0,0,0,0,0,0,0,0,0,0,0,0,0
12845,Micronesia,954,TurksandCaicosIslands,796,0,0,0,0,0,0,0,0,0,0,0,0,0,0,0,0,0,0,0,0,0
12846,Micronesia,954,UnitedStatesVirginIslands,850,0,0,0,0,0,0,0,0,0,0,0,0,0,0,0,0,0,0,0,0,0
12847,Micronesia,954,Belize,84,0,0,0,0,0,0,0,0,0,0,0,0,0,0,0,0,0,0,0,0,0
12848,Micronesia,954,CostaRica,188,0,0,0,0,0,0,0,0,0,0,0,0,0,0,0,0,0,0,0,0,0
12849,Micronesia,954,ElSalvador,222,0,0,0,0,0,0,0,0,0,0,0,0,0,0,0,0,0,0,0,0,0
12850,Micronesia,954,Guatemala,320,0,0,0,0,0,0,0,0,0,0,0,0,0,0,0,0,0,0,0,0,0
12851,Micronesia,954,Honduras,340,0,0,0,0,0,0,0,0,0,0,0,0,0,0,0,0,0,0,0,0,0
12852,Micronesia,954,Mexico,484,0,0,0,0,0,0,0,0,0,0,0,0,0,0,0,0,0,0,0,0,0
12853,Micronesia,954,Nicaragua,558,0,0,0,0,0,0,0,0,0,0,0,0,0,0,0,0,0,0,0,0,0
12854,Micronesia,954,Panama,591,0,0,0,0,0,0,0,0,0,0,0,0,0,0,0,0,0,0,0,0,0
12855,Micronesia,954,Argentina,32,0,0,0,0,0,0,0,0,0,0,0,0,0,0,0,0,0,0,0,0,0
12856,Micronesia,954,BoliviaPlurinationalStateof,68,0,0,0,0,0,0,0,0,0,0,0,0,0,0,0,0,0,0,0,0,0
12857,Micronesia,954,Brazil,76,0,0,0,0,0,0,0,0,0,0,0,0,0,0,0,0,0,0,0,0,0
12858,Micronesia,954,Chile,152,0,0,0,0,0,0,0,0,0,0,0,0,0,0,0,0,0,0,0,0,0
12859,Micronesia,954,Colombia,170,0,0,0,0,0,0,0,0,0,0,0,0,0,0,0,0,0,0,0,0,0
12860,Micronesia,954,Ecuador,218,0,0,0,0,0,0,0,0,0,0,0,0,0,0,0,0,0,0,0,0,0
12861,Micronesia,954,FalklandIslandsMalvinas,238,0,0,0,0,0,0,0,0,0,0,0,0,0,0,0,0,0,0,0,0,0
12862,Micronesia,954,FrenchGuiana,254,0,0,0,0,0,0,0,0,0,0,0,0,0,0,0,0,0,0,0,0,0
12863,Micronesia,954,Guyana,328,0,0,0,0,0,0,0,0,0,0,0,0,0,0,0,0,0,0,0,0,0
12864,Micronesia,954,Paraguay,600,0,0,0,0,0,0,0,0,0,0,0,0,0,0,0,0,0,0,0,0,0
12865,Micronesia,954,Peru,604,0,0,0,0,0,0,0,0,0,0,0,0,0,0,0,0,0,0,0,0,0
12866,Micronesia,954,Suriname,740,0,0,0,0,0,0,0,0,0,0,0,0,0,0,0,0,0,0,0,0,0
12867,Micronesia,954,Uruguay,858,0,0,0,0,0,0,0,0,0,0,0,0,0,0,0,0,0,0,0,0,0
12868,Micronesia,954,VenezuelaBolivarianRepublicof,862,0,0,0,0,0,0,0,0,0,0,0,0,0,0,0,0,0,0,0,0,0
12869,Micronesia,954,Bermuda,60,0,0,0,0,0,0,0,0,0,0,0,0,0,0,0,0,0,0,0,0,0
12870,Micronesia,954,Canada,124,0,0,0,0,0,0,0,0,0,0,0,0,0,0,0,0,0,0,0,0,0
12871,Micronesia,954,Greenland,304,0,0,0,0,0,0,0,0,0,0,0,0,0,0,0,0,0,0,0,0,0
12872,Micronesia,954,SaintPierreandMiquelon,666,0,0,0,0,0,0,0,0,0,0,0,0,0,0,0,0,0,0,0,0,0
12873,Micronesia,954,UnitedStatesofAmerica,840,30418,26576,22653,22324,21661,21723,22822,18764,16021,13237,12348,11326,11364,11920,11654,10555,9416,9976,10335,10359,10902
12874,Micronesia,954,Australia,36,266,261,257,244,105,120,129,158,151,144,138,59,69,77,108,110,113,106,46,51,52
12875,Micronesia,954,NewZealand,554,74,67,62,69,56,57,59,49,43,39,45,37,39,42,25,24,23,24,19,18,17
12876,Micronesia,954,Fiji,242,485,508,530,644,658,706,753,280,297,308,367,363,393,424,205,211,222,277,295,313,329
12877,Micronesia,954,NewCaledonia,540,0,0,0,0,0,0,0,0,0,0,0,0,0,0,0,0,0,0,0,0,0
12878,Micronesia,954,PapuaNewGuinea,598,0,0,0,0,0,0,0,0,0,0,0,0,0,0,0,0,0,0,0,0,0
12879,Micronesia,954,SolomonIslands,90,39,36,33,31,41,64,73,28,25,22,21,27,43,51,11,11,11,10,14,21,22
12880,Micronesia,954,Vanuatu,548,0,0,0,0,0,0,0,0,0,0,0,0,0,0,0,0,0,0,0,0,0
12881,Micronesia,954,Guam,316,1269,1493,1683,1595,1111,999,1009,630,780,874,787,508,462,458,639,713,809,808,603,537,551
12882,Micronesia,954,Kiribati,296,1278,1218,1164,1151,391,484,516,624,604,581,577,222,273,296,654,614,583,574,169,211,220
12883,Micronesia,954,MarshallIslands,584,311,384,468,434,378,372,383,160,208,241,216,187,184,192,151,176,227,218,191,188,191
12884,Micronesia,954,MicronesiaFedStatesof,583,4940,7116,9334,11237,12463,12396,13032,2583,3669,4737,5664,6274,6263,6570,2357,3447,4597,5573,6189,6133,6462
12885,Micronesia,954,Nauru,520,921,988,1055,1250,1446,1471,1586,399,456,513,620,727,740,792,522,532,542,630,719,731,794
12886,Micronesia,954,NorthernMarianaIslands,580,2215,2350,2476,2547,2542,2532,2664,1043,1123,1189,1256,1292,1296,1354,1172,1227,1287,1291,1250,1236,1310
12887,Micronesia,954,Palau,585,2942,2824,2791,2714,2352,2293,2385,1360,1360,1317,1302,1162,1137,1187,1582,1464,1474,1412,1190,1156,1198
12888,Micronesia,954,AmericanSamoa,16,19,17,15,19,21,23,22,11,11,9,11,12,12,12,8,6,6,8,9,11,10
12889,Micronesia,954,CookIslands,184,0,0,0,0,0,0,0,0,0,0,0,0,0,0,0,0,0,0,0,0,0
12890,Micronesia,954,FrenchPolynesia,258,0,0,0,0,0,0,0,0,0,0,0,0,0,0,0,0,0,0,0,0,0
12891,Micronesia,954,Niue,570,0,0,0,0,0,0,0,0,0,0,0,0,0,0,0,0,0,0,0,0,0
12892,Micronesia,954,Samoa,882,11,14,16,17,22,21,20,5,7,9,8,10,10,10,6,7,7,9,12,11,10
12893,Micronesia,954,Tokelau,772,0,0,0,0,0,0,0,0,0,0,0,0,0,0,0,0,0,0,0,0,0
12894,Micronesia,954,Tonga,776,7,8,9,14,15,18,17,4,3,4,7,8,9,9,3,5,5,7,7,9,8
12895,Micronesia,954,Tuvalu,798,693,631,570,547,309,325,348,386,347,308,304,175,186,202,307,284,262,243,134,139,146
12896,Micronesia,954,WallisandFutunaIslands,876,0,0,0,0,0,0,0,0,0,0,0,0,0,0,0,0,0,0,0,0,0
12897,Guam,316,Melanesia,928,0,0,0,0,0,0,0,0,0,0,0,0,0,0,0,0,0,0,0,0,0
12898,Guam,316,Micronesia,954,6301,8513,10722,12567,14411,14538,15370,3127,4227,5326,6381,7439,7500,7933,3174,4286,5396,6186,6972,7038,7437
12899,Guam,316,Polynesia,957,0,0,0,0,0,0,0,0,0,0,0,0,0,0,0,0,0,0,0,0,0
12900,Guam,316,China,156,1719,2215,2710,2422,2133,2152,2275,1249,1315,1380,1241,1101,1110,1175,470,900,1330,1181,1032,1042,1100
12901,Guam,316,Japan,392,2455,2451,2446,2264,2082,2100,2219,1147,1161,1174,1124,1075,1084,1146,1308,1290,1272,1140,1007,1016,1073
12902,Guam,316,RepublicofKorea,410,3582,3411,3240,2964,2687,2711,2865,2115,1880,1645,1516,1387,1399,1479,1467,1531,1595,1448,1300,1312,1386
12903,Guam,316,NorthernMarianaIslands,580,2019,2098,2176,2187,2197,2216,2342,931,982,1032,1083,1134,1143,1209,1088,1116,1144,1104,1063,1073,1133
12904,Guam,316,MicronesiaFedStatesof,583,2962,4962,6961,8753,10545,10639,11251,1623,2607,3590,4516,5443,5488,5805,1339,2355,3371,4237,5102,5151,5446
12905,Guam,316,MarshallIslands,584,88,169,250,241,232,234,246,48,93,139,129,120,121,128,40,76,111,112,112,113,118
12906,Guam,316,Palau,585,1232,1284,1335,1386,1437,1449,1531,525,545,565,653,742,748,791,707,739,770,733,695,701,740
12907,Guam,316,Philippines,608,24527,28576,32625,30827,29028,29289,30994,12732,14511,16290,15637,14983,15107,15980,11795,14065,16335,15190,14045,14182,15014
12908,Guam,316,PuertoRico,630,194,194,193,2054,3915,3950,4176,111,102,92,1056,2021,2038,2155,83,92,101,998,1894,1912,2021
12909,Guam,316,VietNam,704,352,352,351,351,351,354,373,151,153,155,168,182,184,194,201,199,196,183,169,170,179
12910,Guam,316,UnitedStatesofAmerica,840,27990,23543,19095,18719,18343,18508,19572,17285,14198,11110,10289,9468,9547,10096,10705,9345,7985,8430,8875,8961,9476
12911,Kiribati,296,Melanesia,928,221,248,275,382,489,497,531,121,137,152,206,259,263,282,100,111,123,176,230,234,249
12912,Kiribati,296,Micronesia,954,921,988,1055,1250,1446,1471,1586,399,456,513,620,727,740,792,522,532,542,630,719,731,794
12913,Kiribati,296,Polynesia,957,377,339,302,295,288,292,311,203,177,152,157,162,165,177,174,162,150,138,126,127,134
12914,Kiribati,296,Australia,36,64,75,86,83,81,82,86,40,42,44,44,45,46,49,24,33,42,39,36,36,37
12915,Kiribati,296,Fiji,242,221,248,275,382,489,497,531,121,137,152,206,259,263,282,100,111,123,176,230,234,249
12916,Kiribati,296,Nauru,520,921,988,1055,1250,1446,1471,1586,399,456,513,620,727,740,792,522,532,542,630,719,731,794
12917,Kiribati,296,NewZealand,554,42,38,35,44,54,54,56,28,24,21,28,35,36,39,14,14,14,16,19,18,17
12918,Kiribati,296,Tuvalu,798,377,339,302,295,288,292,311,203,177,152,157,162,165,177,174,162,150,138,126,127,134
12919,Kiribati,296,UnitedKingdom,826,23,18,13,11,9,8,7,19,14,9,7,4,4,4,4,4,4,4,5,4,3
12920,Kiribati,296,UnitedStatesofAmerica,840,43,40,38,39,40,40,42,16,20,25,27,29,29,32,27,20,13,12,11,11,10
12921,MarshallIslands,584,Melanesia,928,43,56,67,86,111,118,117,28,39,44,56,69,74,74,15,17,23,30,42,44,43
12922,MarshallIslands,584,Micronesia,954,186,235,297,380,487,517,521,127,158,190,230,289,307,309,59,77,107,150,198,210,212
12923,MarshallIslands,584,Polynesia,957,0,0,0,0,0,0,0,0,0,0,0,0,0,0,0,0,0,0,0,0,0
12924,MarshallIslands,584,China,156,40,89,153,231,296,318,318,35,61,107,156,199,211,212,5,28,46,75,97,107,106
12925,MarshallIslands,584,Fiji,242,43,56,67,86,111,118,117,28,39,44,56,69,74,74,15,17,23,30,42,44,43
12926,MarshallIslands,584,Kiribati,296,94,123,158,202,259,275,275,67,88,107,128,159,169,170,27,35,51,74,100,106,105
12927,MarshallIslands,584,MicronesiaFedStatesof,583,92,112,139,178,228,242,246,60,70,83,102,130,138,139,32,42,56,76,98,104,107
12928,MarshallIslands,584,Philippines,608,120,209,311,398,509,541,541,38,102,173,220,293,311,312,82,107,138,178,216,230,229
12929,MarshallIslands,584,UnitedStatesofAmerica,840,633,716,856,1053,1346,1430,1441,399,436,515,648,826,876,881,234,280,341,405,520,554,560
12930,MicronesiaFedStatesof,583,Melanesia,928,0,0,0,0,0,0,0,0,0,0,0,0,0,0,0,0,0,0,0,0,0
12931,MicronesiaFedStatesof,583,Micronesia,954,662,598,555,515,495,485,490,379,381,308,279,267,263,269,283,217,247,236,228,222,221
12932,MicronesiaFedStatesof,583,Polynesia,957,37,39,40,50,58,62,59,20,21,22,26,30,31,31,17,18,18,24,28,31,28
12933,MicronesiaFedStatesof,583,AmericanSamoa,16,19,17,15,19,21,23,22,11,11,9,11,12,12,12,8,6,6,8,9,11,10
12934,MicronesiaFedStatesof,583,Guam,316,55,49,45,41,39,38,37,32,32,26,23,22,22,22,23,17,19,18,17,16,15
12935,MicronesiaFedStatesof,583,China,156,344,8,7,8,15,18,21,20,3,4,4,9,13,14,14,5,3,4,6,5,7
12936,MicronesiaFedStatesof,583,Japan,392,66,59,55,51,49,48,47,38,38,32,29,28,28,28,28,21,23,22,21,20,19
12937,MicronesiaFedStatesof,583,RepublicofKorea,410,65,58,54,50,48,47,46,38,38,32,29,28,28,28,27,20,22,21,20,19,18
12938,MicronesiaFedStatesof,583,NorthernMarianaIslands,580,103,93,86,80,77,75,75,59,60,49,45,43,42,43,44,33,37,35,34,33,32
12939,MicronesiaFedStatesof,583,MarshallIslands,584,126,114,106,98,94,92,92,72,73,60,54,52,51,52,54,41,46,44,42,41,40
12940,MicronesiaFedStatesof,583,Palau,585,378,342,318,296,285,280,286,216,216,173,157,150,148,152,162,126,145,139,135,132,134
12941,MicronesiaFedStatesof,583,Philippines,608,170,154,143,133,128,125,127,97,98,80,73,70,68,70,73,56,63,60,58,57,57
12942,MicronesiaFedStatesof,583,Tonga,776,7,8,9,14,15,18,17,4,3,4,7,8,9,9,3,5,5,7,7,9,8
12943,MicronesiaFedStatesof,583,UnitedStatesofAmerica,840,234,212,197,183,176,172,175,134,135,110,100,96,94,97,100,77,87,83,80,78,78
12944,MicronesiaFedStatesof,583,Samoa,882,11,14,16,17,22,21,20,5,7,9,8,10,10,10,6,7,7,9,12,11,10
12945,Nauru,520,Melanesia,928,260,240,221,207,99,155,178,159,146,134,126,62,99,119,101,94,87,81,37,56,59
12946,Nauru,520,Micronesia,954,1184,1095,1006,949,132,209,241,557,516,474,449,63,104,126,627,579,532,500,69,105,115
12947,Nauru,520,Polynesia,957,316,292,268,252,21,33,37,183,170,156,147,13,21,25,133,122,112,105,8,12,12
12948,Nauru,520,Australia,36,202,186,171,161,24,38,43,118,109,100,94,14,23,28,84,77,71,67,10,15,15
12949,Nauru,520,SolomonIslands,90,39,36,33,31,41,64,73,28,25,22,21,27,43,51,11,11,11,10,14,21,22
12950,Nauru,520,SriLanka,144,0,0,0,0,216,39,134,0,0,0,0,161,30,103,0,0,0,0,55,9,31
12951,Nauru,520,China,156,504,466,428,402,125,198,229,295,273,251,233,74,120,144,209,193,177,169,51,78,85
12952,Nauru,520,Fiji,242,221,204,188,176,58,91,105,131,121,112,105,35,56,68,90,83,76,71,23,35,37
12953,Nauru,520,Kiribati,296,1184,1095,1006,949,132,209,241,557,516,474,449,63,104,126,627,579,532,500,69,105,115
12954,Nauru,520,IranIslamicRepublicof,364,0,0,0,0,31,372,356,0,0,0,0,23,274,268,0,0,0,0,8,98,88
12955,Nauru,520,NewZealand,554,32,29,27,25,2,3,3,21,19,18,17,2,3,3,11,10,9,8,0,0,0
12956,Nauru,520,Philippines,608,100,92,85,79,36,57,65,66,61,57,53,25,41,49,34,31,28,26,11,16,16
12957,Nauru,520,Tuvalu,798,316,292,268,252,21,33,37,183,170,156,147,13,21,25,133,122,112,105,8,12,12
12958,NorthernMarianaIslands,580,Melanesia,928,0,0,0,0,0,0,0,0,0,0,0,0,0,0,0,0,0,0,0,0,0
12959,NorthernMarianaIslands,580,Micronesia,954,4211,4245,4540,4248,2737,2451,2468,1981,2120,2257,1968,1138,1012,1022,2230,2125,2283,2280,1599,1439,1446
12960,NorthernMarianaIslands,580,Polynesia,957,0,0,0,0,0,0,0,0,0,0,0,0,0,0,0,0,0,0,0,0,0
12961,NorthernMarianaIslands,580,Bangladesh,50,434,590,783,698,413,370,371,421,563,755,670,392,352,354,13,27,28,28,21,18,17
12962,NorthernMarianaIslands,580,China,156,2598,7844,13566,9611,2894,2592,2614,638,1928,2973,1840,269,230,232,1960,5916,10593,7771,2625,2362,2382
12963,NorthernMarianaIslands,580,Guam,316,1062,1186,1382,1280,810,726,731,508,612,718,624,358,319,322,554,574,664,656,452,407,409
12964,NorthernMarianaIslands,580,Japan,392,715,730,791,811,599,536,540,463,448,443,428,294,262,265,252,282,348,383,305,274,275
12965,NorthernMarianaIslands,580,RepublicofKorea,410,2422,1938,1573,1855,1604,1436,1448,901,865,817,885,710,631,637,1521,1073,756,970,894,805,811
12966,NorthernMarianaIslands,580,Nepal,524,156,191,239,221,140,125,124,130,161,201,184,114,101,101,26,30,38,37,26,24,23
12967,NorthernMarianaIslands,580,MicronesiaFedStatesof,583,1720,1760,1908,1841,1245,1115,1124,814,867,918,819,495,440,444,906,893,990,1022,750,675,680
12968,NorthernMarianaIslands,580,MarshallIslands,584,97,101,112,95,52,46,45,40,42,42,33,15,12,12,57,59,70,62,37,34,33
12969,NorthernMarianaIslands,580,Palau,585,1332,1198,1138,1032,630,564,568,619,599,579,492,270,241,244,713,599,559,540,360,323,324
12970,NorthernMarianaIslands,580,Philippines,608,12836,12905,13757,15233,12330,11045,11150,8180,7799,7580,7822,5900,5260,5305,4656,5106,6177,7411,6430,5785,5845
12971,NorthernMarianaIslands,580,PuertoRico,630,923,1133,1413,1419,1018,911,918,444,568,693,642,416,369,372,479,565,720,777,602,542,546
12972,NorthernMarianaIslands,580,UnitedStatesofAmerica,840,1203,1530,1951,1953,1395,1249,1259,734,929,1144,1085,725,646,652,469,601,807,868,670,603,607
12973,Palau,585,Melanesia,928,0,0,0,0,0,0,0,0,0,0,0,0,0,0,0,0,0,0,0,0,0
12974,Palau,585,Micronesia,954,411,699,796,1019,975,876,899,229,342,384,495,449,429,398,182,357,412,524,526,447,501
12975,Palau,585,Polynesia,957,0,0,0,0,0,0,0,0,0,0,0,0,0,0,0,0,0,0,0,0,0
12976,Palau,585,China,156,320,543,1079,550,526,473,486,229,366,624,389,364,336,333,91,177,455,161,162,137,153
12977,Palau,585,Guam,316,152,258,256,274,262,235,241,90,136,130,140,128,121,114,62,122,126,134,134,114,127
12978,Palau,585,Japan,392,69,118,290,163,156,140,142,49,78,182,89,82,77,72,20,40,108,74,74,63,70
12979,Palau,585,RepublicofKorea,410,11,19,141,80,76,68,68,8,13,108,49,45,42,40,3,6,33,31,31,26,28
12980,Palau,585,NorthernMarianaIslands,580,93,159,214,280,268,241,247,53,81,108,128,115,111,102,40,78,106,152,153,130,145
12981,Palau,585,MicronesiaFedStatesof,583,166,282,326,465,445,400,411,86,125,146,227,206,197,182,80,157,180,238,239,203,229
12982,Palau,585,Philippines,608,1569,2654,2892,3179,3247,2919,3021,1024,1605,1788,1835,1989,1848,1793,545,1049,1104,1344,1258,1071,1228
12983,Palau,585,UnitedStatesofAmerica,840,315,535,516,377,361,324,333,196,303,333,199,182,172,162,119,232,183,178,179,152,171
12984,Polynesia,957,Melanesia,928,3705,4199,4731,5158,5099,5169,5171,1853,2066,2300,2558,2599,2656,2667,1852,2133,2431,2600,2500,2513,2504
12985,Polynesia,957,Micronesia,954,95,93,88,85,89,85,81,23,29,23,23,24,23,19,72,64,65,62,65,62,62
12986,Polynesia,957,Polynesia,957,17809,19840,21853,20955,19890,19522,19500,9294,10265,11207,10670,10043,9796,9791,8515,9575,10646,10285,9847,9726,9709
12987,Polynesia,957,Burundi,108,0,0,0,0,0,0,0,0,0,0,0,0,0,0,0,0,0,0,0,0,0
12988,Polynesia,957,Comoros,174,0,0,0,0,0,0,0,0,0,0,0,0,0,0,0,0,0,0,0,0,0
12989,Polynesia,957,Djibouti,262,0,0,0,0,0,0,0,0,0,0,0,0,0,0,0,0,0,0,0,0,0
12990,Polynesia,957,Eritrea,232,0,0,0,0,0,0,0,0,0,0,0,0,0,0,0,0,0,0,0,0,0
12991,Polynesia,957,Ethiopia,231,0,0,0,0,0,0,0,0,0,0,0,0,0,0,0,0,0,0,0,0,0
12992,Polynesia,957,Kenya,404,0,0,0,0,0,0,0,0,0,0,0,0,0,0,0,0,0,0,0,0,0
12993,Polynesia,957,Madagascar,450,0,0,0,0,0,0,0,0,0,0,0,0,0,0,0,0,0,0,0,0,0
12994,Polynesia,957,Malawi,454,0,0,0,0,0,0,0,0,0,0,0,0,0,0,0,0,0,0,0,0,0
12995,Polynesia,957,Mauritius,480,0,0,0,0,0,0,0,0,0,0,0,0,0,0,0,0,0,0,0,0,0
12996,Polynesia,957,Mayotte,175,35,44,52,58,41,38,27,19,24,28,30,23,26,18,16,20,24,28,18,12,9
12997,Polynesia,957,Mozambique,508,0,0,0,0,0,0,0,0,0,0,0,0,0,0,0,0,0,0,0,0,0
12998,Polynesia,957,Reunion,638,0,0,0,0,0,0,0,0,0,0,0,0,0,0,0,0,0,0,0,0,0
12999,Polynesia,957,Rwanda,646,0,0,0,0,0,0,0,0,0,0,0,0,0,0,0,0,0,0,0,0,0
13000,Polynesia,957,Seychelles,690,0,0,0,0,0,0,0,0,0,0,0,0,0,0,0,0,0,0,0,0,0
13001,Polynesia,957,Somalia,706,0,0,0,0,0,0,0,0,0,0,0,0,0,0,0,0,0,0,0,0,0
13002,Polynesia,957,SouthSudan,728,0,0,0,0,0,0,0,0,0,0,0,0,0,0,0,0,0,0,0,0,0
13003,Polynesia,957,Uganda,800,0,0,0,0,0,0,0,0,0,0,0,0,0,0,0,0,0,0,0,0,0
13004,Polynesia,957,UnitedRepublicofTanzania,834,0,0,0,0,0,0,0,0,0,0,0,0,0,0,0,0,0,0,0,0,0
13005,Polynesia,957,Zambia,894,0,0,0,0,0,0,0,0,0,0,0,0,0,0,0,0,0,0,0,0,0
13006,Polynesia,957,Zimbabwe,716,0,0,0,0,0,0,0,0,0,0,0,0,0,0,0,0,0,0,0,0,0
13007,Polynesia,957,Angola,24,0,0,0,0,0,0,0,0,0,0,0,0,0,0,0,0,0,0,0,0,0
13008,Polynesia,957,Cameroon,120,0,0,0,0,0,0,0,0,0,0,0,0,0,0,0,0,0,0,0,0,0
13009,Polynesia,957,CentralAfricanRepublic,140,0,0,0,0,0,0,0,0,0,0,0,0,0,0,0,0,0,0,0,0,0
13010,Polynesia,957,Chad,148,0,0,0,0,0,0,0,0,0,0,0,0,0,0,0,0,0,0,0,0,0
13011,Polynesia,957,Congo,178,0,0,0,0,0,0,0,0,0,0,0,0,0,0,0,0,0,0,0,0,0
13012,Polynesia,957,DemocraticRepublicoftheCongo,180,0,0,0,0,0,0,0,0,0,0,0,0,0,0,0,0,0,0,0,0,0
13013,Polynesia,957,EquatorialGuinea,226,0,0,0,0,0,0,0,0,0,0,0,0,0,0,0,0,0,0,0,0,0
13014,Polynesia,957,Gabon,266,0,0,0,0,0,0,0,0,0,0,0,0,0,0,0,0,0,0,0,0,0
13015,Polynesia,957,SaoTomeandPrincipe,678,0,0,0,0,0,0,0,0,0,0,0,0,0,0,0,0,0,0,0,0,0
13016,Polynesia,957,Algeria,12,605,664,710,743,717,681,681,386,418,441,463,455,432,432,219,246,269,280,262,249,249
13017,Polynesia,957,Egypt,818,0,0,0,0,0,0,0,0,0,0,0,0,0,0,0,0,0,0,0,0,0
13018,Polynesia,957,Libya,434,0,0,0,0,0,0,0,0,0,0,0,0,0,0,0,0,0,0,0,0,0
13019,Polynesia,957,Morocco,504,0,0,0,0,0,0,0,0,0,0,0,0,0,0,0,0,0,0,0,0,0
13020,Polynesia,957,Sudan,729,0,0,0,0,0,0,0,0,0,0,0,0,0,0,0,0,0,0,0,0,0
13021,Polynesia,957,Tunisia,788,0,0,0,0,0,0,0,0,0,0,0,0,0,0,0,0,0,0,0,0,0
13022,Polynesia,957,WesternSahara,732,0,0,0,0,0,0,0,0,0,0,0,0,0,0,0,0,0,0,0,0,0
13023,Polynesia,957,Botswana,72,0,0,0,0,0,0,0,0,0,0,0,0,0,0,0,0,0,0,0,0,0
13024,Polynesia,957,Eswatini,748,0,0,0,0,0,0,0,0,0,0,0,0,0,0,0,0,0,0,0,0,0
13025,Polynesia,957,Lesotho,426,0,0,0,0,0,0,0,0,0,0,0,0,0,0,0,0,0,0,0,0,0
13026,Polynesia,957,Namibia,516,0,0,0,0,0,0,0,0,0,0,0,0,0,0,0,0,0,0,0,0,0
13027,Polynesia,957,SouthAfrica,710,0,0,0,0,0,0,0,0,0,0,0,0,0,0,0,0,0,0,0,0,0
13028,Polynesia,957,Benin,204,0,0,0,0,0,0,0,0,0,0,0,0,0,0,0,0,0,0,0,0,0
13029,Polynesia,957,BurkinaFaso,854,0,0,0,0,0,0,0,0,0,0,0,0,0,0,0,0,0,0,0,0,0
13030,Polynesia,957,CaboVerde,132,0,0,0,0,0,0,0,0,0,0,0,0,0,0,0,0,0,0,0,0,0
13031,Polynesia,957,CotedIvoire,384,0,0,0,0,0,0,0,0,0,0,0,0,0,0,0,0,0,0,0,0,0
13032,Polynesia,957,Gambia,270,0,0,0,0,0,0,0,0,0,0,0,0,0,0,0,0,0,0,0,0,0
13033,Polynesia,957,Ghana,288,0,0,0,0,0,0,0,0,0,0,0,0,0,0,0,0,0,0,0,0,0
13034,Polynesia,957,Guinea,324,0,0,0,0,0,0,0,0,0,0,0,0,0,0,0,0,0,0,0,0,0
13035,Polynesia,957,GuineaBissau,624,0,0,0,0,0,0,0,0,0,0,0,0,0,0,0,0,0,0,0,0,0
13036,Polynesia,957,Liberia,430,0,0,0,0,0,0,0,0,0,0,0,0,0,0,0,0,0,0,0,0,0
13037,Polynesia,957,Mali,466,0,0,0,0,0,0,0,0,0,0,0,0,0,0,0,0,0,0,0,0,0
13038,Polynesia,957,Mauritania,478,0,0,0,0,0,0,0,0,0,0,0,0,0,0,0,0,0,0,0,0,0
13039,Polynesia,957,Niger,562,0,0,0,0,0,0,0,0,0,0,0,0,0,0,0,0,0,0,0,0,0
13040,Polynesia,957,Nigeria,566,0,0,0,0,0,0,0,0,0,0,0,0,0,0,0,0,0,0,0,0,0
13041,Polynesia,957,SaintHelena,654,0,0,0,0,0,0,0,0,0,0,0,0,0,0,0,0,0,0,0,0,0
13042,Polynesia,957,Senegal,686,0,0,0,0,0,0,0,0,0,0,0,0,0,0,0,0,0,0,0,0,0
13043,Polynesia,957,SierraLeone,694,0,0,0,0,0,0,0,0,0,0,0,0,0,0,0,0,0,0,0,0,0
13044,Polynesia,957,Togo,768,0,0,0,0,0,0,0,0,0,0,0,0,0,0,0,0,0,0,0,0,0
13045,Polynesia,957,Kazakhstan,398,0,0,0,0,0,0,0,0,0,0,0,0,0,0,0,0,0,0,0,0,0
13046,Polynesia,957,Kyrgyzstan,417,0,0,0,0,0,0,0,0,0,0,0,0,0,0,0,0,0,0,0,0,0
13047,Polynesia,957,Tajikistan,762,0,0,0,0,0,0,0,0,0,0,0,0,0,0,0,0,0,0,0,0,0
13048,Polynesia,957,Turkmenistan,795,0,0,0,0,0,0,0,0,0,0,0,0,0,0,0,0,0,0,0,0,0
13049,Polynesia,957,Uzbekistan,860,0,0,0,0,0,0,0,0,0,0,0,0,0,0,0,0,0,0,0,0,0
13050,Polynesia,957,China,156,830,986,1130,1325,1453,1385,1374,473,564,648,777,879,839,835,357,422,482,548,574,546,539
13051,Polynesia,957,China,156,344,0,0,0,0,0,0,0,0,0,0,0,0,0,0,0,0,0,0,0,0
13052,Polynesia,957,China,156,446,0,0,0,0,0,0,0,0,0,0,0,0,0,0,0,0,0,0,0,0
13053,Polynesia,957,China,156,158,0,0,0,0,0,0,0,0,0,0,0,0,0,0,0,0,0,0,0,0
13054,Polynesia,957,DemPeoplesRepublicofKorea,408,0,0,0,0,0,0,0,0,0,0,0,0,0,0,0,0,0,0,0,0,0
13055,Polynesia,957,Japan,392,97,126,156,163,160,136,127,60,81,101,105,102,87,83,37,45,55,58,58,49,44
13056,Polynesia,957,Mongolia,496,0,0,0,0,0,0,0,0,0,0,0,0,0,0,0,0,0,0,0,0,0
13057,Polynesia,957,RepublicofKorea,410,201,192,182,239,296,295,295,106,100,94,123,152,151,152,95,92,88,116,144,144,143
13058,Polynesia,957,BruneiDarussalam,96,0,0,0,0,0,0,0,0,0,0,0,0,0,0,0,0,0,0,0,0,0
13059,Polynesia,957,Cambodia,116,0,0,0,0,0,0,0,0,0,0,0,0,0,0,0,0,0,0,0,0,0
13060,Polynesia,957,Indonesia,360,15,16,18,18,18,17,17,8,8,9,10,10,10,10,7,8,9,8,8,7,7
13061,Polynesia,957,LaoPeoplesDemocraticRepublic,418,0,0,0,0,0,0,0,0,0,0,0,0,0,0,0,0,0,0,0,0,0
13062,Polynesia,957,Malaysia,458,0,0,0,0,0,0,0,0,0,0,0,0,0,0,0,0,0,0,0,0,0
13063,Polynesia,957,Myanmar,104,0,0,0,0,0,0,0,0,0,0,0,0,0,0,0,0,0,0,0,0,0
13064,Polynesia,957,Philippines,608,379,520,661,889,1117,1115,1118,217,295,374,500,626,622,624,162,225,287,389,491,493,494
13065,Polynesia,957,Singapore,702,0,0,0,0,0,0,0,0,0,0,0,0,0,0,0,0,0,0,0,0,0
13066,Polynesia,957,Thailand,764,0,0,0,0,0,0,0,0,0,0,0,0,0,0,0,0,0,0,0,0,0
13067,Polynesia,957,TimorLeste,626,0,0,0,0,0,0,0,0,0,0,0,0,0,0,0,0,0,0,0,0,0
13068,Polynesia,957,VietNam,704,1,102,203,208,212,211,210,1,53,105,107,108,107,107,0,49,98,101,104,104,103
13069,Polynesia,957,Afghanistan,4,0,0,0,0,0,0,0,0,0,0,0,0,0,0,0,0,0,0,0,0,0
13070,Polynesia,957,Bangladesh,50,0,0,0,0,0,0,0,0,0,0,0,0,0,0,0,0,0,0,0,0,0
13071,Polynesia,957,Bhutan,64,0,0,0,0,0,0,0,0,0,0,0,0,0,0,0,0,0,0,0,0,0
13072,Polynesia,957,India,356,175,196,218,248,261,226,215,93,106,120,137,145,127,122,82,90,98,111,116,99,93
13073,Polynesia,957,IranIslamicRepublicof,364,0,0,0,0,0,0,0,0,0,0,0,0,0,0,0,0,0,0,0,0,0
13074,Polynesia,957,Maldives,462,0,0,0,0,0,0,0,0,0,0,0,0,0,0,0,0,0,0,0,0,0
13075,Polynesia,957,Nepal,524,0,0,0,0,0,0,0,0,0,0,0,0,0,0,0,0,0,0,0,0,0
13076,Polynesia,957,Pakistan,586,0,0,0,0,0,0,0,0,0,0,0,0,0,0,0,0,0,0,0,0,0
13077,Polynesia,957,SriLanka,144,0,0,0,0,0,0,0,0,0,0,0,0,0,0,0,0,0,0,0,0,0
13078,Polynesia,957,Armenia,51,0,0,0,0,0,0,0,0,0,0,0,0,0,0,0,0,0,0,0,0,0
13079,Polynesia,957,Azerbaijan,31,0,0,0,0,0,0,0,0,0,0,0,0,0,0,0,0,0,0,0,0,0
13080,Polynesia,957,Bahrain,48,0,0,0,0,0,0,0,0,0,0,0,0,0,0,0,0,0,0,0,0,0
13081,Polynesia,957,Cyprus,196,0,0,0,0,0,0,0,0,0,0,0,0,0,0,0,0,0,0,0,0,0
13082,Polynesia,957,Georgia,268,0,0,0,0,0,0,0,0,0,0,0,0,0,0,0,0,0,0,0,0,0
13083,Polynesia,957,Iraq,368,0,0,0,0,0,0,0,0,0,0,0,0,0,0,0,0,0,0,0,0,0
13084,Polynesia,957,Israel,376,0,0,0,0,0,0,0,0,0,0,0,0,0,0,0,0,0,0,0,0,0
13085,Polynesia,957,Jordan,400,0,0,0,0,0,0,0,0,0,0,0,0,0,0,0,0,0,0,0,0,0
13086,Polynesia,957,Kuwait,414,0,0,0,0,0,0,0,0,0,0,0,0,0,0,0,0,0,0,0,0,0
13087,Polynesia,957,Lebanon,422,0,0,0,0,0,0,0,0,0,0,0,0,0,0,0,0,0,0,0,0,0
13088,Polynesia,957,Oman,512,0,0,0,0,0,0,0,0,0,0,0,0,0,0,0,0,0,0,0,0,0
13089,Polynesia,957,Qatar,634,0,0,0,0,0,0,0,0,0,0,0,0,0,0,0,0,0,0,0,0,0
13090,Polynesia,957,SaudiArabia,682,0,0,0,0,0,0,0,0,0,0,0,0,0,0,0,0,0,0,0,0,0
13091,Polynesia,957,StateofPalestine,275,0,0,0,0,0,0,0,0,0,0,0,0,0,0,0,0,0,0,0,0,0
13092,Polynesia,957,SyrianArabRepublic,760,0,0,0,0,0,0,0,0,0,0,0,0,0,0,0,0,0,0,0,0,0
13093,Polynesia,957,Turkey,792,0,0,0,0,0,0,0,0,0,0,0,0,0,0,0,0,0,0,0,0,0
13094,Polynesia,957,UnitedArabEmirates,784,0,0,0,0,0,0,0,0,0,0,0,0,0,0,0,0,0,0,0,0,0
13095,Polynesia,957,Yemen,887,0,0,0,0,0,0,0,0,0,0,0,0,0,0,0,0,0,0,0,0,0
13096,Polynesia,957,Belarus,112,0,0,0,0,0,0,0,0,0,0,0,0,0,0,0,0,0,0,0,0,0
13097,Polynesia,957,Bulgaria,100,0,0,0,0,0,0,0,0,0,0,0,0,0,0,0,0,0,0,0,0,0
13098,Polynesia,957,Czechia,203,0,0,0,0,0,0,0,0,0,0,0,0,0,0,0,0,0,0,0,0,0
13099,Polynesia,957,Hungary,348,0,0,0,0,0,0,0,0,0,0,0,0,0,0,0,0,0,0,0,0,0
13100,Polynesia,957,Poland,616,0,0,0,0,0,0,0,0,0,0,0,0,0,0,0,0,0,0,0,0,0
13101,Polynesia,957,RepublicofMoldova,498,0,0,0,0,0,0,0,0,0,0,0,0,0,0,0,0,0,0,0,0,0
13102,Polynesia,957,Romania,642,0,0,0,0,0,0,0,0,0,0,0,0,0,0,0,0,0,0,0,0,0
13103,Polynesia,957,RussianFederation,643,0,0,0,0,0,0,0,0,0,0,0,0,0,0,0,0,0,0,0,0,0
13104,Polynesia,957,Slovakia,703,0,0,0,0,0,0,0,0,0,0,0,0,0,0,0,0,0,0,0,0,0
13105,Polynesia,957,Ukraine,804,0,0,0,0,0,0,0,0,0,0,0,0,0,0,0,0,0,0,0,0,0
13106,Polynesia,957,ChannelIslands,830,0,0,0,0,0,0,0,0,0,0,0,0,0,0,0,0,0,0,0,0,0
13107,Polynesia,957,Denmark,208,0,0,0,0,0,0,0,0,0,0,0,0,0,0,0,0,0,0,0,0,0
13108,Polynesia,957,Estonia,233,0,0,0,0,0,0,0,0,0,0,0,0,0,0,0,0,0,0,0,0,0
13109,Polynesia,957,FaroeIslands,234,0,0,0,0,0,0,0,0,0,0,0,0,0,0,0,0,0,0,0,0,0
13110,Polynesia,957,Finland,246,0,0,0,0,0,0,0,0,0,0,0,0,0,0,0,0,0,0,0,0,0
13111,Polynesia,957,Iceland,352,0,0,0,0,0,0,0,0,0,0,0,0,0,0,0,0,0,0,0,0,0
13112,Polynesia,957,Ireland,372,0,0,0,0,0,0,0,0,0,0,0,0,0,0,0,0,0,0,0,0,0
13113,Polynesia,957,IsleofMan,833,0,0,0,0,0,0,0,0,0,0,0,0,0,0,0,0,0,0,0,0,0
13114,Polynesia,957,Latvia,428,0,0,0,0,0,0,0,0,0,0,0,0,0,0,0,0,0,0,0,0,0
13115,Polynesia,957,Lithuania,440,0,0,0,0,0,0,0,0,0,0,0,0,0,0,0,0,0,0,0,0,0
13116,Polynesia,957,Norway,578,0,0,0,0,0,0,0,0,0,0,0,0,0,0,0,0,0,0,0,0,0
13117,Polynesia,957,Sweden,752,0,0,0,0,0,0,0,0,0,0,0,0,0,0,0,0,0,0,0,0,0
13118,Polynesia,957,UnitedKingdom,826,172,175,177,195,204,197,202,113,132,150,163,166,162,167,59,43,27,32,38,35,35
13119,Polynesia,957,Albania,8,0,0,0,0,0,0,0,0,0,0,0,0,0,0,0,0,0,0,0,0,0
13120,Polynesia,957,Andorra,20,0,0,0,0,0,0,0,0,0,0,0,0,0,0,0,0,0,0,0,0,0
13121,Polynesia,957,BosniaandHerzegovina,70,0,0,0,0,0,0,0,0,0,0,0,0,0,0,0,0,0,0,0,0,0
13122,Polynesia,957,Croatia,191,0,0,0,0,0,0,0,0,0,0,0,0,0,0,0,0,0,0,0,0,0
13123,Polynesia,957,Gibraltar,292,0,0,0,0,0,0,0,0,0,0,0,0,0,0,0,0,0,0,0,0,0
13124,Polynesia,957,Greece,300,0,0,0,0,0,0,0,0,0,0,0,0,0,0,0,0,0,0,0,0,0
13125,Polynesia,957,HolySee,336,0,0,0,0,0,0,0,0,0,0,0,0,0,0,0,0,0,0,0,0,0
13126,Polynesia,957,Italy,380,132,144,155,162,156,148,148,104,113,121,127,123,117,117,28,31,34,35,33,31,31
13127,Polynesia,957,Malta,470,0,0,0,0,0,0,0,0,0,0,0,0,0,0,0,0,0,0,0,0,0
13128,Polynesia,957,Montenegro,499,0,0,0,0,0,0,0,0,0,0,0,0,0,0,0,0,0,0,0,0,0
13129,Polynesia,957,NorthMacedonia,807,0,0,0,0,0,0,0,0,0,0,0,0,0,0,0,0,0,0,0,0,0
13130,Polynesia,957,Portugal,620,0,0,0,0,0,0,0,0,0,0,0,0,0,0,0,0,0,0,0,0,0
13131,Polynesia,957,SanMarino,674,0,0,0,0,0,0,0,0,0,0,0,0,0,0,0,0,0,0,0,0,0
13132,Polynesia,957,Serbia,688,0,0,0,0,0,0,0,0,0,0,0,0,0,0,0,0,0,0,0,0,0
13133,Polynesia,957,Slovenia,705,0,0,0,0,0,0,0,0,0,0,0,0,0,0,0,0,0,0,0,0,0
13134,Polynesia,957,Spain,724,72,79,85,88,85,80,80,55,60,64,67,65,61,61,17,19,21,21,20,19,19
13135,Polynesia,957,Austria,40,0,0,0,0,0,0,0,0,0,0,0,0,0,0,0,0,0,0,0,0,0
13136,Polynesia,957,Belgium,56,0,0,0,0,0,0,0,0,0,0,0,0,0,0,0,0,0,0,0,0,0
13137,Polynesia,957,France,250,18186,20077,21517,23053,22818,23272,23299,11251,12218,12918,13419,13099,13352,13365,6935,7859,8599,9634,9719,9920,9934
13138,Polynesia,957,Germany,276,354,395,430,443,424,397,394,245,270,291,302,292,274,273,109,125,139,141,132,123,121
13139,Polynesia,957,Liechtenstein,438,0,0,0,0,0,0,0,0,0,0,0,0,0,0,0,0,0,0,0,0,0
13140,Polynesia,957,Luxembourg,442,0,0,0,0,0,0,0,0,0,0,0,0,0,0,0,0,0,0,0,0,0
13141,Polynesia,957,Monaco,492,0,0,0,0,0,0,0,0,0,0,0,0,0,0,0,0,0,0,0,0,0
13142,Polynesia,957,Netherlands,528,10,11,11,14,17,17,18,8,9,9,11,13,13,14,2,2,2,3,4,4,4
13143,Polynesia,957,Switzerland,756,107,117,126,131,127,120,120,94,103,110,115,112,106,106,13,14,16,16,15,14,14
13144,Polynesia,957,Anguilla,660,0,0,0,0,0,0,0,0,0,0,0,0,0,0,0,0,0,0,0,0,0
13145,Polynesia,957,AntiguaandBarbuda,28,0,0,0,0,0,0,0,0,0,0,0,0,0,0,0,0,0,0,0,0,0
13146,Polynesia,957,Aruba,533,0,0,0,0,0,0,0,0,0,0,0,0,0,0,0,0,0,0,0,0,0
13147,Polynesia,957,Bahamas,44,0,0,0,0,0,0,0,0,0,0,0,0,0,0,0,0,0,0,0,0,0
13148,Polynesia,957,Barbados,52,0,0,0,0,0,0,0,0,0,0,0,0,0,0,0,0,0,0,0,0,0
13149,Polynesia,957,Bonaire,16,535,0,0,0,0,0,0,0,0,0,0,0,0,0,0,0,0,0,0,0,0
13150,Polynesia,957,BritishVirginIslands,92,0,0,0,0,0,0,0,0,0,0,0,0,0,0,0,0,0,0,0,0,0
13151,Polynesia,957,CaymanIslands,136,0,0,0,0,0,0,0,0,0,0,0,0,0,0,0,0,0,0,0,0,0
13152,Polynesia,957,Cuba,192,0,0,0,0,0,0,0,0,0,0,0,0,0,0,0,0,0,0,0,0,0
13153,Polynesia,957,CuraÃao,531,0,0,0,0,0,0,0,0,0,0,0,0,0,0,0,0,0,0,0,0,0
13154,Polynesia,957,Dominica,212,0,0,0,0,0,0,0,0,0,0,0,0,0,0,0,0,0,0,0,0,0
13155,Polynesia,957,DominicanRepublic,214,0,0,0,0,0,0,0,0,0,0,0,0,0,0,0,0,0,0,0,0,0
13156,Polynesia,957,Grenada,308,0,0,0,0,0,0,0,0,0,0,0,0,0,0,0,0,0,0,0,0,0
13157,Polynesia,957,Guadeloupe,312,0,0,0,0,0,0,0,0,0,0,0,0,0,0,0,0,0,0,0,0,0
13158,Polynesia,957,Haiti,332,0,0,0,0,0,0,0,0,0,0,0,0,0,0,0,0,0,0,0,0,0
13159,Polynesia,957,Jamaica,388,0,0,0,0,0,0,0,0,0,0,0,0,0,0,0,0,0,0,0,0,0
13160,Polynesia,957,Martinique,474,0,0,0,0,0,0,0,0,0,0,0,0,0,0,0,0,0,0,0,0,0
13161,Polynesia,957,Montserrat,500,0,0,0,0,0,0,0,0,0,0,0,0,0,0,0,0,0,0,0,0,0
13162,Polynesia,957,PuertoRico,630,0,0,0,0,0,0,0,0,0,0,0,0,0,0,0,0,0,0,0,0,0
13163,Polynesia,957,SaintBarthelemy,652,0,0,0,0,0,0,0,0,0,0,0,0,0,0,0,0,0,0,0,0,0
13164,Polynesia,957,SaintKittsandNevis,659,0,0,0,0,0,0,0,0,0,0,0,0,0,0,0,0,0,0,0,0,0
13165,Polynesia,957,SaintLucia,662,0,0,0,0,0,0,0,0,0,0,0,0,0,0,0,0,0,0,0,0,0
13166,Polynesia,957,SaintMartinFrenchpart,663,0,0,0,0,0,0,0,0,0,0,0,0,0,0,0,0,0,0,0,0,0
13167,Polynesia,957,SaintVincentandtheGrenadines,670,0,0,0,0,0,0,0,0,0,0,0,0,0,0,0,0,0,0,0,0,0
13168,Polynesia,957,SintMaartenDutchpart,534,0,0,0,0,0,0,0,0,0,0,0,0,0,0,0,0,0,0,0,0,0
13169,Polynesia,957,TrinidadandTobago,780,0,0,0,0,0,0,0,0,0,0,0,0,0,0,0,0,0,0,0,0,0
13170,Polynesia,957,TurksandCaicosIslands,796,0,0,0,0,0,0,0,0,0,0,0,0,0,0,0,0,0,0,0,0,0
13171,Polynesia,957,UnitedStatesVirginIslands,850,0,0,0,0,0,0,0,0,0,0,0,0,0,0,0,0,0,0,0,0,0
13172,Polynesia,957,Belize,84,0,0,0,0,0,0,0,0,0,0,0,0,0,0,0,0,0,0,0,0,0
13173,Polynesia,957,CostaRica,188,0,0,0,0,0,0,0,0,0,0,0,0,0,0,0,0,0,0,0,0,0
13174,Polynesia,957,ElSalvador,222,0,0,0,0,0,0,0,0,0,0,0,0,0,0,0,0,0,0,0,0,0
13175,Polynesia,957,Guatemala,320,0,0,0,0,0,0,0,0,0,0,0,0,0,0,0,0,0,0,0,0,0
13176,Polynesia,957,Honduras,340,0,0,0,0,0,0,0,0,0,0,0,0,0,0,0,0,0,0,0,0,0
13177,Polynesia,957,Mexico,484,0,0,0,0,0,0,0,0,0,0,0,0,0,0,0,0,0,0,0,0,0
13178,Polynesia,957,Nicaragua,558,0,0,0,0,0,0,0,0,0,0,0,0,0,0,0,0,0,0,0,0,0
13179,Polynesia,957,Panama,591,0,0,0,0,0,0,0,0,0,0,0,0,0,0,0,0,0,0,0,0,0
13180,Polynesia,957,Argentina,32,0,0,0,0,0,0,0,0,0,0,0,0,0,0,0,0,0,0,0,0,0
13181,Polynesia,957,BoliviaPlurinationalStateof,68,0,0,0,0,0,0,0,0,0,0,0,0,0,0,0,0,0,0,0,0,0
13182,Polynesia,957,Brazil,76,0,0,0,0,0,0,0,0,0,0,0,0,0,0,0,0,0,0,0,0,0
13183,Polynesia,957,Chile,152,0,0,0,0,0,0,0,0,0,0,0,0,0,0,0,0,0,0,0,0,0
13184,Polynesia,957,Colombia,170,0,0,0,0,0,0,0,0,0,0,0,0,0,0,0,0,0,0,0,0,0
13185,Polynesia,957,Ecuador,218,0,0,0,0,0,0,0,0,0,0,0,0,0,0,0,0,0,0,0,0,0
13186,Polynesia,957,FalklandIslandsMalvinas,238,0,0,0,0,0,0,0,0,0,0,0,0,0,0,0,0,0,0,0,0,0
13187,Polynesia,957,FrenchGuiana,254,0,0,0,0,0,0,0,0,0,0,0,0,0,0,0,0,0,0,0,0,0
13188,Polynesia,957,Guyana,328,0,0,0,0,0,0,0,0,0,0,0,0,0,0,0,0,0,0,0,0,0
13189,Polynesia,957,Paraguay,600,0,0,0,0,0,0,0,0,0,0,0,0,0,0,0,0,0,0,0,0,0
13190,Polynesia,957,Peru,604,0,0,0,0,0,0,0,0,0,0,0,0,0,0,0,0,0,0,0,0,0
13191,Polynesia,957,Suriname,740,0,0,0,0,0,0,0,0,0,0,0,0,0,0,0,0,0,0,0,0,0
13192,Polynesia,957,Uruguay,858,0,0,0,0,0,0,0,0,0,0,0,0,0,0,0,0,0,0,0,0,0
13193,Polynesia,957,VenezuelaBolivarianRepublicof,862,0,0,0,0,0,0,0,0,0,0,0,0,0,0,0,0,0,0,0,0,0
13194,Polynesia,957,Bermuda,60,0,0,0,0,0,0,0,0,0,0,0,0,0,0,0,0,0,0,0,0,0
13195,Polynesia,957,Canada,124,130,140,148,152,146,137,135,87,94,98,102,99,94,94,43,46,50,50,47,43,41
13196,Polynesia,957,Greenland,304,0,0,0,0,0,0,0,0,0,0,0,0,0,0,0,0,0,0,0,0,0
13197,Polynesia,957,SaintPierreandMiquelon,666,0,0,0,0,0,0,0,0,0,0,0,0,0,0,0,0,0,0,0,0,0
13198,Polynesia,957,UnitedStatesofAmerica,840,4217,4370,4525,4009,3419,3327,3317,2271,2322,2377,2074,1737,1683,1680,1946,2048,2148,1935,1682,1644,1637
13199,Polynesia,957,Australia,36,432,538,657,742,805,799,820,248,305,375,409,436,438,450,184,233,282,333,369,361,370
13200,Polynesia,957,NewZealand,554,3868,4338,4795,4957,5220,4923,5082,2027,2263,2479,2490,2555,2375,2437,1841,2075,2316,2467,2665,2548,2645
13201,Polynesia,957,Fiji,242,730,861,1008,1190,1316,1550,1563,381,448,527,613,671,815,824,349,413,481,577,645,735,739
13202,Polynesia,957,NewCaledonia,540,2588,2891,3201,3439,3328,3256,3257,1263,1381,1503,1672,1691,1651,1653,1325,1510,1698,1767,1637,1605,1604
13203,Polynesia,957,PapuaNewGuinea,598,34,52,69,68,65,57,54,14,22,28,26,24,21,20,20,30,41,42,41,36,34
13204,Polynesia,957,SolomonIslands,90,5,10,16,14,13,10,8,2,3,5,4,4,4,4,3,7,11,10,9,6,4
13205,Polynesia,957,Vanuatu,548,348,385,437,447,377,296,289,193,212,237,243,209,165,166,155,173,200,204,168,131,123
13206,Polynesia,957,Guam,316,0,0,0,0,0,0,0,0,0,0,0,0,0,0,0,0,0,0,0,0,0
13207,Polynesia,957,Kiribati,296,85,81,73,71,75,73,72,21,26,19,19,20,20,16,64,55,54,52,55,53,56
13208,Polynesia,957,MarshallIslands,584,0,0,0,0,0,0,0,0,0,0,0,0,0,0,0,0,0,0,0,0,0
13209,Polynesia,957,MicronesiaFedStatesof,583,0,0,0,0,0,0,0,0,0,0,0,0,0,0,0,0,0,0,0,0,0
13210,Polynesia,957,Nauru,520,10,12,15,14,14,12,9,2,3,4,4,4,3,3,8,9,11,10,10,9,6
13211,Polynesia,957,NorthernMarianaIslands,580,0,0,0,0,0,0,0,0,0,0,0,0,0,0,0,0,0,0,0,0,0
13212,Polynesia,957,Palau,585,0,0,0,0,0,0,0,0,0,0,0,0,0,0,0,0,0,0,0,0,0
13213,Polynesia,957,AmericanSamoa,16,995,1506,2007,1889,1650,1379,1307,533,801,1059,986,852,706,672,462,705,948,903,798,673,635
13214,Polynesia,957,CookIslands,184,6,11,17,16,14,11,9,0,3,2,2,3,2,2,6,8,15,14,11,9,7
13215,Polynesia,957,FrenchPolynesia,258,81,89,96,122,131,132,138,42,46,50,51,46,44,44,39,43,46,71,85,88,94
13216,Polynesia,957,Niue,570,16,17,18,20,23,22,21,10,11,12,13,15,15,16,6,6,6,7,8,7,5
13217,Polynesia,957,Samoa,882,15021,16506,17982,17116,16333,16287,16347,7795,8487,9161,8669,8216,8144,8173,7226,8019,8821,8447,8117,8143,8174
13218,Polynesia,957,Tokelau,772,161,162,162,151,132,111,104,81,81,80,75,65,54,52,80,81,82,76,67,57,52
13219,Polynesia,957,Tonga,776,1399,1374,1345,1420,1420,1401,1399,761,741,716,752,748,734,735,638,633,629,668,672,667,664
13220,Polynesia,957,Tuvalu,798,100,143,191,185,152,144,140,62,85,117,111,87,85,85,38,58,74,74,65,59,55
13221,Polynesia,957,WallisandFutunaIslands,876,30,32,35,36,35,35,35,10,10,10,11,11,12,12,20,22,25,25,24,23,23
13222,AmericanSamoa,16,Melanesia,928,50,101,152,243,333,332,332,26,52,78,123,168,167,168,24,49,74,120,165,165,164
13223,AmericanSamoa,16,Micronesia,954,0,0,0,0,0,0,0,0,0,0,0,0,0,0,0,0,0,0,0,0,0
13224,AmericanSamoa,16,Polynesia,957,16008,17409,18811,17979,17154,17121,17191,8346,8992,9637,9165,8695,8620,8654,7662,8417,9174,8814,8459,8501,8537
13225,AmericanSamoa,16,China,156,100,200,299,450,600,598,599,71,141,210,314,418,416,418,29,59,89,136,182,182,181
13226,AmericanSamoa,16,Fiji,242,50,101,152,243,333,332,332,26,52,78,123,168,167,168,24,49,74,120,165,165,164
13227,AmericanSamoa,16,RepublicofKorea,410,201,192,182,239,296,295,295,106,100,94,123,152,151,152,95,92,88,116,144,144,143
13228,AmericanSamoa,16,NewZealand,554,237,233,229,478,726,724,725,124,121,118,244,369,366,367,113,112,111,234,357,358,358
13229,AmericanSamoa,16,Philippines,608,379,520,661,889,1117,1115,1118,217,295,374,500,626,622,624,162,225,287,389,491,493,494
13230,AmericanSamoa,16,VietNam,704,1,102,203,208,212,211,210,1,53,105,107,108,107,107,0,49,98,101,104,104,103
13231,AmericanSamoa,16,Tokelau,772,30,29,27,24,21,20,19,15,14,13,12,11,10,10,15,15,14,12,10,10,9
13232,AmericanSamoa,16,Tonga,776,1304,1223,1142,1217,1291,1288,1292,706,657,609,645,681,675,678,598,566,533,572,610,613,614
13233,AmericanSamoa,16,UnitedStatesofAmerica,840,3510,3544,3578,3066,2553,2548,2557,1872,1875,1878,1578,1278,1267,1272,1638,1669,1700,1488,1275,1281,1285
13234,AmericanSamoa,16,Samoa,882,14674,16157,17642,16738,15842,15813,15880,7625,8321,9015,8508,8003,7935,7966,7049,7836,8627,8230,7839,7878,7914
13235,CookIslands,184,Melanesia,928,88,92,95,125,155,497,545,48,50,52,55,58,258,282,40,42,43,70,97,239,263
13236,CookIslands,184,Micronesia,954,0,0,0,0,0,0,0,0,0,0,0,0,0,0,0,0,0,0,0,0,0
13237,CookIslands,184,Polynesia,957,77,81,83,110,137,142,154,40,43,44,46,49,49,53,37,38,39,64,88,93,101
13238,CookIslands,184,Australia,36,115,120,124,230,336,388,426,71,74,77,125,173,205,225,44,46,47,105,163,183,201
13239,CookIslands,184,Fiji,242,78,81,84,111,138,480,527,43,44,46,49,52,252,276,35,37,38,62,86,228,251
13240,CookIslands,184,FrenchPolynesia,258,63,66,68,90,112,117,128,32,34,35,35,36,36,39,31,32,33,55,76,81,89
13241,CookIslands,184,Netherlands,528,10,11,11,14,17,17,18,8,9,9,11,13,13,14,2,2,2,3,4,4,4
13242,CookIslands,184,NewZealand,554,2155,2234,2319,2329,2340,2294,2520,1172,1214,1258,1204,1155,1100,1205,983,1020,1061,1125,1185,1194,1315
13243,CookIslands,184,Niue,570,9,10,10,13,16,16,17,7,8,8,10,12,12,13,2,2,2,3,4,4,4
13244,CookIslands,184,PapuaNewGuinea,598,10,11,11,14,17,17,18,5,6,6,6,6,6,6,5,5,5,8,11,11,12
13245,CookIslands,184,UnitedKingdom,826,49,51,53,70,86,90,98,39,40,42,52,61,64,70,10,11,11,18,25,26,28
13246,CookIslands,184,UnitedStatesofAmerica,840,17,18,18,24,29,30,32,12,13,13,16,18,19,20,5,5,5,8,11,11,12
13247,CookIslands,184,Samoa,882,5,5,5,7,9,9,9,1,1,1,1,1,1,1,4,4,4,6,8,8,8
13248,FrenchPolynesia,258,Melanesia,928,1959,2150,2301,2495,2489,2475,2476,949,1014,1060,1206,1284,1276,1277,1010,1136,1241,1289,1205,1199,1199
13249,FrenchPolynesia,258,Micronesia,954,0,0,0,0,0,0,0,0,0,0,0,0,0,0,0,0,0,0,0,0,0
13250,FrenchPolynesia,258,Polynesia,957,30,32,35,36,35,35,35,10,10,10,11,11,12,12,20,22,25,25,24,23,23
13251,FrenchPolynesia,258,Algeria,12,605,664,710,743,717,681,681,386,418,441,463,455,432,432,219,246,269,280,262,249,249
13252,FrenchPolynesia,258,Australia,36,63,69,74,77,74,70,70,31,34,35,37,36,34,34,32,35,39,40,38,36,36
13253,FrenchPolynesia,258,Canada,124,114,125,134,140,135,128,128,79,86,91,96,94,90,90,35,39,43,44,41,38,38
13254,FrenchPolynesia,258,China,156,546,599,641,671,648,615,615,274,293,307,323,322,306,306,272,306,334,348,326,309,309
13255,FrenchPolynesia,258,Fiji,242,27,29,32,33,32,30,30,13,14,15,16,16,15,15,14,15,17,17,16,15,15
13256,FrenchPolynesia,258,France,250,17851,19606,20959,22395,22012,22387,22404,11075,11974,12633,13083,12688,12902,12913,6776,7632,8326,9312,9324,9485,9491
13257,FrenchPolynesia,258,Germany,276,319,350,375,392,379,360,360,224,243,258,271,265,252,252,95,107,117,121,114,108,108
13258,FrenchPolynesia,258,India,356,35,38,41,42,41,38,38,26,28,30,31,31,29,29,9,10,11,11,10,9,9
13259,FrenchPolynesia,258,Indonesia,360,15,16,18,18,18,17,17,8,8,9,10,10,10,10,7,8,9,8,8,7,7
13260,FrenchPolynesia,258,Italy,380,132,144,155,162,156,148,148,104,113,121,127,123,117,117,28,31,34,35,33,31,31
13261,FrenchPolynesia,258,Japan,392,21,23,25,26,25,23,23,10,11,11,12,12,11,11,11,12,14,14,13,12,12
13262,FrenchPolynesia,258,NewCaledonia,540,1745,1916,2049,2232,2235,2235,2236,830,886,925,1063,1143,1143,1144,915,1030,1124,1169,1092,1092,1092
13263,FrenchPolynesia,258,NewZealand,554,99,108,116,121,117,111,111,53,56,59,62,62,59,59,46,52,57,59,55,52,52
13264,FrenchPolynesia,258,Spain,724,72,79,85,88,85,80,80,55,60,64,67,65,61,61,17,19,21,21,20,19,19
13265,FrenchPolynesia,258,Switzerland,756,107,117,126,131,127,120,120,94,103,110,115,112,106,106,13,14,16,16,15,14,14
13266,FrenchPolynesia,258,UnitedKingdom,826,76,83,89,92,89,84,84,42,64,85,89,86,82,82,34,19,4,3,3,2,2
13267,FrenchPolynesia,258,UnitedStatesofAmerica,840,372,408,437,457,441,419,419,210,226,238,250,247,235,235,162,182,199,207,194,184,184
13268,FrenchPolynesia,258,Vanuatu,548,187,205,220,230,222,210,210,106,114,120,127,125,118,118,81,91,100,103,97,92,92
13269,FrenchPolynesia,258,WallisandFutunaIslands,876,30,32,35,36,35,35,35,10,10,10,11,11,12,12,20,22,25,25,24,23,23
13270,Niue,570,Melanesia,928,24,32,41,43,41,40,39,12,16,20,21,21,21,21,12,16,21,22,20,19,18
13271,Niue,570,Micronesia,954,0,0,0,0,0,0,0,0,0,0,0,0,0,0,0,0,0,0,0,0,0
13272,Niue,570,Polynesia,957,125,163,195,204,132,129,126,75,94,110,115,75,75,75,50,69,85,89,57,54,51
13273,Niue,570,Australia,36,11,13,16,19,16,15,14,8,6,5,8,7,7,7,3,7,11,11,9,8,7
13274,Niue,570,Fiji,242,24,32,41,43,41,40,39,12,16,20,21,21,21,21,12,16,21,22,20,19,18
13275,Niue,570,NewZealand,554,233,192,152,160,328,335,342,113,99,86,89,178,178,178,120,93,66,71,150,157,164
13276,Niue,570,Tonga,776,48,79,106,112,49,48,47,29,45,56,59,26,26,26,19,34,50,53,23,22,21
13277,Niue,570,Tuvalu,798,40,57,73,74,37,36,35,27,35,47,47,23,23,23,13,22,26,27,14,13,12
13278,Niue,570,UnitedStatesofAmerica,840,11,14,18,19,11,10,9,6,8,11,12,8,8,8,5,6,7,7,3,2,1
13279,Niue,570,Samoa,882,37,27,16,18,46,45,44,19,14,7,9,26,26,26,18,13,9,9,20,19,18
13280,Samoa,882,Melanesia,928,106,186,269,250,220,182,166,49,85,122,111,97,79,75,57,101,147,139,123,103,91
13281,Samoa,882,Micronesia,954,25,26,29,27,24,18,14,9,9,9,9,7,5,5,16,17,20,18,17,13,9
13282,Samoa,882,Polynesia,957,1225,1795,2357,2217,1938,1615,1523,649,949,1233,1149,993,822,782,576,846,1124,1068,945,793,741
13283,Samoa,882,AmericanSamoa,16,995,1506,2007,1889,1650,1379,1307,533,801,1059,986,852,706,672,462,705,948,903,798,673,635
13284,Samoa,882,Australia,36,236,330,422,396,346,287,270,135,188,239,222,192,160,151,101,142,183,174,154,127,119
13285,Samoa,882,SolomonIslands,90,5,10,16,14,13,10,8,2,3,5,4,4,4,4,3,7,11,10,9,6,4
13286,Samoa,882,Canada,124,16,15,14,12,11,9,7,8,8,7,6,5,4,4,8,7,7,6,6,5,3
13287,Samoa,882,China,156,93,84,75,70,62,50,46,73,66,59,55,48,39,37,20,18,16,15,14,11,9
13288,Samoa,882,CookIslands,184,6,11,17,16,14,11,9,0,3,2,2,3,2,2,6,8,15,14,11,9,7
13289,Samoa,882,Fiji,242,68,120,173,162,142,118,110,30,53,77,71,61,51,48,38,67,96,91,81,67,62
13290,Samoa,882,France,250,8,10,13,12,11,8,6,6,8,10,10,9,7,6,2,2,3,2,2,1,0
13291,Samoa,882,Germany,276,35,45,55,51,45,37,34,21,27,33,31,27,22,21,14,18,22,20,18,15,13
13292,Samoa,882,Kiribati,296,22,20,19,18,16,12,10,8,7,6,6,5,4,4,14,13,13,12,11,8,6
13293,Samoa,882,Japan,392,26,45,65,60,53,43,39,21,36,52,48,42,35,33,5,9,13,12,11,8,6
13294,Samoa,882,Nauru,520,3,6,10,9,8,6,4,1,2,3,3,2,1,1,2,4,7,6,6,5,3
13295,Samoa,882,Vanuatu,548,9,15,22,20,17,14,12,8,13,18,16,14,9,9,1,2,4,4,3,5,3
13296,Samoa,882,NewZealand,554,1041,1468,1885,1775,1551,1290,1218,517,724,920,856,738,612,576,524,744,965,919,813,678,642
13297,Samoa,882,Niue,570,7,7,8,7,7,6,4,3,3,4,3,3,3,3,4,4,4,4,4,3,1
13298,Samoa,882,PapuaNewGuinea,598,24,41,58,54,48,40,36,9,16,22,20,18,15,14,15,25,36,34,30,25,22
13299,Samoa,882,Tokelau,772,131,133,135,127,111,91,85,66,67,67,63,54,44,42,65,66,68,64,57,47,43
13300,Samoa,882,Tonga,776,47,72,97,91,80,65,60,26,39,51,48,41,33,31,21,33,46,43,39,32,29
13301,Samoa,882,Tuvalu,798,39,66,93,87,76,63,58,21,36,50,47,40,34,32,18,30,43,40,36,29,26
13302,Samoa,882,UnitedKingdom,826,47,41,35,33,29,23,20,32,28,23,22,19,16,15,15,13,12,11,10,7,5
13303,Samoa,882,UnitedStatesofAmerica,840,266,365,463,436,381,316,297,134,181,227,212,183,151,142,132,184,236,224,198,165,155
13304,Tokelau,772,Melanesia,928,0,0,0,0,0,0,0,0,0,0,0,0,0,0,0,0,0,0,0,0,0
13305,Tokelau,772,Micronesia,954,0,0,0,0,0,0,0,0,0,0,0,0,0,0,0,0,0,0,0,0,0
13306,Tokelau,772,Polynesia,957,135,134,123,122,204,232,242,85,82,68,64,99,113,118,50,52,55,58,105,119,124
13307,Tokelau,772,Samoa,882,114,114,98,98,165,187,195,71,68,48,47,75,85,88,43,46,50,51,90,102,107
13308,Tokelau,772,Tuvalu,798,21,20,25,24,39,45,47,14,14,20,17,24,28,30,7,6,5,7,15,17,17
13309,Tokelau,772,NewZealand,554,103,103,94,94,158,169,166,48,49,38,35,53,60,52,55,54,56,59,105,109,114
13310,Tokelau,772,Australia,36,7,6,21,20,33,39,40,3,3,19,17,28,32,33,4,3,2,3,5,7,7
13311,Tonga,776,Melanesia,928,369,417,466,544,582,499,470,192,223,255,300,323,278,262,177,194,211,244,259,221,208
13312,Tonga,776,Micronesia,954,0,0,0,0,0,0,0,0,0,0,0,0,0,0,0,0,0,0,0,0,0
13313,Tonga,776,Polynesia,957,170,192,215,251,268,230,217,61,73,85,101,109,95,90,109,119,130,150,159,135,127
13314,Tonga,776,China,156,91,103,115,134,143,122,114,55,64,72,85,91,78,74,36,39,43,49,52,44,40
13315,Tonga,776,Fiji,242,369,417,466,544,582,499,470,192,223,255,300,323,278,262,177,194,211,244,259,221,208
13316,Tonga,776,India,356,140,158,177,206,220,188,177,67,78,90,106,114,98,93,73,80,87,100,106,90,84
13317,Tonga,776,Japan,392,50,58,66,77,82,70,65,29,34,38,45,48,41,39,21,24,28,32,34,29,26
13318,Tonga,776,Samoa,882,170,192,215,251,268,230,217,61,73,85,101,109,95,90,109,119,130,150,159,135,127
13319,Tuvalu,798,Melanesia,928,114,81,60,54,48,51,55,65,46,36,33,30,31,34,49,35,24,21,18,20,21
13320,Tuvalu,798,Micronesia,954,70,67,59,58,65,67,67,14,20,14,14,17,18,14,56,47,45,44,48,49,53
13321,Tuvalu,798,Polynesia,957,21,11,6,4,3,3,2,18,10,5,3,2,2,2,3,1,1,1,1,1,0
13322,Tuvalu,798,Fiji,242,114,81,60,54,48,51,55,65,46,36,33,30,31,34,49,35,24,21,18,20,21
13323,Tuvalu,798,Kiribati,296,63,61,54,53,59,61,62,13,19,13,13,15,16,12,50,42,41,40,44,45,50
13324,Tuvalu,798,Nauru,520,7,6,5,5,6,6,5,1,1,1,1,2,2,2,6,5,4,4,4,4,3
13325,Tuvalu,798,UnitedStatesofAmerica,840,41,21,11,7,4,4,3,37,19,10,6,3,3,3,4,2,1,1,1,1,0
13326,Tuvalu,798,Samoa,882,21,11,6,4,3,3,2,18,10,5,3,2,2,2,3,1,1,1,1,1,0
13327,WallisandFutunaIslands,876,Melanesia,928,995,1140,1347,1404,1231,1093,1088,512,580,677,709,618,546,548,483,560,670,695,613,547,540
13328,WallisandFutunaIslands,876,Micronesia,954,0,0,0,0,0,0,0,0,0,0,0,0,0,0,0,0,0,0,0,0,0
13329,WallisandFutunaIslands,876,Polynesia,957,18,23,28,32,19,15,10,10,12,15,16,10,8,5,8,11,13,16,9,7,5
13330,WallisandFutunaIslands,876,France,250,327,461,545,646,795,877,889,170,236,275,326,402,443,446,157,225,270,320,393,434,443
13331,WallisandFutunaIslands,876,FrenchPolynesia,258,18,23,28,32,19,15,10,10,12,15,16,10,8,5,8,11,13,16,9,7,5
13332,WallisandFutunaIslands,876,Mayotte,175,35,44,52,58,41,38,27,19,24,28,30,23,26,18,16,20,24,28,18,12,9
13333,WallisandFutunaIslands,876,NewCaledonia,540,843,975,1152,1207,1093,1021,1021,433,495,578,609,548,508,509,410,480,574,598,545,513,512
13334,WallisandFutunaIslands,876,Vanuatu,548,152,165,195,197,138,72,67,79,85,99,100,70,38,39,73,80,96,97,68,34,28
