,Destination,Destination_Code,Origin,Origin_Code,1990,1995,2000,2005,2010,2015,2020,1990.1,1995.1,2000.1,2005.1,2010.1,2015.1,2020.1,1990.2,1995.2,2000.2,2005.2,2010.2,2015.2,2020.2
0,Developedregions,901,Developedregions,901,40596772,42606608,44694341,46647063,50408479,52146178,58447543,19075228,19945831,20829785,21759488,23323249,24135021,27404141,21521544,22660777,23864556,24887575,27085230,28011157,31043402
1,Lessdevelopedregions,902,Developedregions,901,11229474,10387083,9763955,9904773,10178682,10466834,11367827,5263756,4889091,4608249,4746020,4940542,5068662,5423016,5965718,5497992,5155706,5158753,5238140,5398172,5944811
2,Leastdevelopedcountries,941,Developedregions,901,132943,149442,163069,178598,191626,199575,201168,72298,81270,88716,96920,103826,107792,84458,60645,68172,74353,81678,87800,91783,116710
3,LandlockedDevelopingCountriesLLDC,1636,Developedregions,901,6215934,5414526,4718563,4619610,4567234,4655635,4795579,2740896,2386152,2071064,2081343,2111628,2190345,2262760,3475038,3028374,2647499,2538267,2455606,2465290,2532819
4,SmallislanddevelopingStatesSIDS,1637,Developedregions,901,571072,598126,623030,630853,621650,615548,623316,295699,307700,318019,319411,312137,309030,314449,275373,290426,305011,311442,309513,306518,308867
5,Highincomecountries,1503,Developedregions,901,29572905,31711604,34286380,37107907,41534023,43040158,49284055,14093538,15041500,16192223,17561612,19489494,20199967,23449528,15479367,16670104,18094157,19546295,22044529,22840191,25834527
6,Middleincomecountries,1517,Developedregions,901,21703542,20768329,19664331,18932075,18531567,19044147,19989655,9987215,9551359,9003755,8701195,8527863,8757202,9124456,11716327,11216970,10660576,10230880,10003704,10286945,10865199
7,Uppermiddleincomecountries,1502,Developedregions,901,13166671,13364831,13229930,13048426,12937382,13505357,14374719,6288148,6381996,6289953,6191528,6118625,6358350,6715111,6878523,6982835,6939977,6856898,6818757,7147007,7659608
8,Lowermiddleincomecountries,1501,Developedregions,901,8536871,7403498,6434401,5883649,5594185,5538790,5614936,3699067,3169363,2713802,2509667,2409238,2398852,2409345,4837804,4234135,3720599,3373982,3184947,3139938,3205591
9,Lowincomecountries,1500,Developedregions,901,426343,357243,314825,301643,298769,296472,300233,192788,160503,142908,136077,135093,133205,135402,233555,196740,171917,165566,163676,163267,164831
10,Burundi,108,Developedregions,901,963,931,712,698,745,907,1076,472,454,347,336,355,433,517,491,477,365,362,390,474,559
11,Comoros,174,Developedregions,901,543,538,532,509,486,482,479,310,306,301,289,278,277,276,233,232,231,220,208,205,203
12,Djibouti,262,Developedregions,901,0,0,0,0,0,0,0,0,0,0,0,0,0,0,0,0,0,0,0,0,0
13,Eritrea,232,Developedregions,901,142,197,254,327,407,492,428,66,89,113,158,208,250,222,76,108,141,169,199,242,206
14,Ethiopia,231,Developedregions,901,0,0,0,0,0,0,0,0,0,0,0,0,0,0,0,0,0,0,0,0,0
15,Kenya,404,Developedregions,901,0,0,0,0,0,0,0,0,0,0,0,0,0,0,0,0,0,0,0,0,0
16,Madagascar,450,Developedregions,901,6672,5908,6567,7269,8066,8950,9922,3725,3321,3705,4115,4583,5102,5658,2947,2587,2862,3154,3483,3848,4264
17,Malawi,454,Developedregions,901,769,1639,1578,1504,1478,1272,1081,399,853,819,778,763,650,558,370,786,759,726,715,622,523
18,Mauritius,480,Developedregions,901,1894,1457,1846,2032,2338,2684,2695,906,756,894,1061,1325,1581,1596,988,701,952,971,1013,1103,1099
19,Mayotte,175,Developedregions,901,1359,2791,5080,7789,9498,10624,14560,859,1712,2948,4023,4504,4916,6738,500,1079,2132,3766,4994,5708,7822
20,Mozambique,508,Developedregions,901,1667,2294,2669,3665,4178,4331,4549,1135,1565,1793,2354,2679,2778,2935,532,729,876,1311,1499,1553,1614
21,Reunion,638,Developedregions,901,37516,50738,66309,75927,81294,84056,87069,20563,27680,35879,41517,44766,46102,47756,16953,23058,30430,34410,36528,37954,39313
22,Rwanda,646,Developedregions,901,0,0,0,0,0,0,0,0,0,0,0,0,0,0,0,0,0,0,0,0,0
23,Seychelles,690,Developedregions,901,705,607,513,678,846,945,952,310,307,303,352,401,477,488,395,300,210,326,445,468,464
24,Somalia,706,Developedregions,901,0,0,0,0,0,0,0,0,0,0,0,0,0,0,0,0,0,0,0,0,0
25,SouthSudan,728,Developedregions,901,0,0,0,0,0,0,0,0,0,0,0,0,0,0,0,0,0,0,0,0,0
26,Uganda,800,Developedregions,901,3406,3219,4026,3891,3915,3929,3659,1995,1843,2284,2184,2184,2178,2021,1411,1376,1742,1707,1731,1751,1638
27,UnitedRepublicofTanzania,834,Developedregions,901,2639,3353,3533,3931,4030,4188,3726,1516,1926,2027,2276,2335,2096,1856,1123,1427,1506,1655,1695,2092,1870
28,Zambia,894,Developedregions,901,3276,2579,2079,2525,3148,2770,3870,1788,1409,1136,1373,1642,1441,2070,1488,1170,943,1152,1506,1329,1800
29,Zimbabwe,716,Developedregions,901,19136,18132,23747,19394,12174,12243,12705,10919,10344,13543,11061,6944,6896,7203,8217,7788,10204,8333,5230,5347,5502
30,MiddleAfrica,911,Developedregions,901,46557,49767,53778,45688,52998,61778,65783,25292,26948,28976,24600,28514,33653,35753,21265,22819,24802,21088,24484,28125,30030
31,Angola,24,Developedregions,901,5298,6156,7014,6772,6384,5867,5292,3379,3833,4287,3386,3191,2936,2616,1919,2323,2727,3386,3193,2931,2676
32,Cameroon,120,Developedregions,901,11808,10986,10163,7061,5620,7019,8164,6377,5919,5460,3783,3129,3485,4062,5431,5067,4703,3278,2491,3534,4102
33,CentralAfricanRepublic,140,Developedregions,901,11427,14516,16347,12764,12536,10792,11408,6034,7720,8732,6823,6703,5738,6013,5393,6796,7615,5941,5833,5054,5395
34,Chad,148,Developedregions,901,886,963,1039,720,853,1048,1216,478,519,560,326,382,482,553,408,444,479,394,471,566,663
35,Congo,178,Developedregions,901,10035,7729,7494,4765,11348,15082,14978,5163,3847,3553,2850,6138,7862,7771,4872,3882,3941,1915,5210,7220,7207
36,DemocraticRepublicoftheCongo,180,Developedregions,901,0,0,0,0,0,0,0,0,0,0,0,0,0,0,0,0,0,0,0,0,0
37,EquatorialGuinea,226,Developedregions,901,1478,1958,2437,3555,4672,5840,7018,700,921,1142,1710,2279,2886,3470,778,1037,1295,1845,2393,2954,3548
38,Gabon,266,Developedregions,901,5419,7247,9066,9880,11451,16012,17603,3050,4076,5129,5634,6623,10203,11213,2369,3171,3937,4246,4828,5809,6390
39,SaoTomeandPrincipe,678,Developedregions,901,206,212,218,171,134,118,104,111,113,113,88,69,61,55,95,99,105,83,65,57,49
40,Algeria,12,Developedregions,901,24629,14701,4770,3770,4139,4497,4668,12617,7347,2075,1641,1701,1848,1917,12012,7354,2695,2129,2438,2649,2751
41,Egypt,818,Developedregions,901,47974,37947,30932,36826,39623,27216,42498,23869,18596,14806,18816,19510,15312,21498,24105,19351,16126,18010,20113,11904,21000
42,Libya,434,Developedregions,901,134110,89131,45641,50315,55226,61815,66178,66887,45162,25219,31815,35094,39064,42384,67223,43969,20422,18500,20132,22751,23794
43,Morocco,504,Developedregions,901,23175,21263,22396,23749,35887,46281,50872,12257,11092,11504,12024,18080,23220,26178,10918,10171,10892,11725,17807,23061,24694
44,Sudan,729,Developedregions,901,0,0,0,0,0,0,0,0,0,0,0,0,0,0,0,0,0,0,0,0,0
45,Tunisia,788,Developedregions,901,6631,6581,7726,7376,9965,12875,13677,3299,3308,3933,3784,5130,6652,7149,3332,3273,3793,3592,4835,6223,6528
46,WesternSahara,732,Developedregions,901,140,155,171,202,233,268,279,63,71,80,98,115,136,142,77,84,91,104,118,132,137
47,Botswana,72,Developedregions,901,5474,3861,2653,4657,5694,6181,6591,3084,1952,1027,2377,3171,3447,3690,2390,1909,1626,2280,2523,2734,2901
48,Eswatini,748,Developedregions,901,297,124,179,248,312,355,353,141,67,93,119,140,158,158,156,57,86,129,172,197,195
49,Lesotho,426,Developedregions,901,95,91,85,86,87,124,163,49,47,44,45,46,67,87,46,44,41,41,41,57,76
50,Namibia,516,Developedregions,901,26707,25529,23733,18753,18056,17659,18872,11873,11447,10683,8385,8100,7953,8529,14834,14082,13050,10368,9956,9706,10343
51,SouthAfrica,710,Developedregions,901,262262,216735,236042,310647,273333,225235,259041,112045,103134,119852,152348,132905,109715,134671,150217,113601,116190,158299,140428,115520,124370
52,Benin,204,Developedregions,901,370,510,650,909,1161,1304,1402,190,265,340,458,574,659,711,180,245,310,451,587,645,691
53,BurkinaFaso,854,Developedregions,901,0,0,0,0,0,0,0,0,0,0,0,0,0,0,0,0,0,0,0,0,0
54,CaboVerde,132,Developedregions,901,1876,1985,2088,2572,3050,3165,3328,949,1032,1114,1298,1483,1534,1623,927,953,974,1274,1567,1631,1705
55,CotedIvoire,384,Developedregions,901,0,0,0,0,0,0,0,0,0,0,0,0,0,0,0,0,0,0,0,0,0
56,Gambia,270,Developedregions,901,0,0,0,0,0,0,0,0,0,0,0,0,0,0,0,0,0,0,0,0,0
57,Ghana,288,Developedregions,901,2159,2153,2406,3383,2682,3295,3768,1053,1155,1187,1771,1353,1665,1916,1106,998,1219,1612,1329,1630,1852
58,Guinea,324,Developedregions,901,4534,4128,3520,2864,2703,2307,2164,2513,2514,2118,1974,1780,1423,1360,2021,1614,1402,890,923,884,804
59,GuineaBissau,624,Developedregions,901,836,1074,1309,1269,1227,1301,947,432,565,698,649,599,629,470,404,509,611,620,628,672,477
60,Liberia,430,Developedregions,901,7680,7500,7368,3289,1397,1598,1224,3928,3757,3590,2108,671,762,602,3752,3743,3778,1181,726,836,622
61,Mali,466,Developedregions,901,3306,3161,2662,10902,8993,11061,12968,1752,1655,1383,5504,4849,5961,7005,1554,1506,1279,5398,4144,5100,5963
62,Mauritania,478,Developedregions,901,384,407,416,422,292,416,445,197,228,253,261,191,273,297,187,179,163,161,101,143,148
63,Niger,562,Developedregions,901,0,0,0,0,0,0,0,0,0,0,0,0,0,0,0,0,0,0,0,0,0
64,Nigeria,566,Developedregions,901,0,0,0,0,0,0,0,0,0,0,0,0,0,0,0,0,0,0,0,0,0
65,SaintHelena,654,Developedregions,901,127,83,77,111,163,247,287,80,51,45,59,92,168,203,47,32,32,52,71,79,84
66,Senegal,686,Developedregions,901,12836,13423,12133,13052,14600,15587,16087,6188,6430,5916,6377,7245,7732,7962,6648,6993,6217,6675,7355,7855,8125
67,SierraLeone,694,Developedregions,901,1372,1335,1299,770,593,469,409,718,681,645,451,358,290,261,654,654,654,319,235,179,148
68,Togo,768,Developedregions,901,2112,1837,1612,1430,1397,1287,1292,1116,971,847,758,755,694,703,996,866,765,672,642,593,589
69,Kazakhstan,398,Developedregions,901,2920931,2633288,2345641,2478933,2612222,2778416,2924163,1330029,1196998,1063967,1158414,1252861,1356238,1427431,1590902,1436290,1281674,1320519,1359361,1422178,1496732
70,Kyrgyzstan,417,Developedregions,901,506496,412538,307294,246901,182680,160885,156680,210768,170667,125523,100108,72729,63494,61839,295728,241871,181771,146793,109951,97391,94841
71,Tajikistan,762,Developedregions,901,372375,300633,256230,242675,242101,238041,238873,163139,129293,110746,103057,103383,100691,101166,209236,171340,145484,139618,138718,137350,137707
72,Turkmenistan,795,Developedregions,901,135826,113005,90801,89501,86616,86262,85623,56693,54185,42176,42010,38929,39320,39703,79133,58820,48625,47491,47687,46942,45920
73,Uzbekistan,860,Developedregions,901,1503833,1363325,1236083,1151635,1079928,1037434,1029578,653842,587863,528405,506846,489431,479005,476958,849991,775462,707678,644789,590497,558429,552620
74,China,156,Developedregions,901,8471,13765,18843,27238,34406,42437,46155,5013,8058,10970,17035,22766,28738,31260,3458,5707,7873,10203,11640,13699,14895
75,DemPeoplesRepublicofKorea,408,Developedregions,901,1328,1388,1444,1732,2017,2220,2259,726,750,772,934,1096,1213,1240,602,638,672,798,921,1007,1019
76,Japan,392,Developedregions,901,73372,91121,108994,119051,126220,131873,152281,37380,43737,50354,54228,56766,58832,67947,35992,47384,58640,64823,69454,73041,84334
77,Mongolia,496,Developedregions,901,3341,3676,4074,3873,4134,5109,5455,1588,1853,2144,1956,2190,2050,2181,1753,1823,1930,1917,1944,3059,3274
78,RepublicofKorea,410,Developedregions,901,18775,31657,54622,65471,85322,99161,134765,10614,15389,26087,40811,53528,68791,89076,8161,16268,28535,24660,31794,30370,45689
79,BruneiDarussalam,96,Developedregions,901,2820,3024,3225,3296,3367,3438,3735,1616,1742,1868,1917,1966,2015,2193,1204,1282,1357,1379,1401,1423,1542
80,Cambodia,116,Developedregions,901,447,1175,1895,1478,1062,958,1010,275,720,1162,920,680,621,665,172,455,733,558,382,337,345
81,Indonesia,360,Developedregions,901,49340,32644,15950,43709,74278,82228,86446,27604,18639,9676,26354,42844,48185,50592,21736,14005,6274,17355,31434,34043,35854
82,LaoPeoplesDemocraticRepublic,418,Developedregions,901,18,18,17,16,110,205,218,10,10,9,9,76,144,155,8,8,8,7,34,61,63
83,Malaysia,458,Developedregions,901,11285,12917,18230,25107,30293,36940,39142,6308,7239,10184,14560,18035,22221,24014,4977,5678,8046,10547,12258,14719,15128
84,Myanmar,104,Developedregions,901,0,0,0,0,0,0,0,0,0,0,0,0,0,0,0,0,0,0,0,0,0
85,Philippines,608,Developedregions,901,31146,41904,90597,73315,76005,77195,82133,18807,24981,46847,38473,40693,41389,44140,12339,16923,43750,34842,35312,35806,37993
86,Singapore,702,Developedregions,901,8184,9731,12225,20659,30250,34701,35260,4515,5329,6581,10856,15745,18048,18319,3669,4402,5644,9803,14505,16653,16941
87,Thailand,764,Developedregions,901,22327,22501,27336,25108,24692,26485,27715,14298,14844,18269,16698,16497,17670,18483,8029,7657,9067,8410,8195,8815,9232
88,TimorLeste,626,Developedregions,901,886,947,1021,1094,1128,969,951,425,445,470,519,543,587,580,461,502,551,575,585,382,371
89,VietNam,704,Developedregions,901,706,2197,5816,6149,6501,7822,8239,415,1224,3359,3730,3912,4675,4928,291,973,2457,2419,2589,3147,3311
90,Afghanistan,4,Developedregions,901,0,0,0,0,0,0,0,0,0,0,0,0,0,0,0,0,0,0,0,0,0
91,Bangladesh,50,Developedregions,901,50931,62493,74053,87883,101624,107552,105461,27504,33748,39991,47459,54879,58080,32575,23427,28745,34062,40424,46745,49472,72886
92,Bhutan,64,Developedregions,901,260,307,352,442,532,562,569,155,184,211,262,313,332,349,105,123,141,180,219,230,220
93,India,356,Developedregions,901,36616,27732,18842,46826,68223,63567,59448,17119,12916,8710,26201,34205,31277,28733,19497,14816,10132,20625,34018,32290,30715
94,IranIslamicRepublicof,364,Developedregions,901,0,0,0,0,0,0,0,0,0,0,0,0,0,0,0,0,0,0,0,0,0
95,Maldives,462,Developedregions,901,1013,1082,1095,1032,1091,1151,1236,556,536,593,600,733,863,941,457,546,502,432,358,288,295
96,Nepal,524,Developedregions,901,0,0,0,0,0,0,0,0,0,0,0,0,0,0,0,0,0,0,0,0,0
97,Pakistan,586,Developedregions,901,0,0,0,0,0,0,0,0,0,0,0,0,0,0,0,0,0,0,0,0,0
98,SriLanka,144,Developedregions,901,241,1448,2681,5195,10361,10298,10419,156,1126,1831,2610,5269,5043,5161,85,322,850,2585,5092,5255,5258
99,WesternAsia,922,Developedregions,901,2156198,2131263,2127270,2096650,2144623,2161303,2612223,997463,985961,982544,958401,977818,927699,1045039,1158735,1145302,1144726,1138249,1166805,1233604,1567184
100,Armenia,51,Developedregions,901,79836,46718,26953,17837,14848,23596,23484,26746,14876,7685,5502,4928,7718,7821,53090,31842,19268,12335,9920,15878,15663
101,Azerbaijan,31,Developedregions,901,45139,39618,39928,37890,34690,33090,31576,12135,12403,12110,10678,10680,10680,10220,33004,27215,27818,27212,24010,22410,21356
102,Bahrain,48,Developedregions,901,2298,2265,2243,3235,4947,5361,6944,1359,1375,1384,2050,3173,3513,4629,939,890,859,1185,1774,1848,2315
103,Cyprus,196,Developedregions,901,27499,38895,50268,75592,115996,106149,109528,12847,17333,21817,32167,50374,46572,48504,14652,21562,28451,43425,65622,59577,61024
104,Georgia,268,Developedregions,901,236988,121857,51208,47635,49113,51555,53395,100861,51600,21462,19963,20593,21622,22477,136127,70257,29746,27672,28520,29933,30918
105,Iraq,368,Developedregions,901,210,248,235,273,280,273,274,142,148,117,174,184,195,191,68,100,118,99,96,78,83
106,Israel,376,Developedregions,901,830915,850185,821846,743190,673547,694648,674528,383173,384920,370107,333290,299683,307185,298305,447742,465265,451739,409900,373864,387463,376223
107,Jordan,400,Developedregions,901,6667,8857,11024,8288,17087,7055,9087,2755,3948,5162,5100,9915,3302,4257,3912,4909,5862,3188,7172,3753,4830
108,Kuwait,414,Developedregions,901,14253,10392,10573,11284,14830,19947,21638,6196,5218,6326,6870,9196,11265,12221,8057,5174,4247,4414,5634,8682,9417
109,Lebanon,422,Developedregions,901,1611,2493,3370,2594,1843,1560,1352,688,1075,1461,1182,914,747,664,923,1418,1909,1412,929,813,688
110,Oman,512,Developedregions,901,5071,6631,6328,5627,5838,13275,16966,3340,4337,4364,3843,4021,9766,12485,1731,2294,1964,1784,1817,3509,4481
111,Qatar,634,Developedregions,901,4204,4200,3573,4490,9054,7632,12720,2686,2832,2563,3188,7100,6099,10016,1518,1368,1010,1302,1954,1533,2704
112,SaudiArabia,682,Developedregions,901,0,0,0,0,0,0,0,0,0,0,0,0,0,0,0,0,0,0,0,0,0
113,StateofPalestine,275,Developedregions,901,8436,8244,8052,8032,8012,7992,8179,4043,3930,3816,3817,3818,3799,4048,4393,4314,4236,4215,4194,4193,4131
114,SyrianArabRepublic,760,Developedregions,901,0,0,0,0,0,0,0,0,0,0,0,0,0,0,0,0,0,0,0,0,0
115,Turkey,792,Developedregions,901,875657,970955,1068535,1104259,1139038,1128526,1576445,430265,469656,509156,513434,516080,455421,565811,445392,501299,559379,590825,622958,673105,1010634
116,UnitedArabEmirates,784,Developedregions,901,17414,19705,23134,26424,55500,60644,66107,10227,12310,15014,17143,37159,39815,43390,7187,7395,8120,9281,18341,20829,22717
117,Yemen,887,Developedregions,901,0,0,0,0,0,0,0,0,0,0,0,0,0,0,0,0,0,0,0,0,0
118,EasternEurope,923,Developedregions,901,13814527,13039683,12229655,11497006,10901008,11350292,12235818,6256923,5879005,5481218,5136519,4846898,5088556,5605386,7557604,7160678,6748437,6360487,6054110,6261736,6630432
119,Belarus,112,Developedregions,901,1098166,1042824,987468,972822,958157,951703,937850,496349,470977,445610,439019,432421,429470,423199,601817,571847,541858,533803,525736,522233,514651
120,Bulgaria,100,Developedregions,901,13930,22586,31215,42654,53459,77003,128173,4712,7992,11270,15469,19783,30763,58357,9218,14594,19945,27185,33676,46240,69816
121,Czechia,203,Developedregions,901,103842,155769,207684,269226,305780,322982,419073,53104,81779,110448,149541,179856,184474,242000,50738,73990,97236,119685,125924,138508,177073
122,Hungary,348,Developedregions,901,321711,292286,262837,322586,385258,380060,482480,143024,131485,119942,149997,181880,181135,247047,178687,160801,142895,172589,203378,198925,235433
123,Poland,616,Developedregions,901,1052785,900548,770357,679762,610523,581496,776667,446260,373833,312917,275716,244493,239442,365786,606525,526715,457440,404046,366030,342054,410881
124,RepublicofMoldova,498,Developedregions,901,494612,333821,225295,155567,116305,93693,91982,212555,138526,90080,60469,45755,37156,36543,282057,195295,135215,95098,70550,56537,55439
125,Romania,642,Developedregions,901,124947,115116,104853,116450,144275,254868,633557,51164,47762,44188,51696,66772,130305,341561,73783,67354,60665,64754,77503,124563,291996
126,RussianFederation,643,Developedregions,901,4895983,5171589,5259687,4913218,4465657,4785807,4783200,2402516,2515202,2537664,2327876,2071745,2223657,2222430,2493467,2656387,2722023,2585342,2393912,2562150,2560770
127,Slovakia,703,Developedregions,901,40496,66518,110779,123545,139261,168875,186553,17646,28712,47803,54198,62558,83326,93715,22850,37806,62976,69347,76703,85549,92838
128,Ukraine,804,Developedregions,901,5668055,4938626,4269480,3901176,3722333,3733805,3796283,2429593,2082737,1761296,1612538,1541635,1548828,1574748,3238462,2855889,2508184,2288638,2180698,2184977,2221535
129,ChannelIslands,830,Developedregions,901,60399,59282,62987,68807,74628,79174,80882,28410,27885,29616,32597,35572,37839,38658,31989,31397,33371,36210,39056,41335,42224
130,Denmark,208,Developedregions,901,144998,172615,200302,236177,259445,315655,380364,65721,79714,93698,112753,125642,155483,191001,79277,92901,106604,123424,133803,160172,189363
131,Estonia,233,Developedregions,901,362922,300949,238979,222694,206161,182411,183308,161568,128645,95719,88872,81785,73695,77941,201354,172304,143260,133822,124376,108716,105367
132,FaroeIslands,234,Developedregions,901,4001,2644,3256,4096,4448,4632,5638,2291,1455,1767,2230,2415,2454,3090,1710,1189,1489,1866,2033,2178,2548
133,Finland,246,Developedregions,901,43779,48142,52804,81894,100181,135575,162745,22557,25683,28953,44171,53401,71311,87254,21222,22459,23851,37723,46780,64264,75491
134,Iceland,352,Developedregions,901,8402,10593,12845,20856,28416,31592,54322,3766,4883,6016,10606,14936,16097,30988,4636,5710,6829,10250,13480,15495,23334
135,Ireland,372,Developedregions,901,219881,196968,282332,481345,601092,626634,717097,108012,93569,138800,253161,296903,312045,359235,111869,103399,143532,228184,304189,314589,357862
136,IsleofMan,833,Developedregions,901,32837,34894,36950,39111,40800,35920,36597,15464,16616,17767,19159,20227,17708,18048,17373,18278,19183,19952,20573,18212,18549
137,Latvia,428,Developedregions,901,640194,524219,408205,356459,295677,250110,221731,287374,226906,166422,144373,115527,96253,87146,352820,297313,241783,212086,180150,153857,134585
138,Lithuania,440,Developedregions,901,306971,242917,190270,182273,149490,126443,134795,143156,112973,88295,84271,63830,52690,67723,163815,129944,101975,98002,85660,73753,67072
139,Norway,578,Developedregions,901,111306,127020,155123,177984,279194,415622,453014,53283,59982,74073,85376,148622,229110,245773,58023,67038,81050,92608,130572,186512,207241
140,Sweden,752,Developedregions,901,433905,514914,552225,586490,648478,675876,792787,201335,236826,252033,269584,303511,316968,382654,232570,278088,300192,316906,344967,358908,410133
141,UnitedKingdom,826,Developedregions,901,1748710,1806522,1894763,2432066,2994849,3704330,4288343,799562,812444,836432,1098107,1389334,1718984,2007434,949148,994078,1058331,1333959,1605515,1985346,2280909
142,Albania,8,Developedregions,901,56214,60762,65310,55129,44949,44305,41560,25830,28117,30406,27908,22754,22428,21070,30384,32645,34904,27221,22195,21877,20490
143,Andorra,20,Developedregions,901,37463,38824,40184,46838,47374,37885,40843,20038,20553,21063,24731,25016,19586,21264,17425,18271,19121,22107,22358,18299,19579
144,BosniaandHerzegovina,70,Developedregions,901,54542,68250,81959,46518,37841,37621,35154,25914,32578,39240,22132,18069,17965,16482,28628,35672,42719,24386,19772,19656,18672
145,Croatia,191,Developedregions,901,371186,563248,479722,515127,550510,553006,520430,172261,263358,225176,240952,256727,256006,241372,198925,299890,254546,274175,293783,297000,279058
146,Gibraltar,292,Developedregions,901,5417,5551,5684,6472,7259,7745,7836,2252,2374,2496,2995,3493,3779,3821,3165,3177,3188,3477,3766,3966,4015
147,Greece,300,Developedregions,901,348659,566843,794336,856707,952500,897664,917876,179283,290770,402025,413603,439463,394841,437367,169376,276073,392311,443104,513037,502823,480509
148,HolySee,336,Developedregions,901,0,0,0,0,0,0,0,0,0,0,0,0,0,0,0,0,0,0,0,0,0
149,Italy,380,Developedregions,901,703483,837617,971812,2105856,3282060,3235715,3380255,235975,319389,402795,861206,1345286,1288718,1338326,467508,518228,569017,1244650,1936774,1946997,2041929
150,Malta,470,Developedregions,901,12901,15138,18267,20601,22304,37826,82562,5858,6983,8473,9687,11376,20025,46848,7043,8155,9794,10914,10928,17801,35714
151,Montenegro,499,Developedregions,901,0,0,0,0,78051,70659,69939,0,0,0,0,31467,27697,27509,0,0,0,0,46584,42962,42430
152,NorthMacedonia,807,Developedregions,901,80231,92827,103902,105281,106703,107316,107783,33445,38663,43315,43888,43474,44348,44545,46786,54164,60587,61393,63229,62968,63238
153,Portugal,620,Developedregions,901,119493,160252,207563,260606,270414,306543,351752,58582,79553,104063,131118,136688,147149,174521,60911,80699,103500,129488,133726,159394,177231
154,SanMarino,674,Developedregions,901,3117,3460,3792,3972,4558,4793,5101,1637,1845,2062,2191,2621,2705,2831,1480,1615,1730,1781,1937,2088,2270
155,Serbia,688,Developedregions,901,98615,655910,899528,839179,820252,801754,817207,46341,305288,406758,374776,361575,352180,359488,52274,350622,492770,464403,458677,449574,457719
156,Slovenia,705,Developedregions,901,174099,170167,206966,208825,242813,233553,271183,87463,88003,109776,112247,139526,132357,159025,86636,82164,97190,96578,103287,101196,112158
157,Spain,724,Developedregions,901,409739,496412,789706,1497881,2421309,2318504,2448259,192008,238485,389588,762915,1243805,1148131,1192801,217731,257927,400118,734966,1177504,1170373,1255458
158,Austria,40,Developedregions,901,600856,677879,754880,848692,952959,1072334,1257335,267475,307914,348356,391494,438729,490307,588891,333381,369965,406524,457198,514230,582027,668444
159,Belgium,56,Developedregions,901,553393,591215,608795,654251,784748,896624,973669,284210,306581,312406,331818,372046,430085,471392,269183,284634,296389,322433,412702,466539,502277
160,France,250,Developedregions,901,2727774,2815916,2904135,2357450,2602014,2646695,2713163,1285081,1301558,1318051,1090159,1159298,1218678,1246987,1442693,1514358,1586084,1267291,1442716,1428017,1466176
161,Germany,276,Developedregions,901,3699381,4600940,5707157,5846410,5988155,6125030,9324457,2010965,2358585,2779791,2839740,2881406,2928828,4540364,1688416,2242355,2927366,3006670,3106749,3196202,4784093
162,Liechtenstein,438,Developedregions,901,9993,12161,14106,17327,20820,22074,24054,5484,6495,7319,8702,10188,10855,11877,4509,5666,6787,8625,10632,11219,12177
163,Luxembourg,442,Developedregions,901,108648,121042,134594,146185,159243,242962,243276,53750,60045,67083,72881,79433,123063,124634,54898,60997,67511,73304,79810,119899,118642
164,Monaco,492,Developedregions,901,11565,11581,11614,11149,10842,13452,13768,5422,5475,5539,5329,5191,6501,6654,6143,6106,6075,5820,5651,6951,7114
165,Netherlands,528,Developedregions,901,358233,399154,454019,504115,576754,591349,748531,168123,184093,205880,227948,264450,275406,356534,190110,215061,248139,276167,312304,315943,391997
166,Switzerland,756,Developedregions,901,950753,1014859,1121666,1296620,1480108,1627520,1754493,467932,525161,607009,670575,725415,807197,871475,482821,489698,514657,626045,754693,820323,883018
167,Anguilla,660,Developedregions,901,440,567,694,798,868,929,966,145,179,213,247,270,290,300,295,388,481,551,598,639,666
168,AntiguaandBarbuda,28,Developedregions,901,2318,2941,3558,3818,4073,4331,4512,1113,1438,1765,1889,2017,2143,2243,1205,1503,1793,1929,2056,2188,2269
169,Aruba,533,Developedregions,901,2698,3621,4543,4868,5099,5361,5993,1368,1861,2353,2510,2619,2752,3016,1330,1760,2190,2358,2480,2609,2977
170,Bahamas,44,Developedregions,901,7650,8085,8495,11153,13837,14993,16027,3623,4029,4392,5738,7086,7626,8175,4027,4056,4103,5415,6751,7367,7852
171,Barbados,52,Developedregions,901,4792,5230,5670,4868,4080,4284,4326,2138,2381,2624,2213,1807,1898,1920,2654,2849,3046,2655,2273,2386,2406
172,BritishVirginIslands,92,Developedregions,901,1287,1514,1739,1993,2555,2921,3311,643,738,834,956,1233,1400,1588,644,776,905,1037,1322,1521,1723
173,CaymanIslands,136,Developedregions,901,3369,4323,6332,6337,6920,7521,8378,1802,2340,3471,3392,3621,3943,4412,1567,1983,2861,2945,3299,3578,3966
174,Cuba,192,Developedregions,901,21222,16088,11437,7217,4568,2885,1874,9928,7170,4637,2951,1894,1215,806,11294,8918,6800,4266,2674,1670,1068
175,CuraÃao,531,Developedregions,901,0,0,0,0,10371,11255,12593,0,0,0,0,5236,5699,6517,0,0,0,0,5135,5556,6076
176,Dominica,212,Developedregions,901,570,752,896,1103,1345,1567,1594,315,415,498,613,755,879,900,255,337,398,490,590,688,694
177,DominicanRepublic,214,Developedregions,901,43143,47930,52696,48214,43743,36304,37870,26244,28698,31145,27975,24811,21838,22764,16899,19232,21551,20239,18932,14466,15106
178,Grenada,308,Developedregions,901,85,145,205,215,225,227,225,42,89,136,143,150,152,143,43,56,69,72,75,75,82
179,Guadeloupe,312,Developedregions,901,33382,42577,51767,54693,57614,55196,54646,16705,21025,25344,25814,26283,23784,23265,16677,21552,26423,28879,31331,31412,31381
180,Haiti,332,Developedregions,901,6868,6520,6189,5874,6163,6467,6758,4160,3953,3756,3568,3745,3931,4118,2708,2567,2433,2306,2418,2536,2640
181,Jamaica,388,Developedregions,901,11184,12178,13185,12844,12514,12245,12519,5436,6006,6580,6456,6332,6196,6328,5748,6172,6605,6388,6182,6049,6191
182,Martinique,474,Developedregions,901,29857,35881,41894,43852,45804,53182,52757,15113,17618,20121,20502,20882,23391,23205,14744,18263,21773,23350,24922,29791,29552
183,Montserrat,500,Developedregions,901,385,311,231,240,250,260,260,199,159,120,124,128,134,137,186,152,111,116,122,126,123
184,PuertoRico,630,Developedregions,901,235904,237933,240547,229433,189479,168257,162671,113667,113783,114152,108697,88813,78488,75572,122237,124150,126395,120736,100666,89769,87099
185,SaintBarthelemy,652,Developedregions,901,0,0,0,0,0,0,0,0,0,0,0,0,0,0,0,0,0,0,0,0,0
186,SaintKittsandNevis,659,Developedregions,901,0,0,0,0,0,0,0,0,0,0,0,0,0,0,0,0,0,0,0,0,0
187,SaintLucia,662,Developedregions,901,914,1218,1691,2038,2227,2125,2030,448,599,840,1014,1125,1070,1031,466,619,851,1024,1102,1055,999
188,SaintMartinFrenchpart,663,Developedregions,901,0,0,0,0,0,0,0,0,0,0,0,0,0,0,0,0,0,0,0,0,0
189,SaintVincentandtheGrenadines,670,Developedregions,901,1116,1170,1220,1256,1301,1319,1348,571,601,626,650,681,704,738,545,569,594,606,620,615,610
190,SintMaartenDutchpart,534,Developedregions,901,0,0,0,587,1173,1222,1285,0,0,0,284,564,587,622,0,0,0,303,609,635,663
191,TrinidadandTobago,780,Developedregions,901,5687,5161,6673,7160,9844,10196,11320,2809,2545,3443,3687,5097,5359,6742,2878,2616,3230,3473,4747,4837,4578
192,TurksandCaicosIslands,796,Developedregions,901,862,1165,1468,1520,1573,1803,2038,445,613,784,797,850,976,1108,417,552,684,723,723,827,930
193,UnitedStatesVirginIslands,850,Developedregions,901,14246,14965,15712,16281,16851,16861,16886,7129,7491,7862,8027,8191,8193,8196,7117,7474,7850,8254,8660,8668,8690
194,CentralAmerica,916,Developedregions,901,312608,387295,485751,645885,896509,897199,988988,157681,196000,247641,331072,462563,459579,513411,154927,191295,238110,314813,433946,437620,475577
195,Belize,84,Developedregions,901,2794,2767,2737,3661,4564,5381,6099,1496,1478,1458,1935,2411,2829,3210,1298,1289,1279,1726,2153,2552,2889
196,CostaRica,188,Developedregions,901,17914,15002,19588,12881,25353,25671,30781,10070,8594,11146,7239,14297,14436,17992,7844,6408,8442,5642,11056,11235,12789
197,ElSalvador,222,Developedregions,901,11036,8648,6279,6630,7004,7302,7413,5764,4505,3244,3427,3614,3775,3834,5272,4143,3035,3203,3390,3527,3579
198,Guatemala,320,Developedregions,901,8933,8523,8103,9621,11158,12240,13787,3248,3690,4128,5280,6431,7160,8034,5685,4833,3975,4341,4727,5080,5753
199,Honduras,340,Developedregions,901,4218,5404,6584,6440,6310,8843,9031,2499,3084,3669,3631,3583,5021,5132,1719,2320,2915,2809,2727,3822,3899
200,Mexico,484,Developedregions,901,252366,331764,425440,584328,810748,801517,879305,125856,165931,214141,296239,413117,404261,448677,126510,165833,211299,288089,397631,397256,430628
201,Nicaragua,558,Developedregions,901,6261,4973,5005,5126,5473,5942,6196,3191,2515,2642,2798,3012,3270,3422,3070,2458,2363,2328,2461,2672,2774
202,Panama,591,Developedregions,901,9086,10214,12015,17198,25899,30303,36376,5557,6203,7213,10523,16098,18827,23110,3529,4011,4802,6675,9801,11476,13266
203,Argentina,32,Developedregions,901,706040,571333,436639,354263,271714,311001,314001,331748,266283,200853,160389,119916,137065,139492,374292,305050,235786,193874,151798,173936,174509
204,BoliviaPlurinationalStateof,68,Developedregions,901,13105,13904,14549,19921,25240,29426,32688,6755,7224,7614,10443,13256,15434,17154,6350,6680,6935,9478,11984,13992,15534
205,Brazil,76,Developedregions,901,598039,533416,468781,403766,335804,388974,422622,316271,281779,247289,215050,180716,204602,227332,281768,251637,221492,188716,155088,184372,195290
206,Chile,152,Developedregions,901,27308,28011,28691,37173,45643,69144,60302,14483,14774,15082,19749,24410,38267,31298,12825,13237,13609,17424,21233,30877,29004
207,Colombia,170,Developedregions,901,30122,30585,31043,29765,35975,43695,52646,16159,16390,16621,15974,19789,24638,30119,13963,14195,14422,13791,16186,19057,22527
208,Ecuador,218,Developedregions,901,18946,21855,24753,29617,47161,59665,62380,9823,11422,13029,15880,24734,31116,35928,9123,10433,11724,13737,22427,28549,26452
209,FalklandIslandsMalvinas,238,Developedregions,901,723,718,787,767,877,959,1194,415,420,468,443,491,531,664,308,298,319,324,386,428,530
210,FrenchGuiana,254,Developedregions,901,15544,18324,21103,21080,21055,21283,23917,9181,10308,11436,11315,11195,11224,12614,6363,8016,9667,9765,9860,10059,11303
211,Guyana,328,Developedregions,901,508,817,1124,1514,1184,1252,1312,272,439,605,821,668,707,743,236,378,519,693,516,545,569
212,Paraguay,600,Developedregions,901,10896,11632,12337,11749,11190,10918,11817,5925,6544,7111,6775,6444,6284,6820,4971,5088,5226,4974,4746,4634,4997
213,Peru,604,Developedregions,901,22093,22122,25878,30397,40415,54163,106443,11662,11536,13490,15992,22544,31360,64086,10431,10586,12388,14405,17871,22803,42357
214,Suriname,740,Developedregions,901,1312,1621,2002,2450,2890,3138,3476,708,878,1084,1335,1576,1713,1910,604,743,918,1115,1314,1425,1566
215,Uruguay,858,Developedregions,901,62277,53473,44299,32853,28223,29140,34771,28237,25011,21541,15820,13471,13903,17030,34040,28462,22758,17033,14752,15237,17741
216,VenezuelaBolivarianRepublicof,862,Developedregions,901,280620,244769,211806,209497,209416,212963,200738,160013,138411,118641,118495,119605,120339,112079,120607,106358,93165,91002,89811,92624,88659
217,Bermuda,60,Developedregions,901,12948,13448,11853,12029,12202,12572,12396,6052,6348,5431,5622,5708,5992,5929,6896,7100,6422,6407,6494,6580,6467
218,Canada,124,Developedregions,901,2557487,2516834,2536020,2461123,2431810,2379091,2577793,1245051,1219583,1223393,1185522,1171913,1141832,1237226,1312436,1297251,1312627,1275601,1259897,1237259,1340567
219,Greenland,304,Developedregions,901,9218,7022,6437,6331,5701,5429,5328,6454,4815,4521,4345,3932,3671,3551,2764,2207,1916,1986,1769,1758,1777
220,SaintPierreandMiquelon,666,Developedregions,901,945,1147,1276,1127,997,967,938,470,586,661,587,519,504,489,475,561,615,540,478,463,449
221,UnitedStatesofAmerica,840,Developedregions,901,5444973,5813706,6182005,6150246,6306600,6145456,5897898,2420786,2611490,2806359,2823156,2828161,2755937,2631756,3024187,3202216,3375646,3327090,3478439,3389519,3266142
222,Australia,36,Developedregions,901,2732273,2758879,2796400,2868849,3054770,3156650,3357777,1404913,1410221,1418991,1446021,1535770,1594083,1685162,1327360,1348658,1377409,1422828,1519000,1562567,1672615
223,NewZealand,554,Developedregions,901,336969,343081,350963,389858,421772,446945,545205,169371,170599,170596,189233,204381,216142,263672,167598,172482,180367,200625,217391,230803,281533
224,Melanesia,928,Developedregions,901,45664,49080,46693,52300,55524,63417,66338,26226,28426,27273,30475,32014,36417,37964,19438,20654,19420,21825,23510,27000,28374
225,Fiji,242,Developedregions,901,3276,3096,2887,2562,2751,2834,2908,1739,1644,1522,1353,1471,1530,1567,1537,1452,1365,1209,1280,1304,1341
226,NewCaledonia,540,Developedregions,901,20000,23178,26359,31720,37084,44640,47419,11531,13214,14898,17606,20314,24426,25851,8469,9964,11461,14114,16770,20214,21568
227,PapuaNewGuinea,598,Developedregions,901,20487,20987,15710,16130,13680,13869,13915,11818,12541,9896,10516,9195,9394,9465,8669,8446,5814,5614,4485,4475,4450
228,SolomonIslands,90,Developedregions,901,822,815,779,609,481,449,436,502,497,474,362,272,256,251,320,318,305,247,209,193,185
229,Vanuatu,548,Developedregions,901,1079,1004,958,1279,1528,1625,1660,636,530,483,638,762,811,830,443,474,475,641,766,814,830
230,Micronesia,954,Developedregions,901,34086,30280,26567,25937,24717,24732,25965,20687,17954,15260,14208,12905,12927,13554,13399,12326,11307,11729,11812,11805,12411
231,Guam,316,Developedregions,901,30445,25994,21541,20983,20425,20608,21791,18432,15359,12284,11413,10543,10631,11242,12013,10635,9257,9570,9882,9977,10549
232,Kiribati,296,Developedregions,901,172,171,172,177,184,184,191,103,100,99,106,113,115,124,69,71,73,71,71,69,67
233,MarshallIslands,584,Developedregions,901,633,716,856,1053,1346,1430,1441,399,436,515,648,826,876,881,234,280,341,405,520,554,560
234,MicronesiaFedStatesof,583,Developedregions,901,300,271,252,234,225,220,222,172,173,142,129,124,122,125,128,98,110,105,101,98,97
235,Nauru,520,Developedregions,901,234,215,198,186,26,41,46,139,128,118,111,16,26,31,95,87,80,75,10,15,15
236,NorthernMarianaIslands,580,Developedregions,901,1918,2260,2742,2764,1994,1785,1799,1197,1377,1587,1513,1019,908,917,721,883,1155,1251,975,877,882
237,Palau,585,Developedregions,901,384,653,806,540,517,464,475,245,381,515,288,264,249,234,139,272,291,252,253,215,241
238,Polynesia,957,Developedregions,901,27777,30510,32782,34109,33581,33553,33742,16563,17970,19093,19384,18799,18762,18847,11214,12540,13689,14725,14782,14791,14895
239,AmericanSamoa,16,Developedregions,901,3747,3777,3807,3544,3279,3272,3282,1996,1996,1996,1822,1647,1633,1639,1751,1781,1811,1722,1632,1639,1643
240,CookIslands,184,Developedregions,901,2346,2434,2525,2667,2808,2819,3094,1302,1350,1399,1408,1420,1401,1534,1044,1084,1126,1259,1388,1418,1560
241,FrenchPolynesia,258,Developedregions,901,19226,21112,22575,24081,23640,23930,23947,11977,12970,13705,14209,13790,13949,13960,7249,8142,8870,9872,9850,9981,9987
242,Niue,570,Developedregions,901,255,219,186,198,355,360,365,127,113,102,109,193,193,193,128,106,84,89,162,167,172
243,Samoa,882,Developedregions,901,1675,2319,2952,2775,2427,2013,1891,874,1200,1511,1407,1215,1007,948,801,1119,1441,1368,1212,1006,943
244,Tokelau,772,Developedregions,901,110,109,115,114,191,208,206,51,52,57,52,81,92,85,59,57,58,62,110,116,121
245,Tonga,776,Developedregions,901,50,58,66,77,82,70,65,29,34,38,45,48,41,39,21,24,28,32,34,29,26
246,Tuvalu,798,Developedregions,901,41,21,11,7,4,4,3,37,19,10,6,3,3,3,4,2,1,1,1,1,0
247,WallisandFutunaIslands,876,Developedregions,901,327,461,545,646,795,877,889,170,236,275,326,402,443,446,157,225,270,320,393,434,443
248,Developedregions,901,Lessdevelopedregions,902,37973694,47033770,56246319,66440897,76772235,84353343,92975532,19194952,23761617,28401483,33400745,38267783,41622923,45777485,18778742,23272153,27844836,33040152,38504452,42730420,47198047
249,Developedregions,901,Lessdevelopedregions,902,934,35675359,44160544,52762010,61933127,71295205,77602538,84780609,17976503,22240122,26557448,31034532,35410010,38153452,41510877,17698856,21920422,26204562,30898595,35885195,39449086
250,Developedregions,901,Lessdevelopedregions,902,948,35982218,44381032,52846610,62020715,71498918,77968122,86547616,18210987,22454747,26739655,31264075,35755546,38607393,42759145,17771231,21926285,26106955,30756640,35743372,39360729
251,Lessdevelopedregions,902,Lessdevelopedregions,902,54545883,53785018,55462240,60633430,74866555,90073447,105150052,29620541,29208738,30286358,33659964,42807815,51725940,60518004,24925342,24576280,25175882,26973466,32058740,38347507,44632048
252,Lessdevelopedregions,902,Lessdevelopedregions,902,934,27020846,28540906,30884060,35191301,44845886,55341572,65740378,14596005,15424274,16771186,19469697,25850371,32179888,37981283,12424841,13116632,14112874,15721604,18995515,23161684
253,Lessdevelopedregions,902,Lessdevelopedregions,902,948,51670149,50700101,52196600,56855734,70439555,85127266,99963818,28092683,27611715,28639020,31820707,40729312,49420933,58187129,23577466,23088386,23557580,25035027,29710243,35706333
254,Lessdevelopedregions,902,Lessdevelopedregions,902,900,59158726,56673106,59204627,64976460,79989053,94124050,107159937,31586436,30379836,31883994,35617824,45371137,53851671,61492223,27572290,26293270,27320633,29358636,34617916,40272379
255,Lessdevelopedregions,902,Lessdevelopedregions,902,947,4605987,5148523,5565555,6655048,7902145,9077407,9537042,2662740,2905009,3104487,3761150,4455781,5009732,5306816,1943247,2243514,2461068,2893898,3446364,4067675
256,Lessdevelopedregions,902,Lessdevelopedregions,902,1833,6817551,7653514,8370784,9397742,12092901,17100040,19534187,3664745,4152442,4622706,5293330,7017653,9911672,11310060,3152806,3501072,3748078,4104412,5075248,7188368
257,Lessdevelopedregions,902,Lessdevelopedregions,902,921,22689433,19008993,19497273,20136240,26008452,29109190,31916084,12855407,11038933,11474187,12207448,16706063,19083528,21349410,9834026,7970060,8023086,7928792,9302389,10025662
258,Lessdevelopedregions,902,Lessdevelopedregions,902,1832,6311388,7588543,9196493,11400899,14567577,16863043,18358006,3404103,3997231,4741697,5895668,7616217,8840195,9637678,2907285,3591312,4454796,5505231,6951360,8022848
259,Lessdevelopedregions,902,Lessdevelopedregions,902,1830,4028050,3736125,3869885,4469946,5473621,6311803,11448272,1997258,1845426,1903524,2181763,2666093,3118989,5709337,2030792,1890699,1966361,2288183,2807528,3192814
260,Lessdevelopedregions,902,Lessdevelopedregions,902,1835,53221,58890,67044,66967,63280,65864,67835,27222,30168,33996,33956,32083,33096,34090,25999,28722,33048,33011,31197,32768
261,Lessdevelopedregions,902,Lessdevelopedregions,902,927,70334,71459,72428,86922,107114,110919,121061,37360,38914,39754,48688,60011,62117,68754,32974,32545,32674,38234,47103,48802
262,Lessdevelopedregions,902,Lessdevelopedregions,902,1829,10861681,10008770,9369276,9483430,9711388,9970201,10839685,5064992,4685615,4398122,4518976,4688807,4799279,5161928,5796689,5323155,4971154,4964454,5022581,5170922
263,Lessdevelopedregions,902,Lessdevelopedregions,902,901,11096531,10237641,9600886,9726175,9987056,10267259,11166659,5191458,4807821,4519533,4649100,4836716,4960870,5338558,5905073,5429820,5081353,5077075,5150340,5306389
264,Lessdevelopedregions,902,Lessdevelopedregions,902,902,44341114,43037176,46407852,51971019,65939422,78341208,90655513,24522369,23885917,25798940,29291879,38405992,45897738,53239515,19818745,19151259,20608912,22679140,27533430,32443470
265,Lessdevelopedregions,902,Lessdevelopedregions,902,excludingleastdevelopedcountries,934,25142254,26278038,28410431,32464669,41871676,51925772,62366486,13710143,14384996,15616854,18179721,24430798,30532596,36502954,11432111,11893042,12793577,14284948,17440878
266,Lessdevelopedregions,902,Lessdevelopedregions,902,excludingChina,948,41711357,40176917,43346102,48410379,61749482,73638297,85712663,23124355,22408511,24262238,27569905,36452005,43722112,51001452,18587002,17768406,19083864,20840474,25297477
267,Lessdevelopedregions,902,Lessdevelopedregions,902,941,19198860,16759138,17997421,19506350,24067746,26415436,28289027,10812226,9500921,10182086,11112158,13975194,15365142,16736561,8386634,7258217,7815335,8394192,10092552,11050294
268,Lessdevelopedregions,902,Lessdevelopedregions,902,1636,12803428,10084906,11025256,11355062,13718077,15194648,15954191,6810690,5339847,5837260,6018674,7210577,8023310,8552716,5992738,4745059,5187996,5336388,6507500,7171338
269,Lessdevelopedregions,902,Lessdevelopedregions,902,1637,715289,865401,1051347,1113521,1181231,1427625,1815287,380810,455737,546625,583326,615908,776961,999536,334479,409664,504722,530195,565323,650664
270,Lessdevelopedregions,902,Lessdevelopedregions,902,1503,5610505,5483288,5544710,5884262,6425691,6778184,7398393,2840335,2790607,2829805,3025808,3332076,3501360,3815575,2770170,2692681,2714905,2858454,3093615,3276824
271,Lessdevelopedregions,902,Lessdevelopedregions,902,1517,37207346,37930318,39913558,45082776,56265436,62616868,73110566,19867716,20365926,21549892,24759233,32315988,36508954,42561345,17339630,17564392,18363666,20323543,23949448,26107914
272,Lessdevelopedregions,902,Lessdevelopedregions,902,1502,14279128,14799626,15399929,16907141,20084868,20937683,27125684,6980770,7205043,7463830,8260664,9917714,10379069,13349221,7298358,7594583,7936099,8646477,10167154,10558614
273,Lessdevelopedregions,902,Lessdevelopedregions,902,1501,22928218,23130692,24513629,28175635,36180568,41679185,45984882,12886946,13160883,14086062,16498569,22398274,26129885,29212124,10041272,9969809,10427567,11677066,13782294,15549300
274,Lessdevelopedregions,902,Lessdevelopedregions,902,1500,12419089,9655866,10339894,10552226,13040289,19002051,21093242,6897288,5427229,5827071,6062582,7495498,10741527,12089984,5521801,4228637,4512823,4489644,5544791,8260524
275,Lessdevelopedregions,902,Lessdevelopedregions,902,903,6442344,7153981,7754980,8930708,11044991,12831061,13831063,3763067,4134494,4474765,5209631,6535029,7420168,8072341,2679277,3019487,3280215,3721077,4509962,5410893
276,Lessdevelopedregions,902,Lessdevelopedregions,902,910,1488353,1608250,1759038,2038447,2775363,3321724,3395068,888124,935276,1010002,1188204,1594255,1841499,1921480,600229,672974,749036,850243,1181108,1480225
277,Lessdevelopedregions,902,Lessdevelopedregions,902,911,344496,416622,562190,640814,819253,1054558,1143000,174303,211492,287716,339207,431251,560667,612756,170193,205130,274474,301607,388002,493891
278,Lessdevelopedregions,902,Lessdevelopedregions,902,912,1836357,2005458,2189425,2275660,3142846,3753654,4294021,1100327,1229485,1370278,1448481,2079248,2410436,2765525,736030,775973,819147,827179,1063598,1343218
279,Lessdevelopedregions,902,Lessdevelopedregions,902,913,319561,265508,286113,349989,499817,384132,404360,226383,169993,157921,188010,265105,187365,198790,93178,95515,128192,161979,234712,196767
280,Lessdevelopedregions,902,Lessdevelopedregions,902,914,2453577,2858143,2958214,3625798,3807712,4316993,4594614,1373930,1588248,1648848,2045729,2165170,2420201,2573790,1079647,1269895,1309366,1580069,1642542,1896792
281,Lessdevelopedregions,902,Lessdevelopedregions,902,935,33982015,32245592,34875125,38659221,49526084,59318619,65514256,18823928,17959121,19468312,21947965,29260685,35424959,39531623,15158087,14286471,15406813,16711256,20265399,23893660
282,Lessdevelopedregions,902,Lessdevelopedregions,902,5500,561448,545149,533533,574177,587879,612047,646683,257568,259187,252972,279695,299194,317825,338671,303880,285962,280561,294482,288685,294222
283,Lessdevelopedregions,902,Lessdevelopedregions,902,906,2948517,3185257,3403075,3960353,4674529,5248982,5539720,1566785,1648195,1714129,1938494,2222151,2484675,2573993,1381732,1537062,1688946,2021859,2452378,2764307
284,Lessdevelopedregions,902,Lessdevelopedregions,902,920,3362871,4403286,5793418,7440546,9893048,11614061,12818286,1837318,2349036,3027568,3957174,5394066,6355520,7063685,1525553,2054250,2765850,3483372,4498982,5258541
285,Lessdevelopedregions,902,Lessdevelopedregions,902,5501,22127985,18463844,18963740,19562063,25420573,28497143,31269401,12597839,10779746,11221215,11927753,16406869,18765703,21010739,9530146,7684098,7742525,7634310,9013704,9731440
286,Lessdevelopedregions,902,Lessdevelopedregions,902,922,4981194,5648056,6181359,7122082,8950055,13346386,15240166,2564418,2922957,3252428,3844849,4938405,7501236,8544535,2416776,2725099,2928931,3277233,4011650,5845150
287,Lessdevelopedregions,902,Lessdevelopedregions,902,908,10008718,9055820,8279828,8167604,8087603,8337143,9053571,4632812,4201392,3843056,3835204,3840943,3945171,4213913,5375906,4854428,4436772,4332400,4246660,4391972
288,Lessdevelopedregions,902,Lessdevelopedregions,902,923,7066531,6296485,5580308,5466215,5404370,5526432,5871248,3144457,2797968,2467868,2463688,2478361,2523676,2634474,3922074,3498517,3112440,3002527,2926009,3002756
289,Lessdevelopedregions,902,Lessdevelopedregions,902,924,390084,379473,442711,498584,474846,441002,489606,188109,191055,226608,254619,247120,232643,259338,201975,188418,216103,243965,227726,208359
290,Lessdevelopedregions,902,Lessdevelopedregions,902,925,1669617,1474418,1294377,1187376,1101993,1198894,1335811,852886,751893,658668,602291,556462,619652,688286,816731,722525,635709,585085,545531,579242
291,Lessdevelopedregions,902,Lessdevelopedregions,902,926,882486,905444,962432,1015429,1106394,1170815,1356906,447360,460476,489912,514606,559000,569200,631815,435126,444968,472520,500823,547394,601615
292,Lessdevelopedregions,902,Lessdevelopedregions,902,904,4028050,3736125,3869885,4469946,5473621,6311803,11448272,1997258,1845426,1903524,2181763,2666093,3118989,5709337,2030792,1890699,1966361,2288183,2807528,3192814
293,Lessdevelopedregions,902,Lessdevelopedregions,902,915,522711,579109,639292,705264,785179,997705,1340417,282383,310579,340335,374904,414585,557688,755344,240328,268530,298957,330360,370594,440017
294,Lessdevelopedregions,902,Lessdevelopedregions,902,916,1255216,683292,514776,567015,638919,695766,832125,609575,331136,252162,273400,301909,329571,405252,645641,352156,262614,293615,337010,366195
295,Lessdevelopedregions,902,Lessdevelopedregions,902,931,2250123,2473724,2715817,3197667,4049523,4618332,9275730,1105300,1203711,1311027,1533459,1949599,2231730,4548741,1144823,1270013,1404790,1664208,2099924,2386602
296,Lessdevelopedregions,902,Lessdevelopedregions,902,905,852963,952950,1089448,1315826,1623785,1633058,1786114,432180,484223,555066,683772,847864,854108,948015,420783,468727,534382,632054,775921,778950
297,Lessdevelopedregions,902,Lessdevelopedregions,902,909,123555,130349,139472,153889,170394,176783,188896,64582,69082,73750,82644,92094,95213,102844,58973,61267,65722,71245,78300,81570
298,Lessdevelopedregions,902,Lessdevelopedregions,902,928,10990,10889,11031,12079,12272,11307,11524,5518,5543,5670,6282,6380,5703,5833,5472,5346,5361,5797,5892,5604
299,Lessdevelopedregions,902,Lessdevelopedregions,902,954,13816,16237,20920,22299,21194,21090,22098,6860,8199,10347,11063,10605,10615,11116,6956,8038,10573,11236,10589,10475
300,Lessdevelopedregions,902,Lessdevelopedregions,902,957,28415,31764,35093,32589,29814,33467,34213,14844,16426,17979,16611,15098,16778,17141,13571,15338,17114,15978,14716,16689
301,Lessdevelopedregions,902,Lessdevelopedregions,902,108,2876,2245,2628,6553,10450,16101,24099,1842,1446,1634,3200,4914,7663,12222,1034,799,994,3353,5536,8438
302,Lessdevelopedregions,902,Lessdevelopedregions,902,174,12584,23931,41621,55807,63496,70508,94677,7988,14049,22482,29134,31950,34657,46099,4596,9882,19139,26673,31546,35851
303,Lessdevelopedregions,902,Lessdevelopedregions,902,262,938,1112,1320,1481,1620,1662,1891,583,712,870,1048,1145,1201,1353,355,400,450,433,475,461
304,Lessdevelopedregions,902,Lessdevelopedregions,902,232,10567,11556,14273,16675,31504,37979,59557,6777,7629,9471,11170,21263,24746,36220,3790,3927,4802,5505,10241,13233
305,Lessdevelopedregions,902,Lessdevelopedregions,902,231,140091,153339,153858,180283,253848,341475,355598,83167,90336,90330,107987,152191,208136,221779,56924,63003,63528,72296,101657,133339
306,Lessdevelopedregions,902,Lessdevelopedregions,902,404,12776,12029,12769,18255,25619,28981,31516,6541,6002,6124,8929,11798,13113,15539,6235,6027,6645,9326,13821,15868
307,Lessdevelopedregions,902,Lessdevelopedregions,902,450,5105,10285,16662,21486,25062,26751,29676,2558,5036,7958,10422,12234,13020,14435,2547,5249,8704,11064,12828,13731
308,Lessdevelopedregions,902,Lessdevelopedregions,902,454,84237,86710,121238,138366,164583,199006,204526,51293,53415,75287,86554,103375,123567,132343,32944,33295,45951,51812,61208,75439
309,Lessdevelopedregions,902,Lessdevelopedregions,902,480,8977,8249,8745,11051,12945,15137,16742,5219,4538,4507,5628,6332,7396,8793,3758,3711,4238,5423,6613,7741
310,Lessdevelopedregions,902,Lessdevelopedregions,902,175,1835,3937,6214,6468,6335,6545,6767,986,1948,2976,3137,3108,3199,3305,849,1989,3238,3331,3227,3346
311,Lessdevelopedregions,902,Lessdevelopedregions,902,508,878044,607852,451439,482571,637242,446918,486590,542774,382565,295354,321054,433374,276558,311877,335270,225287,156085,161517,203868,170360
312,Lessdevelopedregions,902,Lessdevelopedregions,902,638,2005,1545,1247,1306,1403,1530,1620,1000,702,474,429,382,377,441,1005,843,773,877,1021,1153
313,Lessdevelopedregions,902,Lessdevelopedregions,902,646,6895,13835,18090,15756,29999,37667,37629,3438,7179,9388,8769,16112,19908,20190,3457,6656,8702,6987,13887,17759
314,Lessdevelopedregions,902,Lessdevelopedregions,902,690,217,338,532,690,793,961,1080,114,164,235,297,328,396,506,103,174,297,393,465,565
315,Lessdevelopedregions,902,Lessdevelopedregions,902,706,23232,234355,273785,340591,563125,715782,651866,12928,130407,155289,198334,313980,393425,364933,10304,103948,118496,142257,249145,322357
316,Lessdevelopedregions,902,Lessdevelopedregions,902,728,16334,64116,91195,73388,72897,123850,165035,9733,34995,48537,40617,40664,66079,87611,6601,29121,42658,32771,32233,57771
317,Lessdevelopedregions,902,Lessdevelopedregions,902,800,91154,139546,265674,325860,383894,388295,342872,45986,65236,126983,161707,174807,177462,157880,45168,74310,138691,164153,209087,210833
318,Lessdevelopedregions,902,Lessdevelopedregions,902,834,69317,77792,58376,50903,49523,52594,49315,37438,41664,30046,27179,25799,27697,27041,31879,36128,28330,23724,23724,24897
319,Lessdevelopedregions,902,Lessdevelopedregions,902,894,32885,44215,59451,72368,64240,58888,63820,18940,24578,32287,38376,34011,31338,34057,13945,19637,27164,33992,30229,27550
320,Lessdevelopedregions,902,Lessdevelopedregions,902,716,88284,111263,159921,218589,376785,751094,770192,48819,62675,89770,124233,206488,411561,424856,39465,48588,70151,94356,170297,339533
321,Lessdevelopedregions,902,Lessdevelopedregions,902,24,49397,62517,110212,92394,112014,132671,143049,28930,35342,60861,49910,60793,70495,78803,20467,27175,49351,42484,51221,62176
322,Lessdevelopedregions,902,Lessdevelopedregions,902,120,32289,37426,44461,56220,67634,89198,121886,17495,19888,23473,31042,37646,51498,69591,14794,17538,20988,25178,29988,37700
323,Lessdevelopedregions,902,Lessdevelopedregions,902,140,10800,11979,16356,29458,130594,304405,335926,5761,5800,7371,13279,66358,153587,169263,5039,6179,8985,16179,64236,150818
324,Lessdevelopedregions,902,Lessdevelopedregions,902,148,125029,118234,111901,107200,92472,86112,83291,61647,59492,57943,59452,52977,49382,47987,63382,58742,53958,47748,39495,36730
325,Lessdevelopedregions,902,Lessdevelopedregions,902,178,9607,13709,20078,26726,32556,42425,48033,4948,7319,11265,14434,17692,23742,28121,4659,6390,8813,12292,14864,18683
326,Lessdevelopedregions,902,Lessdevelopedregions,902,180,83775,128515,203848,266210,312360,301250,302543,39063,61977,99515,139771,159322,156317,157850,44712,66538,104333,126439,153038,144933
327,Lessdevelopedregions,902,Lessdevelopedregions,902,226,27377,36526,45770,52913,60749,84438,92962,13487,17966,22666,26433,30986,48257,53047,13890,18560,23104,26480,29763,36181
328,Lessdevelopedregions,902,Lessdevelopedregions,902,266,1357,1414,1828,2419,3721,4841,5095,655,664,835,1313,1946,2394,2536,702,750,993,1106,1775,2447
329,Lessdevelopedregions,902,Lessdevelopedregions,902,678,4865,6302,7736,7274,7153,9218,10215,2317,3044,3787,3573,3531,4995,5558,2548,3258,3949,3701,3622,4223
330,Lessdevelopedregions,902,Lessdevelopedregions,902,12,49028,55305,57237,64471,72027,78712,80496,24039,26923,27811,31484,34919,38199,39475,24989,28382,29426,32987,37108,40513
331,Lessdevelopedregions,902,Lessdevelopedregions,902,818,1021512,1143517,1309844,1346494,2060607,2544640,2920983,647013,748561,876350,909751,1433021,1687097,1939443,374499,394956,433494,436743,627586,857543
332,Lessdevelopedregions,902,Lessdevelopedregions,902,434,47160,45144,43215,40615,45613,60877,68997,23974,23033,22333,21239,23715,33493,38252,23186,22111,20882,19376,21898,27384
333,Lessdevelopedregions,902,Lessdevelopedregions,902,504,176663,187732,189571,184675,186341,193972,192208,86744,90859,91542,89683,91393,95010,94478,89919,96873,98029,94992,94948,98962
334,Lessdevelopedregions,902,Lessdevelopedregions,902,729,325245,358214,376565,466874,594406,676984,825341,202043,224514,237911,303349,398755,451594,544765,123202,133700,138654,163525,195651,225390
335,Lessdevelopedregions,902,Lessdevelopedregions,902,788,48844,48643,47082,41368,39727,41811,43044,24124,23902,23332,21034,21216,22255,23094,24720,24741,23750,20334,18511,19556
336,Lessdevelopedregions,902,Lessdevelopedregions,902,732,167905,166903,165911,131163,144125,156658,162952,92390,91693,90999,71941,76229,82788,86018,75515,75210,74912,59222,67896,73870
337,Lessdevelopedregions,902,Lessdevelopedregions,902,72,22553,19601,22557,28046,38133,47892,55087,17439,13759,14028,17205,23064,28917,35688,5114,5842,8529,10841,15069,18975
338,Lessdevelopedregions,902,Lessdevelopedregions,902,748,34531,29131,32333,42447,66195,42887,46362,25264,19256,18278,23504,36442,20984,22592,9267,9875,14055,18943,29753,21903
339,Lessdevelopedregions,902,Lessdevelopedregions,902,426,188009,132005,115088,151558,234654,182437,192639,144258,91824,64594,82177,126260,82136,85371,43751,40181,50494,69381,108394,100301
340,Lessdevelopedregions,902,Lessdevelopedregions,902,516,11693,24731,45224,59758,92475,41935,38049,7044,13179,22755,29385,45440,20994,18987,4649,11552,22469,30373,47035,20941
341,Lessdevelopedregions,902,Lessdevelopedregions,902,710,62775,60040,70911,68180,68360,68981,72223,32378,31975,38266,35739,33899,34334,36152,30397,28065,32645,32441,34461,34647
342,Lessdevelopedregions,902,Lessdevelopedregions,902,204,177743,210833,247605,400345,417668,502843,538297,97173,115087,134226,227553,237718,277088,295462,80570,95746,113379,172792,179950,225755
343,Lessdevelopedregions,902,Lessdevelopedregions,902,854,971783,1158830,1211286,1269913,1323117,1391019,1450984,546592,650059,677551,711716,739084,777256,810692,425191,508771,533735,558197,584033,613763
344,Lessdevelopedregions,902,Lessdevelopedregions,902,132,340,377,384,1030,1797,2045,2197,179,198,206,489,895,1003,1097,161,179,178,541,902,1042
345,Lessdevelopedregions,902,Lessdevelopedregions,902,384,8618,8352,9007,29841,57324,71147,81658,4771,4855,5004,14738,31183,38815,44600,3847,3497,4003,15103,26141,32332
346,Lessdevelopedregions,902,Lessdevelopedregions,902,270,10560,6214,6458,6741,8346,8950,9479,5555,3260,3382,3536,4389,4711,4998,5005,2954,3076,3205,3957,4239
347,Lessdevelopedregions,902,Lessdevelopedregions,902,288,184547,179659,192080,287097,297777,344188,368475,87923,86280,92461,149673,155288,174664,187608,96624,93379,99619,137424,142489,169524
348,Lessdevelopedregions,902,Lessdevelopedregions,902,324,137099,139261,145537,157380,163887,173260,180870,74828,75668,79111,85305,89044,94192,98376,62271,63593,66426,72075,74843,79068
349,Lessdevelopedregions,902,Lessdevelopedregions,902,624,1670,2061,2447,4933,7417,7932,8458,952,1193,1435,2858,4275,4571,4896,718,868,1012,2075,3142,3361
350,Lessdevelopedregions,902,Lessdevelopedregions,902,430,20791,45482,45487,96687,71780,83216,91080,11066,22409,22307,50071,36478,41601,45669,9725,23073,23180,46616,35302,41615
351,Lessdevelopedregions,902,Lessdevelopedregions,902,466,463815,521913,559033,650879,691720,766110,801376,260409,292518,314358,371253,395563,436725,456606,203406,229395,244675,279626,296157,329385
352,Lessdevelopedregions,902,Lessdevelopedregions,902,478,13422,13868,14787,14890,17030,18779,19527,10012,10329,10957,11136,12752,13966,14517,3410,3539,3830,3754,4278,4813
353,Lessdevelopedregions,902,Lessdevelopedregions,902,562,90410,99693,108522,169041,169876,195489,208757,60915,66875,72016,110166,110716,122172,129873,29495,32818,36506,58875,59160,73317
354,Lessdevelopedregions,902,Lessdevelopedregions,902,566,184275,178966,175654,208914,252582,352776,399180,108367,104765,102008,121882,152297,196268,221855,75908,74201,73646,87032,100285,156508
355,Lessdevelopedregions,902,Lessdevelopedregions,902,654,345,274,343,381,568,652,771,103,103,168,179,271,305,387,242,171,175,202,297,347
356,Lessdevelopedregions,902,Lessdevelopedregions,902,686,43462,47679,53892,63565,69278,88831,95317,31659,34683,39261,45050,51371,67721,72978,11803,12996,14631,18515,17907,21110
357,Lessdevelopedregions,902,Lessdevelopedregions,902,694,3096,4131,5402,8122,6950,8257,9057,1714,2305,2930,4611,3882,4484,4932,1382,1826,2472,3511,3068,3773
358,Lessdevelopedregions,902,Lessdevelopedregions,902,768,141601,240550,180290,256039,250595,301499,329131,71712,117661,91467,135513,139964,164659,179244,69889,122889,88823,120526,110631,136840
359,Lessdevelopedregions,902,Lessdevelopedregions,902,398,137806,106623,93040,85302,77194,74587,76350,59003,46908,39977,37442,34423,33537,34290,78803,59715,53063,47860,42771,41050
360,Lessdevelopedregions,902,Lessdevelopedregions,902,417,39531,31837,28672,29955,31646,31133,33376,18129,15289,13642,14387,15472,15221,16384,21402,16548,15030,15568,16174,15912
361,Lessdevelopedregions,902,Lessdevelopedregions,902,762,25929,59153,74082,73993,35955,34322,35122,12314,27498,34031,33788,18788,18376,18885,13615,31655,40051,40205,17167,15946
362,Lessdevelopedregions,902,Lessdevelopedregions,902,795,10792,10994,11358,13333,13431,12945,13250,4794,5285,5794,7099,7240,6961,7217,5998,5709,5564,6234,6191,5984
363,Lessdevelopedregions,902,Lessdevelopedregions,902,860,347390,336542,326381,371594,429653,459060,488585,163328,164207,159528,186979,223271,243730,261895,184062,172335,166853,184615,206382,215330
364,Lessdevelopedregions,902,Lessdevelopedregions,902,156,2525357,2736591,2913748,3330010,3849060,4307048,4521512,1345450,1415792,1463382,1603040,1773472,1961631,2010562,1179907,1320799,1450366,1726970,2075588,2345417
365,Lessdevelopedregions,902,Lessdevelopedregions,902,HongKongSAR,344,32322,50095,72250,141982,238239,285641,306196,16128,24391,35130,76661,133714,164426,177053,16194,25704,37120,65321,104525
366,Lessdevelopedregions,902,Lessdevelopedregions,902,MacaoSAR,446,72078,73573,75752,88648,102641,110222,115142,36436,37223,38190,42273,46801,49569,50448,35642,36350,37562,46375,55840
367,Lessdevelopedregions,902,Lessdevelopedregions,902,TaiwanProvinceofChina,158,0,0,0,0,0,0,0,0,0,0,0,0,0,0,0,0,0,0,0
368,Lessdevelopedregions,902,Lessdevelopedregions,902,408,23593,37980,56497,61460,68939,74626,78681,11270,18444,27650,30798,35087,38689,40888,12323,19536,28847,30662,33852,35937
369,Lessdevelopedregions,902,Lessdevelopedregions,902,392,164516,157412,159182,155823,168554,186139,205913,89106,83292,81657,81436,87898,99474,107876,75410,74120,77525,74387,80656,86665
370,Lessdevelopedregions,902,Lessdevelopedregions,902,496,166,828,1749,9327,20513,24694,31426,87,412,882,5533,11993,14150,17650,79,416,867,3794,8520,10544
371,Lessdevelopedregions,902,Lessdevelopedregions,902,410,130485,128778,123897,173103,226583,260612,280850,68308,68641,67238,98753,133186,156736,169516,62177,60137,56659,74350,93397,103876
372,Lessdevelopedregions,902,Lessdevelopedregions,902,96,19700,26862,35408,34193,32840,32176,30988,12264,16978,22384,21168,20221,19662,18851,7436,9884,13024,13025,12619,12514
373,Lessdevelopedregions,902,Lessdevelopedregions,902,116,103832,150004,173795,385718,637902,724363,764584,52300,75944,85755,181284,300930,341461,359243,51532,74060,88040,204434,336972,382902
374,Lessdevelopedregions,902,Lessdevelopedregions,902,360,1237854,1521720,1945736,2273250,2868927,3494722,3991709,757078,898629,1116425,1299603,1642071,2002959,2311181,480776,623091,829311,973647,1226856,1491763
375,Lessdevelopedregions,902,Lessdevelopedregions,902,418,172388,215770,296123,548535,837664,908714,950855,78881,100747,137140,242500,369961,400422,418299,93507,115023,158983,306035,467703,508292
376,Lessdevelopedregions,902,Lessdevelopedregions,902,458,279256,518286,799780,912270,1072152,1216666,1241998,133026,228220,337052,396506,475419,537710,548820,146230,290066,462728,515764,596733,678956
377,Lessdevelopedregions,902,Lessdevelopedregions,902,104,414315,629261,931313,1522901,2134632,2399527,2565802,247880,360779,517233,857334,1221068,1379734,1481342,166435,268482,414080,665567,913564,1019793
378,Lessdevelopedregions,902,Lessdevelopedregions,902,608,662039,760508,916542,1041384,1516130,1918738,2193399,319025,378471,463284,568297,921380,1144484,1295430,343014,382037,453258,473087,594750,774254
379,Lessdevelopedregions,902,Lessdevelopedregions,902,702,55212,55012,64588,92159,117270,135399,142313,26757,26947,31835,47453,61049,71390,76224,28455,28065,32753,44706,56221,64009
380,Lessdevelopedregions,902,Lessdevelopedregions,902,764,68829,79253,99609,114143,162236,217024,307577,33417,36479,44681,55295,84516,123806,186221,35412,42774,54928,58848,77720,93218
381,Lessdevelopedregions,902,Lessdevelopedregions,902,626,747,71401,143762,80068,20543,22732,23899,485,35757,71811,42539,11523,12975,13614,262,35644,71951,37529,9020,9757
382,Lessdevelopedregions,902,Lessdevelopedregions,902,704,348699,375209,386762,435925,492752,544000,605162,176205,190085,199968,245195,285928,320917,354460,172494,185124,186794,190730,206824,223083
383,Lessdevelopedregions,902,Lessdevelopedregions,902,4,7560196,4176007,4527597,3808447,4904705,4860116,4959038,4063525,2273480,2482054,2103684,2658683,2584761,2695487,3496671,1902527,2045543,1704763,2246022,2275355
384,Lessdevelopedregions,902,Lessdevelopedregions,902,50,5287306,5174392,5103951,5036573,5720619,6112799,6547715,3067926,3016650,2996337,3008359,3766521,4103774,4498248,2219380,2157742,2107614,2028214,1954098,2009025
385,Lessdevelopedregions,902,Lessdevelopedregions,902,64,11102,9650,8201,9787,11074,10335,9683,5503,4902,4298,5179,5562,5095,4694,5599,4748,3903,4608,5512,5240
386,Lessdevelopedregions,902,Lessdevelopedregions,902,356,4924007,4863039,5127599,6067704,8825512,10443528,11665396,3012537,3054049,3292130,4053129,6254442,7583794,8566401,1911470,1808990,1835469,2014575,2571070,2859734
387,Lessdevelopedregions,902,Lessdevelopedregions,902,364,112759,133468,132572,104222,104065,128112,172454,59973,70787,65664,52793,53340,68749,89311,52786,62681,66908,51429,50725,59363
388,Lessdevelopedregions,902,Lessdevelopedregions,902,462,1888,1268,660,1473,2584,2441,2416,1534,990,402,759,1234,1090,1084,354,278,258,714,1350,1351
389,Lessdevelopedregions,902,Lessdevelopedregions,902,524,730851,827264,936875,1188233,1547982,2000555,2203942,379336,436030,499719,621000,782227,1096187,1263132,351515,391234,437156,567233,765755,904368
390,Lessdevelopedregions,902,Lessdevelopedregions,902,586,2876427,2700579,2581855,2718445,3481404,3996805,4533628,1697922,1622662,1584550,1719195,2390762,2753280,3167354,1178505,1077917,997305,999250,1090642,1243525
391,Lessdevelopedregions,902,Lessdevelopedregions,902,144,623449,578177,544430,627179,822628,942452,1175129,309583,300196,296061,363655,494098,568973,725028,313866,277981,248369,263524,328530,373479
392,Lessdevelopedregions,902,Lessdevelopedregions,902,51,245567,243057,231418,212614,197361,190040,184284,115710,108170,104178,103640,99351,97591,94795,129857,134887,127240,108974,98010,92449
393,Lessdevelopedregions,902,Lessdevelopedregions,902,31,577614,673191,639582,497643,253464,201826,209097,251694,292848,278761,217211,116602,95863,99207,325920,380343,360821,280432,136862,105963
394,Lessdevelopedregions,902,Lessdevelopedregions,902,48,10945,11308,20116,18916,14536,15255,16113,5064,5395,9882,9460,7474,7658,8114,5881,5913,10234,9456,7062,7597
395,Lessdevelopedregions,902,Lessdevelopedregions,902,196,10380,11040,12144,13136,14924,15805,20741,4901,5251,5776,6114,6810,7070,8981,5479,5789,6368,7022,8114,8735
396,Lessdevelopedregions,902,Lessdevelopedregions,902,268,117728,134535,151910,129686,118530,127059,127402,54202,60927,66105,57330,54506,57992,57857,63526,73608,85805,72356,64024,69067
397,Lessdevelopedregions,902,Lessdevelopedregions,902,368,492736,491387,453757,843523,1918984,858254,992395,254525,256289,247277,456228,998767,463200,438639,238211,235098,206480,387295,920217,395054
398,Lessdevelopedregions,902,Lessdevelopedregions,902,376,110253,109196,109496,94029,82110,81704,85262,49392,48975,49205,41748,37567,36906,39126,60861,60221,60291,52281,44543,44798
399,Lessdevelopedregions,902,Lessdevelopedregions,902,400,243090,260183,280569,340189,486547,573596,653241,138231,152344,168125,211299,312175,366559,417960,104859,107839,112444,128890,174372,207037
400,Lessdevelopedregions,902,Lessdevelopedregions,902,414,65129,66678,68302,77214,119647,123310,133260,36708,39858,43032,48726,77798,80088,87343,28421,26820,25270,28488,41849,43222
401,Lessdevelopedregions,902,Lessdevelopedregions,902,422,129817,131800,135738,156279,207844,248419,289283,78741,80755,83957,100490,138005,164416,191063,51076,51045,51781,55789,69839,84003
402,Lessdevelopedregions,902,Lessdevelopedregions,902,512,11790,11767,12081,13699,14650,15274,16065,6015,6036,6229,7152,7715,7852,8589,5775,5731,5852,6547,6935,7422
403,Lessdevelopedregions,902,Lessdevelopedregions,902,634,11271,11412,11690,12565,14702,15303,16039,5541,5708,5940,6404,7461,7587,8010,5730,5704,5750,6161,7241,7716
404,Lessdevelopedregions,902,Lessdevelopedregions,902,682,80008,91918,102495,99660,115776,112973,122806,44440,55041,64709,64192,72967,70692,77374,35568,36877,37786,35468,42809,42281
405,Lessdevelopedregions,902,Lessdevelopedregions,902,275,1774376,2232889,2723687,3207689,3482852,3699033,3920253,867736,1106855,1376456,1639096,1774128,1932051,2057480,906640,1126034,1347231,1568593,1708724,1766982
406,Lessdevelopedregions,902,Lessdevelopedregions,902,760,491539,505737,524545,601661,822879,5782284,6973101,277205,286844,299539,363917,513985,3274003,3997377,214334,218893,225006,237744,308894,2508281
407,Lessdevelopedregions,902,Lessdevelopedregions,902,792,91436,116716,124590,131065,158073,162695,173154,50027,64778,69820,74097,94019,95072,101029,41409,51938,54770,56968,64054,67623
408,Lessdevelopedregions,902,Lessdevelopedregions,902,784,73837,83977,88404,92498,110374,116693,122593,41432,49572,53535,51909,59439,61859,64851,32405,34405,34869,40589,50935,54834
409,Lessdevelopedregions,902,Lessdevelopedregions,902,887,443678,461265,490835,580016,816802,1006863,1185077,282854,297311,319902,385836,559636,674777,786740,160824,163954,170933,194180,257166,332086
410,Lessdevelopedregions,902,Lessdevelopedregions,902,112,197308,161661,136229,135101,133168,135436,138238,90630,73466,61220,62025,62294,64275,65769,106678,88195,75009,73076,70874,71161
411,Lessdevelopedregions,902,Lessdevelopedregions,902,100,490202,481503,474325,489427,505537,502068,690552,237264,230979,225079,226668,228090,181243,217188,252938,250524,249246,262759,277447,320825
412,Lessdevelopedregions,902,Lessdevelopedregions,902,203,8666,8457,8566,7659,7241,7711,8737,3906,3751,3745,3419,3313,3586,4196,4760,4706,4821,4240,3928,4125
413,Lessdevelopedregions,902,Lessdevelopedregions,902,348,26684,25506,23666,20760,19104,19161,19421,12202,11536,10706,9487,8782,8662,8793,14482,13970,12960,11273,10322,10499
414,Lessdevelopedregions,902,Lessdevelopedregions,902,616,162485,145676,128234,107602,89589,94652,97109,74586,65557,56685,47685,39631,41870,43783,87899,80119,71549,59917,49958,52782
415,Lessdevelopedregions,902,Lessdevelopedregions,902,498,58515,52586,42722,36375,30382,30907,32116,27133,23904,18881,15955,13154,13485,13552,31382,28682,23841,20420,17228,17422
416,Lessdevelopedregions,902,Lessdevelopedregions,902,642,151091,158401,158620,145814,135721,138729,144965,68670,70285,69452,63200,57767,58642,59637,82421,88116,89168,82614,77954,80087
417,Lessdevelopedregions,902,Lessdevelopedregions,902,643,5093973,4506445,3965088,3874540,3828780,3925016,4051706,2236534,1980569,1736389,1740230,1761851,1836042,1897714,2857439,2525876,2228699,2134310,2066929,2088974
418,Lessdevelopedregions,902,Lessdevelopedregions,902,703,530,591,720,861,1349,1445,1703,289,313,379,445,684,753,895,241,278,341,416,665,692
419,Lessdevelopedregions,902,Lessdevelopedregions,902,804,877077,755659,642138,648076,653499,671307,686701,393243,337608,285332,294574,302795,315118,322947,483834,418051,356806,353502,350704,356189
420,Lessdevelopedregions,902,Lessdevelopedregions,902,830,101,81,100,71,126,126,148,35,29,35,25,42,43,54,66,52,65,46,84,83
421,Lessdevelopedregions,902,Lessdevelopedregions,902,208,6962,8140,10272,10860,11941,12745,15016,3443,4158,5254,5527,5989,6386,7535,3519,3982,5018,5333,5952,6359
422,Lessdevelopedregions,902,Lessdevelopedregions,902,233,3692,3508,2920,2923,2922,2950,3065,1605,1537,1260,1259,1281,1316,1378,2087,1971,1660,1664,1641,1634
423,Lessdevelopedregions,902,Lessdevelopedregions,902,234,0,0,0,0,0,0,0,0,0,0,0,0,0,0,0,0,0,0,0,0
424,Lessdevelopedregions,902,Lessdevelopedregions,902,246,3522,3926,4885,5141,5469,5710,6761,1368,1619,2148,2279,2325,2424,2876,2154,2307,2737,2862,3144,3286
425,Lessdevelopedregions,902,Lessdevelopedregions,902,352,64,80,160,399,660,747,825,29,36,93,248,420,482,540,35,44,67,151,240,265
426,Lessdevelopedregions,902,Lessdevelopedregions,902,372,8148,7542,8623,10565,14528,17405,20084,3821,3687,4238,4969,6526,7738,9928,4327,3855,4385,5596,8002,9667
427,Lessdevelopedregions,902,Lessdevelopedregions,902,833,0,0,0,1,2,3,2,0,0,0,1,2,3,2,0,0,0,0,0,0
428,Lessdevelopedregions,902,Lessdevelopedregions,902,428,14416,12725,11309,9126,7078,7264,7291,6517,5665,5050,4068,3150,3251,3303,7899,7060,6259,5058,3928,4013
429,Lessdevelopedregions,902,Lessdevelopedregions,902,440,30675,24417,20362,16322,13033,13272,13557,14023,10968,9084,7333,5765,5883,6054,16652,13449,11278,8989,7268,7389
430,Lessdevelopedregions,902,Lessdevelopedregions,902,578,3828,4896,7326,7700,8413,8861,10819,2090,2600,3763,3945,4236,4419,5279,1738,2296,3563,3755,4177,4442
431,Lessdevelopedregions,902,Lessdevelopedregions,902,752,7651,9626,11773,11760,12871,13312,16230,3931,4783,5753,5841,6530,6791,7929,3720,4843,6020,5919,6341,6521
432,Lessdevelopedregions,902,Lessdevelopedregions,902,826,311025,304532,364981,423716,397803,358607,395808,151247,155973,189930,219124,210854,193907,214460,159778,148559,175051,204592,186949,164700
433,Lessdevelopedregions,902,Lessdevelopedregions,902,8,2218,3396,4600,4503,4372,4361,5754,1226,1788,2371,2316,2214,2169,2681,992,1608,2229,2187,2158,2192
434,Lessdevelopedregions,902,Lessdevelopedregions,902,20,3,2,1,7,12,13,14,2,1,1,7,12,13,14,1,1,0,0,0,0
435,Lessdevelopedregions,902,Lessdevelopedregions,902,70,7411,7525,3339,2897,3159,3140,4155,4044,4076,1721,1467,1562,1517,1882,3367,3449,1618,1430,1597,1623
436,Lessdevelopedregions,902,Lessdevelopedregions,902,191,3434,3390,3500,3416,3554,3881,4323,1772,1748,1805,1754,1808,1959,2278,1662,1642,1695,1662,1746,1922
437,Lessdevelopedregions,902,Lessdevelopedregions,902,292,69,64,67,68,74,81,90,37,34,35,39,47,55,64,32,30,32,29,27,26
438,Lessdevelopedregions,902,Lessdevelopedregions,902,300,131516,106293,83656,91243,103432,103187,129453,62532,50909,40427,43862,49616,48925,57471,68984,55384,43229,47381,53816,54262
439,Lessdevelopedregions,902,Lessdevelopedregions,902,336,0,0,0,0,0,0,0,0,0,0,0,0,0,0,0,0,0,0,0,0
440,Lessdevelopedregions,902,Lessdevelopedregions,902,380,559166,475038,395671,346933,311620,353095,363844,289673,246544,205741,180550,162258,183473,191884,269493,228494,189930,166383,149362,169622
441,Lessdevelopedregions,902,Lessdevelopedregions,902,470,236,227,261,311,430,512,599,93,93,105,121,180,209,280,143,134,156,190,250,303
442,Lessdevelopedregions,902,Lessdevelopedregions,902,499,241,238,233,245,285,301,284,117,116,113,120,139,146,137,124,122,120,125,146,155
443,Lessdevelopedregions,902,Lessdevelopedregions,902,807,51303,92829,137793,141301,145044,143632,200009,25938,45150,66182,66359,66487,81668,107407,25365,47679,71611,74942,78557,61964
444,Lessdevelopedregions,902,Lessdevelopedregions,902,620,388219,343931,303034,269391,221941,241391,255130,207911,183962,161445,142966,117390,125670,134228,180308,159969,141589,126425,104551,115721
445,Lessdevelopedregions,902,Lessdevelopedregions,902,674,37,36,35,27,51,57,59,32,31,30,22,14,14,15,5,5,5,5,37,43
446,Lessdevelopedregions,902,Lessdevelopedregions,902,688,3571,3457,3811,4893,7278,8026,8769,1594,1647,1889,2358,3370,3731,4384,1977,1810,1922,2535,3908,4295
447,Lessdevelopedregions,902,Lessdevelopedregions,902,705,1968,1985,2008,1578,1328,1370,1466,932,950,971,771,671,693,742,1036,1035,1037,807,657,677
448,Lessdevelopedregions,902,Lessdevelopedregions,902,724,520225,436007,356368,320563,299413,335847,361862,256983,214844,175832,159579,150694,169410,184819,263242,221163,180536,160984,148719,166437
449,Lessdevelopedregions,902,Lessdevelopedregions,902,40,33074,32785,34604,33199,32520,34175,41409,15824,16067,17456,16534,15869,16530,19629,17250,16718,17148,16665,16651,17645
450,Lessdevelopedregions,902,Lessdevelopedregions,902,56,24928,24604,26399,28053,31468,34438,40502,12370,12238,13093,14004,15674,17162,20261,12558,12366,13306,14049,15794,17276
451,Lessdevelopedregions,902,Lessdevelopedregions,902,250,296163,333457,380075,415876,482801,537584,574411,157516,176152,199500,217145,251224,279031,298590,138647,157305,180575,198731,231577,258553
452,Lessdevelopedregions,902,Lessdevelopedregions,902,276,435737,425033,429717,439368,442375,442946,556688,215323,209551,210992,214110,213939,191778,218844,220414,215482,218725,225258,228436,251168
453,Lessdevelopedregions,902,Lessdevelopedregions,902,438,175,170,166,125,100,101,102,111,108,108,80,71,73,74,64,62,58,45,29,28
454,Lessdevelopedregions,902,Lessdevelopedregions,902,442,329,340,360,296,307,320,357,107,112,120,101,130,140,163,222,228,240,195,177,180
455,Lessdevelopedregions,902,Lessdevelopedregions,902,492,275,279,295,328,481,513,575,120,137,163,203,272,296,334,155,142,132,125,209,217
456,Lessdevelopedregions,902,Lessdevelopedregions,902,528,55114,54591,57993,65837,81780,84698,100117,26547,27809,30717,35072,43437,44996,51743,28567,26782,27276,30765,38343,39702
457,Lessdevelopedregions,902,Lessdevelopedregions,902,756,36691,34185,32823,32347,34562,36040,42745,19442,18302,17763,17357,18384,19194,22177,17249,15883,15060,14990,16178,16846
458,Lessdevelopedregions,902,Lessdevelopedregions,902,660,1292,1316,1345,1387,1471,1493,1515,673,685,697,727,766,780,794,619,631,648,660,705,713
459,Lessdevelopedregions,902,Lessdevelopedregions,902,28,6821,7235,7718,7842,8027,8233,8438,3061,3245,3468,3566,3652,3745,3843,3760,3990,4250,4276,4375,4488
460,Lessdevelopedregions,902,Lessdevelopedregions,902,533,1248,1334,1479,1977,4098,4321,4657,586,622,690,907,1731,1821,1984,662,712,789,1070,2367,2500
461,Lessdevelopedregions,902,Lessdevelopedregions,902,44,1761,1735,1772,1619,1575,1622,1712,865,852,868,796,782,814,868,896,883,904,823,793,808
462,Lessdevelopedregions,902,Lessdevelopedregions,902,52,5203,5167,4881,5039,4527,4663,4906,2706,2707,2569,2649,2306,2392,2617,2497,2460,2312,2390,2221,2271
463,Lessdevelopedregions,902,Lessdevelopedregions,902,SintEustatiusandSaba,535,306,401,506,614,2883,3099,3524,162,212,263,318,1252,1345,1559,144,189,243,296,1631
464,Lessdevelopedregions,902,Lessdevelopedregions,902,92,2936,3038,3173,3548,4016,4087,4191,1256,1304,1373,1559,1760,1794,1841,1680,1734,1800,1989,2256,2293
465,Lessdevelopedregions,902,Lessdevelopedregions,902,136,87,85,86,93,105,131,131,46,46,48,52,61,76,78,41,39,38,41,44,55
466,Lessdevelopedregions,902,Lessdevelopedregions,902,192,59148,61921,67770,66974,73148,72005,112689,30089,31623,34710,34462,37878,37540,61565,29059,30298,33060,32512,35270,34465
467,Lessdevelopedregions,902,Lessdevelopedregions,902,531,1673,2416,3318,4150,5113,5341,5687,816,1197,1661,2110,2622,2734,2894,857,1219,1657,2040,2491,2607
468,Lessdevelopedregions,902,Lessdevelopedregions,902,212,16749,18529,20484,20665,20686,20920,20787,7195,8237,9351,9272,9075,9093,8993,9554,10292,11133,11393,11611,11827
469,Lessdevelopedregions,902,Lessdevelopedregions,902,214,68049,83110,98983,106903,114969,113928,143567,28481,35695,43142,46831,49014,47706,58423,39568,47415,55841,60072,65955,66222
470,Lessdevelopedregions,902,Lessdevelopedregions,902,308,19411,17949,14047,14784,10406,10722,11654,8806,8132,6192,6552,4543,4756,5905,10605,9817,7855,8232,5863,5966
471,Lessdevelopedregions,902,Lessdevelopedregions,902,312,5603,6487,7373,8427,9569,10527,10874,2477,2765,3052,3410,3806,3998,4183,3126,3722,4321,5017,5763,6529
472,Lessdevelopedregions,902,Lessdevelopedregions,902,332,229945,256808,284364,335643,394885,605533,868482,147367,161677,176367,203865,235598,379106,535966,82578,95131,107997,131778,159287,226427
473,Lessdevelopedregions,902,Lessdevelopedregions,902,388,13318,16403,21129,24838,32433,34963,37991,5483,6741,8708,10316,13559,14571,16076,7835,9662,12421,14522,18874,20392
474,Lessdevelopedregions,902,Lessdevelopedregions,902,474,10720,12193,13692,13895,14107,11994,12228,5449,5886,6340,6395,6451,5200,5282,5271,6307,7352,7500,7656,6794
475,Lessdevelopedregions,902,Lessdevelopedregions,902,500,2004,2270,2573,2750,2908,3054,3157,950,1092,1255,1355,1438,1516,1572,1054,1178,1318,1395,1470,1538
476,Lessdevelopedregions,902,Lessdevelopedregions,902,630,17772,19419,21487,19964,19181,17997,18950,8597,9240,10060,9793,9959,9482,10075,9175,10179,11427,10171,9222,8515
477,Lessdevelopedregions,902,Lessdevelopedregions,902,652,0,0,0,0,0,0,0,0,0,0,0,0,0,0,0,0,0,0,0,0
478,Lessdevelopedregions,902,Lessdevelopedregions,902,659,8732,9689,10665,11744,11446,11799,12143,4180,4630,5090,5582,5349,5522,5699,4552,5059,5575,6162,6097,6277
479,Lessdevelopedregions,902,Lessdevelopedregions,902,662,11891,13020,14080,13606,12946,13113,13471,5457,5925,6341,6175,5873,5834,6077,6434,7095,7739,7431,7073,7279
480,Lessdevelopedregions,902,Lessdevelopedregions,902,663,0,0,0,0,0,0,0,0,0,0,0,0,0,0,0,0,0,0,0,0
481,Lessdevelopedregions,902,Lessdevelopedregions,902,670,18586,18371,17105,17410,14626,15400,16603,8470,8408,7837,7961,6638,7066,8199,10116,9963,9268,9449,7988,8334
482,Lessdevelopedregions,902,Lessdevelopedregions,902,534,594,806,1080,1141,1698,1793,1945,289,394,540,574,825,874,953,305,412,540,567,873,919
483,Lessdevelopedregions,902,Lessdevelopedregions,902,780,14536,15218,16074,15837,15736,16141,16328,6914,7113,7394,7288,7242,7428,7447,7622,8105,8680,8549,8494,8713
484,Lessdevelopedregions,902,Lessdevelopedregions,902,796,2087,1293,497,982,1466,1585,1695,897,564,230,414,597,639,685,1190,729,267,568,869,946
485,Lessdevelopedregions,902,Lessdevelopedregions,902,850,2239,2896,3611,3432,3154,3241,3092,1111,1587,2089,1975,1808,1856,1766,1128,1309,1522,1457,1346,1385
486,Lessdevelopedregions,902,Lessdevelopedregions,902,84,3918,3989,4233,4505,5143,5144,5635,1795,1790,1872,2107,2528,2573,2845,2123,2199,2361,2398,2615,2571
487,Lessdevelopedregions,902,Lessdevelopedregions,902,188,20969,20142,23242,24965,26697,30445,34034,9465,9063,10680,11891,13091,15069,17115,11504,11079,12562,13074,13606,15376
488,Lessdevelopedregions,902,Lessdevelopedregions,902,222,734197,230878,48048,49969,63023,70849,84543,351259,106385,21549,21122,25853,29740,36328,382938,124493,26499,28847,37170,41109
489,Lessdevelopedregions,902,Lessdevelopedregions,902,320,102892,80593,62113,65211,73660,88894,97719,51828,41632,33529,32839,35031,42529,47245,51064,38961,28584,32372,38629,46365
490,Lessdevelopedregions,902,Lessdevelopedregions,902,340,42044,40517,41651,46981,56543,65562,94544,18450,17905,18567,21216,25778,29823,42962,23594,22612,23084,25765,30765,35739
491,Lessdevelopedregions,902,Lessdevelopedregions,902,484,44463,48895,54532,57734,65457,75159,89854,20514,23203,26411,28989,33812,39324,47058,23949,25692,28121,28745,31645,35835
492,Lessdevelopedregions,902,Lessdevelopedregions,902,558,262485,227864,259760,301736,327498,337447,400406,133894,115740,128744,147201,155189,159020,198132,128591,112124,131016,154535,172309,178427
493,Lessdevelopedregions,902,Lessdevelopedregions,902,591,44248,30414,21197,15914,20898,22266,25390,22370,15418,10810,8035,10627,11493,13567,21878,14996,10387,7879,10271,10773
494,Lessdevelopedregions,902,Lessdevelopedregions,902,32,206321,231423,257434,276719,297815,317255,372975,102083,115364,129401,139737,151168,162539,191029,104238,116059,128033,136982,146647,154716
495,Lessdevelopedregions,902,Lessdevelopedregions,902,68,181421,224918,269588,355100,442270,543191,638679,94284,115891,138153,178691,220165,271197,313731,87137,109027,131435,176409,222105,271994
496,Lessdevelopedregions,902,Lessdevelopedregions,902,76,206759,209406,219216,244398,267308,306302,340376,106254,105628,107725,122061,136063,158834,177096,100505,103778,111491,122337,131245,147468
497,Lessdevelopedregions,902,Lessdevelopedregions,902,152,300999,286672,274534,262770,256856,295391,310263,158650,147267,137010,128940,123998,142550,152145,142349,139405,137524,133830,132858,152841
498,Lessdevelopedregions,902,Lessdevelopedregions,902,170,643180,702357,761656,862303,1293536,1392620,1456988,300850,332179,363430,407806,624020,672437,704545,342330,370178,398226,454497,669516,720183
499,Lessdevelopedregions,902,Lessdevelopedregions,902,218,48407,55848,64446,70890,83852,96341,124031,24409,27608,31367,34576,41407,47734,61485,23998,28240,33079,36314,42445,48607
500,Lessdevelopedregions,902,Lessdevelopedregions,902,238,18,20,22,27,42,52,54,9,10,11,13,21,26,31,9,10,11,14,21,26
501,Lessdevelopedregions,902,Lessdevelopedregions,902,254,2779,3164,3576,3726,3860,4219,4276,1221,1363,1517,1573,1621,1701,1748,1558,1801,2059,2153,2239,2518
502,Lessdevelopedregions,902,Lessdevelopedregions,902,328,26453,31548,38377,45629,57284,61302,64877,12655,15021,18111,21766,27845,29800,32426,13798,16527,20266,23863,29439,31502
503,Lessdevelopedregions,902,Lessdevelopedregions,902,600,283171,317002,350944,493818,636282,735864,750186,125528,139683,153685,219032,284172,328193,337081,157643,177319,197259,274786,352110,407671
504,Lessdevelopedregions,902,Lessdevelopedregions,902,604,84785,146454,210655,305414,407468,472393,569670,47482,72534,99494,143812,192243,224872,279878,37303,73920,111161,161602,215225,247521
505,Lessdevelopedregions,902,Lessdevelopedregions,902,740,17477,18563,19744,25797,32099,30211,33739,9242,9475,9754,12403,15113,14312,15992,8235,9088,9990,13394,16986,15899
506,Lessdevelopedregions,902,Lessdevelopedregions,902,858,180362,170455,160582,161691,163400,189287,193212,89748,84845,79990,79677,79708,91912,94808,90614,85610,80592,82014,83692,97375
507,Lessdevelopedregions,902,Lessdevelopedregions,902,862,67991,75894,85043,89385,107451,173904,4416404,32885,36843,41379,43372,52055,85623,2186746,35106,39051,43664,46013,55396,88281
508,Lessdevelopedregions,902,Lessdevelopedregions,902,60,131,110,109,145,187,204,215,68,64,70,87,110,124,136,63,46,39,58,77,80
509,Lessdevelopedregions,902,Lessdevelopedregions,902,124,53792,63468,76479,86930,110079,114046,131321,26913,32821,40639,48348,62735,64591,74900,26879,30647,35840,38582,47344,49455
510,Lessdevelopedregions,902,Lessdevelopedregions,902,304,507,449,512,355,373,403,451,184,173,213,165,192,213,240,323,276,299,190,181,190
511,Lessdevelopedregions,902,Lessdevelopedregions,902,666,50,59,71,85,104,111,122,27,33,40,48,57,62,70,23,26,31,37,47,49
512,Lessdevelopedregions,902,Lessdevelopedregions,902,840,798483,888864,1012277,1228311,1513042,1518294,1654005,404988,451132,514104,635124,784770,789118,872669,393495,437732,498173,593187,728272,729176
513,Lessdevelopedregions,902,Lessdevelopedregions,902,36,54292,54207,53379,66545,83643,85970,93242,29105,29761,29565,37579,47027,48424,52924,25187,24446,23814,28966,36616,37546
514,Lessdevelopedregions,902,Lessdevelopedregions,902,554,16042,17252,19049,20377,23471,24949,27819,8255,9153,10189,11109,12984,13693,15830,7787,8099,8860,9268,10487,11256
515,Lessdevelopedregions,902,Lessdevelopedregions,902,242,3443,2503,1537,2127,2457,2675,2648,1553,1191,811,1116,1181,1323,1320,1890,1312,726,1011,1276,1352
516,Lessdevelopedregions,902,Lessdevelopedregions,902,540,2588,2892,3202,3440,3328,3256,3257,1263,1382,1504,1673,1691,1651,1653,1325,1510,1698,1767,1637,1605
517,Lessdevelopedregions,902,Lessdevelopedregions,902,598,102,101,468,402,171,178,185,44,49,212,182,73,77,85,58,52,256,220,98,101
518,Lessdevelopedregions,902,Lessdevelopedregions,902,90,1014,1013,930,939,956,1000,1020,565,567,525,536,547,581,599,449,446,405,403,409,419
519,Lessdevelopedregions,902,Lessdevelopedregions,902,548,3843,4380,4894,5171,5360,4198,4414,2093,2354,2618,2775,2888,2071,2176,1750,2026,2276,2396,2472,2127
520,Lessdevelopedregions,902,Lessdevelopedregions,902,316,1332,1575,2743,2453,2109,2012,2086,671,833,1359,1187,952,915,942,661,742,1384,1266,1157,1097
521,Lessdevelopedregions,902,Lessdevelopedregions,902,296,2010,1938,1881,1912,1246,1371,1427,1010,981,955,980,684,759,800,1000,957,926,932,562,612
522,Lessdevelopedregions,902,Lessdevelopedregions,902,584,311,384,468,434,378,372,383,160,208,241,216,187,184,192,151,176,227,218,191,188
523,Lessdevelopedregions,902,Lessdevelopedregions,902,583,4949,7125,9343,11245,12467,12400,13036,2583,3669,4737,5664,6274,6263,6570,2366,3456,4606,5581,6193,6137
524,Lessdevelopedregions,902,Lessdevelopedregions,902,520,26,20,20,21,25,27,28,10,8,7,8,9,10,13,16,12,13,13,16,17
525,Lessdevelopedregions,902,Lessdevelopedregions,902,580,2243,2367,2488,2561,2562,2557,2693,1063,1136,1199,1268,1309,1318,1380,1180,1231,1289,1293,1253,1239
526,Lessdevelopedregions,902,Lessdevelopedregions,902,585,2945,2828,3977,3673,2407,2351,2445,1363,1364,1849,1740,1190,1166,1219,1582,1464,2128,1933,1217,1185
527,Lessdevelopedregions,902,Lessdevelopedregions,902,16,1014,1523,2022,1908,1671,1402,1329,544,812,1068,997,864,718,684,470,711,954,911,807,684
528,Lessdevelopedregions,902,Lessdevelopedregions,902,184,45,51,58,56,55,52,49,19,22,21,21,22,22,22,26,29,37,35,33,30
529,Lessdevelopedregions,902,Lessdevelopedregions,902,258,2807,3248,3689,2096,486,664,701,1446,1650,1854,1097,333,467,492,1361,1598,1835,999,153,197
530,Lessdevelopedregions,902,Lessdevelopedregions,902,570,37,71,108,72,40,44,45,20,39,60,41,27,30,34,17,32,48,31,13,14
531,Lessdevelopedregions,902,Lessdevelopedregions,902,882,15282,16776,18258,17396,16639,16601,16667,7926,8625,9305,8815,8378,8313,8347,7356,8151,8953,8581,8261,8288
532,Lessdevelopedregions,902,Lessdevelopedregions,902,772,161,162,162,151,132,111,104,81,81,80,75,65,54,52,80,81,82,76,67,57
533,Lessdevelopedregions,902,Lessdevelopedregions,902,776,2667,2626,2583,2672,2755,2778,2804,1437,1400,1366,1414,1464,1480,1498,1230,1226,1217,1258,1291,1298
534,Lessdevelopedregions,902,Lessdevelopedregions,902,798,802,815,838,816,576,592,601,450,455,473,457,315,330,341,352,360,365,359,261,262
535,Lessdevelopedregions,902,Lessdevelopedregions,902,876,5600,6492,7375,7422,7460,11223,11913,2921,3342,3752,3694,3630,5364,5671,2679,3150,3623,3728,3830,5859
536,Lessdevelopedregions,902,Lessdevelopedregions,902,900,67419066,65243958,65850628,71088981,86472612,103368940,118939005,35723792,34702148,35328824,38894021,48756636,58644164,67594504,31695274,30541810,30521804,32194960,37715976,44724776
537,Lessdevelopedregions,902,Lessdevelopedregions,902,947,13104484,13717879,12245652,12719230,14282561,17525848,20177223,6959645,7227424,6482046,6891971,7643148,9253308,10625898,6144839,6490455,5763606,5827259,6639413,8272540
538,Lessdevelopedregions,902,Lessdevelopedregions,902,1833,7126178,8113914,8913281,10211873,12745535,18295042,20825246,3823045,4388694,4901752,5697638,7332599,10491688,11924387,3303133,3725220,4011529,4514235,5412936,7803354
539,Lessdevelopedregions,902,Lessdevelopedregions,902,921,23213740,19780508,20309651,20936308,26743267,29999553,32609589,13048710,11315860,11779410,12524303,17002118,19459428,21608762,10165030,8464648,8530241,8412005,9741149,10540125
540,Lessdevelopedregions,902,Lessdevelopedregions,902,1832,4684115,5834008,7318716,9107263,12061284,14194529,16175946,2576736,3147709,3872850,4892445,6575525,7753529,8979320,2107379,2686299,3445866,4214818,5485759,6441000
541,Lessdevelopedregions,902,Lessdevelopedregions,902,1830,4036926,3739047,3863103,4452548,5453507,6289522,11421146,2001802,1846839,1899735,2170383,2650548,3100422,5684178,2035124,1892208,1963368,2282165,2802959,3189100
542,Lessdevelopedregions,902,Lessdevelopedregions,902,1835,57890,63504,71524,71199,67985,71787,73978,29478,32459,36226,36114,34523,36238,37347,28412,31045,35298,35085,33462,35549
543,Lessdevelopedregions,902,Lessdevelopedregions,902,927,64077,63968,63653,76741,95698,98563,108008,33558,34358,34435,42647,53331,55043,61460,30519,29610,29218,34094,42367,43520
544,Lessdevelopedregions,902,Lessdevelopedregions,902,1829,10939633,10089613,9452757,9572666,9804385,10062583,10928287,5104934,4726790,4440201,4563042,4733640,4842821,5182668,5834699,5362823,5012556,5009624,5070745,5219762
545,Lessdevelopedregions,902,Lessdevelopedregions,902,901,11167300,10308777,9672312,9801514,10065169,10343429,11237195,5227032,4843182,4554472,4685169,4873064,4995359,5346515,5940268,5465595,5117840,5116345,5192105,5348070
546,Lessdevelopedregions,902,Lessdevelopedregions,902,902,52059743,51093664,52566025,57346314,71189053,86193998,101082228,28350876,27876951,28892183,32133374,41152368,49997118,58757505,23708867,23216713,23673842,25212940,30036685,36196880
547,Lessdevelopedregions,902,Lessdevelopedregions,902,excludingleastdevelopedcountries,934,24541727,25857721,27997190,31914837,41180283,51474774,61685872,13329972,14096664,15381758,17948375,24200727,30457157,36227019,11211755,11761057,12615432,13966462,16979556
548,Lessdevelopedregions,902,Lessdevelopedregions,902,excludingChina,948,51088191,50047551,51472219,56035892,69532289,84140102,98930407,27861787,27355495,28356193,31481418,40343415,48987647,57739575,23226404,22692056,23116026,24554474,29188874
549,Lessdevelopedregions,902,Lessdevelopedregions,902,941,27518016,25235943,24568835,25431477,30008770,34719224,39396356,15020904,13780287,13510425,14184999,16951641,19539961,22530486,12497112,11455656,11058410,11246478,13057129,15179263
550,Lessdevelopedregions,902,Lessdevelopedregions,902,1636,16486929,14637255,13470720,13665383,16065396,18830674,21319341,8679042,7630859,7101301,7263752,8398255,9873669,11207273,7807887,7006396,6369419,6401631,7667141,8957005
551,Lessdevelopedregions,902,Lessdevelopedregions,902,1637,796284,960446,1158359,1233366,1319716,1580638,1973378,421051,503198,602153,644337,685834,854788,1071527,375233,457248,556206,589029,633882,725850
552,Lessdevelopedregions,902,Lessdevelopedregions,902,1503,5583400,5449414,5508073,5754736,6191293,6482400,7063457,2823814,2770150,2806372,2944250,3183404,3309301,3569076,2759586,2679264,2701701,2810486,3007889,3173099
553,Lessdevelopedregions,902,Lessdevelopedregions,902,1517,38051935,38940358,41077833,45950331,57145639,63684063,74691542,20208519,20794597,22106863,25247350,32890635,37230661,43709608,17843416,18145761,18970970,20702981,24255004,26453402
554,Lessdevelopedregions,902,Lessdevelopedregions,902,1502,12826383,13243578,13733859,15065386,18059543,18841010,24895061,6218812,6428659,6669978,7465933,9113149,9587595,12430009,6607571,6814919,7063881,7599453,8946394,9253415
555,Lessdevelopedregions,902,Lessdevelopedregions,902,1501,25225552,25696780,27343974,30884945,39086096,44843053,49796481,13989707,14365938,15436885,17781417,23777486,27643066,31279599,11235845,11330842,11907089,13103528,15308610,17199987
556,Lessdevelopedregions,902,Lessdevelopedregions,902,1500,19390046,16806376,15440917,15263933,17694610,26129808,30311860,10436580,9044910,8421222,8533112,9837778,14330148,16697058,8953466,7761466,7019695,6730821,7856832,11799660
557,Lessdevelopedregions,902,Lessdevelopedregions,902,903,15229341,16152150,14936306,15765471,18022685,22402128,25681656,8207004,8675568,8109175,8720837,10007524,12205490,13968815,7022337,7476582,6827131,7044634,8015161,10196638
558,Lessdevelopedregions,902,Lessdevelopedregions,902,910,6920837,6711241,4876751,4572908,5453507,7271233,8945157,3631409,3503050,2584592,2540936,2948449,3828737,4684908,3289428,3208191,2292159,2031972,2505058,3442496
559,Lessdevelopedregions,902,Lessdevelopedregions,902,911,1511810,1380606,1884310,2012130,2204097,2882061,3325645,751792,694249,948565,1038256,1110699,1474251,1706929,760018,686357,935745,973874,1093398,1407810
560,Lessdevelopedregions,902,Lessdevelopedregions,902,912,2124857,2434271,2690654,3046241,3740124,4876280,5504433,1247359,1448144,1627129,1828866,2364376,2952182,3342917,877498,986127,1063525,1217375,1375748,1924098
561,Lessdevelopedregions,902,Lessdevelopedregions,902,913,347390,299875,321306,393087,549374,436466,460059,240547,187365,175565,208791,288966,212748,226268,106843,112510,145741,184296,260408,223718
562,Lessdevelopedregions,902,Lessdevelopedregions,902,914,4324447,5326157,5163285,5741105,6075583,6936088,7446362,2335897,2842760,2773324,3103988,3295034,3737572,4007793,1988550,2483397,2389961,2637117,2780549,3198516
563,Lessdevelopedregions,902,Lessdevelopedregions,902,935,32899176,31294159,33850994,37209203,47809962,57612844,64106348,18201132,17404119,18926883,21285520,28545866,34752463,39169552,14698044,13890040,14924111,15923683,19264096,22860381
564,Lessdevelopedregions,902,Lessdevelopedregions,902,5500,604012,583718,568108,604059,614557,629661,653470,281591,280956,272487,296562,314268,325561,341727,322421,302762,295621,307497,300289,304100
565,Lessdevelopedregions,902,Lessdevelopedregions,902,906,1249131,1314876,1369562,1617507,2027650,2462074,2597969,635144,661192,677029,813267,1004932,1228658,1252883,613987,653684,692533,804240,1022718,1233416
566,Lessdevelopedregions,902,Lessdevelopedregions,902,920,3434984,4519132,5949154,7489756,10033634,11732455,13577977,1941592,2486517,3195821,4079178,5570593,6524871,7726437,1493392,2032615,2753333,3410578,4463041,5207584
567,Lessdevelopedregions,902,Lessdevelopedregions,902,5501,22609728,19196790,19741543,20332249,26128710,29369892,31956119,12767119,11034904,11506923,12227741,16687850,19133867,21267035,9842609,8161886,8234620,8104508,9440860,10236025
568,Lessdevelopedregions,902,Lessdevelopedregions,902,922,5001321,5679643,6222627,7165632,9005411,13418762,15320813,2575686,2940550,3274623,3868772,4968223,7539506,8581470,2425635,2739093,2948004,3296860,4037188,5879256
569,Lessdevelopedregions,902,Lessdevelopedregions,902,908,10067729,9125059,8358771,8251961,8173719,8425390,9141989,4663233,4237150,3883755,3878070,3884520,3989593,4247855,5404496,4887909,4475016,4373891,4289199,4435797
570,Lessdevelopedregions,902,Lessdevelopedregions,902,923,7067757,6297376,5580774,5466107,5403630,5525246,5869919,3145099,2798477,2468155,2463614,2477834,2522810,2633522,3922658,3498899,3112619,3002493,2925796,3002436
571,Lessdevelopedregions,902,Lessdevelopedregions,902,924,397951,395190,465575,523556,502899,469862,516076,191010,197957,237195,266425,260264,245961,260732,206941,197233,228380,257131,242635,223901
572,Lessdevelopedregions,902,Lessdevelopedregions,902,925,1677784,1483790,1307316,1200623,1118328,1215617,1352238,858526,758277,666808,609941,565792,629368,697931,819258,725513,640508,590682,552536,586249
573,Lessdevelopedregions,902,Lessdevelopedregions,902,926,924237,948703,1005106,1061675,1148862,1214665,1403756,468598,482439,511597,538090,580630,591454,655670,455639,466264,493509,523585,568232,623211
574,Lessdevelopedregions,902,Lessdevelopedregions,902,904,4036926,3739047,3863103,4452548,5453507,6289522,11421146,2001802,1846839,1899735,2170383,2650548,3100422,5684178,2035124,1892208,1963368,2282165,2802959,3189100
575,Lessdevelopedregions,902,Lessdevelopedregions,902,915,528156,584302,644133,710176,794192,1011870,1355040,285289,313354,342893,377525,419279,565259,763128,242867,270948,301240,332651,374913,446611
576,Lessdevelopedregions,902,Lessdevelopedregions,902,916,1255796,683842,515297,567509,639437,696736,833093,609812,331361,252375,273602,302121,330040,405723,645984,352481,262922,293907,337316,366696
577,Lessdevelopedregions,902,Lessdevelopedregions,902,931,2252974,2470903,2703673,3174863,4019878,4580916,9233013,1106701,1202124,1304467,1519256,1929148,2205123,4515327,1146273,1268779,1399206,1655607,2090730,2375793
578,Lessdevelopedregions,902,Lessdevelopedregions,902,905,871904,964554,1093986,1320705,1630666,1637193,1786298,441701,489640,556446,684972,849120,853228,934813,430203,474914,537540,635733,781546,783965
579,Lessdevelopedregions,902,Lessdevelopedregions,902,909,121967,127472,135177,147940,163683,170350,181986,63036,66817,70661,78761,87854,91281,98807,58931,60655,64516,69179,75829,79069
580,Lessdevelopedregions,902,Lessdevelopedregions,902,928,13255,13093,13128,14087,14263,13326,13567,6656,6691,6757,7339,7448,6791,6940,6599,6402,6371,6748,6815,6535
581,Lessdevelopedregions,902,Lessdevelopedregions,902,954,15798,18272,22968,24197,22988,22932,24038,7743,9141,11319,11990,11508,11547,12091,8055,9131,11649,12207,11480,11385
582,Lessdevelopedregions,902,Lessdevelopedregions,902,957,28837,32139,35428,32915,30734,35529,36373,15079,16627,18150,16785,15567,17900,18316,13758,15512,17278,16130,15167,17629
583,Lessdevelopedregions,902,Lessdevelopedregions,902,108,332480,533250,748470,599757,255984,427415,513674,171494,273837,383549,376818,130426,212528,257447,160986,259413,364921,222939,125558,214887
584,Lessdevelopedregions,902,Lessdevelopedregions,902,174,21133,31691,50251,65393,74098,83010,108259,12765,18421,27360,34572,37981,41831,53886,8368,13270,22891,30821,36117,41179
585,Lessdevelopedregions,902,Lessdevelopedregions,902,262,1842,3013,4578,3870,4619,5382,5346,1058,1866,2923,2410,2716,3102,3071,784,1147,1655,1460,1903,2280
586,Lessdevelopedregions,902,Lessdevelopedregions,902,232,145038,336524,459079,224889,229472,418076,491667,76711,178577,230404,115971,122001,218489,252206,68327,157947,228675,108918,107471,199587
587,Lessdevelopedregions,902,Lessdevelopedregions,902,231,1573041,680615,290999,303073,381556,448679,492375,797661,343827,159524,170859,218202,261624,290409,775380,336788,131475,132214,163354,187055
588,Lessdevelopedregions,902,Lessdevelopedregions,902,404,95707,95436,104289,113005,130963,136737,134957,44244,43758,48239,51774,60299,63179,63803,51463,51678,56050,61231,70664,73558
589,Lessdevelopedregions,902,Lessdevelopedregions,902,450,15915,20986,27257,31628,34751,36412,39289,7565,9965,12809,15110,16755,17564,18959,8350,11021,14448,16518,17996,18848
590,Lessdevelopedregions,902,Lessdevelopedregions,902,454,131852,138259,172414,206073,243249,276741,287504,78438,82493,103332,121620,142588,162354,174177,53414,55766,69082,84453,100661,114387
591,Lessdevelopedregions,902,Lessdevelopedregions,902,480,9090,8400,8906,11232,13132,15344,16925,5289,4632,4607,5741,6449,7511,8896,3801,3768,4299,5491,6683,7833
592,Lessdevelopedregions,902,Lessdevelopedregions,902,508,2143397,732620,558586,576758,722844,511468,542775,1164254,447329,350742,369587,477330,309572,340811,979143,285291,207844,207171,245514,201896
593,Lessdevelopedregions,902,Lessdevelopedregions,902,638,2962,2493,2185,2204,2260,2380,2465,1507,1202,967,904,839,832,894,1455,1291,1218,1300,1421,1548
594,Lessdevelopedregions,902,Lessdevelopedregions,902,646,539290,2048986,303335,261557,301619,465558,450549,272340,1015774,150691,129425,146840,229822,222202,266950,1033212,152644,132132,154779,235736
595,Lessdevelopedregions,902,Lessdevelopedregions,902,690,6643,9169,10776,14682,16701,17461,18353,3414,4716,5355,6667,7538,7908,8440,3229,4453,5421,8015,9163,9553
596,Lessdevelopedregions,902,Lessdevelopedregions,902,706,780653,845323,823107,804119,1213344,1562964,1481977,413718,445073,425793,441941,659448,832107,803228,366935,400250,397314,362178,553896,730857
597,Lessdevelopedregions,902,Lessdevelopedregions,902,728,514942,438043,342626,228535,402590,1047558,2560010,266794,233701,190325,124609,209891,536599,1262560,248148,204342,152301,103926,192699,510959
598,Lessdevelopedregions,902,Lessdevelopedregions,902,800,240462,284011,431821,487615,613913,641542,601341,121511,138828,212180,244813,293652,308676,290360,118951,145183,219641,242802,320261,332866
599,Lessdevelopedregions,902,Lessdevelopedregions,902,834,142010,162716,142756,151090,161093,167043,168655,75920,85705,72047,76448,80110,82997,85079,66090,77011,70709,74642,80983,84046
600,Lessdevelopedregions,902,Lessdevelopedregions,902,894,59139,109482,122332,132588,123248,110669,109490,29634,52487,59085,63948,58927,53355,53763,29505,56995,63247,68640,64321,57314
601,Lessdevelopedregions,902,Lessdevelopedregions,902,716,163406,226287,266770,348372,521736,890249,912779,86106,118911,141684,184582,273349,475488,491412,77300,107376,125086,163790,248387,414761
602,Lessdevelopedregions,902,Lessdevelopedregions,902,24,657505,501659,699489,487082,447922,383305,394244,325062,254878,354683,241927,224027,197310,204827,332443,246781,344806,245155,223895,185995
603,Lessdevelopedregions,902,Lessdevelopedregions,902,120,65669,73683,83396,85892,101377,124608,162802,35408,39333,44345,44842,52998,67857,88260,30261,34350,39051,41050,48379,56751
604,Lessdevelopedregions,902,Lessdevelopedregions,902,140,37240,39514,44958,115129,228167,665714,793924,19568,20202,22355,53498,111649,338358,398654,17672,19312,22603,61631,116518,327356
605,Lessdevelopedregions,902,Lessdevelopedregions,902,148,333190,218937,201173,201802,192344,179338,208507,165970,110538,104671,108841,106510,97845,112053,167220,108399,96502,92961,85834,81493
606,Lessdevelopedregions,902,Lessdevelopedregions,902,178,34775,49786,64594,86119,81592,99038,106827,17804,25681,33750,43231,42213,50134,55751,16971,24105,30844,42888,39379,48904
607,Lessdevelopedregions,902,Lessdevelopedregions,902,180,340985,442926,725092,948876,1062432,1299767,1517078,166895,216817,356154,502003,527663,650424,768316,174090,226109,368938,446873,534769,649343
608,Lessdevelopedregions,902,Lessdevelopedregions,902,226,27732,36868,46102,53197,61665,96189,104413,13639,18111,22806,26556,31429,55011,59640,14093,18757,23296,26641,30236,41178
609,Lessdevelopedregions,902,Lessdevelopedregions,902,266,6630,7189,7515,21229,14729,18296,20636,3470,3788,3964,11194,7589,9278,10478,3160,3401,3551,10035,7140,9018
610,Lessdevelopedregions,902,Lessdevelopedregions,902,678,8084,10044,11991,12804,13869,15806,17214,3976,4901,5837,6164,6621,8034,8950,4108,5143,6154,6640,7248,7772
611,Lessdevelopedregions,902,Lessdevelopedregions,902,12,54650,61380,63105,72328,77940,92527,94528,26540,29650,30417,35069,37676,45743,47139,28110,31730,32688,37259,40264,46784
612,Lessdevelopedregions,902,Lessdevelopedregions,902,818,1052094,1174749,1341741,1380307,2092100,2571962,2953919,663108,765084,893015,927298,1449567,1701670,1957213,388986,409665,448726,453009,642533,870292
613,Lessdevelopedregions,902,Lessdevelopedregions,902,434,50917,49075,47279,44473,49662,65303,74467,25928,25083,24465,23184,25841,35853,41144,24989,23992,22814,21289,23821,29450
614,Lessdevelopedregions,902,Lessdevelopedregions,902,504,180374,191618,193127,188478,191084,199558,198077,88522,92726,93210,91525,93712,97778,97375,91852,98892,99917,96953,97372,101780
615,Lessdevelopedregions,902,Lessdevelopedregions,902,729,569852,741667,832166,1187878,1119313,1719673,1946014,326655,419894,471563,658681,646366,950934,1074333,243197,321773,360603,529197,472947,768739
616,Lessdevelopedregions,902,Lessdevelopedregions,902,788,49065,48879,47325,41614,39899,42592,43824,24216,24014,23460,21168,21315,22692,23534,24849,24865,23865,20446,18584,19900
617,Lessdevelopedregions,902,Lessdevelopedregions,902,732,167905,166903,165911,131163,170126,184665,193604,92390,91693,90999,71941,89899,97512,102179,75515,75210,74912,59222,80227,87153
618,Lessdevelopedregions,902,Lessdevelopedregions,902,72,23205,20041,22886,28601,39293,49042,56586,17717,13967,14194,17463,23628,29486,36430,5488,6074,8692,11138,15665,19556
619,Lessdevelopedregions,902,Lessdevelopedregions,902,748,34633,29244,32443,42566,66317,43031,46509,25322,19324,18345,23578,36518,21071,22682,9311,9920,14098,18988,29799,21960
620,Lessdevelopedregions,902,Lessdevelopedregions,902,426,190963,136066,119802,158011,241995,190083,200642,145731,93858,66877,85006,129462,85451,88883,45232,42208,52925,73005,112533,104632
621,Lessdevelopedregions,902,Lessdevelopedregions,902,516,14773,26103,46312,61185,94454,43980,40293,8727,13940,23357,30150,46442,22031,20136,6046,12163,22955,31035,48012,21949
622,Lessdevelopedregions,902,Lessdevelopedregions,902,710,83816,88421,99863,102724,107315,110330,116029,43050,46276,52792,52594,52916,54709,58137,40766,42145,47071,50130,54399,55621
623,Lessdevelopedregions,902,Lessdevelopedregions,902,204,219476,259644,310752,479525,513072,602834,644567,118733,139716,165159,266575,282451,323532,344457,100743,119928,145593,212950,230621,279302
624,Lessdevelopedregions,902,Lessdevelopedregions,902,854,1014945,1205710,1265812,1331730,1409073,1489919,1565410,569660,675387,707550,744953,786131,831530,873343,445285,530323,558262,586777,622942,658389
625,Lessdevelopedregions,902,Lessdevelopedregions,902,132,11136,11909,12277,15319,17755,19230,20012,5959,6206,6300,7563,8728,9391,10077,5177,5703,5977,7756,9027,9839
626,Lessdevelopedregions,902,Lessdevelopedregions,902,384,317099,387108,463429,602864,781719,871857,924628,161258,197190,232803,296686,384935,431518,458151,155841,189918,230626,306178,396784,440339
627,Lessdevelopedregions,902,Lessdevelopedregions,902,270,23624,19836,19505,18843,18901,19933,20137,12231,10184,9818,9880,9734,10161,10259,11393,9652,9687,8963,9167,9772
628,Lessdevelopedregions,902,Lessdevelopedregions,902,288,243537,251015,267996,376340,399620,456918,484894,113606,116369,125725,191063,198937,222632,237032,129931,134646,142271,185277,200683,234286
629,Lessdevelopedregions,902,Lessdevelopedregions,902,324,338051,345930,350538,346528,373240,393585,413028,192972,196116,196402,194607,208751,218568,231723,145079,149814,154136,151921,164489,175017
630,Lessdevelopedregions,902,Lessdevelopedregions,902,624,39300,43011,44560,47777,53819,56977,60088,17885,19688,22461,23668,26129,27574,29086,21415,23323,22099,24109,27690,29403
631,Lessdevelopedregions,902,Lessdevelopedregions,902,430,498524,507598,196622,282906,127052,100490,106476,250569,249058,95789,136749,62618,50777,54031,247955,258540,100833,146157,64434,49713
632,Lessdevelopedregions,902,Lessdevelopedregions,902,466,596072,766443,715644,820859,892730,1114075,1167339,327160,416883,393547,455469,493753,620246,648876,268912,349560,322097,365390,398977,493829
633,Lessdevelopedregions,902,Lessdevelopedregions,902,478,121223,137298,91526,79556,82982,82887,95494,65836,75106,54322,46778,49156,49644,56767,55387,62192,37204,32778,33826,33243
634,Lessdevelopedregions,902,Lessdevelopedregions,902,562,146344,173183,200554,295995,326041,363366,385742,92706,109016,124051,179012,195976,214861,227878,53638,64167,76503,116983,130065,148505
635,Lessdevelopedregions,902,Lessdevelopedregions,902,566,298551,294585,293718,353099,412264,607022,733872,165880,165872,166695,198597,236730,326840,390291,132671,128713,127023,154502,175534,280182
636,Lessdevelopedregions,902,Lessdevelopedregions,902,686,239616,216209,237434,240707,248020,265871,290150,136478,121747,134898,136926,143472,157441,171926,103138,94462,102536,103781,104548,108430
637,Lessdevelopedregions,902,Lessdevelopedregions,902,694,42135,422931,458439,85896,51914,51793,55474,20893,210652,226343,41194,25927,27201,29257,21242,212279,232096,44702,25987,24592
638,Lessdevelopedregions,902,Lessdevelopedregions,902,768,174469,283473,234136,362780,366813,438679,478280,83968,133467,111293,174089,181335,215351,234252,90501,150006,122843,188691,185478,223328
639,Lessdevelopedregions,902,Lessdevelopedregions,902,398,137806,106623,93040,85302,78682,76417,78496,59003,46908,39977,37442,35279,34589,35525,78803,59715,53063,47860,43403,41828
640,Lessdevelopedregions,902,Lessdevelopedregions,902,762,66466,95886,107011,102453,59946,49354,39544,35193,48231,52617,49852,32329,24741,20620,31273,47655,54394,52601,27617,24613
641,Lessdevelopedregions,902,Lessdevelopedregions,902,860,349417,338378,328027,373016,430852,459812,488804,164472,165243,160457,187782,223948,244049,261981,184945,173135,167570,185234,206904,215763
642,Lessdevelopedregions,902,Lessdevelopedregions,902,156,939777,999450,1027090,1239388,1574746,1960303,2055759,474330,499745,505385,620275,773032,968610,975746,465447,499705,521705,619113,801714,991693
643,Lessdevelopedregions,902,Lessdevelopedregions,902,HongKongSAR,344,20018,36353,56854,57135,63307,72130,74252,9648,17205,26371,25864,28207,32025,33220,10370,19148,30483,31271,35100
644,Lessdevelopedregions,902,Lessdevelopedregions,902,MacaoSAR,446,11757,10310,9862,13899,18711,21463,21810,5111,4506,4234,5817,7714,8836,8964,6646,5804,5628,8082,10997
645,Lessdevelopedregions,902,Lessdevelopedregions,902,408,23671,38087,56723,61660,70554,77798,82099,11330,18521,27809,30940,35860,40324,42630,12341,19566,28914,30720,34694,37474
646,Lessdevelopedregions,902,Lessdevelopedregions,902,392,163590,155196,155902,152107,165086,182283,200900,88540,82034,79836,79480,86093,97495,102387,75050,73162,76066,72627,78993,84788
647,Lessdevelopedregions,902,Lessdevelopedregions,902,410,90152,74652,61382,83991,114733,123403,131723,46098,38769,32512,45358,62033,67218,72286,44054,35883,28870,38633,52700,56185
648,Lessdevelopedregions,902,Lessdevelopedregions,902,116,118154,164556,188447,402852,658716,747442,787517,59976,83742,93618,190506,312139,353893,367145,58178,80814,94829,212346,346577,393549
649,Lessdevelopedregions,902,Lessdevelopedregions,902,360,1217528,1501231,1925146,2263041,2863771,3488902,3974627,778973,925330,1147805,1345191,1698519,2064395,2339127,438555,575901,777341,917850,1165252,1424507
650,Lessdevelopedregions,902,Lessdevelopedregions,902,418,231231,275642,357023,620813,921169,997129,1037580,110658,133082,170032,281540,415068,448181,445167,120573,142560,186991,339273,506101,548948
651,Lessdevelopedregions,902,Lessdevelopedregions,902,458,361094,632242,945847,1086686,1259010,1400917,1421274,177531,290153,416404,491360,577148,638150,600753,183563,342089,529443,595326,681862,762767
652,Lessdevelopedregions,902,Lessdevelopedregions,902,104,640610,857812,1162109,1651946,2371281,2639819,3476348,354269,468233,625745,918013,1332413,1492887,2207591,286341,389579,536364,733933,1038868,1146932
653,Lessdevelopedregions,902,Lessdevelopedregions,902,608,574838,656670,791959,896708,1345313,1721183,1984180,307122,362807,441958,544083,892241,1103058,1250614,267716,293863,350001,352625,453072,618125
654,Lessdevelopedregions,902,Lessdevelopedregions,902,702,59271,56909,64322,91846,117793,136132,142581,29268,28361,32150,48009,62331,72982,75651,30003,28548,32172,43837,55462,63150
655,Lessdevelopedregions,902,Lessdevelopedregions,902,764,84645,111423,149041,147178,180768,230735,321747,46722,58182,74583,78738,102732,140645,201950,37923,53241,74458,68440,78036,90090
656,Lessdevelopedregions,902,Lessdevelopedregions,902,704,127166,164384,186090,214425,262430,315288,377236,64324,83892,99331,118031,146258,178043,205974,62842,80492,86759,96394,116172,137245
657,Lessdevelopedregions,902,Lessdevelopedregions,902,4,7560196,4176007,4527597,3808447,4905090,4860592,4959592,4063525,2273480,2482054,2103684,2658982,2585132,2695920,3496671,1902527,2045543,1704763,2246108,2275460
658,Lessdevelopedregions,902,Lessdevelopedregions,902,50,5288585,5175523,5104479,5036238,5719485,6110995,6545663,3068856,3017540,2996908,3008377,3766128,4102975,4497335,2219729,2157983,2107571,2027861,1953357,2008020
659,Lessdevelopedregions,902,Lessdevelopedregions,902,64,27907,117314,119397,118174,86531,39078,37186,13568,59432,60927,60302,44156,19857,18713,14339,57882,58470,57872,42375,19221
660,Lessdevelopedregions,902,Lessdevelopedregions,902,356,5373276,5463962,5762294,6678783,9392177,10997151,12202225,3163883,3239858,3501935,4268330,6458189,7785480,8754530,2209393,2224104,2260359,2410453,2933988,3211671
661,Lessdevelopedregions,902,Lessdevelopedregions,902,364,112759,133468,132572,104222,104075,128119,172460,59973,70787,65664,52793,53346,68753,89315,52786,62681,66908,51429,50729,59366
662,Lessdevelopedregions,902,Lessdevelopedregions,902,524,734622,832092,942760,1205449,1572878,2031059,2233321,381514,438818,503119,630749,796355,1113479,1271181,353108,393274,439641,574700,776523,917580
663,Lessdevelopedregions,902,Lessdevelopedregions,902,586,2888220,2720641,2609520,2755300,3527045,4262534,4633033,1705037,1634352,1600569,1740252,2416978,2890159,3216115,1183183,1086289,1008951,1015048,1110067,1372375
664,Lessdevelopedregions,902,Lessdevelopedregions,902,144,622275,576515,542264,624163,818845,937923,1170223,309229,299647,295345,362495,492482,566942,722842,313046,276868,246919,261668,326363,370981
665,Lessdevelopedregions,902,Lessdevelopedregions,902,51,245567,243057,231418,212614,197361,190049,184291,115710,108170,104178,103640,99351,97600,94802,129857,134887,127240,108974,98010,92449
666,Lessdevelopedregions,902,Lessdevelopedregions,902,31,577614,673191,639582,497643,253464,201831,209100,251694,292848,278761,217211,116602,95868,99210,325920,380343,360821,280432,136862,105963
667,Lessdevelopedregions,902,Lessdevelopedregions,902,48,11034,21683,40777,43508,43007,45418,45688,5113,10998,21039,22740,22849,23947,17251,5921,10685,19738,20768,20158,21471
668,Lessdevelopedregions,902,Lessdevelopedregions,902,196,10385,11048,12155,13145,14933,15812,20747,4904,5255,5781,6117,6813,7073,8984,5481,5793,6374,7028,8120,8739
669,Lessdevelopedregions,902,Lessdevelopedregions,902,368,497756,496609,459230,850339,1929520,868167,1002504,257301,259383,250221,459929,1004388,468335,444412,240455,237226,209009,390410,925132,399832
670,Lessdevelopedregions,902,Lessdevelopedregions,902,376,110253,109196,109496,94029,83191,83045,86830,49392,48975,49205,41748,38145,37624,39968,60861,60221,60291,52281,45046,45421
671,Lessdevelopedregions,902,Lessdevelopedregions,902,400,243090,260183,280569,340189,486547,573598,653241,138231,152344,168125,211299,312175,366561,417960,104859,107839,112444,128890,174372,207037
672,Lessdevelopedregions,902,Lessdevelopedregions,902,414,65158,66708,68333,77246,119669,123341,133293,36717,39869,43046,48741,77810,80105,87362,28441,26839,25287,28505,41859,43236
673,Lessdevelopedregions,902,Lessdevelopedregions,902,422,137154,139064,142855,159925,210514,251415,292056,83139,84936,87787,102901,139771,166420,192914,54015,54128,55068,57024,70743,84995
674,Lessdevelopedregions,902,Lessdevelopedregions,902,682,82140,94225,104501,101445,118626,116187,126340,45478,56218,65744,65126,74346,72228,79059,36662,38007,38757,36319,44280,43959
675,Lessdevelopedregions,902,Lessdevelopedregions,902,275,1777073,2236386,2726629,3211231,3486756,3702951,3924254,869218,1108807,1378041,1641016,1776185,1934072,2059753,907855,1127579,1348588,1570215,1710571,1768879
676,Lessdevelopedregions,902,Lessdevelopedregions,902,760,493932,508222,527129,604398,825813,5786557,6977726,278518,288217,300932,365371,515520,3276249,4000037,215414,220005,226197,239027,310293,2510308
677,Lessdevelopedregions,902,Lessdevelopedregions,902,792,91442,116724,124600,131074,158082,162737,173279,50028,64779,69822,74099,94021,95098,101100,41414,51945,54778,56975,64061,67639
678,Lessdevelopedregions,902,Lessdevelopedregions,902,784,73899,84043,88472,92567,112885,119791,126221,41456,49602,53570,51945,60751,63477,66749,32443,34441,34902,40622,52134,56314
679,Lessdevelopedregions,902,Lessdevelopedregions,902,887,444035,461590,491200,580329,817161,1020227,1205737,283029,297478,320097,386003,559814,681418,797453,161006,164112,171103,194326,257347,338809
680,Lessdevelopedregions,902,Lessdevelopedregions,902,100,490202,481503,474325,489427,505537,502071,690553,237264,230979,225079,226668,228090,181245,217189,252938,250524,249246,262759,277447,320826
681,Lessdevelopedregions,902,Lessdevelopedregions,902,348,26694,25515,23675,20768,19112,19169,19428,12203,11537,10706,9487,8782,8662,8793,14491,13978,12969,11281,10330,10507
682,Lessdevelopedregions,902,Lessdevelopedregions,902,616,162485,145676,128234,107602,89589,94653,97109,74586,65557,56685,47685,39631,41870,43783,87899,80119,71549,59917,49958,52783
683,Lessdevelopedregions,902,Lessdevelopedregions,902,498,58515,52586,42722,36375,30382,30910,32117,27133,23904,18881,15955,13154,13487,13553,31382,28682,23841,20420,17228,17423
684,Lessdevelopedregions,902,Lessdevelopedregions,902,642,151091,158401,158620,145814,135721,138734,144968,68670,70285,69452,63200,57767,58646,59640,82421,88116,89168,82614,77954,80088
685,Lessdevelopedregions,902,Lessdevelopedregions,902,643,5095105,4507231,3965441,3874374,3828007,3923801,4050358,2237136,1981027,1736622,1740122,1761307,1835162,1896751,2857969,2526204,2228819,2134252,2066700,2088639
686,Lessdevelopedregions,902,Lessdevelopedregions,902,804,877161,755755,642242,648126,653524,671316,686708,393282,337658,285386,294608,302812,315124,322953,483879,418097,356856,353518,350712,356192
687,Lessdevelopedregions,902,Lessdevelopedregions,902,208,7151,8324,10459,11047,12134,13005,15261,3549,4259,5351,5623,6088,6523,7668,3602,4065,5108,5424,6046,6482
688,Lessdevelopedregions,902,Lessdevelopedregions,902,246,3522,3926,4885,5141,5469,5716,6765,1368,1619,2148,2279,2325,2428,2880,2154,2307,2737,2862,3144,3288
689,Lessdevelopedregions,902,Lessdevelopedregions,902,372,7683,7031,8065,9951,13860,16720,19370,3539,3378,3901,4610,6147,7359,9545,4144,3653,4164,5341,7713,9361
690,Lessdevelopedregions,902,Lessdevelopedregions,902,428,14416,12725,11309,9126,7078,7287,7311,6517,5665,5050,4068,3150,3263,3314,7899,7060,6259,5058,3928,4024
691,Lessdevelopedregions,902,Lessdevelopedregions,902,578,8077,11926,17138,19376,21929,23181,24857,4389,6400,9066,10254,11538,12156,9620,3688,5526,8072,9122,10391,11025
692,Lessdevelopedregions,902,Lessdevelopedregions,902,752,8821,10775,12906,12306,13158,13633,16487,4559,5389,6335,6198,6675,6953,8065,4262,5386,6571,6108,6483,6680
693,Lessdevelopedregions,902,Lessdevelopedregions,902,826,313749,312397,377271,436893,412528,373222,408428,151397,158677,194872,224527,216831,199552,211612,162352,153720,182399,212366,195697,173670
694,Lessdevelopedregions,902,Lessdevelopedregions,902,8,2218,3396,4600,4503,5400,5636,7245,1226,1788,2371,2316,2675,2742,3354,992,1608,2229,2187,2725,2894
695,Lessdevelopedregions,902,Lessdevelopedregions,902,20,3,2,1,7,847,1046,1222,2,1,1,7,451,557,653,1,1,0,0,396,489
696,Lessdevelopedregions,902,Lessdevelopedregions,902,70,7411,7525,3339,2897,3159,3142,4155,4044,4076,1721,1467,1562,1519,1882,3367,3449,1618,1430,1597,1623
697,Lessdevelopedregions,902,Lessdevelopedregions,902,191,3434,3390,3500,3416,4346,4875,5482,1772,1748,1805,1754,2311,2591,3017,1662,1642,1695,1662,2035,2284
698,Lessdevelopedregions,902,Lessdevelopedregions,902,300,131556,106330,83693,91278,103468,103222,129485,62553,50928,40444,43878,49633,48941,57486,69003,55402,43249,47400,53835,54281
699,Lessdevelopedregions,902,Lessdevelopedregions,902,380,561137,476930,397534,348574,313197,354834,365508,291090,247876,207050,181739,163410,184736,193119,270047,229054,190484,166835,149787,170098
700,Lessdevelopedregions,902,Lessdevelopedregions,902,620,392851,349916,312681,279388,231994,250751,263745,211180,188096,167402,148406,122886,130923,139134,181671,161820,145279,130982,109108,119828
701,Lessdevelopedregions,902,Lessdevelopedregions,902,688,3571,3457,3811,4893,7278,8028,8769,1594,1647,1889,2358,3370,3732,4384,1977,1810,1922,2535,3908,4296
702,Lessdevelopedregions,902,Lessdevelopedregions,902,705,1983,2027,2074,1630,1378,1441,1535,940,973,1008,800,698,734,782,1043,1054,1066,830,680,707
703,Lessdevelopedregions,902,Lessdevelopedregions,902,724,521734,437423,357694,322085,301377,338059,364051,257908,215720,176652,160555,151929,170801,186217,263826,221703,181042,161530,149448,167258
704,Lessdevelopedregions,902,Lessdevelopedregions,902,40,33264,32973,34788,33368,32696,34355,41595,15979,16220,17605,16672,16013,16679,19786,17285,16753,17183,16696,16683,17676
705,Lessdevelopedregions,902,Lessdevelopedregions,902,56,25901,25591,27172,28771,32182,35246,41420,12873,12763,13505,14383,16045,17575,20730,13028,12828,13667,14388,16137,17671
706,Lessdevelopedregions,902,Lessdevelopedregions,902,250,333234,373050,419660,460126,523618,579525,619431,176633,196560,220031,239932,272428,300783,321933,156601,176490,199629,220194,251190,278742
707,Lessdevelopedregions,902,Lessdevelopedregions,902,276,439190,427551,431970,441054,443945,444655,558298,216897,210614,211850,214761,214469,192304,219343,222293,216937,220120,226293,229476,252351
708,Lessdevelopedregions,902,Lessdevelopedregions,902,438,175,170,166,125,100,105,104,111,108,108,80,71,74,75,64,62,58,45,29,31
709,Lessdevelopedregions,902,Lessdevelopedregions,902,528,54979,54400,57755,65338,81122,84058,99402,26386,27606,30472,34714,42977,44559,51281,28593,26794,27283,30624,38145,39499
710,Lessdevelopedregions,902,Lessdevelopedregions,902,756,36890,34349,32940,32269,34411,35888,42574,19492,18319,17743,17244,18225,19044,22025,17398,16030,15197,15025,16186,16844
711,Lessdevelopedregions,902,Lessdevelopedregions,902,28,6821,7235,7718,7842,8027,12685,12714,3061,3245,3468,3566,3652,6290,6296,3760,3990,4250,4276,4375,6395
712,Lessdevelopedregions,902,Lessdevelopedregions,902,44,1761,1735,1772,1619,1575,1635,1723,865,852,868,796,782,820,874,896,883,904,823,793,815
713,Lessdevelopedregions,902,Lessdevelopedregions,902,52,5203,5167,4881,5039,4527,4674,4915,2706,2707,2569,2649,2306,2402,2626,2497,2460,2312,2390,2221,2272
714,Lessdevelopedregions,902,Lessdevelopedregions,902,92,2936,3038,3173,3548,4423,4587,4776,1256,1304,1373,1559,1932,2005,2088,1680,1734,1800,1989,2491,2582
715,Lessdevelopedregions,902,Lessdevelopedregions,902,192,60641,63361,69047,68501,76229,74969,115630,30947,32452,35419,35327,39667,39271,63286,29694,30909,33628,33174,36562,35698
716,Lessdevelopedregions,902,Lessdevelopedregions,902,212,16749,18529,20484,20665,20686,20933,20798,7195,8237,9351,9272,9075,9097,8997,9554,10292,11133,11393,11611,11836
717,Lessdevelopedregions,902,Lessdevelopedregions,902,214,70455,85395,101153,108964,117133,116202,145944,29826,36973,44356,47984,50225,48979,59755,40629,48422,56797,60980,66908,67223
718,Lessdevelopedregions,902,Lessdevelopedregions,902,308,19411,17949,14047,14784,10706,11091,12085,8806,8132,6192,6552,4672,4915,6092,10605,9817,7855,8232,6034,6176
719,Lessdevelopedregions,902,Lessdevelopedregions,902,312,5603,6487,7373,8427,10329,11462,11970,2477,2765,3052,3410,4148,4419,4678,3126,3722,4321,5017,6181,7043
720,Lessdevelopedregions,902,Lessdevelopedregions,902,332,229945,256808,284364,335643,394885,605558,868504,147367,161677,176367,203865,235598,379119,535978,82578,95131,107997,131778,159287,226439
721,Lessdevelopedregions,902,Lessdevelopedregions,902,630,19318,20887,22881,21288,20571,19456,20476,9300,9908,10695,10396,10592,10147,10771,10018,10979,12186,10892,9979,9309
722,Lessdevelopedregions,902,Lessdevelopedregions,902,670,18586,18371,17105,17410,14626,15430,16630,8470,8408,7837,7961,6638,7085,8217,10116,9963,9268,9449,7988,8345
723,Lessdevelopedregions,902,Lessdevelopedregions,902,796,2087,1293,497,982,2002,2244,2466,897,564,230,414,833,929,1025,1190,729,267,568,1169,1315
724,Lessdevelopedregions,902,Lessdevelopedregions,902,850,2239,2896,3611,3432,3529,3702,3632,1111,1587,2089,1975,1990,2080,2030,1128,1309,1522,1457,1539,1622
725,Lessdevelopedregions,902,Lessdevelopedregions,902,84,3918,3989,4233,4505,5143,5146,5635,1795,1790,1872,2107,2528,2575,2845,2123,2199,2361,2398,2615,2571
726,Lessdevelopedregions,902,Lessdevelopedregions,902,188,21243,20402,23488,25198,26941,30819,34413,9571,9164,10775,11981,13185,15241,17290,11672,11238,12713,13217,13756,15578
727,Lessdevelopedregions,902,Lessdevelopedregions,902,222,734197,230878,48048,49969,63023,70853,84545,351259,106385,21549,21122,25853,29742,36330,382938,124493,26499,28847,37170,41111
728,Lessdevelopedregions,902,Lessdevelopedregions,902,340,42044,40517,41651,46981,56543,65860,94829,18450,17905,18567,21216,25778,29989,43123,23594,22612,23084,25765,30765,35871
729,Lessdevelopedregions,902,Lessdevelopedregions,902,484,44769,49185,54807,57995,65731,75446,90153,20645,23327,26529,29101,33930,39448,47188,24124,25858,28278,28894,31801,35998
730,Lessdevelopedregions,902,Lessdevelopedregions,902,558,262485,227864,259760,301736,327498,337452,400409,133894,115740,128744,147201,155189,159023,198135,128591,112124,131016,154535,172309,178429
731,Lessdevelopedregions,902,Lessdevelopedregions,902,32,206847,231929,257919,277184,298278,317870,373607,102379,115651,129680,140005,151436,162897,191400,104468,116278,128239,137179,146842,154973
732,Lessdevelopedregions,902,Lessdevelopedregions,902,68,181421,224918,269588,355100,442270,543196,638682,94284,115891,138153,178691,220165,271199,313733,87137,109027,131435,176409,222105,271997
733,Lessdevelopedregions,902,Lessdevelopedregions,902,76,205333,204136,206971,223611,239474,269154,298321,105390,102750,101124,109249,117302,133302,145056,99943,101386,105847,114362,122172,135852
734,Lessdevelopedregions,902,Lessdevelopedregions,902,152,301332,286988,274834,263054,258396,297242,312390,158864,147470,137203,129123,124865,143589,153340,142468,139518,137631,133931,133531,153653
735,Lessdevelopedregions,902,Lessdevelopedregions,902,170,644008,703143,762402,863011,1294279,1396023,1460322,301271,332579,363810,408167,624399,674352,706425,342737,370564,398592,454844,669880,721671
736,Lessdevelopedregions,902,Lessdevelopedregions,902,218,48407,55848,64446,70890,83852,96343,124031,24409,27608,31367,34576,41407,47736,61485,23998,28240,33079,36314,42445,48607
737,Lessdevelopedregions,902,Lessdevelopedregions,902,604,84579,144640,206704,299546,399991,463111,559560,47379,71570,97386,140377,187553,218886,273360,37200,73070,109318,159169,212438,244225
738,Lessdevelopedregions,902,Lessdevelopedregions,902,858,180648,170726,160839,161935,164063,190056,194076,89860,84951,80091,79773,80001,92255,95197,90788,85775,80748,82162,84062,97801
739,Lessdevelopedregions,902,Lessdevelopedregions,902,862,70501,78278,87307,91535,109708,176273,4418892,34210,38102,42575,44508,53248,86875,2188053,36291,40176,44732,47027,56460,89398
740,Lessdevelopedregions,902,Lessdevelopedregions,902,124,46304,51904,60721,70152,92630,95064,111193,22649,26268,31692,38725,52514,53501,63359,23655,25636,29029,31427,40116,41563
741,Lessdevelopedregions,902,Lessdevelopedregions,902,840,824912,912032,1032573,1249968,1537372,1541411,1674317,418773,463102,524431,645947,796247,799328,871008,406139,448930,508142,604021,741125,742083
742,Lessdevelopedregions,902,Lessdevelopedregions,902,36,49054,47890,45938,57798,73794,75320,81988,26042,26055,25208,32535,41399,42455,46761,23012,21835,20730,25263,32395,32865
743,Lessdevelopedregions,902,Lessdevelopedregions,902,554,15023,16078,17715,18943,21904,23243,26020,7516,8303,9227,10112,11932,12588,14699,7507,7775,8488,8831,9972,10655
744,Lessdevelopedregions,902,Lessdevelopedregions,902,242,4164,3196,2209,2893,3320,3559,3570,1929,1557,1165,1520,1640,1793,1813,2235,1639,1044,1373,1680,1766
745,Lessdevelopedregions,902,Lessdevelopedregions,902,540,2880,3181,3470,3713,3606,3546,3551,1391,1528,1636,1810,1833,1799,1804,1489,1653,1834,1903,1773,1747
746,Lessdevelopedregions,902,Lessdevelopedregions,902,598,1262,1249,1565,1258,837,825,816,636,647,784,639,443,440,441,626,602,781,619,394,385
747,Lessdevelopedregions,902,Lessdevelopedregions,902,90,1097,1078,981,1014,1069,1132,1152,604,602,551,574,604,650,669,493,476,430,440,465,482
748,Lessdevelopedregions,902,Lessdevelopedregions,902,548,3852,4389,4903,5209,5431,4264,4478,2096,2357,2621,2796,2928,2109,2213,1756,2032,2282,2413,2503,2155
749,Lessdevelopedregions,902,Lessdevelopedregions,902,296,3064,2979,2869,2555,1588,1700,1748,1493,1466,1413,1286,858,928,960,1571,1513,1456,1269,730,772
750,Lessdevelopedregions,902,Lessdevelopedregions,902,584,311,384,468,434,378,378,387,160,208,241,216,187,187,195,151,176,227,218,191,191
751,Lessdevelopedregions,902,Lessdevelopedregions,902,583,4949,7125,9343,11245,12467,12403,13037,2583,3669,4737,5664,6274,6264,6571,2366,3456,4606,5581,6193,6139
752,Lessdevelopedregions,902,Lessdevelopedregions,902,520,954,1014,1080,1276,1477,1522,1635,410,465,521,629,738,764,819,544,549,559,647,739,758
753,Lessdevelopedregions,902,Lessdevelopedregions,902,585,2945,2828,3977,3673,2407,2360,2452,1363,1364,1849,1740,1190,1171,1224,1582,1464,2128,1933,1217,1189
754,Lessdevelopedregions,902,Lessdevelopedregions,902,16,1014,1523,2022,1908,1993,1797,1791,544,812,1068,997,1015,903,902,470,711,954,911,978,894
755,Lessdevelopedregions,902,Lessdevelopedregions,902,258,2807,3248,3689,2096,764,1005,1099,1446,1650,1854,1097,472,637,692,1361,1598,1835,999,292,368
756,Lessdevelopedregions,902,Lessdevelopedregions,902,882,15303,16787,18264,17400,16642,16632,16694,7944,8635,9310,8818,8380,8332,8365,7359,8152,8954,8582,8262,8300
757,Lessdevelopedregions,902,Lessdevelopedregions,902,776,2691,2651,2610,2699,2784,3780,3766,1451,1414,1380,1428,1479,2062,2060,1240,1237,1230,1271,1305,1718
758,Lessdevelopedregions,902,Lessdevelopedregions,902,798,1179,1154,1140,1111,864,885,912,653,632,625,614,477,496,518,526,522,515,497,387,389
759,Leastdevelopedcountries,941,Lessdevelopedregions,902,10204769,10747842,9054388,8662411,8927133,11732239,14494539,5098172,5322821,4487418,4368085,4401823,5828202,7278489,5106597,5425021,4566970,4294326,4525310,5904037,7216050
760,Leastdevelopedcountries,941,Lessdevelopedregions,902,934,1878592,2262868,2473629,2726632,2974210,3415800,3373892,885862,1039278,1154332,1289976,1419573,1647292,1478329,992730,1223590,1319297,1436656,1554637,1768508
761,Leastdevelopedcountries,941,Lessdevelopedregions,902,948,9958792,10523184,8850498,8445355,8690073,11488969,14251155,4968328,5203204,4376782,4250802,4277307,5698821,7185677,4990464,5319980,4473716,4194553,4412766,5790148
762,LandlockedDevelopingCountriesLLDC,1636,Lessdevelopedregions,902,7046943,6107149,6019679,6157336,6219200,8284402,9389885,3442542,2909217,2861275,2947239,3021918,4068692,4573743,3604401,3197932,3158404,3210097,3197282,4215710,4816142
763,LandlockedDevelopingCountriesLLDC,1636,Lessdevelopedregions,902,934,2807534,3162522,3226758,3205848,3087765,3439156,3435514,1258607,1391486,1435590,1465713,1449370,1640473,1639654,1548927,1771036,1791168,1740135,1638395,1798683
764,LandlockedDevelopingCountriesLLDC,1636,Lessdevelopedregions,902,948,7012970,6070271,5985680,6120899,6168154,8225481,9328454,3426008,2889754,2840999,2924984,2994042,4034728,4537734,3586962,3180517,3144681,3195915,3174112,4190753
765,SmallislanddevelopingStatesSIDS,1637,Lessdevelopedregions,902,1365300,1862593,2420817,2968147,3677756,4202764,4590872,736510,961151,1203471,1503058,1903476,2211518,2458787,628790,901442,1217346,1465089,1774280,1991246,2132085
766,SmallislanddevelopingStatesSIDS,1637,Lessdevelopedregions,902,934,1061009,1500946,2019730,2453164,3029889,3358052,3682792,540422,733199,952038,1181697,1491940,1654337,1852710,520587,767747,1067692,1271467,1537949,1703715
767,SmallislanddevelopingStatesSIDS,1637,Lessdevelopedregions,902,948,1170334,1600763,2066763,2566660,3210333,3667538,4045782,644143,842427,1050533,1332786,1707356,1986645,2229868,526191,758336,1016230,1233874,1502977,1680893
768,Highincomecountries,1503,Lessdevelopedregions,902,42021535,52437997,63574683,77294323,96287330,110014482,125081808,22714543,28002482,33676825,41068361,52210367,59594034,67940904,19306992,24435515,29897858,36225962,44076963,50420448,57140904
769,Highincomecountries,1503,Lessdevelopedregions,902,934,37589556,47235694,57520455,69548247,85915868,97045121,109144784,19956006,24799359,29976031,36314317,45615576,51441764,57881689,17633550,22436335,27544424,33233930,40300292,45603357
770,Highincomecountries,1503,Lessdevelopedregions,902,948,37986125,47511904,57629274,69900461,87506957,99702155,114538851,20626917,25518474,30746227,37534725,48131042,54854496,63168842,17359208,21993430,26883047,32365736,39375915,44847659
771,Middleincomecountries,1517,Lessdevelopedregions,902,42556857,40655557,41990378,43365853,47444345,54742035,61373678,22082296,21063901,21912823,22790146,24912929,28919972,32582067,20474561,19591656,20077555,20575707,22531416,25822063,28791611
772,Middleincomecountries,1517,Lessdevelopedregions,902,934,23980957,24142633,24599410,25463187,27093553,33187885,38673953,12049146,12199227,12583821,13132980,14078025,17545566,20285480,11931811,11943406,12015589,12330207,13015528,15642319
773,Middleincomecountries,1517,Lessdevelopedregions,902,948,41750539,39869481,41296496,42591394,46559079,53761644,60343197,21672278,20658004,21548363,22363628,24419879,28359442,32026363,20078261,19211477,19748133,20227766,22139200,25402202
774,Uppermiddleincomecountries,1502,Lessdevelopedregions,902,20660526,20484053,21632390,24199062,27984748,35095374,40962838,10720879,10655103,11356079,12793772,14909149,18877130,21984003,9939647,9828950,10276311,11405290,13075599,16218244,18978835
775,Uppermiddleincomecountries,1502,Lessdevelopedregions,902,934,15137113,15896778,16888112,17882973,19663589,25772378,31198486,7532733,8037027,8690041,9288460,10274615,13705505,16542797,7604380,7859751,8198071,8594513,9388974,12066873
776,Uppermiddleincomecountries,1502,Lessdevelopedregions,902,948,20181789,20103387,21334683,23824101,27488861,34523450,40341528,10485856,10463735,11201439,12581437,14623088,18535640,21611470,9695933,9639652,10133244,11242664,12865773,15987810
777,Lowermiddleincomecountries,1501,Lessdevelopedregions,902,21896331,20171504,20357988,19166791,19459597,19646661,20410840,11361417,10408798,10556744,9996374,10003780,10042842,10598064,10534914,9762706,9801244,9170417,9455817,9603819,9812776
778,Lowermiddleincomecountries,1501,Lessdevelopedregions,902,934,8843844,8245855,7711298,7580214,7429964,7415507,7475467,4516413,4162200,3893780,3844520,3803410,3840061,3742683,4327431,4083655,3817518,3735694,3626554,3575446
779,Lowermiddleincomecountries,1501,Lessdevelopedregions,902,948,21568750,19766094,19961813,18767293,19070218,19238194,20001669,11186422,10194269,10346924,9782191,9796791,9823802,10414893,10382328,9571825,9614889,8985102,9273427,9414392
780,Lowincomecountries,1500,Lessdevelopedregions,902,7835868,7596522,5983743,6221335,7690045,9435710,11398965,3963775,3838968,3020266,3110054,3850858,4725801,5646372,3872093,3757554,2963477,3111281,3839187,4709909,5752593
781,Lowincomecountries,1500,Lessdevelopedregions,902,934,1061803,1251601,1446625,2022897,3031905,2605964,2589406,535605,631321,731381,1015014,1520775,1296924,1272051,526198,620280,715244,1007883,1511130,1309040
782,Lowincomecountries,1500,Lessdevelopedregions,902,948,7811415,7572340,5959264,6193159,7656550,9398667,11360073,3950143,3825649,3006948,3094974,3833089,4706106,5625780,3861272,3746691,2952316,3098185,3823461,4692561
783,Burundi,108,Lessdevelopedregions,902,272528,213186,111209,175242,226957,270062,311754,133575,103853,54083,85938,111473,132768,153332,138953,109333,57126,89304,115484,137294,158422
784,Burundi,108,Lessdevelopedregions,902,934,186,216,202,502,847,1032,1226,104,122,115,283,477,582,693,82,94,87,219,370,450
785,Burundi,108,Lessdevelopedregions,902,948,272528,213186,111209,175242,226957,270062,311754,133575,103853,54083,85938,111473,132768,153332,138953,109333,57126,89304,115484,137294
786,Comoros,174,Lessdevelopedregions,902,12017,11897,11778,11274,10769,10722,10667,5633,5546,5459,5273,5083,5099,5077,6384,6351,6319,6001,5686,5623,5590
787,Comoros,174,Lessdevelopedregions,902,934,1044,1034,1023,979,934,926,919,547,539,531,511,491,489,487,497,495,492,468,443,437
788,Comoros,174,Lessdevelopedregions,902,948,12017,11897,11778,11274,10769,10722,10667,5633,5546,5459,5273,5083,5099,5077,6384,6351,6319,6001,5686,5623
789,Djibouti,262,Lessdevelopedregions,902,114910,93804,94491,86600,96189,105985,112876,60168,49147,49561,48096,50265,55517,59033,54742,44657,44930,38504,45924,50468,53843
790,Djibouti,262,Lessdevelopedregions,902,934,0,0,0,0,0,0,0,0,0,0,0,0,0,0,0,0,0,0,0,0
791,Djibouti,262,Lessdevelopedregions,902,948,114910,93804,94491,86600,96189,105985,112876,60168,49147,49561,48096,50265,55517,59033,54742,44657,44930,38504,45924,50468
792,Eritrea,232,Lessdevelopedregions,902,10624,10833,11041,13891,13578,13236,11543,5593,5779,5965,7605,7519,7443,6576,5031,5054,5076,6286,6059,5793,4967
793,Eritrea,232,Lessdevelopedregions,902,934,413,577,742,784,870,1051,913,265,365,464,493,553,669,589,148,212,278,291,317,382
794,Eritrea,232,Lessdevelopedregions,902,948,10616,10780,10943,13789,13466,13101,11426,5591,5734,5877,7513,7418,7321,6470,5025,5046,5066,6276,6048,5780
795,Ethiopia,231,Lessdevelopedregions,902,1125957,765390,549918,469380,543568,1089737,1061723,591813,399376,283479,244102,286069,562255,526454,534144,366014,266439,225278,257499,527482,535269
796,Ethiopia,231,Lessdevelopedregions,902,934,0,0,0,0,0,0,0,0,0,0,0,0,0,0,0,0,0,0,0,0
797,Ethiopia,231,Lessdevelopedregions,902,948,1125957,765390,549918,469380,543568,1089737,1061723,591813,399376,283479,244102,286069,562255,526454,534144,366014,266439,225278,257499,527482
798,Kenya,404,Lessdevelopedregions,902,196730,511762,636140,712418,895728,1047402,980955,104529,263790,316754,368611,443663,522071,494079,92201,247972,319386,343807,452065,525331,486876
799,Kenya,404,Lessdevelopedregions,902,934,316,297,162,158,177,180,154,176,162,81,81,86,87,76,140,135,81,77,91,93
800,Kenya,404,Lessdevelopedregions,902,948,196730,511762,636140,712418,895728,1047402,980955,104529,263790,316754,368611,443663,522071,494079,92201,247972,319386,343807,452065,525331
801,Madagascar,450,Lessdevelopedregions,902,10831,9591,10660,11801,13085,14513,16097,6040,5388,6007,6671,7418,8250,9149,4791,4203,4653,5130,5667,6263,6948
802,Madagascar,450,Lessdevelopedregions,902,934,2652,2349,2610,2891,3209,3560,3944,1475,1318,1467,1629,1813,2012,2232,1177,1031,1143,1262,1396,1548
803,Madagascar,450,Lessdevelopedregions,902,948,9350,8279,9202,10192,11301,12534,13904,5213,4650,5187,5765,6413,7138,7915,4137,3629,4015,4427,4888,5396
804,Malawi,454,Lessdevelopedregions,902,1096053,187368,180384,172072,173328,159087,158859,533486,88132,84579,80422,81126,74291,76963,562567,99236,95805,91650,92202,84796,81896
805,Malawi,454,Lessdevelopedregions,902,934,7224,54700,52661,50182,49293,42453,36078,2508,24605,23606,22411,21970,18680,16084,4716,30095,29055,27771,27323,23773
806,Malawi,454,Lessdevelopedregions,902,948,1096053,187368,180384,172072,173328,159087,158859,533486,88132,84579,80422,81126,74291,76963,562567,99236,95805,91650,92202,84796
807,Mauritius,480,Lessdevelopedregions,902,1352,5479,12666,16451,21159,24349,24632,716,2175,4232,7328,11270,13528,13677,636,3304,8434,9123,9889,10821,10955
808,Mauritius,480,Lessdevelopedregions,902,934,1225,5087,11790,11543,11945,13745,13916,673,1946,3721,5447,7769,9178,9298,552,3141,8069,6096,4176,4567
809,Mauritius,480,Lessdevelopedregions,902,948,915,2161,4617,11279,18575,21375,21629,397,1520,3367,6540,10305,12325,12462,518,641,1250,4739,8270,9050
810,Mayotte,175,Lessdevelopedregions,902,11374,22215,39872,54300,61750,69075,94669,6631,12246,20303,26795,29280,31959,43799,4743,9969,19569,27505,32470,37116,50870
811,Mayotte,175,Lessdevelopedregions,902,934,0,0,0,0,0,0,0,0,0,0,0,0,0,0,0,0,0,0,0,0
812,Mayotte,175,Lessdevelopedregions,902,948,11374,22215,39872,54300,61750,69075,94669,6631,12246,20303,26795,29280,31959,43799,4743,9969,19569,27505,32470,37116
813,Mozambique,508,Lessdevelopedregions,902,112074,154157,179313,246213,280856,299179,317472,60296,83254,94155,118813,135063,143888,154332,51778,70903,85158,127400,145793,155291,163140
814,Mozambique,508,Lessdevelopedregions,902,934,64287,88427,102857,141231,160945,166850,175311,34346,47427,53613,67562,76723,79542,84487,29941,41000,49244,73669,84222,87308
815,Mozambique,508,Lessdevelopedregions,902,948,112074,154157,179313,246213,280856,299179,317472,60296,83254,94155,118813,135063,143888,154332,51778,70903,85158,127400,145793,155291
816,Reunion,638,Lessdevelopedregions,902,6588,14244,22557,26800,29540,30544,31637,3538,7032,10789,12815,14097,14501,15022,3050,7212,11768,13985,15443,16043,16615
817,Reunion,638,Lessdevelopedregions,902,934,2808,6074,9617,10704,11187,11566,11980,1508,3001,4599,5151,5403,5557,5757,1300,3073,5018,5553,5784,6009
818,Reunion,638,Lessdevelopedregions,902,948,6588,14244,22557,26800,29540,30544,31637,3538,7032,10789,12815,14097,14501,15022,3050,7212,11768,13985,15443,16043
819,Rwanda,646,Lessdevelopedregions,902,139805,201277,337752,405872,410794,505797,505069,70919,102784,170544,203679,206433,251270,254804,68886,98493,167208,202193,204361,254527,250265
820,Rwanda,646,Lessdevelopedregions,902,934,955,1455,2218,2617,2598,2581,2575,555,845,1288,1519,1508,1498,1511,400,610,930,1098,1090,1083
821,Rwanda,646,Lessdevelopedregions,902,948,139805,201277,337752,405872,410794,505797,505069,70919,102784,170544,203679,206433,251270,254804,68886,98493,167208,202193,204361,254527
822,Seychelles,690,Lessdevelopedregions,902,2242,3907,5582,7890,10207,11422,11641,1499,2392,3287,5231,7170,8209,8373,743,1515,2295,2659,3037,3213,3268
823,Seychelles,690,Lessdevelopedregions,902,934,2154,3563,4980,7014,9054,10134,10335,1465,2338,3214,4738,6259,7175,7319,689,1225,1766,2276,2795,2959
824,Seychelles,690,Lessdevelopedregions,902,948,2184,3827,5479,7611,9751,10912,11122,1456,2326,3198,4988,6772,7760,7914,728,1501,2281,2623,2979,3152
825,Somalia,706,Lessdevelopedregions,902,460000,18044,555,1166,26220,19558,35085,234861,9490,293,618,13375,9831,18658,225139,8554,262,548,12845,9727,16427
826,Somalia,706,Lessdevelopedregions,902,934,0,0,0,0,0,0,0,0,0,0,0,0,0,0,0,0,0,0,0,0
827,Somalia,706,Lessdevelopedregions,902,948,460000,18044,555,1166,26220,19558,35085,234861,9490,293,618,13375,9831,18658,225139,8554,262,548,12845,9727
828,SouthSudan,728,Lessdevelopedregions,902,0,0,0,0,228287,841615,879684,0,0,0,0,117810,429441,441864,0,0,0,0,110477,412174,437820
829,SouthSudan,728,Lessdevelopedregions,902,934,0,0,0,0,19534,19807,20306,0,0,0,0,11008,11925,12223,0,0,0,0,8526,7882
830,SouthSudan,728,Lessdevelopedregions,902,948,0,0,0,0,228287,841615,879684,0,0,0,0,117810,429441,441864,0,0,0,0,110477,412174
831,Uganda,800,Lessdevelopedregions,902,520811,585003,577737,586979,486536,844730,1714316,271010,297074,287178,288610,238373,412313,824388,249801,287929,290559,298369,248163,432417,889928
832,Uganda,800,Lessdevelopedregions,902,934,34609,32854,42310,40877,43124,43506,39188,15820,14412,19759,18728,19630,19553,17406,18789,18442,22551,22149,23494,23953
833,Uganda,800,Lessdevelopedregions,902,948,520674,584874,577363,586617,486172,844364,1713975,270912,296983,286938,288379,238142,412082,824173,249762,287891,290425,298238,248030,432282
834,UnitedRepublicofTanzania,834,Lessdevelopedregions,902,566964,1096938,938280,758033,298791,339308,385918,279635,542257,475848,479899,148711,167915,192855,287329,554681,462432,278134,150080,171393,193063
835,UnitedRepublicofTanzania,834,Lessdevelopedregions,902,934,55720,62872,63039,63326,63346,63945,56960,26145,30057,30012,30280,30404,30804,27271,29575,32815,33027,33046,32942,33141
836,UnitedRepublicofTanzania,834,Lessdevelopedregions,902,948,566964,1096938,938280,758033,298791,339308,385918,279635,542257,475848,479899,148711,167915,192855,287329,554681,462432,278134,150080,171393
837,Zambia,894,Lessdevelopedregions,902,267054,229883,335898,225614,128035,113795,162864,136362,117261,170785,114597,64270,56905,83876,130692,112622,165113,111017,63765,56890,78988
838,Zambia,894,Lessdevelopedregions,902,934,49808,32417,19421,26210,37590,31110,41916,24672,15981,10065,12481,18517,15251,21214,25136,16436,9356,13729,19073,15859
839,Zambia,894,Lessdevelopedregions,902,948,266954,229755,335732,225206,127028,112908,161623,136290,117168,170665,114302,63569,56288,83002,130664,112587,165067,110904,63459,56620
840,Zimbabwe,716,Lessdevelopedregions,902,585810,375319,338200,300516,274468,275965,286702,328197,214117,192867,171448,156574,155508,163039,257613,161202,145333,129068,117894,120457,123663
841,Zimbabwe,716,Lessdevelopedregions,902,934,14371,18237,21036,23144,22615,22738,23596,8189,10404,11997,13200,12900,12813,13403,6182,7833,9039,9944,9715,9925
842,Zimbabwe,716,Lessdevelopedregions,902,948,585810,375319,338200,300516,274468,275965,286702,328197,214117,192867,171448,156574,155508,163039,257613,161202,145333,129068,117894,120457
843,MiddleAfrica,911,Lessdevelopedregions,902,1237101,2417060,1487714,1699546,1877729,2598931,2963620,625998,1224527,763587,868276,960958,1341658,1527624,611103,1192533,724127,831270,916771,1257273,1435996
844,MiddleAfrica,911,Lessdevelopedregions,902,934,233616,254119,277609,277030,282807,405224,480825,129759,139898,152015,148895,155742,213514,251722,103857,114221,125594,128135,127065,191710
845,MiddleAfrica,911,Lessdevelopedregions,902,948,1236711,2416590,1487076,1699059,1876808,2597691,2962359,625662,1224126,763040,867863,960152,1340566,1526516,611049,1192464,724036,831196,916656,1257125
846,Angola,24,Lessdevelopedregions,902,22461,26970,31471,43106,55191,115965,149245,11792,13605,15419,20520,25923,55246,85999,10669,13365,16052,22586,29268,60719,63246
847,Angola,24,Lessdevelopedregions,902,934,6766,7863,8957,11787,15746,22863,30103,3578,4002,4426,5668,7544,11179,16099,3188,3861,4531,6119,8202,11684
848,Angola,24,Lessdevelopedregions,902,948,22461,26970,31471,43106,55191,115965,149245,11792,13605,15419,20520,25923,55246,85999,10669,13365,16052,22586,29268,60719
849,Cameroon,120,Lessdevelopedregions,902,200667,186692,172716,234599,275705,483991,555310,107753,100006,92259,129086,151988,240186,274168,92914,86686,80457,105513,123717,243805,281142
850,Cameroon,120,Lessdevelopedregions,902,934,105140,97818,90495,109131,88646,138981,178180,60603,56266,51929,60737,52504,62423,80031,44537,41552,38566,48394,36142,76558
851,Cameroon,120,Lessdevelopedregions,902,948,200667,186692,172716,234599,275705,483991,555310,107753,100006,92259,129086,151988,240186,274168,92914,86686,80457,105513,123717,243805
852,CentralAfricanRepublic,140,Lessdevelopedregions,902,45880,61394,71575,55868,54870,47265,52257,24329,32176,37212,29085,28583,24458,26771,21551,29218,34363,26783,26287,22807,25486
853,CentralAfricanRepublic,140,Lessdevelopedregions,902,934,159,165,159,126,124,104,104,102,102,96,73,71,62,63,57,63,63,53,53,42
854,CentralAfricanRepublic,140,Lessdevelopedregions,902,948,45880,61394,71575,55868,54870,47265,52257,24329,32176,37212,29085,28583,24458,26771,21551,29218,34363,26783,26287,22807
855,Chad,148,Lessdevelopedregions,902,68225,82939,97650,342327,405422,451690,529746,36831,44715,52598,155295,181615,207073,239687,31394,38224,45052,187032,223807,244617,290059
856,Chad,148,Lessdevelopedregions,902,934,47917,52063,56207,28899,34225,39723,51553,25868,28072,30276,13106,15328,18062,23168,22049,23991,25931,15793,18897,21661
857,Chad,148,Lessdevelopedregions,902,948,68225,82939,97650,342327,405422,451690,529746,36831,44715,52598,155295,181615,207073,239687,31394,38224,45052,187032,223807,244617
858,Congo,178,Lessdevelopedregions,902,111444,177852,291897,306905,399804,366621,364223,54874,88795,146288,166356,217229,201225,199006,56570,89057,145609,140549,182575,165396,165217
859,Congo,178,Lessdevelopedregions,902,934,5724,6615,9277,5900,14048,18672,18542,3290,3670,5023,3833,8424,10877,10763,2434,2945,4254,2067,5624,7795
860,Congo,178,Lessdevelopedregions,902,948,111161,177525,291438,306613,399109,365697,363306,54614,88496,145869,166083,216586,200373,198160,56547,89029,145569,140530,182523,165324
861,DemocraticRepublicoftheCongo,180,Lessdevelopedregions,902,663006,1715920,617393,493958,429634,775534,919308,319221,851423,302807,239767,205554,383997,449748,343785,864497,314586,254191,224080,391537,469560
862,DemocraticRepublicoftheCongo,180,Lessdevelopedregions,902,934,3647,5912,9470,9473,1549,6431,6242,1823,2954,4645,4646,765,1163,1045,1824,2958,4825,4827,784,5268
863,DemocraticRepublicoftheCongo,180,Lessdevelopedregions,902,948,663006,1715920,617393,493958,429634,775534,919308,319221,851423,302807,239767,205554,383997,449748,343785,864497,314586,254191,224080,391537
864,EquatorialGuinea,226,Lessdevelopedregions,902,736,976,1213,1770,2324,2906,3488,443,584,725,1073,1421,1791,2153,293,392,488,697,903,1115,1335
865,EquatorialGuinea,226,Lessdevelopedregions,902,934,358,475,590,861,1130,1413,1694,217,286,355,525,695,876,1052,141,189,235,336,435,537
866,EquatorialGuinea,226,Lessdevelopedregions,902,948,736,976,1213,1770,2324,2906,3488,443,584,725,1073,1421,1791,2153,293,392,488,697,903,1115
867,Gabon,266,Lessdevelopedregions,902,119405,159683,199740,217824,252273,352739,388063,67950,90822,114212,125481,147382,226568,249099,51455,68861,85528,92343,104891,126171,138964
868,Gabon,266,Lessdevelopedregions,902,934,59339,79358,99262,108345,125368,175291,192848,31892,42628,53644,59043,69422,107997,118721,27447,36730,45618,49302,55946,67294
869,Gabon,266,Lessdevelopedregions,902,948,119298,159540,199561,217629,252047,352423,387719,67874,90720,114084,125341,147219,226328,248837,51424,68820,85477,92288,104828,126095
870,SaoTomeandPrincipe,678,Lessdevelopedregions,902,5277,4634,4059,3189,2506,2220,1980,2805,2401,2067,1613,1263,1114,993,2472,2233,1992,1576,1243,1106,987
871,SaoTomeandPrincipe,678,Lessdevelopedregions,902,934,4566,3850,3192,2508,1971,1746,1559,2386,1918,1621,1264,989,875,780,2180,1932,1571,1244,982,871
872,SaoTomeandPrincipe,678,Lessdevelopedregions,902,948,5277,4634,4059,3189,2506,2220,1980,2805,2401,2067,1613,1263,1114,993,2472,2233,1992,1576,1243,1106
873,Algeria,12,Lessdevelopedregions,902,233994,235503,237016,187375,205885,227093,237489,128601,129679,130760,103374,109588,120761,126156,105393,105824,106256,84001,96297,106332,111333
874,Algeria,12,Lessdevelopedregions,902,934,221348,221413,221483,175096,192395,212432,222242,121483,121695,121911,96379,102155,112689,117766,99865,99718,99572,78717,90240,99743
875,Algeria,12,Lessdevelopedregions,902,948,233994,235503,237016,187375,205885,227093,237489,128601,129679,130760,103374,109588,120761,126156,105393,105824,106256,84001,96297,106332
876,Egypt,818,Lessdevelopedregions,902,116350,119915,142995,225835,253924,320347,476127,63346,65379,77606,133406,145912,189003,255304,53004,54536,65389,92429,108012,131344,220823
877,Egypt,818,Lessdevelopedregions,902,934,91700,94122,114012,173831,176986,245973,328794,49158,50589,61040,101747,100807,145006,177846,42542,43533,52972,72084,76179,100967
878,Egypt,818,Lessdevelopedregions,902,948,115871,119414,142433,225166,253204,319852,475356,62952,65009,77231,132946,145426,188647,254776,52919,54405,65202,92220,107778,131205
879,Libya,434,Lessdevelopedregions,902,322965,418910,521795,575097,631966,709331,760359,175820,255744,343731,413870,456209,510089,551413,147145,163166,178064,161227,175757,199242,208946
880,Libya,434,Lessdevelopedregions,902,934,254772,327623,405897,447404,490983,549733,605365,137046,198118,265512,320241,352592,393283,438186,117726,129505,140385,127163,138391,156450
881,Libya,434,Lessdevelopedregions,902,948,321599,417110,519531,572603,629229,706267,757079,174695,254451,342237,412074,454232,507883,549031,146904,162659,177294,160529,174997,198384
882,Morocco,504,Lessdevelopedregions,902,20798,19085,20104,21326,23174,30487,34284,11002,9959,10329,10809,11685,15310,17670,9796,9126,9775,10517,11489,15177,16614
883,Morocco,504,Lessdevelopedregions,902,934,17804,16336,17207,18252,19835,26182,29559,9418,8523,8840,9251,10002,13148,15235,8386,7813,8367,9001,9833,13034
884,Morocco,504,Lessdevelopedregions,902,948,20798,19085,20104,21326,23174,30487,34284,11002,9959,10329,10809,11685,15310,17670,9796,9126,9775,10517,11489,15177
885,Sudan,729,Lessdevelopedregions,902,1369612,1019543,770450,509151,590487,598718,1348983,679273,508260,386740,258847,299958,300629,669820,690339,511283,383710,250304,290529,298089,679163
886,Sudan,729,Lessdevelopedregions,902,934,57106,58258,59426,62205,38015,34771,48088,29357,30014,30672,32103,19619,17950,24480,27749,28244,28754,30102,18396,16821
887,Sudan,729,Lessdevelopedregions,902,948,1367934,1017832,768704,507261,589272,597607,1347447,678410,507378,385839,257871,299331,300055,669038,689524,510454,382865,249390,289941,297552
888,Tunisia,788,Lessdevelopedregions,902,25394,25270,22131,21098,25158,32705,34815,12637,12708,11255,10836,12959,16904,18206,12757,12562,10876,10262,12199,15801,16609
889,Tunisia,788,Lessdevelopedregions,902,934,24493,24375,21095,20107,23661,30772,32764,12188,12257,10735,10328,12188,15913,17141,12305,12118,10360,9779,11473,14859
890,Tunisia,788,Lessdevelopedregions,902,948,25394,25270,22131,21098,25158,32705,34815,12637,12708,11255,10836,12959,16904,18206,12757,12562,10876,10262,12199,15801
891,WesternSahara,732,Lessdevelopedregions,902,2440,2710,2986,3532,4079,4699,4916,1342,1509,1681,2035,2388,2795,2927,1098,1201,1305,1497,1691,1904,1989
892,WesternSahara,732,Lessdevelopedregions,902,934,41,45,50,59,68,78,80,18,20,23,28,33,39,41,23,25,27,31,35,39
893,WesternSahara,732,Lessdevelopedregions,902,948,2440,2710,2986,3532,4079,4699,4916,1342,1509,1681,2035,2388,2795,2927,1098,1201,1305,1497,1691,1904
894,Botswana,72,Lessdevelopedregions,902,20355,31400,45747,72450,83114,90278,96572,12440,18681,26888,43352,48497,52655,56390,7915,12719,18859,29098,34617,37623,40182
895,Botswana,72,Lessdevelopedregions,902,934,15030,22871,33119,54463,74165,80560,86192,9504,14030,20035,33712,43476,47204,50553,5526,8841,13084,20751,30689,33356
896,Botswana,72,Lessdevelopedregions,902,948,19481,30345,44399,69730,79003,85812,91795,11596,17663,25587,41070,45219,49094,52578,7885,12682,18812,28660,33784,36718
897,Eswatini,748,Lessdevelopedregions,902,67523,28017,26554,25286,24732,24459,25151,36078,15136,14461,13054,11949,11864,12228,31445,12881,12093,12232,12783,12595,12923
898,Eswatini,748,Lessdevelopedregions,902,934,21010,9170,12391,12533,12376,12624,12822,9995,4261,5940,5701,4738,4971,5062,11015,4909,6451,6832,7638,7653
899,Eswatini,748,Lessdevelopedregions,902,948,67523,28017,26554,25286,24732,24459,25151,36078,15136,14461,13054,11949,11864,12228,31445,12881,12093,12232,12783,12595
900,Lesotho,426,Lessdevelopedregions,902,4374,3933,3614,3683,3753,5350,7044,2162,2000,1900,1937,1974,2871,3722,2212,1933,1714,1746,1779,2479,3322
901,Lesotho,426,Lessdevelopedregions,902,934,3913,3529,3278,3343,3409,4861,6402,1911,1780,1716,1750,1784,2594,3363,2002,1749,1562,1593,1625,2267
902,Lesotho,426,Lessdevelopedregions,902,948,4212,3793,3500,3567,3635,5182,6823,2070,1920,1835,1871,1907,2774,3596,2142,1873,1665,1696,1728,2408
903,Namibia,516,Lessdevelopedregions,902,90697,86707,109027,86349,83563,81800,88247,50372,48415,61117,48176,46674,45776,49416,40325,38292,47910,38173,36889,36024,38831
904,Namibia,516,Lessdevelopedregions,902,934,51429,49165,45690,36110,34777,34019,36377,27075,26040,24281,19094,18431,18081,19390,24354,23125,21409,17016,16346,15938
905,Namibia,516,Lessdevelopedregions,902,948,86104,82315,104949,83125,80457,78761,84995,47085,45264,58186,45864,44445,43593,47077,39019,37051,46763,37261,36012,35168
906,SouthAfrica,710,Lessdevelopedregions,902,795601,736966,746686,1005489,1638668,1950333,1957455,553081,482886,468203,610150,981523,1095605,1142749,242520,254080,278483,395339,657145,854728,814706
907,SouthAfrica,710,Lessdevelopedregions,902,934,202816,218232,300647,396381,657473,1010800,1025705,126310,130872,171312,221111,357028,555864,580035,76506,87360,129335,175270,300445,454936
908,SouthAfrica,710,Lessdevelopedregions,902,948,785125,727840,736166,991650,1626974,1940814,1948598,548426,478181,462216,602536,975459,1090092,1137301,236699,249659,273950,389114,651515,850722
909,Benin,204,Lessdevelopedregions,902,68668,94576,120489,221929,275345,325992,350896,36101,50290,64484,104607,126516,151300,163235,32567,44286,56005,117322,148829,174692,187661
910,Benin,204,Lessdevelopedregions,902,934,21064,29011,36961,73795,107090,131739,141800,12187,16938,21692,37642,51510,63676,68686,8877,12073,15269,36153,55580,68063
911,Benin,204,Lessdevelopedregions,902,948,68668,94576,120489,221929,275345,325992,350896,36101,50290,64484,104607,126516,151300,163235,32567,44286,56005,117322,148829,174692
912,BurkinaFaso,854,Lessdevelopedregions,902,326879,435776,485979,557720,629595,658342,675820,156563,209111,233388,265972,298697,312335,320443,170316,226665,252591,291748,330898,346007,355377
913,BurkinaFaso,854,Lessdevelopedregions,902,934,270860,336853,416635,489798,552919,578166,600977,132341,164880,203157,236493,265622,277751,288560,138519,171973,213478,253305,287297,300415
914,BurkinaFaso,854,Lessdevelopedregions,902,948,326879,435776,485979,557720,629595,658342,675820,156563,209111,233388,265972,298697,312335,320443,170316,226665,252591,291748,330898,346007
915,CaboVerde,132,Lessdevelopedregions,902,5268,6937,8595,9241,9871,10251,10841,2578,3516,4455,4781,5099,5279,5587,2690,3421,4140,4460,4772,4972,5254
916,CaboVerde,132,Lessdevelopedregions,902,934,368,498,624,895,1157,1202,1257,177,248,321,438,552,572,604,191,250,303,457,605,630
917,CaboVerde,132,Lessdevelopedregions,902,948,5238,6896,8544,9204,9849,10228,10818,2564,3496,4429,4763,5089,5269,5576,2674,3400,4115,4441,4760,4959
918,CotedIvoire,384,Lessdevelopedregions,902,1794958,2038795,2103321,2201917,2300514,2401128,2490044,999832,1130396,1165869,1220525,1274771,1330546,1379789,795126,908399,937452,981392,1025743,1070582,1110255
919,CotedIvoire,384,Lessdevelopedregions,902,934,136492,132625,138196,144673,151150,157795,163811,58340,56892,59236,62013,64755,67605,70178,78152,75733,78960,82660,86395,90190
920,CotedIvoire,384,Lessdevelopedregions,902,948,1794958,2038795,2103321,2201917,2300514,2401128,2490044,999832,1130396,1165869,1220525,1274771,1330546,1379789,795126,908399,937452,981392,1025743,1070582
921,Gambia,270,Lessdevelopedregions,902,114683,146646,177198,176680,180447,186955,209397,64140,79439,93922,93088,94878,98145,110004,50543,67207,83276,83592,85569,88810,99393
922,Gambia,270,Lessdevelopedregions,902,934,0,0,0,0,0,0,0,0,0,0,0,0,0,0,0,0,0,0,0,0
923,Gambia,270,Lessdevelopedregions,902,948,114683,146646,177198,176680,180447,186955,209397,64140,79439,93922,93088,94878,98145,110004,50543,67207,83276,83592,85569,88810
924,Ghana,288,Lessdevelopedregions,902,151556,239627,176778,273592,285119,349935,401941,76900,120628,90342,143586,156366,191911,220863,74656,118999,86436,130006,128753,158024,181078
925,Ghana,288,Lessdevelopedregions,902,934,21125,21054,23550,56195,111620,137353,157752,11100,12021,12519,29830,62094,76395,87915,10025,9033,11031,26365,49526,60958
926,Ghana,288,Lessdevelopedregions,902,948,151435,239506,176643,273402,284930,349703,401675,76801,120527,90231,143428,156208,191717,220639,74634,118979,86412,129974,128722,157986
927,Guinea,324,Lessdevelopedregions,902,395452,765094,546995,188860,126547,114125,109520,196224,380340,270752,89426,59975,66583,64155,199228,384754,276243,99434,66572,47542,45365
928,Guinea,324,Lessdevelopedregions,902,934,4773,5499,5070,9087,15289,44145,42302,2752,3427,3093,4655,7646,26411,25425,2021,2072,1977,4432,7643,17734
929,Guinea,324,Lessdevelopedregions,902,948,395318,764940,546829,188744,126466,113956,109359,196122,380218,270621,89332,59910,66449,64026,199196,384722,276208,99412,66556,47507
930,GuineaBissau,624,Lessdevelopedregions,902,13890,25809,17628,18385,19183,20341,15827,6954,12744,8713,9123,9399,9872,7838,6936,13065,8915,9262,9784,10469,7989
931,GuineaBissau,624,Lessdevelopedregions,902,934,355,466,576,549,521,552,403,130,183,235,221,206,215,163,225,283,341,328,315,337
932,GuineaBissau,624,Lessdevelopedregions,902,948,13890,25809,17628,18385,19183,20341,15827,6954,12744,8713,9123,9399,9872,7838,6936,13065,8915,9262,9784,10469
933,Liberia,430,Lessdevelopedregions,902,66919,182228,127704,74930,91473,103278,80028,39234,97771,69649,42920,51981,58344,45289,27685,84457,58055,32010,39492,44934,34739
934,Liberia,430,Lessdevelopedregions,902,934,19531,19081,18727,19349,39909,52119,33007,11279,10792,10323,12131,23244,30012,19300,8252,8289,8404,7218,16665,22107
935,Liberia,430,Lessdevelopedregions,902,948,66919,182228,127704,74930,91473,103278,80028,39234,97771,69649,42920,51981,58344,45289,27685,84457,58055,32010,39492,44934
936,Mali,466,Lessdevelopedregions,902,139613,154354,135366,207687,305345,376496,449993,70923,79407,70750,106756,155297,191344,229295,68690,74947,64616,100931,150048,185152,220698
937,Mali,466,Lessdevelopedregions,902,934,61817,73556,68128,132993,181438,223265,261996,32363,38469,35570,68493,89730,110305,129606,29454,35087,32558,64500,91708,112960
938,Mali,466,Lessdevelopedregions,902,948,139312,154164,135290,207378,302550,373057,445958,70681,79262,70704,106570,153744,189435,227052,68631,74902,64586,100808,148806,183622
939,Mauritania,478,Lessdevelopedregions,902,109843,87647,55065,55775,65354,160722,176138,56704,45998,29831,31183,36873,90706,99665,53139,41649,25234,24592,28481,70016,76473
940,Mauritania,478,Lessdevelopedregions,902,934,4306,4590,4736,4886,29628,33307,36682,2019,2386,2701,2861,15901,17919,19815,2287,2204,2035,2025,13727,15388
941,Mauritania,478,Lessdevelopedregions,902,948,109701,87496,54909,55617,65244,160564,175966,56685,45966,29785,31132,36832,90651,99603,53016,41530,25124,24485,28412,69913
942,Niger,562,Lessdevelopedregions,902,105305,136035,112419,114496,116311,241320,333463,49942,64591,53121,54033,54808,114983,156472,55363,71444,59298,60463,61503,126337,176991
943,Niger,562,Lessdevelopedregions,902,934,47586,34784,22273,22686,23049,97312,160013,20158,15638,11244,11440,11605,47529,76902,27428,19146,11029,11246,11444,49783
944,Niger,562,Lessdevelopedregions,902,948,105305,136035,112419,114496,116311,241320,333463,49942,64591,53121,54033,54808,114983,156472,55363,71444,59298,60463,61503,126337
945,Nigeria,566,Lessdevelopedregions,902,299556,361537,437977,870507,889165,1076442,1177115,168057,201537,242576,506857,517661,590587,641991,131499,160000,195401,363650,371504,485855,535124
946,Nigeria,566,Lessdevelopedregions,902,934,85564,91660,101422,201582,205902,249270,290773,48002,51095,56173,117371,119873,136761,158589,37562,40565,45249,84211,86029,112509
947,Nigeria,566,Lessdevelopedregions,902,948,299556,361537,437977,870507,889165,1076442,1177115,168057,201537,242576,506857,517661,590587,641991,131499,160000,195401,363650,371504,485855
948,SaintHelena,654,Lessdevelopedregions,902,32,21,20,29,44,66,76,19,12,11,14,22,42,52,13,9,9,15,22,24,24
949,SaintHelena,654,Lessdevelopedregions,902,934,32,21,20,29,44,66,76,19,12,11,14,22,42,52,13,9,9,15,22,24
950,SaintHelena,654,Lessdevelopedregions,902,948,32,21,20,29,44,66,76,19,12,11,14,22,42,52,13,9,9,15,22,24
951,Senegal,686,Lessdevelopedregions,902,221584,237145,186646,189897,201700,207940,214487,116214,123913,101426,102656,109920,113452,116825,105370,113232,85220,87241,91780,94488,97662
952,Senegal,686,Lessdevelopedregions,902,934,14829,15503,14090,15115,16869,18007,18650,7472,7766,6783,7522,8730,9314,9635,7357,7737,7307,7593,8139,8693
953,Senegal,686,Lessdevelopedregions,902,948,221584,237145,186646,189897,201700,207940,214487,116214,123913,101426,102656,109920,113452,116825,105370,113232,85220,87241,91780,94488
954,SierraLeone,694,Lessdevelopedregions,902,219726,96156,95678,144624,77695,57431,52433,121604,54707,53019,75758,42679,32219,29593,98122,41449,42659,68866,35016,25212,22840
955,SierraLeone,694,Lessdevelopedregions,902,934,6541,6401,6308,5092,5139,5094,5245,3923,3817,3678,3603,3473,3120,2990,2618,2584,2630,1489,1666,1974
956,SierraLeone,694,Lessdevelopedregions,902,948,219446,95883,95412,144403,77488,57236,52246,121331,54441,52760,75542,42491,32099,29551,98115,41442,42652,68861,34997,25137
957,Togo,768,Lessdevelopedregions,902,71939,88885,122872,183099,233845,254560,256910,38418,46596,63879,93617,118973,129166,131250,33521,42289,58993,89482,114872,125394,125660
958,Togo,768,Lessdevelopedregions,902,934,25186,34619,46081,63855,77579,87028,87826,12353,16213,22245,31769,38121,41754,42449,12833,18406,23836,32086,39458,45274
959,Togo,768,Lessdevelopedregions,902,948,71692,88607,122559,182747,233386,254043,256389,38219,46372,63626,93332,118599,128744,130823,33473,42235,58933,89415,114787,125299
960,Kazakhstan,398,Lessdevelopedregions,902,271329,303125,334927,406588,478253,508681,535367,136338,152218,168097,209611,251125,271059,285286,134991,150907,166830,196977,227128,237622,250081
961,Kazakhstan,398,Lessdevelopedregions,902,934,271329,303125,334927,406588,478253,508681,535367,136338,152218,168097,209611,251125,271059,285286,134991,150907,166830,196977,227128,237622
962,Kazakhstan,398,Lessdevelopedregions,902,948,270634,301983,333339,404777,476220,506519,533093,135971,151607,167242,208614,249986,269832,283995,134663,150376,166097,196163,226234,236687
963,Kyrgyzstan,417,Lessdevelopedregions,902,102224,94493,73847,55604,44387,39096,38049,43767,41456,33580,24927,19691,17220,16766,58457,53037,40267,30677,24696,21876,21283
964,Kyrgyzstan,417,Lessdevelopedregions,902,934,102224,94493,73847,55604,44387,39096,38049,43767,41456,33580,24927,19691,17220,16766,58457,53037,40267,30677,24696,21876
965,Kyrgyzstan,417,Lessdevelopedregions,902,948,101454,93881,73409,55229,44079,38825,37787,43442,41178,33357,24736,19536,17084,16634,58012,52703,40052,30493,24543,21741
966,Tajikistan,762,Lessdevelopedregions,902,55861,47238,42936,37483,37401,36760,36860,24541,22396,20762,18217,18268,17822,17881,31320,24842,22174,19266,19133,18938,18979
967,Tajikistan,762,Lessdevelopedregions,902,934,47301,34929,25765,24798,24748,24322,24386,20780,16850,12890,12507,12542,12249,12292,26521,18079,12875,12291,12206,12073
968,Tajikistan,762,Lessdevelopedregions,902,948,55787,47178,42884,37433,37352,36712,36814,24508,22361,20730,18186,18237,17791,17850,31279,24817,22154,19247,19115,18921
969,Turkmenistan,795,Lessdevelopedregions,902,168870,158835,126050,120394,107860,106030,105201,76529,76849,59460,57605,50046,50027,50439,92341,81986,66590,62789,57814,56003,54762
970,Turkmenistan,795,Lessdevelopedregions,902,934,168549,155625,124266,119586,107515,105799,105003,76371,75465,58691,57256,49890,49911,50340,92178,80160,65575,62330,57625,55888
971,Turkmenistan,795,Lessdevelopedregions,902,948,168870,158835,126050,120394,107860,106030,105201,76529,76849,59460,57605,50046,50027,50439,92341,81986,66590,62789,57814,56003
972,Uzbekistan,860,Lessdevelopedregions,902,73600,70581,89018,95936,60173,56574,56137,34617,33005,39908,43551,29791,28511,28373,38983,37576,49110,52385,30382,28063,27764
973,Uzbekistan,860,Lessdevelopedregions,902,934,73600,70581,89018,95936,60173,56574,56137,34617,33005,39908,43551,29791,28511,28373,38983,37576,49110,52385,30382,28063
974,Uzbekistan,860,Lessdevelopedregions,902,948,73600,70581,89018,95936,60173,56574,56137,34617,33005,39908,43551,29791,28511,28373,38983,37576,49110,52385,30382,28063
975,China,156,Lessdevelopedregions,902,348193,393079,437222,576570,720540,818531,866152,177121,198443,219789,324888,430441,504190,533585,171072,194636,217433,251682,290099,314341,332567
976,China,156,Lessdevelopedregions,902,934,347723,392222,435949,574731,718217,815666,863037,176958,198115,219271,324027,429234,502639,531898,170765,194107,216678,250704,288983,313027
977,China,156,Lessdevelopedregions,902,948,344472,387574,430263,498306,550267,608495,637679,175014,195255,215662,277919,328208,374249,392242,169458,192319,214601,220387,222059,234246
978,DemPeoplesRepublicofKorea,408,Lessdevelopedregions,902,29684,30225,30758,35412,40055,44105,45086,15298,15363,15426,17573,19714,21839,22330,14386,14862,15332,17839,20341,22266,22756
979,DemPeoplesRepublicofKorea,408,Lessdevelopedregions,902,934,29610,30139,30661,35294,39917,43953,44933,15277,15336,15393,17529,19660,21779,22269,14333,14803,15268,17765,20257,22174
980,DemPeoplesRepublicofKorea,408,Lessdevelopedregions,902,948,9919,10533,11141,12544,13937,15347,15672,4506,4783,5059,5682,6300,6988,7146,5413,5750,6082,6862,7637,8359
981,Japan,392,Lessdevelopedregions,902,992013,1249118,1539774,1826809,1938279,1944658,2337936,496325,625844,729141,847021,884385,921770,1106623,495688,623274,810633,979788,1053894,1022888,1231313
982,Japan,392,Lessdevelopedregions,902,934,988732,1242654,1530836,1814681,1925421,1930440,2318035,494653,622740,725011,841497,878603,915427,1097744,494079,619914,805825,973184,1046818,1015013
983,Japan,392,Lessdevelopedregions,902,948,841630,1026807,1204174,1178689,1251123,1230088,1562043,421494,515794,574102,550202,572805,583966,739829,420136,511013,630072,628487,678318,646122
984,Mongolia,496,Lessdevelopedregions,902,2702,2977,3294,6933,11377,14095,15161,1483,1706,1951,5246,9325,10845,11665,1219,1271,1343,1687,2052,3250,3496
985,Mongolia,496,Lessdevelopedregions,902,934,2698,2973,3289,6931,11376,14094,15161,1480,1702,1947,5244,9324,10844,11665,1218,1271,1342,1687,2052,3250
986,Mongolia,496,Lessdevelopedregions,902,948,1053,1156,1281,1939,2831,3500,3742,539,625,716,1189,1881,2004,2149,514,531,565,750,950,1496
987,RepublicofKorea,410,Lessdevelopedregions,902,22376,86650,178749,398574,792777,1253305,1534892,12558,52259,110904,230628,438920,681769,839295,9818,34391,67845,167946,353857,571536,695597
988,RepublicofKorea,410,Lessdevelopedregions,902,934,21617,81019,166449,380227,761131,1157565,1400547,11809,46815,99021,215403,414534,623958,766368,9808,34204,67428,164824,346597,533607
989,RepublicofKorea,410,Lessdevelopedregions,902,948,2549,38351,86607,155357,302370,494101,731881,1994,27804,63267,108643,205245,318816,462851,555,10547,23340,46714,97125,175285
990,BruneiDarussalam,96,Lessdevelopedregions,902,69580,80846,92108,94161,96215,98269,107081,39800,45600,51400,52795,54190,55585,60573,29780,35246,40708,41366,42025,42684,46508
991,BruneiDarussalam,96,Lessdevelopedregions,902,934,65256,75601,85944,87859,89775,91691,99916,36395,41444,46495,47773,49051,50329,54847,28861,34157,39449,40086,40724,41362
992,BruneiDarussalam,96,Lessdevelopedregions,902,948,67689,78696,89700,91699,93699,95699,104284,38803,44456,50110,51469,52828,54187,59050,28886,34240,39590,40230,40871,41512
993,Cambodia,116,Lessdevelopedregions,902,32235,85305,138384,108021,77657,70066,75151,15759,41560,67365,54105,40844,37529,40235,16476,43745,71019,53916,36813,32537,34916
994,Cambodia,116,Lessdevelopedregions,902,934,32069,84870,137680,107472,77261,69709,74773,15665,41315,66968,53790,40608,37313,40004,16404,43555,70712,53682,36653,32396
995,Cambodia,116,Lessdevelopedregions,902,948,31474,83310,135157,105502,75846,68432,73401,15316,40402,65492,52613,39735,36515,39147,16158,42908,69665,52889,36111,31917
996,Indonesia,360,Lessdevelopedregions,902,325611,286326,247049,214677,196075,217069,228218,158322,143068,127813,120395,110492,124380,130583,167289,143258,119236,94282,85583,92689,97635
997,Indonesia,360,Lessdevelopedregions,902,934,324882,214948,105021,136011,175729,194544,204537,157846,107323,56799,78513,99037,111484,117044,167036,107625,48222,57498,76692,83060
998,Indonesia,360,Lessdevelopedregions,902,948,67301,115420,163547,142583,130768,144767,152190,36468,60086,83704,79638,73866,83144,87290,30833,55334,79843,62945,56902,61623
999,LaoPeoplesDemocraticRepublic,418,Lessdevelopedregions,902,22056,20893,17743,16439,29165,41894,44829,11332,10700,9172,8649,17776,26904,28793,10724,10193,8571,7790,11389,14990,16036
1000,LaoPeoplesDemocraticRepublic,418,Lessdevelopedregions,902,934,20254,19171,16264,15075,25352,35631,38130,10422,9837,8429,7954,15754,23554,25208,9832,9334,7835,7121,9598,12077
1001,LaoPeoplesDemocraticRepublic,418,Lessdevelopedregions,902,948,17931,17150,14738,13619,21055,28494,30491,9081,8656,7508,7053,12200,17349,18567,8850,8494,7230,6566,8855,11145
1002,Malaysia,458,Lessdevelopedregions,902,598019,830905,1319003,1738628,2212330,3024217,3208371,350477,474690,741099,1028476,1346754,1832288,1981078,247542,356215,577904,710152,865576,1191929,1227293
1003,Malaysia,458,Lessdevelopedregions,902,934,553760,758258,1194484,1267653,1343708,1730700,1834029,315849,428663,669839,741628,813360,1038866,1122898,237911,329595,524645,526025,530348,691834
1004,Malaysia,458,Lessdevelopedregions,902,948,506642,764931,1264573,1708719,2203024,3012870,3196347,305055,441980,714693,1013680,1341859,1826230,1974490,201587,322951,549880,695039,861165,1186640
1005,Myanmar,104,Lessdevelopedregions,902,120047,99848,85376,72323,66565,63860,66596,65315,53949,45265,38636,36098,34887,36382,54732,45899,40111,33687,30467,28973,30214
1006,Myanmar,104,Lessdevelopedregions,902,934,118677,98291,84017,71169,65500,62836,65530,64157,52713,44222,37747,35272,34090,35552,54520,45578,39795,33422,30228,28746
1007,Myanmar,104,Lessdevelopedregions,902,948,47634,44211,40377,34205,31483,30204,31492,27238,24947,22038,18804,17555,16958,17684,20396,19264,18339,15401,13928,13246
1008,Philippines,608,Lessdevelopedregions,902,97320,130941,142923,115650,77628,78748,83732,50653,66916,72225,59352,40015,40648,43359,46667,64025,70698,56298,37613,38100,40373
1009,Philippines,608,Lessdevelopedregions,902,934,84641,113883,135456,109611,75073,76244,81081,44123,58294,68657,56414,38772,39433,42061,40518,55589,66799,53197,36301,36811
1010,Philippines,608,Lessdevelopedregions,902,948,43332,58287,54237,43868,41978,42540,45191,22070,29132,27948,22952,22646,22977,24504,21262,29155,26289,20916,19332,19563
1011,Singapore,702,Lessdevelopedregions,902,437510,784124,1206640,1505961,1889185,2167234,2202358,206764,354518,528970,657986,822531,942458,956271,230746,429606,677670,847975,1066654,1224776,1246087
1012,Singapore,702,Lessdevelopedregions,902,934,428692,765537,1176485,1457970,1820683,2088650,2122501,200924,342271,509245,629950,784648,899032,912183,227768,423266,667240,828020,1036035,1189618
1013,Singapore,702,Lessdevelopedregions,902,948,260265,551032,895139,1139904,1448177,1661321,1688248,124119,248422,391406,501877,639457,732715,743480,136146,302610,503733,638027,808720,928606
1014,Thailand,764,Lessdevelopedregions,902,506344,787181,1230423,2170110,3208938,3442910,3603899,269171,411418,629416,1085294,1612896,1724514,1802828,237173,375763,601007,1084816,1596042,1718396,1801071
1015,Thailand,764,Lessdevelopedregions,902,934,31575,30636,36039,64474,97590,103917,109305,16572,16156,18727,37788,60134,63974,67154,15003,14480,17312,26686,37456,39943
1016,Thailand,764,Lessdevelopedregions,902,948,506286,787065,1230223,2136799,3140127,3369082,3526619,269132,411344,629292,1063850,1568349,1676810,1752929,237154,375721,600931,1072949,1571778,1692272
1017,TimorLeste,626,Lessdevelopedregions,902,7006,7623,8306,8836,9034,6393,6286,3481,3730,3996,4371,4570,3852,3795,3525,3893,4310,4465,4464,2541,2491
1018,TimorLeste,626,Lessdevelopedregions,902,934,6903,7511,8184,8706,8901,6324,6219,3421,3668,3932,4298,4492,3799,3742,3482,3843,4252,4408,4409,2525
1019,TimorLeste,626,Lessdevelopedregions,902,948,6078,6611,7202,7664,7838,5440,5348,2893,3093,3306,3590,3719,3178,3131,3185,3518,3896,4074,4119,2262
1020,VietNam,704,Lessdevelopedregions,902,26692,47606,47560,41834,50867,59668,62914,14451,26176,27503,25109,29535,34466,36350,12241,21430,20057,16725,21332,25202,26564
1021,VietNam,704,Lessdevelopedregions,902,934,3215,7805,18796,21198,25118,30325,31976,1704,4282,10924,12753,14648,17567,18527,1511,3523,7872,8445,10470,12758
1022,VietNam,704,Lessdevelopedregions,902,948,26080,46414,44987,39173,48427,56663,59747,14128,25526,26022,23505,28108,32713,34502,11952,20888,18965,15668,20319,23950
1023,Afghanistan,4,Lessdevelopedregions,902,50671,55794,60918,67045,73174,284151,107141,28599,31491,34383,37842,41300,144617,51809,22072,24303,26535,29203,31874,139534,55332
1024,Afghanistan,4,Lessdevelopedregions,902,934,50671,55794,60918,67045,73174,284151,107141,28599,31491,34383,37842,41300,144617,51809,22072,24303,26535,29203,31874,139534
1025,Afghanistan,4,Lessdevelopedregions,902,948,50671,55794,60918,67045,73174,284151,107141,28599,31491,34383,37842,41300,144617,51809,22072,24303,26535,29203,31874,139534
1026,Bangladesh,50,Lessdevelopedregions,902,690617,737986,785371,804899,999113,1030582,1685260,357130,382552,407980,425643,523077,539903,964807,333487,355434,377391,379256,476036,490679,720453
1027,Bangladesh,50,Lessdevelopedregions,902,934,383450,425771,468088,563318,629028,646357,633827,207069,229922,252773,304195,339680,349036,195774,176381,195849,215315,259123,289348,297321
1028,Bangladesh,50,Lessdevelopedregions,902,948,550454,606559,662680,659494,838861,867810,1525641,281441,311581,341726,347124,436540,452006,915505,269013,294978,320954,312370,402321,415804
1029,Bhutan,64,Lessdevelopedregions,902,21722,25521,29321,36749,44176,46627,48945,17839,20958,24079,30094,36108,39777,41735,3883,4563,5242,6655,8068,6850,7210
1030,Bhutan,64,Lessdevelopedregions,902,934,21348,25082,28815,36116,43416,45824,48107,17593,20669,23745,29680,35614,39295,41229,3755,4413,5070,6436,7802,6529
1031,Bhutan,64,Lessdevelopedregions,902,948,21300,25025,28751,36035,43318,45721,47996,17614,20694,23775,29718,35660,39104,41029,3686,4331,4976,6317,7658,6617
1032,India,356,Lessdevelopedregions,902,7326036,6889207,6353994,5732991,5258389,4916727,4603938,3833523,3581120,3278766,2826055,2565584,2352924,2163612,3492513,3308087,3075228,2906936,2692805,2563803,2440326
1033,India,356,Lessdevelopedregions,902,934,2318650,2065166,1726181,1548662,1413002,1333556,1252292,1226436,1079745,889888,779686,729368,677197,626293,1092214,985421,836293,768976,683634,656359
1034,India,356,Lessdevelopedregions,902,948,7307871,6791207,6261651,5636307,5158386,4806629,4495930,3822738,3530352,3231183,2775762,2514053,2296191,2107955,3485133,3260855,3030468,2860545,2644333,2510438
1035,IranIslamicRepublicof,364,Lessdevelopedregions,902,4282607,2928766,2458733,2529688,2704744,2716186,2785736,2364134,1607429,1354215,1387535,1483180,1482388,1513231,1918473,1321337,1104518,1142153,1221564,1233798,1272505
1036,IranIslamicRepublicof,364,Lessdevelopedregions,902,934,302300,268248,226450,153340,132186,94950,75135,154466,135661,121924,82299,71451,52810,41756,147834,132587,104526,71041,60735,42140
1037,IranIslamicRepublicof,364,Lessdevelopedregions,902,948,4282607,2928766,2458733,2529688,2704744,2716186,2785736,2364134,1607429,1354215,1387535,1483180,1482388,1513231,1918473,1321337,1104518,1142153,1221564,1233798
1038,Maldives,462,Lessdevelopedregions,902,7422,16744,24926,41731,50316,58907,64251,4081,8365,13724,25091,39047,53005,57796,3341,8379,11202,16640,11269,5902,6455
1039,Maldives,462,Lessdevelopedregions,902,934,5799,13170,19640,21568,21718,21873,23861,3189,6577,10810,12644,14546,16449,17925,2610,6593,8830,8924,7172,5424
1040,Maldives,462,Lessdevelopedregions,902,948,7422,16744,24926,41731,50316,58907,64251,4081,8365,13724,25091,39047,53005,57796,3341,8379,11202,16640,11269,5902
1041,Nepal,524,Lessdevelopedregions,902,411030,651911,680689,645878,559202,496702,475347,120316,200582,223753,219487,178864,149157,140078,290714,451329,456936,426391,380338,347545,335269
1042,Nepal,524,Lessdevelopedregions,902,934,393725,543670,568971,537038,483501,467729,447623,112208,145943,166950,164242,140147,134279,125947,281517,397727,402021,372796,343354,333450
1043,Nepal,524,Lessdevelopedregions,902,948,389124,626651,657869,625723,538225,476400,455919,110868,188082,210405,208489,172664,143211,134498,278256,438569,447464,417234,365561,333189
1044,Pakistan,586,Lessdevelopedregions,902,6203799,3665602,4178579,3171399,3940511,3425927,3201265,3261858,1949109,2248056,1708541,2073708,1802997,1771086,2941941,1716493,1930523,1462858,1866803,1622930,1430179
1045,Pakistan,586,Lessdevelopedregions,902,934,2825228,2370735,2105940,2002638,1947391,1713089,1600745,1536692,1286917,1139964,1083610,1055413,991053,964467,1288536,1083818,965976,919028,891978,722036
1046,Pakistan,586,Lessdevelopedregions,902,948,6203309,3665192,4178216,3171052,3940173,3425593,3200954,3261575,1948872,2247846,1708340,2073512,1802803,1770898,2941734,1716320,1930370,1462712,1866661,1622790
1047,SriLanka,144,Lessdevelopedregions,902,39694,37767,35823,32665,26829,27517,27875,22349,20655,19252,17852,14570,14751,15067,17345,17112,16571,14813,12259,12766,12808
1048,SriLanka,144,Lessdevelopedregions,902,934,39681,37593,35480,31978,25438,26113,26458,22340,20504,18982,17397,13641,13821,14119,17341,17089,16498,14581,11797,12292
1049,SriLanka,144,Lessdevelopedregions,902,948,39657,37455,35235,31512,24517,25070,25394,22319,20370,18718,16841,12535,12604,12886,17338,17085,16517,14671,11982,12466
1050,WesternAsia,922,Lessdevelopedregions,902,11842085,13376356,14967549,18097174,26812575,35926004,42045857,7278738,8267243,9335430,11647358,18084658,23902758,28010242,4563347,5109113,5632119,6449816,8727917,12023246,14035615
1051,WesternAsia,922,Lessdevelopedregions,902,934,9623464,10967142,12335338,14808529,21785328,29509280,34311176,5691625,6539086,7443153,9223003,14268810,19114268,22223480,3931839,4428056,4892185,5585526,7516518,10395012
1052,WesternAsia,922,Lessdevelopedregions,902,948,11839415,13365063,14947748,18081113,26788169,35903496,42018129,7277433,8265094,9332429,11642350,18077107,23895413,28001531,4561982,5099969,5615319,6438763,8711062,12008083
1053,Armenia,51,Lessdevelopedregions,902,484826,608068,593698,421842,169480,147699,147049,203056,253331,246539,173286,69836,61582,62070,281770,354737,347159,248556,99644,86117,84979
1054,Armenia,51,Lessdevelopedregions,902,934,484826,608068,593698,421842,169480,147699,147049,203056,253331,246539,173286,69836,61582,62070,281770,354737,347159,248556,99644,86117
1055,Armenia,51,Lessdevelopedregions,902,948,484826,608068,593698,421842,169480,147699,147049,203056,253331,246539,173286,69836,61582,62070,281770,354737,347159,248556,99644,86117
1056,Azerbaijan,31,Lessdevelopedregions,902,311939,301347,285122,261840,239721,228661,218258,144041,135525,127794,123401,117575,114663,109584,167898,165822,157328,138439,122146,113998,108674
1057,Azerbaijan,31,Lessdevelopedregions,902,934,311685,301124,284898,261627,239526,228475,218082,143866,135367,127637,123253,117437,114531,109458,167819,165757,157261,138374,122089,113944
1058,Azerbaijan,31,Lessdevelopedregions,902,948,311939,301347,285122,261840,239721,228661,218258,144041,135525,127794,123401,117575,114663,109584,167898,165822,157328,138439,122146,113998
1059,Bahrain,48,Lessdevelopedregions,902,168403,199127,230440,388877,633147,686414,889342,119891,140311,160377,279800,461281,507243,664764,48512,58816,70063,109077,171866,179171,224578
1060,Bahrain,48,Lessdevelopedregions,902,934,135540,160723,186377,317451,518591,562223,728438,93047,110026,126670,223058,368945,406214,532889,42493,50697,59707,94393,149646,156009
1061,Bahrain,48,Lessdevelopedregions,902,948,168403,199127,230440,388877,633147,686414,889342,119891,140311,160377,279800,461281,507243,664764,48512,58816,70063,109077,171866,179171
1062,Cyprus,196,Lessdevelopedregions,902,15933,22556,29126,46273,70893,68170,78227,7404,9980,12559,20819,31253,29762,36077,8529,12576,16567,25454,39640,38408,42150
1063,Cyprus,196,Lessdevelopedregions,902,934,15320,21682,28003,43462,68325,65829,74954,7023,9455,11888,18718,29705,28331,33734,8297,12227,16115,24744,38620,37498
1064,Cyprus,196,Lessdevelopedregions,902,948,15535,21993,28398,45179,69214,66629,76636,7200,9703,12208,20300,30442,29009,35293,8335,12290,16190,24879,38772,37620
1065,Georgia,268,Lessdevelopedregions,902,52196,27733,21986,20876,21076,22118,22859,23289,13261,10712,10176,10275,10787,11195,28907,14472,11274,10700,10801,11331,11664
1066,Georgia,268,Lessdevelopedregions,902,934,52196,27733,21926,20820,21020,22061,22803,23289,13261,10672,10138,10237,10748,11156,28907,14472,11254,10682,10783,11313
1067,Georgia,268,Lessdevelopedregions,902,948,51775,27396,21912,20806,21006,22045,22785,23103,13102,10676,10142,10241,10751,11158,28672,14294,11236,10664,10765,11294
1068,Iraq,368,Lessdevelopedregions,902,63488,175703,188010,108682,93727,333221,339374,44458,104992,114394,69489,61092,193998,186885,19030,70711,73616,39193,32635,139223,152489
1069,Iraq,368,Lessdevelopedregions,902,934,57703,168594,181273,100845,85719,325401,331487,39721,99674,109773,63433,54801,187584,180517,17982,68920,71500,37412,30918,137817
1070,Iraq,368,Lessdevelopedregions,902,948,63488,175703,188010,108682,93727,333221,339374,44458,104992,114394,69489,61092,193998,186885,19030,70711,73616,39193,32635,139223
1071,Israel,376,Lessdevelopedregions,902,658735,704223,710278,695803,689769,711379,690769,319931,336306,337799,329923,325308,333661,324020,338804,367917,372479,365880,364461,377718,366749
1072,Israel,376,Lessdevelopedregions,902,934,579194,613928,614284,593217,579347,597497,580184,280840,292595,291414,280360,272073,279046,270983,298354,321333,322870,312857,307274,318451
1073,Israel,376,Lessdevelopedregions,902,948,657708,703221,709357,695056,689187,710779,690188,319463,335857,337388,329590,325049,333396,323762,338245,367364,371969,365466,364138,377383
1074,Jordan,400,Lessdevelopedregions,902,1137667,1526025,1914407,2188198,2764531,3143107,3426726,582744,779706,976642,1112625,1403739,1582790,1741096,554923,746319,937765,1075573,1360792,1560317,1685630
1075,Jordan,400,Lessdevelopedregions,902,934,1131793,1515549,1899337,2174119,2732337,3105815,3377766,578505,772435,966321,1101654,1379328,1559461,1710566,553288,743114,933016,1072465,1353009,1546354
1076,Jordan,400,Lessdevelopedregions,902,948,1137474,1520283,1903120,2179724,2747038,3126956,3405793,582640,779046,975382,1109593,1398503,1578451,1735518,554834,741237,927738,1070131,1348535,1548505
1077,Kuwait,414,Lessdevelopedregions,902,1033851,883242,1075711,1256688,1753686,2731692,2964243,635519,571243,732391,875307,1243074,1819485,1974066,398332,311999,343320,381381,510612,912207,990177
1078,Kuwait,414,Lessdevelopedregions,902,934,830029,711019,868186,1003954,1392132,2230943,2420876,483373,442292,576058,679140,956998,1438861,1561082,346656,268727,292128,324814,435134,792082
1079,Kuwait,414,Lessdevelopedregions,902,948,1033851,883242,1075711,1256688,1753686,2731692,2964243,635519,571243,732391,875307,1243074,1819485,1974066,398332,311999,343320,381381,510612,912207
1080,Lebanon,422,Lessdevelopedregions,902,518505,602326,686154,737062,789507,1913138,1710021,265613,307985,350359,380449,411216,920169,838374,252892,294341,335795,356613,378291,992969,871647
1081,Lebanon,422,Lessdevelopedregions,902,934,515988,597809,679639,731341,784531,1907450,1704649,263780,304918,346058,376562,407706,917445,835738,252208,292891,333581,354779,376825,990005
1082,Lebanon,422,Lessdevelopedregions,902,948,518417,599730,681051,733144,786718,1910780,1707963,265566,307908,350252,380211,410851,919039,837368,252851,291822,330799,352933,375867,991741
1083,Oman,512,Lessdevelopedregions,902,294281,514453,590038,632595,777262,1767619,2259556,236220,401611,466410,506676,634421,1491673,1906901,58061,112842,123628,125919,142841,275946,352655
1084,Oman,512,Lessdevelopedregions,902,934,239330,423175,488087,531832,661423,1504182,1922805,184050,318370,374620,415812,529371,1249078,1596783,55280,104805,113467,116020,132052,255104
1085,Oman,512,Lessdevelopedregions,902,948,294281,514453,590038,632595,777262,1767619,2259556,236220,401611,466410,506676,634421,1491673,1906901,58061,112842,123628,125919,142841,275946
1086,Qatar,634,Lessdevelopedregions,902,301061,349630,346094,620256,1397566,1647365,2180210,220507,262179,265221,481161,1162463,1385450,1808053,80554,87451,80873,139095,235103,261915,372157
1087,Qatar,634,Lessdevelopedregions,902,934,237230,278894,278993,489053,1095822,1273528,1592636,172043,206755,211027,373680,901711,1064195,1303728,65187,72139,67966,115373,194111,209333
1088,Qatar,634,Lessdevelopedregions,902,948,301061,349630,346094,620256,1397566,1647365,2180210,220507,262179,265221,481161,1162463,1385450,1808053,80554,87451,80873,139095,235103,261915
1089,SaudiArabia,682,Lessdevelopedregions,902,4830679,4950773,5086745,6283624,8147064,10408329,13001347,3213277,3301820,3401709,4319801,5734295,7209420,8923107,1617402,1648953,1685036,1963823,2412769,3198909,4078240
1090,SaudiArabia,682,Lessdevelopedregions,902,934,3392036,3466169,3561366,4399330,5703970,7249780,9055918,2204737,2259489,2328424,2966366,3942557,4925694,6092970,1187299,1206680,1232942,1432964,1761413,2324086
1091,SaudiArabia,682,Lessdevelopedregions,902,948,4830679,4950773,5086745,6283624,8147064,10408329,13001347,3213277,3301820,3401709,4319801,5734295,7209420,8923107,1617402,1648953,1685036,1963823,2412769,3198909
1092,StateofPalestine,275,Lessdevelopedregions,902,257349,251489,245629,245013,238401,240012,242078,117309,113951,110595,110637,105496,106961,109297,140040,137538,135034,134376,132905,133051,132781
1093,StateofPalestine,275,Lessdevelopedregions,902,934,255863,250037,244210,243598,236990,238605,240665,116545,113208,109872,109914,104773,106238,108566,139318,136829,134338,133684,132217,132367
1094,StateofPalestine,275,Lessdevelopedregions,902,948,257349,251489,245629,245013,238401,240012,242078,117309,113951,110595,110637,105496,106961,109297,140040,137538,135034,134376,132905,133051
1095,SyrianArabRepublic,760,Lessdevelopedregions,902,248732,292985,387734,783075,1612670,771370,801791,127246,147603,197733,400078,821657,392527,397303,121486,145382,190001,382997,791013,378843,404488
1096,SyrianArabRepublic,760,Lessdevelopedregions,902,934,248532,292500,387028,780766,1606427,768640,799360,127144,147357,197376,398898,818473,391096,396058,121388,145143,189652,381868,787954,377544
1097,SyrianArabRepublic,760,Lessdevelopedregions,902,948,248732,292985,387734,783075,1612670,771370,801791,127246,147603,197733,400078,821657,392527,397303,121486,145382,190001,382997,791013,378843
1098,Turkey,792,Lessdevelopedregions,902,104047,100592,107201,111015,122376,3068773,4336696,56489,54325,57623,58603,63912,1854693,2494695,47558,46267,49578,52412,58464,1214080,1842001
1099,Turkey,792,Lessdevelopedregions,902,934,96006,90342,97174,100548,108839,2969455,4214245,52310,48593,51673,52491,56119,1799828,2431159,43696,41749,45501,48057,52720,1169627
1100,Turkey,792,Lessdevelopedregions,902,948,103504,99539,105513,109257,120583,3066988,4334205,56193,53798,56787,57751,63066,1853871,2493647,47311,45741,48726,51506,57517,1213117
1101,UnitedArabEmirates,784,Lessdevelopedregions,902,1270142,1761739,2355039,3156825,7038766,7691411,8385215,910608,1272829,1702592,2313817,5290035,5705185,6218233,359534,488910,652447,843008,1748731,1986226,2166982
1102,UnitedArabEmirates,784,Lessdevelopedregions,902,934,1021165,1420099,1901050,2572215,5753135,6286578,6853674,707719,1000748,1346486,1844249,4234185,4561337,4971418,313446,419351,554564,727966,1518950,1725241
1103,UnitedArabEmirates,784,Lessdevelopedregions,902,948,1270142,1761739,2355039,3156825,7038766,7691411,8385215,910608,1272829,1702592,2313817,5290035,5705185,6218233,359534,488910,652447,843008,1748731,1986226
1104,Yemen,887,Lessdevelopedregions,902,90251,104345,114137,138630,252933,345526,352096,51136,60285,63981,81310,137730,182709,204522,39115,44060,50156,57320,115203,162817,147574
1105,Yemen,887,Lessdevelopedregions,902,934,19028,19697,19809,22509,27714,25119,25585,10577,11212,10645,11991,14555,12999,14605,8451,8485,9164,10518,13159,12120
1106,Yemen,887,Lessdevelopedregions,902,948,90251,104345,114137,138630,252933,345526,352096,51136,60285,63981,81310,137730,182709,204522,39115,44060,50156,57320,115203,162817
1107,EasternEurope,923,Lessdevelopedregions,902,7670534,7819842,7739278,7837224,7825789,8022841,8102649,3737244,3932214,4012441,4044265,4021210,4115012,4158168,3933290,3887628,3726837,3792959,3804579,3907829,3944481
1108,EasternEurope,923,Lessdevelopedregions,902,934,7637228,7790402,7714376,7810299,7801518,7986426,8070611,3719469,3913325,3992814,4023846,4003242,4088304,4134156,3917759,3877077,3721562,3786453,3798276,3898122
1109,EasternEurope,923,Lessdevelopedregions,902,948,7591979,7739584,7659426,7755644,7742905,7934335,8004617,3697632,3888706,3966149,3997703,3974519,4066022,4104203,3894347,3850878,3693277,3757941,3768386,3868313
1110,Belarus,112,Lessdevelopedregions,902,150616,143196,135807,133851,131931,130891,128936,75538,72151,68770,67758,66770,66278,65304,75078,71045,67037,66093,65161,64613,63632
1111,Belarus,112,Lessdevelopedregions,902,934,150451,142938,135457,133514,131608,130551,128605,75409,71962,68520,67517,66539,66035,65064,75042,70976,66937,65997,65069,64516
1112,Belarus,112,Lessdevelopedregions,902,948,150616,143196,135807,133851,131931,130891,128936,75538,72151,68770,67758,66770,66278,65304,75078,71045,67037,66093,65161,64613
1113,Bulgaria,100,Lessdevelopedregions,902,5147,7794,10383,16919,21494,46402,55633,3316,4798,6261,10544,13551,29055,32864,1831,2996,4122,6375,7943,17347,22769
1114,Bulgaria,100,Lessdevelopedregions,902,934,4768,7227,9644,13848,18084,42074,54135,3045,4419,5780,8338,11050,25988,31928,1723,2808,3864,5510,7034,16086
1115,Bulgaria,100,Lessdevelopedregions,902,948,4785,7351,9859,16262,20714,45319,54083,3105,4551,5978,10196,13140,28530,32122,1680,2800,3881,6066,7574,16789
1116,Czechia,203,Lessdevelopedregions,902,6552,9823,13105,53314,88304,89234,117532,4301,6537,8779,32178,53307,51932,68236,2251,3286,4326,21136,34997,37302,49296
1117,Czechia,203,Lessdevelopedregions,902,934,6296,9436,12592,52172,86648,87135,113567,4100,6239,8382,31337,52095,50448,65171,2196,3197,4210,20835,34553,36687
1118,Czechia,203,Lessdevelopedregions,902,948,6243,9360,12488,50594,83746,84427,110912,4117,6256,8401,30669,50764,49401,64720,2126,3104,4087,19925,32982,35026
1119,Hungary,348,Lessdevelopedregions,902,14988,21452,27864,36542,42189,76952,71554,8457,12072,15685,20970,24378,48354,41124,6531,9380,12179,15572,17811,28598,30430
1120,Hungary,348,Lessdevelopedregions,902,934,14009,20090,26132,32675,38609,65619,67009,7797,11149,14498,18428,21965,40365,37923,6212,8941,11634,14247,16644,25254
1121,Hungary,348,Lessdevelopedregions,902,948,14047,17210,20321,27283,31131,63085,53906,8038,9878,11716,16029,18408,41394,32213,6009,7332,8605,11254,12723,21691
1122,Poland,616,Lessdevelopedregions,902,20765,17724,15182,19458,24733,23190,31011,12626,10701,9053,11712,14796,14168,20120,8139,7023,6129,7746,9937,9022,10891
1123,Poland,616,Lessdevelopedregions,902,934,19824,16927,14495,18590,23645,22166,29659,11835,10026,8477,11026,13983,13383,19061,7989,6901,6018,7564,9662,8783
1124,Poland,616,Lessdevelopedregions,902,948,19843,16936,14508,18526,23512,22028,29461,12183,10328,8740,11291,14256,13642,19333,7660,6608,5768,7235,9256,8386
1125,RepublicofMoldova,498,Lessdevelopedregions,902,32416,21878,14767,10199,8288,7569,7427,16317,10729,7044,4764,3961,3698,3637,16099,11149,7723,5435,4327,3871,3790
1126,RepublicofMoldova,498,Lessdevelopedregions,902,934,32416,21878,14767,10199,8288,7569,7427,16317,10729,7044,4764,3961,3698,3637,16099,11149,7723,5435,4327,3871
1127,RepublicofMoldova,498,Lessdevelopedregions,902,948,32416,21878,14767,10199,8288,7569,7427,16317,10729,7044,4764,3961,3698,3637,16099,11149,7723,5435,4327,3871
1128,Romania,642,Lessdevelopedregions,902,5665,11060,16791,17172,16616,21090,52340,3898,7550,11406,11746,11875,14950,34507,1767,3510,5385,5426,4741,6140,17833
1129,Romania,642,Lessdevelopedregions,902,934,5661,11054,16783,17163,16601,20694,48953,3895,7545,11399,11737,11863,14655,31934,1766,3509,5384,5426,4738,6039
1130,Romania,642,Lessdevelopedregions,902,948,5060,9729,14691,15071,13921,17368,45796,3552,6784,10197,10518,10284,12780,30925,1508,2945,4494,4553,3637,4588
1131,RussianFederation,643,Lessdevelopedregions,902,6620315,6748550,6631936,6749736,6728480,6856844,6852952,3248668,3405799,3440685,3476260,3442274,3491184,3489296,3371647,3342751,3191251,3273476,3286206,3365660,3363656
1132,RussianFederation,643,Lessdevelopedregions,902,934,6592341,6725156,6613942,6734968,6717214,6845360,6841531,3234940,3391428,3426187,3464621,3433733,3482494,3480609,3357401,3333728,3187755,3270347,3283481,3362866
1133,RussianFederation,643,Lessdevelopedregions,902,948,6552872,6683545,6571725,6691443,6673303,6800613,6796756,3215573,3371118,3405665,3442900,3411245,3459685,3457815,3337299,3312427,3166060,3248543,3262058,3340928
1134,Slovakia,703,Lessdevelopedregions,902,687,2746,5364,6849,6446,8638,10511,473,1791,3348,4462,4042,5623,6783,214,955,2016,2387,2404,3015,3728
1135,Slovakia,703,Lessdevelopedregions,902,934,631,2545,4901,6193,6118,8039,9863,426,1639,2991,3920,3819,5204,6331,205,906,1910,2273,2299,2835
1136,Slovakia,703,Lessdevelopedregions,902,948,638,2426,4683,6085,5590,7564,9255,447,1637,3023,4091,3621,5047,6110,191,789,1660,1994,1969,2517
1137,Ukraine,804,Lessdevelopedregions,902,813383,835619,868079,793184,757308,762031,774753,363650,400086,441410,403871,386256,389770,396297,449733,435533,426669,389313,371052,372261,378456
1138,Ukraine,804,Lessdevelopedregions,902,934,810831,833151,865663,790977,754703,757219,769862,361705,398189,439536,402158,384234,386034,392498,449126,434962,426127,388819,370469,371185
1139,Ukraine,804,Lessdevelopedregions,902,948,805459,827953,860577,786330,750769,755471,768085,358762,395274,436615,399487,382070,385567,392024,446697,432679,423962,386843,368699,369904
1140,ChannelIslands,830,Lessdevelopedregions,902,0,0,0,0,0,0,0,0,0,0,0,0,0,0,0,0,0,0,0,0,0
1141,ChannelIslands,830,Lessdevelopedregions,902,934,0,0,0,0,0,0,0,0,0,0,0,0,0,0,0,0,0,0,0,0
1142,ChannelIslands,830,Lessdevelopedregions,902,948,0,0,0,0,0,0,0,0,0,0,0,0,0,0,0,0,0,0,0,0
1143,Denmark,208,Lessdevelopedregions,902,90191,130493,170724,204206,224851,266846,324468,48690,67480,86279,100344,108364,129640,157469,41501,63013,84445,103862,116487,137206,166999
1144,Denmark,208,Lessdevelopedregions,902,934,86319,117981,149594,176560,192233,222625,272221,46483,60852,75236,85823,91155,106026,129635,39836,57129,74358,90737,101078,116599
1145,Denmark,208,Lessdevelopedregions,902,948,88393,127557,166653,196511,214523,254858,309892,47805,66163,84532,97293,104441,125200,151981,40588,61394,82121,99218,110082,129658
1146,Estonia,233,Lessdevelopedregions,902,18433,14228,10020,10492,11653,12234,15942,9779,7313,4850,5095,5817,6319,8808,8654,6915,5170,5397,5836,5915,7134
1147,Estonia,233,Lessdevelopedregions,902,934,18433,14228,10020,10492,11571,12061,15340,9779,7313,4850,5095,5755,6175,8335,8654,6915,5170,5397,5816,5886
1148,Estonia,233,Lessdevelopedregions,902,948,18374,14136,9896,10329,11451,11886,15447,9751,7269,4791,5014,5715,6142,8563,8623,6867,5105,5315,5736,5744
1149,FaroeIslands,234,Lessdevelopedregions,902,139,155,170,276,389,554,737,67,69,73,110,148,184,242,72,86,97,166,241,370,495
1150,FaroeIslands,234,Lessdevelopedregions,902,934,139,155,169,271,362,518,698,67,69,72,106,130,160,216,72,86,97,165,232,358
1151,FaroeIslands,234,Lessdevelopedregions,902,948,138,155,169,269,371,524,702,66,69,72,109,144,176,230,72,86,97,160,227,348
1152,Finland,246,Lessdevelopedregions,902,9042,17897,26686,54781,73622,118617,155415,5635,10686,15729,30528,40173,64259,84131,3407,7211,10957,24253,33449,54358,71284
1153,Finland,246,Lessdevelopedregions,902,934,8325,14568,20763,41666,55631,91112,117268,5164,8691,12216,22898,29861,48719,62007,3161,5877,8547,18768,25770,42393
1154,Finland,246,Lessdevelopedregions,902,948,8614,16791,24903,50240,67031,109548,143801,5382,10126,14863,28570,37414,60559,79238,3232,6665,10040,21670,29617,48989
1155,Iceland,352,Lessdevelopedregions,902,1182,2145,3047,4636,6096,7192,10739,482,844,1191,1807,2385,2826,4552,700,1301,1856,2829,3711,4366,6187
1156,Iceland,352,Lessdevelopedregions,902,934,1116,2038,2915,4389,5750,6763,10038,449,787,1118,1679,2202,2608,4162,667,1251,1797,2710,3548,4155
1157,Iceland,352,Lessdevelopedregions,902,948,1124,2027,2870,4301,5613,6610,9992,456,789,1108,1679,2214,2643,4283,668,1238,1762,2622,3399,3967
1158,Ireland,372,Lessdevelopedregions,902,8080,29924,68220,107701,129450,132622,154159,4081,14515,34159,56749,63537,64293,75521,3999,15409,34061,50952,65913,68329,78638
1159,Ireland,372,Lessdevelopedregions,902,934,7163,27253,62323,100649,122401,125423,145986,3591,13137,31028,52498,59217,59917,70524,3572,14116,31295,48151,63184,65506
1160,Ireland,372,Lessdevelopedregions,902,948,7431,26400,59883,95387,115187,118052,137455,3762,12838,30054,50378,56702,57405,67567,3669,13562,29829,45009,58485,60647
1161,IsleofMan,833,Lessdevelopedregions,902,303,345,387,485,577,807,821,145,164,184,220,252,398,405,158,181,203,265,325,409,416
1162,IsleofMan,833,Lessdevelopedregions,902,934,303,345,387,485,577,807,821,145,164,184,220,252,398,405,158,181,203,265,325,409
1163,IsleofMan,833,Lessdevelopedregions,902,948,303,345,387,485,577,807,821,145,164,184,220,252,398,405,158,181,203,265,325,409
1164,Latvia,428,Lessdevelopedregions,902,5813,13874,21973,20266,18109,15301,17669,3426,7310,11210,10372,9148,7753,9868,2387,6564,10763,9894,8961,7548,7801
1165,Latvia,428,Lessdevelopedregions,902,934,5774,13832,21920,20214,18046,15230,17540,3405,7281,11165,10323,9089,7694,9774,2369,6551,10755,9891,8957,7536
1166,Latvia,428,Lessdevelopedregions,902,948,5789,13699,21647,19985,17879,15033,17300,3416,7217,11035,10223,9030,7601,9660,2373,6482,10612,9762,8849,7432
1167,Lithuania,440,Lessdevelopedregions,902,28975,16963,13277,12950,10884,9570,10376,15347,9280,7258,7014,5509,4811,5417,13628,7683,6019,5936,5375,4759,4959
1168,Lithuania,440,Lessdevelopedregions,902,934,28935,16918,13242,12919,10860,9490,10213,15321,9251,7235,6990,5487,4754,5302,13614,7667,6007,5929,5373,4736
1169,Lithuania,440,Lessdevelopedregions,902,948,28818,16788,13140,12845,10824,9517,10185,15255,9177,7177,6968,5507,4811,5369,13563,7611,5963,5877,5317,4706
1170,Norway,578,Lessdevelopedregions,902,75424,96931,122885,173136,235907,320419,388284,42952,52031,63036,85812,113597,154852,187699,32472,44900,59849,87324,122310,165567,200585
1171,Norway,578,Lessdevelopedregions,902,934,69293,87619,108137,142514,184077,235635,283250,38822,46406,54754,68932,85647,108419,129779,30471,41213,53383,73582,98430,127216
1172,Norway,578,Lessdevelopedregions,902,948,72817,93177,118356,166227,226084,308222,374705,41449,50140,61139,83424,110275,150511,182891,31368,43037,57217,82803,115809,157711
1173,Sweden,752,Lessdevelopedregions,902,286310,339775,363799,447963,599436,843957,1125412,147319,173566,184742,223804,300586,429986,583653,138991,166209,179057,224159,298850,413971,541759
1174,Sweden,752,Lessdevelopedregions,902,934,249512,296102,316940,387677,505268,655790,885049,127471,150166,159791,192311,251533,328847,451503,122041,145936,157149,195366,253735,326943
1175,Sweden,752,Lessdevelopedregions,902,948,278950,331040,355088,434246,577730,815943,1090645,144277,169994,181185,218877,292292,418902,569541,134673,161046,173903,215369,285438,397041
1176,UnitedKingdom,826,Lessdevelopedregions,902,1892935,2325480,2797287,3454619,4083143,4668962,5031984,950973,1153635,1372668,1699640,2043140,2284816,2437087,941962,1171845,1424619,1754979,2040003,2384146,2594897
1177,UnitedKingdom,826,Lessdevelopedregions,902,934,1648136,1992454,2370389,2900420,3427549,3918514,4187726,821137,981547,1155852,1420428,1718178,1918882,2032492,826999,1010907,1214537,1479992,1709371,1999632
1178,UnitedKingdom,826,Lessdevelopedregions,902,948,1797180,2169519,2578496,3220605,3836072,4359571,4699633,902466,1075938,1264676,1584068,1918560,2143334,2281111,894714,1093581,1313820,1636537,1917512,2216237
1179,Albania,8,Lessdevelopedregions,902,2489,2690,2892,2441,1990,1961,1838,1633,1771,1909,1674,1365,1345,1262,856,919,983,767,625,616,576
1180,Albania,8,Lessdevelopedregions,902,934,2489,2690,2892,2441,1990,1961,1838,1633,1771,1909,1674,1365,1345,1262,856,919,983,767,625,616
1181,Albania,8,Lessdevelopedregions,902,948,2489,2690,2892,2441,1990,1961,1838,1633,1771,1909,1674,1365,1345,1262,856,919,983,767,625,616
1182,Andorra,20,Lessdevelopedregions,902,674,864,1054,1688,2170,1893,2033,361,455,553,891,1145,1002,1089,313,409,501,797,1025,891,944
1183,Andorra,20,Lessdevelopedregions,902,934,674,864,1054,1688,2170,1893,2033,361,455,553,891,1145,1002,1089,313,409,501,797,1025,891
1184,Andorra,20,Lessdevelopedregions,902,948,674,864,1054,1688,2170,1893,2033,361,455,553,891,1145,1002,1089,313,409,501,797,1025,891
1185,BosniaandHerzegovina,70,Lessdevelopedregions,902,0,0,0,0,0,0,0,0,0,0,0,0,0,0,0,0,0,0,0,0,0
1186,BosniaandHerzegovina,70,Lessdevelopedregions,902,934,0,0,0,0,0,0,0,0,0,0,0,0,0,0,0,0,0,0,0,0
1187,BosniaandHerzegovina,70,Lessdevelopedregions,902,948,0,0,0,0,0,0,0,0,0,0,0,0,0,0,0,0,0,0,0,0
1188,Croatia,191,Lessdevelopedregions,902,440,466,441,1692,2924,2938,2708,148,159,153,830,1503,1508,1394,292,307,288,862,1421,1430,1314
1189,Croatia,191,Lessdevelopedregions,902,934,440,466,441,1636,2812,2826,2606,148,159,153,793,1427,1432,1324,292,307,288,843,1385,1394
1190,Croatia,191,Lessdevelopedregions,902,948,440,466,441,1470,2481,2492,2291,148,159,153,721,1285,1289,1189,292,307,288,749,1196,1203
1191,Gibraltar,292,Lessdevelopedregions,902,2021,1564,1107,1020,933,996,1006,1538,1135,732,656,581,625,633,483,429,375,364,352,371,373
1192,Gibraltar,292,Lessdevelopedregions,902,934,2021,1564,1107,1020,933,996,1006,1538,1135,732,656,581,625,633,483,429,375,364,352,371
1193,Gibraltar,292,Lessdevelopedregions,902,948,2021,1564,1107,1020,933,996,1006,1538,1135,732,656,581,625,633,483,429,375,364,352,371
1194,Greece,300,Lessdevelopedregions,902,269480,291007,317329,334000,368649,345260,422580,150755,154234,157769,174074,201268,175688,205272,118725,136773,159560,159926,167381,169572,217308
1195,Greece,300,Lessdevelopedregions,902,934,253791,277079,304929,314892,341928,320767,356279,141477,145518,149562,160095,180813,159096,171644,112314,131561,155367,154797,161115,161671
1196,Greece,300,Lessdevelopedregions,902,948,269121,290526,316718,331959,365053,341872,419118,150505,153937,157422,172983,199370,173963,203398,118616,136589,159296,158976,165683,167909
1197,HolySee,336,Lessdevelopedregions,902,0,0,0,0,0,0,0,0,0,0,0,0,0,0,0,0,0,0,0,0,0
1198,HolySee,336,Lessdevelopedregions,902,934,0,0,0,0,0,0,0,0,0,0,0,0,0,0,0,0,0,0,0,0
1199,HolySee,336,Lessdevelopedregions,902,948,0,0,0,0,0,0,0,0,0,0,0,0,0,0,0,0,0,0,0,0
1200,Italy,380,Lessdevelopedregions,902,724734,937325,1149855,1848914,2504953,2568832,3005073,406438,490160,573890,959079,1318382,1348974,1626995,318296,447165,575965,889835,1186571,1219858,1378078
1201,Italy,380,Lessdevelopedregions,902,934,642672,838941,1035167,1639434,2214802,2227656,2559301,350535,425344,500156,817920,1121972,1109263,1298548,292137,413597,535011,821514,1092830,1118393
1202,Italy,380,Lessdevelopedregions,902,948,692562,883806,1074990,1711281,2310276,2369215,2771735,391589,464750,537919,890374,1219713,1249426,1511867,300973,419056,537071,820907,1090563,1119789
1203,Malta,470,Lessdevelopedregions,902,2078,2456,3091,3690,10019,12434,27009,1117,1328,1755,2125,5279,6623,15414,961,1128,1336,1565,4740,5811,11595
1204,Malta,470,Lessdevelopedregions,902,934,2012,2375,2993,3564,4238,8900,19315,1074,1277,1690,2047,2335,4780,11102,938,1098,1303,1517,1903,4120
1205,Malta,470,Lessdevelopedregions,902,948,1930,2283,2871,3431,9727,11939,25933,1054,1253,1658,2008,5155,6394,14869,876,1030,1213,1423,4572,5545
1206,Montenegro,499,Lessdevelopedregions,902,0,0,0,0,79,87,86,0,0,0,0,4,4,5,0,0,0,0,75,83,81
1207,Montenegro,499,Lessdevelopedregions,902,934,0,0,0,0,79,87,86,0,0,0,0,4,4,5,0,0,0,0,75,83
1208,Montenegro,499,Lessdevelopedregions,902,948,0,0,0,0,79,87,86,0,0,0,0,4,4,5,0,0,0,0,75,83
1209,NorthMacedonia,807,Lessdevelopedregions,902,13386,15090,20434,21015,21583,21886,21982,5581,6325,8518,8763,10007,9517,9561,7805,8765,11916,12252,11576,12369,12421
1210,NorthMacedonia,807,Lessdevelopedregions,902,934,13386,15090,20434,21015,21583,21886,21982,5581,6325,8518,8763,10007,9517,9561,7805,8765,11916,12252,11576,12369
1211,NorthMacedonia,807,Lessdevelopedregions,902,948,13386,15090,20434,21015,21583,21886,21982,5581,6325,8518,8763,10007,9517,9561,7805,8765,11916,12252,11576,12369
1212,Portugal,620,Lessdevelopedregions,902,312044,367875,438717,505999,489328,554710,646129,149374,177658,213869,243544,233369,249625,303494,162670,190217,224848,262455,255959,305085,342635
1213,Portugal,620,Lessdevelopedregions,902,934,82018,113912,150493,211290,237053,268720,311770,39936,56090,74736,100947,110645,118056,142922,42082,57822,75757,110343,126408,150664
1214,Portugal,620,Lessdevelopedregions,902,948,310502,364550,433470,497086,478225,542122,631695,148636,176070,211359,239078,227678,243485,296227,161866,188480,222111,258008,250547,298637
1215,SanMarino,674,Lessdevelopedregions,902,86,94,104,97,93,114,120,37,41,44,42,39,45,45,49,53,60,55,54,69,75
1216,SanMarino,674,Lessdevelopedregions,902,934,86,94,104,97,93,114,120,37,41,44,42,39,45,45,49,53,60,55,54,69
1217,SanMarino,674,Lessdevelopedregions,902,948,86,94,104,97,93,114,120,37,41,44,42,39,45,45,49,53,60,55,54,69
1218,Serbia,688,Lessdevelopedregions,902,574,3795,5232,5255,5155,5023,5057,330,2090,2819,2808,2743,2680,2726,244,1705,2413,2447,2412,2343,2331
1219,Serbia,688,Lessdevelopedregions,902,934,568,3751,5172,5195,5096,4966,5001,327,2069,2791,2780,2716,2654,2700,241,1682,2381,2415,2380,2312
1220,Serbia,688,Lessdevelopedregions,902,948,358,2420,3362,3410,3351,3260,3261,207,1323,1793,1805,1763,1724,1750,151,1097,1569,1605,1588,1536
1221,Slovenia,705,Lessdevelopedregions,902,315,581,1065,1599,3143,4048,5844,172,332,635,877,1607,2100,3062,143,249,430,722,1536,1948,2782
1222,Slovenia,705,Lessdevelopedregions,902,934,302,554,993,1533,3013,3738,5470,165,316,587,835,1518,1896,2795,137,238,406,698,1495,1842
1223,Slovenia,705,Lessdevelopedregions,902,948,254,449,864,1276,2411,3185,4731,141,256,513,700,1187,1631,2468,113,193,351,576,1224,1554
1224,Spain,724,Lessdevelopedregions,902,407834,516077,857084,2605041,3856713,3557526,4374726,196771,257294,442968,1375516,1993319,1727803,2069890,211063,258783,414116,1229525,1863394,1829723,2304836
1225,Spain,724,Lessdevelopedregions,902,934,394118,497032,817789,2515930,3696751,3418150,4205821,187275,243900,415889,1305229,1864166,1624016,1948237,206843,253132,401900,1210701,1832585,1794134
1226,Spain,724,Lessdevelopedregions,902,948,399402,511728,854946,2523719,3701795,3401813,4195622,192301,255003,441816,1332978,1916342,1655883,1989274,207101,256725,413130,1190741,1785453,1745930
1227,Austria,40,Lessdevelopedregions,902,192383,217014,241667,278472,321942,410789,480848,100812,115388,129962,147430,168462,224230,259504,91571,101626,111705,131042,153480,186559,221344
1228,Austria,40,Lessdevelopedregions,902,934,180742,203870,227041,262269,300783,351534,410625,93417,106967,120513,137086,155050,184996,213441,87325,96903,106528,125183,145733,166538
1229,Austria,40,Lessdevelopedregions,902,948,182517,205896,229297,264700,306595,395906,463072,96363,110306,124245,141234,161724,217992,252002,86154,95590,105052,123466,144871,177914
1230,Belgium,56,Lessdevelopedregions,902,700950,644282,566908,540569,632571,779101,918301,365104,334108,287618,269671,316591,392546,463023,335846,310174,279290,270898,315980,386555,455278
1231,Belgium,56,Lessdevelopedregions,902,934,626005,570271,496686,435487,491475,593426,696141,324300,293857,251023,216529,247083,298523,348763,301705,276414,245663,218958,244392,294903
1232,Belgium,56,Lessdevelopedregions,902,948,696099,638393,560151,528322,616980,760053,896883,362357,331137,284497,263850,310176,384512,454183,333742,307256,275654,264472,306804,375541
1233,France,250,Lessdevelopedregions,902,3169493,3272077,3374583,4380150,4707972,5231643,5811713,1714295,1744525,1774738,2210700,2395229,2589895,2883750,1455198,1527552,1599845,2169450,2312743,2641748,2927963
1234,France,250,Lessdevelopedregions,902,934,2701437,2788878,2876264,3711629,3945920,4374470,4815418,1463562,1489458,1515343,1874792,2020312,2181131,2406831,1237875,1299420,1360921,1836837,1925608,2193339
1235,France,250,Lessdevelopedregions,902,948,3125474,3226635,3327719,4307717,4604134,5116560,5685217,1693568,1723534,1753481,2178538,2352986,2544953,2834176,1431906,1503101,1574238,2129179,2251148,2571607
1236,Germany,276,Lessdevelopedregions,902,2231517,2816414,3229640,3380556,3723691,3995768,6304312,1279610,1517080,1696901,1752052,1911260,2053779,3276851,951907,1299334,1532739,1628504,1812431,1941989,3027461
1237,Germany,276,Lessdevelopedregions,902,934,2139070,2689814,3068899,3209477,3544545,3784201,5801742,1215934,1436883,1600181,1652235,1809279,1934547,2967080,923136,1252931,1468718,1557242,1735266,1849654
1238,Germany,276,Lessdevelopedregions,902,948,2211683,2781902,3180450,3312934,3641247,3911152,6161421,1265313,1496340,1669717,1718673,1872769,2014538,3211532,946370,1285562,1510733,1594261,1768478,1896614
1239,Liechtenstein,438,Lessdevelopedregions,902,884,1089,1283,1206,1392,1607,1717,463,552,628,560,618,700,699,421,537,655,646,774,907,1018
1240,Liechtenstein,438,Lessdevelopedregions,902,934,884,1089,1282,1189,1317,1497,1594,463,552,627,553,575,635,638,421,537,655,636,742,862
1241,Liechtenstein,438,Lessdevelopedregions,902,948,856,1049,1231,1148,1326,1526,1604,449,531,601,531,587,666,652,407,518,630,617,739,860
1242,Luxembourg,442,Lessdevelopedregions,902,4791,4776,4844,4206,3652,5551,51109,2171,2120,2086,1966,1868,2882,25164,2620,2656,2758,2240,1784,2669,25945
1243,Luxembourg,442,Lessdevelopedregions,902,934,4585,4583,4658,4046,3511,5339,42130,2064,2018,1990,1876,1784,2754,20085,2521,2565,2668,2170,1727,2585
1244,Luxembourg,442,Lessdevelopedregions,902,948,3774,3810,3917,3402,2961,4497,46814,1674,1650,1636,1551,1483,2287,23233,2100,2160,2281,1851,1478,2210
1245,Monaco,492,Lessdevelopedregions,902,0,0,0,0,0,0,0,0,0,0,0,0,0,0,0,0,0,0,0,0,0
1246,Monaco,492,Lessdevelopedregions,902,934,0,0,0,0,0,0,0,0,0,0,0,0,0,0,0,0,0,0,0,0
1247,Monaco,492,Lessdevelopedregions,902,948,0,0,0,0,0,0,0,0,0,0,0,0,0,0,0,0,0,0,0,0
1248,Netherlands,528,Lessdevelopedregions,902,766808,879976,1023260,1139738,1158013,1218036,1405413,395183,450825,520766,570515,569940,593341,686690,371625,429151,502494,569223,588073,624695,718723
1249,Netherlands,528,Lessdevelopedregions,902,934,738425,829743,949474,1035825,1057385,1091571,1259896,377861,420959,477445,509415,513326,523854,607985,360564,408784,472029,526410,544059,567717
1250,Netherlands,528,Lessdevelopedregions,902,948,746029,853835,990865,1096066,1105396,1156135,1332610,384801,438030,505159,551187,546723,566330,654900,361228,415805,485706,544879,558673,589805
1251,Switzerland,756,Lessdevelopedregions,902,250393,297959,346751,400214,460159,553305,641753,123689,150241,177755,193518,211279,256078,301321,126704,147718,168996,206696,248880,297227,340432
1252,Switzerland,756,Lessdevelopedregions,902,934,226189,265338,305546,352313,403244,457683,526140,110560,131789,153879,166833,180789,205367,236335,115629,133549,151667,185480,222455,252316
1253,Switzerland,756,Lessdevelopedregions,902,948,242311,288167,335213,386747,444933,532749,616665,120174,145916,172588,187843,205396,247709,291017,122137,142251,162625,198904,239537,285040
1254,Anguilla,660,Lessdevelopedregions,902,1462,1883,2304,2653,2888,3093,3220,884,1123,1362,1573,1718,1843,1921,578,760,942,1080,1170,1250,1299
1255,Anguilla,660,Lessdevelopedregions,902,934,1462,1883,2304,2653,2888,3093,3220,884,1123,1362,1573,1718,1843,1921,578,760,942,1080,1170,1250
1256,Anguilla,660,Lessdevelopedregions,902,948,1462,1883,2304,2653,2888,3093,3220,884,1123,1362,1573,1718,1843,1921,578,760,942,1080,1170,1250
1257,AntiguaandBarbuda,28,Lessdevelopedregions,902,8886,14049,19188,20590,21967,23357,24417,4266,6333,8393,8994,9589,10189,10669,4620,7716,10795,11596,12378,13168,13748
1258,AntiguaandBarbuda,28,Lessdevelopedregions,902,934,8874,13992,19087,20481,21851,23234,24292,4261,6307,8346,8943,9535,10132,10609,4613,7685,10741,11538,12316,13102
1259,AntiguaandBarbuda,28,Lessdevelopedregions,902,948,8829,13965,19078,20472,21841,23223,24278,4239,6293,8340,8937,9528,10124,10600,4590,7672,10738,11535,12313,13099
1260,Aruba,533,Lessdevelopedregions,902,8401,15381,22354,25276,27713,29135,45777,3409,6519,9636,10747,11960,12546,20402,4992,8862,12718,14529,15753,16589,25375
1261,Aruba,533,Lessdevelopedregions,902,934,8081,14721,21354,23988,26161,27503,43953,3371,6341,9317,10301,11394,11951,19761,4710,8380,12037,13687,14767,15552
1262,Aruba,533,Lessdevelopedregions,902,948,8154,14946,21732,24421,26641,28008,44517,3255,6277,9306,10303,11409,11967,19767,4899,8669,12426,14118,15232,16041
1263,Bahamas,44,Lessdevelopedregions,902,17669,22595,27546,33770,39969,43305,46400,9440,12106,14814,17566,20317,21857,23420,8229,10489,12732,16204,19652,21448,22980
1264,Bahamas,44,Lessdevelopedregions,902,934,6775,6836,6918,10717,14493,15702,16760,2626,2736,2884,4340,5797,6211,6655,4149,4100,4034,6377,8696,9491
1265,Bahamas,44,Lessdevelopedregions,902,948,17556,22480,27428,33619,39786,43107,46191,9369,12034,14739,17477,20214,21746,23301,8187,10446,12689,16142,19572,21361
1266,Barbados,52,Lessdevelopedregions,902,13660,14910,16161,15784,15344,16113,16271,5273,5904,6537,6528,6488,6815,6890,8387,9006,9624,9256,8856,9298,9381
1267,Barbados,52,Lessdevelopedregions,902,934,13660,14910,16161,15760,15312,16080,16239,5273,5904,6537,6520,6478,6805,6880,8387,9006,9624,9240,8834,9275
1268,Barbados,52,Lessdevelopedregions,902,948,13660,14910,16161,15754,15303,16070,16229,5273,5904,6537,6511,6465,6790,6865,8387,9006,9624,9243,8838,9280
1269,BritishVirginIslands,92,Lessdevelopedregions,902,6229,7326,8416,9642,12025,13751,15595,3216,3692,4169,4776,5943,6749,7660,3013,3634,4247,4866,6082,7002,7935
1270,BritishVirginIslands,92,Lessdevelopedregions,902,934,6229,7326,8416,9642,12025,13751,15595,3216,3692,4169,4776,5943,6749,7660,3013,3634,4247,4866,6082,7002
1271,BritishVirginIslands,92,Lessdevelopedregions,902,948,6229,7326,8416,9642,12025,13751,15595,3216,3692,4169,4776,5943,6749,7660,3013,3634,4247,4866,6082,7002
1272,CaymanIslands,136,Lessdevelopedregions,902,5875,8276,12765,14270,17070,18594,20714,2749,3964,6159,7085,8652,9420,10546,3126,4312,6606,7185,8418,9174,10168
1273,CaymanIslands,136,Lessdevelopedregions,902,934,5856,8235,12691,14201,16999,18523,20637,2735,3936,6110,7038,8605,9371,10491,3121,4299,6581,7163,8394,9152
1274,CaymanIslands,136,Lessdevelopedregions,902,948,5875,8276,12765,14270,17070,18594,20714,2749,3964,6159,7085,8652,9420,10546,3126,4312,6606,7185,8418,9174
1275,Cuba,192,Lessdevelopedregions,902,8365,6344,4289,2873,1941,1323,932,4741,3477,2250,1428,906,591,399,3624,2867,2039,1445,1035,732,533
1276,Cuba,192,Lessdevelopedregions,902,934,6084,4615,2957,2182,1594,1153,848,3131,2278,1354,993,715,506,359,2953,2337,1603,1189,879,647
1277,Cuba,192,Lessdevelopedregions,902,948,7707,5845,3938,2650,1807,1247,890,4234,3097,1989,1268,816,542,372,3473,2748,1949,1382,991,705
1278,CuraÃao,531,Lessdevelopedregions,902,0,0,0,0,23780,25792,43938,0,0,0,0,8698,9479,18090,0,0,0,0,15082,16313,25848
1279,CuraÃao,531,Lessdevelopedregions,902,934,0,0,0,0,21968,23824,41643,0,0,0,0,7706,8399,16806,0,0,0,0,14262,15425
1280,CuraÃao,531,Lessdevelopedregions,902,948,0,0,0,0,23225,25192,43240,0,0,0,0,8418,9175,17728,0,0,0,0,14807,16017
1281,Dominica,212,Lessdevelopedregions,902,1485,1952,2329,2855,5194,4928,5030,755,992,1196,1466,2641,2515,2570,730,960,1133,1389,2553,2413,2460
1282,Dominica,212,Lessdevelopedregions,902,934,924,1220,1456,1784,2123,2475,2493,481,635,764,941,1105,1288,1318,443,585,692,843,1018,1187
1283,Dominica,212,Lessdevelopedregions,902,948,1471,1933,2306,2828,5161,4890,4993,746,979,1180,1447,2619,2490,2545,725,954,1126,1381,2542,2400
1284,DominicanRepublic,214,Lessdevelopedregions,902,246806,274146,301445,322474,343746,504517,557136,154765,169427,184074,197203,210458,326846,354814,92041,104719,117371,125271,133288,177671,202322
1285,DominicanRepublic,214,Lessdevelopedregions,902,934,59457,66059,72623,51406,30121,29163,60744,31897,34693,37474,26821,16114,16221,30852,27560,31366,35149,24585,14007,12942
1286,DominicanRepublic,214,Lessdevelopedregions,902,948,243193,270133,297032,319558,342333,500741,553194,152704,167180,181640,195588,209665,324398,352260,90489,102953,115392,123970,132668,176343
1287,Grenada,308,Lessdevelopedregions,902,2708,3425,4150,4342,4546,4596,4680,1338,1652,1966,2066,2166,2190,2047,1370,1773,2184,2276,2380,2406,2633
1288,Grenada,308,Lessdevelopedregions,902,934,2708,3425,4150,4342,4546,4596,4680,1338,1652,1966,2066,2166,2190,2047,1370,1773,2184,2276,2380,2406
1289,Grenada,308,Lessdevelopedregions,902,948,2708,3425,4150,4342,4546,4596,4680,1338,1652,1966,2066,2166,2190,2047,1370,1773,2184,2276,2380,2406
1290,Guadeloupe,312,Lessdevelopedregions,902,28566,27496,26417,29233,32043,30695,30382,14090,13099,12108,13093,14077,12713,12429,14476,14397,14309,16140,17966,17982,17953
1291,Guadeloupe,312,Lessdevelopedregions,902,934,16538,17224,17902,17610,17312,16582,16409,7314,7571,7828,7493,7157,6440,6290,9224,9653,10074,10117,10155,10142
1292,Guadeloupe,312,Lessdevelopedregions,902,948,28566,27496,26417,29233,32043,30695,30382,14090,13099,12108,13093,14077,12713,12429,14476,14397,14309,16140,17966,17982
1293,Haiti,332,Lessdevelopedregions,902,10857,10307,9784,9289,9749,10229,10704,5706,5420,5148,4889,5133,5389,5642,5151,4887,4636,4400,4616,4840,5062
1294,Haiti,332,Lessdevelopedregions,902,934,10857,10307,9784,9289,9749,10229,10704,5706,5420,5148,4889,5133,5389,5642,5151,4887,4636,4400,4616,4840
1295,Haiti,332,Lessdevelopedregions,902,948,10509,9977,9471,8992,9438,9903,10363,5505,5229,4967,4717,4953,5200,5443,5004,4748,4504,4275,4485,4703
1296,Jamaica,388,Lessdevelopedregions,902,6942,8030,9107,8877,8639,8452,8594,3366,3962,4555,4465,4377,4283,4367,3576,4068,4552,4412,4262,4169,4227
1297,Jamaica,388,Lessdevelopedregions,902,934,6942,8030,9107,8877,8639,8452,8594,3366,3962,4555,4465,4377,4283,4367,3576,4068,4552,4412,4262,4169
1298,Jamaica,388,Lessdevelopedregions,902,948,6942,8030,9107,8877,8639,8452,8594,3366,3962,4555,4465,4377,4283,4367,3576,4068,4552,4412,4262,4169
1299,Martinique,474,Lessdevelopedregions,902,7176,9118,11067,11580,12097,14041,13924,2941,3786,4631,4680,4728,5238,5197,4235,5332,6436,6900,7369,8803,8727
1300,Martinique,474,Lessdevelopedregions,902,934,6067,7783,9505,9946,10390,12059,11958,2310,2981,3652,3671,3689,4054,4022,3757,4802,5853,6275,6701,8005
1301,Martinique,474,Lessdevelopedregions,902,948,7108,9015,10928,11435,11946,13866,13751,2908,3731,4554,4601,4647,5146,5106,4200,5284,6374,6834,7299,8720
1302,Montserrat,500,Lessdevelopedregions,902,1267,1014,766,788,811,852,878,652,523,395,405,416,437,447,615,491,371,383,395,415,431
1303,Montserrat,500,Lessdevelopedregions,902,934,1267,1014,766,788,811,852,878,652,523,395,405,416,437,447,615,491,371,383,395,415
1304,Montserrat,500,Lessdevelopedregions,902,948,1267,1014,766,788,811,852,878,652,523,395,405,416,437,447,615,491,371,383,395,415
1305,PuertoRico,630,Lessdevelopedregions,902,77011,90564,104374,108199,98452,90813,75227,35428,42438,49538,51244,46149,42370,34966,41583,48126,54836,56955,52303,48443,40261
1306,PuertoRico,630,Lessdevelopedregions,902,934,76716,90254,104047,107900,98217,90653,75098,35288,42291,49383,51102,46039,42296,34906,41428,47963,54664,56798,52178,48357
1307,PuertoRico,630,Lessdevelopedregions,902,948,76672,89738,103059,106777,97101,89725,74015,35267,42045,48914,50571,45516,41862,34402,41405,47693,54145,56206,51585,47863
1308,SaintBarthelemy,652,Lessdevelopedregions,902,0,0,0,0,0,0,0,0,0,0,0,0,0,0,0,0,0,0,0,0,0
1309,SaintBarthelemy,652,Lessdevelopedregions,902,934,0,0,0,0,0,0,0,0,0,0,0,0,0,0,0,0,0,0,0,0
1310,SaintBarthelemy,652,Lessdevelopedregions,902,948,0,0,0,0,0,0,0,0,0,0,0,0,0,0,0,0,0,0,0,0
1311,SaintKittsandNevis,659,Lessdevelopedregions,902,1521,2014,2784,3165,3431,3521,3632,752,1009,1417,1614,1753,1807,1872,769,1005,1367,1551,1678,1714,1760
1312,SaintKittsandNevis,659,Lessdevelopedregions,902,934,1521,2014,2784,3165,3431,3521,3632,752,1009,1417,1614,1753,1807,1872,769,1005,1367,1551,1678,1714
1313,SaintKittsandNevis,659,Lessdevelopedregions,902,948,1521,2014,2784,3165,3431,3521,3632,752,1009,1417,1614,1753,1807,1872,769,1005,1367,1551,1678,1714
1314,SaintLucia,662,Lessdevelopedregions,902,2703,3580,4996,5836,6224,5946,5686,1261,1675,2358,2747,2931,2802,2691,1442,1905,2638,3089,3293,3144,2995
1315,SaintLucia,662,Lessdevelopedregions,902,934,2686,3563,4964,5805,6195,5920,5664,1253,1667,2342,2731,2916,2788,2678,1433,1896,2622,3074,3279,3132
1316,SaintLucia,662,Lessdevelopedregions,902,948,2682,3553,4958,5788,6169,5894,5637,1251,1662,2339,2723,2904,2776,2666,1431,1891,2619,3065,3265,3118
1317,SaintMartinFrenchpart,663,Lessdevelopedregions,902,0,0,0,0,0,0,0,0,0,0,0,0,0,0,0,0,0,0,0,0,0
1318,SaintMartinFrenchpart,663,Lessdevelopedregions,902,934,0,0,0,0,0,0,0,0,0,0,0,0,0,0,0,0,0,0,0,0
1319,SaintMartinFrenchpart,663,Lessdevelopedregions,902,948,0,0,0,0,0,0,0,0,0,0,0,0,0,0,0,0,0,0,0,0
1320,SaintVincentandtheGrenadines,670,Lessdevelopedregions,902,2602,2704,2816,2899,2981,3027,3081,1227,1275,1332,1397,1465,1492,1542,1375,1429,1484,1502,1516,1535,1539
1321,SaintVincentandtheGrenadines,670,Lessdevelopedregions,902,934,2602,2704,2816,2899,2981,3027,3081,1227,1275,1332,1397,1465,1492,1542,1375,1429,1484,1502,1516,1535
1322,SaintVincentandtheGrenadines,670,Lessdevelopedregions,902,948,2602,2704,2816,2899,2981,3027,3081,1227,1275,1332,1397,1465,1492,1542,1375,1429,1484,1502,1516,1535
1323,SintMaartenDutchpart,534,Lessdevelopedregions,902,0,0,0,11398,22790,23744,25065,0,0,0,5445,10867,11291,11929,0,0,0,5953,11923,12453,13136
1324,SintMaartenDutchpart,534,Lessdevelopedregions,902,934,0,0,0,10081,20155,20998,22164,0,0,0,4686,9349,9710,10258,0,0,0,5395,10806,11288
1325,SintMaartenDutchpart,534,Lessdevelopedregions,902,948,0,0,0,11315,22623,23570,24882,0,0,0,5401,10779,11200,11832,0,0,0,5914,11844,12370
1326,TrinidadandTobago,780,Lessdevelopedregions,902,40958,37183,31128,33411,31096,32429,60177,18822,17040,13959,14941,14326,15291,28108,22136,20143,17169,18470,16770,17138,32069
1327,TrinidadandTobago,780,Lessdevelopedregions,902,934,40958,37183,31128,33411,31096,32429,60177,18822,17040,13959,14941,14326,15291,28108,22136,20143,17169,18470,16770,17138
1328,TrinidadandTobago,780,Lessdevelopedregions,902,948,40489,36758,30667,32917,30260,31563,59216,18580,16821,13719,14684,13869,14811,27512,21909,19937,16948,18233,16391,16752
1329,TurksandCaicosIslands,796,Lessdevelopedregions,902,3619,4736,6278,6720,11361,15957,18083,1874,2440,3202,3401,5685,7986,9054,1745,2296,3076,3319,5676,7971,9029
1330,TurksandCaicosIslands,796,Lessdevelopedregions,902,934,1189,1169,1151,1068,1605,2029,2296,616,627,638,584,807,1021,1158,573,542,513,484,798,1008
1331,TurksandCaicosIslands,796,Lessdevelopedregions,902,948,3619,4736,6278,6720,11361,15957,18083,1874,2440,3202,3401,5685,7986,9054,1745,2296,3076,3319,5676,7971
1332,UnitedStatesVirginIslands,850,Lessdevelopedregions,902,29766,33742,37797,38223,38675,38693,38688,13818,15574,17357,17612,17870,17875,17885,15948,18168,20440,20611,20805,20818,20803
1333,UnitedStatesVirginIslands,850,Lessdevelopedregions,902,934,29578,33396,37291,37649,38031,38049,38045,13728,15410,17118,17339,17562,17567,17577,15850,17986,20173,20310,20469,20482
1334,UnitedStatesVirginIslands,850,Lessdevelopedregions,902,948,29766,33742,37797,38223,38675,38693,38688,13818,15574,17357,17612,17870,17875,17885,15948,18168,20440,20611,20805,20818
1335,CentralAmerica,916,Lessdevelopedregions,902,1303921,746314,605955,685930,834456,921607,1265667,637097,364898,299091,334188,402219,444343,628248,666824,381416,306864,351742,432237,477264,637419
1336,CentralAmerica,916,Lessdevelopedregions,902,934,1302712,745193,604678,684153,832018,919405,1258059,636282,364178,298338,333176,400820,443142,624200,666430,381015,306340,350977,431198,476263
1337,CentralAmerica,916,Lessdevelopedregions,902,948,1288874,729969,586613,664090,804293,886487,1224777,628332,355725,288617,322458,385974,424665,604880,660542,374244,297996,341632,418319,461822
1338,Belize,84,Lessdevelopedregions,902,26520,29550,32584,36477,40633,47914,54365,14262,15379,16498,18369,20475,24002,27240,12258,14171,16086,18108,20158,23912,27125
1339,Belize,84,Lessdevelopedregions,902,934,26485,29513,32546,36435,40587,47860,54305,14243,15359,16478,18347,20450,23972,27205,12242,14154,16068,18088,20137,23888
1340,Belize,84,Lessdevelopedregions,902,948,25922,28678,31440,35043,38835,45795,51964,13897,14881,15868,17580,19485,22841,25922,12025,13797,15572,17463,19350,22954
1341,CostaRica,188,Lessdevelopedregions,902,191386,188854,280748,305252,366852,372078,473192,96201,96113,140297,149464,174926,176267,236928,95185,92741,140451,155788,191926,195811,236264
1342,CostaRica,188,Lessdevelopedregions,902,934,191241,188751,280637,305157,366686,371932,473026,96130,96064,140238,149422,174847,176190,236836,95111,92687,140399,155735,191839,195742
1343,CostaRica,188,Lessdevelopedregions,902,948,189628,187059,278019,303460,363324,368501,468900,95233,95117,138808,148496,173018,174341,234517,94395,91942,139211,154964,190306,194160
1344,ElSalvador,222,Lessdevelopedregions,902,36080,30703,25307,29264,33198,34616,35184,16322,13959,11597,13534,15466,16151,16424,19758,16744,13710,15730,17732,18465,18760
1345,ElSalvador,222,Lessdevelopedregions,902,934,36069,30694,25301,29258,33192,34610,35178,16311,13950,11591,13528,15460,16145,16418,19758,16744,13710,15730,17732,18465
1346,ElSalvador,222,Lessdevelopedregions,902,948,35807,30469,25113,29038,32942,34349,34914,16148,13812,11477,13395,15309,15987,16258,19659,16657,13636,15643,17633,18362
1347,Guatemala,320,Lessdevelopedregions,902,255236,147601,39953,47558,55144,60474,68217,109340,63193,17050,20740,24432,27493,30735,145896,84408,22903,26818,30712,32981,37482
1348,Guatemala,320,Lessdevelopedregions,902,934,255210,147583,39943,47547,55132,60460,68204,109333,63187,17045,20734,24424,27484,30726,145877,84396,22898,26813,30708,32976
1349,Guatemala,320,Lessdevelopedregions,902,948,254929,147240,39538,47065,54573,59847,67512,109207,63020,16836,20480,24125,27150,30350,145722,84220,22702,26585,30448,32697
1350,Honduras,340,Lessdevelopedregions,902,266061,143895,21736,21297,20843,29264,29913,134976,72896,10817,10720,10631,14968,15308,131085,70999,10919,10577,10212,14296,14605
1351,Honduras,340,Lessdevelopedregions,902,934,266027,143861,21703,21265,20812,29221,29870,134947,72867,10789,10693,10604,14930,15270,131080,70994,10914,10572,10208,14291
1352,Honduras,340,Lessdevelopedregions,902,948,265667,143476,21293,20863,20418,28668,29305,134721,72630,10540,10447,10361,14589,14920,130946,70846,10753,10416,10057,14079
1353,Mexico,484,Lessdevelopedregions,902,441388,124897,110672,126218,156368,191100,295106,221626,62775,55816,62394,76291,93333,141008,219762,62122,54856,63824,80077,97767,154098
1354,Mexico,484,Lessdevelopedregions,902,934,440804,124401,110239,125467,155213,190311,289084,221164,62410,55533,61919,75571,92896,137844,219640,61991,54706,63548,79642,97415
1355,Mexico,484,Lessdevelopedregions,902,948,440148,122986,108007,121520,149094,182251,285400,220842,61726,54453,59869,72310,87703,134791,219306,61260,53554,61651,76784,94548
1356,Nicaragua,558,Lessdevelopedregions,902,33851,20588,24058,28093,30063,32403,33966,16950,10275,12084,14136,15224,16497,17260,16901,10313,11974,13957,14839,15906,16706
1357,Nicaragua,558,Lessdevelopedregions,902,934,33629,20409,23769,27679,29625,31935,33487,16824,10175,11937,13941,15014,16271,17025,16805,10234,11832,13738,14611,15664
1358,Nicaragua,558,Lessdevelopedregions,902,948,33796,20544,23977,27972,29934,32264,33822,16906,10240,12028,14058,15140,16406,17165,16890,10304,11949,13914,14794,15858
1359,Panama,591,Lessdevelopedregions,902,53399,60226,70897,91771,131355,153758,275724,27420,30308,34932,44831,64774,75632,143345,25979,29918,35965,46940,66581,78126,132379
1360,Panama,591,Lessdevelopedregions,902,934,53247,59981,70540,91345,130771,153076,274905,27330,30166,34727,44592,64450,75254,142876,25917,29815,35813,46753,66321,77822
1361,Panama,591,Lessdevelopedregions,902,948,42977,49517,59226,79129,115173,134812,252960,21378,24299,28607,38133,56226,65648,130957,21599,25218,30619,40996,58947,69164
1362,Argentina,32,Lessdevelopedregions,902,859352,941205,1023074,1260652,1495975,1731144,1923151,418880,449602,480368,587348,693316,801944,902073,440472,491603,542706,673304,802659,929200,1021078
1363,Argentina,32,Lessdevelopedregions,902,934,858444,940270,1022111,1259025,1495517,1730685,1922693,418437,449133,479867,586505,693066,801694,901823,440007,491137,542244,672520,802451,928991
1364,Argentina,32,Lessdevelopedregions,902,948,855075,935346,1015633,1250688,1483495,1716743,1908610,416722,446486,476293,581964,686628,794231,894242,438353,488860,539340,668724,796867,922512
1365,BoliviaPlurinationalStateof,68,Lessdevelopedregions,902,59601,68560,76904,85772,94619,110243,127501,30277,35027,39462,44498,49558,57704,66767,29324,33533,37442,41274,45061,52539,60734
1366,BoliviaPlurinationalStateof,68,Lessdevelopedregions,902,934,59539,68485,76834,85648,94461,110038,127312,30243,34992,39428,44425,49448,57571,66631,29296,33493,37406,41223,45013,52467
1367,BoliviaPlurinationalStateof,68,Lessdevelopedregions,902,948,58796,67877,76351,85009,93649,109112,126245,29773,34598,39113,44020,48953,57000,65984,29023,33279,37238,40989,44696,52112
1368,Brazil,76,Lessdevelopedregions,902,172284,180568,188832,218316,251117,304712,638880,94517,99246,103972,118843,135930,166129,341576,77767,81322,84860,99473,115187,138583,297304
1369,Brazil,76,Lessdevelopedregions,902,934,166175,173659,181125,209782,241199,286162,577896,91209,95405,99599,114205,130675,154150,309671,74966,78254,81526,95577,110524,132012
1370,Brazil,76,Lessdevelopedregions,902,948,163752,171139,178506,203432,231885,282041,614248,89952,94131,98307,110744,125520,153932,328037,73800,77008,80199,92688,106365,128109
1371,Chile,152,Lessdevelopedregions,902,62005,94133,126192,202198,278121,492432,1542092,30485,44020,57895,92071,126233,238311,776528,31520,50113,68297,110127,151888,254121,765564
1372,Chile,152,Lessdevelopedregions,902,934,61969,94093,126147,202131,278031,452607,1305180,30461,43997,57870,92033,126182,214989,626928,31508,50096,68277,110098,151849,237618
1373,Chile,152,Lessdevelopedregions,902,948,60881,92442,123934,198465,272913,484543,1526171,29832,43093,56663,90006,123334,233770,767500,31049,49349,67271,108459,149579,250773
1374,Colombia,170,Lessdevelopedregions,902,63217,66325,69425,68796,84980,104837,1840358,30900,32705,34507,34501,43281,54245,916411,32317,33620,34918,34295,41699,50592,923947
1375,Colombia,170,Lessdevelopedregions,902,934,63217,66325,69425,68796,84980,104837,1840358,30900,32705,34507,34501,43281,54245,916411,32317,33620,34918,34295,41699,50592
1376,Colombia,170,Lessdevelopedregions,902,948,61984,64933,67874,67164,83348,103221,1838774,30191,31915,33636,33592,42345,53291,915460,31793,33018,34238,33572,41003,49930
1377,Ecuador,218,Lessdevelopedregions,902,59490,78358,97205,124960,271801,256539,647883,28583,38437,48291,62211,138554,131228,327231,30907,39921,48914,62749,133247,125311,320652
1378,Ecuador,218,Lessdevelopedregions,902,934,59415,78272,97110,124845,271620,256256,647539,28536,38383,48231,62139,138438,131056,327009,30879,39889,48879,62706,133182,125200
1379,Ecuador,218,Lessdevelopedregions,902,948,58803,77387,95950,123458,269411,253514,644721,28174,37859,47543,61304,137134,129437,325211,30629,39528,48407,62154,132277,124077
1380,FalklandIslandsMalvinas,238,Lessdevelopedregions,902,101,110,237,339,500,547,678,54,65,142,196,282,305,382,47,45,95,143,218,242,296
1381,FalklandIslandsMalvinas,238,Lessdevelopedregions,902,934,101,110,237,339,500,547,678,54,65,142,196,282,305,382,47,45,95,143,218,242
1382,FalklandIslandsMalvinas,238,Lessdevelopedregions,902,948,101,110,237,339,500,547,678,54,65,142,196,282,305,382,47,45,95,143,218,242
1383,FrenchGuiana,254,Lessdevelopedregions,902,44814,48192,51565,61464,71358,78765,88522,23927,24708,25491,29486,33483,38127,42850,20887,23484,26074,31978,37875,40638,45672
1384,FrenchGuiana,254,Lessdevelopedregions,902,934,34289,35901,37508,46166,54819,58264,65483,18311,18426,18541,22495,26449,29362,33000,15978,17475,18967,23671,28370,28902
1385,FrenchGuiana,254,Lessdevelopedregions,902,948,43853,46991,50125,60228,70326,77299,86875,23413,24094,24778,28872,32968,37445,42084,20440,22897,25347,31356,37358,39854
1386,Guyana,328,Lessdevelopedregions,902,3166,4814,6456,8470,6524,6900,29324,1699,2574,3452,4561,3654,3869,13525,1467,2240,3004,3909,2870,3031,15799
1387,Guyana,328,Lessdevelopedregions,902,934,3166,4814,6456,8470,6524,6900,29324,1699,2574,3452,4561,3654,3869,13525,1467,2240,3004,3909,2870,3031
1388,Guyana,328,Lessdevelopedregions,902,948,2903,4392,5876,7690,5914,6255,28648,1545,2325,3109,4096,3279,3472,13109,1358,2067,2767,3594,2635,2783
1389,Paraguay,600,Lessdevelopedregions,902,178538,169564,160009,152427,145226,141746,153614,93279,88505,82940,79018,75139,73255,79571,85259,81059,77069,73409,70087,68491,74043
1390,Paraguay,600,Lessdevelopedregions,902,934,178538,169564,160009,152427,145226,141746,153614,93279,88505,82940,79018,75139,73255,79571,85259,81059,77069,73409,70087,68491
1391,Paraguay,600,Lessdevelopedregions,902,948,176585,168145,159127,151587,144426,140966,152770,92190,87711,82446,78547,74691,72819,79097,84395,80434,76681,73040,69735,68147
1392,Peru,604,Lessdevelopedregions,902,33683,33739,39453,46373,63029,98617,1113580,16272,16092,18845,22358,32888,58994,576637,17411,17647,20608,24015,30141,39623,536943
1393,Peru,604,Lessdevelopedregions,902,934,33646,33700,39406,46317,62968,98553,1113465,16257,16077,18828,22338,32866,58970,576592,17389,17623,20578,23979,30102,39583
1394,Peru,604,Lessdevelopedregions,902,948,31135,31188,36472,42871,56538,79834,1081649,14867,14699,17211,20428,28819,44058,551854,16268,16489,19261,22443,27719,35776
1395,Suriname,740,Lessdevelopedregions,902,9269,11449,14141,17305,20416,22170,24569,5002,6198,7656,9427,11134,12104,13506,4267,5251,6485,7878,9282,10066,11063
1396,Suriname,740,Lessdevelopedregions,902,934,9269,11449,14141,17305,20416,22170,24569,5002,6198,7656,9427,11134,12104,13506,4267,5251,6485,7878,9282,10066
1397,Suriname,740,Lessdevelopedregions,902,948,7214,8911,11006,13469,15890,17255,19123,3893,4824,5959,7337,8666,9421,10513,3321,4087,5047,6132,7224,7834
1398,Uruguay,858,Lessdevelopedregions,902,29589,33162,37178,42599,42172,43551,66194,15686,15909,16009,18362,17992,18572,30030,13903,17253,21169,24237,24180,24979,36164
1399,Uruguay,858,Lessdevelopedregions,902,934,29589,33162,37178,42599,42172,43551,66194,15686,15909,16009,18362,17992,18572,30030,13903,17253,21169,24237,24180,24979
1400,Uruguay,858,Lessdevelopedregions,902,948,29589,33162,37178,42599,42172,43551,66194,15686,15909,16009,18362,17992,18572,30030,13903,17253,21169,24237,24180,24979
1401,VenezuelaBolivarianRepublicof,862,Lessdevelopedregions,902,744106,773903,801706,866820,1137754,1191293,1123176,357342,374303,389915,419609,556546,583002,540618,386764,399600,411791,447211,581208,608291,582558
1402,VenezuelaBolivarianRepublicof,862,Lessdevelopedregions,902,934,741812,771805,799746,864787,1135620,1189075,1121093,356057,373121,388807,418460,555342,581765,539466,385755,398684,410939,446327,580278,607310
1403,VenezuelaBolivarianRepublicof,862,Lessdevelopedregions,902,948,737141,765336,791228,855027,1124343,1176855,1109566,353278,369438,384146,412914,548705,574646,532831,383863,395898,407082,442113,575638,602209
1404,Bermuda,60,Lessdevelopedregions,902,2082,2532,3452,3663,3897,4250,5074,1178,1391,1789,1825,1999,2167,2548,904,1141,1663,1838,1898,2083,2526
1405,Bermuda,60,Lessdevelopedregions,902,934,1054,1372,2349,3068,3886,4240,5071,512,681,1159,1545,1995,2162,2547,542,691,1190,1523,1891,2078
1406,Bermuda,60,Lessdevelopedregions,902,948,1997,2404,3307,3567,3857,4185,5020,1122,1308,1698,1778,1985,2148,2525,875,1096,1609,1789,1872,2037
1407,Canada,124,Lessdevelopedregions,902,1770318,2341655,2968679,3610451,4319500,5045768,5467218,861842,1133364,1432109,1726578,2062487,2389526,2589181,908476,1208291,1536570,1883873,2257013,2656242,2878037
1408,Canada,124,Lessdevelopedregions,902,934,1612577,2142143,2722647,3297991,3930775,4563004,4944178,785055,1036790,1313423,1575656,1874138,2156306,2336474,827522,1105353,1409224,1722335,2056637,2406698
1409,Canada,124,Lessdevelopedregions,902,948,1365319,1817032,2311958,2881147,3496520,4187118,4536832,664678,879426,1115302,1383794,1682466,2000759,2168028,700641,937606,1196656,1497353,1814054,2186359
1410,Greenland,304,Lessdevelopedregions,902,4,17,42,76,183,298,290,1,3,16,25,68,113,107,3,14,26,51,115,185,183
1411,Greenland,304,Lessdevelopedregions,902,934,4,17,42,76,183,298,290,1,3,16,25,68,113,107,3,14,26,51,115,185
1412,Greenland,304,Lessdevelopedregions,902,948,4,17,41,71,176,287,280,1,3,15,21,67,111,105,3,14,26,50,109,176
1413,SaintPierreandMiquelon,666,Lessdevelopedregions,902,0,0,0,0,0,0,0,0,0,0,0,0,0,0,0,0,0,0,0,0,0
1414,SaintPierreandMiquelon,666,Lessdevelopedregions,902,934,0,0,0,0,0,0,0,0,0,0,0,0,0,0,0,0,0,0,0,0
1415,SaintPierreandMiquelon,666,Lessdevelopedregions,902,948,0,0,0,0,0,0,0,0,0,0,0,0,0,0,0,0,0,0,0,0
1416,UnitedStatesofAmerica,840,Lessdevelopedregions,902,14689817,20780219,26975936,30846589,35765229,39630119,40688707,7289958,10392358,13558146,15493883,17666886,19430340,19779736,7399859,10387861,13417790,15352706,18098343,20199779,20908971
1417,UnitedStatesofAmerica,840,Lessdevelopedregions,902,934,13999295,19808711,25717921,29279199,33832265,37200284,37885343,6942719,9891404,12899692,14702673,16711751,18244886,18427650,7056576,9917307,12818229,14576526,17120514,18955398
1418,UnitedStatesofAmerica,840,Lessdevelopedregions,902,948,13763640,19538039,25411834,29013779,33600439,36691941,38255748,6836927,9781637,12785808,14583870,16607156,18003441,18601859,6926713,9756402,12626026,14429909,16993283,18688500
1419,Australia,36,Lessdevelopedregions,902,1216045,1366671,1539290,1953293,2761490,3483050,4228811,604661,669968,747446,947535,1356451,1706032,2072415,611384,696703,791844,1005758,1405039,1777018,2156396
1420,Australia,36,Lessdevelopedregions,902,934,1145710,1280423,1441860,1800131,2518450,3151100,3816894,568352,625139,696543,867068,1228187,1531620,1853431,577358,655284,745317,933063,1290263,1619480
1421,Australia,36,Lessdevelopedregions,902,948,1058968,1187695,1317130,1643795,2301920,2876350,3465218,524123,580975,640270,802805,1145187,1429435,1725825,534845,606720,676860,840990,1156733,1446915
1422,NewZealand,554,Lessdevelopedregions,902,162680,212035,294052,413719,486627,551770,777484,79265,101761,142948,200827,235783,266836,376011,83415,110274,151104,212892,250844,284934,401473
1423,NewZealand,554,Lessdevelopedregions,902,934,155397,203331,281762,397456,467661,530397,747723,75660,97493,136968,192928,226589,256497,361609,79737,105838,144794,204528,241072,273900
1424,NewZealand,554,Lessdevelopedregions,902,948,148782,181603,245156,331664,394897,451834,621543,72350,87092,119182,160999,191337,218509,300600,76432,94511,125974,170665,203560,233325
1425,Melanesia,928,Lessdevelopedregions,902,38895,40454,41119,42968,45161,47191,48635,20929,21895,21762,22488,24148,24495,25245,17966,18559,19357,20480,21013,22696,23390
1426,Melanesia,928,Lessdevelopedregions,902,934,29876,30858,31107,32921,34826,38201,39289,16269,16941,16591,17209,18661,19946,20522,13607,13917,14516,15712,16165,18255
1427,Melanesia,928,Lessdevelopedregions,902,948,37594,39153,39854,41709,43851,45894,47319,20253,21225,21116,21841,23461,23813,24549,17341,17928,18738,19868,20390,22081
1428,Fiji,242,Lessdevelopedregions,902,8379,8300,8233,8267,8876,9141,9345,4241,4234,4235,4364,4745,4935,5053,4138,4066,3998,3903,4131,4206,4292
1429,Fiji,242,Lessdevelopedregions,902,934,5107,5091,5076,5156,5536,5702,5830,2571,2589,2605,2722,2960,3079,3151,2536,2502,2471,2434,2576,2623
1430,Fiji,242,Lessdevelopedregions,902,948,7531,7465,7400,7431,7978,8216,8399,3789,3793,3795,3923,4265,4436,4542,3742,3672,3605,3508,3713,3780
1431,NewCaledonia,540,Lessdevelopedregions,902,15367,17812,20253,19294,18331,19828,21039,8165,9336,10507,10037,9569,9690,10250,7202,8476,9746,9257,8762,10138,10789
1432,NewCaledonia,540,Lessdevelopedregions,902,934,11217,13003,14783,13468,12147,15076,15997,5964,6819,7675,7008,6342,7473,7905,5253,6184,7108,6460,5805,7603
1433,NewCaledonia,540,Lessdevelopedregions,902,948,15290,17723,20152,19187,18217,19741,20948,8124,9289,10455,9981,9509,9648,10205,7166,8434,9697,9206,8708,10093
1434,PapuaNewGuinea,598,Lessdevelopedregions,902,11560,10822,9298,12649,15624,15962,16021,6609,6405,5209,6587,8562,8634,8717,4951,4417,4089,6062,7062,7328,7304
1435,PapuaNewGuinea,598,Lessdevelopedregions,902,934,11046,10298,8907,12242,15280,15614,15676,6332,6117,4974,6331,8343,8407,8487,4714,4181,3933,5911,6937,7207
1436,PapuaNewGuinea,598,Lessdevelopedregions,902,948,11425,10684,9195,12546,15537,15874,15934,6559,6355,5181,6556,8534,8604,8686,4866,4329,4014,5990,7003,7270
1437,SolomonIslands,90,Lessdevelopedregions,902,3103,3073,2932,2227,1667,1556,1513,1696,1682,1606,1235,939,881,862,1407,1391,1326,992,728,675,651
1438,SolomonIslands,90,Lessdevelopedregions,902,934,2103,2084,1989,1599,1313,1225,1191,1223,1213,1158,921,740,693,678,880,871,831,678,573,532
1439,SolomonIslands,90,Lessdevelopedregions,902,948,2862,2834,2704,2014,1456,1359,1321,1563,1550,1480,1116,820,770,753,1299,1284,1224,898,636,589
1440,Vanuatu,548,Lessdevelopedregions,902,486,447,403,531,663,704,717,218,238,205,265,333,355,363,268,209,198,266,330,349,354
1441,Vanuatu,548,Lessdevelopedregions,902,934,403,382,352,456,550,584,595,179,203,179,227,276,294,301,224,179,173,229,274,290
1442,Vanuatu,548,Lessdevelopedregions,902,948,486,447,403,531,663,704,717,218,238,205,265,333,355,363,268,209,198,266,330,349
1443,Micronesia,954,Lessdevelopedregions,902,67780,81227,95888,94972,83518,81817,85527,36418,41356,45917,45847,41726,41112,42907,31362,39871,49971,49125,41792,40705,42620
1444,Micronesia,954,Lessdevelopedregions,902,934,65180,78561,93099,92324,82224,80449,84095,34829,39656,44050,44091,40796,40157,41903,30351,38905,49049,48233,41428,40292
1445,Micronesia,954,Lessdevelopedregions,902,948,62591,70063,77944,81741,77526,76063,79585,33969,37409,40578,41979,39706,39091,40797,28622,32654,37366,39762,37820,36972
1446,Guam,316,Lessdevelopedregions,902,36675,43261,49841,51185,52525,52994,56053,19485,22188,24888,25999,27113,27338,28916,17190,21073,24953,25186,25412,25656,27137
1447,Guam,316,Lessdevelopedregions,902,934,36675,43261,49841,51185,52525,52994,56053,19485,22188,24888,25999,27113,27338,28916,17190,21073,24953,25186,25412,25656
1448,Guam,316,Lessdevelopedregions,902,948,34956,41046,47131,48763,50392,50842,53778,18236,20873,23508,24758,26012,26228,27741,16720,20173,23623,24005,24380,24614
1449,Kiribati,296,Lessdevelopedregions,902,1519,1575,1632,1927,2223,2260,2428,723,770,817,983,1148,1168,1251,796,805,815,944,1075,1092,1177
1450,Kiribati,296,Lessdevelopedregions,902,934,1142,1236,1330,1632,1935,1968,2117,520,593,665,826,986,1003,1074,622,643,665,806,949,965
1451,Kiribati,296,Lessdevelopedregions,902,948,1519,1575,1632,1927,2223,2260,2428,723,770,817,983,1148,1168,1251,796,805,815,944,1075,1092
1452,MarshallIslands,584,Lessdevelopedregions,902,389,589,828,1095,1403,1494,1497,228,360,514,662,850,903,907,161,229,314,433,553,591,590
1453,MarshallIslands,584,Lessdevelopedregions,902,934,295,466,670,893,1144,1219,1222,161,272,407,534,691,734,737,134,194,263,359,453,485
1454,MarshallIslands,584,Lessdevelopedregions,902,948,349,500,675,864,1107,1176,1179,193,299,407,506,651,692,695,156,201,268,358,456,484
1455,MicronesiaFedStatesof,583,Lessdevelopedregions,902,942,856,800,763,747,740,742,537,542,446,416,408,404,412,405,314,354,347,339,336,330
1456,MicronesiaFedStatesof,583,Lessdevelopedregions,902,934,942,856,800,763,747,740,742,537,542,446,416,408,404,412,405,314,354,347,339,336
1457,MicronesiaFedStatesof,583,Lessdevelopedregions,902,948,934,849,792,748,729,719,722,534,538,442,407,395,390,398,400,311,350,341,334,329
1458,Nauru,520,Lessdevelopedregions,902,2364,2185,2008,1889,660,1063,1240,1260,1166,1072,1008,421,689,834,1104,1019,936,881,239,374,406
1459,Nauru,520,Lessdevelopedregions,902,934,825,762,701,657,466,757,889,492,455,420,391,318,521,632,333,307,281,266,148,236
1460,Nauru,520,Lessdevelopedregions,902,948,1860,1719,1580,1487,535,865,1011,965,893,821,775,347,569,690,895,826,759,712,188,296
1461,NorthernMarianaIslands,580,Lessdevelopedregions,902,23580,28846,35871,33285,21136,18930,19093,12695,14004,15276,14011,8939,7955,8023,10885,14842,20595,19274,12197,10975,11070
1462,NorthernMarianaIslands,580,Lessdevelopedregions,902,934,22990,28065,34849,32366,20583,18435,18598,12144,13280,14320,13157,8433,7502,7568,10846,14785,20529,19209,12150,10933
1463,NorthernMarianaIslands,580,Lessdevelopedregions,902,948,20982,21002,22305,23674,18242,16338,16479,12057,12076,12303,12171,8670,7725,7791,8925,8926,10002,11503,9572,8613
1464,Palau,585,Lessdevelopedregions,902,2311,3915,4908,4828,4824,4336,4474,1490,2326,2904,2768,2847,2655,2564,821,1589,2004,2060,1977,1681,1910
1465,Palau,585,Lessdevelopedregions,902,934,2311,3915,4908,4828,4824,4336,4474,1490,2326,2904,2768,2847,2655,2564,821,1589,2004,2060,1977,1681
1466,Palau,585,Lessdevelopedregions,902,948,1991,3372,3829,4278,4298,3863,3988,1261,1960,2280,2379,2483,2319,2231,730,1412,1549,1899,1815,1544
1467,Polynesia,957,Lessdevelopedregions,902,23850,26852,29846,29926,29193,28744,28689,12473,13928,15349,15398,15064,14789,14777,11377,12924,14497,14528,14129,13955,13912
1468,Polynesia,957,Lessdevelopedregions,902,934,23312,26233,29129,29209,28576,28221,28180,12195,13602,14971,15021,14744,14515,14506,11117,12631,14158,14188,13832,13706
1469,Polynesia,957,Lessdevelopedregions,902,948,23020,25866,28716,28601,27740,27359,27315,12000,13364,14701,14621,14185,13950,13942,11020,12502,14015,13980,13555,13409
1470,AmericanSamoa,16,Lessdevelopedregions,902,16739,18524,20308,20008,19712,19672,19745,8767,9633,10498,10332,10167,10083,10123,7972,8891,9810,9676,9545,9589,9622
1471,AmericanSamoa,16,Lessdevelopedregions,902,934,16739,18524,20308,20008,19712,19672,19745,8767,9633,10498,10332,10167,10083,10123,7972,8891,9810,9676,9545,9589
1472,AmericanSamoa,16,Lessdevelopedregions,902,948,16639,18324,20009,19558,19112,19074,19146,8696,9492,10288,10018,9749,9667,9705,7943,8832,9721,9540,9363,9407
1473,CookIslands,184,Lessdevelopedregions,902,165,173,178,235,292,639,699,88,93,96,101,107,307,335,77,80,82,134,185,332,364
1474,CookIslands,184,Lessdevelopedregions,902,934,165,173,178,235,292,639,699,88,93,96,101,107,307,335,77,80,82,134,185,332
1475,CookIslands,184,Lessdevelopedregions,902,948,165,173,178,235,292,639,699,88,93,96,101,107,307,335,77,80,82,134,185,332
1476,FrenchPolynesia,258,Lessdevelopedregions,902,3190,3499,3746,4005,3948,3861,3862,1653,1771,1857,2044,2113,2065,2066,1537,1728,1889,1961,1835,1796,1796
1477,FrenchPolynesia,258,Lessdevelopedregions,902,934,3003,3294,3526,3775,3726,3651,3652,1547,1657,1737,1917,1988,1947,1948,1456,1637,1789,1858,1738,1704
1478,FrenchPolynesia,258,Lessdevelopedregions,902,948,2644,2900,3105,3334,3300,3246,3247,1379,1478,1550,1721,1791,1759,1760,1265,1422,1555,1613,1509,1487
1479,Niue,570,Lessdevelopedregions,902,149,195,236,247,173,169,165,87,110,130,136,96,96,96,62,85,106,111,77,73,69
1480,Niue,570,Lessdevelopedregions,902,934,109,138,163,173,136,133,130,60,75,83,89,73,73,73,49,63,80,84,63,60
1481,Niue,570,Lessdevelopedregions,902,948,149,195,236,247,173,169,165,87,110,130,136,96,96,96,62,85,106,111,77,73
1482,Samoa,882,Lessdevelopedregions,902,1449,2091,2730,2564,2244,1865,1749,780,1109,1423,1324,1145,945,899,669,982,1307,1240,1099,920,850
1483,Samoa,882,Lessdevelopedregions,902,934,1374,1980,2580,2425,2122,1766,1661,741,1050,1344,1251,1082,894,850,633,930,1236,1174,1040,872
1484,Samoa,882,Lessdevelopedregions,902,948,1356,2007,2655,2494,2182,1815,1703,707,1043,1364,1269,1097,906,862,649,964,1291,1225,1085,909
1485,Tokelau,772,Lessdevelopedregions,902,135,134,123,122,204,232,242,85,82,68,64,99,113,118,50,52,55,58,105,119,124
1486,Tokelau,772,Lessdevelopedregions,902,934,114,114,98,98,165,187,195,71,68,48,47,75,85,88,43,46,50,51,90,102
1487,Tokelau,772,Lessdevelopedregions,902,948,135,134,123,122,204,232,242,85,82,68,64,99,113,118,50,52,55,58,105,119
1488,Tonga,776,Lessdevelopedregions,902,770,870,973,1135,1213,1039,978,375,438,502,592,637,549,519,395,432,471,543,576,490,459
1489,Tonga,776,Lessdevelopedregions,902,934,770,870,973,1135,1213,1039,978,375,438,502,592,637,549,519,395,432,471,543,576,490
1490,Tonga,776,Lessdevelopedregions,902,948,679,767,858,1001,1070,917,864,320,374,430,507,546,471,445,359,393,428,494,524,446
1491,Tuvalu,798,Lessdevelopedregions,902,205,159,125,116,116,121,124,97,76,55,50,49,51,50,108,83,70,66,67,70,74
1492,Tuvalu,798,Lessdevelopedregions,902,934,142,98,71,63,57,60,62,84,57,42,37,34,35,38,58,41,29,26,23,25
1493,Tuvalu,798,Lessdevelopedregions,902,948,205,159,125,116,116,121,124,97,76,55,50,49,51,50,108,83,70,66,67,70
1494,WallisandFutunaIslands,876,Lessdevelopedregions,902,1048,1207,1427,1494,1291,1146,1125,541,616,720,755,651,580,571,507,591,707,739,640,566,554
1495,WallisandFutunaIslands,876,Lessdevelopedregions,902,934,896,1042,1232,1297,1153,1074,1058,462,531,621,655,581,542,532,434,511,611,642,572,532
1496,WallisandFutunaIslands,876,Lessdevelopedregions,902,948,1048,1207,1427,1494,1291,1146,1125,541,616,720,755,651,580,571,507,591,707,739,640,566
1497,Developedregions,901,Leastdevelopedcountries,941,2298335,2873226,3484309,4507770,5477030,6750805,8194923,1218449,1521495,1844035,2366213,2857773,3469471,4266608,1079886,1351731,1640274,2141557,2619257,3281334,3928315
1498,Lessdevelopedregions,902,Leastdevelopedcountries,941,27525037,25244112,24578180,25442129,30020669,34731875,39409674,15024536,13784464,13515172,14190267,16957444,19546052,22536721,12500501,11459648,11063008,11251862,13063225,15185823,16872953
1499,Leastdevelopedcountries,941,Leastdevelopedcountries,941,8326177,8484974,6580759,5935779,5952923,8316439,11120647,4212310,4283543,3333086,3078109,2982250,4180910,5800160,4113867,4201431,3247673,2857670,2970673,4135529,5320487
1500,LandlockedDevelopingCountriesLLDC,1636,Leastdevelopedcountries,941,4239409,2944627,2792921,2951488,3131435,4845246,5954371,2183935,1517731,1425685,1481526,1572548,2428219,2934089,2055474,1426896,1367236,1469962,1558887,2417027,3020282
1501,SmallislanddevelopingStatesSIDS,1637,Leastdevelopedcountries,941,304291,361647,401087,514983,647867,844712,908080,196088,227952,251433,321361,411536,557181,606077,108203,133695,149654,193622,236331,287531,302003
1502,Highincomecountries,1503,Leastdevelopedcountries,941,4431979,5202303,6054228,7746076,10371462,12969361,15937024,2758537,3203123,3700794,4754044,6594791,8152270,10059215,1673442,1999180,2353434,2992032,3776671,4817091,5877809
1503,Middleincomecountries,1517,Leastdevelopedcountries,941,18575900,16512924,17390968,17902666,20350792,21554150,22699725,10033150,8864674,9329002,9657166,10834904,11374406,12296587,8542750,7648250,8061966,8245500,9515888,10179744,10403138
1504,Uppermiddleincomecountries,1502,Leastdevelopedcountries,941,5523413,4587275,4744278,6316089,8321159,9322996,9764352,3188146,2618076,2666038,3505312,4634534,5171625,5441206,2335267,1969199,2078240,2810777,3686625,4151371,4323146
1505,Lowermiddleincomecountries,1501,Leastdevelopedcountries,941,13052487,11925649,12646690,11586577,12029633,12231154,12935373,6845004,6246598,6662964,6151854,6200370,6202781,6855381,6207483,5679051,5983726,5434723,5829263,6028373,6079992
1506,Lowincomecountries,1500,Leastdevelopedcountries,941,6774065,6344921,4537118,4198438,4658140,6829746,8809559,3428170,3207647,2288885,2095040,2330083,3428877,4374321,3345895,3137274,2248233,2103398,2328057,3400869,4435238
1507,Burundi,108,Leastdevelopedcountries,941,272342,212970,111007,174740,226110,269030,310528,133471,103731,53968,85655,110996,132186,152639,138871,109239,57039,89085,115114,136844,157889
1508,Comoros,174,Leastdevelopedcountries,941,10973,10863,10755,10295,9835,9796,9748,5086,5007,4928,4762,4592,4610,4590,5887,5856,5827,5533,5243,5186,5158
1509,Djibouti,262,Leastdevelopedcountries,941,114910,93804,94491,86600,96189,105985,112876,60168,49147,49561,48096,50265,55517,59033,54742,44657,44930,38504,45924,50468,53843
1510,Eritrea,232,Leastdevelopedcountries,941,10211,10256,10299,13107,12708,12185,10630,5328,5414,5501,7112,6966,6774,5987,4883,4842,4798,5995,5742,5411,4643
1511,Ethiopia,231,Leastdevelopedcountries,941,1125957,765390,549918,469380,543568,1089737,1061723,591813,399376,283479,244102,286069,562255,526454,534144,366014,266439,225278,257499,527482,535269
1512,Kenya,404,Leastdevelopedcountries,941,196414,511465,635978,712260,895551,1047222,980801,104353,263628,316673,368530,443577,521984,494003,92061,247837,319305,343730,451974,525238,486798
1513,Madagascar,450,Leastdevelopedcountries,941,8179,7242,8050,8910,9876,10953,12153,4565,4070,4540,5042,5605,6238,6917,3614,3172,3510,3868,4271,4715,5236
1514,Malawi,454,Leastdevelopedcountries,941,1088829,132668,127723,121890,124035,116634,122781,530978,63527,60973,58011,59156,55611,60879,557851,69141,66750,63879,64879,61023,61902
1515,Mauritius,480,Leastdevelopedcountries,941,127,392,876,4908,9214,10604,10716,43,229,511,1881,3501,4350,4379,84,163,365,3027,5713,6254,6337
1516,Mayotte,175,Leastdevelopedcountries,941,11374,22215,39872,54300,61750,69075,94669,6631,12246,20303,26795,29280,31959,43799,4743,9969,19569,27505,32470,37116,50870
1517,Mozambique,508,Leastdevelopedcountries,941,47787,65730,76456,104982,119911,132329,142161,25950,35827,40542,51251,58340,64346,69845,21837,29903,35914,53731,61571,67983,72316
1518,Reunion,638,Leastdevelopedcountries,941,3780,8170,12940,16096,18353,18978,19657,2030,4031,6190,7664,8694,8944,9265,1750,4139,6750,8432,9659,10034,10392
1519,Rwanda,646,Leastdevelopedcountries,941,138850,199822,335534,403255,408196,503216,502494,70364,101939,169256,202160,204925,249772,253293,68486,97883,166278,201095,203271,253444,249201
1520,Seychelles,690,Leastdevelopedcountries,941,88,344,602,876,1153,1288,1306,34,54,73,493,911,1034,1054,54,290,529,383,242,254,252
1521,Somalia,706,Leastdevelopedcountries,941,460000,18044,555,1166,26220,19558,35085,234861,9490,293,618,13375,9831,18658,225139,8554,262,548,12845,9727,16427
1522,SouthSudan,728,Leastdevelopedcountries,941,0,0,0,0,208753,821808,859378,0,0,0,0,106802,417516,429641,0,0,0,0,101951,404292,429737
1523,Uganda,800,Leastdevelopedcountries,941,486202,552149,535427,546102,443412,801224,1675128,255190,282662,267419,269882,218743,392760,806982,231012,269487,268008,276220,224669,408464,868146
1524,UnitedRepublicofTanzania,834,Leastdevelopedcountries,941,511244,1034066,875241,694707,235445,275363,328958,253490,512200,445836,449619,118307,137111,165584,257754,521866,429405,245088,117138,138252,163374
1525,Zambia,894,Leastdevelopedcountries,941,217246,197466,316477,199404,90445,82685,120948,111690,101280,160720,102116,45753,41654,62662,105556,96186,155757,97288,44692,41031,58286
1526,Zimbabwe,716,Leastdevelopedcountries,941,571439,357082,317164,277372,251853,253227,263106,320008,203713,180870,158248,143674,142695,149636,251431,153369,136294,119124,108179,110532,113470
1527,MiddleAfrica,911,Leastdevelopedcountries,941,1003485,2162941,1210105,1422516,1594922,2193707,2482795,496239,1084629,611572,719381,805216,1128144,1275902,507246,1078312,598533,703135,789706,1065563,1206893
1528,Angola,24,Leastdevelopedcountries,941,15695,19107,22514,31319,39445,93102,119142,8214,9603,10993,14852,18379,44067,69900,7481,9504,11521,16467,21066,49035,49242
1529,Cameroon,120,Leastdevelopedcountries,941,95527,88874,82221,125468,187059,345010,377130,47150,43740,40330,68349,99484,177763,194137,48377,45134,41891,57119,87575,167247,182993
1530,CentralAfricanRepublic,140,Leastdevelopedcountries,941,45721,61229,71416,55742,54746,47161,52153,24227,32074,37116,29012,28512,24396,26708,21494,29155,34300,26730,26234,22765,25445
1531,Chad,148,Leastdevelopedcountries,941,20308,30876,41443,313428,371197,411967,478193,10963,16643,22322,142189,166287,189011,216519,9345,14233,19121,171239,204910,222956,261674
1532,Congo,178,Leastdevelopedcountries,941,105720,171237,282620,301005,385756,347949,345681,51584,85125,141265,162523,208805,190348,188243,54136,86112,141355,138482,176951,157601,157438
1533,DemocraticRepublicoftheCongo,180,Leastdevelopedcountries,941,659359,1710008,607923,484485,428085,769103,913066,317398,848469,298162,235121,204789,382834,448703,341961,861539,309761,249364,223296,386269,464363
1534,EquatorialGuinea,226,Leastdevelopedcountries,941,378,501,623,909,1194,1493,1794,226,298,370,548,726,915,1101,152,203,253,361,468,578,693
1535,Gabon,266,Leastdevelopedcountries,941,60066,80325,100478,109479,126905,177448,195215,36058,48194,60568,66438,77960,118571,130378,24008,32131,39910,43041,48945,58877,64837
1536,SaoTomeandPrincipe,678,Leastdevelopedcountries,941,711,784,867,681,535,474,421,419,483,446,349,274,239,213,292,301,421,332,261,235,208
1537,Algeria,12,Leastdevelopedcountries,941,12646,14090,15533,12279,13490,14661,15247,7118,7984,8849,6995,7433,8072,8390,5528,6106,6684,5284,6057,6589,6857
1538,Egypt,818,Leastdevelopedcountries,941,24650,25793,28983,52004,76938,74374,147333,14188,14790,16566,31659,45105,43997,77458,10462,11003,12417,20345,31833,30377,69875
1539,Libya,434,Leastdevelopedcountries,941,68193,91287,115898,127693,140983,159598,154994,38774,57626,78219,93629,103617,116806,113227,29419,33661,37679,34064,37366,42792,41767
1540,Morocco,504,Leastdevelopedcountries,941,2994,2749,2897,3074,3339,4305,4725,1584,1436,1489,1558,1683,2162,2435,1410,1313,1408,1516,1656,2143,2290
1541,Sudan,729,Leastdevelopedcountries,941,1312506,961285,711024,446946,552472,563947,1300895,649916,478246,356068,226744,280339,282679,645340,662590,483039,354956,220202,272133,281268,655555
1542,Tunisia,788,Leastdevelopedcountries,941,901,895,1036,991,1497,1933,2051,449,451,520,508,771,991,1065,452,444,516,483,726,942,986
1543,WesternSahara,732,Leastdevelopedcountries,941,2399,2665,2936,3473,4011,4621,4836,1324,1489,1658,2007,2355,2756,2886,1075,1176,1278,1466,1656,1865,1950
1544,Botswana,72,Leastdevelopedcountries,941,5325,8529,12628,17987,8949,9718,10380,2936,4651,6853,9640,5021,5451,5837,2389,3878,5775,8347,3928,4267,4543
1545,Eswatini,748,Leastdevelopedcountries,941,46513,18847,14163,12753,12356,11835,12329,26083,10875,8521,7353,7211,6893,7166,20430,7972,5642,5400,5145,4942,5163
1546,Lesotho,426,Leastdevelopedcountries,941,461,404,336,340,344,489,642,251,220,184,187,190,277,359,210,184,152,153,154,212,283
1547,Namibia,516,Leastdevelopedcountries,941,39268,37542,63337,50239,48786,47781,51870,23297,22375,36836,29082,28243,27695,30026,15971,15167,26501,21157,20543,20086,21844
1548,SouthAfrica,710,Leastdevelopedcountries,941,592785,518734,446039,609108,981195,939533,931750,426771,352014,296891,389039,624495,539741,562714,166014,166720,149148,220069,356700,399792,369036
1549,Benin,204,Leastdevelopedcountries,941,47604,65565,83528,148134,168255,194253,209096,23914,33352,42792,66965,75006,87624,94549,23690,32213,40736,81169,93249,106629,114547
1550,BurkinaFaso,854,Leastdevelopedcountries,941,56019,98923,69344,67922,76676,80176,74843,24222,44231,30231,29479,33075,34584,31883,31797,54692,39113,38443,43601,45592,42960
1551,CaboVerde,132,Leastdevelopedcountries,941,4900,6439,7971,8346,8714,9049,9584,2401,3268,4134,4343,4547,4707,4983,2499,3171,3837,4003,4167,4342,4601
1552,CotedIvoire,384,Leastdevelopedcountries,941,1658466,1906170,1965125,2057244,2149364,2243333,2326233,941492,1073504,1106633,1158512,1210016,1262941,1309611,716974,832666,858492,898732,939348,980392,1016622
1553,Gambia,270,Leastdevelopedcountries,941,114683,146646,177198,176680,180447,186955,209397,64140,79439,93922,93088,94878,98145,110004,50543,67207,83276,83592,85569,88810,99393
1554,Ghana,288,Leastdevelopedcountries,941,130431,218573,153228,217397,173499,212582,244189,65800,108607,77823,113756,94272,115516,132948,64631,109966,75405,103641,79227,97066,111241
1555,Guinea,324,Leastdevelopedcountries,941,390679,759595,541925,179773,111258,69980,67218,193472,376913,267659,84771,52329,40172,38730,197207,382682,274266,95002,58929,29808,28488
1556,GuineaBissau,624,Leastdevelopedcountries,941,13535,25343,17052,17836,18662,19789,15424,6824,12561,8478,8902,9193,9657,7675,6711,12782,8574,8934,9469,10132,7749
1557,Liberia,430,Leastdevelopedcountries,941,47388,163147,108977,55581,51564,51159,47021,27955,86979,59326,30789,28737,28332,25989,19433,76168,49651,24792,22827,22827,21032
1558,Mali,466,Leastdevelopedcountries,941,77796,80798,67238,74694,123907,153231,187997,38560,40938,35180,38263,65567,81039,99689,39236,39860,32058,36431,58340,72192,88308
1559,Mauritania,478,Leastdevelopedcountries,941,105537,83057,50329,50889,35726,127415,139456,54685,43612,27130,28322,20972,72787,79850,50852,39445,23199,22567,14754,54628,59606
1560,Niger,562,Leastdevelopedcountries,941,57719,101251,90146,91810,93262,144008,173450,29784,48953,41877,42593,43203,67454,79570,27935,52298,48269,49217,50059,76554,93880
1561,Nigeria,566,Leastdevelopedcountries,941,213992,269877,336555,668925,683263,827172,886342,120055,150442,186403,389486,397788,453826,483402,93937,119435,150152,279439,285475,373346,402940
1562,SaintHelena,654,Leastdevelopedcountries,941,0,0,0,0,0,0,0,0,0,0,0,0,0,0,0,0,0,0,0,0,0
1563,Senegal,686,Leastdevelopedcountries,941,206755,221642,172556,174782,184831,189933,195837,108742,116147,94643,95134,101190,104138,107190,98013,105495,77913,79648,83641,85795,88647
1564,SierraLeone,694,Leastdevelopedcountries,941,213185,89755,89370,139532,72556,52337,47188,117681,50890,49341,72155,39206,29099,26603,95504,38865,40029,67377,33350,23238,20585
1565,Togo,768,Leastdevelopedcountries,941,46753,54266,76791,119244,156266,167532,169084,26065,30383,41634,61848,80852,87412,88801,20688,23883,35157,57396,75414,80120,80283
1566,Kazakhstan,398,Leastdevelopedcountries,941,0,0,0,0,0,0,0,0,0,0,0,0,0,0,0,0,0,0,0,0,0
1567,Kyrgyzstan,417,Leastdevelopedcountries,941,0,0,0,0,0,0,0,0,0,0,0,0,0,0,0,0,0,0,0,0,0
1568,Tajikistan,762,Leastdevelopedcountries,941,8560,12309,17171,12685,12653,12438,12474,3761,5546,7872,5710,5726,5573,5589,4799,6763,9299,6975,6927,6865,6885
1569,Turkmenistan,795,Leastdevelopedcountries,941,321,3210,1784,808,345,231,198,158,1384,769,349,156,116,99,163,1826,1015,459,189,115,99
1570,Uzbekistan,860,Leastdevelopedcountries,941,0,0,0,0,0,0,0,0,0,0,0,0,0,0,0,0,0,0,0,0,0
1571,China,156,Leastdevelopedcountries,941,470,857,1273,1839,2323,2865,3115,163,328,518,861,1207,1551,1687,307,529,755,978,1116,1314,1428
1572,DemPeoplesRepublicofKorea,408,Leastdevelopedcountries,941,74,86,97,118,138,152,153,21,27,33,44,54,60,61,53,59,64,74,84,92,92
1573,Japan,392,Leastdevelopedcountries,941,3281,6464,8938,12128,12858,14218,19901,1672,3104,4130,5524,5782,6343,8879,1609,3360,4808,6604,7076,7875,11022
1574,Mongolia,496,Leastdevelopedcountries,941,4,4,5,2,1,1,0,3,4,4,2,1,1,0,1,0,1,0,0,0,0
1575,RepublicofKorea,410,Leastdevelopedcountries,941,759,5631,12300,18347,31646,95740,134345,749,5444,11883,15225,24386,57811,72927,10,187,417,3122,7260,37929,61418
1576,BruneiDarussalam,96,Leastdevelopedcountries,941,4324,5245,6164,6302,6440,6578,7165,3405,4156,4905,5022,5139,5256,5726,919,1089,1259,1280,1301,1322,1439
1577,Cambodia,116,Leastdevelopedcountries,941,166,435,704,549,396,357,378,94,245,397,315,236,216,231,72,190,307,234,160,141,147
1578,Indonesia,360,Leastdevelopedcountries,941,729,71378,142028,78666,20346,22525,23681,476,35745,71014,41882,11455,12896,13539,253,35633,71014,36784,8891,9629,10142
1579,LaoPeoplesDemocraticRepublic,418,Leastdevelopedcountries,941,1802,1722,1479,1364,3813,6263,6699,910,863,743,695,2022,3350,3585,892,859,736,669,1791,2913,3114
1580,Malaysia,458,Leastdevelopedcountries,941,44259,72647,124519,470975,868622,1293517,1374342,34628,46027,71260,286848,533394,793422,858180,9631,26620,53259,184127,335228,500095,516162
1581,Myanmar,104,Leastdevelopedcountries,941,1370,1557,1359,1154,1065,1024,1066,1158,1236,1043,889,826,797,830,212,321,316,265,239,227,236
1582,Philippines,608,Leastdevelopedcountries,941,12679,17058,7467,6039,2555,2504,2651,6530,8622,3568,2938,1243,1215,1298,6149,8436,3899,3101,1312,1289,1353
1583,Singapore,702,Leastdevelopedcountries,941,8818,18587,30155,47991,68502,78584,79857,5840,12247,19725,28036,37883,43426,44088,2978,6340,10430,19955,30619,35158,35769
1584,Thailand,764,Leastdevelopedcountries,941,474769,756545,1194384,2105636,3111348,3338993,3494594,252599,395262,610689,1047506,1552762,1660540,1735674,222170,361283,583695,1058130,1558586,1678453,1758920
1585,TimorLeste,626,Leastdevelopedcountries,941,103,112,122,130,133,69,67,60,62,64,73,78,53,53,43,50,58,57,55,16,14
1586,VietNam,704,Leastdevelopedcountries,941,23477,39801,28764,20636,25749,29343,30938,12747,21894,16579,12356,14887,16899,17823,10730,17907,12185,8280,10862,12444,13115
1587,Afghanistan,4,Leastdevelopedcountries,941,0,0,0,0,0,0,0,0,0,0,0,0,0,0,0,0,0,0,0,0,0
1588,Bangladesh,50,Leastdevelopedcountries,941,307167,312215,317283,241581,370085,384225,1051433,150061,152630,155207,121448,183397,190867,769033,157106,159585,162076,120133,186688,193358,282400
1589,Bhutan,64,Leastdevelopedcountries,941,374,439,506,633,760,803,838,246,289,334,414,494,482,506,128,150,172,219,266,321,332
1590,India,356,Leastdevelopedcountries,941,5007386,4824041,4627813,4184329,3845387,3583171,3351646,2607087,2501375,2388878,2046369,1836216,1675727,1537319,2400299,2322666,2238935,2137960,2009171,1907444,1814327
1591,IranIslamicRepublicof,364,Leastdevelopedcountries,941,3980307,2660518,2232283,2376348,2572558,2621236,2710601,2209668,1471768,1232291,1305236,1411729,1429578,1471475,1770639,1188750,999992,1071112,1160829,1191658,1239126
1592,Maldives,462,Leastdevelopedcountries,941,1623,3574,5286,20163,28598,37034,40390,892,1788,2914,12447,24501,36556,39871,731,1786,2372,7716,4097,478,519
1593,Nepal,524,Leastdevelopedcountries,941,17305,108241,111718,108840,75701,28973,27724,8108,54639,56803,55245,38717,14878,14131,9197,53602,54915,53595,36984,14095,13593
1594,Pakistan,586,Leastdevelopedcountries,941,3378571,1294867,2072639,1168761,1993120,1712838,1600520,1725166,662192,1108092,624931,1018295,811944,806619,1653405,632675,964547,543830,974825,900894,793901
1595,SriLanka,144,Leastdevelopedcountries,941,13,174,343,687,1391,1404,1417,9,151,270,455,929,930,948,4,23,73,232,462,474,469
1596,WesternAsia,922,Leastdevelopedcountries,941,2218621,2409214,2632211,3288645,5027247,6416724,7734681,1587113,1728157,1892277,2424355,3815848,4788490,5786762,631508,681057,739934,864290,1211399,1628234,1947919
1597,Armenia,51,Leastdevelopedcountries,941,0,0,0,0,0,0,0,0,0,0,0,0,0,0,0,0,0,0,0,0,0
1598,Azerbaijan,31,Leastdevelopedcountries,941,254,223,224,213,195,186,176,175,158,157,148,138,132,126,79,65,67,65,57,54,50
1599,Bahrain,48,Leastdevelopedcountries,941,32863,38404,44063,71426,114556,124191,160904,26844,30285,33707,56742,92336,101029,131875,6019,8119,10356,14684,22220,23162,29029
1600,Cyprus,196,Leastdevelopedcountries,941,613,874,1123,2811,2568,2341,3273,381,525,671,2101,1548,1431,2343,232,349,452,710,1020,910,930
1601,Georgia,268,Leastdevelopedcountries,941,0,0,60,56,56,57,56,0,0,40,38,38,39,39,0,0,20,18,18,18,17
1602,Iraq,368,Leastdevelopedcountries,941,5785,7109,6737,7837,8008,7820,7887,4737,5318,4621,6056,6291,6414,6368,1048,1791,2116,1781,1717,1406,1519
1603,Israel,376,Leastdevelopedcountries,941,79541,90295,95994,102586,110422,113882,110585,39091,43711,46385,49563,53235,54615,53037,40450,46584,49609,53023,57187,59267,57548
1604,Jordan,400,Leastdevelopedcountries,941,5874,10476,15070,14079,32194,37292,48960,4239,7271,10321,10971,24411,23329,30530,1635,3205,4749,3108,7783,13963,18430
1605,Kuwait,414,Leastdevelopedcountries,941,203822,172223,207525,252734,361554,500749,543367,152146,128951,156333,196167,286076,380624,412984,51676,43272,51192,56567,75478,120125,130383
1606,Lebanon,422,Leastdevelopedcountries,941,2517,4517,6515,5721,4976,5688,5372,1833,3067,4301,3887,3510,2724,2636,684,1450,2214,1834,1466,2964,2736
1607,Oman,512,Leastdevelopedcountries,941,54951,91278,101951,100763,115839,263437,336751,52170,83241,91790,90864,105050,242595,310118,2781,8037,10161,9899,10789,20842,26633
1608,Qatar,634,Leastdevelopedcountries,941,63831,70736,67101,131203,301744,373837,587574,48464,55424,54194,107481,260752,321255,504325,15367,15312,12907,23722,40992,52582,83249
1609,SaudiArabia,682,Leastdevelopedcountries,941,1438643,1484604,1525379,1884294,2443094,3158549,3945429,1008540,1042331,1073285,1353435,1791738,2283726,2830137,430103,442273,452094,530859,651356,874823,1115292
1610,StateofPalestine,275,Leastdevelopedcountries,941,1486,1452,1419,1415,1411,1407,1413,764,743,723,723,723,723,731,722,709,696,692,688,684,682
1611,SyrianArabRepublic,760,Leastdevelopedcountries,941,200,485,706,2309,6243,2730,2431,102,246,357,1180,3184,1431,1245,98,239,349,1129,3059,1299,1186
1612,Turkey,792,Leastdevelopedcountries,941,8041,10250,10027,10467,13537,99318,122451,4179,5732,5950,6112,7793,54865,63536,3862,4518,4077,4355,5744,44453,58915
1613,UnitedArabEmirates,784,Leastdevelopedcountries,941,248977,341640,453989,584610,1285631,1404833,1531541,202889,272081,356106,469568,1055850,1143848,1246815,46088,69559,97883,115042,229781,260985,284726
1614,Yemen,887,Leastdevelopedcountries,941,71223,84648,94328,116121,225219,320407,326511,40559,49073,53336,69319,123175,169710,189917,30664,35575,40992,46802,102044,150697,136594
1615,EasternEurope,923,Leastdevelopedcountries,941,33306,29440,24902,26925,24271,36415,32038,17775,18889,19627,20419,17968,26708,24012,15531,10551,5275,6506,6303,9707,8026
1616,Belarus,112,Leastdevelopedcountries,941,165,258,350,337,323,340,331,129,189,250,241,231,243,240,36,69,100,96,92,97,91
1617,Bulgaria,100,Leastdevelopedcountries,941,379,567,739,3071,3410,4328,1498,271,379,481,2206,2501,3067,936,108,188,258,865,909,1261,562
1618,Czechia,203,Leastdevelopedcountries,941,256,387,513,1142,1656,2099,3965,201,298,397,841,1212,1484,3065,55,89,116,301,444,615,900
1619,Hungary,348,Leastdevelopedcountries,941,979,1362,1732,3867,3580,11333,4545,660,923,1187,2542,2413,7989,3201,319,439,545,1325,1167,3344,1344
1620,Poland,616,Leastdevelopedcountries,941,941,797,687,868,1088,1024,1352,791,675,576,686,813,785,1059,150,122,111,182,275,239,293
1621,RepublicofMoldova,498,Leastdevelopedcountries,941,0,0,0,0,0,0,0,0,0,0,0,0,0,0,0,0,0,0,0,0,0
1622,Romania,642,Leastdevelopedcountries,941,4,6,8,9,15,396,3387,3,5,7,9,12,295,2573,1,1,1,0,3,101,814
1623,RussianFederation,643,Leastdevelopedcountries,941,27974,23394,17994,14768,11266,11484,11421,13728,14371,14498,11639,8541,8690,8687,14246,9023,3496,3129,2725,2794,2734
1624,Slovakia,703,Leastdevelopedcountries,941,56,201,463,656,328,599,648,47,152,357,542,223,419,452,9,49,106,114,105,180,196
1625,Ukraine,804,Leastdevelopedcountries,941,2552,2468,2416,2207,2605,4812,4891,1945,1897,1874,1713,2022,3736,3799,607,571,542,494,583,1076,1092
1626,ChannelIslands,830,Leastdevelopedcountries,941,0,0,0,0,0,0,0,0,0,0,0,0,0,0,0,0,0,0,0,0,0
1627,Denmark,208,Leastdevelopedcountries,941,3872,12512,21130,27646,32618,44221,52247,2207,6628,11043,14521,17209,23614,27834,1665,5884,10087,13125,15409,20607,24413
1628,Estonia,233,Leastdevelopedcountries,941,0,0,0,0,82,173,602,0,0,0,0,62,144,473,0,0,0,0,20,29,129
1629,FaroeIslands,234,Leastdevelopedcountries,941,0,0,1,5,27,36,39,0,0,1,4,18,24,26,0,0,0,1,9,12,13
1630,Finland,246,Leastdevelopedcountries,941,717,3329,5923,13115,17991,27505,38147,471,1995,3513,7630,10312,15540,22124,246,1334,2410,5485,7679,11965,16023
1631,Iceland,352,Leastdevelopedcountries,941,66,107,132,247,346,429,701,33,57,73,128,183,218,390,33,50,59,119,163,211,311
1632,Ireland,372,Leastdevelopedcountries,941,917,2671,5897,7052,7049,7199,8173,490,1378,3131,4251,4320,4376,4997,427,1293,2766,2801,2729,2823,3176
1633,IsleofMan,833,Leastdevelopedcountries,941,0,0,0,0,0,0,0,0,0,0,0,0,0,0,0,0,0,0,0,0,0
1634,Latvia,428,Leastdevelopedcountries,941,39,42,53,52,63,71,129,21,29,45,49,59,59,94,18,13,8,3,4,12,35
1635,Lithuania,440,Leastdevelopedcountries,941,40,45,35,31,24,80,163,26,29,23,24,22,57,115,14,16,12,7,2,23,48
1636,Norway,578,Leastdevelopedcountries,941,6131,9312,14748,30622,51830,84784,105034,4130,5625,8282,16880,27950,46433,57920,2001,3687,6466,13742,23880,38351,47114
1637,Sweden,752,Leastdevelopedcountries,941,36798,43673,46859,60286,94168,188167,240363,19848,23400,24951,31493,49053,101139,132150,16950,20273,21908,28793,45115,87028,108213
1638,UnitedKingdom,826,Leastdevelopedcountries,941,244799,333026,426898,554199,655594,750448,844258,129836,172088,216816,279212,324962,365934,404595,114963,160938,210082,274987,330632,384514,439663
1639,Albania,8,Leastdevelopedcountries,941,0,0,0,0,0,0,0,0,0,0,0,0,0,0,0,0,0,0,0,0,0
1640,Andorra,20,Leastdevelopedcountries,941,0,0,0,0,0,0,0,0,0,0,0,0,0,0,0,0,0,0,0,0,0
1641,BosniaandHerzegovina,70,Leastdevelopedcountries,941,0,0,0,0,0,0,0,0,0,0,0,0,0,0,0,0,0,0,0,0,0
1642,Croatia,191,Leastdevelopedcountries,941,0,0,0,56,112,112,102,0,0,0,37,76,76,70,0,0,0,19,36,36,32
1643,Gibraltar,292,Leastdevelopedcountries,941,0,0,0,0,0,0,0,0,0,0,0,0,0,0,0,0,0,0,0,0,0
1644,Greece,300,Leastdevelopedcountries,941,15689,13928,12400,19108,26721,24493,66301,9278,8716,8207,13979,20455,16592,33628,6411,5212,4193,5129,6266,7901,32673
1645,HolySee,336,Leastdevelopedcountries,941,0,0,0,0,0,0,0,0,0,0,0,0,0,0,0,0,0,0,0,0,0
1646,Italy,380,Leastdevelopedcountries,941,82062,98384,114688,209480,290151,341176,445772,55903,64816,73734,141159,196410,239711,328447,26159,33568,40954,68321,93741,101465,117325
1647,Malta,470,Leastdevelopedcountries,941,66,81,98,126,5781,3534,7694,43,51,65,78,2944,1843,4312,23,30,33,48,2837,1691,3382
1648,Montenegro,499,Leastdevelopedcountries,941,0,0,0,0,0,0,0,0,0,0,0,0,0,0,0,0,0,0,0,0,0
1649,NorthMacedonia,807,Leastdevelopedcountries,941,0,0,0,0,0,0,0,0,0,0,0,0,0,0,0,0,0,0,0,0,0
1650,Portugal,620,Leastdevelopedcountries,941,230026,253963,288224,294709,252275,285990,334359,109438,121568,139133,142597,122724,131569,160572,120588,132395,149091,152112,129551,154421,173787
1651,SanMarino,674,Leastdevelopedcountries,941,0,0,0,0,0,0,0,0,0,0,0,0,0,0,0,0,0,0,0,0,0
1652,Serbia,688,Leastdevelopedcountries,941,6,44,60,60,59,57,56,3,21,28,28,27,26,26,3,23,32,32,32,31,30
1653,Slovenia,705,Leastdevelopedcountries,941,13,27,72,66,130,310,374,7,16,48,42,89,204,267,6,11,24,24,41,106,107
1654,Spain,724,Leastdevelopedcountries,941,13716,19045,39295,89111,159962,139376,168905,9496,13394,27079,70287,129153,103787,121653,4220,5651,12216,18824,30809,35589,47252
1655,Austria,40,Leastdevelopedcountries,941,11641,13144,14626,16203,21159,59255,70223,7395,8421,9449,10344,13412,39234,46063,4246,4723,5177,5859,7747,20021,24160
1656,Belgium,56,Leastdevelopedcountries,941,74945,74011,70222,105082,141096,185675,222160,40804,40251,36595,53142,69508,94023,114260,34141,33760,33627,51940,71588,91652,107900
1657,France,250,Leastdevelopedcountries,941,468056,483199,498319,668521,762052,857173,996295,250733,255067,259395,335908,374917,408764,476919,217323,228132,238924,332613,387135,448409,519376
1658,Germany,276,Leastdevelopedcountries,941,92447,126600,160741,171079,179146,211567,502570,63676,80197,96720,99817,101981,119232,309771,28771,46403,64021,71262,77165,92335,192799
1659,Liechtenstein,438,Leastdevelopedcountries,941,0,0,1,17,75,110,123,0,0,1,7,43,65,61,0,0,0,10,32,45,62
1660,Luxembourg,442,Leastdevelopedcountries,941,206,193,186,160,141,212,8979,107,102,96,90,84,128,5079,99,91,90,70,57,84,3900
1661,Monaco,492,Leastdevelopedcountries,941,0,0,0,0,0,0,0,0,0,0,0,0,0,0,0,0,0,0,0,0,0
1662,Netherlands,528,Leastdevelopedcountries,941,28383,50233,73786,103913,100628,126465,145517,17322,29866,43321,61100,56614,69487,78705,11061,20367,30465,42813,44014,56978,66812
1663,Switzerland,756,Leastdevelopedcountries,941,24204,32621,41205,47901,56915,95622,115613,13129,18452,23876,26685,30490,50711,64986,11075,14169,17329,21216,26425,44911,50627
1664,Anguilla,660,Leastdevelopedcountries,941,0,0,0,0,0,0,0,0,0,0,0,0,0,0,0,0,0,0,0,0,0
1665,AntiguaandBarbuda,28,Leastdevelopedcountries,941,12,57,101,109,116,123,125,5,26,47,51,54,57,60,7,31,54,58,62,66,65
1666,Aruba,533,Leastdevelopedcountries,941,320,660,1000,1288,1552,1632,1824,38,178,319,446,566,595,641,282,482,681,842,986,1037,1183
1667,Bahamas,44,Leastdevelopedcountries,941,10894,15759,20628,23053,25476,27603,29640,6814,9370,11930,13226,14520,15646,16765,4080,6389,8698,9827,10956,11957,12875
1668,Barbados,52,Leastdevelopedcountries,941,0,0,0,24,32,33,32,0,0,0,8,10,10,10,0,0,0,16,22,23,22
1669,BritishVirginIslands,92,Leastdevelopedcountries,941,0,0,0,0,0,0,0,0,0,0,0,0,0,0,0,0,0,0,0,0,0
1670,CaymanIslands,136,Leastdevelopedcountries,941,19,41,74,69,71,71,77,14,28,49,47,47,49,55,5,13,25,22,24,22,22
1671,Cuba,192,Leastdevelopedcountries,941,2281,1729,1332,691,347,170,84,1610,1199,896,435,191,85,40,671,530,436,256,156,85,44
1672,CuraÃao,531,Leastdevelopedcountries,941,0,0,0,0,1812,1968,2295,0,0,0,0,992,1080,1284,0,0,0,0,820,888,1011
1673,Dominica,212,Leastdevelopedcountries,941,561,732,873,1071,3071,2453,2537,274,357,432,525,1536,1227,1252,287,375,441,546,1535,1226,1285
1674,DominicanRepublic,214,Leastdevelopedcountries,941,187349,208087,228822,271068,313625,475354,496392,122868,134734,146600,170382,194344,310625,323962,64481,73353,82222,100686,119281,164729,172430
1675,Grenada,308,Leastdevelopedcountries,941,0,0,0,0,0,0,0,0,0,0,0,0,0,0,0,0,0,0,0,0,0
1676,Guadeloupe,312,Leastdevelopedcountries,941,12028,10272,8515,11623,14731,14113,13973,6776,5528,4280,5600,6920,6273,6139,5252,4744,4235,6023,7811,7840,7834
1677,Haiti,332,Leastdevelopedcountries,941,0,0,0,0,0,0,0,0,0,0,0,0,0,0,0,0,0,0,0,0,0
1678,Jamaica,388,Leastdevelopedcountries,941,0,0,0,0,0,0,0,0,0,0,0,0,0,0,0,0,0,0,0,0,0
1679,Martinique,474,Leastdevelopedcountries,941,1109,1335,1562,1634,1707,1982,1966,631,805,979,1009,1039,1184,1175,478,530,583,625,668,798,791
1680,Montserrat,500,Leastdevelopedcountries,941,0,0,0,0,0,0,0,0,0,0,0,0,0,0,0,0,0,0,0,0,0
1681,PuertoRico,630,Leastdevelopedcountries,941,295,310,327,299,235,160,129,140,147,155,142,110,74,60,155,163,172,157,125,86,69
1682,SaintBarthelemy,652,Leastdevelopedcountries,941,0,0,0,0,0,0,0,0,0,0,0,0,0,0,0,0,0,0,0,0,0
1683,SaintKittsandNevis,659,Leastdevelopedcountries,941,0,0,0,0,0,0,0,0,0,0,0,0,0,0,0,0,0,0,0,0,0
1684,SaintLucia,662,Leastdevelopedcountries,941,17,17,32,31,29,26,22,8,8,16,16,15,14,13,9,9,16,15,14,12,9
1685,SaintMartinFrenchpart,663,Leastdevelopedcountries,941,0,0,0,0,0,0,0,0,0,0,0,0,0,0,0,0,0,0,0,0,0
1686,SaintVincentandtheGrenadines,670,Leastdevelopedcountries,941,0,0,0,0,0,0,0,0,0,0,0,0,0,0,0,0,0,0,0,0,0
1687,SintMaartenDutchpart,534,Leastdevelopedcountries,941,0,0,0,1317,2635,2746,2901,0,0,0,759,1518,1581,1671,0,0,0,558,1117,1165,1230
1688,TrinidadandTobago,780,Leastdevelopedcountries,941,0,0,0,0,0,0,0,0,0,0,0,0,0,0,0,0,0,0,0,0,0
1689,TurksandCaicosIslands,796,Leastdevelopedcountries,941,2430,3567,5127,5652,9756,13928,15787,1258,1813,2564,2817,4878,6965,7896,1172,1754,2563,2835,4878,6963,7891
1690,UnitedStatesVirginIslands,850,Leastdevelopedcountries,941,188,346,506,574,644,644,643,90,164,239,273,308,308,308,98,182,267,301,336,336,335
1691,CentralAmerica,916,Leastdevelopedcountries,941,1209,1121,1277,1777,2438,2202,7608,815,720,753,1012,1399,1201,4048,394,401,524,765,1039,1001,3560
1692,Belize,84,Leastdevelopedcountries,941,35,37,38,42,46,54,60,19,20,20,22,25,30,35,16,17,18,20,21,24,25
1693,CostaRica,188,Leastdevelopedcountries,941,145,103,111,95,166,146,166,71,49,59,42,79,77,92,74,54,52,53,87,69,74
1694,ElSalvador,222,Leastdevelopedcountries,941,11,9,6,6,6,6,6,11,9,6,6,6,6,6,0,0,0,0,0,0,0
1695,Guatemala,320,Leastdevelopedcountries,941,26,18,10,11,12,14,13,7,6,5,6,8,9,9,19,12,5,5,4,5,4
1696,Honduras,340,Leastdevelopedcountries,941,34,34,33,32,31,43,43,29,29,28,27,27,38,38,5,5,5,5,4,5,5
1697,Mexico,484,Leastdevelopedcountries,941,584,496,433,751,1155,789,6022,462,365,283,475,720,437,3164,122,131,150,276,435,352,2858
1698,Nicaragua,558,Leastdevelopedcountries,941,222,179,289,414,438,468,479,126,100,147,195,210,226,235,96,79,142,219,228,242,244
1699,Panama,591,Leastdevelopedcountries,941,152,245,357,426,584,682,819,90,142,205,239,324,378,469,62,103,152,187,260,304,350
1700,Argentina,32,Leastdevelopedcountries,941,908,935,963,1627,458,459,458,443,469,501,843,250,250,250,465,466,462,784,208,209,208
1701,BoliviaPlurinationalStateof,68,Leastdevelopedcountries,941,62,75,70,124,158,205,189,34,35,34,73,110,133,136,28,40,36,51,48,72,53
1702,Brazil,76,Leastdevelopedcountries,941,6109,6909,7707,8534,9918,18550,60984,3308,3841,4373,4638,5255,11979,31905,2801,3068,3334,3896,4663,6571,29079
1703,Chile,152,Leastdevelopedcountries,941,36,40,45,67,90,39825,236912,24,23,25,38,51,23322,149600,12,17,20,29,39,16503,87312
1704,Colombia,170,Leastdevelopedcountries,941,0,0,0,0,0,0,0,0,0,0,0,0,0,0,0,0,0,0,0,0,0
1705,Ecuador,218,Leastdevelopedcountries,941,75,86,95,115,181,283,344,47,54,60,72,116,172,222,28,32,35,43,65,111,122
1706,FalklandIslandsMalvinas,238,Leastdevelopedcountries,941,0,0,0,0,0,0,0,0,0,0,0,0,0,0,0,0,0,0,0,0,0
1707,FrenchGuiana,254,Leastdevelopedcountries,941,10525,12291,14057,15298,16539,20501,23039,5616,6282,6950,6991,7034,8765,9850,4909,6009,7107,8307,9505,11736,13189
1708,Guyana,328,Leastdevelopedcountries,941,0,0,0,0,0,0,0,0,0,0,0,0,0,0,0,0,0,0,0,0,0
1709,Paraguay,600,Leastdevelopedcountries,941,0,0,0,0,0,0,0,0,0,0,0,0,0,0,0,0,0,0,0,0,0
1710,Peru,604,Leastdevelopedcountries,941,37,39,47,56,61,64,115,15,15,17,20,22,24,45,22,24,30,36,39,40,70
1711,Suriname,740,Leastdevelopedcountries,941,0,0,0,0,0,0,0,0,0,0,0,0,0,0,0,0,0,0,0,0,0
1712,Uruguay,858,Leastdevelopedcountries,941,0,0,0,0,0,0,0,0,0,0,0,0,0,0,0,0,0,0,0,0,0
1713,VenezuelaBolivarianRepublicof,862,Leastdevelopedcountries,941,2294,2098,1960,2033,2134,2218,2083,1285,1182,1108,1149,1204,1237,1152,1009,916,852,884,930,981,931
1714,Bermuda,60,Leastdevelopedcountries,941,1028,1160,1103,595,11,10,3,666,710,630,280,4,5,1,362,450,473,315,7,5,2
1715,Canada,124,Leastdevelopedcountries,941,157741,199512,246032,312460,388725,482764,523040,76787,96574,118686,150922,188349,233220,252707,80954,102938,127346,161538,200376,249544,270333
1716,Greenland,304,Leastdevelopedcountries,941,0,0,0,0,0,0,0,0,0,0,0,0,0,0,0,0,0,0,0,0,0
1717,SaintPierreandMiquelon,666,Leastdevelopedcountries,941,0,0,0,0,0,0,0,0,0,0,0,0,0,0,0,0,0,0,0,0,0
1718,UnitedStatesofAmerica,840,Leastdevelopedcountries,941,690522,971508,1258015,1567390,1932964,2429835,2803364,347239,500954,658454,791210,955135,1185454,1352086,343283,470554,599561,776180,977829,1244381,1451278
1719,Australia,36,Leastdevelopedcountries,941,70335,86248,97430,153162,243040,331950,411917,36309,44829,50903,80467,128264,174412,218984,34026,41419,46527,72695,114776,157538,192933
1720,NewZealand,554,Leastdevelopedcountries,941,7283,8704,12290,16263,18966,21373,29761,3605,4268,5980,7899,9194,10339,14402,3678,4436,6310,8364,9772,11034,15359
1721,Melanesia,928,Leastdevelopedcountries,941,9019,9596,10012,10047,10335,8990,9346,4660,4954,5171,5279,5487,4549,4723,4359,4642,4841,4768,4848,4441,4623
1722,Fiji,242,Leastdevelopedcountries,941,3272,3209,3157,3111,3340,3439,3515,1670,1645,1630,1642,1785,1856,1902,1602,1564,1527,1469,1555,1583,1613
1723,NewCaledonia,540,Leastdevelopedcountries,941,4150,4809,5470,5826,6184,4752,5042,2201,2517,2832,3029,3227,2217,2345,1949,2292,2638,2797,2957,2535,2697
1724,PapuaNewGuinea,598,Leastdevelopedcountries,941,514,524,391,407,344,348,345,277,288,235,256,219,227,230,237,236,156,151,125,121,115
1725,SolomonIslands,90,Leastdevelopedcountries,941,1000,989,943,628,354,331,322,473,469,448,314,199,188,184,527,520,495,314,155,143,138
1726,Vanuatu,548,Leastdevelopedcountries,941,83,65,51,75,113,120,122,39,35,26,38,57,61,62,44,30,25,37,56,59,60
1727,Micronesia,954,Leastdevelopedcountries,941,2600,2666,2789,2648,1294,1368,1432,1589,1700,1867,1756,930,955,1004,1011,966,922,892,364,413,428
1728,Guam,316,Leastdevelopedcountries,941,0,0,0,0,0,0,0,0,0,0,0,0,0,0,0,0,0,0,0,0,0
1729,Kiribati,296,Leastdevelopedcountries,941,377,339,302,295,288,292,311,203,177,152,157,162,165,177,174,162,150,138,126,127,134
1730,MarshallIslands,584,Leastdevelopedcountries,941,94,123,158,202,259,275,275,67,88,107,128,159,169,170,27,35,51,74,100,106,105
1731,MicronesiaFedStatesof,583,Leastdevelopedcountries,941,0,0,0,0,0,0,0,0,0,0,0,0,0,0,0,0,0,0,0,0,0
1732,Nauru,520,Leastdevelopedcountries,941,1539,1423,1307,1232,194,306,351,768,711,652,617,103,168,202,771,712,655,615,91,138,149
1733,NorthernMarianaIslands,580,Leastdevelopedcountries,941,590,781,1022,919,553,495,495,551,724,956,854,506,453,455,39,57,66,65,47,42,40
1734,Palau,585,Leastdevelopedcountries,941,0,0,0,0,0,0,0,0,0,0,0,0,0,0,0,0,0,0,0,0,0
1735,Polynesia,957,Leastdevelopedcountries,941,538,619,717,717,617,523,509,278,326,378,377,320,274,271,260,293,339,340,297,249,238
1736,AmericanSamoa,16,Leastdevelopedcountries,941,0,0,0,0,0,0,0,0,0,0,0,0,0,0,0,0,0,0,0,0,0
1737,CookIslands,184,Leastdevelopedcountries,941,0,0,0,0,0,0,0,0,0,0,0,0,0,0,0,0,0,0,0,0,0
1738,FrenchPolynesia,258,Leastdevelopedcountries,941,187,205,220,230,222,210,210,106,114,120,127,125,118,118,81,91,100,103,97,92,92
1739,Niue,570,Leastdevelopedcountries,941,40,57,73,74,37,36,35,27,35,47,47,23,23,23,13,22,26,27,14,13,12
1740,Samoa,882,Leastdevelopedcountries,941,75,111,150,139,122,99,88,39,59,79,73,63,51,49,36,52,71,66,59,48,39
1741,Tokelau,772,Leastdevelopedcountries,941,21,20,25,24,39,45,47,14,14,20,17,24,28,30,7,6,5,7,15,17,17
1742,Tonga,776,Leastdevelopedcountries,941,0,0,0,0,0,0,0,0,0,0,0,0,0,0,0,0,0,0,0,0,0
1743,Tuvalu,798,Leastdevelopedcountries,941,63,61,54,53,59,61,62,13,19,13,13,15,16,12,50,42,41,40,44,45,50
1744,WallisandFutunaIslands,876,Leastdevelopedcountries,941,152,165,195,197,138,72,67,79,85,99,100,70,38,39,73,80,96,97,68,34,28
1745,Developedregions,901,LandlockedDevelopingCountriesLLDC,1636,8592832,9230542,9656053,10614266,11666368,12496273,13948686,4196322,4588112,4876195,5341271,5824701,6211701,6935888,4396510,4642430,4779858,5272995,5841667,6284572,7012798
1746,Lessdevelopedregions,902,LandlockedDevelopingCountriesLLDC,1636,16493183,14644235,13478426,13673796,16074537,18840016,21329082,8682317,7634492,7105292,7267906,8402582,9877939,11211546,7810866,7009743,6373134,6405890,7671955,8962077,10117536
1747,Leastdevelopedcountries,941,LandlockedDevelopingCountriesLLDC,1636,3689755,4559329,2453170,2318734,2356460,3645368,5374891,1871627,2294645,1268032,1249232,1192005,1854629,2658830,1818128,2264684,1185138,1069502,1164455,1790739,2716061
1748,LandlockedDevelopingCountriesLLDC,1636,LandlockedDevelopingCountriesLLDC,1636,2617287,2673089,2323951,2261602,2183738,2820558,3667638,1273877,1291096,1122461,1104846,1098808,1432720,1832218,1343410,1381993,1201490,1156756,1084930,1387838,1835420
1749,SmallislanddevelopingStatesSIDS,1637,LandlockedDevelopingCountriesLLDC,1636,2890,3255,3637,4965,6912,7179,8827,1796,1998,2202,3121,4434,4692,5897,1094,1257,1435,1844,2478,2487,2930
1750,Highincomecountries,1503,LandlockedDevelopingCountriesLLDC,1636,2051016,2534312,3035364,4013660,5297803,6424431,8314937,1129716,1355817,1593385,2123285,2810346,3450040,4466746,921300,1178495,1441979,1890375,2487457,2974391,3848191
1751,Middleincomecountries,1517,LandlockedDevelopingCountriesLLDC,1636,19858430,18031096,18628554,18783619,20561178,21865101,22260387,10141544,9203862,9628488,9737799,10475049,11104498,11353509,9716886,8827234,9000066,9045820,10086129,10760603,10906878
1752,Uppermiddleincomecountries,1502,LandlockedDevelopingCountriesLLDC,1636,12458408,11548693,11278793,12214030,13270341,14406169,14739614,6394485,5896267,5786889,6242500,6786985,7387919,7571116,6063923,5652426,5491904,5971530,6483356,7018250,7168498
1753,Lowermiddleincomecountries,1501,LandlockedDevelopingCountriesLLDC,1636,7400022,6482403,7349761,6569589,7290837,7458932,7520773,3747059,3307595,3841599,3495299,3688064,3716579,3782393,3652963,3174808,3508162,3074290,3602773,3742353,3738380
1754,Lowincomecountries,1500,LandlockedDevelopingCountriesLLDC,1636,3175455,3308244,1469424,1489655,1880804,3045534,4701100,1606769,1662324,759020,747505,941304,1534452,2326468,1568686,1645920,710404,742150,939500,1511082,2374632
1755,Burundi,108,LandlockedDevelopingCountriesLLDC,1636,223776,161743,67364,61909,55525,65254,77625,109670,78816,32749,29238,25212,29660,35347,114106,82927,34615,32671,30313,35594,42278
1756,Comoros,174,LandlockedDevelopingCountriesLLDC,1636,0,0,0,0,0,0,0,0,0,0,0,0,0,0,0,0,0,0,0,0,0
1757,Djibouti,262,LandlockedDevelopingCountriesLLDC,1636,13405,10943,11023,10103,11222,11676,12578,5911,4829,4872,4832,4935,5185,5562,7494,6114,6151,5271,6287,6491,7016
1758,Eritrea,232,LandlockedDevelopingCountriesLLDC,1636,4288,4796,5304,6403,4929,5963,5209,2269,2616,2962,3667,3001,3619,3199,2019,2180,2342,2736,1928,2344,2010
1759,Ethiopia,231,LandlockedDevelopingCountriesLLDC,1636,384459,235765,131764,96629,111480,395349,410396,202075,130109,83046,55161,61653,209367,205905,182384,105656,48718,41468,49827,185982,204491
1760,Kenya,404,LandlockedDevelopingCountriesLLDC,1636,119824,223530,366964,381343,425962,481085,464873,62926,110918,179633,192864,203650,233009,228325,56898,112612,187331,188479,222312,248076,236548
1761,Madagascar,450,LandlockedDevelopingCountriesLLDC,1636,0,0,0,0,0,0,0,0,0,0,0,0,0,0,0,0,0,0,0,0,0
1762,Malawi,454,LandlockedDevelopingCountriesLLDC,1636,12442,99876,96153,91625,91850,81189,74955,3279,43658,41880,39752,39942,35071,33738,9163,56218,54273,51873,51908,46118,41217
1763,Mauritius,480,LandlockedDevelopingCountriesLLDC,1636,0,0,0,0,0,0,0,0,0,0,0,0,0,0,0,0,0,0,0,0,0
1764,Mayotte,175,LandlockedDevelopingCountriesLLDC,1636,0,0,0,0,0,0,0,0,0,0,0,0,0,0,0,0,0,0,0,0,0
1765,Mozambique,508,LandlockedDevelopingCountriesLLDC,1636,64124,88199,102590,140860,160796,170769,181567,34307,47372,53557,67509,76798,81583,87695,29817,40827,49033,73351,83998,89186,93872
1766,Reunion,638,LandlockedDevelopingCountriesLLDC,1636,0,0,0,0,0,0,0,0,0,0,0,0,0,0,0,0,0,0,0,0,0
1767,Rwanda,646,LandlockedDevelopingCountriesLLDC,1636,60499,85931,135348,162192,157739,226696,223124,31720,45791,71203,85079,83000,116133,114413,28779,40140,64145,77113,74739,110563,108711
1768,Seychelles,690,LandlockedDevelopingCountriesLLDC,1636,32,38,45,113,182,203,204,17,14,10,80,149,169,172,15,24,35,33,33,34,32
1769,Somalia,706,LandlockedDevelopingCountriesLLDC,1636,460000,18044,555,1148,26183,13641,21764,234861,9490,293,608,13356,6821,11554,225139,8554,262,540,12827,6820,10210
1770,SouthSudan,728,LandlockedDevelopingCountriesLLDC,1636,0,0,0,0,144586,168354,174326,0,0,0,0,74689,89858,90898,0,0,0,0,69897,78496,83428
1771,Uganda,800,LandlockedDevelopingCountriesLLDC,1636,264099,178864,84973,90882,93217,381614,1141781,143204,97248,44302,46638,47752,191559,555663,120895,81616,40671,44244,45465,190055,586118
1772,UnitedRepublicofTanzania,834,LandlockedDevelopingCountriesLLDC,1636,346629,949403,711939,503935,141887,197473,241841,172303,469116,362554,326008,72089,99171,123505,174326,480287,349385,177927,69798,98302,118336
1773,Zambia,894,LandlockedDevelopingCountriesLLDC,1636,52940,39438,24126,33686,42989,36367,48414,27830,20818,11885,18017,20850,17636,24225,25110,18620,12241,15669,22139,18731,24189
1774,Zimbabwe,716,LandlockedDevelopingCountriesLLDC,1636,91529,93684,123338,136104,137759,138510,144048,53072,53446,70339,77653,78653,78119,81992,38457,40238,52999,58451,59106,60391,62056
1775,MiddleAfrica,911,LandlockedDevelopingCountriesLLDC,1636,331012,1590980,461798,463032,547889,1171671,1374184,166196,795724,236085,240485,284939,608019,705027,164816,795256,225713,222547,262950,563652,669157
1776,Angola,24,LandlockedDevelopingCountriesLLDC,1636,177,268,357,767,1160,1507,3456,78,113,148,312,469,608,1801,99,155,209,455,691,899,1655
1777,Cameroon,120,LandlockedDevelopingCountriesLLDC,1636,95527,88874,82221,104323,170231,323992,352649,47150,43740,40330,56791,89942,167084,181684,48377,45134,41891,47532,80289,156908,170965
1778,CentralAfricanRepublic,140,LandlockedDevelopingCountriesLLDC,1636,10361,13591,15640,12207,11988,10327,13161,5640,7523,8748,6836,6717,5753,7203,4721,6068,6892,5371,5271,4574,5958
1779,Chad,148,LandlockedDevelopingCountriesLLDC,1636,10681,11605,12529,65645,77744,90675,105248,5766,6257,6748,29780,34826,42567,48789,4915,5348,5781,35865,42918,48108,56459
1780,Congo,178,LandlockedDevelopingCountriesLLDC,1636,18533,30583,50825,36609,76970,102298,101626,10197,16788,27841,21736,46575,60177,59554,8336,13795,22984,14873,30395,42121,42072
1781,DemocraticRepublicoftheCongo,180,LandlockedDevelopingCountriesLLDC,1636,175002,1418335,265547,205694,165995,581626,730668,84242,703761,130240,100885,78122,289245,359167,90760,714574,135307,104809,87873,292381,371501
1782,EquatorialGuinea,226,LandlockedDevelopingCountriesLLDC,1636,0,0,0,0,0,0,0,0,0,0,0,0,0,0,0,0,0,0,0,0,0
1783,Gabon,266,LandlockedDevelopingCountriesLLDC,1636,20731,27724,34679,37787,43801,61246,67376,13123,17542,22030,24145,28288,42585,46829,7608,10182,12649,13642,15513,18661,20547
1784,SaoTomeandPrincipe,678,LandlockedDevelopingCountriesLLDC,1636,0,0,0,0,0,0,0,0,0,0,0,0,0,0,0,0,0,0,0,0,0
1785,Algeria,12,LandlockedDevelopingCountriesLLDC,1636,0,0,0,0,0,0,0,0,0,0,0,0,0,0,0,0,0,0,0,0,0
1786,Egypt,818,LandlockedDevelopingCountriesLLDC,1636,2591,2256,2100,2500,2695,14119,37462,1671,1438,1319,1628,1721,7895,18625,920,818,781,872,974,6224,18837
1787,Libya,434,LandlockedDevelopingCountriesLLDC,1636,10230,7925,5764,6359,6980,7808,10067,5885,4792,3857,4633,5104,5695,7073,4345,3133,1907,1726,1876,2113,2994
1788,Morocco,504,LandlockedDevelopingCountriesLLDC,1636,0,0,0,0,0,0,0,0,0,0,0,0,0,0,0,0,0,0,0,0,0
1789,Sudan,729,LandlockedDevelopingCountriesLLDC,1636,1231861,659668,263445,236719,385650,396624,1069459,608552,320216,134667,121700,195562,196079,527209,623309,339452,128778,115019,190088,200545,542250
1790,Tunisia,788,LandlockedDevelopingCountriesLLDC,1636,200,198,230,220,771,996,1058,100,100,117,113,397,507,546,100,98,113,107,374,489,512
1791,WesternSahara,732,LandlockedDevelopingCountriesLLDC,1636,194,215,237,280,324,373,389,120,134,149,179,210,245,256,74,81,88,101,114,128,133
1792,Botswana,72,LandlockedDevelopingCountriesLLDC,1636,8517,13681,20286,45210,61428,66728,71403,4940,7597,11054,26907,35234,38256,40972,3577,6084,9232,18303,26194,28472,30431
1793,Eswatini,748,LandlockedDevelopingCountriesLLDC,1636,464,370,626,827,915,1091,1200,276,205,273,342,357,447,504,188,165,353,485,558,644,696
1794,Lesotho,426,LandlockedDevelopingCountriesLLDC,1636,544,496,436,442,448,638,837,286,258,224,228,232,340,439,258,238,212,214,216,298,398
1795,Namibia,516,LandlockedDevelopingCountriesLLDC,1636,30225,28897,26839,21215,20438,19997,21395,15888,15279,14245,11203,10818,10612,11385,14337,13618,12594,10012,9620,9385,10010
1796,SouthAfrica,710,LandlockedDevelopingCountriesLLDC,1636,333633,295894,347796,460451,757479,1140660,1159902,239045,194324,203288,262298,423157,620461,642976,94588,101570,144508,198153,334322,520199,516926
1797,Benin,204,LandlockedDevelopingCountriesLLDC,1636,30636,42196,53757,70537,82474,88812,95594,18124,25182,32241,40274,45726,49521,53391,12512,17014,21516,30263,36748,39291,42203
1798,BurkinaFaso,854,LandlockedDevelopingCountriesLLDC,1636,45851,86278,52893,47925,54102,56572,50311,20316,39360,23507,21084,23659,24739,21657,25535,46918,29386,26841,30443,31833,28654
1799,CaboVerde,132,LandlockedDevelopingCountriesLLDC,1636,9,12,14,11,7,7,6,4,6,7,6,4,4,4,5,6,7,5,3,3,2
1800,CotedIvoire,384,LandlockedDevelopingCountriesLLDC,1636,1400529,1615071,1661797,1739700,1817604,1896988,1966680,795360,911749,938159,982142,1025808,1070630,1109971,605169,703322,723638,757558,791796,826358,856709
1801,Gambia,270,LandlockedDevelopingCountriesLLDC,1636,5697,7028,8805,8552,8933,9251,10360,3753,4534,5601,5418,5653,5849,6553,1944,2494,3204,3134,3280,3402,3807
1802,Ghana,288,LandlockedDevelopingCountriesLLDC,1636,49781,49611,55495,63039,57891,70316,80761,28392,30338,31959,38255,32421,39417,45360,21389,19273,23536,24784,25470,30899,35401
1803,Guinea,324,LandlockedDevelopingCountriesLLDC,1636,17421,20085,21144,36803,56198,48436,46544,9357,11800,12271,18163,25667,27414,26432,8064,8285,8873,18640,30531,21022,20112
1804,GuineaBissau,624,LandlockedDevelopingCountriesLLDC,1636,0,0,0,0,0,0,0,0,0,0,0,0,0,0,0,0,0,0,0,0,0
1805,Liberia,430,LandlockedDevelopingCountriesLLDC,1636,3485,3404,3343,1900,1714,1966,1516,2095,2016,1941,1388,1166,1333,882,1390,1388,1402,512,548,633,634
1806,Mali,466,LandlockedDevelopingCountriesLLDC,1636,26878,25319,25685,28106,56342,69596,81554,13731,12980,13192,14335,30931,38173,44787,13147,12339,12493,13771,25411,31423,36767
1807,Mauritania,478,LandlockedDevelopingCountriesLLDC,1636,6958,41820,7682,7761,5438,104692,114595,2739,23291,3891,4076,3035,59872,65679,4219,18529,3791,3685,2403,44820,48916
1808,Niger,562,LandlockedDevelopingCountriesLLDC,1636,42181,79606,62212,63362,64358,114719,134944,23339,40702,31752,32301,32768,56890,66010,18842,38904,30460,31061,31590,57829,68934
1809,Nigeria,566,LandlockedDevelopingCountriesLLDC,1636,61131,90374,123232,244931,250181,302875,324539,34297,50379,68252,142613,145652,166172,177002,26834,39995,54980,102318,104529,136703,147537
1810,SaintHelena,654,LandlockedDevelopingCountriesLLDC,1636,0,0,0,0,0,0,0,0,0,0,0,0,0,0,0,0,0,0,0,0,0
1811,Senegal,686,LandlockedDevelopingCountriesLLDC,1636,29558,31213,28592,30546,33940,36893,38117,15222,15960,15251,16610,18967,20584,21228,14336,15253,13341,13936,14973,16309,16889
1812,SierraLeone,694,LandlockedDevelopingCountriesLLDC,1636,2149,2098,2044,775,549,405,334,1237,1182,1126,582,380,251,196,912,916,918,193,169,154,138
1813,Togo,768,LandlockedDevelopingCountriesLLDC,1636,19613,24717,35955,63529,82654,89245,90057,11228,14193,19764,32704,44880,49569,50305,8385,10524,16191,30825,37774,39676,39752
1814,Kazakhstan,398,LandlockedDevelopingCountriesLLDC,1636,199468,218056,236654,294552,352457,374882,394556,101716,110650,119585,152801,186017,200752,211290,97752,107406,117069,141751,166440,174130,183266
1815,Kyrgyzstan,417,LandlockedDevelopingCountriesLLDC,1636,95705,88836,69212,50964,39790,35047,34115,40831,38753,31198,22589,17437,15245,14843,54874,50083,38014,28375,22353,19802,19272
1816,Tajikistan,762,LandlockedDevelopingCountriesLLDC,1636,52220,43944,39681,34363,34296,33713,33823,22930,20485,18879,16375,16430,16023,16073,29290,23459,20802,17988,17866,17690,17750
1817,Turkmenistan,795,LandlockedDevelopingCountriesLLDC,1636,166171,156631,124264,118623,106142,104126,103314,75290,75730,58580,56723,49223,49097,49503,90881,80901,65684,61900,56919,55029,53811
1818,Uzbekistan,860,LandlockedDevelopingCountriesLLDC,1636,73600,70581,89018,95936,60173,56574,56137,34617,33005,39908,43551,29791,28511,28373,38983,37576,49110,52385,30382,28063,27764
1819,China,156,LandlockedDevelopingCountriesLLDC,1636,0,0,0,0,0,0,0,0,0,0,0,0,0,0,0,0,0,0,0,0,0
1820,DemPeoplesRepublicofKorea,408,LandlockedDevelopingCountriesLLDC,1636,0,0,0,0,0,0,0,0,0,0,0,0,0,0,0,0,0,0,0,0,0
1821,Japan,392,LandlockedDevelopingCountriesLLDC,1636,0,0,0,0,0,0,0,0,0,0,0,0,0,0,0,0,0,0,0,0,0
1822,Mongolia,496,LandlockedDevelopingCountriesLLDC,1636,544,600,664,394,174,214,227,260,304,350,199,92,85,89,284,296,314,195,82,129,138
1823,RepublicofKorea,410,LandlockedDevelopingCountriesLLDC,1636,249,4090,9239,25076,60909,99006,131294,159,3006,6881,17724,42866,68669,85464,90,1084,2358,7352,18043,30337,45830
1824,BruneiDarussalam,96,LandlockedDevelopingCountriesLLDC,1636,3665,4337,5008,5120,5232,5344,5822,2812,3338,3863,3956,4049,4142,4513,853,999,1145,1164,1183,1202,1309
1825,Cambodia,116,LandlockedDevelopingCountriesLLDC,1636,142,372,602,469,338,305,324,78,203,329,261,196,180,193,64,169,273,208,142,125,131
1826,Indonesia,360,LandlockedDevelopingCountriesLLDC,1636,0,0,0,0,0,0,0,0,0,0,0,0,0,0,0,0,0,0,0,0,0
1827,LaoPeoplesDemocraticRepublic,418,LandlockedDevelopingCountriesLLDC,1636,0,0,0,0,0,0,0,0,0,0,0,0,0,0,0,0,0,0,0,0,0
1828,Malaysia,458,LandlockedDevelopingCountriesLLDC,1636,14963,27133,48303,124396,277063,553400,588342,7995,14516,25789,69743,158483,320267,347826,6968,12617,22514,54653,118580,233133,240516
1829,Myanmar,104,LandlockedDevelopingCountriesLLDC,1636,0,0,0,0,0,0,0,0,0,0,0,0,0,0,0,0,0,0,0,0,0
1830,Philippines,608,LandlockedDevelopingCountriesLLDC,1636,4559,6133,2601,2103,1807,1745,1852,2356,3111,1337,1099,880,848,907,2203,3022,1264,1004,927,897,945
1831,Singapore,702,LandlockedDevelopingCountriesLLDC,1636,0,0,0,0,0,0,0,0,0,0,0,0,0,0,0,0,0,0,0,0,0
1832,Thailand,764,LandlockedDevelopingCountriesLLDC,1636,170782,215600,304901,552710,839779,910812,952935,77992,100330,140581,243574,370255,400394,418197,92790,115270,164320,309136,469524,510418,534738
1833,TimorLeste,626,LandlockedDevelopingCountriesLLDC,1636,0,0,0,0,0,0,0,0,0,0,0,0,0,0,0,0,0,0,0,0,0
1834,VietNam,704,LandlockedDevelopingCountriesLLDC,1636,1139,2188,4768,6316,7925,9271,9774,507,1071,2550,3528,4263,5218,5503,632,1117,2218,2788,3662,4053,4271
1835,Afghanistan,4,LandlockedDevelopingCountriesLLDC,1636,42564,38569,34575,29882,25190,15782,4641,24023,21769,19515,16867,14218,6682,1821,18541,16800,15060,13015,10972,9100,2820
1836,Bangladesh,50,LandlockedDevelopingCountriesLLDC,1636,68392,70916,73438,96873,116525,127214,124748,36932,38295,39657,52313,62925,68696,38532,31460,32621,33781,44560,53600,58518,86216
1837,Bhutan,64,LandlockedDevelopingCountriesLLDC,1636,334,392,451,565,679,717,751,220,258,297,369,441,426,447,114,134,154,196,238,291,304
1838,India,356,LandlockedDevelopingCountriesLLDC,1636,547933,625163,689511,822969,924975,861899,806459,237740,282604,320683,354937,329899,296953,269317,310193,342559,368828,468032,595076,564946,537142
1839,IranIslamicRepublicof,364,LandlockedDevelopingCountriesLLDC,1636,3982011,2662234,2237560,2388972,2584423,2630509,2718332,2210457,1472576,1235102,1311853,1417672,1434338,1475470,1771554,1189658,1002458,1077119,1166751,1196171,1242862
1840,Maldives,462,LandlockedDevelopingCountriesLLDC,1636,0,0,0,0,0,0,0,0,0,0,0,0,0,0,0,0,0,0,0,0,0
1841,Nepal,524,LandlockedDevelopingCountriesLLDC,1636,16805,107664,111196,108387,75457,28740,27502,8065,54530,56629,55123,38594,14760,14018,8740,53134,54567,53264,36863,13980,13484
1842,Pakistan,586,LandlockedDevelopingCountriesLLDC,1636,3374973,1291867,2069977,1166210,1990641,1710378,1598223,1723293,660633,1106710,623606,1017008,810665,805362,1651680,631234,963267,542604,973633,899713,792861
1843,SriLanka,144,LandlockedDevelopingCountriesLLDC,1636,6,86,171,343,695,702,708,4,73,129,207,424,423,432,2,13,42,136,271,279,276
1844,WesternAsia,922,LandlockedDevelopingCountriesLLDC,1636,1399007,1537411,1556988,1522192,1512612,1899748,2324519,736658,795816,813749,848210,929520,1232906,1518410,662349,741595,743239,673982,583092,666842,806109
1845,Armenia,51,LandlockedDevelopingCountriesLLDC,1636,467216,563447,528389,378351,132619,81504,81140,196244,236817,222558,156411,54773,33562,33831,270972,326630,305831,221940,77846,47942,47309
1846,Azerbaijan,31,LandlockedDevelopingCountriesLLDC,1636,237577,236081,219350,199422,182576,174152,166228,109858,103392,95888,94112,89660,87433,83559,127719,132689,123462,105310,92916,86719,82669
1847,Bahrain,48,LandlockedDevelopingCountriesLLDC,1636,1462,1618,1783,3108,5125,5554,7194,998,1096,1189,2072,3415,3774,4966,464,522,594,1036,1710,1780,2228
1848,Cyprus,196,LandlockedDevelopingCountriesLLDC,1636,796,1131,1457,2187,3343,3054,3126,334,444,560,819,1293,1211,1251,462,687,897,1368,2050,1843,1875
1849,Georgia,268,LandlockedDevelopingCountriesLLDC,1636,55733,30542,21574,20489,20688,21717,22461,24865,14528,10234,9721,9817,10307,10702,30868,16014,11340,10768,10871,11410,11759
1850,Iraq,368,LandlockedDevelopingCountriesLLDC,1636,601,552,523,609,622,607,611,471,336,268,393,413,437,429,130,216,255,216,209,170,182
1851,Israel,376,LandlockedDevelopingCountriesLLDC,1636,130054,140851,143760,143781,145546,150106,145753,63351,67670,68985,69125,69950,71759,69685,66703,73181,74775,74656,75596,78347,76068
1852,Jordan,400,LandlockedDevelopingCountriesLLDC,1636,580,774,965,709,1503,621,786,312,388,468,442,893,304,385,268,386,497,267,610,317,401
1853,Kuwait,414,LandlockedDevelopingCountriesLLDC,1636,5836,4675,5334,5763,7688,31973,34687,3535,2981,3604,3800,5009,19214,20843,2301,1694,1730,1963,2679,12759,13844
1854,Lebanon,422,LandlockedDevelopingCountriesLLDC,1636,106,129,152,117,84,70,61,82,87,93,72,55,34,31,24,42,59,45,29,36,30
1855,Oman,512,LandlockedDevelopingCountriesLLDC,1636,0,0,0,0,0,317,405,0,0,0,0,0,214,273,0,0,0,0,0,103,132
1856,Qatar,634,LandlockedDevelopingCountriesLLDC,1636,12843,11789,8981,28986,72508,157097,259825,4872,5674,5659,21154,58032,127875,210074,7971,6115,3322,7832,14476,29222,49751
1857,SaudiArabia,682,LandlockedDevelopingCountriesLLDC,1636,404933,415000,426399,526730,682937,919739,1148869,287201,294970,303598,383780,502556,674702,836478,117732,120030,122801,142950,180381,245037,312391
1858,StateofPalestine,275,LandlockedDevelopingCountriesLLDC,1636,0,0,0,0,0,0,0,0,0,0,0,0,0,0,0,0,0,0,0,0,0
1859,SyrianArabRepublic,760,LandlockedDevelopingCountriesLLDC,1636,0,92,172,629,2605,1487,1143,0,47,87,321,1328,779,585,0,45,85,308,1277,708,558
1860,Turkey,792,LandlockedDevelopingCountriesLLDC,1636,54384,115720,178051,183917,191162,272722,367242,27830,57097,86801,87580,88986,149197,188432,26554,58623,91250,96337,102176,123525,178810
1861,UnitedArabEmirates,784,LandlockedDevelopingCountriesLLDC,1636,11082,14323,18395,25478,57425,62747,68398,7530,9890,12767,17294,39746,42669,46499,3552,4433,5628,8184,17679,20078,21899
1862,Yemen,887,LandlockedDevelopingCountriesLLDC,1636,15804,687,1703,1916,6181,16281,16590,9175,399,990,1114,3594,9435,10387,6629,288,713,802,2587,6846,6203
1863,EasternEurope,923,LandlockedDevelopingCountriesLLDC,1636,7233164,7351462,7257944,7417490,7489835,7688795,7881833,3490524,3647702,3699418,3764665,3785538,3874558,3984251,3742640,3703760,3558526,3652825,3704297,3814237,3897582
1864,Belarus,112,LandlockedDevelopingCountriesLLDC,1636,148668,140941,133254,131373,129533,128426,126534,74003,70490,66985,66023,65085,64558,63614,74665,70451,66269,65350,64448,63868,62920
1865,Bulgaria,100,LandlockedDevelopingCountriesLLDC,1636,3256,4611,5953,9942,11842,13749,16231,1655,2182,2703,5053,5983,6760,7734,1601,2429,3250,4889,5859,6989,8497
1866,Czechia,203,LandlockedDevelopingCountriesLLDC,1636,1436,2160,2877,16498,28493,27509,39190,802,1230,1660,9408,16517,15176,22345,634,930,1217,7090,11976,12333,16845
1867,Hungary,348,LandlockedDevelopingCountriesLLDC,1636,47904,25336,2757,5123,5082,12220,7504,21330,11283,1236,2619,2524,7716,4194,26574,14053,1521,2504,2558,4504,3310
1868,Poland,616,LandlockedDevelopingCountriesLLDC,1636,8577,7329,6274,7867,9726,9245,12448,4273,3602,3032,3885,4833,4692,6927,4304,3727,3242,3982,4893,4553,5521
1869,RepublicofMoldova,498,LandlockedDevelopingCountriesLLDC,1636,27856,18800,12689,8763,6871,5966,5855,13655,8966,5878,3971,3148,2752,2707,14201,9834,6811,4792,3723,3214,3148
1870,Romania,642,LandlockedDevelopingCountriesLLDC,1636,55454,47362,38924,41496,51411,116501,288707,22232,18802,15235,17215,22758,58004,156851,33222,28560,23689,24281,28653,58497,131856
1871,RussianFederation,643,LandlockedDevelopingCountriesLLDC,1636,6074314,6218400,6136798,6356623,6445408,6568366,6564767,2980738,3125013,3157134,3248349,3274601,3320896,3319093,3093576,3093387,2979664,3108274,3170807,3247470,3245674
1872,Slovakia,703,LandlockedDevelopingCountriesLLDC,1636,185,635,1331,1833,1421,1893,2222,112,383,820,1172,821,1156,1364,73,252,511,661,600,737,858
1873,Ukraine,804,LandlockedDevelopingCountriesLLDC,1636,865514,885888,917087,837972,800048,804920,818375,371724,405751,444735,406970,389268,392848,399422,493790,480137,472352,431002,410780,412072,418953
1874,ChannelIslands,830,LandlockedDevelopingCountriesLLDC,1636,0,0,0,0,0,0,0,0,0,0,0,0,0,0,0,0,0,0,0,0,0
1875,Denmark,208,LandlockedDevelopingCountriesLLDC,1636,3625,6124,8603,15379,21111,27281,32722,1882,3089,4289,7884,10952,14229,16963,1743,3035,4314,7495,10159,13052,15759
1876,Estonia,233,LandlockedDevelopingCountriesLLDC,1636,17696,13420,9141,9536,9903,9313,9919,9543,6989,4438,4639,4825,4499,4937,8153,6431,4703,4897,5078,4814,4982
1877,FaroeIslands,234,LandlockedDevelopingCountriesLLDC,1636,0,0,1,5,27,36,39,0,0,1,4,18,24,26,0,0,0,1,9,12,13
1878,Finland,246,LandlockedDevelopingCountriesLLDC,1636,339,812,1275,4245,6096,11106,16729,192,446,699,2452,3502,6333,9959,147,366,576,1793,2594,4773,6770
1879,Iceland,352,LandlockedDevelopingCountriesLLDC,1636,153,139,113,229,329,403,737,55,54,50,101,149,177,354,98,85,63,128,180,226,383
1880,Ireland,372,LandlockedDevelopingCountriesLLDC,1636,877,2880,6465,8806,9701,9910,11302,440,1386,3225,4633,4749,4787,5497,437,1494,3240,4173,4952,5123,5805
1881,IsleofMan,833,LandlockedDevelopingCountriesLLDC,1636,0,0,0,0,0,0,0,0,0,0,0,0,0,0,0,0,0,0,0,0,0
1882,Latvia,428,LandlockedDevelopingCountriesLLDC,1636,6198,13822,21457,19618,17296,14413,14678,3662,7204,10753,9806,8468,6978,7401,2536,6618,10704,9812,8828,7435,7277
1883,Lithuania,440,LandlockedDevelopingCountriesLLDC,1636,28024,16138,12637,12221,10153,8509,8154,14686,8708,6809,6520,5052,4125,4290,13338,7430,5828,5701,5101,4384,3864
1884,Norway,578,LandlockedDevelopingCountriesLLDC,1636,2731,3673,5668,13871,23186,33820,42395,1750,2166,3138,7605,12542,18154,23192,981,1507,2530,6266,10644,15666,19203
1885,Sweden,752,LandlockedDevelopingCountriesLLDC,1636,20455,24276,26049,35282,50217,103958,121978,10848,12785,13628,17955,25803,56637,68181,9607,11491,12421,17327,24414,47321,53797
1886,UnitedKingdom,826,LandlockedDevelopingCountriesLLDC,1636,105511,139910,176693,269802,326791,391108,441423,54698,71031,88381,133234,162155,188198,210290,50813,68879,88312,136568,164636,202910,231133
1887,Albania,8,LandlockedDevelopingCountriesLLDC,1636,678,732,787,664,542,534,499,301,327,354,326,266,262,246,377,405,433,338,276,272,253
1888,Andorra,20,LandlockedDevelopingCountriesLLDC,1636,0,0,0,0,0,0,0,0,0,0,0,0,0,0,0,0,0,0,0,0,0
1889,BosniaandHerzegovina,70,LandlockedDevelopingCountriesLLDC,1636,2468,3126,3783,2671,3097,3079,2875,1184,1498,1811,1262,1458,1450,1329,1284,1628,1972,1409,1639,1629,1546
1890,Croatia,191,LandlockedDevelopingCountriesLLDC,1636,12962,11990,9737,9995,10250,10314,9699,6891,6247,5011,4990,4968,4984,4695,6071,5743,4726,5005,5282,5330,5004
1891,Gibraltar,292,LandlockedDevelopingCountriesLLDC,1636,0,0,0,0,0,0,0,0,0,0,0,0,0,0,0,0,0,0,0,0,0
1892,Greece,300,LandlockedDevelopingCountriesLLDC,1636,75622,62512,50435,62793,77945,72867,113904,42073,32310,22533,28394,35402,29508,52833,33549,30202,27902,34399,42543,43359,61071
1893,HolySee,336,LandlockedDevelopingCountriesLLDC,1636,0,0,0,0,0,0,0,0,0,0,0,0,0,0,0,0,0,0,0,0,0
1894,Italy,380,LandlockedDevelopingCountriesLLDC,1636,91078,80450,69811,199901,320724,348955,386955,37173,35914,34657,87411,135094,152942,175057,53905,44536,35154,112490,185630,196013,211898
1895,Malta,470,LandlockedDevelopingCountriesLLDC,1636,88,107,163,229,444,728,1573,43,52,76,100,222,411,947,45,55,87,129,222,317,626
1896,Montenegro,499,LandlockedDevelopingCountriesLLDC,1636,0,0,0,0,2949,3317,3329,0,0,0,0,1210,1372,1387,0,0,0,0,1739,1945,1942
1897,NorthMacedonia,807,LandlockedDevelopingCountriesLLDC,1636,0,0,0,0,0,0,0,0,0,0,0,0,0,0,0,0,0,0,0,0,0
1898,Portugal,620,LandlockedDevelopingCountriesLLDC,1636,1500,3238,5123,14842,22112,25060,34747,1024,2206,3481,9148,13313,14576,21109,476,1032,1642,5694,8799,10484,13638
1899,SanMarino,674,LandlockedDevelopingCountriesLLDC,1636,0,0,0,0,0,0,0,0,0,0,0,0,0,0,0,0,0,0,0,0,0
1900,Serbia,688,LandlockedDevelopingCountriesLLDC,1636,6474,40811,52768,49609,48495,47416,48317,2771,16797,20882,20386,18923,18404,18822,3703,24014,31886,29223,29572,29012,29495
1901,Slovenia,705,LandlockedDevelopingCountriesLLDC,1636,6756,6673,8313,8979,14812,16305,20060,3454,3871,5853,5699,9463,9658,11818,3302,2802,2460,3280,5349,6647,8242
1902,Spain,724,LandlockedDevelopingCountriesLLDC,1636,3920,5933,14613,141507,359180,268715,311301,1928,3070,7907,69759,161240,111366,128590,1992,2863,6706,71748,197940,157349,182711
1903,Austria,40,LandlockedDevelopingCountriesLLDC,1636,24958,28163,31356,34759,41307,80422,95057,13458,15396,17334,18841,22351,46926,54993,11500,12767,14022,15918,18956,33496,40064
1904,Belgium,56,LandlockedDevelopingCountriesLLDC,1636,12718,11901,10717,26192,37500,57201,77139,7338,6474,5429,13044,18534,30447,42589,5380,5427,5288,13148,18966,26754,34550
1905,France,250,LandlockedDevelopingCountriesLLDC,1636,215942,222880,229901,178470,212236,236812,288469,116361,118386,120420,93307,108881,118071,143859,99581,104494,109481,85163,103355,118741,144610
1906,Germany,276,LandlockedDevelopingCountriesLLDC,1636,118764,427602,736426,945747,1152526,1200836,1804856,70052,200718,331380,454196,572482,592498,880018,48712,226884,405046,491551,580044,608338,924838
1907,Liechtenstein,438,LandlockedDevelopingCountriesLLDC,1636,436,529,615,361,151,181,189,247,291,328,190,68,76,79,189,238,287,171,83,105,110
1908,Luxembourg,442,LandlockedDevelopingCountriesLLDC,1636,2011,1174,353,306,264,401,3811,1148,666,192,176,161,247,1795,863,508,161,130,103,154,2016
1909,Monaco,492,LandlockedDevelopingCountriesLLDC,1636,0,0,0,0,0,0,0,0,0,0,0,0,0,0,0,0,0,0,0,0,0
1910,Netherlands,528,LandlockedDevelopingCountriesLLDC,1636,22648,32113,42707,59067,55824,58253,73925,12737,17807,23433,32204,29613,30510,38638,9911,14306,19274,26863,26211,27743,35287
1911,Switzerland,756,LandlockedDevelopingCountriesLLDC,1636,46822,52265,57934,65888,76481,97558,119130,25652,28577,31668,34489,37934,49246,61363,21170,23688,26266,31399,38547,48312,57767
1912,Anguilla,660,LandlockedDevelopingCountriesLLDC,1636,0,0,0,0,0,0,0,0,0,0,0,0,0,0,0,0,0,0,0,0,0
1913,AntiguaandBarbuda,28,LandlockedDevelopingCountriesLLDC,1636,1,38,74,80,85,90,92,0,17,34,37,39,41,43,1,21,40,43,46,49,49
1914,Aruba,533,LandlockedDevelopingCountriesLLDC,1636,0,0,0,0,0,0,0,0,0,0,0,0,0,0,0,0,0,0,0,0,0
1915,Bahamas,44,LandlockedDevelopingCountriesLLDC,1636,0,0,0,26,49,53,49,0,0,0,12,23,24,24,0,0,0,14,26,29,25
1916,Barbados,52,LandlockedDevelopingCountriesLLDC,1636,0,0,0,0,0,0,0,0,0,0,0,0,0,0,0,0,0,0,0,0,0
1917,BritishVirginIslands,92,LandlockedDevelopingCountriesLLDC,1636,0,0,0,0,0,0,0,0,0,0,0,0,0,0,0,0,0,0,0,0,0
1918,CaymanIslands,136,LandlockedDevelopingCountriesLLDC,1636,15,33,59,55,56,56,61,14,29,50,47,46,48,53,1,4,9,8,10,8,8
1919,Cuba,192,LandlockedDevelopingCountriesLLDC,1636,128,97,55,57,56,52,46,74,54,29,29,26,23,20,54,43,26,28,30,29,26
1920,CuraÃao,531,LandlockedDevelopingCountriesLLDC,1636,0,0,0,0,0,0,0,0,0,0,0,0,0,0,0,0,0,0,0,0,0
1921,Dominica,212,LandlockedDevelopingCountriesLLDC,1636,0,0,0,0,0,0,0,0,0,0,0,0,0,0,0,0,0,0,0,0,0
1922,DominicanRepublic,214,LandlockedDevelopingCountriesLLDC,1636,460,514,562,472,383,391,402,259,284,306,268,228,238,246,201,230,256,204,155,153,156
1923,Grenada,308,LandlockedDevelopingCountriesLLDC,1636,0,0,0,0,0,0,0,0,0,0,0,0,0,0,0,0,0,0,0,0,0
1924,Guadeloupe,312,LandlockedDevelopingCountriesLLDC,1636,0,0,0,0,0,0,0,0,0,0,0,0,0,0,0,0,0,0,0,0,0
1925,Haiti,332,LandlockedDevelopingCountriesLLDC,1636,0,0,0,0,0,0,0,0,0,0,0,0,0,0,0,0,0,0,0,0,0
1926,Jamaica,388,LandlockedDevelopingCountriesLLDC,1636,0,0,0,0,0,0,0,0,0,0,0,0,0,0,0,0,0,0,0,0,0
1927,Martinique,474,LandlockedDevelopingCountriesLLDC,1636,0,0,0,0,0,0,0,0,0,0,0,0,0,0,0,0,0,0,0,0,0
1928,Montserrat,500,LandlockedDevelopingCountriesLLDC,1636,0,0,0,0,0,0,0,0,0,0,0,0,0,0,0,0,0,0,0,0,0
1929,PuertoRico,630,LandlockedDevelopingCountriesLLDC,1636,109,115,122,96,58,56,24,52,55,58,46,27,27,12,57,60,64,50,31,29,12
1930,SaintBarthelemy,652,LandlockedDevelopingCountriesLLDC,1636,0,0,0,0,0,0,0,0,0,0,0,0,0,0,0,0,0,0,0,0,0
1931,SaintKittsandNevis,659,LandlockedDevelopingCountriesLLDC,1636,0,0,0,0,0,0,0,0,0,0,0,0,0,0,0,0,0,0,0,0,0
1932,SaintLucia,662,LandlockedDevelopingCountriesLLDC,1636,3,2,5,3,3,2,0,1,0,2,1,1,1,0,2,2,3,2,2,1,0
1933,SaintMartinFrenchpart,663,LandlockedDevelopingCountriesLLDC,1636,0,0,0,0,0,0,0,0,0,0,0,0,0,0,0,0,0,0,0,0,0
1934,SaintVincentandtheGrenadines,670,LandlockedDevelopingCountriesLLDC,1636,0,0,0,0,0,0,0,0,0,0,0,0,0,0,0,0,0,0,0,0,0
1935,SintMaartenDutchpart,534,LandlockedDevelopingCountriesLLDC,1636,0,0,0,0,0,0,0,0,0,0,0,0,0,0,0,0,0,0,0,0,0
1936,TrinidadandTobago,780,LandlockedDevelopingCountriesLLDC,1636,0,0,0,0,0,0,0,0,0,0,0,0,0,0,0,0,0,0,0,0,0
1937,TurksandCaicosIslands,796,LandlockedDevelopingCountriesLLDC,1636,0,0,0,0,0,0,0,0,0,0,0,0,0,0,0,0,0,0,0,0,0
1938,UnitedStatesVirginIslands,850,LandlockedDevelopingCountriesLLDC,1636,0,0,0,0,0,0,0,0,0,0,0,0,0,0,0,0,0,0,0,0,0
1939,CentralAmerica,916,LandlockedDevelopingCountriesLLDC,1636,3051,3106,3507,3511,4203,3994,4448,1838,1780,1925,1847,2165,1921,2191,1213,1326,1582,1664,2038,2073,2257
1940,Belize,84,LandlockedDevelopingCountriesLLDC,1636,0,0,0,0,0,0,0,0,0,0,0,0,0,0,0,0,0,0,0,0,0
1941,CostaRica,188,LandlockedDevelopingCountriesLLDC,1636,434,340,421,297,564,551,654,239,191,242,161,315,315,390,195,149,179,136,249,236,264
1942,ElSalvador,222,LandlockedDevelopingCountriesLLDC,1636,109,85,59,61,62,64,64,66,50,34,34,35,36,36,43,35,25,27,27,28,28
1943,Guatemala,320,LandlockedDevelopingCountriesLLDC,1636,139,132,124,147,169,187,207,57,57,57,68,80,90,102,82,75,67,79,89,97,105
1944,Honduras,340,LandlockedDevelopingCountriesLLDC,1636,139,138,136,134,130,182,184,100,98,96,94,92,130,132,39,40,40,40,38,52,52
1945,Mexico,484,LandlockedDevelopingCountriesLLDC,1636,1869,2093,2411,2365,2593,2228,2440,1185,1216,1305,1230,1299,956,1066,684,877,1106,1135,1294,1272,1374
1946,Nicaragua,558,LandlockedDevelopingCountriesLLDC,1636,110,89,132,183,193,206,211,69,55,80,107,114,123,128,41,34,52,76,79,83,83
1947,Panama,591,LandlockedDevelopingCountriesLLDC,1636,251,229,224,324,492,576,688,122,113,111,153,230,271,337,129,116,113,171,262,305,351
1948,Argentina,32,LandlockedDevelopingCountriesLLDC,1636,420542,483864,547189,751800,954430,1100938,1111717,196575,225958,255348,349796,443284,510974,519666,223967,257906,291841,402004,511146,589964,592051
1949,BoliviaPlurinationalStateof,68,LandlockedDevelopingCountriesLLDC,1636,1197,2265,3295,3563,3810,4453,4930,604,1161,1704,1841,1974,2302,2555,593,1104,1591,1722,1836,2151,2375
1950,Brazil,76,LandlockedDevelopingCountriesLLDC,1636,37390,43360,49328,63917,77972,91898,99827,19252,22036,24819,31991,38907,45328,50507,18138,21324,24509,31926,39065,46570,49320
1951,Chile,152,LandlockedDevelopingCountriesLLDC,1636,7918,9845,11766,19657,27541,56876,134827,3745,4563,5420,9230,13038,27893,59486,4173,5282,6346,10427,14503,28983,75341
1952,Colombia,170,LandlockedDevelopingCountriesLLDC,1636,634,653,671,652,795,958,1129,304,328,351,355,418,485,559,330,325,320,297,377,473,570
1953,Ecuador,218,LandlockedDevelopingCountriesLLDC,1636,650,714,775,929,1476,1920,2069,350,382,414,504,786,1013,1203,300,332,361,425,690,907,866
1954,FalklandIslandsMalvinas,238,LandlockedDevelopingCountriesLLDC,1636,0,0,0,0,0,0,0,0,0,0,0,0,0,0,0,0,0,0,0,0,0
1955,FrenchGuiana,254,LandlockedDevelopingCountriesLLDC,1636,920,910,900,848,796,850,955,490,467,445,409,374,405,455,430,443,455,439,422,445,500
1956,Guyana,328,LandlockedDevelopingCountriesLLDC,1636,0,0,0,0,0,0,0,0,0,0,0,0,0,0,0,0,0,0,0,0,0
1957,Paraguay,600,LandlockedDevelopingCountriesLLDC,1636,809,976,1140,1086,1034,1009,1092,420,508,590,563,535,522,567,389,468,550,523,499,487,525
1958,Peru,604,LandlockedDevelopingCountriesLLDC,1636,3908,3912,4572,5372,7549,17322,29199,1745,1720,2021,2396,3577,9370,14586,2163,2192,2551,2976,3972,7952,14613
1959,Suriname,740,LandlockedDevelopingCountriesLLDC,1636,0,0,0,0,0,0,0,0,0,0,0,0,0,0,0,0,0,0,0,0,0
1960,Uruguay,858,LandlockedDevelopingCountriesLLDC,1636,1241,1199,1160,1074,995,1027,1225,1031,793,375,348,316,326,409,210,406,785,726,679,701,816
1961,VenezuelaBolivarianRepublicof,862,LandlockedDevelopingCountriesLLDC,1636,2656,2395,2147,2162,2207,2265,2129,1379,1245,1115,1128,1155,1171,1089,1277,1150,1032,1034,1052,1094,1040
1962,Bermuda,60,LandlockedDevelopingCountriesLLDC,1636,0,0,0,0,0,0,0,0,0,0,0,0,0,0,0,0,0,0,0,0,0
1963,Canada,124,LandlockedDevelopingCountriesLLDC,1636,71207,86171,103190,144230,189265,246288,266821,34666,41718,49781,70380,93122,120701,130787,36541,44453,53409,73850,96143,125587,136034
1964,Greenland,304,LandlockedDevelopingCountriesLLDC,1636,0,0,0,0,0,0,0,0,0,0,0,0,0,0,0,0,0,0,0,0,0
1965,SaintPierreandMiquelon,666,LandlockedDevelopingCountriesLLDC,1636,0,0,0,0,0,0,0,0,0,0,0,0,0,0,0,0,0,0,0,0,0
1966,UnitedStatesofAmerica,840,LandlockedDevelopingCountriesLLDC,1636,384981,489026,594913,722075,874738,1150830,1364311,192257,247164,303394,365496,431405,556984,649680,192724,241862,291519,356579,443333,593846,714631
1967,Australia,36,LandlockedDevelopingCountriesLLDC,1636,70747,88496,100950,126954,186960,256470,320062,36630,46032,52810,65885,98090,135069,170357,34117,42464,48140,61069,88870,121401,149705
1968,NewZealand,554,LandlockedDevelopingCountriesLLDC,1636,1279,1994,5412,12543,13921,15079,19748,654,1031,2632,6090,6748,7294,9556,625,963,2780,6453,7173,7785,10192
1969,Melanesia,928,LandlockedDevelopingCountriesLLDC,1636,515,597,679,723,768,590,625,247,282,316,339,362,242,256,268,315,363,384,406,348,369
1970,Fiji,242,LandlockedDevelopingCountriesLLDC,1636,0,0,0,0,0,0,0,0,0,0,0,0,0,0,0,0,0,0,0,0,0
1971,NewCaledonia,540,LandlockedDevelopingCountriesLLDC,1636,515,597,679,723,768,590,625,247,282,316,339,362,242,256,268,315,363,384,406,348,369
1972,PapuaNewGuinea,598,LandlockedDevelopingCountriesLLDC,1636,0,0,0,0,0,0,0,0,0,0,0,0,0,0,0,0,0,0,0,0,0
1973,SolomonIslands,90,LandlockedDevelopingCountriesLLDC,1636,0,0,0,0,0,0,0,0,0,0,0,0,0,0,0,0,0,0,0,0,0
1974,Vanuatu,548,LandlockedDevelopingCountriesLLDC,1636,0,0,0,0,0,0,0,0,0,0,0,0,0,0,0,0,0,0,0,0,0
1975,Micronesia,954,LandlockedDevelopingCountriesLLDC,1636,156,191,239,221,140,125,124,130,161,201,184,114,101,101,26,30,38,37,26,24,23
1976,Guam,316,LandlockedDevelopingCountriesLLDC,1636,0,0,0,0,0,0,0,0,0,0,0,0,0,0,0,0,0,0,0,0,0
1977,Kiribati,296,LandlockedDevelopingCountriesLLDC,1636,0,0,0,0,0,0,0,0,0,0,0,0,0,0,0,0,0,0,0,0,0
1978,MarshallIslands,584,LandlockedDevelopingCountriesLLDC,1636,0,0,0,0,0,0,0,0,0,0,0,0,0,0,0,0,0,0,0,0,0
1979,MicronesiaFedStatesof,583,LandlockedDevelopingCountriesLLDC,1636,0,0,0,0,0,0,0,0,0,0,0,0,0,0,0,0,0,0,0,0,0
1980,Nauru,520,LandlockedDevelopingCountriesLLDC,1636,0,0,0,0,0,0,0,0,0,0,0,0,0,0,0,0,0,0,0,0,0
1981,NorthernMarianaIslands,580,LandlockedDevelopingCountriesLLDC,1636,156,191,239,221,140,125,124,130,161,201,184,114,101,101,26,30,38,37,26,24,23
1982,Palau,585,LandlockedDevelopingCountriesLLDC,1636,0,0,0,0,0,0,0,0,0,0,0,0,0,0,0,0,0,0,0,0,0
1983,Polynesia,957,LandlockedDevelopingCountriesLLDC,1636,0,0,0,0,0,0,0,0,0,0,0,0,0,0,0,0,0,0,0,0,0
1984,AmericanSamoa,16,LandlockedDevelopingCountriesLLDC,1636,0,0,0,0,0,0,0,0,0,0,0,0,0,0,0,0,0,0,0,0,0
1985,CookIslands,184,LandlockedDevelopingCountriesLLDC,1636,0,0,0,0,0,0,0,0,0,0,0,0,0,0,0,0,0,0,0,0,0
1986,FrenchPolynesia,258,LandlockedDevelopingCountriesLLDC,1636,0,0,0,0,0,0,0,0,0,0,0,0,0,0,0,0,0,0,0,0,0
1987,Niue,570,LandlockedDevelopingCountriesLLDC,1636,0,0,0,0,0,0,0,0,0,0,0,0,0,0,0,0,0,0,0,0,0
1988,Samoa,882,LandlockedDevelopingCountriesLLDC,1636,0,0,0,0,0,0,0,0,0,0,0,0,0,0,0,0,0,0,0,0,0
1989,Tokelau,772,LandlockedDevelopingCountriesLLDC,1636,0,0,0,0,0,0,0,0,0,0,0,0,0,0,0,0,0,0,0,0,0
1990,Tonga,776,LandlockedDevelopingCountriesLLDC,1636,0,0,0,0,0,0,0,0,0,0,0,0,0,0,0,0,0,0,0,0,0
1991,Tuvalu,798,LandlockedDevelopingCountriesLLDC,1636,0,0,0,0,0,0,0,0,0,0,0,0,0,0,0,0,0,0,0,0,0
1992,WallisandFutunaIslands,876,LandlockedDevelopingCountriesLLDC,1636,0,0,0,0,0,0,0,0,0,0,0,0,0,0,0,0,0,0,0,0,0
1993,Developedregions,901,SmallislanddevelopingStatesSIDS,1637,4649600,5604527,6627307,7259045,8071764,8876637,9575721,2180960,2578290,3002384,3292100,3595315,4044563,4342176,2468640,3026237,3624923,3966945,4476449,4832074,5233545
1994,Lessdevelopedregions,902,SmallislanddevelopingStatesSIDS,1637,802903,967834,1166515,1242271,1329391,1590525,1983687,424313,506814,606123,648442,690084,858959,1075674,378590,461020,560392,593829,639307,731566,908013
1995,Leastdevelopedcountries,941,SmallislanddevelopingStatesSIDS,1637,87614,102433,115168,128750,148160,162900,168400,43503,51077,59498,65116,74176,81998,76138,44111,51356,55670,63634,73984,80902,92262
1996,LandlockedDevelopingCountriesLLDC,1636,SmallislanddevelopingStatesSIDS,1637,1988,2429,2923,3619,7055,8417,9589,1139,1356,1577,1949,3393,4033,4609,849,1073,1346,1670,3662,4384,4980
1997,SmallislanddevelopingStatesSIDS,1637,SmallislanddevelopingStatesSIDS,1637,518175,581657,646102,715729,785794,956760,989110,282297,314272,346343,382794,418247,537878,559138,235878,267385,299759,332935,367547,418882,429972
1998,Highincomecountries,1503,SmallislanddevelopingStatesSIDS,1637,4870121,5863081,6924516,7587271,8434455,9288224,10253178,2283633,2698996,3140910,3445521,3763832,4239922,4698002,2586488,3164085,3783606,4141750,4670623,5048302,5555176
1999,Middleincomecountries,1517,SmallislanddevelopingStatesSIDS,1637,461546,569667,703822,719106,744451,939378,1032284,258326,314452,385327,400809,416650,551520,591664,203220,255215,318495,318297,327801,387858,440620
2000,Uppermiddleincomecountries,1502,SmallislanddevelopingStatesSIDS,1637,374332,475561,592253,596613,615519,805086,895819,215992,268588,328641,338985,352381,484791,532490,158340,206973,263612,257628,263138,320295,363329
2001,Lowermiddleincomecountries,1501,SmallislanddevelopingStatesSIDS,1637,87214,94106,111569,122493,128932,134292,136465,42334,45864,56686,61824,64269,66729,59174,44880,48242,54883,60669,64663,67563,77291
2002,Lowincomecountries,1500,SmallislanddevelopingStatesSIDS,1637,35637,40039,45161,50417,60604,70390,74737,18899,21195,23437,25570,30499,35923,38290,16738,18844,21724,24847,30105,34467,36447
2003,Burundi,108,SmallislanddevelopingStatesSIDS,1637,0,0,0,0,0,0,0,0,0,0,0,0,0,0,0,0,0,0,0,0,0
2004,Comoros,174,SmallislanddevelopingStatesSIDS,1637,0,0,0,0,0,0,0,0,0,0,0,0,0,0,0,0,0,0,0,0,0
2005,Djibouti,262,SmallislanddevelopingStatesSIDS,1637,0,0,0,0,0,0,0,0,0,0,0,0,0,0,0,0,0,0,0,0,0
2006,Eritrea,232,SmallislanddevelopingStatesSIDS,1637,27,60,93,125,159,192,166,6,26,45,64,84,101,89,21,34,48,61,75,91,77
2007,Ethiopia,231,SmallislanddevelopingStatesSIDS,1637,0,0,0,0,0,0,0,0,0,0,0,0,0,0,0,0,0,0,0,0,0
2008,Kenya,404,SmallislanddevelopingStatesSIDS,1637,0,0,0,0,0,0,0,0,0,0,0,0,0,0,0,0,0,0,0,0,0
2009,Madagascar,450,SmallislanddevelopingStatesSIDS,1637,8179,7242,8050,8910,9876,10953,12153,4565,4070,4540,5042,5605,6238,6917,3614,3172,3510,3868,4271,4715,5236
2010,Malawi,454,SmallislanddevelopingStatesSIDS,1637,0,0,0,0,0,0,0,0,0,0,0,0,0,0,0,0,0,0,0,0,0
2011,Mauritius,480,SmallislanddevelopingStatesSIDS,1637,43,39,58,80,108,124,124,12,14,18,25,36,46,47,31,25,40,55,72,78,77
2012,Mayotte,175,SmallislanddevelopingStatesSIDS,1637,10288,20154,36203,49545,56520,63225,86652,6124,11193,18514,24487,26800,29252,40089,4164,8961,17689,25058,29720,33973,46563
2013,Mozambique,508,SmallislanddevelopingStatesSIDS,1637,8712,11984,13940,19142,21815,22614,23759,4581,6326,7143,8973,10189,10562,11224,4131,5658,6797,10169,11626,12052,12535
2014,Reunion,638,SmallislanddevelopingStatesSIDS,1637,1449,3133,4964,6172,7036,7274,7534,778,1547,2373,2939,3334,3429,3553,671,1586,2591,3233,3702,3845,3981
2015,Rwanda,646,SmallislanddevelopingStatesSIDS,1637,0,0,0,0,0,0,0,0,0,0,0,0,0,0,0,0,0,0,0,0,0
2016,Seychelles,690,SmallislanddevelopingStatesSIDS,1637,280,410,543,555,568,635,643,135,239,343,370,396,454,462,145,171,200,185,172,181,181
2017,Somalia,706,SmallislanddevelopingStatesSIDS,1637,0,0,0,0,0,0,0,0,0,0,0,0,0,0,0,0,0,0,0,0,0
2018,SouthSudan,728,SmallislanddevelopingStatesSIDS,1637,0,0,0,0,0,0,0,0,0,0,0,0,0,0,0,0,0,0,0,0,0
2019,Uganda,800,SmallislanddevelopingStatesSIDS,1637,144,136,17,16,16,16,15,115,108,15,15,15,15,15,29,28,2,1,1,1,0
2020,UnitedRepublicofTanzania,834,SmallislanddevelopingStatesSIDS,1637,670,895,953,1077,1109,1162,1035,405,542,577,653,673,722,634,265,353,376,424,436,440,401
2021,Zambia,894,SmallislanddevelopingStatesSIDS,1637,0,0,0,0,0,0,0,0,0,0,0,0,0,0,0,0,0,0,0,0,0
2022,Zimbabwe,716,SmallislanddevelopingStatesSIDS,1637,0,0,0,0,0,0,0,0,0,0,0,0,0,0,0,0,0,0,0,0,0
2023,MiddleAfrica,911,SmallislanddevelopingStatesSIDS,1637,13573,14592,15699,18414,21623,24512,26228,7040,7252,7652,8937,10389,12188,13458,6533,7340,8047,9477,11234,12324,12770
2024,Angola,24,SmallislanddevelopingStatesSIDS,1637,6681,7764,8845,11626,14151,15103,16067,3529,3948,4366,5585,6679,7102,7927,3152,3816,4479,6041,7472,8001,8140
2025,Cameroon,120,SmallislanddevelopingStatesSIDS,1637,0,0,0,0,0,0,0,0,0,0,0,0,0,0,0,0,0,0,0,0,0
2026,CentralAfricanRepublic,140,SmallislanddevelopingStatesSIDS,1637,88,104,111,87,86,73,77,41,50,54,42,41,34,37,47,54,57,45,45,39,40
2027,Chad,148,SmallislanddevelopingStatesSIDS,1637,0,0,0,0,0,0,0,0,0,0,0,0,0,0,0,0,0,0,0,0,0
2028,Congo,178,SmallislanddevelopingStatesSIDS,1637,164,190,266,169,403,536,531,49,51,65,71,137,167,164,115,139,201,98,266,369,367
2029,DemocraticRepublicoftheCongo,180,SmallislanddevelopingStatesSIDS,1637,0,0,0,0,0,0,0,0,0,0,0,0,0,0,0,0,0,0,0,0,0
2030,EquatorialGuinea,226,SmallislanddevelopingStatesSIDS,1637,378,501,623,909,1194,1493,1794,226,298,370,548,726,915,1101,152,203,253,361,468,578,693
2031,Gabon,266,SmallislanddevelopingStatesSIDS,1637,2012,2690,3366,3667,4251,5944,6539,940,1255,1585,1746,2066,3315,3645,1072,1435,1781,1921,2185,2629,2894
2032,SaoTomeandPrincipe,678,SmallislanddevelopingStatesSIDS,1637,4250,3343,2488,1956,1538,1363,1220,2255,1650,1212,945,740,655,584,1995,1693,1276,1011,798,708,636
2033,Algeria,12,SmallislanddevelopingStatesSIDS,1637,0,0,0,0,0,0,0,0,0,0,0,0,0,0,0,0,0,0,0,0,0
2034,Egypt,818,SmallislanddevelopingStatesSIDS,1637,996,1052,1191,1418,1527,1050,1629,662,721,838,1023,1084,789,1180,334,331,353,395,443,261,449
2035,Libya,434,SmallislanddevelopingStatesSIDS,1637,2719,3627,4596,5066,5559,6222,6659,1839,2734,3693,4247,4666,5215,5609,880,893,903,819,893,1007,1050
2036,Morocco,504,SmallislanddevelopingStatesSIDS,1637,0,0,0,0,0,0,0,0,0,0,0,0,0,0,0,0,0,0,0,0,0
2037,Sudan,729,SmallislanddevelopingStatesSIDS,1637,0,0,0,0,0,0,0,0,0,0,0,0,0,0,0,0,0,0,0,0,0
2038,Tunisia,788,SmallislanddevelopingStatesSIDS,1637,0,0,0,0,0,0,0,0,0,0,0,0,0,0,0,0,0,0,0,0,0
2039,WesternSahara,732,SmallislanddevelopingStatesSIDS,1637,523,581,640,757,874,1007,1052,205,233,262,323,384,455,476,318,348,378,434,490,552,576
2040,Botswana,72,SmallislanddevelopingStatesSIDS,1637,337,538,795,1202,212,228,240,217,332,482,722,111,119,125,120,206,313,480,101,109,115
2041,Eswatini,748,SmallislanddevelopingStatesSIDS,1637,0,0,0,0,0,0,0,0,0,0,0,0,0,0,0,0,0,0,0,0,0
2042,Lesotho,426,SmallislanddevelopingStatesSIDS,1637,0,0,0,0,0,0,0,0,0,0,0,0,0,0,0,0,0,0,0,0,0
2043,Namibia,516,SmallislanddevelopingStatesSIDS,1637,2086,1992,1857,1466,1410,1376,1466,814,785,734,575,557,545,584,1272,1207,1123,891,853,831,882
2044,SouthAfrica,710,SmallislanddevelopingStatesSIDS,1637,6512,5141,5323,6985,10161,13098,15200,3966,2999,2841,3581,5058,6500,8451,2546,2142,2482,3404,5103,6598,6749
2045,Benin,204,SmallislanddevelopingStatesSIDS,1637,0,0,0,0,0,0,0,0,0,0,0,0,0,0,0,0,0,0,0,0,0
2046,BurkinaFaso,854,SmallislanddevelopingStatesSIDS,1637,0,0,0,0,0,0,0,0,0,0,0,0,0,0,0,0,0,0,0,0,0
2047,CaboVerde,132,SmallislanddevelopingStatesSIDS,1637,3114,4086,5056,5848,6636,6891,7308,1510,2054,2598,3044,3489,3612,3825,1604,2032,2458,2804,3147,3279,3483
2048,CotedIvoire,384,SmallislanddevelopingStatesSIDS,1637,582,650,676,706,736,768,796,324,359,374,391,408,427,443,258,291,302,315,328,341,353
2049,Gambia,270,SmallislanddevelopingStatesSIDS,1637,7591,9365,11733,11396,11904,12328,13808,3952,4696,5735,5529,5764,5958,6680,3639,4669,5998,5867,6140,6370,7128
2050,Ghana,288,SmallislanddevelopingStatesSIDS,1637,0,0,0,0,0,0,0,0,0,0,0,0,0,0,0,0,0,0,0,0,0
2051,Guinea,324,SmallislanddevelopingStatesSIDS,1637,2957,3408,3648,4623,6944,12794,12248,1563,1977,2087,2653,4014,7417,7141,1394,1431,1561,1970,2930,5377,5107
2052,GuineaBissau,624,SmallislanddevelopingStatesSIDS,1637,355,466,576,549,521,552,403,130,183,235,221,206,215,163,225,283,341,328,315,337,240
2053,Liberia,430,SmallislanddevelopingStatesSIDS,1637,2263,2211,2171,987,454,521,401,1143,1092,1043,622,192,218,149,1120,1119,1128,365,262,303,252
2054,Mali,466,SmallislanddevelopingStatesSIDS,1637,0,0,0,0,3930,4830,5652,0,0,0,0,1810,2224,2613,0,0,0,0,2120,2606,3039
2055,Mauritania,478,SmallislanddevelopingStatesSIDS,1637,1067,1140,1178,1190,834,1203,1316,301,398,490,522,398,548,604,766,742,688,668,436,655,712
2056,Niger,562,SmallislanddevelopingStatesSIDS,1637,0,0,0,0,0,0,0,0,0,0,0,0,0,0,0,0,0,0,0,0,0
2057,Nigeria,566,SmallislanddevelopingStatesSIDS,1637,0,0,0,0,0,0,0,0,0,0,0,0,0,0,0,0,0,0,0,0,0
2058,SaintHelena,654,SmallislanddevelopingStatesSIDS,1637,0,0,0,0,0,0,0,0,0,0,0,0,0,0,0,0,0,0,0,0,0
2059,Senegal,686,SmallislanddevelopingStatesSIDS,1637,23825,24916,23437,24985,27726,29591,30550,10012,10390,11710,11703,12453,13281,13673,13813,14526,11727,13282,15273,16310,16877
2060,SierraLeone,694,SmallislanddevelopingStatesSIDS,1637,29,27,25,7,53,420,738,19,17,15,3,29,258,457,10,10,10,4,24,162,281
2061,Togo,768,SmallislanddevelopingStatesSIDS,1637,100,111,123,137,189,211,209,46,51,56,63,90,100,101,54,60,67,74,99,111,108
2062,Kazakhstan,398,SmallislanddevelopingStatesSIDS,1637,0,0,0,0,0,0,0,0,0,0,0,0,0,0,0,0,0,0,0,0,0
2063,Kyrgyzstan,417,SmallislanddevelopingStatesSIDS,1637,0,0,0,0,0,0,0,0,0,0,0,0,0,0,0,0,0,0,0,0,0
2064,Tajikistan,762,SmallislanddevelopingStatesSIDS,1637,37,30,26,24,23,22,20,17,14,13,11,11,11,11,20,16,13,13,12,11,9
2065,Turkmenistan,795,SmallislanddevelopingStatesSIDS,1637,0,0,0,0,0,0,0,0,0,0,0,0,0,0,0,0,0,0,0,0,0
2066,Uzbekistan,860,SmallislanddevelopingStatesSIDS,1637,0,0,0,0,0,0,0,0,0,0,0,0,0,0,0,0,0,0,0,0,0
2067,China,156,SmallislanddevelopingStatesSIDS,1637,0,0,0,0,0,0,0,0,0,0,0,0,0,0,0,0,0,0,0,0,0
2068,DemPeoplesRepublicofKorea,408,SmallislanddevelopingStatesSIDS,1637,0,0,0,0,0,0,0,0,0,0,0,0,0,0,0,0,0,0,0,0,0
2069,Japan,392,SmallislanddevelopingStatesSIDS,1637,1194,1575,1940,2369,2512,2444,3033,608,756,896,1079,1129,1090,1353,586,819,1044,1290,1383,1354,1680
2070,Mongolia,496,SmallislanddevelopingStatesSIDS,1637,0,0,0,0,0,0,0,0,0,0,0,0,0,0,0,0,0,0,0,0,0
2071,RepublicofKorea,410,SmallislanddevelopingStatesSIDS,1637,0,0,0,0,0,0,0,0,0,0,0,0,0,0,0,0,0,0,0,0,0
2072,BruneiDarussalam,96,SmallislanddevelopingStatesSIDS,1637,1499,1472,1445,1477,1509,1541,1678,829,820,811,833,855,877,956,670,652,634,644,654,664,722
2073,Cambodia,116,SmallislanddevelopingStatesSIDS,1637,57,150,242,189,136,123,130,37,97,157,124,92,84,90,20,53,85,65,44,39,40
2074,Indonesia,360,SmallislanddevelopingStatesSIDS,1637,5075,74253,143433,89203,40692,45050,47362,3334,37661,71989,48129,22910,25792,27078,1741,36592,71444,41074,17782,19258,20284
2075,LaoPeoplesDemocraticRepublic,418,SmallislanddevelopingStatesSIDS,1637,0,0,0,0,0,0,0,0,0,0,0,0,0,0,0,0,0,0,0,0,0
2076,Malaysia,458,SmallislanddevelopingStatesSIDS,1637,31269,33418,44779,59989,71367,87031,92227,14591,16050,21837,30720,37696,46657,50727,16678,17368,22942,29269,33671,40374,41500
2077,Myanmar,104,SmallislanddevelopingStatesSIDS,1637,0,0,0,0,0,0,0,0,0,0,0,0,0,0,0,0,0,0,0,0,0
2078,Philippines,608,SmallislanddevelopingStatesSIDS,1637,286,381,13207,10683,2505,2544,2693,179,238,6442,5297,1470,1496,1597,107,143,6765,5386,1035,1048,1096
2079,Singapore,702,SmallislanddevelopingStatesSIDS,1637,0,0,0,0,0,0,0,0,0,0,0,0,0,0,0,0,0,0,0,0,0
2080,Thailand,764,SmallislanddevelopingStatesSIDS,1637,809,730,803,713,675,724,757,603,546,598,515,472,506,529,206,184,205,198,203,218,228
2081,TimorLeste,626,SmallislanddevelopingStatesSIDS,1637,142,154,169,180,185,110,106,72,77,82,89,93,66,66,70,77,87,91,92,44,40
2082,VietNam,704,SmallislanddevelopingStatesSIDS,1637,294,522,1046,1220,1451,1751,1845,115,234,530,642,727,869,915,179,288,516,578,724,882,930
2083,Afghanistan,4,SmallislanddevelopingStatesSIDS,1637,0,0,0,0,0,0,0,0,0,0,0,0,0,0,0,0,0,0,0,0,0
2084,Bangladesh,50,SmallislanddevelopingStatesSIDS,1637,10645,19438,28230,32908,37778,39743,38970,5750,10498,15245,17771,20401,21462,12038,4895,8940,12985,15137,17377,18281,26932
2085,Bhutan,64,SmallislanddevelopingStatesSIDS,1637,8,10,11,14,17,18,17,4,5,5,7,9,9,9,4,5,6,7,8,9,8
2086,India,356,SmallislanddevelopingStatesSIDS,1637,16049,11020,5988,8875,11085,10327,9657,7737,5085,2434,4063,4663,4232,3861,8312,5935,3554,4812,6422,6095,5796
2087,IranIslamicRepublicof,364,SmallislanddevelopingStatesSIDS,1637,0,0,0,0,0,0,0,0,0,0,0,0,0,0,0,0,0,0,0,0,0
2088,Maldives,462,SmallislanddevelopingStatesSIDS,1637,42,49,54,55,66,77,82,23,25,30,32,50,68,74,19,24,24,23,16,9,8
2089,Nepal,524,SmallislanddevelopingStatesSIDS,1637,0,0,0,0,0,0,0,0,0,0,0,0,0,0,0,0,0,0,0,0,0
2090,Pakistan,586,SmallislanddevelopingStatesSIDS,1637,0,0,0,0,0,0,0,0,0,0,0,0,0,0,0,0,0,0,0,0,0
2091,SriLanka,144,SmallislanddevelopingStatesSIDS,1637,29,326,630,1251,2528,2454,2482,15,253,412,553,1142,1027,1055,14,73,218,698,1386,1427,1427
2092,WesternAsia,922,SmallislanddevelopingStatesSIDS,1637,9290,10059,10862,11067,13068,13732,14462,4365,4739,5118,5279,6431,6545,6875,4925,5320,5744,5788,6637,7187,7587
2093,Armenia,51,SmallislanddevelopingStatesSIDS,1637,0,0,0,0,0,0,0,0,0,0,0,0,0,0,0,0,0,0,0,0,0
2094,Azerbaijan,31,SmallislanddevelopingStatesSIDS,1637,0,0,0,0,0,0,0,0,0,0,0,0,0,0,0,0,0,0,0,0,0
2095,Bahrain,48,SmallislanddevelopingStatesSIDS,1637,0,0,0,0,0,0,0,0,0,0,0,0,0,0,0,0,0,0,0,0,0
2096,Cyprus,196,SmallislanddevelopingStatesSIDS,1637,64,94,116,174,255,227,221,30,40,49,73,112,106,105,34,54,67,101,143,121,116
2097,Georgia,268,SmallislanddevelopingStatesSIDS,1637,0,0,13,12,12,12,11,0,0,7,7,7,7,7,0,0,6,5,5,5,4
2098,Iraq,368,SmallislanddevelopingStatesSIDS,1637,0,0,0,0,0,0,0,0,0,0,0,0,0,0,0,0,0,0,0,0,0
2099,Israel,376,SmallislanddevelopingStatesSIDS,1637,0,0,0,0,0,0,0,0,0,0,0,0,0,0,0,0,0,0,0,0,0
2100,Jordan,400,SmallislanddevelopingStatesSIDS,1637,143,330,515,388,800,330,427,61,186,311,277,551,199,259,82,144,204,111,249,131,168
2101,Kuwait,414,SmallislanddevelopingStatesSIDS,1637,189,231,363,538,849,1297,1407,19,48,97,177,308,357,387,170,183,266,361,541,940,1020
2102,Lebanon,422,SmallislanddevelopingStatesSIDS,1637,65,150,234,180,128,108,93,28,80,132,104,78,52,47,37,70,102,76,50,56,46
2103,Oman,512,SmallislanddevelopingStatesSIDS,1637,106,294,400,366,393,893,1140,50,139,205,193,220,559,714,56,155,195,173,173,334,426
2104,Qatar,634,SmallislanddevelopingStatesSIDS,1637,54,91,116,275,659,764,777,15,37,55,143,420,506,497,39,54,61,132,239,258,280
2105,SaudiArabia,682,SmallislanddevelopingStatesSIDS,1637,0,0,0,0,0,0,0,0,0,0,0,0,0,0,0,0,0,0,0,0,0
2106,StateofPalestine,275,SmallislanddevelopingStatesSIDS,1637,8351,8161,7971,7951,7931,7911,7900,4064,3951,3837,3838,3839,3839,3840,4287,4210,4134,4113,4092,4072,4060
2107,SyrianArabRepublic,760,SmallislanddevelopingStatesSIDS,1637,0,0,0,0,0,0,0,0,0,0,0,0,0,0,0,0,0,0,0,0,0
2108,Turkey,792,SmallislanddevelopingStatesSIDS,1637,87,210,339,352,362,356,488,40,89,139,138,138,132,161,47,121,200,214,224,224,327
2109,UnitedArabEmirates,784,SmallislanddevelopingStatesSIDS,1637,231,498,795,831,1679,1834,1998,58,169,286,329,758,788,858,173,329,509,502,921,1046,1140
2110,Yemen,887,SmallislanddevelopingStatesSIDS,1637,0,0,0,0,0,0,0,0,0,0,0,0,0,0,0,0,0,0,0,0,0
2111,EasternEurope,923,SmallislanddevelopingStatesSIDS,1637,6099,6199,6117,5963,5676,6280,7591,3096,3394,3592,3483,3304,3649,4437,3003,2805,2525,2480,2372,2631,3154
2112,Belarus,112,SmallislanddevelopingStatesSIDS,1637,22,34,46,45,43,44,42,21,32,43,42,40,41,41,1,2,3,3,3,3,1
2113,Bulgaria,100,SmallislanddevelopingStatesSIDS,1637,108,194,267,385,476,493,583,76,124,167,228,284,281,335,32,70,100,157,192,212,248
2114,Czechia,203,SmallislanddevelopingStatesSIDS,1637,161,251,333,472,561,712,925,123,190,255,332,387,465,579,38,61,78,140,174,247,346
2115,Hungary,348,SmallislanddevelopingStatesSIDS,1637,387,500,600,741,883,835,1044,154,215,268,343,420,400,517,233,285,332,398,463,435,527
2116,Poland,616,SmallislanddevelopingStatesSIDS,1637,283,241,207,239,282,266,352,193,165,139,156,176,170,237,90,76,68,83,106,96,115
2117,RepublicofMoldova,498,SmallislanddevelopingStatesSIDS,1637,0,0,0,0,0,0,0,0,0,0,0,0,0,0,0,0,0,0,0,0,0
2118,Romania,642,SmallislanddevelopingStatesSIDS,1637,1,1,1,1,5,293,1003,1,1,1,1,3,179,602,0,0,0,0,2,114,401
2119,RussianFederation,643,SmallislanddevelopingStatesSIDS,1637,5114,4929,4573,3979,3313,3374,3351,2510,2631,2655,2309,1913,1942,1941,2604,2298,1918,1670,1400,1432,1410
2120,Slovakia,703,SmallislanddevelopingStatesSIDS,1637,23,49,90,101,113,263,291,18,36,64,72,81,171,185,5,13,26,29,32,92,106
2121,Ukraine,804,SmallislanddevelopingStatesSIDS,1637,0,0,0,0,0,0,0,0,0,0,0,0,0,0,0,0,0,0,0,0,0
2122,ChannelIslands,830,SmallislanddevelopingStatesSIDS,1637,0,0,0,0,0,0,0,0,0,0,0,0,0,0,0,0,0,0,0,0,0
2123,Denmark,208,SmallislanddevelopingStatesSIDS,1637,944,1267,1573,1970,2232,2542,3007,436,583,725,888,1000,1159,1367,508,684,848,1082,1232,1383,1640
2124,Estonia,233,SmallislanddevelopingStatesSIDS,1637,0,0,0,0,40,54,83,0,0,0,0,22,26,51,0,0,0,0,18,28,32
2125,FaroeIslands,234,SmallislanddevelopingStatesSIDS,1637,0,0,0,0,0,0,0,0,0,0,0,0,0,0,0,0,0,0,0,0,0
2126,Finland,246,SmallislanddevelopingStatesSIDS,1637,131,237,327,619,813,1104,1333,77,135,191,348,445,629,760,54,102,136,271,368,475,573
2127,Iceland,352,SmallislanddevelopingStatesSIDS,1637,53,87,110,153,183,221,279,21,38,49,62,72,83,106,32,49,61,91,111,138,173
2128,Ireland,372,SmallislanddevelopingStatesSIDS,1637,252,701,1526,3042,4053,4139,4680,126,335,733,1671,2158,2183,2484,126,366,793,1371,1895,1956,2196
2129,IsleofMan,833,SmallislanddevelopingStatesSIDS,1637,0,0,0,0,0,0,0,0,0,0,0,0,0,0,0,0,0,0,0,0,0
2130,Latvia,428,SmallislanddevelopingStatesSIDS,1637,32,58,88,75,67,60,55,15,35,56,50,45,36,34,17,23,32,25,22,24,21
2131,Lithuania,440,SmallislanddevelopingStatesSIDS,1637,0,0,0,0,0,39,29,0,0,0,0,0,25,16,0,0,0,0,0,14,13
2132,Norway,578,SmallislanddevelopingStatesSIDS,1637,1064,1232,1723,2362,3344,4189,4630,499,569,758,969,1405,1808,1955,565,663,965,1393,1939,2381,2675
2133,Sweden,752,SmallislanddevelopingStatesSIDS,1637,3046,3615,3898,4529,5607,6150,7382,1638,1928,2059,2325,2871,3070,3723,1408,1687,1839,2204,2736,3080,3659
2134,UnitedKingdom,826,SmallislanddevelopingStatesSIDS,1637,329572,334451,345002,347956,365491,399527,422942,158938,157961,159191,158415,164286,173160,180139,170634,176490,185811,189541,201205,226367,242803
2135,Albania,8,SmallislanddevelopingStatesSIDS,1637,0,0,0,0,0,0,0,0,0,0,0,0,0,0,0,0,0,0,0,0,0
2136,Andorra,20,SmallislanddevelopingStatesSIDS,1637,0,0,0,0,0,0,0,0,0,0,0,0,0,0,0,0,0,0,0,0,0
2137,BosniaandHerzegovina,70,SmallislanddevelopingStatesSIDS,1637,0,0,0,0,0,0,0,0,0,0,0,0,0,0,0,0,0,0,0,0,0
2138,Croatia,191,SmallislanddevelopingStatesSIDS,1637,0,0,0,0,0,0,0,0,0,0,0,0,0,0,0,0,0,0,0,0,0
2139,Gibraltar,292,SmallislanddevelopingStatesSIDS,1637,0,0,0,0,0,0,0,0,0,0,0,0,0,0,0,0,0,0,0,0,0
2140,Greece,300,SmallislanddevelopingStatesSIDS,1637,1634,1633,1664,2078,2551,2380,2379,905,730,540,767,1024,909,1011,729,903,1124,1311,1527,1471,1368
2141,HolySee,336,SmallislanddevelopingStatesSIDS,1637,0,0,0,0,0,0,0,0,0,0,0,0,0,0,0,0,0,0,0,0,0
2142,Italy,380,SmallislanddevelopingStatesSIDS,1637,27361,37341,47306,71725,93224,96953,108455,8199,9481,10766,19743,27163,28282,33546,19162,27860,36540,51982,66061,68671,74909
2143,Malta,470,SmallislanddevelopingStatesSIDS,1637,17,21,25,32,35,59,124,7,8,11,11,20,36,79,10,13,14,21,15,23,45
2144,Montenegro,499,SmallislanddevelopingStatesSIDS,1637,0,0,0,0,0,0,0,0,0,0,0,0,0,0,0,0,0,0,0,0,0
2145,NorthMacedonia,807,SmallislanddevelopingStatesSIDS,1637,0,0,0,0,0,0,0,0,0,0,0,0,0,0,0,0,0,0,0,0,0
2146,Portugal,620,SmallislanddevelopingStatesSIDS,1637,43142,60900,81137,96825,96441,109327,125496,22627,31862,42501,49074,47605,51117,60721,20515,29038,38636,47751,48836,58210,64775
2147,SanMarino,674,SmallislanddevelopingStatesSIDS,1637,0,0,0,0,0,0,0,0,0,0,0,0,0,0,0,0,0,0,0,0,0
2148,Serbia,688,SmallislanddevelopingStatesSIDS,1637,3,22,30,30,30,29,28,2,12,15,15,15,15,15,1,10,15,15,15,14,13
2149,Slovenia,705,SmallislanddevelopingStatesSIDS,1637,5,10,8,52,231,321,363,3,6,5,13,48,102,124,2,4,3,39,183,219,239
2150,Spain,724,SmallislanddevelopingStatesSIDS,1637,39395,53197,92550,155521,255361,302405,366555,14045,19830,35712,63493,108894,127914,156526,25350,33367,56838,92028,146467,174491,210029
2151,Austria,40,SmallislanddevelopingStatesSIDS,1637,2927,3309,3673,4051,4490,5113,5777,967,1124,1283,1361,1419,1724,2073,1960,2185,2390,2690,3071,3389,3704
2152,Belgium,56,SmallislanddevelopingStatesSIDS,1637,8894,9945,10677,10158,11902,15688,18768,3458,3587,3605,3795,4244,5991,7360,5436,6358,7072,6363,7658,9697,11408
2153,France,250,SmallislanddevelopingStatesSIDS,1637,115143,118876,122590,209977,220595,244473,268671,52477,53087,53697,93410,91183,97130,107116,62666,65789,68893,116567,129412,147343,161555
2154,Germany,276,SmallislanddevelopingStatesSIDS,1637,5818,10454,15087,21557,26781,27488,36882,3116,4323,5530,8291,10583,10763,13921,2702,6131,9557,13266,16198,16725,22961
2155,Liechtenstein,438,SmallislanddevelopingStatesSIDS,1637,0,1,2,32,87,101,116,0,1,1,11,36,36,33,0,0,1,21,51,65,83
2156,Luxembourg,442,SmallislanddevelopingStatesSIDS,1637,1369,1484,1620,1404,1208,1840,10304,636,662,696,652,616,953,4983,733,822,924,752,592,887,5321
2157,Monaco,492,SmallislanddevelopingStatesSIDS,1637,0,0,0,0,0,0,0,0,0,0,0,0,0,0,0,0,0,0,0,0,0
2158,Netherlands,528,SmallislanddevelopingStatesSIDS,1637,172853,187876,209317,218775,219139,215596,225100,83069,88185,96126,98808,97645,95066,99364,89784,99691,113191,119967,121494,120530,125736
2159,Switzerland,756,SmallislanddevelopingStatesSIDS,1637,12225,14951,17761,19907,23459,26777,29981,4195,5778,7407,7740,8254,9777,11271,8030,9173,10354,12167,15205,17000,18710
2160,Anguilla,660,SmallislanddevelopingStatesSIDS,1637,1462,1883,2304,2653,2888,3093,3220,884,1123,1362,1573,1718,1843,1921,578,760,942,1080,1170,1250,1299
2161,AntiguaandBarbuda,28,SmallislanddevelopingStatesSIDS,1637,8509,13535,18547,19896,21232,22576,23620,4087,6089,8088,8663,9238,9815,10277,4422,7446,10459,11233,11994,12761,13343
2162,Aruba,533,SmallislanddevelopingStatesSIDS,1637,4577,7132,9683,10634,11383,11965,13373,1503,2624,3749,4252,4779,5012,5442,3074,4508,5934,6382,6604,6953,7931
2163,Bahamas,44,SmallislanddevelopingStatesSIDS,1637,17002,21702,26413,31521,36620,39677,42560,9089,11633,14197,16361,18525,19929,21357,7913,10069,12216,15160,18095,19748,21203
2164,Barbados,52,SmallislanddevelopingStatesSIDS,1637,13219,14429,15639,15294,14889,15635,15789,5051,5658,6266,6279,6263,6578,6650,8168,8771,9373,9015,8626,9057,9139
2165,BritishVirginIslands,92,SmallislanddevelopingStatesSIDS,1637,6197,7288,8373,9592,11969,13687,15523,3196,3669,4143,4746,5909,6709,7614,3001,3619,4230,4846,6060,6978,7909
2166,CaymanIslands,136,SmallislanddevelopingStatesSIDS,1637,4470,6326,9783,10256,11651,12715,14161,2023,2937,4577,5031,5947,6475,7244,2447,3389,5206,5225,5704,6240,6917
2167,Cuba,192,SmallislanddevelopingStatesSIDS,1637,3438,2607,1880,996,506,245,116,2141,1581,1107,549,249,112,51,1297,1026,773,447,257,133,65
2168,CuraÃao,531,SmallislanddevelopingStatesSIDS,1637,0,0,0,0,13893,15064,17553,0,0,0,0,4693,5117,6243,0,0,0,0,9200,9947,11310
2169,Dominica,212,SmallislanddevelopingStatesSIDS,1637,1406,1847,2203,2702,5005,4709,4817,717,941,1135,1388,2546,2406,2460,689,906,1068,1314,2459,2303,2357
2170,DominicanRepublic,214,SmallislanddevelopingStatesSIDS,1637,205073,227779,250470,287020,323870,484012,505419,132143,144811,157472,178636,199968,315586,329128,72930,82968,92998,108384,123902,168426,176291
2171,Grenada,308,SmallislanddevelopingStatesSIDS,1637,2665,3250,3842,4020,4209,4255,4356,1317,1505,1692,1779,1866,1886,1763,1348,1745,2150,2241,2343,2369,2593
2172,Guadeloupe,312,SmallislanddevelopingStatesSIDS,1637,27163,25757,24346,26963,29578,28335,28049,13420,12298,11177,12104,13031,11770,11506,13743,13459,13169,14859,16547,16565,16543
2173,Haiti,332,SmallislanddevelopingStatesSIDS,1637,5155,4895,4648,4414,4634,4864,5088,2721,2585,2456,2332,2449,2572,2693,2434,2310,2192,2082,2185,2292,2395
2174,Jamaica,388,SmallislanddevelopingStatesSIDS,1637,5359,6149,6932,6756,6576,6435,6546,2602,2996,3387,3320,3255,3186,3249,2757,3153,3545,3436,3321,3249,3297
2175,Martinique,474,SmallislanddevelopingStatesSIDS,1637,5625,7147,8671,9074,9479,11004,10914,2361,3045,3727,3773,3818,4239,4206,3264,4102,4944,5301,5661,6765,6708
2176,Montserrat,500,SmallislanddevelopingStatesSIDS,1637,1267,1014,766,788,811,852,878,652,523,395,405,416,437,447,615,491,371,383,395,415,431
2177,PuertoRico,630,SmallislanddevelopingStatesSIDS,1637,61104,72991,85062,87545,79028,73262,60554,27891,34091,40365,41456,37044,34174,28132,33213,38900,44697,46089,41984,39088,32422
2178,SaintBarthelemy,652,SmallislanddevelopingStatesSIDS,1637,0,0,0,0,0,0,0,0,0,0,0,0,0,0,0,0,0,0,0,0,0
2179,SaintKittsandNevis,659,SmallislanddevelopingStatesSIDS,1637,1521,2014,2784,3165,3431,3521,3632,752,1009,1417,1614,1753,1807,1872,769,1005,1367,1551,1678,1714,1760
2180,SaintLucia,662,SmallislanddevelopingStatesSIDS,1637,2392,3178,4423,5137,5440,5205,4990,1116,1486,2087,2392,2519,2406,2311,1276,1692,2336,2745,2921,2799,2679
2181,SaintMartinFrenchpart,663,SmallislanddevelopingStatesSIDS,1637,0,0,0,0,0,0,0,0,0,0,0,0,0,0,0,0,0,0,0,0,0
2182,SaintVincentandtheGrenadines,670,SmallislanddevelopingStatesSIDS,1637,2427,2522,2627,2706,2783,2826,2879,1131,1175,1232,1293,1358,1383,1433,1296,1347,1395,1413,1425,1443,1446
2183,SintMaartenDutchpart,534,SmallislanddevelopingStatesSIDS,1637,0,0,0,10523,21059,21941,23169,0,0,0,4802,9606,9993,10555,0,0,0,5721,11453,11948,12614
2184,TrinidadandTobago,780,SmallislanddevelopingStatesSIDS,1637,37926,34433,28183,30253,26843,27886,33211,17404,15755,12544,13426,12151,12874,17942,20522,18678,15639,16827,14692,15012,15269
2185,TurksandCaicosIslands,796,SmallislanddevelopingStatesSIDS,1637,3619,4736,6278,6720,11361,15957,18083,1874,2440,3202,3401,5685,7986,9054,1745,2296,3076,3319,5676,7971,9029
2186,UnitedStatesVirginIslands,850,SmallislanddevelopingStatesSIDS,1637,29750,33724,37777,38203,38656,38674,38670,13810,15565,17347,17601,17860,17865,17875,15940,18159,20430,20602,20796,20809,20795
2187,CentralAmerica,916,SmallislanddevelopingStatesSIDS,1637,23297,26014,32389,32629,42267,45845,56216,11387,12192,14755,15442,20809,22487,28218,11910,13822,17634,17187,21458,23358,27998
2188,Belize,84,SmallislanddevelopingStatesSIDS,1637,480,461,441,454,467,550,621,279,273,266,273,282,332,378,201,188,175,181,185,218,243
2189,CostaRica,188,SmallislanddevelopingStatesSIDS,1637,6101,4833,5983,3948,7759,7840,9398,3102,2493,3041,1969,3893,3923,4941,2999,2340,2942,1979,3866,3917,4457
2190,ElSalvador,222,SmallislanddevelopingStatesSIDS,1637,555,501,443,536,624,651,657,270,245,221,270,318,333,337,285,256,222,266,306,318,320
2191,Guatemala,320,SmallislanddevelopingStatesSIDS,1637,972,1057,1140,1354,1565,1719,1927,327,441,554,708,862,963,1075,645,616,586,646,703,756,852
2192,Honduras,340,SmallislanddevelopingStatesSIDS,1637,1000,1023,1043,1023,998,1401,1425,647,646,644,635,627,884,903,353,377,399,388,371,517,522
2193,Mexico,484,SmallislanddevelopingStatesSIDS,1637,6519,9643,13194,14849,18222,19019,26018,3069,4447,6051,7264,9329,9698,13443,3450,5196,7143,7585,8893,9321,12575
2194,Nicaragua,558,SmallislanddevelopingStatesSIDS,1637,1197,952,1043,1166,1244,1338,1389,695,548,609,679,731,792,829,502,404,434,487,513,546,560
2195,Panama,591,SmallislanddevelopingStatesSIDS,1637,6473,7544,9102,9299,11388,13327,14781,2998,3099,3369,3644,4767,5562,6312,3475,4445,5733,5655,6621,7765,8469
2196,Argentina,32,SmallislanddevelopingStatesSIDS,1637,2272,3275,4281,3180,2034,2040,2054,1065,1423,1788,1349,907,909,922,1207,1852,2493,1831,1127,1131,1132
2197,BoliviaPlurinationalStateof,68,SmallislanddevelopingStatesSIDS,1637,1374,1611,1963,2276,2771,3230,3568,745,847,1008,1152,1396,1621,1799,629,764,955,1124,1375,1609,1769
2198,Brazil,76,SmallislanddevelopingStatesSIDS,1637,2210,2787,3360,5224,7728,9093,55617,951,1390,1828,2807,3995,4691,23828,1259,1397,1532,2417,3733,4402,31789
2199,Chile,152,SmallislanddevelopingStatesSIDS,1637,678,1988,3300,4952,6605,42697,297326,327,1033,1707,2601,3495,24858,177691,351,955,1593,2351,3110,17839,119635
2200,Colombia,170,SmallislanddevelopingStatesSIDS,1637,1657,1725,1792,1755,2241,2858,3580,929,984,1039,1035,1335,1721,2168,728,741,753,720,906,1137,1412
2201,Ecuador,218,SmallislanddevelopingStatesSIDS,1637,1359,1527,1692,2027,4628,4073,4256,732,824,913,1111,2510,2183,2510,627,703,779,916,2118,1890,1746
2202,FalklandIslandsMalvinas,238,SmallislanddevelopingStatesSIDS,1637,0,0,0,0,0,0,0,0,0,0,0,0,0,0,0,0,0,0,0,0,0
2203,FrenchGuiana,254,SmallislanddevelopingStatesSIDS,1637,35960,38240,40517,46530,52540,52232,58706,19209,19622,20037,22012,23987,23662,26594,16751,18618,20480,24518,28553,28570,32112
2204,Guyana,328,SmallislanddevelopingStatesSIDS,1637,1940,2844,3745,4818,3663,3873,4062,1014,1465,1921,2483,1968,2084,2189,926,1379,1824,2335,1695,1789,1873
2205,Paraguay,600,SmallislanddevelopingStatesSIDS,1637,0,0,0,0,0,0,0,0,0,0,0,0,0,0,0,0,0,0,0,0,0
2206,Peru,604,SmallislanddevelopingStatesSIDS,1637,800,805,945,1112,1241,1316,3898,446,442,520,614,683,740,2272,354,363,425,498,558,576,1626
2207,Suriname,740,SmallislanddevelopingStatesSIDS,1637,5114,6317,7802,9548,11264,12232,13557,2760,3420,4224,5201,6143,6678,7452,2354,2897,3578,4347,5121,5554,6105
2208,Uruguay,858,SmallislanddevelopingStatesSIDS,1637,0,0,0,0,0,0,0,0,0,0,0,0,0,0,0,0,0,0,0,0,0
2209,VenezuelaBolivarianRepublicof,862,SmallislanddevelopingStatesSIDS,1637,43715,40358,37864,39062,40840,42421,39975,19530,18293,17351,17877,18702,19142,17704,24185,22065,20513,21185,22138,23279,22271
2210,Bermuda,60,SmallislanddevelopingStatesSIDS,1637,1607,1798,2429,2197,1923,2009,2233,893,963,1228,1039,923,912,1032,714,835,1201,1158,1000,1097,1201
2211,Canada,124,SmallislanddevelopingStatesSIDS,1637,337649,377411,426149,449970,535710,527981,572029,164380,182785,205580,207016,237536,234249,253819,173269,194626,220569,242954,298174,293732,318210
2212,Greenland,304,SmallislanddevelopingStatesSIDS,1637,0,0,0,0,0,0,0,0,0,0,0,0,0,0,0,0,0,0,0,0,0
2213,SaintPierreandMiquelon,666,SmallislanddevelopingStatesSIDS,1637,0,0,0,0,0,0,0,0,0,0,0,0,0,0,0,0,0,0,0,0,0
2214,UnitedStatesofAmerica,840,SmallislanddevelopingStatesSIDS,1637,3319052,4148616,4978024,5318748,5831703,6472784,6899558,1550886,1901459,2246755,2419869,2610074,2998819,3176275,1768166,2247157,2731269,2898879,3221629,3473965,3723283
2215,Australia,36,SmallislanddevelopingStatesSIDS,1637,120108,128782,140119,176316,211109,240009,267821,58291,61791,66856,84283,100664,117174,129413,61817,66991,73263,92033,110445,122835,138408
2216,NewZealand,554,SmallislanddevelopingStatesSIDS,1637,98011,98478,114835,130652,145767,158555,180037,47350,46882,55820,63419,70632,76676,87069,50661,51596,59015,67233,75135,81879,92968
2217,Melanesia,928,SmallislanddevelopingStatesSIDS,1637,12965,13797,14380,12532,10922,10094,10406,6789,7215,7485,6682,6008,5439,5615,6176,6582,6895,5850,4914,4655,4791
2218,Fiji,242,SmallislanddevelopingStatesSIDS,1637,3426,3375,3365,3377,3626,3734,3813,1827,1784,1777,1783,1939,2017,2067,1599,1591,1588,1594,1687,1717,1746
2219,NewCaledonia,540,SmallislanddevelopingStatesSIDS,1637,5879,6813,7749,6401,5053,4143,4396,3127,3576,4025,3420,2814,2172,2298,2752,3237,3724,2981,2239,1971,2098
2220,PapuaNewGuinea,598,SmallislanddevelopingStatesSIDS,1637,715,729,543,565,477,482,477,399,410,325,354,302,312,317,316,319,218,211,175,170,160
2221,SolomonIslands,90,SmallislanddevelopingStatesSIDS,1637,2459,2433,2320,1658,1103,1031,1003,1218,1207,1153,860,620,583,570,1241,1226,1167,798,483,448,433
2222,Vanuatu,548,SmallislanddevelopingStatesSIDS,1637,486,447,403,531,663,704,717,218,238,205,265,333,355,363,268,209,198,266,330,349,354
2223,Micronesia,954,SmallislanddevelopingStatesSIDS,1637,16247,18914,21750,25673,26682,26565,27902,8068,9560,10897,12838,13404,13415,14084,8179,9354,10853,12835,13278,13150,13818
2224,Guam,316,SmallislanddevelopingStatesSIDS,1637,6495,8707,10915,14621,18326,18488,19546,3238,4329,5418,7437,9460,9538,10088,3257,4378,5497,7184,8866,8950,9458
2225,Kiribati,296,SmallislanddevelopingStatesSIDS,1637,1519,1575,1632,1927,2223,2260,2428,723,770,817,983,1148,1168,1251,796,805,815,944,1075,1092,1177
2226,MarshallIslands,584,SmallislanddevelopingStatesSIDS,1637,229,291,364,466,598,635,638,155,197,234,286,358,381,383,74,94,130,180,240,254,255
2227,MicronesiaFedStatesof,583,SmallislanddevelopingStatesSIDS,1637,699,637,595,565,553,547,549,399,402,330,305,297,294,300,300,235,265,260,256,253,249
2228,Nauru,520,SmallislanddevelopingStatesSIDS,1637,1760,1627,1495,1408,252,397,456,899,832,764,722,138,224,270,861,795,731,686,114,173,186
2229,NorthernMarianaIslands,580,SmallislanddevelopingStatesSIDS,1637,5134,5378,5953,5667,3755,3362,3386,2425,2688,2950,2610,1554,1381,1394,2709,2690,3003,3057,2201,1981,1992
2230,Palau,585,SmallislanddevelopingStatesSIDS,1637,411,699,796,1019,975,876,899,229,342,384,495,449,429,398,182,357,412,524,526,447,501
2231,Polynesia,957,SmallislanddevelopingStatesSIDS,1637,21418,23938,26475,26011,24911,24630,24613,11079,12269,13440,13165,12590,12409,12413,10339,11669,13035,12846,12321,12221,12200
2232,AmericanSamoa,16,SmallislanddevelopingStatesSIDS,1637,16028,17481,18936,18198,17466,17433,17504,8357,9030,9702,9276,8852,8777,8812,7671,8451,9234,8922,8614,8656,8692
2233,CookIslands,184,SmallislanddevelopingStatesSIDS,1637,165,173,178,235,292,639,699,88,93,96,101,107,307,335,77,80,82,134,185,332,364
2234,FrenchPolynesia,258,SmallislanddevelopingStatesSIDS,1637,1959,2150,2301,2495,2489,2475,2476,949,1014,1060,1206,1284,1276,1277,1010,1136,1241,1289,1205,1199,1199
2235,Niue,570,SmallislanddevelopingStatesSIDS,1637,149,195,236,247,173,169,165,87,110,130,136,96,96,96,62,85,106,111,77,73,69
2236,Samoa,882,SmallislanddevelopingStatesSIDS,1637,1225,1874,2520,2367,2071,1724,1618,641,976,1297,1206,1043,862,820,584,898,1223,1161,1028,862,798
2237,Tokelau,772,SmallislanddevelopingStatesSIDS,1637,135,134,123,122,204,232,242,85,82,68,64,99,113,118,50,52,55,58,105,119,124
2238,Tonga,776,SmallislanddevelopingStatesSIDS,1637,539,609,681,795,850,729,687,253,296,340,401,432,373,352,286,313,341,394,418,356,335
2239,Tuvalu,798,SmallislanddevelopingStatesSIDS,1637,205,159,125,116,116,121,124,97,76,55,50,49,51,50,108,83,70,66,67,70,74
2240,WallisandFutunaIslands,876,SmallislanddevelopingStatesSIDS,1637,1013,1163,1375,1436,1250,1108,1098,522,592,692,725,628,554,553,491,571,683,711,622,554,545
2241,Developedregions,901,Highincomecountries,1503,28243751,30011813,32273012,34767170,38964851,40302859,45130736,13466851,14250536,15209487,16462985,18314088,19061976,21625208,14776900,15761277,17063525,18304185,20650763,21240883,23505528
2242,Lessdevelopedregions,902,Highincomecountries,1503,5765226,5666154,5751473,6115044,6684345,7053860,7677283,2923847,2889417,2941454,3149479,3470262,3648527,3931252,2841379,2776737,2810019,2965565,3214083,3405333,3746031
2243,Leastdevelopedcountries,941,Highincomecountries,1503,154721,182866,206763,230782,258654,275676,278890,83512,98810,111649,123671,138186,147167,115677,71209,84056,95114,107111,120468,128509,163213
2244,LandlockedDevelopingCountriesLLDC,1636,Highincomecountries,1503,217293,190121,169874,174167,179114,190160,203286,106828,94828,86563,89677,93367,99196,106442,110465,95293,83311,84490,85747,90964,96844
2245,SmallislanddevelopingStatesSIDS,1637,Highincomecountries,1503,678267,728190,780420,796269,798366,805456,821029,347770,370656,393239,398066,395483,398470,408205,330497,357534,387181,398203,402883,406986,412824
2246,Highincomecountries,1503,Highincomecountries,1503,28771822,30355968,32591310,35181105,39553085,40965198,45839206,13748008,14445035,15406525,16705037,18664671,19460088,22050779,15023814,15910933,17184785,18476068,20888414,21505110,23788427
2247,Middleincomecountries,1517,Highincomecountries,1503,5041012,5087414,5158454,5403719,5777755,6054437,6616973,2538217,2571220,2601430,2754346,2957925,3081741,3329405,2502795,2516194,2557024,2649373,2819830,2972696,3287568
2248,Uppermiddleincomecountries,1502,Highincomecountries,1503,4289693,4344883,4360190,4564430,4861165,5120602,5656006,2161736,2193373,2193339,2316544,2484757,2599702,2866101,2127957,2151510,2166851,2247886,2376408,2520900,2789905
2249,Lowermiddleincomecountries,1501,Highincomecountries,1503,751319,742531,798264,839289,916590,933835,960967,376481,377847,408091,437802,473168,482039,463304,374838,364684,390173,401487,443422,451796,497663
2250,Lowincomecountries,1500,Highincomecountries,1503,69680,73656,75969,80046,87769,96854,102128,37441,39892,40862,42931,46590,51453,54445,32239,33764,35107,37115,41179,45401,47683
2251,Burundi,108,Highincomecountries,1503,963,931,712,698,745,907,1076,472,454,347,336,355,433,517,491,477,365,362,390,474,559
2252,Comoros,174,Highincomecountries,1503,543,538,532,509,486,482,479,310,306,301,289,278,277,276,233,232,231,220,208,205,203
2253,Djibouti,262,Highincomecountries,1503,0,0,0,0,0,0,0,0,0,0,0,0,0,0,0,0,0,0,0,0,0
2254,Eritrea,232,Highincomecountries,1503,142,197,254,327,407,492,428,66,89,113,158,208,250,222,76,108,141,169,199,242,206
2255,Ethiopia,231,Highincomecountries,1503,0,0,0,0,0,0,0,0,0,0,0,0,0,0,0,0,0,0,0,0,0
2256,Kenya,404,Highincomecountries,1503,0,0,0,0,0,0,0,0,0,0,0,0,0,0,0,0,0,0,0,0,0
2257,Madagascar,450,Highincomecountries,1503,6672,5908,6567,7269,8066,8950,9922,3725,3321,3705,4115,4583,5102,5658,2947,2587,2862,3154,3483,3848,4264
2258,Malawi,454,Highincomecountries,1503,769,1639,1578,1504,1478,1272,1081,399,853,819,778,763,650,558,370,786,759,726,715,622,523
2259,Mauritius,480,Highincomecountries,1503,1994,1513,1891,2094,2423,2782,2793,958,787,916,1086,1356,1621,1637,1036,726,975,1008,1067,1161,1156
2260,Mayotte,175,Highincomecountries,1503,1359,2791,5080,7789,9498,10624,14560,859,1712,2948,4023,4504,4916,6738,500,1079,2132,3766,4994,5708,7822
2261,Mozambique,508,Highincomecountries,1503,7879,10839,12608,17312,19731,20454,21489,4306,5945,6729,8516,9675,10030,10648,3573,4894,5879,8796,10056,10424,10841
2262,Reunion,638,Highincomecountries,1503,38524,52919,69764,80221,86187,89115,92309,21104,28757,37530,43561,47084,48486,50226,17420,24162,32234,36660,39103,40629,42083
2263,Rwanda,646,Highincomecountries,1503,0,0,0,0,0,0,0,0,0,0,0,0,0,0,0,0,0,0,0,0,0
2264,Seychelles,690,Highincomecountries,1503,884,945,1011,1132,1255,1403,1419,403,513,622,676,728,848,865,481,432,389,456,527,555,554
2265,Somalia,706,Highincomecountries,1503,0,0,0,0,0,0,0,0,0,0,0,0,0,0,0,0,0,0,0,0,0
2266,SouthSudan,728,Highincomecountries,1503,0,0,0,0,0,0,0,0,0,0,0,0,0,0,0,0,0,0,0,0,0
2267,Uganda,800,Highincomecountries,1503,3170,2995,3907,3775,3798,3811,3549,1864,1721,2200,2102,2101,2095,1945,1306,1274,1707,1673,1697,1716,1604
2268,UnitedRepublicofTanzania,834,Highincomecountries,1503,2966,3790,3999,4457,4572,4754,4228,1715,2192,2311,2597,2666,2458,2168,1251,1598,1688,1860,1906,2296,2060
2269,Zambia,894,Highincomecountries,1503,3276,2579,2079,2525,3148,2770,3870,1788,1409,1136,1373,1642,1441,2070,1488,1170,943,1152,1506,1329,1800
2270,Zimbabwe,716,Highincomecountries,1503,19136,18132,23747,19394,12174,12243,12705,10919,10344,13543,11061,6944,6896,7203,8217,7788,10204,8333,5230,5347,5502
2271,MiddleAfrica,911,Highincomecountries,1503,45674,48755,52409,44839,51048,59265,63295,24950,26579,28503,24188,27702,32695,34818,20724,22176,23906,20651,23346,26570,28477
2272,Angola,24,Highincomecountries,1503,5298,6156,7014,6772,6384,5867,5292,3379,3833,4287,3386,3191,2936,2616,1919,2323,2727,3386,3193,2931,2676
2273,Cameroon,120,Highincomecountries,1503,11808,10986,10163,7061,5620,7019,8164,6377,5919,5460,3783,3129,3485,4062,5431,5067,4703,3278,2491,3534,4102
2274,CentralAfricanRepublic,140,Highincomecountries,1503,11269,14331,16151,12611,12386,10663,11271,5956,7622,8623,6737,6618,5667,5939,5313,6709,7528,5874,5768,4996,5332
2275,Chad,148,Highincomecountries,1503,886,963,1039,720,853,1048,1216,478,519,560,326,382,482,553,408,444,479,394,471,566,663
2276,Congo,178,Highincomecountries,1503,9245,6816,6214,3951,9410,12506,12420,4859,3522,3123,2449,5324,6844,6768,4386,3294,3091,1502,4086,5662,5652
2277,DemocraticRepublicoftheCongo,180,Highincomecountries,1503,0,0,0,0,0,0,0,0,0,0,0,0,0,0,0,0,0,0,0,0,0
2278,EquatorialGuinea,226,Highincomecountries,1503,1478,1958,2437,3555,4672,5840,7018,700,921,1142,1710,2279,2886,3470,778,1037,1295,1845,2393,2954,3548
2279,Gabon,266,Highincomecountries,1503,5484,7333,9173,9998,11589,16204,17810,3090,4130,5195,5709,6710,10334,11355,2394,3203,3978,4289,4879,5870,6455
2280,SaoTomeandPrincipe,678,Highincomecountries,1503,206,212,218,171,134,118,104,111,113,113,88,69,61,55,95,99,105,83,65,57,49
2281,Algeria,12,Highincomecountries,1503,22830,15961,9090,7185,7891,8575,8907,13083,9039,4995,3949,4185,4547,4721,9747,6922,4095,3236,3706,4028,4186
2282,Egypt,818,Highincomecountries,1503,47738,40032,35502,42267,45478,31241,48779,26121,21728,19066,23910,24977,19109,27387,21617,18304,16436,18357,20501,12132,21392
2283,Libya,434,Highincomecountries,1503,130715,103867,78750,86810,95279,106660,114204,71784,59904,50046,60805,66975,74672,80737,58931,43963,28704,26005,28304,31988,33467
2284,Morocco,504,Highincomecountries,1503,23175,21263,22396,23749,35887,46281,50872,12257,11092,11504,12024,18080,23220,26178,10918,10171,10892,11725,17807,23061,24694
2285,Sudan,729,Highincomecountries,1503,0,0,0,0,0,0,0,0,0,0,0,0,0,0,0,0,0,0,0,0,0
2286,Tunisia,788,Highincomecountries,1503,6631,6581,7726,7376,9965,12875,13677,3299,3308,3933,3784,5130,6652,7149,3332,3273,3793,3592,4835,6223,6528
2287,WesternSahara,732,Highincomecountries,1503,140,155,171,202,233,268,279,63,71,80,98,115,136,142,77,84,91,104,118,132,137
2288,Botswana,72,Highincomecountries,1503,5811,4399,3448,5859,5906,6409,6831,3301,2284,1509,3099,3282,3566,3815,2510,2115,1939,2760,2624,2843,3016
2289,Eswatini,748,Highincomecountries,1503,297,124,179,248,312,355,353,141,67,93,119,140,158,158,156,57,86,129,172,197,195
2290,Lesotho,426,Highincomecountries,1503,95,91,85,86,87,124,163,49,47,44,45,46,67,87,46,44,41,41,41,57,76
2291,Namibia,516,Highincomecountries,1503,26952,25759,23956,18926,18220,17816,19036,11698,11280,10532,8263,7983,7838,8406,15254,14479,13424,10663,10237,9978,10630
2292,SouthAfrica,710,Highincomecountries,1503,267074,220512,239907,315674,280642,234656,269973,115251,105492,121991,155046,136758,114665,141023,151823,115020,117916,160628,143884,119991,128950
2293,Benin,204,Highincomecountries,1503,370,510,650,909,1161,1304,1402,190,265,340,458,574,659,711,180,245,310,451,587,645,691
2294,BurkinaFaso,854,Highincomecountries,1503,0,0,0,0,0,0,0,0,0,0,0,0,0,0,0,0,0,0,0,0,0
2295,CaboVerde,132,Highincomecountries,1503,1813,1904,1989,2210,2425,2516,2642,919,992,1064,1130,1198,1239,1310,894,912,925,1080,1227,1277,1332
2296,CotedIvoire,384,Highincomecountries,1503,0,0,0,0,0,0,0,0,0,0,0,0,0,0,0,0,0,0,0,0,0
2297,Gambia,270,Highincomecountries,1503,0,0,0,0,0,0,0,0,0,0,0,0,0,0,0,0,0,0,0,0,0
2298,Ghana,288,Highincomecountries,1503,2136,2130,2381,3348,2665,3274,3743,1045,1145,1179,1759,1351,1663,1913,1091,985,1202,1589,1314,1611,1830
2299,Guinea,324,Highincomecountries,1503,4792,4426,3515,3079,3135,7242,6897,2609,2645,2079,2045,1989,4277,4113,2183,1781,1436,1034,1146,2965,2784
2300,GuineaBissau,624,Highincomecountries,1503,836,1074,1309,1269,1227,1301,947,432,565,698,649,599,629,470,404,509,611,620,628,672,477
2301,Liberia,430,Highincomecountries,1503,7680,7500,7368,3289,1397,1598,1224,3928,3757,3590,2108,671,762,602,3752,3743,3778,1181,726,836,622
2302,Mali,466,Highincomecountries,1503,2922,2921,2570,10526,16284,20028,23479,1570,1541,1339,5327,8575,10542,12387,1352,1380,1231,5199,7709,9486,11092
2303,Mauritania,478,Highincomecountries,1503,755,802,824,835,581,829,893,341,405,460,477,353,499,544,414,397,364,358,228,330,349
2304,Niger,562,Highincomecountries,1503,0,0,0,0,0,0,0,0,0,0,0,0,0,0,0,0,0,0,0,0,0
2305,Nigeria,566,Highincomecountries,1503,0,0,0,0,0,0,0,0,0,0,0,0,0,0,0,0,0,0,0,0,0
2306,SaintHelena,654,Highincomecountries,1503,127,83,77,111,163,247,287,80,51,45,59,92,168,203,47,32,32,52,71,79,84
2307,Senegal,686,Highincomecountries,1503,14013,14653,13316,14284,15940,17017,17563,6744,7007,6480,6967,7898,8429,8681,7269,7646,6836,7317,8042,8588,8882
2308,SierraLeone,694,Highincomecountries,1503,1312,1276,1241,723,538,406,342,702,666,631,429,328,252,217,610,610,610,294,210,154,125
2309,Togo,768,Highincomecountries,1503,2112,1837,1612,1430,1397,1287,1292,1116,971,847,758,755,694,703,996,866,765,672,642,593,589
2310,Kazakhstan,398,Highincomecountries,1503,46108,37205,28298,32262,36223,38528,40543,22421,18166,13910,16294,18676,20170,21228,23687,19039,14388,15968,17547,18358,19315
2311,Kyrgyzstan,417,Highincomecountries,1503,35413,28043,19920,15750,11340,9987,9713,14711,11709,8365,6569,4645,4056,3952,20702,16334,11555,9181,6695,5931,5761
2312,Tajikistan,762,Highincomecountries,1503,1988,1611,1392,1333,1320,1292,1270,884,861,780,760,760,746,749,1104,750,612,573,560,546,521
2313,Turkmenistan,795,Highincomecountries,1503,1567,1280,1037,1028,997,1038,1029,587,552,429,432,397,432,438,980,728,608,596,600,606,591
2314,Uzbekistan,860,Highincomecountries,1503,19362,14711,9353,9362,8998,8610,8543,8643,6469,4071,4206,4174,4069,4051,10719,8242,5282,5156,4824,4541,4492
2315,China,156,Highincomecountries,1503,49367,69621,83971,189595,310906,383506,417162,27866,39382,47807,115095,193581,245396,266932,21501,30239,36164,74500,117325,138110,150230
2316,DemPeoplesRepublicofKorea,408,Highincomecountries,1503,7255,6633,6006,6455,6900,7597,7756,3745,3432,3117,3337,3557,3939,4028,3510,3201,2889,3118,3343,3658,3728
2317,Japan,392,Highincomecountries,1503,761958,751051,741235,646525,686907,583997,602399,380906,383436,360234,307802,319038,281474,289623,381052,367615,381001,338723,367869,302523,312776
2318,Mongolia,496,Highincomecountries,1503,855,930,1038,1987,3183,3932,4193,445,517,591,1167,1960,2011,2158,410,413,447,820,1223,1921,2035
2319,RepublicofKorea,410,Highincomecountries,1503,18738,30391,51723,62761,81728,96036,129293,10593,15139,25464,40058,52466,67918,87550,8145,15252,26259,22703,29262,28118,41743
2320,BruneiDarussalam,96,Highincomecountries,1503,4839,5069,5296,5413,5530,5647,6137,2704,2850,2997,3077,3157,3237,3524,2135,2219,2299,2336,2373,2410,2613
2321,Cambodia,116,Highincomecountries,1503,570,1498,2417,1886,1356,1223,1291,354,926,1497,1186,877,800,858,216,572,920,700,479,423,433
2322,Indonesia,360,Highincomecountries,1503,70096,46376,22660,71783,125519,138956,146085,39835,26878,13924,43124,71988,80981,85025,30261,19498,8736,28659,53531,57975,61060
2323,LaoPeoplesDemocraticRepublic,418,Highincomecountries,1503,18,18,17,16,110,205,218,10,10,9,9,76,144,155,8,8,8,7,34,61,63
2324,Malaysia,458,Highincomecountries,1503,46982,50657,68361,92267,110193,134375,142393,23471,25973,35530,50102,61600,76073,82467,23511,24684,32831,42165,48593,58302,59926
2325,Myanmar,104,Highincomecountries,1503,0,0,0,0,0,0,0,0,0,0,0,0,0,0,0,0,0,0,0,0,0
2326,Philippines,608,Highincomecountries,1503,32388,43571,106413,86107,87545,88913,94584,19663,26124,54784,44992,46829,47630,50796,12725,17447,51629,41115,40716,41283,43788
2327,Singapore,702,Highincomecountries,1503,34982,51748,73528,87065,105461,120980,122936,16674,24523,34262,40061,48054,55066,55878,18308,27225,39266,47004,57407,65914,67058
2328,Thailand,764,Highincomecountries,1503,23605,24015,29401,26836,26209,28112,29417,15208,15894,19666,17852,17502,18747,19610,8397,8121,9735,8984,8707,9365,9807
2329,TimorLeste,626,Highincomecountries,1503,943,1009,1089,1167,1203,1050,1030,456,478,505,558,585,636,629,487,531,584,609,618,414,401
2330,VietNam,704,Highincomecountries,1503,1025,2794,7058,8008,9447,11378,11986,546,1502,4008,4766,5529,6611,6968,479,1292,3050,3242,3918,4767,5018
2331,Afghanistan,4,Highincomecountries,1503,0,0,0,0,0,0,0,0,0,0,0,0,0,0,0,0,0,0,0,0,0
2332,Bangladesh,50,Highincomecountries,1503,61576,81931,102283,120791,139402,147295,144431,33254,44246,55236,65230,75280,79542,44613,28322,37685,47047,55561,64122,67753,99818
2333,Bhutan,64,Highincomecountries,1503,283,335,384,482,580,613,619,166,198,227,282,337,357,375,117,137,157,200,243,256,244
2334,India,356,Highincomecountries,1503,94103,87736,81360,135691,177228,165137,154443,47201,45610,44017,77532,92504,84711,77937,46902,42126,37343,58159,84724,80426,76506
2335,IranIslamicRepublicof,364,Highincomecountries,1503,0,0,0,0,0,0,0,0,0,0,0,0,0,0,0,0,0,0,0,0,0
2336,Maldives,462,Highincomecountries,1503,1055,1131,1149,1087,1157,1228,1318,579,561,623,632,783,931,1015,476,570,526,455,374,297,303
2337,Nepal,524,Highincomecountries,1503,0,0,0,0,0,0,0,0,0,0,0,0,0,0,0,0,0,0,0,0,0
2338,Pakistan,586,Highincomecountries,1503,0,0,0,0,0,0,0,0,0,0,0,0,0,0,0,0,0,0,0,0,0
2339,SriLanka,144,Highincomecountries,1503,321,2354,4431,8664,17359,17479,17686,198,1841,3021,4304,8749,8598,8795,123,513,1410,4360,8610,8881,8891
2340,WesternAsia,922,Highincomecountries,1503,1156136,1241045,1311520,1291136,1405036,1421191,1651583,562268,607076,645213,623069,691996,669850,743623,593868,633969,666307,668067,713040,751341,907960
2341,Armenia,51,Highincomecountries,1503,6272,4087,2839,1881,1565,1656,1646,2523,1675,1194,827,719,771,774,3749,2412,1645,1054,846,885,872
2342,Azerbaijan,31,Highincomecountries,1503,1051,922,930,883,808,771,732,442,420,417,381,365,357,340,609,502,513,502,443,414,392
2343,Bahrain,48,Highincomecountries,1503,4866,5658,6475,10277,16357,17729,22967,2941,3376,3793,6174,9930,11032,14576,1925,2282,2682,4103,6427,6697,8391
2344,Cyprus,196,Highincomecountries,1503,21213,30009,38776,58310,89466,81781,84360,10411,14105,17798,26289,41089,37869,39409,10802,15904,20978,32021,48377,43912,44951
2345,Georgia,268,Highincomecountries,1503,18383,3488,2101,1986,1999,2089,2131,7958,1381,824,784,790,831,861,10425,2107,1277,1202,1209,1258,1270
2346,Iraq,368,Highincomecountries,1503,1050,1238,1173,1365,1395,1362,1372,739,782,635,911,957,1004,987,311,456,538,454,438,358,385
2347,Israel,376,Highincomecountries,1503,412852,433495,429861,408322,391734,404007,392292,190690,196855,194536,184615,176480,180922,175688,222162,236640,235325,223707,215254,223085,216604
2348,Jordan,400,Highincomecountries,1503,10181,15380,20552,15444,31858,13151,16987,4826,8410,12026,10810,21428,7691,9942,5355,6970,8526,4634,10430,5460,7045
2349,Kuwait,414,Highincomecountries,1503,19649,17001,20964,26690,39129,48606,52731,7238,7459,10682,14089,21200,23314,25290,12411,9542,10282,12601,17929,25292,27441
2350,Lebanon,422,Highincomecountries,1503,3343,5404,7460,5733,4079,3449,2996,1664,2968,4274,3380,2531,1652,1469,1679,2436,3186,2353,1548,1797,1527
2351,Oman,512,Highincomecountries,1503,8185,15244,18022,14792,13960,31743,40565,5160,9351,11553,9334,8869,21911,28010,3025,5893,6469,5458,5091,9832,12555
2352,Qatar,634,Highincomecountries,1503,63778,70971,67591,35315,31695,25469,30578,40599,48363,49039,23746,23960,19662,23305,23179,22608,18552,11569,7735,5807,7273
2353,SaudiArabia,682,Highincomecountries,1503,0,0,0,0,0,0,0,0,0,0,0,0,0,0,0,0,0,0,0,0,0
2354,StateofPalestine,275,Highincomecountries,1503,182646,178486,174328,164076,154709,156493,158968,83635,81247,78856,74239,70152,71572,74233,99011,97239,95472,89837,84557,84921,84735
2355,SyrianArabRepublic,760,Highincomecountries,1503,0,0,0,0,0,0,0,0,0,0,0,0,0,0,0,0,0,0,0,0,0
2356,Turkey,792,Highincomecountries,1503,371401,421419,473018,489251,504651,499980,698378,183575,205457,227700,229946,231258,203061,252618,187826,215962,245318,259305,273393,296919,445760
2357,UnitedArabEmirates,784,Highincomecountries,1503,31266,38243,47430,56811,121631,132905,144880,19867,25227,31886,37544,82268,88201,96121,11399,13016,15544,19267,39363,44704,48759
2358,Yemen,887,Highincomecountries,1503,0,0,0,0,0,0,0,0,0,0,0,0,0,0,0,0,0,0,0,0,0
2359,EasternEurope,923,Highincomecountries,1503,1365872,1397759,1437798,1460533,1483174,1597511,2017115,636558,657785,682734,698958,717321,788236,1037865,729314,739974,755064,761575,765853,809275,979250
2360,Belarus,112,Highincomecountries,1503,36177,36957,37725,36239,34738,36370,35799,16811,14183,11560,11095,10627,11141,10980,19366,22774,26165,25144,24111,25229,24819
2361,Bulgaria,100,Highincomecountries,1503,3226,8080,12901,18841,24431,43218,73954,1698,4016,6328,9133,11884,21496,38913,1528,4064,6573,9708,12547,21722,35041
2362,Czechia,203,Highincomecountries,1503,89084,133632,178166,161206,129788,165738,213820,45734,70417,95094,89493,78999,100109,129525,43350,63215,83072,71713,50789,65629,84295
2363,Hungary,348,Highincomecountries,1503,234649,229217,223759,274679,328025,302285,361438,104624,104069,103511,129410,156857,144408,182266,130025,125148,120248,145269,171168,157877,179172
2364,Poland,616,Highincomecountries,1503,377091,322544,275921,269674,271928,258950,345813,167783,140799,118073,119081,122831,119670,178492,209308,181745,157848,150593,149097,139280,167321
2365,RepublicofMoldova,498,Highincomecountries,1503,12506,8443,5701,3940,5510,7879,7731,6508,4286,2818,1907,2781,4037,3969,5998,4157,2883,2033,2729,3842,3762
2366,Romania,642,Highincomecountries,1503,21335,22243,23206,33650,48470,107463,287337,8579,10249,11953,17598,25540,57766,154954,12756,11994,11253,16052,22930,49697,132383
2367,RussianFederation,643,Highincomecountries,1503,486524,505901,506978,483846,450809,459414,459079,238743,250339,252941,238183,218671,221665,221548,247781,255562,254037,245663,232138,237749,237531
2368,Slovakia,703,Highincomecountries,1503,36362,59683,99367,110778,124901,151406,166284,15936,26022,43382,49135,56718,75375,84105,20426,33661,55985,61643,68183,76031,82179
2369,Ukraine,804,Highincomecountries,1503,68918,71059,74074,67680,64574,64788,65860,30142,33405,37074,33923,32413,32569,33113,38776,37654,37000,33757,32161,32219,32747
2370,ChannelIslands,830,Highincomecountries,1503,60399,59282,62987,68807,74628,79174,80882,28410,27885,29616,32597,35572,37839,38658,31989,31397,33371,36210,39056,41335,42224
2371,Denmark,208,Highincomecountries,1503,127413,154299,181250,214387,236570,286136,342757,55879,69647,83407,101238,113832,140454,171813,71534,84652,97843,113149,122738,145682,170944
2372,Estonia,233,Highincomecountries,1503,10989,10460,9926,11404,14425,19322,28333,5299,4909,4521,5516,7496,10836,16346,5690,5551,5405,5888,6929,8486,11987
2373,FaroeIslands,234,Highincomecountries,1503,4062,2695,3268,4063,4409,4591,5545,2316,1475,1768,2214,2391,2437,3023,1746,1220,1500,1849,2018,2154,2522
2374,Finland,246,Highincomecountries,1503,42325,46420,50490,75974,92037,121722,143146,22104,25116,28135,41616,49910,65188,78262,20221,21304,22355,34358,42127,56534,64884
2375,Iceland,352,Highincomecountries,1503,8078,9872,11721,19763,27321,30112,51641,3593,4517,5453,10113,14486,15469,29629,4485,5355,6268,9650,12835,14643,22012
2376,Ireland,372,Highincomecountries,1503,219346,194363,276226,471818,589713,615010,703726,107750,92338,135815,248221,291402,306501,352812,111596,102025,140411,223597,298311,308509,350914
2377,IsleofMan,833,Highincomecountries,1503,32837,34894,36950,39111,40800,35920,36597,15464,16616,17767,19159,20227,17708,18048,17373,18278,19183,19952,20573,18212,18549
2378,Latvia,428,Highincomecountries,1503,57887,49089,40308,38090,34947,29359,28840,24734,21591,18450,17610,16027,13134,13447,33153,27498,21858,20480,18920,16225,15393
2379,Lithuania,440,Highincomecountries,1503,23322,23059,18048,21828,22672,21479,27909,11388,11199,8758,11005,11207,10525,14837,11934,11860,9290,10823,11465,10954,13072
2380,Norway,578,Highincomecountries,1503,123327,129201,152957,164203,257545,384203,412549,58895,60773,73249,79893,140275,216473,229213,64432,68428,79708,84310,117270,167730,183336
2381,Sweden,752,Highincomecountries,1503,416470,494230,530053,543906,595663,612214,707788,192945,226957,241525,250161,279808,289014,344328,223525,267273,288528,293745,315855,323200,363460
2382,UnitedKingdom,826,Highincomecountries,1503,2005602,2074271,2177896,2688551,3279528,3993894,4562902,927697,945658,976620,1230367,1538172,1864482,2145990,1077905,1128613,1201276,1458184,1741356,2129412,2416912
2383,Albania,8,Highincomecountries,1503,55536,60030,64523,54465,44407,43771,41061,25529,27790,30052,27582,22488,22166,20824,30007,32240,34471,26883,21919,21605,20237
2384,Andorra,20,Highincomecountries,1503,37609,38965,40319,47091,47726,38201,41180,20116,20627,21133,24864,25202,19756,21449,17493,18338,19186,22227,22524,18445,19731
2385,BosniaandHerzegovina,70,Highincomecountries,1503,31102,38380,45654,25440,19862,19745,18457,14587,18134,21681,11996,9383,9328,8555,16515,20246,23973,13444,10479,10417,9902
2386,Croatia,191,Highincomecountries,1503,45525,44782,39254,58471,77672,78164,73493,16566,16117,14326,24803,35280,35380,33327,28959,28665,24928,33668,42392,42784,40166
2387,Gibraltar,292,Highincomecountries,1503,5417,5551,5684,6472,7259,7745,7836,2252,2374,2496,2995,3493,3779,3821,3165,3177,3188,3477,3766,3966,4015
2388,Greece,300,Highincomecountries,1503,283341,278762,278763,304090,341436,321703,328878,132840,128447,123429,132745,146791,131006,146722,150501,150315,155334,171345,194645,190697,182156
2389,HolySee,336,Highincomecountries,1503,0,0,0,0,0,0,0,0,0,0,0,0,0,0,0,0,0,0,0,0,0
2390,Italy,380,Highincomecountries,1503,581737,551597,521514,1332424,2167026,2097553,2149291,174139,174947,175745,527681,891348,838271,854453,407598,376650,345769,804743,1275678,1259282,1294838
2391,Malta,470,Highincomecountries,1503,12571,14750,17167,18839,20002,33950,74118,5732,6829,8017,8944,10404,18227,42564,6839,7921,9150,9895,9598,15723,31554
2392,Montenegro,499,Highincomecountries,1503,0,0,0,0,20300,21714,21746,0,0,0,0,7356,7848,7943,0,0,0,0,12944,13866,13803
2393,NorthMacedonia,807,Highincomecountries,1503,2311,2150,2016,2066,2124,2294,2290,964,892,842,865,889,959,962,1347,1258,1174,1201,1235,1335,1328
2394,Portugal,620,Highincomecountries,1503,115495,151569,193839,216833,203861,231099,265051,55133,72064,92221,104070,98891,105985,125971,60362,79505,101618,112763,104970,125114,139080
2395,SanMarino,674,Highincomecountries,1503,3079,3391,3687,3865,4446,4655,4956,1624,1835,2055,2180,2609,2696,2813,1455,1556,1632,1685,1837,1959,2143
2396,Serbia,688,Highincomecountries,1503,39857,283815,372744,357989,349926,342017,348552,18971,137207,170371,163036,157907,153861,157020,20886,146608,202373,194953,192019,188156,191532
2397,Slovenia,705,Highincomecountries,1503,70996,67190,90049,84564,86830,69663,70590,34764,32568,43955,41161,42353,34458,35831,36232,34622,46094,43403,44477,35205,34759
2398,Spain,724,Highincomecountries,1503,430619,518342,824507,1421531,2271283,2143699,2250166,201905,249097,407038,724953,1176337,1076981,1116480,228714,269245,417469,696578,1094946,1066718,1133686
2399,Austria,40,Highincomecountries,1503,346506,390931,435326,499658,570089,674951,803872,143820,165995,188172,220005,254096,303024,373961,202686,224936,247154,279653,315993,371927,429911
2400,Belgium,56,Highincomecountries,1503,562304,600477,618098,652695,773955,865411,927969,288882,310976,316367,330850,365246,413050,447525,273422,289501,301731,321845,408709,452361,480444
2401,France,250,Highincomecountries,1503,2684182,2770967,2857719,2342933,2491652,2516185,2562700,1262270,1278375,1294481,1084976,1110322,1161638,1180824,1421912,1492592,1563238,1257957,1381330,1354547,1381876
2402,Germany,276,Highincomecountries,1503,3007819,3283216,3763273,4188315,4485865,4597002,6941832,1632305,1726317,1893918,2077475,2191025,2231327,3502360,1375514,1556899,1869355,2110840,2294840,2365675,3439472
2403,Liechtenstein,438,Highincomecountries,1503,8776,10676,12374,16175,20051,21207,23098,4615,5455,6129,7982,9848,10463,11459,4161,5221,6245,8193,10203,10744,11639
2404,Luxembourg,442,Highincomecountries,1503,96733,109772,123925,134727,146948,224206,228147,47516,54271,61642,66628,72341,112118,118098,49217,55501,62283,68099,74607,112088,110049
2405,Monaco,492,Highincomecountries,1503,11565,11581,11614,11149,10842,13452,13768,5422,5475,5539,5329,5191,6501,6654,6143,6106,6075,5820,5651,6951,7114
2406,Netherlands,528,Highincomecountries,1503,355392,374904,407651,436996,494692,595902,746968,166757,172735,184220,198603,228624,278064,355965,188635,202169,223431,238393,266068,317838,391003
2407,Switzerland,756,Highincomecountries,1503,835435,892505,952881,1087127,1257396,1432561,1533403,406454,459923,516333,564869,617238,716299,769407,428981,432582,436548,522258,640158,716262,763996
2408,Anguilla,660,Highincomecountries,1503,1058,1363,1668,1920,2090,2238,2330,497,625,753,871,952,1022,1064,561,738,915,1049,1138,1216,1266
2409,AntiguaandBarbuda,28,Highincomecountries,1503,3772,4663,5542,5949,6346,6746,7023,1811,2279,2746,2941,3141,3335,3491,1961,2384,2796,3008,3205,3411,3532
2410,Aruba,533,Highincomecountries,1503,3261,5029,6794,7520,8101,8517,9522,1665,2604,3542,3911,4206,4420,4848,1596,2425,3252,3609,3895,4097,4674
2411,Bahamas,44,Highincomecountries,1503,10352,9924,9477,12698,15943,17275,18462,4854,4880,4874,6448,8026,8634,9255,5498,5044,4603,6250,7917,8641,9207
2412,Barbados,52,Highincomecountries,1503,6823,7445,8071,6966,5835,6126,6183,2909,3243,3578,3032,2470,2595,2624,3914,4202,4493,3934,3365,3531,3559
2413,BritishVirginIslands,92,Highincomecountries,1503,3576,4206,4831,5536,5563,6359,7210,1845,2119,2394,2744,2773,3149,3574,1731,2087,2437,2792,2790,3210,3636
2414,CaymanIslands,136,Highincomecountries,1503,3665,4888,7309,7196,7744,8411,9364,1973,2661,4022,3865,4057,4417,4941,1692,2227,3287,3331,3687,3994,4423
2415,Cuba,192,Highincomecountries,1503,15675,11883,8450,5326,3393,2186,1475,7888,5732,3735,2423,1600,1055,721,7787,6151,4715,2903,1793,1131,754
2416,CuraÃao,531,Highincomecountries,1503,0,0,0,0,13206,14318,16159,0,0,0,0,6264,6818,7879,0,0,0,0,6942,7500,8280
2417,Dominica,212,Highincomecountries,1503,1008,1329,1584,1948,2320,2705,2746,547,720,865,1065,1260,1470,1506,461,609,719,883,1060,1235,1240
2418,DominicanRepublic,214,Highincomecountries,1503,57252,63604,69928,60761,51587,43036,44891,33423,36487,39540,34351,29156,25683,26770,23829,27117,30388,26410,22431,17353,18121
2419,Grenada,308,Highincomecountries,1503,1896,2481,3070,3214,3364,3402,3452,937,1238,1540,1619,1698,1717,1605,959,1243,1530,1595,1666,1685,1847
2420,Guadeloupe,312,Highincomecountries,1503,33382,42577,51767,54693,57614,55196,54646,16705,21025,25344,25814,26283,23784,23265,16677,21552,26423,28879,31331,31412,31381
2421,Haiti,332,Highincomecountries,1503,9033,8575,8140,7726,8107,8506,8889,5189,4930,4685,4450,4671,4903,5136,3844,3645,3455,3276,3436,3603,3753
2422,Jamaica,388,Highincomecountries,1503,14163,15726,17297,16852,16415,16062,16402,6886,7732,8581,8418,8256,8079,8248,7277,7994,8716,8434,8159,7983,8154
2423,Martinique,474,Highincomecountries,1503,29857,35881,41894,43852,45804,53182,52757,15113,17618,20121,20502,20882,23391,23205,14744,18263,21773,23350,24922,29791,29552
2424,Montserrat,500,Highincomecountries,1503,799,642,481,497,515,536,537,395,316,238,246,254,267,272,404,326,243,251,261,269,265
2425,PuertoRico,630,Highincomecountries,1503,240133,241938,244343,232757,191920,170733,164066,115670,115687,115957,110277,89958,79644,76221,124463,126251,128386,122480,101962,91089,87845
2426,SaintBarthelemy,652,Highincomecountries,1503,0,0,0,0,0,0,0,0,0,0,0,0,0,0,0,0,0,0,0,0,0
2427,SaintKittsandNevis,659,Highincomecountries,1503,707,937,1295,1477,1600,1646,1697,339,453,635,730,797,825,853,368,484,660,747,803,821,844
2428,SaintLucia,662,Highincomecountries,1503,1760,2323,3256,3595,3671,3502,3335,871,1149,1624,1778,1819,1737,1671,889,1174,1632,1817,1852,1765,1664
2429,SaintMartinFrenchpart,663,Highincomecountries,1503,0,0,0,0,0,0,0,0,0,0,0,0,0,0,0,0,0,0,0,0,0
2430,SaintVincentandtheGrenadines,670,Highincomecountries,1503,2563,2674,2789,2870,2965,3007,3076,1286,1344,1407,1463,1535,1576,1643,1277,1330,1382,1407,1430,1431,1433
2431,SintMaartenDutchpart,534,Highincomecountries,1503,0,0,0,3258,6519,6790,7154,0,0,0,1473,2941,3060,3234,0,0,0,1785,3578,3730,3920
2432,TrinidadandTobago,780,Highincomecountries,1503,8098,7349,8246,8848,10873,11262,12504,4062,3680,4238,4539,5582,5871,7402,4036,3669,4008,4309,5291,5391,5102
2433,TurksandCaicosIslands,796,Highincomecountries,1503,1702,1814,1927,1866,1824,2076,2345,880,955,1033,980,980,1118,1268,822,859,894,886,844,958,1077
2434,UnitedStatesVirginIslands,850,Highincomecountries,1503,34606,36288,38044,38047,38064,38084,38108,16512,17319,18150,18117,18084,18088,18097,18094,18969,19894,19930,19980,19996,20011
2435,CentralAmerica,916,Highincomecountries,1503,360864,424702,518835,674087,934927,936851,1034450,182560,215477,265113,346287,483718,480961,538562,178304,209225,253722,327800,451209,455890,495888
2436,Belize,84,Highincomecountries,1503,2841,2816,2787,3717,4625,5452,6177,1521,1503,1483,1964,2443,2866,3251,1320,1313,1304,1753,2182,2586,2926
2437,CostaRica,188,Highincomecountries,1503,29786,25573,34141,21795,41945,42488,50956,16427,14360,19009,11967,23072,23287,29088,13359,11213,15132,9828,18873,19201,21868
2438,ElSalvador,222,Highincomecountries,1503,12635,9897,7173,7569,7981,8320,8443,6562,5128,3693,3902,4113,4294,4361,6073,4769,3480,3667,3868,4026,4082
2439,Guatemala,320,Highincomecountries,1503,9985,9933,9868,11720,13586,14903,16779,3638,4363,5085,6496,7906,8798,9873,6347,5570,4783,5224,5680,6105,6906
2440,Honduras,340,Highincomecountries,1503,5000,6217,7423,7263,7114,9968,10175,2952,3543,4134,4091,4039,5662,5788,2048,2674,3289,3172,3075,4306,4387
2441,Mexico,484,Highincomecountries,1503,283248,352887,437723,596679,824599,815189,894294,141500,176560,220278,302847,420970,411573,456778,141748,176327,217445,293832,403629,403616,437516
2442,Nicaragua,558,Highincomecountries,1503,6435,5113,5313,5612,5992,6500,6773,3366,2655,2863,3103,3341,3626,3793,3069,2458,2450,2509,2651,2874,2980
2443,Panama,591,Highincomecountries,1503,10934,12266,14407,19732,29085,34031,40853,6594,7365,8568,11917,17834,20855,25630,4340,4901,5839,7815,11251,13176,15223
2444,Argentina,32,Highincomecountries,1503,1054610,901768,748939,660191,571185,657102,663473,510575,432437,354336,307015,259664,298456,303615,544035,469331,394603,353176,311521,358646,359858
2445,BoliviaPlurinationalStateof,68,Highincomecountries,1503,19154,19895,20555,25327,30227,35226,39138,9836,10336,10792,13333,15952,18569,20640,9318,9559,9763,11994,14275,16657,18498
2446,Brazil,76,Highincomecountries,1503,635098,570705,506297,447148,384050,445840,484401,338707,303941,269175,239311,206979,235374,261475,296391,266764,237122,207837,177071,210466,222926
2447,Chile,152,Highincomecountries,1503,28701,29827,30929,40532,50123,75930,65954,15205,15721,16243,21517,26786,41992,34399,13496,14106,14686,19015,23337,33938,31555
2448,Colombia,170,Highincomecountries,1503,33921,34205,34484,32821,40245,49584,60517,17975,18185,18395,17622,22163,28006,34684,15946,16020,16089,15199,18082,21578,25833
2449,Ecuador,218,Highincomecountries,1503,24860,27552,30231,36173,57597,72874,76179,13128,14650,16179,19707,30716,38652,44483,11732,12902,14052,16466,26881,34222,31696
2450,FalklandIslandsMalvinas,238,Highincomecountries,1503,766,760,852,898,1058,1157,1439,440,445,507,519,594,642,802,326,315,345,379,464,515,637
2451,FrenchGuiana,254,Highincomecountries,1503,15544,18324,21103,21080,21055,21283,23917,9181,10308,11436,11315,11195,11224,12614,6363,8016,9667,9765,9860,10059,11303
2452,Guyana,328,Highincomecountries,1503,862,1327,1788,2352,1811,1914,2005,459,710,961,1275,1023,1083,1137,403,617,827,1077,788,831,868
2453,Paraguay,600,Highincomecountries,1503,21811,21386,20899,19904,18958,18499,20027,11751,11876,11905,11342,10788,10521,11419,10060,9510,8994,8562,8170,7978,8608
2454,Peru,604,Highincomecountries,1503,27426,27454,32111,37721,49724,65997,128741,14331,14170,16583,19652,27508,38035,76724,13095,13284,15528,18069,22216,27962,52017
2455,Suriname,740,Highincomecountries,1503,1312,1621,2002,2450,2890,3138,3476,708,878,1084,1335,1576,1713,1910,604,743,918,1115,1314,1425,1566
2456,Uruguay,858,Highincomecountries,1503,63438,54772,45754,34200,29471,30428,36307,28796,25636,22240,16468,14066,14517,17782,34642,29136,23514,17732,15405,15911,18525
2457,VenezuelaBolivarianRepublicof,862,Highincomecountries,1503,317275,276081,238608,235813,235572,239463,225711,179175,154835,132735,132394,133492,134255,125011,138100,121246,105873,103419,102080,105208,100700
2458,Bermuda,60,Highincomecountries,1503,13155,13649,12140,12306,12463,12805,12625,6153,6440,5565,5760,5842,6114,6050,7002,7209,6575,6546,6621,6691,6575
2459,Canada,124,Highincomecountries,1503,2797292,2813231,2896062,2785164,2744085,2669178,2892087,1361798,1363078,1397083,1342424,1322317,1282588,1389745,1435494,1450153,1498979,1442740,1421768,1386590,1502342
2460,Greenland,304,Highincomecountries,1503,9218,7020,6431,6323,5685,5411,5311,6454,4815,4516,4337,3919,3659,3539,2764,2205,1915,1986,1766,1752,1772
2461,SaintPierreandMiquelon,666,Highincomecountries,1503,945,1147,1276,1127,997,967,938,470,586,661,587,519,504,489,475,561,615,540,478,463,449
2462,UnitedStatesofAmerica,840,Highincomecountries,1503,7380371,8042075,8692789,8783451,9146289,8928257,8763564,3338627,3631068,3915942,3993488,4088915,4070431,3987110,4041744,4411007,4776847,4789963,5057374,4857826,4776454
2463,Australia,36,Highincomecountries,1503,2813742,2831480,2870079,2980093,3240879,3390979,3633136,1443032,1443723,1452532,1498632,1628586,1711776,1823320,1370710,1387757,1417547,1481461,1612293,1679203,1809816
2464,NewZealand,554,Highincomecountries,1503,345234,367963,380541,425828,458464,483768,591524,173216,182474,184974,206695,222164,233949,286073,172018,185489,195567,219133,236300,249819,305451
2465,Melanesia,928,Highincomecountries,1503,48837,52685,50679,54687,56280,64359,67313,27838,30267,29284,31742,32509,37053,38629,20999,22418,21395,22945,23771,27306,28684
2466,Fiji,242,Highincomecountries,1503,3276,3096,2887,2562,2751,2834,2908,1739,1644,1522,1353,1471,1530,1567,1537,1452,1365,1209,1280,1304,1341
2467,NewCaledonia,540,Highincomecountries,1503,22726,26337,29952,33694,37439,45172,47982,12935,14818,16702,18652,20601,24849,26299,9791,11519,13250,15042,16838,20323,21683
2468,PapuaNewGuinea,598,Highincomecountries,1503,20604,21106,15798,16236,13769,13958,14003,11871,12605,9945,10578,9241,9441,9513,8733,8501,5853,5658,4528,4517,4490
2469,SolomonIslands,90,Highincomecountries,1503,989,981,938,719,551,513,498,591,585,558,422,313,293,288,398,396,380,297,238,220,210
2470,Vanuatu,548,Highincomecountries,1503,1242,1165,1104,1476,1770,1882,1922,702,615,557,737,883,940,962,540,550,547,739,887,942,960
2471,Micronesia,954,Highincomecountries,1503,48638,44695,41194,42480,41534,41171,43150,27739,25143,22544,22359,21214,21083,22070,20899,19552,18650,20121,20320,20088,21080
2472,Guam,316,Highincomecountries,1503,37472,32981,28485,29574,30661,30934,32705,22114,18868,15618,15721,15827,15959,16876,15358,14113,12867,13853,14834,14975,15829
2473,Kiribati,296,Highincomecountries,1503,1093,1159,1227,1427,1630,1655,1777,502,556,612,726,840,855,916,591,603,615,701,790,800,861
2474,MarshallIslands,584,Highincomecountries,1503,633,716,856,1053,1346,1430,1441,399,436,515,648,826,876,881,234,280,341,405,520,554,560
2475,MicronesiaFedStatesof,583,Highincomecountries,1503,909,820,763,716,692,681,686,520,523,426,392,380,376,384,389,297,337,324,312,305,302
2476,Nauru,520,Highincomecountries,1503,234,215,198,186,26,41,46,139,128,118,111,16,26,31,95,87,80,75,10,15,15
2477,NorthernMarianaIslands,580,Highincomecountries,1503,7657,7715,8248,8350,6056,5422,5464,3669,4021,4394,4156,2773,2468,2492,3988,3694,3854,4194,3283,2954,2972
2478,Palau,585,Highincomecountries,1503,640,1089,1417,1174,1123,1008,1031,396,611,861,605,552,523,490,244,478,556,569,571,485,541
2479,Polynesia,957,Highincomecountries,1503,30657,33694,36276,37923,37350,37248,37441,17976,19500,20744,21234,20692,20611,20699,12681,14194,15532,16689,16658,16637,16742
2480,AmericanSamoa,16,Highincomecountries,1503,3948,3969,3989,3783,3575,3567,3577,2102,2096,2090,1945,1799,1784,1791,1846,1873,1899,1838,1776,1783,1786
2481,CookIslands,184,Highincomecountries,1503,2409,2500,2593,2757,2920,2936,3222,1334,1384,1434,1443,1456,1437,1573,1075,1116,1159,1314,1464,1499,1649
2482,FrenchPolynesia,258,Highincomecountries,1503,20971,23028,24624,26313,25875,26165,26183,12807,13856,14630,15272,14933,15092,15104,8164,9172,9994,11041,10942,11073,11079
2483,Niue,570,Highincomecountries,1503,255,219,186,198,355,360,365,127,113,102,109,193,193,193,128,106,84,89,162,167,172
2484,Samoa,882,Highincomecountries,1503,1678,2325,2962,2784,2435,2019,1895,875,1202,1514,1410,1217,1008,949,803,1123,1448,1374,1218,1011,946
2485,Tokelau,772,Highincomecountries,1503,110,109,115,114,191,208,206,51,52,57,52,81,92,85,59,57,58,62,110,116,121
2486,Tonga,776,Highincomecountries,1503,50,58,66,77,82,70,65,29,34,38,45,48,41,39,21,24,28,32,34,29,26
2487,Tuvalu,798,Highincomecountries,1503,48,27,16,12,10,10,8,38,20,11,7,5,5,5,10,7,5,5,5,5,3
2488,WallisandFutunaIslands,876,Highincomecountries,1503,1188,1459,1725,1885,1907,1913,1920,613,743,868,951,960,959,960,575,716,857,934,947,954,960
2489,Developedregions,901,Middleincomecountries,1517,48540576,57436480,66057663,74932281,84138297,90866507,99119662,23874865,28297919,32626031,36903179,41150546,43909407,47711400,24665711,29138561,33431632,38029102,42987751,46957100,51408262
2490,Lessdevelopedregions,902,Middleincomecountries,1517,40418423,41493278,43822291,48980398,60443602,67115457,78276172,21414875,22053026,23419733,26629562,34326702,38693560,45184432,19003548,19440252,20402558,22350836,26116900,28421897,33091740
2491,Leastdevelopedcountries,941,Middleincomecountries,1517,3211077,3562960,3908733,3897622,4178166,4498589,5165606,1547159,1687100,1869841,1870329,2010714,2184606,2623087,1663918,1875860,2038892,2027293,2167452,2313983,2542519
2492,LandlockedDevelopingCountriesLLDC,1636,Middleincomecountries,1517,9008463,8725127,8186466,7931602,7715284,8087499,8240771,3993492,3851417,3627478,3596635,3581329,3818487,3898161,5014971,4873710,4558988,4334967,4133955,4269012,4342610
2493,SmallislanddevelopingStatesSIDS,1637,Middleincomecountries,1517,982999,1425553,1923932,2403783,3027560,3363293,3707850,512822,709887,922987,1186270,1540609,1719076,1938856,470177,715666,1000945,1217513,1486951,1644217,1768994
2494,Highincomecountries,1503,Middleincomecountries,1517,40194118,50674187,61605235,74521097,92224331,104191836,117946103,21547416,26819627,32384149,39263112,49570350,55850985,63263584,18646702,23854560,29221086,35257985,42653981,48340851,54682519
2495,Middleincomecountries,1517,Middleincomecountries,1517,46609443,46053899,45824987,46391985,48291599,50202388,55810379,22688048,22446518,22451401,22796360,23902480,24990029,27862903,23921395,23607381,23373586,23595625,24389119,25212359,27947476
2496,Uppermiddleincomecountries,1502,Middleincomecountries,1517,24210955,25443867,26911162,28737944,31477521,33812153,38866884,11844584,12535933,13373557,14367496,15843903,17123871,19613525,12366371,12907934,13537605,14370448,15633618,16688282,19253359
2497,Lowermiddleincomecountries,1501,Middleincomecountries,1517,22398488,20610032,18913825,17654041,16814078,16390235,16943495,10843464,9910585,9077844,8428864,8058577,7866158,8249378,11555024,10699447,9835981,9225177,8755501,8524077,8694117
2498,Lowincomecountries,1500,Middleincomecountries,1517,2102186,2136622,2366651,2893997,3944485,3453305,3474543,1026421,1051333,1168870,1421838,1946705,1697557,1690601,1075765,1085289,1197781,1472159,1997780,1755748,1783942
2499,Burundi,108,Middleincomecountries,1517,12098,9996,5894,14234,23821,29040,34544,5942,4885,2883,6732,11162,13619,16228,6156,5111,3011,7502,12659,15421,18316
2500,Comoros,174,Middleincomecountries,1517,250,248,245,234,223,221,217,119,117,115,110,105,105,105,131,131,130,124,118,116,112
2501,Djibouti,262,Middleincomecountries,1517,0,0,0,0,0,0,0,0,0,0,0,0,0,0,0,0,0,0,0,0,0
2502,Eritrea,232,Middleincomecountries,1517,996,1487,1981,1899,1948,2355,2048,579,854,1127,1103,1157,1399,1235,417,633,854,796,791,956,813
2503,Ethiopia,231,Middleincomecountries,1517,904,1901,3258,2389,2999,3702,3439,475,1154,2053,1362,1571,1887,1704,429,747,1205,1027,1428,1815,1735
2504,Kenya,404,Middleincomecountries,1517,66780,73416,51451,42240,39297,40115,34921,35958,38999,25755,21882,19433,19910,17513,30822,34417,25696,20358,19864,20205,17408
2505,Madagascar,450,Middleincomecountries,1517,10831,9591,10660,11801,13085,14513,16097,6040,5388,6007,6671,7418,8250,9149,4791,4203,4653,5130,5667,6263,6948
2506,Malawi,454,Middleincomecountries,1517,16140,112947,108736,103616,101778,87656,74494,4702,48951,46953,44565,43682,37108,31980,11438,63996,61783,59051,58096,50548,42514
2507,Mauritius,480,Middleincomecountries,1517,1196,5181,12058,15153,19095,21974,22233,642,1970,3801,6612,10201,12241,12375,554,3211,8257,8541,8894,9733,9858
2508,Mayotte,175,Middleincomecountries,1517,10288,20154,36203,49545,56520,63225,86652,6124,11193,18514,24487,26800,29252,40089,4164,8961,17689,25058,29720,33973,46563
2509,Mozambique,508,Middleincomecountries,1517,79957,109981,127929,175658,200178,207524,218043,42913,59254,67003,84509,95970,99499,105670,37044,50727,60926,91149,104208,108025,112373
2510,Reunion,638,Middleincomecountries,1517,441,952,1509,1878,2143,2215,2294,237,470,722,895,1016,1045,1083,204,482,787,983,1127,1170,1211
2511,Rwanda,646,Middleincomecountries,1517,16780,25576,38984,45963,45658,45357,45288,8502,12955,19741,23269,23113,22959,23266,8278,12621,19243,22694,22545,22398,22022
2512,Seychelles,690,Middleincomecountries,1517,2013,3272,4538,6765,8999,10071,10268,1388,2151,2916,4572,6225,7135,7280,625,1121,1622,2193,2774,2936,2988
2513,Somalia,706,Middleincomecountries,1517,0,0,0,0,0,0,0,0,0,0,0,0,0,0,0,0,0,0,0,0,0
2514,SouthSudan,728,Middleincomecountries,1517,0,0,0,0,19534,19807,20306,0,0,0,0,11008,11925,12223,0,0,0,0,8526,7882,8083
2515,Uganda,800,Middleincomecountries,1517,66662,63222,64783,62642,65051,65541,59737,33991,31184,31025,29462,30321,30187,27248,32671,32038,33758,33180,34730,35354,32489
2516,UnitedRepublicofTanzania,834,Middleincomecountries,1517,74720,78458,77775,76483,74962,73946,65875,34981,37374,36932,36587,35933,35888,31791,39739,41084,40843,39896,39029,38058,34084
2517,Zambia,894,Middleincomecountries,1517,180660,179728,262157,130107,80956,63825,80132,90729,90113,133152,64606,40427,31555,40583,89931,89615,129005,65501,40529,32270,39549
2518,Zimbabwe,716,Middleincomecountries,1517,33337,41052,47373,52903,52988,53276,55288,19440,23420,27017,30370,30126,29918,31372,13897,17632,20356,22533,22862,23358,23916
2519,MiddleAfrica,911,Middleincomecountries,1517,754117,602785,703797,639049,673050,761626,842079,384803,317614,367517,332038,359051,413532,454156,369314,285171,336280,307011,313999,348094,387923
2520,Angola,24,Middleincomecountries,1517,9997,11619,13236,17413,22593,29594,37262,5237,5854,6471,8280,10664,14243,19530,4760,5765,6765,9133,11929,15351,17732
2521,Cameroon,120,Middleincomecountries,1517,105140,97818,90495,117288,95137,147089,187624,60603,56266,51929,65890,56713,67292,85709,44537,41552,38566,51398,38424,79797,101915
2522,CentralAfricanRepublic,140,Middleincomecountries,1517,405,454,466,366,360,306,318,221,250,259,201,197,167,174,184,204,207,165,163,139,144
2523,Chad,148,Middleincomecountries,1517,47917,52063,56207,28899,34225,39723,51553,25868,28072,30276,13106,15328,18062,23168,22049,23991,25931,15793,18897,21661,28385
2524,Congo,178,Middleincomecountries,1517,25638,36599,57361,39656,70796,94094,93468,13907,19311,29843,21459,41821,53939,53370,11731,17288,27518,18197,28975,40155,40098
2525,DemocraticRepublicoftheCongo,180,Middleincomecountries,1517,472109,282314,335203,271617,261133,188385,183270,227328,140109,164404,130717,126195,94074,90000,244781,142205,170799,140900,134938,94311,93270
2526,EquatorialGuinea,226,Middleincomecountries,1517,736,976,1213,1770,2324,2906,3488,443,584,725,1073,1421,1791,2153,293,392,488,697,903,1115,1335
2527,Gabon,266,Middleincomecountries,1517,87141,116536,145770,159018,184107,257425,283218,48607,64965,81722,89840,105560,162945,179143,38534,51571,64048,69178,78547,94480,104075
2528,SaoTomeandPrincipe,678,Middleincomecountries,1517,5034,4406,3846,3022,2375,2104,1878,2589,2203,1888,1472,1152,1019,909,2445,2203,1958,1550,1223,1085,969
2529,Algeria,12,Middleincomecountries,1517,51692,49938,48179,38089,41849,45485,47294,26661,26488,26315,20804,22037,23934,24864,25031,23450,21864,17285,19812,21551,22430
2530,Egypt,818,Middleincomecountries,1517,88095,88270,105451,163640,166027,138686,198970,45234,45813,55035,94411,93035,85001,111858,42861,42457,50416,69229,72992,53685,87112
2531,Libya,434,Middleincomecountries,1517,247236,300266,358273,394911,433375,485231,521459,127310,176889,232298,280802,309194,344848,375300,119926,123377,125975,114109,124181,140383,146159
2532,Morocco,504,Middleincomecountries,1517,18726,17183,18100,19199,20864,26901,29547,9906,8966,9299,9730,10520,13508,15225,8820,8217,8801,9469,10344,13393,14322
2533,Sudan,729,Middleincomecountries,1517,57106,58258,59426,62205,38015,34771,48088,29357,30014,30672,32103,19619,17950,24480,27749,28244,28754,30102,18396,16821,23608
2534,Tunisia,788,Middleincomecountries,1517,24819,24695,21464,20460,23558,30481,32375,12350,12418,10915,10508,12135,15751,16924,12469,12277,10549,9952,11423,14730,15451
2535,WesternSahara,732,Middleincomecountries,1517,1228,1364,1503,1778,2053,2365,2477,716,804,894,1080,1264,1476,1546,512,560,609,698,789,889,931
2536,Botswana,72,Middleincomecountries,1517,18200,27994,40733,65935,79368,86214,92237,11181,16735,24050,39694,46262,50230,53796,7019,11259,16683,26241,33106,35984,38441
2537,Eswatini,748,Middleincomecountries,1517,21307,9424,12688,12919,12775,12976,13178,10176,4400,6058,5837,4855,5059,5153,11131,5024,6630,7082,7920,7917,8025
2538,Lesotho,426,Middleincomecountries,1517,4106,3701,3425,3492,3560,5076,6684,2008,1866,1790,1826,1862,2708,3510,2098,1835,1635,1666,1698,2368,3174
2539,Namibia,516,Middleincomecountries,1517,81669,78085,100994,79789,77097,75482,80883,46122,44324,57300,45058,43587,42747,45861,35547,33761,43694,34731,33510,32735,35022
2540,SouthAfrica,710,Middleincomecountries,1517,402270,373788,455664,601779,963495,1279732,1307974,278530,236792,258762,331594,522909,688926,722057,123740,136996,196902,270185,440586,590806,585917
2541,Benin,204,Middleincomecountries,1517,21064,29011,36961,73795,107090,131739,141800,12187,16938,21692,37642,51510,63676,68686,8877,12073,15269,36153,55580,68063,73114
2542,BurkinaFaso,854,Middleincomecountries,1517,274897,341873,422671,496755,560772,586377,609510,134444,167499,206340,240168,269753,282070,293047,140453,174374,216331,256587,291019,304307,316463
2543,CaboVerde,132,Middleincomecountries,1517,4646,5987,7323,6276,5218,5419,5711,2231,2972,3717,3105,2487,2574,2723,2415,3015,3606,3171,2731,2845,2988
2544,CotedIvoire,384,Middleincomecountries,1517,221137,224665,234102,245074,256046,267302,277494,110466,113064,117746,123266,128735,134399,139518,110671,111601,116356,121808,127311,132903,137976
2545,Gambia,270,Middleincomecountries,1517,74948,92464,115846,112510,117525,121709,136324,40403,48145,58909,56822,59240,61242,68648,34545,44319,56937,55688,58285,60467,67676
2546,Ghana,288,Middleincomecountries,1517,30138,30036,33597,70323,125636,154601,177561,15613,16948,17615,37413,69836,85921,98878,14525,13088,15982,32910,55800,68680,78683
2547,Guinea,324,Middleincomecountries,1517,13990,16124,15869,16544,20692,42687,40886,8620,10613,10389,9342,11023,25831,24855,5370,5511,5480,7202,9669,16856,16031
2548,GuineaBissau,624,Middleincomecountries,1517,5767,17562,9258,10359,11503,12198,9904,2375,8153,4107,4814,5387,5654,4701,3392,9409,5151,5545,6116,6544,5203
2549,Liberia,430,Middleincomecountries,1517,19837,19379,19021,19597,40276,52539,33329,11475,10984,10513,12323,23499,30304,19529,8362,8395,8508,7274,16777,22235,13800
2550,Mali,466,Middleincomecountries,1517,90654,107929,91949,150621,203086,250405,302161,46116,55828,48587,77663,101011,124457,150767,44538,52101,43362,72958,102075,125948,151394
2551,Mauritania,478,Middleincomecountries,1517,98439,41079,42462,42994,30329,22746,24872,52581,20922,23769,24780,18364,13546,14860,45858,20157,18693,18214,11965,9200,10012
2552,Niger,562,Middleincomecountries,1517,57266,48655,40450,41197,41856,116370,184356,24451,21261,18242,18554,18818,54833,85992,32815,27394,22208,22643,23038,61537,98364
2553,Nigeria,566,Middleincomecountries,1517,182163,209216,244634,486229,496649,601255,667942,102195,116625,135491,283107,289142,329876,364290,79968,92591,109143,203122,207507,271379,303652
2554,SaintHelena,654,Middleincomecountries,1517,32,21,20,29,44,66,76,19,12,11,14,22,42,52,13,9,9,15,22,24,24
2555,Senegal,686,Middleincomecountries,1517,106498,116241,75683,70657,69012,65555,67290,55210,60221,40452,37375,36578,34816,35684,51288,56020,35231,33282,32434,30739,31606
2556,SierraLeone,694,Middleincomecountries,1517,7735,7567,7443,5872,5781,5687,5823,4632,4498,4328,4155,3897,3484,3345,3103,3069,3115,1717,1884,2203,2478
2557,Togo,768,Middleincomecountries,1517,49794,61318,83709,115839,146335,159860,161356,25884,30931,42457,58994,71474,76655,77960,23910,30387,41252,56845,74861,83205,83396
2558,Kazakhstan,398,Middleincomecountries,1517,3121262,2858332,2595409,2788435,2981467,3171153,3337514,1432031,1311164,1190297,1319096,1447899,1566720,1648961,1689231,1547168,1405112,1469339,1533568,1604433,1688553
2559,Kyrgyzstan,417,Middleincomecountries,1517,566466,464619,350004,282781,211207,186012,181141,236941,193982,145257,116591,85664,74810,72853,329525,270637,204747,166190,125543,111202,108288
2560,Tajikistan,762,Middleincomecountries,1517,417488,333789,280464,266006,265395,260939,261856,182948,145187,122772,114721,115082,112113,112627,234540,188602,157692,151285,150313,148826,149229
2561,Turkmenistan,795,Middleincomecountries,1517,301352,245918,198552,195970,189733,189545,188132,131763,119861,93767,93622,86886,88060,88873,169589,126057,104785,102348,102847,101485,99259
2562,Uzbekistan,860,Middleincomecountries,1517,1553100,1410903,1283746,1195993,1119158,1073902,1065764,677373,610280,550449,527993,508840,497387,495250,875727,800623,733297,668000,610318,576515,570514
2563,China,156,Middleincomecountries,1517,307297,337223,372094,414213,444040,477462,495145,154268,167119,182952,226828,259626,287532,297913,153029,170104,189142,187385,184414,189930,197232
2564,DemPeoplesRepublicofKorea,408,Middleincomecountries,1517,23757,24980,26196,30689,35172,38728,39589,12279,12681,13081,15170,17253,19113,19542,11478,12299,13115,15519,17919,19615,20047
2565,Japan,392,Middleincomecountries,1517,303427,589188,907533,1299335,1377592,1492534,1887818,152799,286145,419261,593447,622113,699128,884947,150628,303043,488272,705888,755479,793406,1002871
2566,Mongolia,496,Middleincomecountries,1517,5137,5667,6268,8548,11816,14639,15745,2602,3013,3471,5843,9173,10456,11228,2535,2654,2797,2705,2643,4183,4517
2567,RepublicofKorea,410,Middleincomecountries,1517,22413,87916,181648,401284,796371,1256430,1540364,12579,52509,111527,231381,439982,682642,840821,9834,35407,70121,169903,356389,573788,699543
2568,BruneiDarussalam,96,Middleincomecountries,1517,67561,78801,90037,92044,94052,96060,104679,38712,44492,50271,51635,52999,54363,59242,28849,34309,39766,40409,41053,41697,45437
2569,Cambodia,116,Middleincomecountries,1517,32092,84929,137777,107547,77316,69759,74827,15668,41322,66979,53799,40618,37324,40015,16424,43607,70798,53748,36698,32435,34812
2570,Indonesia,360,Middleincomecountries,1517,301390,270302,239219,185070,142789,158078,166201,144427,133697,122965,102724,80156,90244,94743,156963,136605,116254,82346,62633,67834,71458
2571,LaoPeoplesDemocraticRepublic,418,Middleincomecountries,1517,22056,20893,17743,16439,29165,41894,44829,11332,10700,9172,8649,17776,26904,28793,10724,10193,8571,7790,11389,14990,16036
2572,Malaysia,458,Middleincomecountries,1517,562239,793008,1268589,1670609,2130898,2924727,3099348,333264,455864,715590,992425,1302329,1777246,1919859,228975,337144,552999,678184,828569,1147481,1179489
2573,Myanmar,104,Middleincomecountries,1517,120047,99848,85376,72323,66565,63860,66596,65315,53949,45265,38636,36098,34887,36382,54732,45899,40111,33687,30467,28973,30214
2574,Philippines,608,Middleincomecountries,1517,94695,127416,120242,97303,59068,59901,63700,49022,64748,60802,49967,30376,30845,32904,45673,62668,59440,47336,28692,29056,30796
2575,Singapore,702,Middleincomecountries,1517,410712,742107,1145337,1439555,1813974,2080955,2114682,194605,335324,501289,628781,790222,905440,918712,216107,406783,644048,810774,1023752,1175515,1195970
2576,Thailand,764,Middleincomecountries,1517,505064,785649,1228314,2168293,3207273,3441126,3602034,268260,410358,627998,1084093,1611815,1723356,1801617,236804,375291,600316,1084200,1595458,1717770,1800417
2577,TimorLeste,626,Middleincomecountries,1517,6949,7561,8238,8763,8959,6312,6207,3450,3697,3961,4332,4528,3803,3746,3499,3864,4277,4431,4431,2509,2461
2578,VietNam,704,Middleincomecountries,1517,26317,46781,45670,39108,46675,54609,57583,14289,25774,26480,23558,27210,31683,33416,12028,21007,19190,15550,19465,22926,24167
2579,Afghanistan,4,Middleincomecountries,1517,10134,19061,27989,38585,49183,269120,102719,5720,10758,15797,21778,27759,138253,50074,4414,8303,12192,16807,21424,130867,52645
2580,Bangladesh,50,Middleincomecountries,1517,679972,718548,757141,771991,961335,990839,1646290,351380,372054,392735,407872,502676,518441,952769,328592,346494,364406,364119,458659,472398,693521
2581,Bhutan,64,Middleincomecountries,1517,21699,25493,29289,36709,44128,46576,48895,17828,20944,24063,30074,36084,39752,41709,3871,4549,5226,6635,8044,6824,7186
2582,India,356,Middleincomecountries,1517,7252332,6807822,6277810,5598489,5079309,4749862,4447540,3795247,3537428,3236440,2751843,2480515,2275307,2091800,3457085,3270394,3041370,2846646,2598794,2474555,2355740
2583,IranIslamicRepublicof,364,Middleincomecountries,1517,302300,268248,226450,153340,132186,94950,75135,154466,135661,121924,82299,71451,52810,41756,147834,132587,104526,71041,60735,42140,33379
2584,Maldives,462,Middleincomecountries,1517,7380,16695,24872,41676,50250,58830,64169,4058,8340,13694,25059,38997,52937,57722,3322,8355,11178,16617,11253,5893,6447
2585,Nepal,524,Middleincomecountries,1517,411030,651911,680689,645878,559202,496702,475347,120316,200582,223753,219487,178864,149157,140078,290714,451329,456936,426391,380338,347545,335269
2586,Pakistan,586,Middleincomecountries,1517,2828826,2373735,2108602,2005189,1949870,1715549,1603042,1538565,1288476,1141346,1084935,1056700,992332,965724,1290261,1085259,967256,920254,893170,723217,637318
2587,SriLanka,144,Middleincomecountries,1517,39614,36835,34017,29080,19591,20095,20368,22307,19917,18023,16100,10969,11076,11311,17307,16918,15994,12980,8622,9019,9057
2588,WesternAsia,922,Middleincomecountries,1517,11316204,12662168,14085230,16898326,24689841,28334557,33047355,6780142,7656163,8617602,10697140,16497031,19221701,22344296,4536062,5006005,5467628,6201186,8192810,9112856,10703059
2589,Armenia,51,Middleincomecountries,1517,555165,647277,614069,435321,180701,152101,151471,225979,265074,251385,176827,73063,60176,60763,329186,382203,362684,258494,107638,91925,90708
2590,Azerbaijan,31,Middleincomecountries,1517,355433,339522,323596,298349,273147,260545,248690,155436,147231,139213,133444,127649,124753,119242,199997,192291,184383,164905,145498,135792,129448
2591,Bahrain,48,Middleincomecountries,1517,151865,180255,209169,358632,587242,636653,824875,108750,127825,146593,260277,431682,474477,621593,43115,52430,62576,98355,155560,162176,203282
2592,Cyprus,196,Middleincomecountries,1517,21049,29781,38477,60337,92502,84220,90554,9041,12099,15158,24580,37265,34111,38281,12008,17682,23319,35757,55237,50109,52273
2593,Georgia,268,Middleincomecountries,1517,267495,143412,70906,66349,68013,71400,73935,114735,62226,31275,29284,30006,31503,32732,152760,81186,39631,37065,38007,39897,41203
2594,Iraq,368,Middleincomecountries,1517,52239,162153,175169,93744,78467,72476,76149,36285,96221,107197,59296,50407,46766,46839,15954,65932,67972,34448,28060,25710,29310
2595,Israel,376,Middleincomecountries,1517,981810,1015103,991555,915294,850137,876770,851383,465860,473314,460079,423103,390260,400167,388607,515950,541789,531476,492191,459877,476603,462776
2596,Jordan,400,Middleincomecountries,1517,1077731,1459265,1840817,2121765,2614891,2434184,2683049,548386,740945,933341,1065937,1303425,1223769,1360268,529345,718320,907476,1055828,1311466,1210415,1322781
2597,Kuwait,414,Middleincomecountries,1517,941811,806757,985063,1154106,1613332,2553851,2771280,585704,526836,675785,812241,1157172,1719632,1865741,356107,279921,309278,341865,456160,834219,905539
2598,Lebanon,422,Middleincomecountries,1517,491136,572166,653204,708878,765806,714469,662802,249963,291163,332360,364519,397206,342215,323668,241173,281003,320844,344359,368600,372254,339134
2599,Oman,512,Middleincomecountries,1517,286257,497215,568427,615614,762162,1733282,2215673,231553,391473,452879,496329,625285,1468855,1877731,54704,105742,115548,119285,136877,264427,337942
2600,Qatar,634,Middleincomecountries,1517,214145,255249,258310,554285,1299874,1560040,2065641,167157,199190,201823,435283,1086042,1315739,1717857,46988,56059,56487,119002,213832,244301,347784
2601,SaudiArabia,682,Middleincomecountries,1517,3832768,3928053,4035935,4985564,6464056,8230901,10281461,2584992,2655937,2736438,3470535,4603013,5774411,7149715,1247776,1272116,1299497,1515029,1861043,2456490,3131746
2602,StateofPalestine,275,Middleincomecountries,1517,76429,74690,72948,81420,84640,84365,84145,34572,33578,32588,36679,35896,35843,35758,41857,41112,40360,44741,48744,48522,48387
2603,SyrianArabRepublic,760,Middleincomecountries,1517,248532,292500,387028,780766,1606427,768640,799360,127144,147357,197376,398898,818473,391096,396058,121388,145143,189652,381868,787954,377544,403302
2604,Turkey,792,Middleincomecountries,1517,595099,634954,687989,710681,738201,883523,1300222,296346,310426,331050,333881,338841,396635,443532,298753,324528,356939,376800,399360,486888,856690
2605,UnitedArabEmirates,784,Middleincomecountries,1517,1150450,1606437,2155170,2937290,6585351,7195961,7845093,828904,1165343,1563712,2165398,4978258,5370604,5853604,321546,441094,591458,771892,1607093,1825357,1991489
2606,Yemen,887,Middleincomecountries,1517,16790,17379,17398,19931,24892,21176,21572,9335,9925,9350,10629,13088,10949,12307,7455,7454,8048,9302,11804,10227,9265
2607,EasternEurope,923,Middleincomecountries,1517,19600284,18960666,18063137,17363561,16706486,17186437,17752691,9101037,8883344,8535406,8178106,7828131,8057598,8384014,10499247,10077322,9527731,9185455,8878355,9128839,9368677
2608,Belarus,112,Middleincomecountries,1517,1205716,1142422,1079160,1064143,1049162,1040062,1024923,551527,525486,499452,492369,485309,481357,474321,654189,616936,579708,571774,563853,558705,550602
2609,Bulgaria,100,Middleincomecountries,1517,15037,21289,27501,37130,46512,60772,90965,5705,7995,10274,14125,18304,25354,40672,9332,13294,17227,23005,28208,35418,50293
2610,Czechia,203,Middleincomecountries,1517,20988,31474,41976,160033,262468,244119,319744,11433,17541,23652,91299,152862,134715,178697,9555,13933,18324,68734,109606,109404,141047
2611,Hungary,348,Middleincomecountries,1517,100833,82771,64670,79923,95050,124723,186234,46162,38332,30503,38490,46354,63205,101382,54671,44439,34167,41433,48696,61518,84852
2612,Poland,616,Middleincomecountries,1517,694948,594440,508514,428364,362024,344501,460103,289853,242668,202988,167412,135474,132993,206058,405095,351772,305526,260952,226550,211508,254045
2613,RepublicofMoldova,498,Middleincomecountries,1517,514522,347256,234361,161826,119083,93383,91678,222364,144969,94306,63326,46935,36817,36211,292158,202287,140055,98500,72148,56566,55467
2614,Romania,642,Middleincomecountries,1517,107189,99353,91220,92717,108332,165545,393490,45256,42373,39403,41525,50507,85193,217261,61933,56980,51817,51192,57825,80352,176229
2615,RussianFederation,643,Middleincomecountries,1517,10565699,10969989,10976314,10730705,10264060,10694820,10688965,5184714,5432037,5484460,5298855,5007490,5200801,5197961,5380985,5537952,5491854,5431850,5256570,5494019,5491004
2616,Slovakia,703,Middleincomecountries,1517,4739,9310,16181,18811,20311,25363,29942,2112,4272,7309,8866,9527,13038,15790,2627,5038,8872,9945,10784,12325,14152
2617,Ukraine,804,Middleincomecountries,1517,6370613,5662362,5023240,4589909,4379484,4393149,4466647,2741911,2427671,2143059,1961839,1875369,1884125,1915661,3628702,3234691,2880181,2628070,2504115,2509024,2550986
2618,ChannelIslands,830,Middleincomecountries,1517,0,0,0,0,0,0,0,0,0,0,0,0,0,0,0,0,0,0,0,0,0
2619,Denmark,208,Middleincomecountries,1517,104354,136841,169279,200427,218461,246670,284657,56518,71179,85852,98523,104915,116719,134266,47836,65662,83427,101904,113546,129951,150391
2620,Estonia,233,Middleincomecountries,1517,369513,304113,238718,221401,202939,174875,170199,165617,130750,95880,88266,79870,68935,69986,203896,173363,142838,133135,123069,105940,100213
2621,FaroeIslands,234,Middleincomecountries,1517,78,104,157,304,401,559,791,42,49,71,122,154,177,283,36,55,86,182,247,382,508
2622,Finland,246,Middleincomecountries,1517,10079,16812,23816,50178,67521,110524,140379,5807,9588,13504,27159,35803,58458,73530,4272,7224,10312,23019,31718,52066,66849
2623,Iceland,352,Middleincomecountries,1517,1368,2745,4078,5584,7003,8406,12701,604,1156,1702,2228,2742,3320,5496,764,1589,2376,3356,4261,5086,7205
2624,Ireland,372,Middleincomecountries,1517,8050,30961,70890,113789,137949,140913,161417,4027,14897,35228,59682,67449,68006,78443,4023,16064,35662,54107,70500,72907,82974
2625,IsleofMan,833,Middleincomecountries,1517,303,345,387,485,577,807,821,145,164,184,220,252,398,405,158,181,203,265,325,409,416
2626,Latvia,428,Middleincomecountries,1517,587826,488412,388972,337812,278098,235440,209856,265931,212326,158712,136697,108253,90556,83179,321895,276086,230260,201115,169845,144884,126677
2627,Lithuania,440,Middleincomecountries,1517,311103,236117,184948,172877,137286,114118,116370,146266,110658,86485,79990,57914,46753,57834,164837,125459,98463,92887,79372,67365,58536
2628,Norway,578,Middleincomecountries,1517,58309,86420,111524,158193,210612,262557,302609,33836,46131,56170,75315,96447,117144,132880,24473,40289,55354,82878,114165,145413,169729
2629,Sweden,752,Middleincomecountries,1517,260276,308873,330637,421252,549680,631367,797976,132630,156230,166249,207484,271574,305939,392313,127646,152643,164388,213768,278106,325428,405663
2630,UnitedKingdom,826,Middleincomecountries,1517,1547323,1906325,2297483,2895157,3438463,3947194,4268490,774683,942516,1123708,1417687,1722447,1939660,2074788,772640,963809,1173775,1477470,1716016,2007534,2193702
2631,Albania,8,Middleincomecountries,1517,3167,3422,3679,3105,2532,2495,2337,1934,2098,2263,2000,1631,1607,1508,1233,1324,1416,1105,901,888,829
2632,Andorra,20,Middleincomecountries,1517,528,723,919,1435,1818,1577,1696,283,381,483,758,959,832,904,245,342,436,677,859,745,792
2633,BosniaandHerzegovina,70,Middleincomecountries,1517,23440,29870,36305,21078,17979,17876,16697,11327,14444,17559,10136,8686,8637,7927,12113,15426,18746,10942,9293,9239,8770
2634,Croatia,191,Middleincomecountries,1517,326101,518932,440909,458225,475517,477534,449418,155843,247400,211003,216877,222745,221928,209248,170258,271532,229906,241348,252772,255606,240170
2635,Gibraltar,292,Middleincomecountries,1517,2021,1564,1107,1020,933,996,1006,1538,1135,732,656,581,625,633,483,429,375,364,352,371,373
2636,Greece,300,Middleincomecountries,1517,319197,564895,819883,869503,957757,898623,907044,185980,306946,428289,443697,479036,428588,443362,133217,257949,391594,425806,478721,470035,463682
2637,HolySee,336,Middleincomecountries,1517,0,0,0,0,0,0,0,0,0,0,0,0,0,0,0,0,0,0,0,0,0
2638,Italy,380,Middleincomecountries,1517,815097,1187562,1559984,2543653,3504912,3563644,4044010,459683,622078,784481,1249832,1706204,1706600,1974343,355414,565484,775503,1293821,1798708,1857044,2069667
2639,Malta,470,Middleincomecountries,1517,2247,2652,3951,5160,6338,11299,24539,1122,1340,2029,2652,3131,5827,13620,1125,1312,1922,2508,3207,5472,10919
2640,Montenegro,499,Middleincomecountries,1517,0,0,0,0,57830,49032,48279,0,0,0,0,24115,19853,19571,0,0,0,0,33715,29179,28708
2641,NorthMacedonia,807,Middleincomecountries,1517,91306,105767,122320,124230,126162,126908,127475,38062,44096,50991,51786,52592,52906,53144,53244,61671,71329,72444,73570,74002,74331
2642,Portugal,620,Middleincomecountries,1517,234144,287775,353155,444662,462387,524167,610764,112970,141341,176006,217719,223784,239767,291304,121174,146434,177149,226943,238603,284400,319460
2643,SanMarino,674,Middleincomecountries,1517,124,163,209,204,205,252,265,50,51,51,53,51,54,63,74,112,158,151,154,198,202
2644,Serbia,688,Middleincomecountries,1517,59318,375796,531887,486317,475355,464637,473589,27688,170095,239102,214445,206310,200900,205094,31630,205701,292785,271872,269045,263737,268495
2645,Slovenia,705,Middleincomecountries,1517,103404,103530,117903,125781,158991,167604,205870,52863,55750,66399,71908,98685,99776,125876,50541,47780,51504,53873,60306,67828,79994
2646,Spain,724,Middleincomecountries,1517,376953,480749,793811,2632903,3927855,3662884,4480794,180100,237502,406418,1376031,1998097,1747907,2080942,196853,243247,387393,1256872,1929758,1914977,2399852
2647,Austria,40,Middleincomecountries,1517,434649,490321,546038,610677,682953,720258,816764,217135,248945,280755,308657,339777,350919,400537,217514,241376,265283,302020,343176,369339,416227
2648,Belgium,56,Middleincomecountries,1517,622652,566150,491952,446078,516410,640571,738484,323084,292647,249884,222462,261524,323836,369712,299568,273503,242068,223616,254886,316735,368772
2649,France,250,Middleincomecountries,1517,2985640,3082218,3178846,3998199,4355104,4837675,5333636,1616899,1645474,1674052,2020933,2225319,2406787,2659581,1368741,1436744,1504794,1977266,2129785,2430888,2674055
2650,Germany,276,Middleincomecountries,1517,2827180,3996097,4993350,4833203,5001095,5112357,7485256,1593603,2064861,2478463,2397545,2475386,2515784,3573954,1233577,1931236,2514887,2435658,2525709,2596573,3911302
2651,Liechtenstein,438,Middleincomecountries,1517,2101,2574,3015,2358,2136,2416,2578,1332,1592,1818,1280,942,1053,1066,769,982,1197,1078,1194,1363,1512
2652,Luxembourg,442,Middleincomecountries,1517,16588,15935,15406,15571,15866,24185,58160,8352,7843,7479,8173,8916,13760,27029,8236,8092,7927,7398,6950,10425,31131
2653,Monaco,492,Middleincomecountries,1517,0,0,0,0,0,0,0,0,0,0,0,0,0,0,0,0,0,0,0,0,0
2654,Netherlands,528,Middleincomecountries,1517,743528,857321,1000361,1112398,1142975,1072648,1188330,380625,434346,501819,544360,551094,511749,566813,362903,422975,498542,568038,591881,560899,621517
2655,Switzerland,756,Middleincomecountries,1517,349448,396618,484296,572618,639118,657177,747238,176392,202044,250271,278489,295883,297864,337492,173056,194574,234025,294129,343235,359313,409746
2656,Anguilla,660,Middleincomecountries,1517,709,913,1117,1286,1400,1499,1560,437,555,673,777,849,910,948,272,358,444,509,551,589,612
2657,AntiguaandBarbuda,28,Middleincomecountries,1517,6358,11114,15857,17010,18151,19301,20203,3053,4900,6744,7223,7700,8183,8569,3305,6214,9113,9787,10451,11118,11634
2658,Aruba,533,Middleincomecountries,1517,7465,13180,18891,21087,22876,24050,40093,3046,5528,8016,8769,9657,10126,17757,4419,7652,10875,12318,13219,13924,22336
2659,Bahamas,44,Middleincomecountries,1517,4073,4997,5936,9172,12387,13420,14325,1395,1885,2402,3630,4857,5203,5575,2678,3112,3534,5542,7530,8217,8750
2660,Barbados,52,Middleincomecountries,1517,11629,12695,13760,13662,13557,14238,14382,4502,5042,5583,5701,5815,6108,6176,7127,7653,8177,7961,7742,8130,8206
2661,BritishVirginIslands,92,Middleincomecountries,1517,3832,4507,5178,5932,8829,10098,11453,1966,2256,2547,2917,4323,4909,5571,1866,2251,2631,3015,4506,5189,5882
2662,CaymanIslands,136,Middleincomecountries,1517,5566,7684,11740,13366,16200,17657,19677,2566,3620,5567,6573,8177,8905,9972,3000,4064,6173,6793,8023,8752,9705
2663,Cuba,192,Middleincomecountries,1517,11849,8985,6050,4157,2832,1896,1277,5303,3813,2315,1564,1036,683,455,6546,5172,3735,2593,1796,1213,822
2664,CuraÃao,531,Middleincomecountries,1517,0,0,0,0,16826,18260,35164,0,0,0,0,5743,6262,14217,0,0,0,0,11083,11998,20947
2665,Dominica,212,Middleincomecountries,1517,340,449,536,656,803,936,940,167,221,267,328,402,468,478,173,228,269,328,401,468,462
2666,DominicanRepublic,214,Middleincomecountries,1517,44959,49949,54914,38524,22082,22235,53523,24498,26662,28819,20260,11661,12261,26727,20461,23287,26095,18264,10421,9974,26796
2667,Grenada,308,Middleincomecountries,1517,891,1082,1276,1334,1397,1411,1443,440,499,557,585,613,620,580,451,583,719,749,784,791,863
2668,Guadeloupe,312,Middleincomecountries,1517,9642,8907,8165,7280,6392,6121,6053,3996,3793,3588,3028,2469,2211,2157,5646,5114,4577,4252,3923,3910,3896
2669,Haiti,332,Middleincomecountries,1517,8692,8252,7833,7437,7805,8190,8573,4677,4443,4219,4007,4207,4417,4624,4015,3809,3614,3430,3598,3773,3949
2670,Jamaica,388,Middleincomecountries,1517,3963,4482,4995,4869,4738,4635,4711,1916,2236,2554,2503,2453,2400,2447,2047,2246,2441,2366,2285,2235,2264
2671,Martinique,474,Middleincomecountries,1517,1318,1950,2585,2705,2826,3277,3248,599,894,1188,1209,1228,1370,1359,719,1056,1397,1496,1598,1907,1889
2672,Montserrat,500,Middleincomecountries,1517,853,683,516,531,546,576,601,456,366,277,283,290,304,312,397,317,239,248,256,272,289
2673,PuertoRico,630,Middleincomecountries,1517,72487,86249,100251,104576,95776,88177,73703,33285,40387,47578,49522,44894,41140,34257,39202,45862,52673,55054,50882,47037,39446
2674,SaintBarthelemy,652,Middleincomecountries,1517,0,0,0,0,0,0,0,0,0,0,0,0,0,0,0,0,0,0,0,0,0
2675,SaintKittsandNevis,659,Middleincomecountries,1517,628,831,1150,1302,1413,1445,1490,324,436,612,689,746,765,794,304,395,538,613,667,680,696
2676,SaintLucia,662,Middleincomecountries,1517,1454,1940,2687,3539,4093,3917,3767,646,867,1215,1607,1872,1785,1715,808,1073,1472,1932,2221,2132,2052
2677,SaintMartinFrenchpart,663,Middleincomecountries,1517,0,0,0,0,0,0,0,0,0,0,0,0,0,0,0,0,0,0,0,0,0
2678,SaintVincentandtheGrenadines,670,Middleincomecountries,1517,980,1018,1058,1092,1119,1138,1151,416,432,451,480,504,511,528,564,586,607,612,615,627,623
2679,SintMaartenDutchpart,534,Middleincomecountries,1517,0,0,0,6128,12244,12756,13475,0,0,0,2883,5745,5959,6297,0,0,0,3245,6499,6797,7178
2680,TrinidadandTobago,780,Middleincomecountries,1517,38547,34995,29555,31723,30067,31363,58993,17569,15905,13164,14089,13841,14779,27448,20978,19090,16391,17634,16226,16584,31545
2681,TurksandCaicosIslands,796,Middleincomecountries,1517,349,520,692,722,1354,1756,1989,181,285,389,401,677,879,998,168,235,303,321,677,877,991
2682,UnitedStatesVirginIslands,850,Middleincomecountries,1517,7440,10221,13026,14032,15047,15055,15055,3496,4704,5919,6372,6828,6831,6835,3944,5517,7107,7660,8219,8224,8220
2683,CentralAmerica,916,Middleincomecountries,1517,1253628,706038,568911,654624,793397,877813,1210429,610919,343761,279451,317250,379539,420524,597657,642709,362277,289460,337374,413858,457289,612772
2684,Belize,84,Middleincomecountries,1517,26438,29464,32496,36379,40526,47789,54227,14218,15334,16453,18318,20418,23935,27164,12220,14130,16043,18061,20108,23854,27063
2685,CostaRica,188,Middleincomecountries,1517,179373,178173,266064,296234,350073,355090,452819,89762,90285,132361,144685,166056,167323,225719,89611,87888,133703,151549,184017,187767,227100
2686,ElSalvador,222,Middleincomecountries,1517,34481,29454,24413,28325,32221,33598,34154,15524,13336,11148,13059,14967,15632,15897,18957,16118,13265,15266,17254,17966,18257
2687,Guatemala,320,Middleincomecountries,1517,254093,146109,38116,45374,52619,57702,65109,108911,62479,16051,19472,22894,25784,28817,145182,83630,22065,25902,29725,31918,36292
2688,Honduras,340,Middleincomecountries,1517,265197,143000,20817,20396,19963,28034,28664,134460,72375,10292,10202,10117,14246,14571,130737,70625,10525,10194,9846,13788,14093
2689,Mexico,484,Middleincomecountries,1517,409173,101667,95412,111873,141275,174858,272139,205088,50923,48067,54655,67655,84432,128468,204085,50744,47345,57218,73620,90426,143671
2690,Nicaragua,558,Middleincomecountries,1517,33538,20335,23574,27357,29281,31565,33105,16691,10068,11767,13706,14761,15997,16738,16847,10267,11807,13651,14520,15568,16367
2691,Panama,591,Middleincomecountries,1517,51335,57836,68019,88686,127439,149177,270212,26265,28961,33312,43153,62671,73175,140283,25070,28875,34707,45533,64768,76002,129929
2692,Argentina,32,Middleincomecountries,1517,505564,606876,708202,952792,1195245,1383780,1572408,237369,281441,325549,439715,552901,639884,737274,268195,325435,382653,513077,642344,743896,835134
2693,BoliviaPlurinationalStateof,68,Middleincomecountries,1517,53357,62394,70746,80222,89492,104264,120886,27098,31830,36213,41532,46772,54461,63172,26259,30564,34533,38690,42720,49803,57714
2694,Brazil,76,Middleincomecountries,1517,128808,137435,146047,169484,197083,238145,527366,68555,73805,79053,91495,106430,129597,285774,60253,63630,66994,77989,90653,108548,241592
2695,Chile,152,Middleincomecountries,1517,60576,92277,123909,198772,273551,445821,1299528,29739,43050,56709,90265,123806,211264,623827,30837,49227,67200,108507,149745,234557,675701
2696,Colombia,170,Middleincomecountries,1517,59418,62705,65984,65740,80710,98948,1832487,29084,30910,32733,32853,40907,50877,911846,30334,31795,33251,32887,39803,48071,920641
2697,Ecuador,218,Middleincomecountries,1517,53313,72364,91399,118009,260741,242488,633058,25122,35033,44947,58149,132202,123201,318045,28191,37331,46452,59860,128539,119287,315013
2698,FalklandIslandsMalvinas,238,Middleincomecountries,1517,27,36,39,55,24,26,31,11,21,24,32,12,13,17,16,15,15,23,12,13,14
2699,FrenchGuiana,254,Middleincomecountries,1517,28185,29479,30770,39815,48857,54086,60789,14960,15031,15103,19270,23439,27267,30645,13225,14448,15667,20545,25418,26819,30144
2700,Guyana,328,Middleincomecountries,1517,2812,4304,5792,7632,5897,6238,28631,1512,2303,3096,4107,3299,3493,13131,1300,2001,2696,3525,2598,2745,15500
2701,Paraguay,600,Middleincomecountries,1517,167623,159810,151447,144272,137458,134165,145404,87453,83173,78146,74451,70795,69018,74972,80170,76637,73301,69821,66663,65147,70432
2702,Peru,604,Middleincomecountries,1517,28248,28302,33095,38901,53557,86612,1090971,13552,13407,15692,18627,27845,52235,563844,14696,14895,17403,20274,25712,34377,527127
2703,Suriname,740,Middleincomecountries,1517,9269,11449,14141,17305,20416,22170,24569,5002,6198,7656,9427,11134,12104,13506,4267,5251,6485,7878,9282,10066,11063
2704,Uruguay,858,Middleincomecountries,1517,28428,31863,35723,41252,40924,42263,64658,15127,15284,15310,17714,17397,17958,29278,13301,16579,20413,23538,23527,24305,35380
2705,VenezuelaBolivarianRepublicof,862,Middleincomecountries,1517,691354,726861,759606,824447,1094568,1146975,1081414,328473,348378,366582,396003,532351,558401,517718,362881,378483,393024,428444,562217,588574,563696
2706,Bermuda,60,Middleincomecountries,1517,847,1171,2062,2791,3625,4007,4842,411,589,1025,1407,1861,2040,2426,436,582,1037,1384,1764,1967,2416
2707,Canada,124,Middleincomecountries,1517,1420767,1903818,2432131,3061807,3724655,4374910,4740395,691669,921410,1173271,1462179,1777224,2066441,2239102,729098,982408,1258860,1599628,1947431,2308469,2501293
2708,Greenland,304,Middleincomecountries,1517,4,19,48,84,199,316,307,1,3,21,33,81,125,119,3,16,27,51,118,191,188
2709,SaintPierreandMiquelon,666,Middleincomecountries,1517,0,0,0,0,0,0,0,0,0,0,0,0,0,0,0,0,0,0,0,0,0
2710,UnitedStatesofAmerica,840,Middleincomecountries,1517,12369625,17964273,23670615,27199106,31654649,35310529,36032343,6174504,9068850,12035659,13808089,15775678,17365149,17559687,6195121,8895423,11634956,13391017,15878971,17945380,18472656
2711,Australia,36,Middleincomecountries,1517,1116697,1262653,1422170,1766937,2464640,3096670,3763802,557084,619799,690726,854832,1206164,1507924,1832076,559613,642854,731444,912105,1258476,1588746,1931726
2712,NewZealand,554,Middleincomecountries,1517,131510,165990,239792,352823,425233,490859,706969,64389,79726,116570,171264,206026,237378,341903,67121,86264,123222,181559,219207,253481,365066
2713,Melanesia,928,Middleincomecountries,1517,30134,30373,29778,33178,36960,35039,35761,16396,16713,16000,17528,20022,18494,18908,13738,13660,13778,15650,16938,16545,16853
2714,Fiji,242,Middleincomecountries,1517,8349,8270,8203,8237,8844,9108,9313,4225,4218,4219,4348,4728,4917,5035,4124,4052,3984,3889,4116,4191,4278
2715,NewCaledonia,540,Middleincomecountries,1517,7083,8207,9335,9947,10563,8119,8609,3856,4407,4968,5314,5668,3920,4148,3227,3800,4367,4633,4895,4199,4461
2716,PapuaNewGuinea,598,Middleincomecountries,1517,11443,10703,9210,12543,15535,15873,15933,6556,6341,5160,6525,8516,8587,8669,4887,4362,4050,6018,7019,7286,7264
2717,SolomonIslands,90,Middleincomecountries,1517,2936,2907,2773,2117,1597,1492,1451,1607,1594,1522,1175,898,844,825,1329,1313,1251,942,699,648,626
2718,Vanuatu,548,Middleincomecountries,1517,323,286,257,334,421,447,455,152,153,131,166,212,226,231,171,133,126,168,209,221,224
2719,Micronesia,954,Middleincomecountries,1517,53228,66812,81261,78429,66701,65378,68342,29366,34167,38633,37696,33417,32956,34391,23862,32645,42628,40733,33284,32422,33951
2720,Guam,316,Middleincomecountries,1517,29648,36274,42897,42594,42289,42668,45139,15803,18679,21554,21691,21829,22010,23282,13845,17595,21343,20903,20460,20658,21857
2721,Kiribati,296,Middleincomecountries,1517,598,587,577,677,777,789,842,324,314,304,363,421,428,459,274,273,273,314,356,361,383
2722,MarshallIslands,584,Middleincomecountries,1517,389,589,828,1095,1403,1494,1497,228,360,514,662,850,903,907,161,229,314,433,553,591,590
2723,MicronesiaFedStatesof,583,Middleincomecountries,1517,333,307,289,281,280,279,278,189,192,162,153,152,150,153,144,115,127,128,128,129,125
2724,Nauru,520,Middleincomecountries,1517,2364,2185,2008,1889,660,1063,1240,1260,1166,1072,1008,421,689,834,1104,1019,936,881,239,374,406
2725,NorthernMarianaIslands,580,Middleincomecountries,1517,17841,23391,30365,27699,17074,15293,15428,10223,11360,12469,11368,7185,6395,6448,7618,12031,17896,16331,9889,8898,8980
2726,Palau,585,Middleincomecountries,1517,2055,3479,4297,4194,4218,3792,3918,1339,2096,2558,2451,2559,2381,2308,716,1383,1739,1743,1659,1411,1610
2727,Polynesia,957,Middleincomecountries,1517,20722,23402,26068,25831,25179,24832,24794,10940,12269,13566,13417,13054,12831,12825,9782,11133,12502,12414,12125,12001,11969
2728,AmericanSamoa,16,Middleincomecountries,1517,16508,18303,20099,19745,19395,19357,19431,8646,9519,10391,10197,10004,9922,9961,7862,8784,9708,9548,9391,9435,9470
2729,CookIslands,184,Middleincomecountries,1517,93,97,100,132,164,506,554,49,51,53,56,59,259,283,44,46,47,76,105,247,271
2730,FrenchPolynesia,258,Middleincomecountries,1517,1415,1551,1662,1737,1678,1591,1591,813,875,922,970,959,910,910,602,676,740,767,719,681,681
2731,Niue,570,Middleincomecountries,1517,149,195,236,247,173,169,165,87,110,130,136,96,96,96,62,85,106,111,77,73,69
2732,Samoa,882,Middleincomecountries,1517,1302,1934,2560,2405,2104,1751,1647,710,1034,1347,1253,1083,895,851,592,900,1213,1152,1021,856,796
2733,Tokelau,772,Middleincomecountries,1517,135,134,123,122,204,232,242,85,82,68,64,99,113,118,50,52,55,58,105,119,124
2734,Tonga,776,Middleincomecountries,1517,770,870,973,1135,1213,1039,978,375,438,502,592,637,549,519,395,432,471,543,576,490,459
2735,Tuvalu,798,Middleincomecountries,1517,198,153,120,111,110,115,119,96,75,54,49,47,49,48,102,78,66,62,63,66,71
2736,WallisandFutunaIslands,876,Middleincomecountries,1517,152,165,195,197,138,72,67,79,85,99,100,70,38,39,73,80,96,97,68,34,28
2737,Developedregions,901,Uppermiddleincomecountries,1502,31467011,37697496,43572984,48139323,53349971,55866217,59748598,15250835,18365739,21330758,23528262,25775220,26692073,28360031,16216176,19331757,22242226,24611061,27574751,29174144,31388567
2738,Lessdevelopedregions,902,Uppermiddleincomecountries,1502,14784707,15361775,16012834,17595918,20825444,21709923,27899920,7249501,7504208,7790769,8628806,10311364,10793188,13641953,7535206,7857567,8222065,8967112,10514080,10916735,14257967
2739,Leastdevelopedcountries,941,Uppermiddleincomecountries,1502,505579,562149,612905,688777,740576,772240,774236,268731,299165,326939,368142,393650,414119,292732,236848,262984,285966,320635,346926,358121,481504
2740,LandlockedDevelopingCountriesLLDC,1636,Uppermiddleincomecountries,1502,6526929,6017301,5439397,5167336,4854975,4913914,5061205,2895340,2667396,2406766,2345128,2264006,2332199,2410782,3631589,3349905,3032631,2822208,2590969,2581715,2650423
2741,SmallislanddevelopingStatesSIDS,1637,Uppermiddleincomecountries,1502,687774,1029902,1440040,1660179,1951311,2181840,2336183,323992,460265,616863,712288,836515,933923,1004048,363782,569637,823177,947891,1114796,1247917,1332135
2742,Highincomecountries,1503,Uppermiddleincomecountries,1502,22857458,30116162,37343770,43448398,50617461,54365728,59946932,11676475,15174806,18669760,21555415,24773857,26295070,28820899,11180983,14941356,18674010,21892983,25843604,28070658,31126033
2743,Middleincomecountries,1517,Uppermiddleincomecountries,1502,22913814,22521279,21861498,21556593,22037481,22580673,27051049,10603739,10502966,10277866,10250474,10559374,10889555,12871899,12310075,12018313,11583632,11306119,11478107,11691118,14179150
2744,Uppermiddleincomecountries,1502,Uppermiddleincomecountries,1502,14002288,14507412,14702672,14887250,15664201,16219629,20596985,6699908,7000364,7161283,7308408,7725940,8043536,10106210,7302380,7507048,7541389,7578842,7938261,8176093,10490775
2745,Lowermiddleincomecountries,1501,Uppermiddleincomecountries,1502,8911526,8013867,7158826,6669343,6373280,6361044,6454064,3903831,3502602,3116583,2942066,2833434,2846019,2765689,5007695,4511265,4042243,3727277,3539846,3515025,3688375
2746,Lowincomecountries,1500,Uppermiddleincomecountries,1502,440527,380704,338231,679393,1461181,564849,579030,200065,171911,153444,326947,725408,268859,274080,240462,208793,184787,352446,735773,295990,304950
2747,Burundi,108,Uppermiddleincomecountries,1502,0,0,0,0,0,0,0,0,0,0,0,0,0,0,0,0,0,0,0,0,0
2748,Comoros,174,Uppermiddleincomecountries,1502,0,0,0,0,0,0,0,0,0,0,0,0,0,0,0,0,0,0,0,0,0
2749,Djibouti,262,Uppermiddleincomecountries,1502,0,0,0,0,0,0,0,0,0,0,0,0,0,0,0,0,0,0,0,0,0
2750,Eritrea,232,Uppermiddleincomecountries,1502,105,196,287,238,213,257,223,62,133,204,172,158,191,167,43,63,83,66,55,66,56
2751,Ethiopia,231,Uppermiddleincomecountries,1502,0,0,0,0,0,0,0,0,0,0,0,0,0,0,0,0,0,0,0,0,0
2752,Kenya,404,Uppermiddleincomecountries,1502,316,297,162,158,177,180,154,176,162,81,81,86,87,76,140,135,81,77,91,93,78
2753,Madagascar,450,Uppermiddleincomecountries,1502,1481,1312,1458,1609,1784,1979,2193,827,738,820,906,1005,1112,1234,654,574,638,703,779,867,959
2754,Malawi,454,Uppermiddleincomecountries,1502,1276,9179,8837,8421,8272,7124,6054,395,4136,3968,3767,3693,3140,2703,881,5043,4869,4654,4579,3984,3351
2755,Mauritius,480,Uppermiddleincomecountries,1502,600,3526,8418,5651,3201,3683,3716,366,737,1002,975,1226,1523,1538,234,2789,7416,4676,1975,2160,2178
2756,Mayotte,175,Uppermiddleincomecountries,1502,0,0,0,0,0,0,0,0,0,0,0,0,0,0,0,0,0,0,0,0,0
2757,Mozambique,508,Uppermiddleincomecountries,1502,7397,10175,11835,16250,18519,19198,20171,4066,5613,6356,8054,9149,9485,10068,3331,4562,5479,8196,9370,9713,10103
2758,Reunion,638,Uppermiddleincomecountries,1502,0,0,0,0,0,0,0,0,0,0,0,0,0,0,0,0,0,0,0,0,0
2759,Rwanda,646,Uppermiddleincomecountries,1502,0,0,0,0,0,0,0,0,0,0,0,0,0,0,0,0,0,0,0,0,0
2760,Seychelles,690,Uppermiddleincomecountries,1502,249,727,1209,1194,1183,1322,1338,121,420,720,755,790,909,928,128,307,489,439,393,413,410
2761,Somalia,706,Uppermiddleincomecountries,1502,0,0,0,0,0,0,0,0,0,0,0,0,0,0,0,0,0,0,0,0,0
2762,SouthSudan,728,Uppermiddleincomecountries,1502,0,0,0,0,162,153,156,0,0,0,0,83,86,88,0,0,0,0,79,67,68
2763,Uganda,800,Uppermiddleincomecountries,1502,625,590,671,648,651,654,609,374,346,375,359,358,357,332,251,244,296,289,293,297,277
2764,UnitedRepublicofTanzania,834,Uppermiddleincomecountries,1502,859,1149,1224,1362,1427,1497,1331,526,705,751,829,879,925,822,333,444,473,533,548,572,509
2765,Zambia,894,Uppermiddleincomecountries,1502,9257,3489,1913,3148,5627,4955,6933,4760,1803,1007,1670,2968,2606,3743,4497,1686,906,1478,2659,2349,3190
2766,Zimbabwe,716,Uppermiddleincomecountries,1502,14371,18237,21036,23144,22615,22738,23596,8189,10404,11997,13200,12900,12813,13403,6182,7833,9039,9944,9715,9925,10193
2767,MiddleAfrica,911,Uppermiddleincomecountries,1502,35627,46293,57826,65115,77797,105640,115229,17917,23151,28978,33033,39976,59375,64872,17710,23142,28848,32082,37821,46265,50357
2768,Angola,24,Uppermiddleincomecountries,1502,2782,3233,3683,4842,5894,6756,7185,1465,1638,1811,2316,2771,3144,3512,1317,1595,1872,2526,3123,3612,3673
2769,Cameroon,120,Uppermiddleincomecountries,1502,0,0,0,4438,3533,4412,5139,0,0,0,2135,1783,1928,2251,0,0,0,2303,1750,2484,2888
2770,CentralAfricanRepublic,140,Uppermiddleincomecountries,1502,250,285,297,234,229,195,202,134,162,178,139,136,116,120,116,123,119,95,93,79,82
2771,Chad,148,Uppermiddleincomecountries,1502,1388,1509,1629,1129,1337,1644,1905,750,814,878,511,598,757,868,638,695,751,618,739,887,1037
2772,Congo,178,Uppermiddleincomecountries,1502,3050,3525,4943,3144,7484,9948,9875,1558,1720,2335,1877,4036,5168,5108,1492,1805,2608,1267,3448,4780,4767
2773,DemocraticRepublicoftheCongo,180,Uppermiddleincomecountries,1502,0,0,0,0,0,0,0,0,0,0,0,0,0,0,0,0,0,0,0,0,0
2774,EquatorialGuinea,226,Uppermiddleincomecountries,1502,65,86,107,156,205,256,307,36,47,59,87,116,146,175,29,39,48,69,89,110,132
2775,Gabon,266,Uppermiddleincomecountries,1502,27776,37148,46463,50620,58682,82046,90277,13843,18502,23308,25649,30287,47896,52642,13933,18646,23155,24971,28395,34150,37635
2776,SaoTomeandPrincipe,678,Uppermiddleincomecountries,1502,316,507,704,552,433,383,339,131,268,409,319,249,220,196,185,239,295,233,184,163,143
2777,Algeria,12,Uppermiddleincomecountries,1502,15688,16102,16512,13054,14340,15585,16197,7641,8227,8814,6968,7367,8002,8311,8047,7875,7698,6086,6973,7583,7886
2778,Egypt,818,Uppermiddleincomecountries,1502,27759,28251,30983,36888,39684,33221,51898,13757,14255,15883,20022,20852,18765,26363,14002,13996,15100,16866,18832,14456,25535
2779,Libya,434,Uppermiddleincomecountries,1502,67652,84862,103487,114071,125184,140162,150102,33246,49076,66562,80626,88787,99019,107025,34406,35786,36925,33445,36397,41143,43077
2780,Morocco,504,Uppermiddleincomecountries,1502,2897,2659,2802,2974,3231,4164,4572,1534,1388,1440,1507,1631,2093,2359,1363,1271,1362,1467,1600,2071,2213
2781,Sudan,729,Uppermiddleincomecountries,1502,4066,4150,4238,4566,2916,2668,3689,2091,2137,2184,2355,1505,1378,1878,1975,2013,2054,2211,1411,1290,1811
2782,Tunisia,788,Uppermiddleincomecountries,1502,1224,1215,1815,1733,7511,9755,10363,609,611,924,890,3868,5041,5420,615,604,891,843,3643,4714,4943
2783,WesternSahara,732,Uppermiddleincomecountries,1502,0,0,0,0,0,0,0,0,0,0,0,0,0,0,0,0,0,0,0,0,0
2784,Botswana,72,Uppermiddleincomecountries,1502,6940,10846,15895,13304,9897,10751,11498,4793,7353,10690,8921,6536,7099,7601,2147,3493,5205,4383,3361,3652,3897
2785,Eswatini,748,Uppermiddleincomecountries,1502,21009,9161,12355,12484,12314,12552,12751,9994,4256,5921,5677,4709,4935,5026,11015,4905,6434,6807,7605,7617,7725
2786,Lesotho,426,Uppermiddleincomecountries,1502,3047,2776,2661,2716,2772,3953,5207,1422,1356,1369,1397,1425,2072,2684,1625,1420,1292,1319,1347,1881,2523
2787,Namibia,516,Uppermiddleincomecountries,1502,21243,20309,18875,14917,14366,14054,15027,11439,11001,10255,8066,7785,7638,8190,9804,9308,8620,6851,6581,6416,6837
2788,SouthAfrica,710,Uppermiddleincomecountries,1502,53883,59423,83094,109359,157189,120182,126750,32374,34100,45050,57641,80987,64570,73057,21509,25323,38044,51718,76202,55612,53693
2789,Benin,204,Uppermiddleincomecountries,1502,0,0,0,0,0,0,0,0,0,0,0,0,0,0,0,0,0,0,0,0,0
2790,BurkinaFaso,854,Uppermiddleincomecountries,1502,0,0,0,0,0,0,0,0,0,0,0,0,0,0,0,0,0,0,0,0,0
2791,CaboVerde,132,Uppermiddleincomecountries,1502,255,342,425,750,1069,1110,1164,122,171,219,361,500,517,546,133,171,206,389,569,593,618
2792,CotedIvoire,384,Uppermiddleincomecountries,1502,5379,5397,5623,5886,6149,6419,6663,3192,3187,3319,3474,3628,3788,3932,2187,2210,2304,2412,2521,2631,2731
2793,Gambia,270,Uppermiddleincomecountries,1502,0,0,0,0,0,0,0,0,0,0,0,0,0,0,0,0,0,0,0,0,0
2794,Ghana,288,Uppermiddleincomecountries,1502,700,698,780,1097,1073,1318,1510,419,446,471,688,687,844,973,281,252,309,409,386,474,537
2795,Guinea,324,Uppermiddleincomecountries,1502,921,1060,1036,928,2202,18314,17539,582,715,696,657,1372,10829,10418,339,345,340,271,830,7485,7121
2796,GuineaBissau,624,Uppermiddleincomecountries,1502,0,0,0,0,0,0,0,0,0,0,0,0,0,0,0,0,0,0,0,0,0
2797,Liberia,430,Uppermiddleincomecountries,1502,4230,4133,4056,1852,871,999,771,2719,2454,2194,1297,623,712,554,1511,1679,1862,555,248,287,217
2798,Mali,466,Uppermiddleincomecountries,1502,5148,5100,4447,18217,18191,22378,26244,2808,2754,2387,9519,9457,11622,13658,2340,2346,2060,8698,8734,10756,12586
2799,Mauritania,478,Uppermiddleincomecountries,1502,785,835,859,871,642,895,970,325,394,454,474,373,512,563,460,441,405,397,269,383,407
2800,Niger,562,Uppermiddleincomecountries,1502,100,123,149,153,156,157,200,59,69,80,84,88,90,115,41,54,69,69,68,67,85
2801,Nigeria,566,Uppermiddleincomecountries,1502,0,0,0,0,0,0,0,0,0,0,0,0,0,0,0,0,0,0,0,0,0
2802,SaintHelena,654,Uppermiddleincomecountries,1502,32,21,20,29,44,66,76,19,12,11,14,22,42,52,13,9,9,15,22,24,24
2803,Senegal,686,Uppermiddleincomecountries,1502,1447,1512,1368,1471,1646,1756,1897,845,880,768,849,979,1045,1123,602,632,600,622,667,711,774
2804,SierraLeone,694,Uppermiddleincomecountries,1502,2684,2645,2648,1141,1048,964,918,1400,1398,1358,783,707,591,494,1284,1247,1290,358,341,373,424
2805,Togo,768,Uppermiddleincomecountries,1502,727,818,921,1036,1350,1520,1531,458,516,583,656,876,988,1001,269,302,338,380,474,532,530
2806,Kazakhstan,398,Uppermiddleincomecountries,1502,2614539,2389831,2165118,2273133,2381144,2532636,2665489,1193295,1089414,985531,1065909,1146288,1240718,1305846,1421244,1300417,1179587,1207224,1234856,1291918,1359643
2807,Kyrgyzstan,417,Uppermiddleincomecountries,1502,454497,371325,277977,224340,167244,147291,143445,189916,154863,115217,92354,67692,59113,57569,264581,216462,162760,131986,99552,88178,85876
2808,Tajikistan,762,Uppermiddleincomecountries,1502,371188,300664,257480,243884,243309,239229,240072,162619,129298,111304,103557,103878,101172,101650,208569,171366,146176,140327,139431,138057,138422
2809,Turkmenistan,795,Uppermiddleincomecountries,1502,178405,147786,118996,117465,113752,114028,113177,75720,71460,55750,55620,51604,52684,53173,102685,76326,63246,61845,62148,61344,60004
2810,Uzbekistan,860,Uppermiddleincomecountries,1502,1367406,1252305,1147609,1057829,984469,944406,937250,595089,540532,491140,466052,446750,436613,434740,772317,711773,656469,591777,537719,507793,502510
2811,China,156,Uppermiddleincomecountries,1502,11559,27938,48039,69444,87722,108206,117697,4754,12759,22931,36899,50596,64506,70167,6805,15179,25108,32545,37126,43700,47530
2812,DemPeoplesRepublicofKorea,408,Uppermiddleincomecountries,1502,21481,22337,23191,27134,31073,34214,34984,11369,11603,11838,13677,15515,17183,17568,10112,10734,11353,13457,15558,17031,17416
2813,Japan,392,Uppermiddleincomecountries,1502,237264,481847,709084,1004192,1064674,1043271,1171443,119092,234623,327580,459008,481371,493961,554499,118172,247224,381504,545184,583303,549310,616944
2814,Mongolia,496,Uppermiddleincomecountries,1502,5055,5580,6169,8281,11345,14058,15129,2542,2945,3395,5618,8768,9978,10716,2513,2635,2774,2663,2577,4080,4413
2815,RepublicofKorea,410,Uppermiddleincomecountries,1502,20120,60221,119494,279104,557661,885184,1023420,10763,32825,67068,149354,285033,458819,537433,9357,27396,52426,129750,272628,426365,485987
2816,BruneiDarussalam,96,Uppermiddleincomecountries,1502,51751,59098,66444,67925,69407,70889,77257,29438,33075,36712,37713,38714,39715,43281,22313,26023,29732,30212,30693,31174,33976
2817,Cambodia,116,Uppermiddleincomecountries,1502,14999,39717,64448,50307,36165,32631,34998,7455,19674,31895,25595,19292,17718,19003,7544,20043,32553,24712,16873,14913,15995
2818,Indonesia,360,Uppermiddleincomecountries,1502,283885,187826,91769,93177,100561,111329,117055,135010,91901,48791,53240,56779,63910,67098,148875,95925,42978,39937,43782,47419,49957
2819,LaoPeoplesDemocraticRepublic,418,Uppermiddleincomecountries,1502,6402,5803,4653,4358,10525,16693,17860,3577,3248,2643,2526,7359,12192,13048,2825,2555,2010,1832,3166,4501,4812
2820,Malaysia,458,Uppermiddleincomecountries,1502,375246,516559,816030,914069,989740,1199169,1270766,227834,300887,463336,542719,607699,744432,803343,147412,215672,352694,371350,382041,454737,467423
2821,Myanmar,104,Uppermiddleincomecountries,1502,72413,55637,44999,38118,35082,33656,35104,38077,29002,23227,19832,18543,17929,18698,34336,26635,21772,18286,16539,15727,16406
2822,Philippines,608,Uppermiddleincomecountries,1502,59817,80489,103769,83982,44074,44763,47615,31916,42204,51925,42688,21702,22076,23555,27901,38285,51844,41294,22372,22687,24060
2823,Singapore,702,Uppermiddleincomecountries,1502,368477,660202,1015830,1219088,1490261,1709593,1737296,168329,283458,419346,506341,620597,711007,721346,200148,376744,596484,712747,869664,998586,1015950
2824,Thailand,764,Uppermiddleincomecountries,1502,1896,1806,2097,35154,70738,75893,79439,1202,1148,1317,22595,45753,48995,51249,694,658,780,12559,24985,26898,28190
2825,TimorLeste,626,Uppermiddleincomecountries,1502,5903,6437,7025,7458,7610,5352,5265,2901,3129,3373,3663,3797,3179,3129,3002,3308,3652,3795,3813,2173,2136
2826,VietNam,704,Uppermiddleincomecountries,1502,2636,6417,15459,16760,18627,22545,23780,1451,3581,9052,10169,10977,13203,13923,1185,2836,6407,6591,7650,9342,9857
2827,Afghanistan,4,Uppermiddleincomecountries,1502,0,0,0,0,0,0,0,0,0,0,0,0,0,0,0,0,0,0,0,0,0
2828,Bangladesh,50,Uppermiddleincomecountries,1502,319378,359074,398767,480570,533119,544662,534109,172467,193903,215338,259510,287887,294119,164972,146911,165171,183429,221060,245232,250543,369137
2829,Bhutan,64,Uppermiddleincomecountries,1502,450,529,608,762,916,967,1011,240,282,325,402,479,706,740,210,247,283,360,437,261,271
2830,India,356,Uppermiddleincomecountries,1502,45877,123781,116188,120825,124378,132806,129243,23124,60416,54539,59019,61858,66108,64213,22753,63365,61649,61806,62520,66698,65030
2831,IranIslamicRepublicof,364,Uppermiddleincomecountries,1502,292375,259951,211199,135107,112979,78918,62560,149783,131454,113105,71901,60468,43496,34450,142592,128497,98094,63206,52511,35422,28110
2832,Maldives,462,Uppermiddleincomecountries,1502,120,138,150,155,282,410,442,66,69,83,92,122,152,165,54,69,67,63,160,258,277
2833,Nepal,524,Uppermiddleincomecountries,1502,21906,25260,22820,20155,20977,20302,19428,9448,12500,13348,10998,6200,5946,5580,12458,12760,9472,9157,14777,14356,13848
2834,Pakistan,586,Uppermiddleincomecountries,1502,6091,4438,4332,3440,3383,3294,3072,3326,2445,2390,1910,1868,1821,1777,2765,1993,1942,1530,1515,1473,1295
2835,SriLanka,144,Uppermiddleincomecountries,1502,98,910,1740,3430,6901,6986,7068,64,749,1285,2010,4087,4074,4158,34,161,455,1420,2814,2912,2910
2836,WesternAsia,922,Uppermiddleincomecountries,1502,3444019,3648755,3691114,4131606,5607226,5052719,6021706,1787764,1886275,1901700,2175450,3011721,2742269,3129239,1656255,1762480,1789414,1956156,2595505,2310450,2892467
2837,Armenia,51,Uppermiddleincomecountries,1502,543949,640392,609726,432446,178308,148648,148036,221983,262927,250368,176082,72382,59199,59768,321966,377465,359358,256364,105926,89449,88268
2838,Azerbaijan,31,Uppermiddleincomecountries,1502,324486,312359,296222,272372,249364,237859,227043,142772,135144,127249,122542,117167,114481,109423,181714,177215,168973,149830,132197,123378,117620
2839,Bahrain,48,Uppermiddleincomecountries,1502,11906,14202,16542,27014,43451,47105,61029,6789,7454,8050,12862,20553,23234,31108,5117,6748,8492,14152,22898,23871,29921
2840,Cyprus,196,Uppermiddleincomecountries,1502,13002,18395,23769,36047,55549,51246,52862,6230,8423,10617,15885,25012,23302,24228,6772,9972,13152,20162,30537,27944,28634
2841,Georgia,268,Uppermiddleincomecountries,1502,203063,106515,57573,53687,55228,57980,60060,86377,46080,25687,23976,24646,25875,26886,116686,60435,31886,29711,30582,32105,33174
2842,Iraq,368,Uppermiddleincomecountries,1502,25267,73420,66938,47394,48408,44050,47459,16791,42497,33173,26264,28038,26700,27217,8476,30923,33765,21130,20370,17350,20242
2843,Israel,376,Uppermiddleincomecountries,1502,497387,512248,498427,456616,420344,433511,420953,235776,238439,230691,210229,191818,196673,190995,261611,273809,267736,246387,228526,236838,229958
2844,Jordan,400,Uppermiddleincomecountries,1502,33088,59742,86373,162560,444211,208313,270000,18782,28493,38404,93311,225026,102373,132289,14306,31249,47969,69249,219185,105940,137711
2845,Kuwait,414,Uppermiddleincomecountries,1502,73838,63537,77920,91555,128212,177468,192568,29907,27394,35935,39632,53931,62685,67979,43931,36143,41985,51923,74281,114783,124589
2846,Lebanon,422,Uppermiddleincomecountries,1502,14182,26418,38652,92960,145853,123302,107669,8153,12456,16762,44991,72473,59061,52585,6029,13962,21890,47969,73380,64241,55084
2847,Oman,512,Uppermiddleincomecountries,1502,9250,22821,29981,31201,37459,85186,108890,3060,7073,10815,10455,12723,37401,47824,6190,15748,19166,20746,24736,47785,61066
2848,Qatar,634,Uppermiddleincomecountries,1502,125952,152191,155744,87067,89018,90877,92540,95257,115265,118285,58034,60527,64799,64094,30695,36926,37459,29033,28491,26078,28446
2849,SaudiArabia,682,Uppermiddleincomecountries,1502,825345,834962,834144,1023204,1324726,1689169,2109987,542079,552346,556167,702656,931629,1169513,1447489,283266,282616,277977,320548,393097,519656,662498
2850,StateofPalestine,275,Uppermiddleincomecountries,1502,57659,56345,55033,63551,63502,62344,61756,26191,25440,24690,28777,24675,23707,23226,31468,30905,30343,34774,38827,38637,38530
2851,SyrianArabRepublic,760,Uppermiddleincomecountries,1502,3825,3036,1829,337785,1110642,195204,203003,1932,1528,924,172794,566430,99561,100838,1893,1508,905,164991,544212,95643,102165
2852,Turkey,792,Uppermiddleincomecountries,1502,586679,620350,666352,688319,715042,857995,1267163,291923,303293,320743,323486,328327,384785,430159,294756,317057,345609,364833,386715,473210,837004
2853,UnitedArabEmirates,784,Uppermiddleincomecountries,1502,90198,126682,170500,221097,487458,532654,580695,51019,68969,90242,109821,250794,263848,287429,39179,57713,80258,111276,236664,268806,293266
2854,Yemen,887,Uppermiddleincomecountries,1502,4943,5140,5389,6731,10451,9808,9993,2743,3054,2898,3653,5570,5072,5702,2200,2086,2491,3078,4881,4736,4291
2855,EasternEurope,923,Uppermiddleincomecountries,1502,13145953,12381370,11506707,10902048,10406331,10529120,10712602,6006320,5710602,5356091,5051912,4787344,4843424,4941499,7139633,6670768,6150616,5850136,5618987,5685696,5771103
2856,Belarus,112,Uppermiddleincomecountries,1502,911467,863520,815562,804241,792913,786016,774600,410148,390808,371468,366212,360953,358011,352778,501319,472712,444094,438029,431960,428005,421822
2857,Bulgaria,100,Uppermiddleincomecountries,1502,11957,16703,21426,28974,36418,48939,71163,4412,6272,8123,11351,14883,21335,32625,7545,10431,13303,17623,21535,27604,38538
2858,Czechia,203,Uppermiddleincomecountries,1502,8293,12445,16587,41400,62221,75735,101059,4464,6856,9247,21743,32970,39308,54034,3829,5589,7340,19657,29251,36427,47025
2859,Hungary,348,Uppermiddleincomecountries,1502,94011,65649,37264,46319,54915,70897,94084,42407,30499,18586,23567,28242,37091,51523,51604,35150,18678,22752,26673,33806,42561
2860,Poland,616,Uppermiddleincomecountries,1502,249772,213641,182760,158175,138889,131959,176213,104627,87607,73290,62400,52938,51861,79986,145145,126034,109470,95775,85951,80098,96227
2861,RepublicofMoldova,498,Uppermiddleincomecountries,1502,266433,179831,121362,83801,62146,49387,48484,113451,73904,48029,32222,24129,19255,18939,152982,105927,73333,51579,38017,30132,29545
2862,Romania,642,Uppermiddleincomecountries,1502,39195,39057,39037,38809,43631,36391,51123,17796,18301,18887,19167,22216,20612,27485,21399,20756,20150,19642,21415,15779,23638
2863,RussianFederation,643,Uppermiddleincomecountries,1502,5565250,5745456,5717335,5536004,5240757,5340732,5337804,2730934,2863317,2892948,2760535,2572994,2608467,2607022,2834316,2882139,2824387,2775469,2667763,2732265,2730782
2864,Slovakia,703,Uppermiddleincomecountries,1502,1793,4183,7410,8690,9317,11659,14117,874,2217,3855,4626,4985,6666,8159,919,1966,3555,4064,4332,4993,5958
2865,Ukraine,804,Uppermiddleincomecountries,1502,5997782,5240885,4547964,4155635,3965124,3977405,4043955,2577207,2230821,1911658,1750089,1673034,1680818,1708948,3420575,3010064,2636306,2405546,2292090,2296587,2335007
2866,ChannelIslands,830,Uppermiddleincomecountries,1502,0,0,0,0,0,0,0,0,0,0,0,0,0,0,0,0,0,0,0,0,0
2867,Denmark,208,Uppermiddleincomecountries,1502,74279,96984,119662,136629,145944,161088,182010,40059,50548,61032,67486,70238,76841,86546,34220,46436,58630,69143,75706,84247,95464
2868,Estonia,233,Uppermiddleincomecountries,1502,321120,266378,211633,194664,176537,149604,140515,139572,111051,82531,75244,67156,56457,54164,181548,155327,129102,119420,109381,93147,86351
2869,FaroeIslands,234,Uppermiddleincomecountries,1502,38,60,94,201,255,322,444,21,29,44,83,107,107,183,17,31,50,118,148,215,261
2870,Finland,246,Uppermiddleincomecountries,1502,5569,10258,15239,32231,43387,74032,87835,2907,5483,8192,16311,21314,37399,43936,2662,4775,7047,15920,22073,36633,43899
2871,Iceland,352,Uppermiddleincomecountries,1502,847,1706,2542,3138,3727,4577,6951,394,751,1104,1247,1403,1723,3007,453,955,1438,1891,2324,2854,3944
2872,Ireland,372,Uppermiddleincomecountries,1502,3504,13032,29722,43808,50677,51766,59272,1755,6271,14765,23334,25466,25695,29614,1749,6761,14957,20474,25211,26071,29658
2873,IsleofMan,833,Uppermiddleincomecountries,1502,303,345,387,485,577,807,821,145,164,184,220,252,398,405,158,181,203,265,325,409,416
2874,Latvia,428,Uppermiddleincomecountries,1502,538521,433713,328874,284242,232400,196262,170352,240716,185102,129479,110877,86903,72335,63420,297805,248611,199395,173365,145497,123927,106932
2875,Lithuania,440,Uppermiddleincomecountries,1502,260721,206376,161657,151248,120251,99524,92664,119716,94920,74181,68618,49543,39676,41273,141005,111456,87476,82630,70708,59848,51391
2876,Norway,578,Uppermiddleincomecountries,1502,20510,39827,57522,92569,124171,152549,176842,11760,20888,28627,43534,55947,67338,76936,8750,18939,28895,49035,68224,85211,99906
2877,Sweden,752,Uppermiddleincomecountries,1502,208897,247897,265216,337846,438373,489215,597024,107668,126852,134960,166664,215207,235637,291379,101229,121045,130256,171182,223166,253578,305645
2878,UnitedKingdom,826,Uppermiddleincomecountries,1502,428193,604479,790982,983512,1075678,1238126,1398056,212213,293288,378490,469323,522994,568136,651705,215980,311191,412492,514189,552684,669990,746351
2879,Albania,8,Uppermiddleincomecountries,1502,3167,3422,3679,3105,2532,2495,2337,1934,2098,2263,2000,1631,1607,1508,1233,1324,1416,1105,901,888,829
2880,Andorra,20,Uppermiddleincomecountries,1502,86,118,151,494,819,682,734,46,62,80,261,432,349,379,40,56,71,233,387,333,355
2881,BosniaandHerzegovina,70,Uppermiddleincomecountries,1502,23440,29870,36305,21078,17979,17876,16697,11327,14444,17559,10136,8686,8637,7927,12113,15426,18746,10942,9293,9239,8770
2882,Croatia,191,Uppermiddleincomecountries,1502,326101,518932,440909,457477,474029,476038,448030,155843,247400,211003,216634,222261,221444,208800,170258,271532,229906,240843,251768,254594,239230
2883,Gibraltar,292,Uppermiddleincomecountries,1502,0,0,0,0,0,0,0,0,0,0,0,0,0,0,0,0,0,0,0,0,0
2884,Greece,300,Uppermiddleincomecountries,1502,257934,486204,722463,748851,808595,758196,790038,151568,263542,375810,373407,387858,344986,387326,106366,222662,346653,375444,420737,413210,402712
2885,HolySee,336,Uppermiddleincomecountries,1502,0,0,0,0,0,0,0,0,0,0,0,0,0,0,0,0,0,0,0,0,0
2886,Italy,380,Uppermiddleincomecountries,1502,334010,540728,747421,1191688,1673818,1654767,1813907,143306,239718,336134,530586,746619,721594,791469,190704,301010,411287,661102,927199,933173,1022438
2887,Malta,470,Uppermiddleincomecountries,1502,1289,1521,2466,3348,3967,7322,15907,622,744,1246,1707,2021,3747,8769,667,777,1220,1641,1946,3575,7138
2888,Montenegro,499,Uppermiddleincomecountries,1502,0,0,0,0,57695,48882,48139,0,0,0,0,24027,19757,19479,0,0,0,0,33668,29125,28660
2889,NorthMacedonia,807,Uppermiddleincomecountries,1502,89272,103863,120546,122407,124289,124880,125441,37214,43301,50251,51024,51809,52061,52295,52058,60562,70295,71383,72480,72819,73146
2890,Portugal,620,Uppermiddleincomecountries,1502,47833,68623,92242,147005,177387,201087,233813,22045,32878,45188,68036,79762,84726,103234,25788,35745,47054,78969,97625,116361,130579
2891,SanMarino,674,Uppermiddleincomecountries,1502,120,138,161,154,152,187,197,47,49,50,51,48,54,52,73,89,111,103,104,133,145
2892,Serbia,688,Uppermiddleincomecountries,1502,59041,374000,529438,483896,472981,462322,471251,27604,169585,238446,213815,205695,200301,204485,31437,204415,290992,270081,267286,262021,266766
2893,Slovenia,705,Uppermiddleincomecountries,1502,103244,103195,117210,124408,156763,164665,201461,52779,55605,66085,71418,97880,98645,124016,50465,47590,51125,52990,58883,66020,77445
2894,Spain,724,Uppermiddleincomecountries,1502,200375,260055,432323,1715028,2447270,2309557,2852372,85885,111970,190321,799956,1129703,1024095,1250927,114490,148085,242002,915072,1317567,1285462,1601445
2895,Austria,40,Uppermiddleincomecountries,1502,383953,433120,482350,540078,604549,632410,711150,190243,218173,246096,271011,298756,306255,347173,193710,214947,236254,269067,305793,326155,363977
2896,Belgium,56,Uppermiddleincomecountries,1502,236716,211793,180157,171570,206446,259583,307794,118473,104397,85672,79651,99551,125918,149467,118243,107396,94485,91919,106895,133665,158327
2897,France,250,Uppermiddleincomecountries,1502,582253,601039,619898,681191,896637,1001849,1111342,292698,297126,301559,328476,411220,445610,496178,289555,303913,318339,352715,485417,556239,615164
2898,Germany,276,Uppermiddleincomecountries,1502,2442578,3480291,4346358,4059528,4127265,4215072,6190290,1348319,1771313,2136654,1999586,2032802,2063989,2930956,1094259,1708978,2209704,2059942,2094463,2151083,3259334
2899,Liechtenstein,438,Uppermiddleincomecountries,1502,2098,2568,3004,2290,1901,2123,2244,1331,1591,1816,1256,835,922,935,767,977,1188,1034,1066,1201,1309
2900,Luxembourg,442,Uppermiddleincomecountries,1502,14323,13545,12855,13364,13963,21288,33473,7307,6787,6402,7161,7957,12277,15053,7016,6758,6453,6203,6006,9011,18420
2901,Monaco,492,Uppermiddleincomecountries,1502,0,0,0,0,0,0,0,0,0,0,0,0,0,0,0,0,0,0,0,0,0
2902,Netherlands,528,Uppermiddleincomecountries,1502,561646,637299,734926,814462,841943,753004,822331,277443,311514,355502,384783,393491,347876,380701,284203,325785,379424,429679,448452,405128,441630
2903,Switzerland,756,Uppermiddleincomecountries,1502,257916,288751,359648,428787,474589,473856,537150,128174,144970,183980,205727,216976,210960,238632,129742,143781,175668,223060,257613,262896,298518
2904,Anguilla,660,Uppermiddleincomecountries,1502,709,913,1117,1286,1400,1499,1560,437,555,673,777,849,910,948,272,358,444,509,551,589,612
2905,AntiguaandBarbuda,28,Uppermiddleincomecountries,1502,6259,10994,15720,16861,17994,19134,20036,3006,4842,6678,7152,7625,8102,8484,3253,6152,9042,9709,10369,11032,11552
2906,Aruba,533,Uppermiddleincomecountries,1502,7190,12548,17903,19896,21503,22609,38485,2847,5143,7444,8115,8932,9367,16924,4343,7405,10459,11781,12571,13242,21561
2907,Bahamas,44,Uppermiddleincomecountries,1502,3721,4531,5350,7866,10370,11235,12005,1204,1638,2090,2929,3769,4031,4321,2517,2893,3260,4937,6601,7204,7684
2908,Barbados,52,Uppermiddleincomecountries,1502,11188,12214,13238,13182,13116,13775,13915,4280,4796,5312,5459,5600,5882,5947,6908,7418,7926,7723,7516,7893,7968
2909,BritishVirginIslands,92,Uppermiddleincomecountries,1502,3812,4483,5151,5901,8794,10058,11408,1955,2243,2533,2901,4305,4888,5547,1857,2240,2618,3000,4489,5170,5861
2910,CaymanIslands,136,Uppermiddleincomecountries,1502,4447,6292,9731,10255,11700,12764,14224,2024,2942,4590,5046,5967,6502,7279,2423,3350,5141,5209,5733,6262,6945
2911,Cuba,192,Uppermiddleincomecountries,1502,9438,7158,4847,3265,2199,1466,991,4355,3142,1930,1274,830,543,363,5083,4016,2917,1991,1369,923,628
2912,CuraÃao,531,Uppermiddleincomecountries,1502,0,0,0,0,16238,17623,34422,0,0,0,0,5381,5869,13752,0,0,0,0,10857,11754,20670
2913,Dominica,212,Uppermiddleincomecountries,1502,312,412,492,602,736,858,863,154,204,247,302,371,432,441,158,208,245,300,365,426,422
2914,DominicanRepublic,214,Uppermiddleincomecountries,1502,42303,46994,51669,36088,20451,20542,51770,23041,25075,27104,18980,10819,11379,25814,19262,21919,24565,17108,9632,9163,25956
2915,Grenada,308,Uppermiddleincomecountries,1502,891,1082,1276,1334,1397,1411,1443,440,499,557,585,613,620,580,451,583,719,749,784,791,863
2916,Guadeloupe,312,Uppermiddleincomecountries,1502,9488,8701,7908,6980,6049,5793,5730,3921,3695,3468,2890,2312,2069,2018,5567,5006,4440,4090,3737,3724,3712
2917,Haiti,332,Uppermiddleincomecountries,1502,8692,8252,7833,7437,7805,8190,8573,4677,4443,4219,4007,4207,4417,4624,4015,3809,3614,3430,3598,3773,3949
2918,Jamaica,388,Uppermiddleincomecountries,1502,2844,3090,3332,3248,3161,3093,3144,1346,1477,1607,1576,1546,1513,1543,1498,1613,1725,1672,1615,1580,1601
2919,Martinique,474,Uppermiddleincomecountries,1502,1273,1882,2494,2610,2727,3163,3135,577,862,1147,1167,1186,1324,1313,696,1020,1347,1443,1541,1839,1822
2920,Montserrat,500,Uppermiddleincomecountries,1502,853,683,516,531,546,576,601,456,366,277,283,290,304,312,397,317,239,248,256,272,289
2921,PuertoRico,630,Uppermiddleincomecountries,1502,70401,84109,98039,102282,93683,86345,72795,32296,39369,46526,48432,43912,40284,33831,38105,44740,51513,53850,49771,46061,38964
2922,SaintBarthelemy,652,Uppermiddleincomecountries,1502,0,0,0,0,0,0,0,0,0,0,0,0,0,0,0,0,0,0,0,0,0
2923,SaintKittsandNevis,659,Uppermiddleincomecountries,1502,628,831,1150,1302,1413,1445,1490,324,436,612,689,746,765,794,304,395,538,613,667,680,696
2924,SaintLucia,662,Uppermiddleincomecountries,1502,1366,1831,2527,3277,3745,3587,3451,594,805,1124,1466,1689,1610,1547,772,1026,1403,1811,2056,1977,1904
2925,SaintMartinFrenchpart,663,Uppermiddleincomecountries,1502,0,0,0,0,0,0,0,0,0,0,0,0,0,0,0,0,0,0,0,0,0
2926,SaintVincentandtheGrenadines,670,Uppermiddleincomecountries,1502,980,1018,1058,1092,1119,1138,1151,416,432,451,480,504,511,528,564,586,607,612,615,627,623
2927,SintMaartenDutchpart,534,Uppermiddleincomecountries,1502,0,0,0,5717,11443,11922,12595,0,0,0,2483,4969,5165,5458,0,0,0,3234,6474,6757,7137
2928,TrinidadandTobago,780,Uppermiddleincomecountries,1502,37321,33883,28484,30575,28322,29556,56989,16927,15322,12569,13451,12832,13721,26151,20394,18561,15915,17124,15490,15835,30838
2929,TurksandCaicosIslands,796,Uppermiddleincomecountries,1502,349,520,692,722,1354,1756,1989,181,285,389,401,677,879,998,168,235,303,321,677,877,991
2930,UnitedStatesVirginIslands,850,Uppermiddleincomecountries,1502,7440,10221,13026,14032,15047,15055,15055,3496,4704,5919,6372,6828,6831,6835,3944,5517,7107,7660,8219,8224,8220
2931,CentralAmerica,916,Uppermiddleincomecountries,1502,220404,211445,222949,258235,345812,402179,627223,109224,105196,111403,127524,170356,198473,315325,111180,106249,111546,130711,175456,203706,311898
2932,Belize,84,Uppermiddleincomecountries,1502,16706,18416,20132,22618,25187,29701,33708,8832,9459,10086,11271,12557,14718,16705,7874,8957,10046,11347,12630,14983,17003
2933,CostaRica,188,Uppermiddleincomecountries,1502,20666,17655,23474,19201,43591,44178,79561,10371,8982,11740,9454,21571,21745,41079,10295,8673,11734,9747,22020,22433,38482
2934,ElSalvador,222,Uppermiddleincomecountries,1502,14606,12421,10225,11813,13391,13964,14185,6733,5755,4777,5569,6361,6644,6751,7873,6666,5448,6244,7030,7320,7434
2935,Guatemala,320,Uppermiddleincomecountries,1502,8793,11993,15188,18061,20926,22951,25870,2711,5034,7362,9672,11983,13344,14977,6082,6959,7826,8389,8943,9607,10893
2936,Honduras,340,Uppermiddleincomecountries,1502,7357,7809,8251,8088,7915,11113,11345,4117,4239,4361,4316,4275,6023,6157,3240,3570,3890,3772,3640,5090,5188
2937,Mexico,484,Uppermiddleincomecountries,1502,99983,86863,77521,90515,113980,140225,206082,49985,43804,39767,44483,54419,67539,97027,49998,43059,37754,46032,59561,72686,109055
2938,Nicaragua,558,Uppermiddleincomecountries,1502,10707,8499,11133,14058,15021,16191,16932,5274,4151,5614,7176,7721,8366,8753,5433,4348,5519,6882,7300,7825,8179
2939,Panama,591,Uppermiddleincomecountries,1502,41586,47789,57025,73881,105801,123856,239540,21201,23772,27696,35583,51469,60094,123876,20385,24017,29329,38298,54332,63762,115664
2940,Argentina,32,Uppermiddleincomecountries,1502,350691,410359,470038,648320,826387,958423,1142917,157897,180987,204099,287145,370164,429285,523275,192794,229372,265939,361175,456223,529138,619642
2941,BoliviaPlurinationalStateof,68,Uppermiddleincomecountries,1502,52716,61644,69914,79319,88540,103120,119673,26763,31460,35810,41090,46290,53892,62549,25953,30184,34104,38229,42250,49228,57124
2942,Brazil,76,Uppermiddleincomecountries,1502,101914,107864,113803,127066,141573,166860,438746,53420,57342,61264,68489,76435,89355,231858,48494,50522,52539,58577,65138,77505,206888
2943,Chile,152,Uppermiddleincomecountries,1502,53299,83351,113341,180913,248408,392577,1170746,26284,38928,51860,81908,111942,185214,566633,27015,44423,61481,99005,136466,207363,604113
2944,Colombia,170,Uppermiddleincomecountries,1502,58222,61470,64712,64503,79106,96881,1829886,28505,30288,32070,32186,40067,49825,910545,29717,31182,32642,32317,39039,47056,919341
2945,Ecuador,218,Uppermiddleincomecountries,1502,51904,70779,89644,115903,257399,238320,628693,24372,34189,44009,57010,130422,121022,315525,27532,36590,45635,58893,126977,117298,313168
2946,FalklandIslandsMalvinas,238,Uppermiddleincomecountries,1502,27,36,39,55,24,26,31,11,21,24,32,12,13,17,16,15,15,23,12,13,14
2947,FrenchGuiana,254,Uppermiddleincomecountries,1502,27170,28475,29777,38879,47978,52877,59431,14420,14516,14612,18819,23026,26653,29955,12750,13959,15165,20060,24952,26224,29476
2948,Guyana,328,Uppermiddleincomecountries,1502,2812,4304,5792,7632,5897,6238,28631,1512,2303,3096,4107,3299,3493,13131,1300,2001,2696,3525,2598,2745,15500
2949,Paraguay,600,Uppermiddleincomecountries,1502,166814,158834,150307,143186,136424,133156,144312,87033,82665,77556,73888,70260,68496,74405,79781,76169,72751,69298,66164,64660,69907
2950,Peru,604,Uppermiddleincomecountries,1502,23839,23879,27920,32821,45018,67231,1057954,11510,11393,13335,15829,23655,41285,546310,12329,12486,14585,16992,21363,25946,511644
2951,Suriname,740,Uppermiddleincomecountries,1502,9269,11449,14141,17305,20416,22170,24569,5002,6198,7656,9427,11134,12104,13506,4267,5251,6485,7878,9282,10066,11063
2952,Uruguay,858,Uppermiddleincomecountries,1502,28428,31863,35723,41252,40924,42263,64658,15127,15284,15310,17714,17397,17958,29278,13301,16579,20413,23538,23527,24305,35380
2953,VenezuelaBolivarianRepublicof,862,Uppermiddleincomecountries,1502,681713,718268,751922,816709,1086666,1138860,1073788,323650,344104,362790,392149,528384,554379,513984,358063,374164,389132,424560,558282,584481,559804
2954,Bermuda,60,Uppermiddleincomecountries,1502,544,712,1358,1647,1975,2122,2405,236,340,671,804,949,960,1134,308,372,687,843,1026,1162,1271
2955,Canada,124,Uppermiddleincomecountries,1502,741275,961228,1204032,1463006,1759810,1932929,2094349,360871,465264,580828,694581,828716,897012,971861,380404,495964,623204,768425,931094,1035917,1122488
2956,Greenland,304,Uppermiddleincomecountries,1502,3,14,42,75,149,186,180,0,3,21,31,63,74,70,3,11,21,44,86,112,110
2957,SaintPierreandMiquelon,666,Uppermiddleincomecountries,1502,0,0,0,0,0,0,0,0,0,0,0,0,0,0,0,0,0,0,0,0,0
2958,UnitedStatesofAmerica,840,Uppermiddleincomecountries,1502,8825384,12960888,17179478,19505667,22491370,24199783,23718885,4466229,6609811,8806976,10048122,11364818,12051550,11692321,4359155,6351077,8372502,9457545,11126552,12148233,12026564
2959,Australia,36,Uppermiddleincomecountries,1502,622374,701581,821000,1012061,1328950,1619080,1954091,315831,349891,403811,488053,630456,766160,920745,306543,351690,417189,524008,698494,852920,1033346
2960,NewZealand,554,Uppermiddleincomecountries,1502,104317,129726,183243,259845,299166,333713,445759,51122,62591,89074,126128,144953,161380,215573,53195,67135,94169,133717,154213,172333,230186
2961,Melanesia,928,Uppermiddleincomecountries,1502,13050,12321,11659,14862,18488,18557,18735,7411,7116,6303,7468,9834,9694,9835,5639,5205,5356,7394,8654,8863,8900
2962,Fiji,242,Uppermiddleincomecountries,1502,2718,2677,2669,2679,2877,2964,3030,1448,1414,1409,1414,1539,1602,1642,1270,1263,1260,1265,1338,1362,1388
2963,NewCaledonia,540,Uppermiddleincomecountries,1502,896,1038,1180,1257,1335,1025,1085,542,622,701,750,799,568,601,354,416,479,507,536,457,484
2964,PapuaNewGuinea,598,Uppermiddleincomecountries,1502,8567,7761,7011,10164,13520,13831,13891,4881,4549,3695,4860,7085,7122,7192,3686,3212,3316,5304,6435,6709,6699
2965,SolomonIslands,90,Uppermiddleincomecountries,1502,679,674,643,559,511,477,464,443,440,419,344,288,271,266,236,234,224,215,223,206,198
2966,Vanuatu,548,Uppermiddleincomecountries,1502,190,171,156,203,245,260,265,97,91,79,100,123,131,134,93,80,77,103,122,129,131
2967,Micronesia,954,Uppermiddleincomecountries,1502,6707,12719,19544,14891,7408,7570,7821,3292,4816,6214,4772,2785,3075,3213,3415,7903,13330,10119,4623,4495,4608
2968,Guam,316,Uppermiddleincomecountries,1502,1807,2384,2960,2663,2365,2386,2521,1297,1408,1519,1370,1221,1231,1303,510,976,1441,1293,1144,1155,1218
2969,Kiribati,296,Uppermiddleincomecountries,1502,598,587,577,677,777,789,842,324,314,304,363,421,428,459,274,273,273,314,356,361,383
2970,MarshallIslands,584,Uppermiddleincomecountries,1502,83,145,220,317,407,436,435,63,100,151,212,268,285,286,20,45,69,105,139,151,149
2971,MicronesiaFedStatesof,583,Uppermiddleincomecountries,1502,163,153,146,148,152,154,151,92,94,82,80,82,82,83,71,59,64,68,70,72,68
2972,Nauru,520,Uppermiddleincomecountries,1502,1041,962,884,830,235,694,727,609,564,519,485,145,471,505,432,398,365,345,90,223,222
2973,NorthernMarianaIslands,580,Uppermiddleincomecountries,1502,2695,7945,13678,9706,2946,2638,2659,678,1970,3015,1873,284,242,244,2017,5975,10663,7833,2662,2396,2415
2974,Palau,585,Uppermiddleincomecountries,1502,320,543,1079,550,526,473,486,229,366,624,389,364,336,333,91,177,455,161,162,137,153
2975,Polynesia,957,Uppermiddleincomecountries,1502,19090,21392,23681,23143,22342,22163,22147,10013,11134,12237,11918,11463,11333,11334,9077,10258,11444,11225,10879,10830,10813
2976,AmericanSamoa,16,Uppermiddleincomecountries,1502,16128,17681,19235,18648,18066,18031,18103,8428,9171,9912,9590,9270,9193,9230,7700,8510,9323,9058,8796,8838,8873
2977,CookIslands,184,Uppermiddleincomecountries,1502,83,86,89,118,147,489,536,44,45,47,50,53,253,277,39,41,42,68,94,236,259
2978,FrenchPolynesia,258,Uppermiddleincomecountries,1502,588,644,691,722,698,662,662,295,315,331,349,348,331,331,293,329,360,373,350,331,331
2979,Niue,570,Uppermiddleincomecountries,1502,149,195,236,247,173,169,165,87,110,130,136,96,96,96,62,85,106,111,77,73,69
2980,Samoa,882,Uppermiddleincomecountries,1502,1242,1848,2445,2299,2010,1675,1581,683,995,1296,1207,1042,863,820,559,853,1149,1092,968,812,761
2981,Tokelau,772,Uppermiddleincomecountries,1502,135,134,123,122,204,232,242,85,82,68,64,99,113,118,50,52,55,58,105,119,124
2982,Tonga,776,Uppermiddleincomecountries,1502,630,712,796,929,993,851,801,308,360,412,486,523,451,426,322,352,384,443,470,400,375
2983,Tuvalu,798,Uppermiddleincomecountries,1502,135,92,66,58,51,54,57,83,56,41,36,32,33,36,52,36,25,22,19,21,21
2984,WallisandFutunaIslands,876,Uppermiddleincomecountries,1502,0,0,0,0,0,0,0,0,0,0,0,0,0,0,0,0,0,0,0,0,0
2985,Developedregions,901,Lowermiddleincomecountries,1501,17073565,19738984,22484679,26792958,30788326,35000290,39371064,8624030,9932180,11295273,13374917,15375326,17217334,19351369,8449535,9806804,11189406,13418041,15413000,17782956,20019695
2986,Lessdevelopedregions,902,Lowermiddleincomecountries,1501,25633716,26131503,27809457,31384480,39618158,45405534,50376252,14165374,14548818,15628964,18000756,24015338,27900372,31542479,11468342,11582685,12180493,13383724,15602820,17505162,18833773
2987,Leastdevelopedcountries,941,Lowermiddleincomecountries,1501,2705498,3000811,3295828,3208845,3437590,3726349,4391370,1278428,1387935,1542902,1502187,1617064,1770487,2330355,1427070,1612876,1752926,1706658,1820526,1955862,2061015
2988,LandlockedDevelopingCountriesLLDC,1636,Lowermiddleincomecountries,1501,2481534,2707826,2747069,2764266,2860309,3173585,3179566,1098152,1184021,1220712,1251507,1317323,1486288,1487379,1383382,1523805,1526357,1512759,1542986,1687297,1692187
2989,SmallislanddevelopingStatesSIDS,1637,Lowermiddleincomecountries,1501,295225,395651,483892,743604,1076249,1181453,1371667,188830,249622,306124,473982,704094,785153,934808,106395,146029,177768,269622,372155,396300,436859
2990,Highincomecountries,1503,Lowermiddleincomecountries,1501,17336660,20558025,24261465,31072699,41606870,49826108,57999171,9870941,11644821,13714389,17707697,24796493,29555915,34442685,7465719,8913204,10547076,13365002,16810377,20270193,23556486
2991,Middleincomecountries,1517,Lowermiddleincomecountries,1501,23695629,23532620,23963489,24835392,26254118,27621715,28759330,12084309,11943552,12173535,12545886,13343106,14100474,14991004,11611320,11589068,11789954,12289506,12911012,13521241,13768326
2992,Uppermiddleincomecountries,1502,Lowermiddleincomecountries,1501,10208667,10936455,12208490,13850694,15813320,17592524,18269899,5144676,5535569,6212274,7059088,8117963,9080335,9507315,5063991,5400886,5996216,6791606,7695357,8512189,8762584
2993,Lowermiddleincomecountries,1501,Lowermiddleincomecountries,1501,13486962,12596165,11754999,10984698,10440798,10029191,10489431,6939633,6407983,5961261,5486798,5225143,5020139,5483689,6547329,6188182,5793738,5497900,5215655,5009052,5005742
2994,Lowincomecountries,1500,Lowermiddleincomecountries,1501,1661659,1755918,2028420,2214604,2483304,2888456,2895513,826356,879422,1015426,1094891,1221297,1428698,1416521,835303,876496,1012994,1119713,1262007,1459758,1478992
2995,Burundi,108,Lowermiddleincomecountries,1501,12098,9996,5894,14234,23821,29040,34544,5942,4885,2883,6732,11162,13619,16228,6156,5111,3011,7502,12659,15421,18316
2996,Comoros,174,Lowermiddleincomecountries,1501,250,248,245,234,223,221,217,119,117,115,110,105,105,105,131,131,130,124,118,116,112
2997,Djibouti,262,Lowermiddleincomecountries,1501,0,0,0,0,0,0,0,0,0,0,0,0,0,0,0,0,0,0,0,0,0
2998,Eritrea,232,Lowermiddleincomecountries,1501,891,1291,1694,1661,1735,2098,1825,517,721,923,931,999,1208,1068,374,570,771,730,736,890,757
2999,Ethiopia,231,Lowermiddleincomecountries,1501,904,1901,3258,2389,2999,3702,3439,475,1154,2053,1362,1571,1887,1704,429,747,1205,1027,1428,1815,1735
3000,Kenya,404,Lowermiddleincomecountries,1501,66464,73119,51289,42082,39120,39935,34767,35782,38837,25674,21801,19347,19823,17437,30682,34282,25615,20281,19773,20112,17330
3001,Madagascar,450,Lowermiddleincomecountries,1501,9350,8279,9202,10192,11301,12534,13904,5213,4650,5187,5765,6413,7138,7915,4137,3629,4015,4427,4888,5396,5989
3002,Malawi,454,Lowermiddleincomecountries,1501,14864,103768,99899,95195,93506,80532,68440,4307,44815,42985,40798,39989,33968,29277,10557,58953,56914,54397,53517,46564,39163
3003,Mauritius,480,Lowermiddleincomecountries,1501,596,1655,3640,9502,15894,18291,18517,276,1233,2799,5637,8975,10718,10837,320,422,841,3865,6919,7573,7680
3004,Mayotte,175,Lowermiddleincomecountries,1501,10288,20154,36203,49545,56520,63225,86652,6124,11193,18514,24487,26800,29252,40089,4164,8961,17689,25058,29720,33973,46563
3005,Mozambique,508,Lowermiddleincomecountries,1501,72560,99806,116094,159408,181659,188326,197872,38847,53641,60647,76455,86821,90014,95602,33713,46165,55447,82953,94838,98312,102270
3006,Reunion,638,Lowermiddleincomecountries,1501,441,952,1509,1878,2143,2215,2294,237,470,722,895,1016,1045,1083,204,482,787,983,1127,1170,1211
3007,Rwanda,646,Lowermiddleincomecountries,1501,16780,25576,38984,45963,45658,45357,45288,8502,12955,19741,23269,23113,22959,23266,8278,12621,19243,22694,22545,22398,22022
3008,Seychelles,690,Lowermiddleincomecountries,1501,1764,2545,3329,5571,7816,8749,8930,1267,1731,2196,3817,5435,6226,6352,497,814,1133,1754,2381,2523,2578
3009,Somalia,706,Lowermiddleincomecountries,1501,0,0,0,0,0,0,0,0,0,0,0,0,0,0,0,0,0,0,0,0,0
3010,SouthSudan,728,Lowermiddleincomecountries,1501,0,0,0,0,19372,19654,20150,0,0,0,0,10925,11839,12135,0,0,0,0,8447,7815,8015
3011,Uganda,800,Lowermiddleincomecountries,1501,66037,62632,64112,61994,64400,64887,59128,33617,30838,30650,29103,29963,29830,26916,32420,31794,33462,32891,34437,35057,32212
3012,UnitedRepublicofTanzania,834,Lowermiddleincomecountries,1501,73861,77309,76551,75121,73535,72449,64544,34455,36669,36181,35758,35054,34963,30969,39406,40640,40370,39363,38481,37486,33575
3013,Zambia,894,Lowermiddleincomecountries,1501,171403,176239,260244,126959,75329,58870,73199,85969,88310,132145,62936,37459,28949,36840,85434,87929,128099,64023,37870,29921,36359
3014,Zimbabwe,716,Lowermiddleincomecountries,1501,18966,22815,26337,29759,30373,30538,31692,11251,13016,15020,17170,17226,17105,17969,7715,9799,11317,12589,13147,13433,13723
3015,MiddleAfrica,911,Lowermiddleincomecountries,1501,718490,556492,645971,573934,595253,655986,726850,366886,294463,338539,299005,319075,354157,389284,351604,262029,307432,274929,276178,301829,337566
3016,Angola,24,Lowermiddleincomecountries,1501,7215,8386,9553,12571,16699,22838,30077,3772,4216,4660,5964,7893,11099,16018,3443,4170,4893,6607,8806,11739,14059
3017,Cameroon,120,Lowermiddleincomecountries,1501,105140,97818,90495,112850,91604,142677,182485,60603,56266,51929,63755,54930,65364,83458,44537,41552,38566,49095,36674,77313,99027
3018,CentralAfricanRepublic,140,Lowermiddleincomecountries,1501,155,169,169,132,131,111,116,87,88,81,62,61,51,54,68,81,88,70,70,60,62
3019,Chad,148,Lowermiddleincomecountries,1501,46529,50554,54578,27770,32888,38079,49648,25118,27258,29398,12595,14730,17305,22300,21411,23296,25180,15175,18158,20774,27348
3020,Congo,178,Lowermiddleincomecountries,1501,22588,33074,52418,36512,63312,84146,83593,12349,17591,27508,19582,37785,48771,48262,10239,15483,24910,16930,25527,35375,35331
3021,DemocraticRepublicoftheCongo,180,Lowermiddleincomecountries,1501,472109,282314,335203,271617,261133,188385,183270,227328,140109,164404,130717,126195,94074,90000,244781,142205,170799,140900,134938,94311,93270
3022,EquatorialGuinea,226,Lowermiddleincomecountries,1501,671,890,1106,1614,2119,2650,3181,407,537,666,986,1305,1645,1978,264,353,440,628,814,1005,1203
3023,Gabon,266,Lowermiddleincomecountries,1501,59365,79388,99307,108398,125425,175379,192941,34764,46463,58414,64191,75273,115049,126501,24601,32925,40893,44207,50152,60330,66440
3024,SaoTomeandPrincipe,678,Lowermiddleincomecountries,1501,4718,3899,3142,2470,1942,1721,1539,2458,1935,1479,1153,903,799,713,2260,1964,1663,1317,1039,922,826
3025,Algeria,12,Lowermiddleincomecountries,1501,36004,33836,31667,25035,27509,29900,31097,19020,18261,17501,13836,14670,15932,16553,16984,15575,14166,11199,12839,13968,14544
3026,Egypt,818,Lowermiddleincomecountries,1501,60336,60019,74468,126752,126343,105465,147072,31477,31558,39152,74389,72183,66236,85495,28859,28461,35316,52363,54160,39229,61577
3027,Libya,434,Lowermiddleincomecountries,1501,179584,215404,254786,280840,308191,345069,371357,94064,127813,165736,200176,220407,245829,268275,85520,87591,89050,80664,87784,99240,103082
3028,Morocco,504,Lowermiddleincomecountries,1501,15829,14524,15298,16225,17633,22737,24975,8372,7578,7859,8223,8889,11415,12866,7457,6946,7439,8002,8744,11322,12109
3029,Sudan,729,Lowermiddleincomecountries,1501,53040,54108,55188,57639,35099,32103,44399,27266,27877,28488,29748,18114,16572,22602,25774,26231,26700,27891,16985,15531,21797
3030,Tunisia,788,Lowermiddleincomecountries,1501,23595,23480,19649,18727,16047,20726,22012,11741,11807,9991,9618,8267,10710,11504,11854,11673,9658,9109,7780,10016,10508
3031,WesternSahara,732,Lowermiddleincomecountries,1501,1228,1364,1503,1778,2053,2365,2477,716,804,894,1080,1264,1476,1546,512,560,609,698,789,889,931
3032,Botswana,72,Lowermiddleincomecountries,1501,11260,17148,24838,52631,69471,75463,80739,6388,9382,13360,30773,39726,43131,46195,4872,7766,11478,21858,29745,32332,34544
3033,Eswatini,748,Lowermiddleincomecountries,1501,298,263,333,435,461,424,427,182,144,137,160,146,124,127,116,119,196,275,315,300,300
3034,Lesotho,426,Lowermiddleincomecountries,1501,1059,925,764,776,788,1123,1477,586,510,421,429,437,636,826,473,415,343,347,351,487,651
3035,Namibia,516,Lowermiddleincomecountries,1501,60426,57776,82119,64872,62731,61428,65856,34683,33323,47045,36992,35802,35109,37671,25743,24453,35074,27880,26929,26319,28185
3036,SouthAfrica,710,Lowermiddleincomecountries,1501,348387,314365,372570,492420,806306,1159550,1181224,246156,202692,213712,273953,441922,624356,649000,102231,111673,158858,218467,364384,535194,532224
3037,Benin,204,Lowermiddleincomecountries,1501,21064,29011,36961,73795,107090,131739,141800,12187,16938,21692,37642,51510,63676,68686,8877,12073,15269,36153,55580,68063,73114
3038,BurkinaFaso,854,Lowermiddleincomecountries,1501,274897,341873,422671,496755,560772,586377,609510,134444,167499,206340,240168,269753,282070,293047,140453,174374,216331,256587,291019,304307,316463
3039,CaboVerde,132,Lowermiddleincomecountries,1501,4391,5645,6898,5526,4149,4309,4547,2109,2801,3498,2744,1987,2057,2177,2282,2844,3400,2782,2162,2252,2370
3040,CotedIvoire,384,Lowermiddleincomecountries,1501,215758,219268,228479,239188,249897,260883,270831,107274,109877,114427,119792,125107,130611,135586,108484,109391,114052,119396,124790,130272,135245
3041,Gambia,270,Lowermiddleincomecountries,1501,74948,92464,115846,112510,117525,121709,136324,40403,48145,58909,56822,59240,61242,68648,34545,44319,56937,55688,58285,60467,67676
3042,Ghana,288,Lowermiddleincomecountries,1501,29438,29338,32817,69226,124563,153283,176051,15194,16502,17144,36725,69149,85077,97905,14244,12836,15673,32501,55414,68206,78146
3043,Guinea,324,Lowermiddleincomecountries,1501,13069,15064,14833,15616,18490,24373,23347,8038,9898,9693,8685,9651,15002,14437,5031,5166,5140,6931,8839,9371,8910
3044,GuineaBissau,624,Lowermiddleincomecountries,1501,5767,17562,9258,10359,11503,12198,9904,2375,8153,4107,4814,5387,5654,4701,3392,9409,5151,5545,6116,6544,5203
3045,Liberia,430,Lowermiddleincomecountries,1501,15607,15246,14965,17745,39405,51540,32558,8756,8530,8319,11026,22876,29592,18975,6851,6716,6646,6719,16529,21948,13583
3046,Mali,466,Lowermiddleincomecountries,1501,85506,102829,87502,132404,184895,228027,275917,43308,53074,46200,68144,91554,112835,137109,42198,49755,41302,64260,93341,115192,138808
3047,Mauritania,478,Lowermiddleincomecountries,1501,97654,40244,41603,42123,29687,21851,23902,52256,20528,23315,24306,17991,13034,14297,45398,19716,18288,17817,11696,8817,9605
3048,Niger,562,Lowermiddleincomecountries,1501,57166,48532,40301,41044,41700,116213,184156,24392,21192,18162,18470,18730,54743,85877,32774,27340,22139,22574,22970,61470,98279
3049,Nigeria,566,Lowermiddleincomecountries,1501,182163,209216,244634,486229,496649,601255,667942,102195,116625,135491,283107,289142,329876,364290,79968,92591,109143,203122,207507,271379,303652
3050,SaintHelena,654,Lowermiddleincomecountries,1501,0,0,0,0,0,0,0,0,0,0,0,0,0,0,0,0,0,0,0,0,0
3051,Senegal,686,Lowermiddleincomecountries,1501,105051,114729,74315,69186,67366,63799,65393,54365,59341,39684,36526,35599,33771,34561,50686,55388,34631,32660,31767,30028,30832
3052,SierraLeone,694,Lowermiddleincomecountries,1501,5051,4922,4795,4731,4733,4723,4905,3232,3100,2970,3372,3190,2893,2851,1819,1822,1825,1359,1543,1830,2054
3053,Togo,768,Lowermiddleincomecountries,1501,49067,60500,82788,114803,144985,158340,159825,25426,30415,41874,58338,70598,75667,76959,23641,30085,40914,56465,74387,82673,82866
3054,Kazakhstan,398,Lowermiddleincomecountries,1501,506723,468501,430291,515302,600323,638517,672025,238736,221750,204766,253187,301611,326002,343115,267987,246751,225525,262115,298712,312515,328910
3055,Kyrgyzstan,417,Lowermiddleincomecountries,1501,111969,93294,72027,58441,43963,38721,37696,47025,39119,30040,24237,17972,15697,15284,64944,54175,41987,34204,25991,23024,22412
3056,Tajikistan,762,Lowermiddleincomecountries,1501,46300,33125,22984,22122,22086,21710,21784,20329,15889,11468,11164,11204,10941,10977,25971,17236,11516,10958,10882,10769,10807
3057,Turkmenistan,795,Lowermiddleincomecountries,1501,122947,98132,79556,78505,75981,75517,74955,56043,48401,38017,38002,35282,35376,35700,66904,49731,41539,40503,40699,40141,39255
3058,Uzbekistan,860,Lowermiddleincomecountries,1501,185694,158598,136137,138164,134689,129496,128514,82284,69748,59309,61941,62090,60774,60510,103410,88850,76828,76223,72599,68722,68004
3059,China,156,Lowermiddleincomecountries,1501,295738,309285,324055,344769,356318,369256,377448,149514,154360,160021,189929,209030,223026,227746,146224,154925,164034,154840,147288,146230,149702
3060,DemPeoplesRepublicofKorea,408,Lowermiddleincomecountries,1501,2276,2643,3005,3555,4099,4514,4605,910,1078,1243,1493,1738,1930,1974,1366,1565,1762,2062,2361,2584,2631
3061,Japan,392,Lowermiddleincomecountries,1501,66163,107341,198449,295143,312918,449263,716375,33707,51522,91681,134439,140742,205167,330448,32456,55819,106768,160704,172176,244096,385927
3062,Mongolia,496,Lowermiddleincomecountries,1501,82,87,99,267,471,581,616,60,68,76,225,405,478,512,22,19,23,42,66,103,104
3063,RepublicofKorea,410,Lowermiddleincomecountries,1501,2293,27695,62154,122180,238710,371246,516944,1816,19684,44459,82027,154949,223823,303388,477,8011,17695,40153,83761,147423,213556
3064,BruneiDarussalam,96,Lowermiddleincomecountries,1501,15810,19703,23593,24119,24645,25171,27422,9274,11417,13559,13922,14285,14648,15961,6536,8286,10034,10197,10360,10523,11461
3065,Cambodia,116,Lowermiddleincomecountries,1501,17093,45212,73329,57240,41151,37128,39829,8213,21648,35084,28204,21326,19606,21012,8880,23564,38245,29036,19825,17522,18817
3066,Indonesia,360,Lowermiddleincomecountries,1501,17505,82476,147450,91893,42228,46749,49146,9417,41796,74174,49484,23377,26334,27645,8088,40680,73276,42409,18851,20415,21501
3067,LaoPeoplesDemocraticRepublic,418,Lowermiddleincomecountries,1501,15654,15090,13090,12081,18640,25201,26969,7755,7452,6529,6123,10417,14712,15745,7899,7638,6561,5958,8223,10489,11224
3068,Malaysia,458,Lowermiddleincomecountries,1501,186993,276449,452559,756540,1141158,1725558,1828582,105430,154977,252254,449706,694630,1032814,1116516,81563,121472,200305,306834,446528,692744,712066
3069,Myanmar,104,Lowermiddleincomecountries,1501,47634,44211,40377,34205,31483,30204,31492,27238,24947,22038,18804,17555,16958,17684,20396,19264,18339,15401,13928,13246,13808
3070,Philippines,608,Lowermiddleincomecountries,1501,34878,46927,16473,13321,14994,15138,16085,17106,22544,8877,7279,8674,8769,9349,17772,24383,7596,6042,6320,6369,6736
3071,Singapore,702,Lowermiddleincomecountries,1501,42235,81905,129507,220467,323713,371362,377386,26276,51866,81943,122440,169625,194433,197366,15959,30039,47564,98027,154088,176929,180020
3072,Thailand,764,Lowermiddleincomecountries,1501,503168,783843,1226217,2133139,3136535,3365233,3522595,267058,409210,626681,1061498,1566062,1674361,1750368,236110,374633,599536,1071641,1570473,1690872,1772227
3073,TimorLeste,626,Lowermiddleincomecountries,1501,1046,1124,1213,1305,1349,960,942,549,568,588,669,731,624,617,497,556,625,636,618,336,325
3074,VietNam,704,Lowermiddleincomecountries,1501,23681,40364,30211,22348,28048,32064,33803,12838,22193,17428,13389,16233,18480,19493,10843,18171,12783,8959,11815,13584,14310
3075,Afghanistan,4,Lowermiddleincomecountries,1501,10134,19061,27989,38585,49183,269120,102719,5720,10758,15797,21778,27759,138253,50074,4414,8303,12192,16807,21424,130867,52645
3076,Bangladesh,50,Lowermiddleincomecountries,1501,360594,359474,358374,291421,428216,446177,1112181,178913,178151,177397,148362,214789,224322,787797,181681,181323,180977,143059,213427,221855,324384
3077,Bhutan,64,Lowermiddleincomecountries,1501,21249,24964,28681,35947,43212,45609,47884,17588,20662,23738,29672,35605,39046,40969,3661,4302,4943,6275,7607,6563,6915
3078,India,356,Lowermiddleincomecountries,1501,7206455,6684041,6161622,5477664,4954931,4617056,4318297,3772123,3477012,3181901,2692824,2418657,2209199,2027587,3434332,3207029,2979721,2784840,2536274,2407857,2290710
3079,IranIslamicRepublicof,364,Lowermiddleincomecountries,1501,9925,8297,15251,18233,19207,16032,12575,4683,4207,8819,10398,10983,9314,7306,5242,4090,6432,7835,8224,6718,5269
3080,Maldives,462,Lowermiddleincomecountries,1501,7260,16557,24722,41521,49968,58420,63727,3992,8271,13611,24967,38875,52785,57557,3268,8286,11111,16554,11093,5635,6170
3081,Nepal,524,Lowermiddleincomecountries,1501,389124,626651,657869,625723,538225,476400,455919,110868,188082,210405,208489,172664,143211,134498,278256,438569,447464,417234,365561,333189,321421
3082,Pakistan,586,Lowermiddleincomecountries,1501,2822735,2369297,2104270,2001749,1946487,1712255,1599970,1535239,1286031,1138956,1083025,1054832,990511,963947,1287496,1083266,965314,918724,891655,721744,636023
3083,SriLanka,144,Lowermiddleincomecountries,1501,39516,35925,32277,25650,12690,13109,13300,22243,19168,16738,14090,6882,7002,7153,17273,16757,15539,11560,5808,6107,6147
3084,WesternAsia,922,Lowermiddleincomecountries,1501,7872185,9013413,10394116,12766720,19082615,23281838,27025649,4992378,5769888,6715902,8521690,13485310,16479432,19215057,2879807,3243525,3678214,4245030,5597305,6802406,7810592
3085,Armenia,51,Lowermiddleincomecountries,1501,11216,6885,4343,2875,2393,3453,3435,3996,2147,1017,745,681,977,995,7220,4738,3326,2130,1712,2476,2440
3086,Azerbaijan,31,Lowermiddleincomecountries,1501,30947,27163,27374,25977,23783,22686,21647,12664,12087,11964,10902,10482,10272,9819,18283,15076,15410,15075,13301,12414,11828
3087,Bahrain,48,Lowermiddleincomecountries,1501,139959,166053,192627,331618,543791,589548,763846,101961,120371,138543,247415,411129,451243,590485,37998,45682,54084,84203,132662,138305,173361
3088,Cyprus,196,Lowermiddleincomecountries,1501,8047,11386,14708,24290,36953,32974,37692,2811,3676,4541,8695,12253,10809,14053,5236,7710,10167,15595,24700,22165,23639
3089,Georgia,268,Lowermiddleincomecountries,1501,64432,36897,13333,12662,12785,13420,13875,28358,16146,5588,5308,5360,5628,5846,36074,20751,7745,7354,7425,7792,8029
3090,Iraq,368,Lowermiddleincomecountries,1501,26972,88733,108231,46350,30059,28426,28690,19494,53724,74024,33032,22369,20066,19622,7478,35009,34207,13318,7690,8360,9068
3091,Israel,376,Lowermiddleincomecountries,1501,484423,502855,493128,458678,429793,443259,430430,230084,234875,229388,212874,198442,203494,197612,254339,267980,263740,245804,231351,239765,232818
3092,Jordan,400,Lowermiddleincomecountries,1501,1044643,1399523,1754444,1959205,2170680,2225871,2413049,529604,712452,894937,972626,1078399,1121396,1227979,515039,687071,859507,986579,1092281,1104475,1185070
3093,Kuwait,414,Lowermiddleincomecountries,1501,867973,743220,907143,1062551,1485120,2376383,2578712,555797,499442,639850,772609,1103241,1656947,1797762,312176,243778,267293,289942,381879,719436,780950
3094,Lebanon,422,Lowermiddleincomecountries,1501,476954,545748,614552,615918,619953,591167,555133,241810,278707,315598,319528,324733,283154,271083,235144,267041,298954,296390,295220,308013,284050
3095,Oman,512,Lowermiddleincomecountries,1501,277007,474394,538446,584413,724703,1648096,2106783,228493,384400,442064,485874,612562,1431454,1829907,48514,89994,96382,98539,112141,216642,276876
3096,Qatar,634,Lowermiddleincomecountries,1501,88193,103058,102566,467218,1210856,1469163,1973101,71900,83925,83538,377249,1025515,1250940,1653763,16293,19133,19028,89969,185341,218223,319338
3097,SaudiArabia,682,Lowermiddleincomecountries,1501,3007423,3093091,3201791,3962360,5139330,6541732,8171474,2042913,2103591,2180271,2767879,3671384,4604898,5702226,964510,989500,1021520,1194481,1467946,1936834,2469248
3098,StateofPalestine,275,Lowermiddleincomecountries,1501,18770,18345,17915,17869,21138,22021,22389,8381,8138,7898,7902,11221,12136,12532,10389,10207,10017,9967,9917,9885,9857
3099,SyrianArabRepublic,760,Lowermiddleincomecountries,1501,244707,289464,385199,442981,495785,573436,596357,125212,145829,196452,226104,252043,291535,295220,119495,143635,188747,216877,243742,281901,301137
3100,Turkey,792,Lowermiddleincomecountries,1501,8420,14604,21637,22362,23159,25528,33059,4423,7133,10307,10395,10514,11850,13373,3997,7471,11330,11967,12645,13678,19686
3101,UnitedArabEmirates,784,Lowermiddleincomecountries,1501,1060252,1479755,1984670,2716193,6097893,6663307,7264398,777885,1096374,1473470,2055577,4727464,5106756,5566175,282367,383381,511200,660616,1370429,1556551,1698223
3102,Yemen,887,Lowermiddleincomecountries,1501,11847,12239,12009,13200,14441,11368,11579,6592,6871,6452,6976,7518,5877,6605,5255,5368,5557,6224,6923,5491,4974
3103,EasternEurope,923,Lowermiddleincomecountries,1501,6454331,6579296,6556430,6461513,6300155,6657317,7040089,3094717,3172742,3179315,3126194,3040787,3214174,3442515,3359614,3406554,3377115,3335319,3259368,3443143,3597574
3104,Belarus,112,Lowermiddleincomecountries,1501,294249,278902,263598,259902,256249,254046,250323,141379,134678,127984,126157,124356,123346,121543,152870,144224,135614,133745,131893,130700,128780
3105,Bulgaria,100,Lowermiddleincomecountries,1501,3080,4586,6075,8156,10094,11833,19802,1293,1723,2151,2774,3421,4019,8047,1787,2863,3924,5382,6673,7814,11755
3106,Czechia,203,Lowermiddleincomecountries,1501,12695,19029,25389,118633,200247,168384,218685,6969,10685,14405,69556,119892,95407,124663,5726,8344,10984,49077,80355,72977,94022
3107,Hungary,348,Lowermiddleincomecountries,1501,6822,17122,27406,33604,40135,53826,92150,3755,7833,11917,14923,18112,26114,49859,3067,9289,15489,18681,22023,27712,42291
3108,Poland,616,Lowermiddleincomecountries,1501,445176,380799,325754,270189,223135,212542,283890,185226,155061,129698,105012,82536,81132,126072,259950,225738,196056,165177,140599,131410,157818
3109,RepublicofMoldova,498,Lowermiddleincomecountries,1501,248089,167425,112999,78025,56937,43996,43194,108913,71065,46277,31104,22806,17562,17272,139176,96360,66722,46921,34131,26434,25922
3110,Romania,642,Lowermiddleincomecountries,1501,67994,60296,52183,53908,64701,129154,342367,27460,24072,20516,22358,28291,64581,189776,40534,36224,31667,31550,36410,64573,152591
3111,RussianFederation,643,Lowermiddleincomecountries,1501,5000449,5224533,5258979,5194701,5023303,5354088,5351161,2453780,2568720,2591512,2538320,2434496,2592334,2590939,2546669,2655813,2667467,2656381,2588807,2761754,2760222
3112,Slovakia,703,Lowermiddleincomecountries,1501,2946,5127,8771,10121,10994,13704,15825,1238,2055,3454,4240,4542,6372,7631,1708,3072,5317,5881,6452,7332,8194
3113,Ukraine,804,Lowermiddleincomecountries,1501,372831,421477,475276,434274,414360,415744,422692,164704,196850,231401,211750,202335,203307,206713,208127,224627,243875,222524,212025,212437,215979
3114,ChannelIslands,830,Lowermiddleincomecountries,1501,0,0,0,0,0,0,0,0,0,0,0,0,0,0,0,0,0,0,0,0,0
3115,Denmark,208,Lowermiddleincomecountries,1501,30075,39857,49617,63798,72517,85582,102647,16459,20631,24820,31037,34677,39878,47720,13616,19226,24797,32761,37840,45704,54927
3116,Estonia,233,Lowermiddleincomecountries,1501,48393,37735,27085,26737,26402,25271,29684,26045,19699,13349,13022,12714,12478,15822,22348,18036,13736,13715,13688,12793,13862
3117,FaroeIslands,234,Lowermiddleincomecountries,1501,40,44,63,103,146,237,347,21,20,27,39,47,70,100,19,24,36,64,99,167,247
3118,Finland,246,Lowermiddleincomecountries,1501,4510,6554,8577,17947,24134,36492,52544,2900,4105,5312,10848,14489,21059,29594,1610,2449,3265,7099,9645,15433,22950
3119,Iceland,352,Lowermiddleincomecountries,1501,521,1039,1536,2446,3276,3829,5750,210,405,598,981,1339,1597,2489,311,634,938,1465,1937,2232,3261
3120,Ireland,372,Lowermiddleincomecountries,1501,4546,17929,41168,69981,87272,89147,102145,2272,8626,20463,36348,41983,42311,48829,2274,9303,20705,33633,45289,46836,53316
3121,IsleofMan,833,Lowermiddleincomecountries,1501,0,0,0,0,0,0,0,0,0,0,0,0,0,0,0,0,0,0,0,0,0
3122,Latvia,428,Lowermiddleincomecountries,1501,49305,54699,60098,53570,45698,39178,39504,25215,27224,29233,25820,21350,18221,19759,24090,27475,30865,27750,24348,20957,19745
3123,Lithuania,440,Lowermiddleincomecountries,1501,50382,29741,23291,21629,17035,14594,23706,26550,15738,12304,11372,8371,7077,16561,23832,14003,10987,10257,8664,7517,7145
3124,Norway,578,Lowermiddleincomecountries,1501,37799,46593,54002,65624,86441,110008,125767,22076,25243,27543,31781,40500,49806,55944,15723,21350,26459,33843,45941,60202,69823
3125,Sweden,752,Lowermiddleincomecountries,1501,51379,60976,65421,83406,111307,142152,200952,24962,29378,31289,40820,56367,70302,100934,26417,31598,34132,42586,54940,71850,100018
3126,UnitedKingdom,826,Lowermiddleincomecountries,1501,1119130,1301846,1506501,1911645,2362785,2709068,2870434,562470,649228,745218,948364,1199453,1371524,1423083,556660,652618,761283,963281,1163332,1337544,1447351
3127,Albania,8,Lowermiddleincomecountries,1501,0,0,0,0,0,0,0,0,0,0,0,0,0,0,0,0,0,0,0,0,0
3128,Andorra,20,Lowermiddleincomecountries,1501,442,605,768,941,999,895,962,237,319,403,497,527,483,525,205,286,365,444,472,412,437
3129,BosniaandHerzegovina,70,Lowermiddleincomecountries,1501,0,0,0,0,0,0,0,0,0,0,0,0,0,0,0,0,0,0,0,0,0
3130,Croatia,191,Lowermiddleincomecountries,1501,0,0,0,748,1488,1496,1388,0,0,0,243,484,484,448,0,0,0,505,1004,1012,940
3131,Gibraltar,292,Lowermiddleincomecountries,1501,2021,1564,1107,1020,933,996,1006,1538,1135,732,656,581,625,633,483,429,375,364,352,371,373
3132,Greece,300,Lowermiddleincomecountries,1501,61263,78691,97420,120652,149162,140427,117006,34412,43404,52479,70290,91178,83602,56036,26851,35287,44941,50362,57984,56825,60970
3133,HolySee,336,Lowermiddleincomecountries,1501,0,0,0,0,0,0,0,0,0,0,0,0,0,0,0,0,0,0,0,0,0
3134,Italy,380,Lowermiddleincomecountries,1501,481087,646834,812563,1351965,1831094,1908877,2230103,316377,382360,448347,719246,959585,985006,1182874,164710,264474,364216,632719,871509,923871,1047229
3135,Malta,470,Lowermiddleincomecountries,1501,958,1131,1485,1812,2371,3977,8632,500,596,783,945,1110,2080,4851,458,535,702,867,1261,1897,3781
3136,Montenegro,499,Lowermiddleincomecountries,1501,0,0,0,0,135,150,140,0,0,0,0,88,96,92,0,0,0,0,47,54,48
3137,NorthMacedonia,807,Lowermiddleincomecountries,1501,2034,1904,1774,1823,1873,2028,2034,848,795,740,762,783,845,849,1186,1109,1034,1061,1090,1183,1185
3138,Portugal,620,Lowermiddleincomecountries,1501,186311,219152,260913,297657,285000,323080,376951,90925,108463,130818,149683,144022,155041,188070,95386,110689,130095,147974,140978,168039,188881
3139,SanMarino,674,Lowermiddleincomecountries,1501,4,25,48,50,53,65,68,3,2,1,2,3,0,11,1,23,47,48,50,65,57
3140,Serbia,688,Lowermiddleincomecountries,1501,277,1796,2449,2421,2374,2315,2338,84,510,656,630,615,599,609,193,1286,1793,1791,1759,1716,1729
3141,Slovenia,705,Lowermiddleincomecountries,1501,160,335,693,1373,2228,2939,4409,84,145,314,490,805,1131,1860,76,190,379,883,1423,1808,2549
3142,Spain,724,Lowermiddleincomecountries,1501,176578,220694,361488,917875,1480585,1353327,1628422,94215,125532,216097,576075,868394,723812,830015,82363,95162,145391,341800,612191,629515,798407
3143,Austria,40,Lowermiddleincomecountries,1501,50696,57201,63688,70599,78404,87848,105614,26892,30772,34659,37646,41021,44664,53364,23804,26429,29029,32953,37383,43184,52250
3144,Belgium,56,Lowermiddleincomecountries,1501,385936,354357,311795,274508,309964,380988,430690,204611,188250,164212,142811,161973,197918,220245,181325,166107,147583,131697,147991,183070,210445
3145,France,250,Lowermiddleincomecountries,1501,2403387,2481179,2558948,3317008,3458467,3835826,4222294,1324201,1348348,1372493,1692457,1814099,1961177,2163403,1079186,1132831,1186455,1624551,1644368,1874649,2058891
3146,Germany,276,Lowermiddleincomecountries,1501,384602,515806,646992,773675,873830,897285,1294966,245284,293548,341809,397959,442584,451795,642998,139318,222258,305183,375716,431246,445490,651968
3147,Liechtenstein,438,Lowermiddleincomecountries,1501,3,6,11,68,235,293,334,1,1,2,24,107,131,131,2,5,9,44,128,162,203
3148,Luxembourg,442,Lowermiddleincomecountries,1501,2265,2390,2551,2207,1903,2897,24687,1045,1056,1077,1012,959,1483,11976,1220,1334,1474,1195,944,1414,12711
3149,Monaco,492,Lowermiddleincomecountries,1501,0,0,0,0,0,0,0,0,0,0,0,0,0,0,0,0,0,0,0,0,0
3150,Netherlands,528,Lowermiddleincomecountries,1501,181882,220022,265435,297936,301032,319644,365999,103182,122832,146317,159577,157603,163873,186112,78700,97190,119118,138359,143429,155771,179887
3151,Switzerland,756,Lowermiddleincomecountries,1501,91532,107867,124648,143831,164529,183321,210088,48218,57074,66291,72762,78907,86904,98860,43314,50793,58357,71069,85622,96417,111228
3152,Anguilla,660,Lowermiddleincomecountries,1501,0,0,0,0,0,0,0,0,0,0,0,0,0,0,0,0,0,0,0,0,0
3153,AntiguaandBarbuda,28,Lowermiddleincomecountries,1501,99,120,137,149,157,167,167,47,58,66,71,75,81,85,52,62,71,78,82,86,82
3154,Aruba,533,Lowermiddleincomecountries,1501,275,632,988,1191,1373,1441,1608,199,385,572,654,725,759,833,76,247,416,537,648,682,775
3155,Bahamas,44,Lowermiddleincomecountries,1501,352,466,586,1306,2017,2185,2320,191,247,312,701,1088,1172,1254,161,219,274,605,929,1013,1066
3156,Barbados,52,Lowermiddleincomecountries,1501,441,481,522,480,441,463,467,222,246,271,242,215,226,229,219,235,251,238,226,237,238
3157,BritishVirginIslands,92,Lowermiddleincomecountries,1501,20,24,27,31,35,40,45,11,13,14,16,18,21,24,9,11,13,15,17,19,21
3158,CaymanIslands,136,Lowermiddleincomecountries,1501,1119,1392,2009,3111,4500,4893,5453,542,678,977,1527,2210,2403,2693,577,714,1032,1584,2290,2490,2760
3159,Cuba,192,Lowermiddleincomecountries,1501,2411,1827,1203,892,633,430,286,948,671,385,290,206,140,92,1463,1156,818,602,427,290,194
3160,CuraÃao,531,Lowermiddleincomecountries,1501,0,0,0,0,588,637,742,0,0,0,0,362,393,465,0,0,0,0,226,244,277
3161,Dominica,212,Lowermiddleincomecountries,1501,28,37,44,54,67,78,77,13,17,20,26,31,36,37,15,20,24,28,36,42,40
3162,DominicanRepublic,214,Lowermiddleincomecountries,1501,2656,2955,3245,2436,1631,1693,1753,1457,1587,1715,1280,842,882,913,1199,1368,1530,1156,789,811,840
3163,Grenada,308,Lowermiddleincomecountries,1501,0,0,0,0,0,0,0,0,0,0,0,0,0,0,0,0,0,0,0,0,0
3164,Guadeloupe,312,Lowermiddleincomecountries,1501,154,206,257,300,343,328,323,75,98,120,138,157,142,139,79,108,137,162,186,186,184
3165,Haiti,332,Lowermiddleincomecountries,1501,0,0,0,0,0,0,0,0,0,0,0,0,0,0,0,0,0,0,0,0,0
3166,Jamaica,388,Lowermiddleincomecountries,1501,1119,1392,1663,1621,1577,1542,1567,570,759,947,927,907,887,904,549,633,716,694,670,655,663
3167,Martinique,474,Lowermiddleincomecountries,1501,45,68,91,95,99,114,113,22,32,41,42,42,46,46,23,36,50,53,57,68,67
3168,Montserrat,500,Lowermiddleincomecountries,1501,0,0,0,0,0,0,0,0,0,0,0,0,0,0,0,0,0,0,0,0,0
3169,PuertoRico,630,Lowermiddleincomecountries,1501,2086,2140,2212,2294,2093,1832,908,989,1018,1052,1090,982,856,426,1097,1122,1160,1204,1111,976,482
3170,SaintBarthelemy,652,Lowermiddleincomecountries,1501,0,0,0,0,0,0,0,0,0,0,0,0,0,0,0,0,0,0,0,0,0
3171,SaintKittsandNevis,659,Lowermiddleincomecountries,1501,0,0,0,0,0,0,0,0,0,0,0,0,0,0,0,0,0,0,0,0,0
3172,SaintLucia,662,Lowermiddleincomecountries,1501,88,109,160,262,348,330,316,52,62,91,141,183,175,168,36,47,69,121,165,155,148
3173,SaintMartinFrenchpart,663,Lowermiddleincomecountries,1501,0,0,0,0,0,0,0,0,0,0,0,0,0,0,0,0,0,0,0,0,0
3174,SaintVincentandtheGrenadines,670,Lowermiddleincomecountries,1501,0,0,0,0,0,0,0,0,0,0,0,0,0,0,0,0,0,0,0,0,0
3175,SintMaartenDutchpart,534,Lowermiddleincomecountries,1501,0,0,0,411,801,834,880,0,0,0,400,776,794,839,0,0,0,11,25,40,41
3176,TrinidadandTobago,780,Lowermiddleincomecountries,1501,1226,1112,1071,1148,1745,1807,2004,642,583,595,638,1009,1058,1297,584,529,476,510,736,749,707
3177,TurksandCaicosIslands,796,Lowermiddleincomecountries,1501,0,0,0,0,0,0,0,0,0,0,0,0,0,0,0,0,0,0,0,0,0
3178,UnitedStatesVirginIslands,850,Lowermiddleincomecountries,1501,0,0,0,0,0,0,0,0,0,0,0,0,0,0,0,0,0,0,0,0,0
3179,CentralAmerica,916,Lowermiddleincomecountries,1501,1033224,494593,345962,396389,447585,475634,583206,501695,238565,168048,189726,209183,222051,282332,531529,256028,177914,206663,238402,253583,300874
3180,Belize,84,Lowermiddleincomecountries,1501,9732,11048,12364,13761,15339,18088,20519,5386,5875,6367,7047,7861,9217,10459,4346,5173,5997,6714,7478,8871,10060
3181,CostaRica,188,Lowermiddleincomecountries,1501,158707,160518,242590,277033,306482,310912,373258,79391,81303,120621,135231,144485,145578,184640,79316,79215,121969,141802,161997,165334,188618
3182,ElSalvador,222,Lowermiddleincomecountries,1501,19875,17033,14188,16512,18830,19634,19969,8791,7581,6371,7490,8606,8988,9146,11084,9452,7817,9022,10224,10646,10823
3183,Guatemala,320,Lowermiddleincomecountries,1501,245300,134116,22928,27313,31693,34751,39239,106200,57445,8689,9800,10911,12440,13840,139100,76671,14239,17513,20782,22311,25399
3184,Honduras,340,Lowermiddleincomecountries,1501,257840,135191,12566,12308,12048,16921,17319,130343,68136,5931,5886,5842,8223,8414,127497,67055,6635,6422,6206,8698,8905
3185,Mexico,484,Lowermiddleincomecountries,1501,309190,14804,17891,21358,27295,34633,66057,155103,7119,8300,10172,13236,16893,31441,154087,7685,9591,11186,14059,17740,34616
3186,Nicaragua,558,Lowermiddleincomecountries,1501,22831,11836,12441,13299,14260,15374,16173,11417,5917,6153,6530,7040,7631,7985,11414,5919,6288,6769,7220,7743,8188
3187,Panama,591,Lowermiddleincomecountries,1501,9749,10047,10994,14805,21638,25321,30672,5064,5189,5616,7570,11202,13081,16407,4685,4858,5378,7235,10436,12240,14265
3188,Argentina,32,Lowermiddleincomecountries,1501,154873,196517,238164,304472,368858,425357,429491,79472,100454,121450,152570,182737,210599,213999,75401,96063,116714,151902,186121,214758,215492
3189,BoliviaPlurinationalStateof,68,Lowermiddleincomecountries,1501,641,750,832,903,952,1144,1213,335,370,403,442,482,569,623,306,380,429,461,470,575,590
3190,Brazil,76,Lowermiddleincomecountries,1501,26894,29571,32244,42418,55510,71285,88620,15135,16463,17789,23006,29995,40242,53916,11759,13108,14455,19412,25515,31043,34704
3191,Chile,152,Lowermiddleincomecountries,1501,7277,8926,10568,17859,25143,53244,128782,3455,4122,4849,8357,11864,26050,57194,3822,4804,5719,9502,13279,27194,71588
3192,Colombia,170,Lowermiddleincomecountries,1501,1196,1235,1272,1237,1604,2067,2601,579,622,663,667,840,1052,1301,617,613,609,570,764,1015,1300
3193,Ecuador,218,Lowermiddleincomecountries,1501,1409,1585,1755,2106,3342,4168,4365,750,844,938,1139,1780,2179,2520,659,741,817,967,1562,1989,1845
3194,FalklandIslandsMalvinas,238,Lowermiddleincomecountries,1501,0,0,0,0,0,0,0,0,0,0,0,0,0,0,0,0,0,0,0,0,0
3195,FrenchGuiana,254,Lowermiddleincomecountries,1501,1015,1004,993,936,879,1209,1358,540,515,491,451,413,614,690,475,489,502,485,466,595,668
3196,Guyana,328,Lowermiddleincomecountries,1501,0,0,0,0,0,0,0,0,0,0,0,0,0,0,0,0,0,0,0,0,0
3197,Paraguay,600,Lowermiddleincomecountries,1501,809,976,1140,1086,1034,1009,1092,420,508,590,563,535,522,567,389,468,550,523,499,487,525
3198,Peru,604,Lowermiddleincomecountries,1501,4409,4423,5175,6080,8539,19381,33017,2042,2014,2357,2798,4190,10950,17534,2367,2409,2818,3282,4349,8431,15483
3199,Suriname,740,Lowermiddleincomecountries,1501,0,0,0,0,0,0,0,0,0,0,0,0,0,0,0,0,0,0,0,0,0
3200,Uruguay,858,Lowermiddleincomecountries,1501,0,0,0,0,0,0,0,0,0,0,0,0,0,0,0,0,0,0,0,0,0
3201,VenezuelaBolivarianRepublicof,862,Lowermiddleincomecountries,1501,9641,8593,7684,7738,7902,8115,7626,4823,4274,3792,3854,3967,4022,3734,4818,4319,3892,3884,3935,4093,3892
3202,Bermuda,60,Lowermiddleincomecountries,1501,303,459,704,1144,1650,1885,2437,175,249,354,603,912,1080,1292,128,210,350,541,738,805,1145
3203,Canada,124,Lowermiddleincomecountries,1501,679492,942590,1228099,1598801,1964845,2441981,2646046,330798,456146,592443,767598,948508,1169429,1267241,348694,486444,635656,831203,1016337,1272552,1378805
3204,Greenland,304,Lowermiddleincomecountries,1501,1,5,6,9,50,130,127,1,0,0,2,18,51,49,0,5,6,7,32,79,78
3205,SaintPierreandMiquelon,666,Lowermiddleincomecountries,1501,0,0,0,0,0,0,0,0,0,0,0,0,0,0,0,0,0,0,0,0,0
3206,UnitedStatesofAmerica,840,Lowermiddleincomecountries,1501,3544241,5003385,6491137,7693439,9163279,11110746,12313458,1708275,2459039,3228683,3759967,4410860,5313599,5867366,1835966,2544346,3262454,3933472,4752419,5797147,6446092
3207,Australia,36,Lowermiddleincomecountries,1501,494323,561072,601170,754876,1135690,1477590,1809711,241253,269908,286915,366779,575708,741764,911331,253070,291164,314255,388097,559982,735826,898380
3208,NewZealand,554,Lowermiddleincomecountries,1501,27193,36264,56549,92978,126067,157146,261210,13267,17135,27496,45136,61073,75998,126330,13926,19129,29053,47842,64994,81148,134880
3209,Melanesia,928,Lowermiddleincomecountries,1501,17084,18052,18119,18316,18472,16482,17026,8985,9597,9697,10060,10188,8800,9073,8099,8455,8422,8256,8284,7682,7953
3210,Fiji,242,Lowermiddleincomecountries,1501,5631,5593,5534,5558,5967,6144,6283,2777,2804,2810,2934,3189,3315,3393,2854,2789,2724,2624,2778,2829,2890
3211,NewCaledonia,540,Lowermiddleincomecountries,1501,6187,7169,8155,8690,9228,7094,7524,3314,3785,4267,4564,4869,3352,3547,2873,3384,3888,4126,4359,3742,3977
3212,PapuaNewGuinea,598,Lowermiddleincomecountries,1501,2876,2942,2199,2379,2015,2042,2042,1675,1792,1465,1665,1431,1465,1477,1201,1150,734,714,584,577,565
3213,SolomonIslands,90,Lowermiddleincomecountries,1501,2257,2233,2130,1558,1086,1015,987,1164,1154,1103,831,610,573,559,1093,1079,1027,727,476,442,428
3214,Vanuatu,548,Lowermiddleincomecountries,1501,133,115,101,131,176,187,190,55,62,52,66,89,95,97,78,53,49,65,87,92,93
3215,Micronesia,954,Lowermiddleincomecountries,1501,46521,54093,61717,63538,59293,57808,60521,26074,29351,32419,32924,30632,29881,31178,20447,24742,29298,30614,28661,27927,29343
3216,Guam,316,Lowermiddleincomecountries,1501,27841,33890,39937,39931,39924,40282,42618,14506,17271,20035,20321,20608,20779,21979,13335,16619,19902,19610,19316,19503,20639
3217,Kiribati,296,Lowermiddleincomecountries,1501,0,0,0,0,0,0,0,0,0,0,0,0,0,0,0,0,0,0,0,0,0
3218,MarshallIslands,584,Lowermiddleincomecountries,1501,306,444,608,778,996,1058,1062,165,260,363,450,582,618,621,141,184,245,328,414,440,441
3219,MicronesiaFedStatesof,583,Lowermiddleincomecountries,1501,170,154,143,133,128,125,127,97,98,80,73,70,68,70,73,56,63,60,58,57,57
3220,Nauru,520,Lowermiddleincomecountries,1501,1323,1223,1124,1059,425,369,513,651,602,553,523,276,218,329,672,621,571,536,149,151,184
3221,NorthernMarianaIslands,580,Lowermiddleincomecountries,1501,15146,15446,16687,17993,14128,12655,12769,9545,9390,9454,9495,6901,6153,6204,5601,6056,7233,8498,7227,6502,6565
3222,Palau,585,Lowermiddleincomecountries,1501,1735,2936,3218,3644,3692,3319,3432,1110,1730,1934,2062,2195,2045,1975,625,1206,1284,1582,1497,1274,1457
3223,Polynesia,957,Lowermiddleincomecountries,1501,1632,2010,2387,2688,2837,2669,2647,927,1135,1329,1499,1591,1498,1491,705,875,1058,1189,1246,1171,1156
3224,AmericanSamoa,16,Lowermiddleincomecountries,1501,380,622,864,1097,1329,1326,1328,218,348,479,607,734,729,731,162,274,385,490,595,597,597
3225,CookIslands,184,Lowermiddleincomecountries,1501,10,11,11,14,17,17,18,5,6,6,6,6,6,6,5,5,5,8,11,11,12
3226,FrenchPolynesia,258,Lowermiddleincomecountries,1501,827,907,971,1015,980,929,929,518,560,591,621,611,579,579,309,347,380,394,369,350,350
3227,Niue,570,Lowermiddleincomecountries,1501,0,0,0,0,0,0,0,0,0,0,0,0,0,0,0,0,0,0,0,0,0
3228,Samoa,882,Lowermiddleincomecountries,1501,60,86,115,106,94,76,66,27,39,51,46,41,32,31,33,47,64,60,53,44,35
3229,Tokelau,772,Lowermiddleincomecountries,1501,0,0,0,0,0,0,0,0,0,0,0,0,0,0,0,0,0,0,0,0,0
3230,Tonga,776,Lowermiddleincomecountries,1501,140,158,177,206,220,188,177,67,78,90,106,114,98,93,73,80,87,100,106,90,84
3231,Tuvalu,798,Lowermiddleincomecountries,1501,63,61,54,53,59,61,62,13,19,13,13,15,16,12,50,42,41,40,44,45,50
3232,WallisandFutunaIslands,876,Lowermiddleincomecountries,1501,152,165,195,197,138,72,67,79,85,99,100,70,38,39,73,80,96,97,68,34,28
3233,Developedregions,901,Lowincomecountries,1500,1752402,2153107,2561978,3341690,4024006,5270139,7107812,911813,1140595,1373536,1772159,2101230,2758596,3815162,840589,1012512,1188442,1569531,1922776,2511543,3292650
3234,Lessdevelopedregions,902,Lowincomecountries,1500,19390046,16806376,15440917,15263933,17694610,26129808,30311860,10436580,9044910,8421222,8533112,9837778,14330148,16697058,8953466,7761466,7019695,6730821,7856832,11799660,13614802
3235,Leastdevelopedcountries,941,Lowincomecountries,1500,6970957,7150510,5101023,4711707,4654321,7127757,9218618,3539292,3617681,2594151,2470530,2342280,3588621,4607074,3431665,3532829,2506872,2241177,2312041,3539136,4611544
3236,LandlockedDevelopingCountriesLLDC,1636,Lowincomecountries,1500,4037108,2606368,2381786,2671117,2891256,4661418,5740288,2083112,1349094,1218239,1342240,1458498,2340921,2831393,1953996,1257274,1163547,1328877,1432758,2320497,2908895
3237,SmallislanddevelopingStatesSIDS,1637,Lowincomecountries,1500,252573,280553,309108,366420,436581,607696,642263,160997,176172,191589,223704,263455,385204,407831,91576,104381,117519,142716,173126,222492,234432
3238,Highincomecountries,1503,Lowincomecountries,1500,2586544,3071065,3605879,4640985,5974273,7817281,10493994,1491840,1756196,2050853,2633909,3432050,4445404,6035998,1094704,1314869,1555026,2007076,2542223,3371877,4457996
3239,Middleincomecountries,1517,Lowincomecountries,1500,12436995,10111059,10500918,10366885,11732461,17340438,18737963,6748304,5503475,5770502,5866603,6488548,9505832,10409819,5688691,4607584,4730416,4500282,5243913,7834606,8328144
3240,Uppermiddleincomecountries,1502,Lowincomecountries,1500,5322475,4056530,3587583,3941896,4580350,9664597,10811121,3000668,2305969,2077442,2299674,2697641,5510314,6217736,2321807,1750561,1510141,1642222,1882709,4154283,4593385
3241,Lowermiddleincomecountries,1501,Lowincomecountries,1500,7114520,6054529,6913335,6424989,7152111,7675841,7926842,3747636,3197506,3693060,3566929,3790907,3995518,4192083,3366884,2857023,3220275,2858060,3361204,3680323,3734759
3242,Lowincomecountries,1500,Lowincomecountries,1500,6090345,5743487,3855948,3548935,3955800,6181088,8121431,3092701,2908246,1953442,1781362,1992314,3109575,4036233,2997644,2835241,1902506,1767573,1963486,3071513,4085198
3243,Burundi,108,Lowincomecountries,1500,260430,203190,105315,161008,203136,241022,277210,127633,98968,51200,79206,100311,119149,137104,132797,104222,54115,81802,102825,121873,140106
3244,Comoros,174,Lowincomecountries,1500,10810,10701,10595,10142,9689,9651,9605,5007,4929,4851,4688,4521,4539,4519,5803,5772,5744,5454,5168,5112,5086
3245,Djibouti,262,Lowincomecountries,1500,114910,93804,94491,86600,96189,105985,112876,60168,49147,49561,48096,50265,55517,59033,54742,44657,44930,38504,45924,50468,53843
3246,Eritrea,232,Lowincomecountries,1500,9628,9346,9060,11992,11630,10881,9495,5014,4925,4838,6502,6362,6044,5341,4614,4421,4222,5490,5268,4837,4154
3247,Ethiopia,231,Lowincomecountries,1500,1125053,763489,546660,466991,540569,1086035,1058284,591338,398222,281426,242740,284498,560368,524750,533715,365267,265234,224251,256071,525667,533534
3248,Kenya,404,Lowincomecountries,1500,129950,438346,584689,670178,856431,1007287,946034,68571,224791,290999,346729,424230,502161,476566,61379,213555,293690,323449,432201,505126,469468
3249,Madagascar,450,Lowincomecountries,1500,0,0,0,0,0,0,0,0,0,0,0,0,0,0,0,0,0,0,0,0,0
3250,Malawi,454,Lowincomecountries,1500,1079913,74421,71648,68456,71550,71431,84365,528784,39181,37626,35857,37444,37183,44983,551129,35240,34022,32599,34106,34248,39382
3251,Mauritius,480,Lowincomecountries,1500,56,242,563,1236,1979,2277,2301,22,174,409,691,1038,1247,1261,34,68,154,545,941,1030,1040
3252,Mayotte,175,Lowincomecountries,1500,1086,2061,3669,4755,5230,5850,8017,507,1053,1789,2308,2480,2707,3710,579,1008,1880,2447,2750,3143,4307
3253,Mozambique,508,Lowincomecountries,1500,25905,35631,41445,56908,65125,75532,82489,14212,19620,22216,28142,32097,37137,40949,11693,16011,19229,28766,33028,38395,41540
3254,Reunion,638,Lowincomecountries,1500,3339,7218,11431,14218,16210,16763,17363,1793,3561,5468,6769,7678,7899,8182,1546,3657,5963,7449,8532,8864,9181
3255,Rwanda,646,Lowincomecountries,1500,123025,175701,298768,359909,365136,460440,459781,62417,89829,150803,180410,183320,228311,231538,60608,85872,147965,179499,181816,232129,228243
3256,Seychelles,690,Lowincomecountries,1500,50,297,546,671,799,893,906,18,35,52,335,618,703,716,32,262,494,336,181,190,190
3257,Somalia,706,Lowincomecountries,1500,460000,18044,555,1166,26220,19558,35085,234861,9490,293,618,13375,9831,18658,225139,8554,262,548,12845,9727,16427
3258,SouthSudan,728,Lowincomecountries,1500,0,0,0,0,208753,821808,859378,0,0,0,0,106802,417516,429641,0,0,0,0,101951,404292,429737
3259,Uganda,800,Lowincomecountries,1500,454385,522005,513073,524453,421602,779307,1654689,237150,266012,256237,259230,208135,382209,797216,217235,255993,256836,265223,213467,397098,857473
3260,UnitedRepublicofTanzania,834,Lowincomecountries,1500,491917,1018043,860039,681024,223287,264796,319541,244455,504617,438632,442991,112447,131665,160752,247462,513426,421407,238033,110840,133131,158789
3261,Zambia,894,Lowincomecountries,1500,86394,50155,73741,95507,47079,49970,82732,45633,27148,37633,49991,23843,25350,43293,40761,23007,36108,45516,23236,24620,39439
3262,Zimbabwe,716,Lowincomecountries,1500,552473,334267,290827,247613,221480,222689,231414,308757,190697,165850,141078,126448,125590,131667,243716,143570,124977,106535,95032,97099,99747
3263,MiddleAfrica,911,Lowincomecountries,1500,483867,1815287,785286,1061346,1206629,1839818,2124029,241537,907282,396543,536650,602719,929084,1074403,242330,908005,388743,524696,603910,910734,1049626
3264,Angola,24,Lowincomecountries,1500,12464,15351,18235,25693,32598,86371,111983,6555,7751,8948,12240,15259,41003,66469,5909,7600,9287,13453,17339,45368,45514
3265,Cameroon,120,Lowincomecountries,1500,95527,88874,82221,117311,180568,336902,367686,47150,43740,40330,63196,95275,172894,188459,48377,45134,41891,54115,85293,164008,179227
3266,CentralAfricanRepublic,140,Lowincomecountries,1500,45633,61125,71305,55655,54660,47088,52076,24186,32024,37062,28970,28471,24362,26671,21447,29101,34243,26685,26189,22726,25405
3267,Chad,148,Lowincomecountries,1500,20308,30876,41443,313428,371197,411967,478193,10963,16643,22322,142189,166287,189011,216519,9345,14233,19121,171239,204910,222956,261674
3268,Congo,178,Lowincomecountries,1500,86596,142166,235816,268063,330946,275103,273313,41271,69809,116875,145298,176222,148304,146639,45325,72357,118941,122765,154724,126799,126674
3269,DemocraticRepublicoftheCongo,180,Lowincomecountries,1500,190897,1433606,282190,222341,168501,587149,736038,91893,711314,138403,109050,79359,289923,359748,99004,722292,143787,113291,89142,297226,376290
3270,EquatorialGuinea,226,Lowincomecountries,1500,0,0,0,0,0,0,0,0,0,0,0,0,0,0,0,0,0,0,0,0,0
3271,Gabon,266,Lowincomecountries,1500,32199,43061,53863,58688,68028,95122,104638,19303,25803,32424,35566,41735,63492,69814,12896,17258,21439,23122,26293,31630,34824
3272,SaoTomeandPrincipe,678,Lowincomecountries,1500,243,228,213,167,131,116,102,216,198,179,141,111,95,84,27,30,34,26,20,21,18
3273,Algeria,12,Lowincomecountries,1500,16196,17402,18606,14708,16159,20872,23004,9084,9806,10526,8321,8838,11340,12470,7112,7596,8080,6387,7321,9532,10534
3274,Egypt,818,Lowincomecountries,1500,28491,29560,32974,56754,82042,177636,270876,15860,16434,18311,33901,47410,100205,137557,12631,13126,14663,22853,34632,77431,133319
3275,Libya,434,Lowincomecountries,1500,79124,103908,130413,143691,158538,179255,190874,43613,64113,86606,104078,115134,129633,137760,35511,39795,43807,39613,43404,49622,53114
3276,Morocco,504,Lowincomecountries,1500,2072,1902,2004,2127,2310,3586,4737,1096,993,1030,1079,1165,1802,2445,976,909,974,1048,1145,1784,2292
3277,Sudan,729,Lowincomecountries,1500,1312506,961285,711024,446946,552472,563947,1300895,649916,478246,356068,226744,280339,282679,645340,662590,483039,354956,220202,272133,281268,655555
3278,Tunisia,788,Lowincomecountries,1500,575,575,667,638,1600,2224,2440,287,290,340,328,824,1153,1282,288,285,327,310,776,1071,1158
3279,WesternSahara,732,Lowincomecountries,1500,1212,1346,1483,1754,2026,2334,2439,626,705,787,955,1124,1319,1381,586,641,696,799,902,1015,1058
3280,Botswana,72,Lowincomecountries,1500,1818,2868,4219,5313,3534,3836,4095,1042,1614,2356,2936,2124,2306,2469,776,1254,1863,2377,1410,1530,1626
3281,Eswatini,748,Lowincomecountries,1500,46216,18593,13866,12367,11957,11483,11973,25902,10736,8403,7217,7094,6805,7075,20314,7857,5463,5150,4863,4678,4898
3282,Lesotho,426,Lowincomecountries,1500,268,232,189,191,193,274,360,154,134,110,111,112,163,212,114,98,79,80,81,111,148
3283,Namibia,516,Lowincomecountries,1500,8783,8392,7810,6387,6302,6161,7200,4425,4258,3968,3240,3204,3144,3678,4358,4134,3842,3147,3098,3017,3522
3284,SouthAfrica,710,Lowincomecountries,1500,387135,358690,286912,398363,667399,660582,637856,270680,243414,207245,275796,454679,401626,414152,116455,115276,79667,122567,212720,258956,223704
3285,Benin,204,Lowincomecountries,1500,47604,65565,83528,148134,168255,194253,209096,23914,33352,42792,66965,75006,87624,94549,23690,32213,40736,81169,93249,106629,114547
3286,BurkinaFaso,854,Lowincomecountries,1500,51982,93903,63308,60965,68823,71965,66310,22119,41612,27048,25804,28944,30265,27396,29863,52291,36260,35161,39879,41700,38914
3287,CaboVerde,132,Lowincomecountries,1500,685,1031,1371,3327,5278,5481,5816,377,584,788,1844,2897,3000,3177,308,447,583,1483,2381,2481,2639
3288,CotedIvoire,384,Lowincomecountries,1500,1573821,1814130,1869219,1956843,2044468,2133826,2212550,889366,1017332,1048123,1097259,1146036,1196147,1240271,684455,796798,821096,859584,898432,937679,972279
3289,Gambia,270,Lowincomecountries,1500,39735,54182,61352,64170,62922,65246,73073,23737,31294,35013,36266,35638,36903,41356,15998,22888,26339,27904,27284,28343,31717
3290,Ghana,288,Lowincomecountries,1500,121441,209614,143206,203304,159500,195355,224405,61295,103690,72735,106185,86532,105992,121988,60146,105924,70471,97119,72968,89363,102417
3291,Guinea,324,Lowincomecountries,1500,381204,748672,531131,172101,105423,66503,63901,187508,369596,260402,80013,48743,37898,36547,193696,379076,270729,92088,56680,28605,27354
3292,GuineaBissau,624,Lowincomecountries,1500,8123,8247,8370,8026,7680,8143,5923,4579,4591,4606,4309,4012,4218,3137,3544,3656,3764,3717,3668,3925,2786
3293,Liberia,430,Lowincomecountries,1500,47082,162849,108683,55333,51197,50739,46699,27759,86787,59136,30597,28482,28040,25760,19323,76062,49547,24736,22715,22699,20939
3294,Mali,466,Lowincomecountries,1500,49343,46665,43509,57442,94208,116189,136225,24989,23693,22207,29270,50218,61885,72651,24354,22972,21302,28172,43990,54304,63574
3295,Mauritania,478,Lowincomecountries,1500,11033,46173,12195,12368,8735,109556,120166,3979,24899,5855,6187,4677,62210,68397,7054,21274,6340,6181,4058,47346,51769
3296,Niger,562,Lowincomecountries,1500,48039,87380,71969,73299,74455,124950,149107,25491,43330,34879,35479,35990,60150,70480,22548,44050,37090,37820,38465,64800,78627
3297,Nigeria,566,Lowincomecountries,1500,117393,152321,193343,384278,392516,475187,509173,65862,84912,107085,223750,228519,260711,277701,51531,67409,86258,160528,163997,214476,231472
3298,SaintHelena,654,Lowincomecountries,1500,0,0,0,0,0,0,0,0,0,0,0,0,0,0,0,0,0,0,0,0,0
3299,Senegal,686,Lowincomecountries,1500,113909,119674,109780,118008,131348,140955,145721,60448,63115,60410,64691,72689,77939,80422,53461,56559,49370,53317,58659,63016,65299
3300,SierraLeone,694,Lowincomecountries,1500,212051,88648,88293,138799,71969,51807,46677,116988,50224,48705,71625,38812,28773,26292,95063,38424,39588,67174,33157,23034,20385
3301,Togo,768,Lowincomecountries,1500,22145,27567,39163,67260,87510,94700,95554,12534,15665,21422,34623,47499,52511,53290,9611,11902,17741,32637,40011,42189,42264
3302,Kazakhstan,398,Lowincomecountries,1500,24890,40876,56861,64824,72785,77416,81473,11915,19886,27857,32635,37411,40407,42528,12975,20990,29004,32189,35374,37009,38945
3303,Kyrgyzstan,417,Lowincomecountries,1500,6841,14369,11217,3974,4520,3982,3875,2883,6432,5481,1875,2111,1848,1800,3958,7937,5736,2099,2409,2134,2075
3304,Tajikistan,762,Lowincomecountries,1500,8760,12471,17310,12819,12787,12570,12607,3848,5641,7956,5793,5809,5654,5671,4912,6830,9354,7026,6978,6916,6936
3305,Turkmenistan,795,Lowincomecountries,1500,1777,24642,17262,12897,3746,1709,1663,872,10621,7440,5561,1692,855,831,905,14021,9822,7336,2054,854,832
3306,Uzbekistan,860,Lowincomecountries,1500,4971,8292,32002,42216,11945,11496,11408,2443,4119,13793,18198,6208,6060,6030,2528,4173,18209,24018,5737,5436,5378
3307,China,156,Lowincomecountries,1500,0,0,0,0,0,0,0,0,0,0,0,0,0,0,0,0,0,0,0,0,0
3308,DemPeoplesRepublicofKorea,408,Lowincomecountries,1500,0,0,0,0,0,0,0,0,0,0,0,0,0,0,0,0,0,0,0,0,0
3309,Japan,392,Lowincomecountries,1500,0,0,0,0,0,0,0,0,0,0,0,0,0,0,0,0,0,0,0,0,0
3310,Mongolia,496,Lowincomecountries,1500,51,56,62,271,512,633,678,24,29,33,192,382,428,460,27,27,29,79,130,205,218
3311,RepublicofKorea,410,Lowincomecountries,1500,0,0,0,0,0,0,0,0,0,0,0,0,0,0,0,0,0,0,0,0,0
3312,BruneiDarussalam,96,Lowincomecountries,1500,0,0,0,0,0,0,0,0,0,0,0,0,0,0,0,0,0,0,0,0,0
3313,Cambodia,116,Lowincomecountries,1500,20,53,85,66,47,42,43,12,32,51,40,29,26,27,8,21,34,26,18,16,16
3314,Indonesia,360,Lowincomecountries,1500,3465,2292,1120,1533,2045,2263,2378,1664,1132,600,901,1192,1340,1407,1801,1160,520,632,853,923,971
3315,LaoPeoplesDemocraticRepublic,418,Lowincomecountries,1500,0,0,0,0,0,0,0,0,0,0,0,0,0,0,0,0,0,0,0,0,0
3316,Malaysia,458,Lowincomecountries,1500,83,157,283,859,1532,2055,5772,50,92,163,509,860,1190,2766,33,65,120,350,672,865,3006
3317,Myanmar,104,Lowincomecountries,1500,0,0,0,0,0,0,0,0,0,0,0,0,0,0,0,0,0,0,0,0,0
3318,Philippines,608,Lowincomecountries,1500,1383,1858,6865,5555,7020,7129,7581,775,1025,3486,2866,3503,3562,3799,608,833,3379,2689,3517,3567,3782
3319,Singapore,702,Lowincomecountries,1500,0,0,0,0,0,0,0,0,0,0,0,0,0,0,0,0,0,0,0,0,0
3320,Thailand,764,Lowincomecountries,1500,2,18,44,89,148,157,163,1,10,21,47,76,81,84,1,8,23,42,72,76,79
3321,TimorLeste,626,Lowincomecountries,1500,0,0,0,0,0,0,0,0,0,0,0,0,0,0,0,0,0,0,0,0,0
3322,VietNam,704,Lowincomecountries,1500,56,228,648,867,1246,1503,1584,31,124,374,515,708,847,894,25,104,274,352,538,656,690
3323,Afghanistan,4,Lowincomecountries,1500,40537,36733,32929,28460,23991,15031,4422,22879,20733,18586,16064,13541,6364,1735,17658,16000,14343,12396,10450,8667,2687
3324,Bangladesh,50,Lowincomecountries,1500,0,0,0,0,0,0,0,0,0,0,0,0,0,0,0,0,0,0,0,0,0
3325,Bhutan,64,Lowincomecountries,1500,0,0,0,0,0,0,0,0,0,0,0,0,0,0,0,0,0,0,0,0,0
3326,India,356,Lowincomecountries,1500,16217,21381,13666,45637,70075,65295,61403,8194,10998,7019,22881,26770,24183,22608,8023,10383,6647,22756,43305,41112,38795
3327,IranIslamicRepublicof,364,Lowincomecountries,1500,3980307,2660518,2232283,2376348,2572558,2621236,2710601,2209668,1471768,1232291,1305236,1411729,1429578,1471475,1770639,1188750,999992,1071112,1160829,1191658,1239126
3328,Maldives,462,Lowincomecountries,1500,0,0,0,0,0,0,0,0,0,0,0,0,0,0,0,0,0,0,0,0,0
3329,Nepal,524,Lowincomecountries,1500,0,0,0,0,0,0,0,0,0,0,0,0,0,0,0,0,0,0,0,0,0
3330,Pakistan,586,Lowincomecountries,1500,3374973,1291867,2069977,1166210,1990641,1710378,1598223,1723293,660633,1106710,623606,1017008,810665,805362,1651680,631234,963267,542604,973633,899713,792861
3331,SriLanka,144,Lowincomecountries,1500,0,26,56,116,240,241,240,0,23,39,58,121,120,122,0,3,17,58,119,121,118
3332,WesternAsia,922,Lowincomecountries,1500,1525932,1604379,1698025,2004316,2862274,8331513,9959081,933785,989951,1055138,1285529,1873428,4938885,5967337,592147,614428,642887,718787,988846,3392628,3991744
3333,Armenia,51,Lowincomecountries,1500,3225,3422,3743,2477,2062,17538,17416,1300,1458,1645,1134,982,8353,8354,1925,1964,2098,1343,1080,9185,9062
3334,Azerbaijan,31,Lowincomecountries,1500,594,521,524,498,456,435,412,298,277,274,254,241,233,222,296,244,250,244,215,202,190
3335,Bahrain,48,Lowincomecountries,1500,13970,15479,17039,23203,34495,37393,48444,9559,10485,11375,15399,22842,25247,33224,4411,4994,5664,7804,11653,12146,15220
3336,Cyprus,196,Lowincomecountries,1500,1170,1661,2141,3218,4921,8318,12841,799,1109,1420,2117,3273,4354,6891,371,552,721,1101,1648,3964,5950
3337,Georgia,268,Lowincomecountries,1500,3306,2690,187,176,177,184,188,1457,1254,75,71,72,75,79,1849,1436,112,105,105,109,109
3338,Iraq,368,Lowincomecountries,1500,10409,12560,11903,13846,14145,259656,262127,7576,8137,6679,9456,9912,146423,139250,2833,4423,5224,4390,4233,113233,122877
3339,Israel,376,Lowincomecountries,1500,94988,105810,110708,115377,121445,125250,121622,46554,51057,53291,55495,58251,59757,58030,48434,54753,57417,59882,63194,65493,63592
3340,Jordan,400,Lowincomecountries,1500,56422,60237,64062,59277,134869,702827,735777,32287,34299,36437,40978,88801,354632,375143,24135,25938,27625,18299,46068,348195,360634
3341,Kuwait,414,Lowincomecountries,1500,86644,69876,80257,87176,116055,149182,161870,48773,42166,52250,55847,73898,87804,95256,37871,27710,28007,31329,42157,61378,66614
3342,Lebanon,422,Lowincomecountries,1500,25637,27249,28860,25045,21465,1196780,1045575,14674,14929,15186,13732,12393,577049,513901,10963,12320,13674,11313,9072,619731,531674
3343,Oman,512,Lowincomecountries,1500,4910,8625,9917,7816,6978,15869,20284,2847,5124,6342,4856,4288,10673,13645,2063,3501,3575,2960,2690,5196,6639
3344,Qatar,634,Lowincomecountries,1500,27342,27610,23766,35146,75051,69488,96711,15437,17458,16922,25320,59561,56148,76907,11905,10152,6844,9826,15490,13340,19804
3345,SaudiArabia,682,Lowincomecountries,1500,997911,1022720,1050810,1298060,1683008,2177428,2719886,628285,645883,665271,849266,1131282,1435009,1773392,369626,376837,385539,448794,551726,742419,946494
3346,StateofPalestine,275,Lowincomecountries,1500,6710,6557,6405,7549,7064,7146,7144,3145,3056,2967,3536,3266,3345,3354,3565,3501,3438,4013,3798,3801,3790
3347,SyrianArabRepublic,760,Lowincomecountries,1500,200,485,706,2309,6243,2730,2431,102,246,357,1180,3184,1431,1245,98,239,349,1129,3059,1299,1186
3348,Turkey,792,Lowincomecountries,1500,13193,15147,14685,15296,18515,2813750,3914480,6827,8084,8008,8189,9872,1710397,2364331,6366,7063,6677,7107,8643,1103353,1550149
3349,UnitedArabEmirates,784,Lowincomecountries,1500,105840,136764,175573,189148,387284,423189,461349,72064,94569,122008,128018,266668,286195,311898,33776,42195,53565,61130,120616,136994,149451
3350,Yemen,887,Lowincomecountries,1500,73461,86966,96739,118699,228041,324350,330524,41801,50360,54631,70681,124642,171760,192215,31660,36606,42108,48018,103399,152590,138309
3351,EasternEurope,923,Lowincomecountries,1500,518476,500661,467564,509859,537023,588909,568517,256360,269864,275286,303569,322591,357552,341590,262116,230797,192278,206290,214432,231357,226927
3352,Belarus,112,Lowincomecountries,1500,6889,6641,6390,6291,6188,6162,6064,3549,3459,3368,3313,3255,3250,3202,3340,3182,3022,2978,2933,2912,2862
3353,Bulgaria,100,Lowincomecountries,1500,804,995,1175,3572,3974,19384,18857,618,769,916,2737,3124,12948,11614,186,226,259,835,850,6436,7243
3354,Czechia,203,Lowincomecountries,1500,318,480,639,1297,1828,2359,3041,236,355,476,925,1302,1582,2014,82,125,163,372,526,777,1027
3355,Hungary,348,Lowincomecountries,1500,1217,1750,2272,4526,4372,30003,6361,695,1156,1613,3067,3047,21875,4523,522,594,659,1459,1325,8128,1838
3356,Poland,616,Lowincomecountries,1500,1511,1288,1104,1182,1304,1235,1762,1250,1067,909,935,984,947,1356,261,221,195,247,320,288,406
3357,RepublicofMoldova,498,Lowincomecountries,1500,0,0,0,0,0,0,0,0,0,0,0,0,0,0,0,0,0,0,0,0,0
3358,Romania,642,Lowincomecountries,1500,2088,4580,7218,7255,4089,2790,5035,1227,2690,4238,4319,2600,2182,3835,861,1890,2980,2936,1489,608,1200
3359,RussianFederation,643,Lowincomecountries,1500,463660,443832,407926,448160,479190,488337,488032,227524,238412,240733,266967,287815,292331,292173,236136,205420,167193,181193,191375,196006,195859
3360,Slovakia,703,Lowincomecountries,1500,82,271,595,805,495,740,836,71,209,460,659,355,533,602,11,62,135,146,140,207,234
3361,Ukraine,804,Lowincomecountries,1500,41907,40824,40245,36771,35583,37899,38529,21190,21747,22573,20647,20109,21904,22271,20717,19077,17672,16124,15474,15995,16258
3362,ChannelIslands,830,Lowincomecountries,1500,0,0,0,0,0,0,0,0,0,0,0,0,0,0,0,0,0,0,0,0,0
3363,Denmark,208,Lowincomecountries,1500,3396,11954,20497,25569,29265,49695,77418,1998,6359,10718,13336,15259,27950,42391,1398,5595,9779,12233,14006,21745,35027
3364,Estonia,233,Lowincomecountries,1500,853,604,355,381,448,446,718,431,299,168,185,235,243,417,422,305,187,196,213,203,301
3365,FaroeIslands,234,Lowincomecountries,1500,0,0,1,5,27,36,39,0,0,1,4,18,24,26,0,0,0,1,9,12,13
3366,Finland,246,Lowincomecountries,1500,417,2807,5184,10523,14244,21945,34635,281,1665,3043,5924,7860,11923,19593,136,1142,2141,4599,6384,10022,15042
3367,Iceland,352,Lowincomecountries,1500,138,121,93,145,188,266,719,51,54,52,72,93,134,415,87,67,41,73,95,132,304
3368,Ireland,372,Lowincomecountries,1500,563,1559,3417,3420,2866,3319,6104,315,843,1906,1997,1584,1826,3499,248,716,1511,1423,1282,1493,2605
3369,IsleofMan,833,Lowincomecountries,1500,0,0,0,0,0,0,0,0,0,0,0,0,0,0,0,0,0,0,0,0,0
3370,Latvia,428,Lowincomecountries,1500,290,586,889,819,741,611,704,133,295,464,435,395,315,388,157,291,425,384,346,296,316
3371,Lithuania,440,Lowincomecountries,1500,1521,704,551,518,416,416,892,849,396,310,290,218,223,469,672,308,241,228,198,193,423
3372,Norway,578,Lowincomecountries,1500,5094,8330,13527,28719,46936,89231,126103,3504,5109,7690,15975,25494,50307,71350,1590,3221,5837,12744,21442,38924,54753
3373,Sweden,752,Lowincomecountries,1500,43469,51586,55334,69295,102571,276252,412435,23079,27205,29001,35743,52715,152001,229666,20390,24381,26333,33552,49856,124251,182769
3374,UnitedKingdom,826,Lowincomecountries,1500,86696,143439,202621,290988,347347,417062,471850,47030,74454,102948,144605,166333,193303,216661,39666,68985,99673,146383,181014,223759,255189
3375,Albania,8,Lowincomecountries,1500,0,0,0,0,0,0,0,0,0,0,0,0,0,0,0,0,0,0,0,0,0
3376,Andorra,20,Lowincomecountries,1500,0,0,0,0,0,0,0,0,0,0,0,0,0,0,0,0,0,0,0,0,0
3377,BosniaandHerzegovina,70,Lowincomecountries,1500,0,0,0,0,0,0,0,0,0,0,0,0,0,0,0,0,0,0,0,0,0
3378,Croatia,191,Lowincomecountries,1500,0,0,0,123,245,246,227,0,0,0,102,205,206,191,0,0,0,21,40,40,36
3379,Gibraltar,292,Lowincomecountries,1500,0,0,0,0,0,0,0,0,0,0,0,0,0,0,0,0,0,0,0,0,0
3380,Greece,300,Lowincomecountries,1500,14432,13541,12871,16990,21856,22505,104441,10224,9072,7987,11169,14856,10891,52508,4208,4469,4884,5821,7000,11614,51933
3381,HolySee,336,Lowincomecountries,1500,0,0,0,0,0,0,0,0,0,0,0,0,0,0,0,0,0,0,0,0,0
3382,Italy,380,Lowincomecountries,1500,31375,35762,40136,78587,114902,143052,191861,8588,12510,16434,42719,66041,92715,136460,22787,23252,23702,35868,48861,50337,55401
3383,Malta,470,Lowincomecountries,1500,161,192,240,292,5983,5011,10914,121,142,182,216,3120,2594,6078,40,50,58,76,2863,2417,4836
3384,Montenegro,499,Lowincomecountries,1500,0,0,0,0,0,0,0,0,0,0,0,0,0,0,0,0,0,0,0,0,0
3385,NorthMacedonia,807,Lowincomecountries,1500,0,0,0,0,0,0,0,0,0,0,0,0,0,0,0,0,0,0,0,0,0
3386,Portugal,620,Lowincomecountries,1500,81898,88783,99286,105110,93494,105987,122066,39853,43806,49705,52873,47382,51022,60740,42045,44977,49581,52237,46112,54965,61326
3387,SanMarino,674,Lowincomecountries,1500,0,0,0,0,0,0,0,0,0,0,0,0,0,0,0,0,0,0,0,0,0
3388,Serbia,688,Lowincomecountries,1500,14,94,129,128,126,123,123,12,76,104,103,101,99,100,2,18,25,25,25,24,23
3389,Slovenia,705,Lowincomecountries,1500,14,28,79,79,134,329,566,8,17,57,55,94,221,380,6,11,22,24,40,108,186
3390,Spain,724,Lowincomecountries,1500,10001,13398,28472,48488,78884,69447,92025,6774,9180,19100,37447,62690,51046,65269,3227,4218,9372,11041,16194,18401,26756
3391,Austria,40,Lowincomecountries,1500,12084,13641,15183,16829,21859,87912,117543,7332,8362,9391,10262,13318,60592,73896,4752,5279,5792,6567,8541,27320,43647
3392,Belgium,56,Lowincomecountries,1500,69387,68870,65653,96047,126938,169711,225474,37348,37066,33773,48177,61856,85723,117147,32039,31804,31880,47870,65082,83988,108327
3393,France,250,Lowincomecountries,1500,227330,234687,242029,396189,463108,523271,627217,120159,122185,124206,194840,218838,239570,289696,107171,112502,117823,201349,244270,283701,337521
3394,Germany,276,Lowincomecountries,1500,95899,138041,180174,205448,224886,411439,1201681,64667,84487,104311,116772,126255,235496,740901,31232,53554,75863,88676,98631,175943,460780
3395,Liechtenstein,438,Lowincomecountries,1500,0,0,0,0,25,58,95,0,0,0,0,16,39,51,0,0,0,0,9,19,44
3396,Luxembourg,442,Lowincomecountries,1500,118,111,107,93,81,122,8078,53,51,48,46,44,67,4671,65,60,59,47,37,55,3407
3397,Monaco,492,Lowincomecountries,1500,0,0,0,0,0,0,0,0,0,0,0,0,0,0,0,0,0,0,0,0,0
3398,Netherlands,528,Lowincomecountries,1500,26114,46896,69253,94432,97048,140763,218499,15920,27832,40601,55489,54644,78899,120380,10194,19064,28652,38943,42404,61864,98119
3399,Switzerland,756,Lowincomecountries,1500,16263,23695,31240,37089,43753,91070,115588,8775,13435,18160,20735,23573,49099,65882,7488,10260,13080,16354,20180,41971,49706
3400,Anguilla,660,Lowincomecountries,1500,0,0,0,0,0,0,0,0,0,0,0,0,0,0,0,0,0,0,0,0,0
3401,AntiguaandBarbuda,28,Lowincomecountries,1500,154,228,301,324,345,367,379,73,108,144,155,165,175,183,81,120,157,169,180,192,196
3402,Aruba,533,Lowincomecountries,1500,320,660,1000,1288,1552,1632,1824,38,178,319,446,566,595,641,282,482,681,842,986,1037,1183
3403,Bahamas,44,Lowincomecountries,1500,10894,15759,20628,23053,25476,27603,29640,6814,9370,11930,13226,14520,15646,16765,4080,6389,8698,9827,10956,11957,12875
3404,Barbados,52,Lowincomecountries,1500,0,0,0,24,32,33,32,0,0,0,8,10,10,10,0,0,0,16,22,23,22
3405,BritishVirginIslands,92,Lowincomecountries,1500,0,0,0,0,0,0,0,0,0,0,0,0,0,0,0,0,0,0,0,0,0
3406,CaymanIslands,136,Lowincomecountries,1500,13,27,48,45,46,47,51,12,23,41,39,39,41,45,1,4,7,6,7,6,6
3407,Cuba,192,Lowincomecountries,1500,2063,1564,1226,607,284,126,54,1478,1102,837,392,164,68,29,585,462,389,215,120,58,25
3408,CuraÃao,531,Lowincomecountries,1500,0,0,0,0,1812,1968,2295,0,0,0,0,992,1080,1284,0,0,0,0,820,888,1011
3409,Dominica,212,Lowincomecountries,1500,567,740,883,1083,3085,2469,2552,278,362,438,533,1546,1238,1263,289,378,445,550,1539,1231,1289
3410,DominicanRepublic,214,Lowincomecountries,1500,187298,208031,228760,270987,313525,475250,496283,122840,134704,146567,170339,194291,310571,323905,64458,73327,82193,100648,119234,164679,172378
3411,Grenada,308,Lowincomecountries,1500,0,0,0,0,0,0,0,0,0,0,0,0,0,0,0,0,0,0,0,0,0
3412,Guadeloupe,312,Lowincomecountries,1500,12145,10429,8711,11864,15016,14386,14243,6832,5602,4371,5711,7050,6391,6255,5313,4827,4340,6153,7966,7995,7988
3413,Haiti,332,Lowincomecountries,1500,0,0,0,0,0,0,0,0,0,0,0,0,0,0,0,0,0,0,0,0,0
3414,Jamaica,388,Lowincomecountries,1500,0,0,0,0,0,0,0,0,0,0,0,0,0,0,0,0,0,0,0,0,0
3415,Martinique,474,Lowincomecountries,1500,1177,1437,1699,1777,1857,2156,2138,664,852,1041,1072,1104,1257,1247,513,585,658,705,753,899,891
3416,Montserrat,500,Lowincomecountries,1500,0,0,0,0,0,0,0,0,0,0,0,0,0,0,0,0,0,0,0,0,0
3417,PuertoRico,630,Lowincomecountries,1500,295,310,327,299,235,160,129,140,147,155,142,110,74,60,155,163,172,157,125,86,69
3418,SaintBarthelemy,652,Lowincomecountries,1500,0,0,0,0,0,0,0,0,0,0,0,0,0,0,0,0,0,0,0,0,0
3419,SaintKittsandNevis,659,Lowincomecountries,1500,0,0,0,0,0,0,0,0,0,0,0,0,0,0,0,0,0,0,0,0,0
3420,SaintLucia,662,Lowincomecountries,1500,29,33,54,117,173,163,152,17,21,33,83,126,120,115,12,12,21,34,47,43,37
3421,SaintMartinFrenchpart,663,Lowincomecountries,1500,0,0,0,0,0,0,0,0,0,0,0,0,0,0,0,0,0,0,0,0,0
3422,SaintVincentandtheGrenadines,670,Lowincomecountries,1500,0,0,0,0,0,0,0,0,0,0,0,0,0,0,0,0,0,0,0,0,0
3423,SintMaartenDutchpart,534,Lowincomecountries,1500,0,0,0,1317,2635,2746,2901,0,0,0,759,1518,1581,1671,0,0,0,558,1117,1165,1230
3424,TrinidadandTobago,780,Lowincomecountries,1500,0,0,0,0,0,0,0,0,0,0,0,0,0,0,0,0,0,0,0,0,0
3425,TurksandCaicosIslands,796,Lowincomecountries,1500,2430,3567,5127,5652,9756,13928,15787,1258,1813,2564,2817,4878,6965,7896,1172,1754,2563,2835,4878,6963,7891
3426,UnitedStatesVirginIslands,850,Lowincomecountries,1500,188,346,506,574,644,644,643,90,164,239,273,308,308,308,98,182,267,301,336,336,335
3427,CentralAmerica,916,Lowincomecountries,1500,2000,2830,3909,3046,2559,4055,9678,1284,1643,2143,1695,1486,2393,5388,716,1187,1766,1351,1073,1662,4290
3428,Belize,84,Lowincomecountries,1500,35,37,38,42,46,54,60,19,20,20,22,25,30,35,16,17,18,20,21,24,25
3429,CostaRica,188,Lowincomecountries,1500,128,99,115,89,162,150,175,76,57,65,44,84,83,102,52,42,50,45,78,67,73
3430,ElSalvador,222,Lowincomecountries,1500,0,0,0,0,0,0,0,0,0,0,0,0,0,0,0,0,0,0,0,0,0
3431,Guatemala,320,Lowincomecountries,1500,78,69,59,70,80,89,96,35,36,36,45,54,60,67,43,33,23,25,26,29,29
3432,Honduras,340,Lowincomecountries,1500,82,82,80,78,76,105,105,63,62,60,58,58,81,81,19,20,20,20,18,24,24
3433,Mexico,484,Lowincomecountries,1500,1333,2107,2977,1994,1242,2570,7978,894,1223,1612,1131,783,1589,4439,439,884,1365,863,459,981,3539
3434,Nicaragua,558,Lowincomecountries,1500,139,113,176,250,263,280,284,84,67,96,125,134,144,151,55,46,80,125,129,136,133
3435,Panama,591,Lowincomecountries,1500,205,323,464,523,690,807,980,113,178,254,270,348,406,513,92,145,210,253,342,401,467
3436,Argentina,32,Lowincomecountries,1500,5218,3894,2572,1932,1259,1263,1271,2684,2007,1336,1007,667,669,676,2534,1887,1236,925,592,594,595
3437,BoliviaPlurinationalStateof,68,Lowincomecountries,1500,182,116,36,84,120,154,142,92,55,12,46,80,96,97,90,61,24,38,40,58,45
3438,Brazil,76,Lowincomecountries,1500,5675,5161,4645,4783,5086,8874,48839,3142,2908,2674,2698,2824,5276,21124,2533,2253,1971,2085,2262,3598,27715
3439,Chile,152,Lowincomecountries,1500,36,40,45,67,90,39825,236912,24,23,25,38,51,23322,149600,12,17,20,29,39,16503,87312
3440,Colombia,170,Lowincomecountries,1500,0,0,0,0,0,0,0,0,0,0,0,0,0,0,0,0,0,0,0,0,0
3441,Ecuador,218,Lowincomecountries,1500,245,277,306,368,582,790,972,147,166,183,222,349,465,600,98,111,123,146,233,325,372
3442,FalklandIslandsMalvinas,238,Lowincomecountries,1500,0,0,0,0,0,0,0,0,0,0,0,0,0,0,0,0,0,0,0,0,0
3443,FrenchGuiana,254,Lowincomecountries,1500,9605,11381,13157,14450,15743,19651,22084,5126,5815,6505,6582,6660,8360,9395,4479,5566,6652,7868,9083,11291,12689
3444,Guyana,328,Lowincomecountries,1500,0,0,0,0,0,0,0,0,0,0,0,0,0,0,0,0,0,0,0,0,0
3445,Paraguay,600,Lowincomecountries,1500,0,0,0,0,0,0,0,0,0,0,0,0,0,0,0,0,0,0,0,0,0
3446,Peru,604,Lowincomecountries,1500,82,84,100,118,130,137,250,42,42,49,58,64,69,127,40,42,51,60,66,68,123
3447,Suriname,740,Lowincomecountries,1500,0,0,0,0,0,0,0,0,0,0,0,0,0,0,0,0,0,0,0,0,0
3448,Uruguay,858,Lowincomecountries,1500,0,0,0,0,0,0,0,0,0,0,0,0,0,0,0,0,0,0,0,0,0
3449,VenezuelaBolivarianRepublicof,862,Lowincomecountries,1500,15988,15624,15194,15948,16914,17694,16675,9661,9456,9196,9661,10260,10634,9921,6327,6168,5998,6287,6654,7060,6754
3450,Bermuda,60,Lowincomecountries,1500,1028,1160,1103,595,11,10,3,666,710,630,280,4,5,1,362,450,473,315,7,5,2
3451,Canada,124,Lowincomecountries,1500,108253,139754,174584,222410,276270,374021,405228,52697,67642,84219,106391,131849,179189,194158,55556,72112,90365,116019,144421,194832,211070
3452,Greenland,304,Lowincomecountries,1500,0,0,0,0,0,0,0,0,0,0,0,0,0,0,0,0,0,0,0,0,0
3453,SaintPierreandMiquelon,666,Lowincomecountries,1500,0,0,0,0,0,0,0,0,0,0,0,0,0,0,0,0,0,0,0,0,0
3454,UnitedStatesofAmerica,840,Lowincomecountries,1500,381301,583830,790533,1009494,1265159,1530040,1780893,196112,302300,411142,513342,627957,747776,860511,185189,281530,379391,496152,637202,782264,920382
3455,Australia,36,Lowincomecountries,1500,15093,27095,37800,68311,102340,141960,178644,8098,14564,20404,36716,53249,75188,96525,6995,12531,17396,31595,49091,66772,82119
3456,NewZealand,554,Lowincomecountries,1500,724,1178,3073,4715,4832,4874,6512,375,615,1495,2290,2343,2358,3152,349,563,1578,2425,2489,2516,3360
3457,Melanesia,928,Lowincomecountries,1500,0,0,0,0,0,0,0,0,0,0,0,0,0,0,0,0,0,0,0,0,0
3458,Fiji,242,Lowincomecountries,1500,0,0,0,0,0,0,0,0,0,0,0,0,0,0,0,0,0,0,0,0,0
3459,NewCaledonia,540,Lowincomecountries,1500,0,0,0,0,0,0,0,0,0,0,0,0,0,0,0,0,0,0,0,0,0
3460,PapuaNewGuinea,598,Lowincomecountries,1500,0,0,0,0,0,0,0,0,0,0,0,0,0,0,0,0,0,0,0,0,0
3461,SolomonIslands,90,Lowincomecountries,1500,0,0,0,0,0,0,0,0,0,0,0,0,0,0,0,0,0,0,0,0,0
3462,Vanuatu,548,Lowincomecountries,1500,0,0,0,0,0,0,0,0,0,0,0,0,0,0,0,0,0,0,0,0,0
3463,Micronesia,954,Lowincomecountries,1500,0,0,0,0,0,0,0,0,0,0,0,0,0,0,0,0,0,0,0,0,0
3464,Guam,316,Lowincomecountries,1500,0,0,0,0,0,0,0,0,0,0,0,0,0,0,0,0,0,0,0,0,0
3465,Kiribati,296,Lowincomecountries,1500,0,0,0,0,0,0,0,0,0,0,0,0,0,0,0,0,0,0,0,0,0
3466,MarshallIslands,584,Lowincomecountries,1500,0,0,0,0,0,0,0,0,0,0,0,0,0,0,0,0,0,0,0,0,0
3467,MicronesiaFedStatesof,583,Lowincomecountries,1500,0,0,0,0,0,0,0,0,0,0,0,0,0,0,0,0,0,0,0,0,0
3468,Nauru,520,Lowincomecountries,1500,0,0,0,0,0,0,0,0,0,0,0,0,0,0,0,0,0,0,0,0,0
3469,NorthernMarianaIslands,580,Lowincomecountries,1500,0,0,0,0,0,0,0,0,0,0,0,0,0,0,0,0,0,0,0,0,0
3470,Palau,585,Lowincomecountries,1500,0,0,0,0,0,0,0,0,0,0,0,0,0,0,0,0,0,0,0,0,0
3471,Polynesia,957,Lowincomecountries,1500,0,0,0,0,0,0,0,0,0,0,0,0,0,0,0,0,0,0,0,0,0
3472,AmericanSamoa,16,Lowincomecountries,1500,0,0,0,0,0,0,0,0,0,0,0,0,0,0,0,0,0,0,0,0,0
3473,CookIslands,184,Lowincomecountries,1500,0,0,0,0,0,0,0,0,0,0,0,0,0,0,0,0,0,0,0,0,0
3474,FrenchPolynesia,258,Lowincomecountries,1500,0,0,0,0,0,0,0,0,0,0,0,0,0,0,0,0,0,0,0,0,0
3475,Niue,570,Lowincomecountries,1500,0,0,0,0,0,0,0,0,0,0,0,0,0,0,0,0,0,0,0,0,0
3476,Samoa,882,Lowincomecountries,1500,0,0,0,0,0,0,0,0,0,0,0,0,0,0,0,0,0,0,0,0,0
3477,Tokelau,772,Lowincomecountries,1500,0,0,0,0,0,0,0,0,0,0,0,0,0,0,0,0,0,0,0,0,0
3478,Tonga,776,Lowincomecountries,1500,0,0,0,0,0,0,0,0,0,0,0,0,0,0,0,0,0,0,0,0,0
3479,Tuvalu,798,Lowincomecountries,1500,0,0,0,0,0,0,0,0,0,0,0,0,0,0,0,0,0,0,0,0,0
3480,WallisandFutunaIslands,876,Lowincomecountries,1500,0,0,0,0,0,0,0,0,0,0,0,0,0,0,0,0,0,0,0,0,0
