,Destination,Destination_Code,Origin,Origin_Code,1990,1995,2000,2005,2010,2015,2020,1990.1,1995.1,2000.1,2005.1,2010.1,2015.1,2020.1,1990.2,1995.2,2000.2,2005.2,2010.2,2015.2,2020.2
0,Developedregions,901,Developedregions,901,40596772,42606608,44694341,46647063,50408479,52146178,58447543,19075228,19945831,20829785,21759488,23323249,24135021,27404141,21521544,22660777,23864556,24887575,27085230,28011157,31043402
1,Developedregions,901,Lessdevelopedregions,902,37973694,47033770,56246319,66440897,76772235,84353343,92975532,19194952,23761617,28401483,33400745,38267783,41622923,45777485,18778742,23272153,27844836,33040152,38504452,42730420,47198047
2,Developedregions,901,Lessdevelopedregions,902,934,35675359,44160544,52762010,61933127,71295205,77602538,84780609,17976503,22240122,26557448,31034532,35410010,38153452,41510877,17698856,21920422,26204562,30898595,35885195,39449086
3,Developedregions,901,Lessdevelopedregions,902,948,35982218,44381032,52846610,62020715,71498918,77968122,86547616,18210987,22454747,26739655,31264075,35755546,38607393,42759145,17771231,21926285,26106955,30756640,35743372,39360729
4,Developedregions,901,Leastdevelopedcountries,941,2298335,2873226,3484309,4507770,5477030,6750805,8194923,1218449,1521495,1844035,2366213,2857773,3469471,4266608,1079886,1351731,1640274,2141557,2619257,3281334,3928315
5,Developedregions,901,LandlockedDevelopingCountriesLLDC,1636,8592832,9230542,9656053,10614266,11666368,12496273,13948686,4196322,4588112,4876195,5341271,5824701,6211701,6935888,4396510,4642430,4779858,5272995,5841667,6284572,7012798
6,Developedregions,901,SmallislanddevelopingStatesSIDS,1637,4649600,5604527,6627307,7259045,8071764,8876637,9575721,2180960,2578290,3002384,3292100,3595315,4044563,4342176,2468640,3026237,3624923,3966945,4476449,4832074,5233545
7,Developedregions,901,Highincomecountries,1503,28243751,30011813,32273012,34767170,38964851,40302859,45130736,13466851,14250536,15209487,16462985,18314088,19061976,21625208,14776900,15761277,17063525,18304185,20650763,21240883,23505528
8,Developedregions,901,Middleincomecountries,1517,48540576,57436480,66057663,74932281,84138297,90866507,99119662,23874865,28297919,32626031,36903179,41150546,43909407,47711400,24665711,29138561,33431632,38029102,42987751,46957100,51408262
9,Developedregions,901,Uppermiddleincomecountries,1502,31467011,37697496,43572984,48139323,53349971,55866217,59748598,15250835,18365739,21330758,23528262,25775220,26692073,28360031,16216176,19331757,22242226,24611061,27574751,29174144,31388567
10,Developedregions,901,Lowermiddleincomecountries,1501,17073565,19738984,22484679,26792958,30788326,35000290,39371064,8624030,9932180,11295273,13374917,15375326,17217334,19351369,8449535,9806804,11189406,13418041,15413000,17782956,20019695
11,Developedregions,901,Lowincomecountries,1500,1752402,2153107,2561978,3341690,4024006,5270139,7107812,911813,1140595,1373536,1772159,2101230,2758596,3815162,840589,1012512,1188442,1569531,1922776,2511543,3292650
12,Developedregions,901,MiddleAfrica,911,410433,476996,555050,714426,803446,934929,1095017,206935,239455,276282,347926,384923,436510,516637,203498,237541,278768,366500,418523,498419,578380
13,Developedregions,901,WesternAsia,922,6077240,6537373,6772438,6735738,7057172,8272537,9960382,3175325,3493039,3723031,3677140,3813505,4406978,5362550,2901915,3044334,3049407,3058598,3243667,3865559,4597832
14,Developedregions,901,EasternEurope,923,17711583,17870566,18238874,20087244,22172713,23295169,26322046,8083461,8058425,8106719,8959244,9867476,10340673,11833107,9628122,9812141,10132155,11128000,12305237,12954496,14488939
15,Developedregions,901,CentralAmerica,916,5567240,8604622,11713406,13411141,15565014,15594486,15365881,2929409,4555121,6225103,7150741,8187377,8109442,7906812,2637831,4049501,5488303,6260400,7377637,7485044,7459069
16,Developedregions,901,Melanesia,928,91242,110207,137243,162933,190015,216443,242454,44158,52530,65697,77930,90285,102732,114586,47084,57677,71546,85003,99730,113711,127868
17,Developedregions,901,Micronesia,954,5662,10882,16066,15735,16042,19018,26960,2724,5315,7931,7844,7940,9322,13088,2938,5567,8135,7891,8102,9696,13872
18,Developedregions,901,Polynesia,957,117723,128468,150343,157271,167861,187972,221889,57263,62054,73465,77004,82118,92523,108782,60460,66414,76878,80267,85743,95449,113107
19,Developedregions,901,Burundi,108,4620,7308,10203,20159,28094,32564,37431,2398,3587,4896,9827,13310,15198,17466,2222,3721,5307,10332,14784,17366,19965
20,Developedregions,901,Comoros,174,18946,19599,20251,30750,35027,38739,42564,9295,9448,9598,15267,16209,17345,19116,9651,10151,10653,15483,18818,21394,23448
21,Developedregions,901,Djibouti,262,3466,3951,4477,8117,9178,11587,13019,1832,2038,2278,3883,4462,5557,6222,1634,1913,2199,4234,4716,6030,6797
22,Developedregions,901,Eritrea,232,25565,38733,52427,74422,98894,206681,311155,12907,18836,25049,37091,50455,107914,170675,12658,19897,27378,37331,48439,98767,140480
23,Developedregions,901,Ethiopia,231,116900,135805,154887,220965,298734,393817,453754,58633,69187,79841,113152,150841,190348,219853,58267,66618,75046,107813,147893,203469,233901
24,Developedregions,901,Kenya,404,154625,182211,213145,249026,311669,343910,400391,78800,91592,105969,121795,153680,164038,188956,75825,90619,107176,127231,157989,179872,211435
25,Developedregions,901,Madagascar,450,43500,46338,49832,117177,126068,139456,154237,18026,18646,19509,49293,47838,50655,56017,25474,27692,30323,67884,78230,88801,98220
26,Developedregions,901,Malawi,454,11584,12566,13815,15950,17282,20730,23548,6004,6379,6885,7766,8603,9968,11249,5580,6187,6930,8184,8679,10762,12299
27,Developedregions,901,Mauritius,480,101617,105673,110097,119417,135054,150525,166048,46175,47315,48699,54038,61118,67048,73894,55442,58358,61398,65379,73936,83477,92154
28,Developedregions,901,Mayotte,175,0,0,0,0,7,0,0,0,0,0,0,5,0,0,0,0,0,0,2,0,0
29,Developedregions,901,Mozambique,508,78957,80065,85835,86193,74964,85481,97385,37792,37934,40448,40683,35506,38528,45129,41165,42131,45387,45510,39458,46953,52256
30,Developedregions,901,Reunion,638,125,130,175,352,489,527,599,64,55,90,164,244,255,295,61,75,85,188,245,272,304
31,Developedregions,901,Rwanda,646,8427,11377,14863,27543,32625,38109,41940,4492,5700,7235,13031,14873,17333,18985,3935,5677,7628,14512,17752,20776,22955
32,Developedregions,901,Seychelles,690,28990,18629,8468,8805,9231,10022,10905,13807,8555,3392,3504,3631,3875,4184,15183,10074,5076,5301,5600,6147,6721
33,Developedregions,901,Somalia,706,67402,123633,183021,256834,381984,445526,552244,35133,62745,91897,126929,180357,208878,261558,32269,60888,91124,129905,201627,236648,290686
34,Developedregions,901,SouthSudan,728,1,1,2,2,26,13120,15860,0,0,1,2,11,7223,8544,1,1,1,0,15,5897,7316
35,Developedregions,901,Uganda,800,71129,77958,85955,98987,117855,144687,180099,36354,39050,42284,47068,55788,67275,82375,34775,38908,43671,51919,62067,77412,97724
36,Developedregions,901,UnitedRepublicofTanzania,834,61033,66435,72704,83828,101079,127059,159208,31252,33737,36606,42196,51399,62325,77396,29781,32698,36098,41632,49680,64734,81812
37,Developedregions,901,Zambia,894,26062,31413,37869,48911,59518,73702,91210,12964,15249,18044,23028,27225,32810,39858,13098,16164,19825,25883,32293,40892,51352
38,Developedregions,901,Zimbabwe,716,40957,61708,85215,152401,232907,276815,330535,19649,29143,39991,71343,108808,126636,149760,21308,32565,45224,81058,124099,150179,180775
39,Developedregions,901,Angola,24,167381,186922,213717,229684,203461,234983,273822,80403,89885,103193,111532,98335,108616,129559,86978,97037,110524,118152,105126,126367,144263
40,Developedregions,901,Cameroon,120,50166,65253,80900,135340,177521,224366,278213,24650,32542,40754,65857,83332,104013,131119,25516,32711,40146,69483,94189,120353,147094
41,Developedregions,901,CentralAfricanRepublic,140,9114,9691,10458,16281,17766,20510,22744,4634,4833,5138,8017,8586,9718,10832,4480,4858,5320,8264,9180,10792,11912
42,Developedregions,901,Chad,148,3608,4159,4879,8859,10079,11931,13796,2131,2428,2823,4977,5798,6648,7841,1477,1731,2056,3882,4281,5283,5955
43,Developedregions,901,Congo,178,61595,65891,70641,86491,96519,105791,116940,33711,35130,36812,43394,48992,52152,57702,27884,30761,33829,43097,47527,53639,59238
44,Developedregions,901,DemocraticRepublicoftheCongo,180,95528,116898,136947,181996,236112,272455,314991,50315,61492,70404,89867,113036,127845,147863,45213,55406,66543,92129,123076,144610,167128
45,Developedregions,901,EquatorialGuinea,226,8443,9544,13828,18592,22725,20758,24361,4069,4360,6093,7255,8680,7948,9113,4374,5184,7735,11337,14045,12810,15248
46,Developedregions,901,Gabon,266,8717,9421,10526,20128,22204,24779,27756,4262,4535,5021,9277,10476,11358,12727,4455,4886,5505,10851,11728,13421,15029
47,Developedregions,901,SaoTomeandPrincipe,678,5881,9217,13154,17055,17059,19356,22394,2760,4250,6044,7750,7688,8212,9881,3121,4967,7110,9305,9371,11144,12513
48,Developedregions,901,Algeria,12,867015,918261,974880,1527319,1577324,1743975,1927809,494762,520560,549886,800733,876177,939852,1038512,372253,397701,424994,726586,701147,804123,889297
49,Developedregions,901,Egypt,818,269821,317255,366555,427634,494543,579107,656542,159680,185568,212502,257100,298118,339953,384673,110141,131687,154053,170534,196425,239154,271869
50,Developedregions,901,Libya,434,25322,28323,32735,55775,77737,87241,111051,14153,15692,18182,30058,41245,45784,59982,11169,12631,14553,25717,36492,41457,51069
51,Developedregions,901,Morocco,504,1567742,1692306,1883883,2282178,2669618,2772212,3064145,896077,947649,1041098,1276265,1486566,1477474,1610053,671665,744657,842785,1005913,1183052,1294738,1454092
52,Developedregions,901,Sudan,729,15083,33708,53494,89754,115880,122929,158873,9471,19932,31194,49936,61101,63054,81351,5612,13776,22300,39818,54779,59875,77522
53,Developedregions,901,Tunisia,788,416484,428054,439639,537395,575833,731784,858444,257235,257958,258689,308308,340119,411900,478870,159249,170096,180950,229087,235714,319884,379574
54,Developedregions,901,WesternSahara,732,333,243,149,125,69,1220,1328,265,169,73,63,33,620,672,68,74,76,62,36,600,656
55,Developedregions,901,Botswana,72,2843,3274,3797,4680,4956,6252,6975,1516,1717,1946,2352,2482,2991,3300,1327,1557,1851,2328,2474,3261,3675
56,Developedregions,901,Eswatini,748,546,1096,1673,2295,2713,3205,3530,267,523,782,1065,1284,1495,1657,279,573,891,1230,1429,1710,1873
57,Developedregions,901,Lesotho,426,365,527,763,1060,1133,1374,1522,179,244,334,456,493,627,684,186,283,429,604,640,747,838
58,Developedregions,901,Namibia,516,1304,2117,3036,4413,5145,6430,7477,633,1034,1472,2045,2412,3011,3476,671,1083,1564,2368,2733,3419,4001
59,Developedregions,901,SouthAfrica,710,224304,297567,401737,499079,636492,676224,798872,107091,142346,193018,242078,314596,324734,393501,117213,155221,208719,257001,321896,351490,405371
60,Developedregions,901,Benin,204,14838,16052,17294,24640,28080,32089,37260,8519,9053,9596,14105,15743,17605,20881,6319,6999,7698,10535,12337,14484,16379
61,Developedregions,901,BurkinaFaso,854,6386,9955,13602,20562,25455,28649,33937,3635,5983,8383,12632,15838,17311,20996,2751,3972,5219,7930,9617,11338,12941
62,Developedregions,901,CaboVerde,132,80227,95045,112546,126665,135108,152199,167546,36722,44171,53028,59052,61446,67299,74955,43505,50874,59518,67613,73662,84900,92591
63,Developedregions,901,CotedIvoire,384,49237,62390,75805,129098,158076,184523,224670,24371,31390,38558,64593,78762,89393,113068,24866,31000,37247,64505,79314,95130,111602
64,Developedregions,901,Gambia,270,12656,18548,25922,42366,58539,77030,119073,8577,11963,16419,27080,38131,50311,83155,4079,6585,9503,15286,20408,26719,35918
65,Developedregions,901,Ghana,288,127620,177036,227891,289391,362382,435335,519430,73769,99426,125855,164042,205786,243534,292400,53851,77610,102036,125349,156596,191801,227030
66,Developedregions,901,Guinea,324,14712,19932,26481,58149,82626,99826,137762,8558,11627,15430,34222,47722,54474,80339,6154,8305,11051,23927,34904,45352,57423
67,Developedregions,901,GuineaBissau,624,16106,24138,33104,35069,37727,41174,51702,9544,14450,20016,21660,23081,23972,31546,6562,9688,13088,13409,14646,17202,20156
68,Developedregions,901,Liberia,430,18354,34697,51790,71886,92087,105251,127088,10070,18532,27506,37251,46435,52169,62204,8284,16165,24284,34635,45652,53082,64884
69,Developedregions,901,Mali,466,51354,54121,57222,74501,102102,114469,136172,33381,34897,36699,49468,69597,76070,93181,17973,19224,20523,25033,32505,38399,42991
70,Developedregions,901,Mauritania,478,13255,14412,16081,23551,31210,31743,34732,9331,10155,11383,17020,22628,21711,23292,3924,4257,4698,6531,8582,10032,11440
71,Developedregions,901,Niger,562,3433,3884,4682,8091,9856,11627,13965,2080,2361,2915,4761,5824,6754,8438,1353,1523,1767,3330,4032,4873,5527
72,Developedregions,901,Nigeria,566,148202,229950,316412,464293,584650,699504,936583,89477,136282,185865,241972,298358,355867,487396,58725,93668,130547,222321,286292,343637,449187
73,Developedregions,901,SaintHelena,654,539,1933,3372,2887,3039,3633,4114,283,784,1300,1140,1239,1426,1594,256,1149,2072,1747,1800,2207,2520
74,Developedregions,901,Senegal,686,130627,142852,157174,229801,299475,328636,403615,94339,99791,106960,149746,200963,210682,258516,36288,43061,50214,80055,98512,117954,145099
75,Developedregions,901,SierraLeone,694,19718,34896,50659,65990,74816,87503,97012,11074,19589,28453,35490,37040,42074,46886,8644,15307,22206,30500,37776,45429,50126
76,Developedregions,901,Togo,768,19358,26143,33028,43023,50365,56701,67129,11271,15413,19617,24871,28826,31811,37270,8087,10730,13411,18152,21539,24890,29859
77,Developedregions,901,Kazakhstan,398,2833828,3188534,3461444,3632347,3718845,3809159,4125403,1368478,1510286,1612952,1698879,1743016,1775449,1899183,1465350,1678248,1848492,1933468,1975829,2033710,2226220
78,Developedregions,901,Kyrgyzstan,417,483043,518185,537643,622897,694898,711708,741001,234508,250754,259392,301538,337352,343533,351882,248535,267431,278251,321359,357546,368175,389119
79,Developedregions,901,Tajikistan,762,471233,459540,434172,483782,524701,535706,547307,229232,241478,246502,277891,304245,309455,316773,242001,218062,187670,205891,220456,226251,230534
80,Developedregions,901,Turkmenistan,795,249213,232529,213040,218606,221204,225586,229304,122635,114233,104205,105526,105375,106865,108379,126578,118296,108835,113080,115829,118721,120925
81,Developedregions,901,Uzbekistan,860,1078563,1177353,1247938,1357208,1458090,1516212,1539019,521303,580962,626778,692375,753811,779584,789435,557260,596391,621160,664833,704279,736628,749584
82,Developedregions,901,China,156,1460345,2069214,2767510,3790324,4628657,5690615,5696397,722302,1019875,1350857,1826826,2196801,2678238,2665215,738043,1049339,1416653,1963498,2431856,3012377,3031182
83,Developedregions,901,China,156,344,516749,567000,613434,610315,623702,671532,701469,254737,279063,301967,300405,305344,326498,338976,262012,287937,311467,309910,318358,345034
84,Developedregions,901,China,156,446,14382,16524,18765,19543,20958,23074,30050,6926,7932,9004,9439,10092,10794,14149,7456,8592,9761,10104,10866,12280
85,Developedregions,901,China,156,158,0,0,0,0,0,0,0,0,0,0,0,0,0,0,0,0,0,0,0,0
86,Developedregions,901,DemPeoplesRepublicofKorea,408,15712,15710,15627,25103,25905,26100,28278,7726,7959,8177,13139,14414,14606,15532,7986,7751,7450,11964,11491,11494,12746
87,Developedregions,901,Japan,392,430558,485783,539159,550450,573868,563062,587830,204669,230632,253333,252679,256913,243569,249999,225889,255151,285826,297771,316955,319493,337831
88,Developedregions,901,Mongolia,496,24300,26866,28899,33027,36892,40791,50672,11675,12460,12988,14224,15400,16849,21716,12625,14406,15911,18803,21492,23942,28956
89,Developedregions,901,RepublicofKorea,410,1382323,1565039,1750929,1800718,2024916,1891147,1922958,678254,777065,851183,870996,964459,905809,918571,704069,787974,899746,929722,1060457,985338,1004387
90,Developedregions,901,BruneiDarussalam,96,6623,8190,9834,11121,11701,12934,14352,3341,4057,4802,5418,5827,6338,6974,3282,4133,5032,5703,5874,6596,7378
91,Developedregions,901,Cambodia,116,237274,253657,271174,271584,294343,327130,317302,114773,122136,130176,129172,138246,151825,145859,122501,131521,140998,142412,156097,175305,171443
92,Developedregions,901,Indonesia,360,309159,326354,366239,378751,397420,413160,455468,150834,156841,172561,175209,181101,184223,200821,158325,169513,193678,203542,216319,228937,254647
93,Developedregions,901,LaoPeoplesDemocraticRepublic,418,251777,272144,292264,276189,277693,291050,258471,126654,137133,147532,139919,138732,144050,126025,125123,135011,144732,136270,138961,147000,132446
94,Developedregions,901,Malaysia,458,188217,216172,240738,276048,321551,360465,418071,92098,104398,115734,131570,152994,168291,194433,96119,111774,125004,144478,168557,192174,223638
95,Developedregions,901,Myanmar,104,44698,53633,62201,84644,120993,202675,235403,21839,26375,30926,42431,60500,100541,116308,22859,27258,31275,42213,60493,102134,119095
96,Developedregions,901,Philippines,608,1349642,1720484,2144997,2642033,3175487,3578823,3900241,507133,662925,843726,1040137,1227726,1388165,1509119,842509,1057559,1301271,1601896,1947761,2190658,2391122
97,Developedregions,901,Singapore,702,90554,103803,120452,134932,154953,178620,195574,42019,47817,55073,61180,69603,80461,87033,48535,55986,65379,73752,85350,98159,108541
98,Developedregions,901,Thailand,764,206019,280969,360360,459122,559627,659398,731803,70955,93261,117228,144888,172380,199135,213181,135064,187708,243132,314234,387247,460263,518622
99,Developedregions,901,TimorLeste,626,10514,7649,4577,14893,14494,14593,15689,5436,4077,2625,7715,7500,7610,8182,5078,3572,1952,7178,6994,6983,7507
100,Developedregions,901,VietNam,704,1085310,1380015,1669714,1851051,2056711,2282368,2700288,557518,705931,852317,939883,1029256,1098158,1291210,527792,674084,817397,911168,1027455,1184210,1409078
101,Developedregions,901,Afghanistan,4,119386,171042,223080,308292,364428,540324,894246,69707,99074,128726,179293,208572,317781,530399,49679,71968,94354,128999,155856,222543,363847
102,Developedregions,901,Bangladesh,50,161091,246816,334976,453997,597628,716978,852523,93241,143684,195335,253706,337279,400876,472633,67850,103132,139641,200291,260349,316102,379890
103,Developedregions,901,Bhutan,64,554,653,786,2145,5403,12313,14812,353,419,487,1212,2823,6361,7582,201,234,299,933,2580,5952,7230
104,Developedregions,901,India,356,1232954,1674038,2148054,2889419,3806971,4864094,5641526,635626,865729,1113060,1525048,2030856,2558653,2964696,597328,808309,1034994,1364371,1776115,2305441,2676830
105,Developedregions,901,IranIslamicRepublicof,364,518437,613271,698633,785280,881616,1027498,1152653,302178,348976,390949,440290,476898,548257,619549,216259,264295,307684,344990,404718,479241,533104
106,Developedregions,901,Maldives,462,304,419,556,739,959,1165,1299,163,225,296,367,478,595,661,141,194,260,372,481,570,638
107,Developedregions,901,Nepal,524,7177,16956,26930,75767,130678,229765,356639,4503,11067,17730,41535,72931,121405,186242,2674,5889,9200,34232,57747,108360,170397
108,Developedregions,901,Pakistan,586,447344,612967,789283,1013706,1253595,1524976,1684071,260857,355062,455172,558955,713510,847290,924288,186487,257905,334111,454751,540085,677686,759783
109,Developedregions,901,SriLanka,144,260120,345179,434462,524198,631539,713673,784773,148767,187749,228892,272656,329771,368523,403134,111353,157430,205570,251542,301768,345150,381639
110,Developedregions,901,Armenia,51,654111,658802,645730,688034,719682,754471,773899,321103,348189,365809,384002,394497,409543,418635,333008,310613,279921,304032,325185,344928,355264
111,Developedregions,901,Azerbaijan,31,1056543,1039023,991007,957537,907399,928517,954822,516211,550210,568165,539488,501790,510862,524190,540332,488813,422842,418049,405609,417655,430632
112,Developedregions,901,Bahrain,48,1783,4331,6959,8327,9228,11303,12582,1005,2255,3543,4351,4878,5875,6520,778,2076,3416,3976,4350,5428,6062
113,Developedregions,901,Cyprus,196,163985,152227,141406,140828,148538,150773,152463,85825,78219,70630,70267,74996,72036,74030,78160,74008,70776,70561,73542,78737,78433
114,Developedregions,901,Georgia,268,801710,818745,815112,755837,687009,701872,733675,392298,419903,436512,396549,351001,353338,370937,409412,398842,378600,359288,336008,348534,362738
115,Developedregions,901,Iraq,368,145177,255995,369184,490260,625409,807446,1075472,85827,151985,219244,286287,361231,441887,593598,59350,104010,149940,203973,264178,365559,481874
116,Developedregions,901,Israel,376,169372,181169,194364,222980,250777,248281,271861,88873,95238,102536,119127,133822,132275,145245,80499,85931,91828,103853,116955,116006,126616
117,Developedregions,901,Jordan,400,70531,78843,87730,100599,115552,133234,161668,48955,53231,58013,65974,72995,82504,98994,21576,25612,29717,34625,42557,50730,62674
118,Developedregions,901,Kuwait,414,16425,30301,45082,51759,58147,71693,78978,8502,15617,23278,27359,31034,38173,42252,7923,14684,21804,24400,27113,33520,36726
119,Developedregions,901,Lebanon,422,370568,392474,416036,448931,489190,505768,564758,208539,217521,227685,249489,274231,281250,313985,162029,174953,188351,199442,214959,224518,250773
120,Developedregions,901,Oman,512,714,2077,3542,5125,6102,7523,9034,416,1192,2009,2850,3450,4115,4985,298,885,1533,2275,2652,3408,4049
121,Developedregions,901,Qatar,634,904,1890,2990,4566,5972,8271,9666,477,982,1549,2511,3252,4315,5135,427,908,1441,2055,2720,3956,4531
122,Developedregions,901,SaudiArabia,682,24905,36686,49113,77299,96712,166719,172928,12206,17986,24087,40339,51636,82084,86124,12699,18700,25026,36960,45076,84635,86804
123,Developedregions,901,StateofPalestine,275,35600,38203,40702,46871,53152,71037,98537,18878,20472,22017,25861,29575,38493,52501,16722,17731,18685,21010,23577,32544,46036
124,Developedregions,901,SyrianArabRepublic,760,126353,153056,179941,208963,231509,661286,1479488,76064,90957,106304,118953,131841,387785,869938,50289,62099,73637,90010,99668,273501,609550
125,Developedregions,901,Turkey,792,2421502,2655007,2722734,2446231,2550848,2910797,3238129,1299647,1405877,1455271,1300096,1338728,1492312,1664926,1121855,1249130,1267463,1146135,1212120,1418485,1573203
126,Developedregions,901,UnitedArabEmirates,784,5600,13885,22610,33051,42724,58533,76993,3215,7813,12656,17617,23133,30923,40706,2385,6072,9954,15434,19591,27610,36287
127,Developedregions,901,Yemen,887,11457,24659,38196,48540,59222,75013,95429,7284,15392,23723,26020,31415,39208,49849,4173,9267,14473,22520,27807,35805,45580
128,Developedregions,901,Belarus,112,1570292,1574832,1549417,1446059,1331534,1334446,1345388,724917,706753,674646,621177,560312,559394,564249,845375,868079,874771,824882,771222,775052,781139
129,Developedregions,901,Bulgaria,100,122758,167927,214357,418394,600946,677554,992521,63086,81978,101425,200131,284090,315475,475667,59672,85949,112932,218263,316856,362079,516854
130,Developedregions,901,Czechia,203,556080,611829,714767,744399,772197,812065,1017371,268519,286088,320861,333171,332600,349700,432032,287561,325741,393906,411228,439597,462365,585339
131,Developedregions,901,Hungary,348,364889,378626,397284,445762,492087,581718,694992,184356,189859,199877,219250,238811,283861,343702,180533,188767,197407,226512,253276,297857,351290
132,Developedregions,901,Poland,616,1510941,1630098,1919392,2777055,3626749,3982385,4727987,688331,726802,825555,1260686,1693513,1842247,2255212,822610,903296,1093837,1516369,1933236,2140138,2472775
133,Developedregions,901,RepublicofMoldova,498,567165,567444,560051,679121,797027,898849,1127326,263476,273964,280386,326298,370691,417379,540767,303689,293480,279665,352823,426336,481470,586559
134,Developedregions,901,Romania,642,660762,818331,980205,1960092,3227640,3281980,3842125,308120,389202,473020,923724,1523001,1509163,1814375,352642,429129,507185,1036368,1704639,1772817,2027750
135,Developedregions,901,RussianFederation,643,7557893,7080082,6698312,6427139,6288874,6253998,6703952,3275642,3003336,2772732,2684086,2610474,2612723,2756770,4282251,4076746,3925580,3743053,3678400,3641275,3947182
136,Developedregions,901,Slovakia,703,132447,191019,250813,270967,259307,345940,417948,65626,94883,124859,128074,118596,156350,194669,66821,96136,125954,142893,140711,189590,223279
137,Developedregions,901,Ukraine,804,4668356,4850378,4954276,4918256,4776352,5126234,5452436,2241388,2305560,2333358,2262647,2135388,2294381,2455664,2426968,2544818,2620918,2655609,2640964,2831853,2996772
138,Developedregions,901,ChannelIslands,830,18625,15545,12725,14744,15573,16343,17010,8720,7448,6281,7142,7702,8249,8782,9905,8097,6444,7602,7871,8094,8228
139,Developedregions,901,Denmark,208,194363,199383,207302,213415,221397,223827,241764,87959,90402,94994,100704,105390,105367,114432,106404,108981,112308,112711,116007,118460,127332
140,Developedregions,901,Estonia,233,110168,126078,138901,147178,150711,186159,203566,52689,58984,63797,66565,67371,82797,90059,57479,67094,75104,80613,83340,103362,113507
141,Developedregions,901,FaroeIslands,234,7518,10003,12410,12484,12364,13407,12927,2989,4113,5236,5200,5189,5736,5511,4529,5890,7174,7284,7175,7671,7416
142,Developedregions,901,Finland,246,247088,284729,310976,295421,286414,276507,305124,100465,114530,123620,119000,113236,106366,120918,146623,170199,187356,176421,173178,170141,184206
143,Developedregions,901,Iceland,352,17533,21353,26013,28270,31794,36259,42426,8584,10398,12671,13912,15740,17866,20633,8949,10955,13342,14358,16054,18393,21793
144,Developedregions,901,Ireland,372,908952,855990,812018,759364,714925,719224,714223,409302,381642,357317,337432,321479,327042,331674,499650,474348,454701,421932,393446,392182,382549
145,Developedregions,901,IsleofMan,833,10735,9003,7377,8483,9031,10577,12030,5098,4363,3675,4166,4532,5182,5814,5637,4640,3702,4317,4499,5395,6216
146,Developedregions,901,Latvia,428,200654,216233,227332,261856,271090,361951,372699,93400,99715,103911,117805,119519,162052,169281,107254,116518,123421,144051,151571,199899,203418
147,Developedregions,901,Lithuania,440,310298,317972,328202,396049,504713,543020,644500,138545,139794,142494,172399,219361,239021,282598,171753,178178,185708,223650,285352,303999,361902
148,Developedregions,901,Norway,578,130212,139115,146696,154687,158042,162397,166535,55383,58870,61966,67074,68797,70112,73169,74829,80245,84730,87613,89245,92285,93366
149,Developedregions,901,Sweden,752,197121,214880,243704,255647,278746,288775,311094,82846,91651,106168,112737,122820,129027,139473,114275,123229,137536,142910,155926,159748,171621
150,Developedregions,901,UnitedKingdom,826,3462531,3381005,3465267,3688221,3997835,3981970,4298585,1713505,1675676,1723152,1851031,1997393,2008944,2181426,1749026,1705329,1742115,1837190,2000442,1973026,2117159
151,Developedregions,901,Albania,8,177986,497670,819842,961529,1112540,1137208,1243206,108188,280178,452402,515053,578237,573478,639272,69798,217492,367440,446476,534303,563730,603934
152,Developedregions,901,Andorra,20,3737,4140,5574,5720,7062,7694,9910,1735,1938,2646,2734,3397,3643,4649,2002,2202,2928,2986,3665,4051,5261
153,Developedregions,901,BosniaandHerzegovina,70,854349,1365001,1493352,1498139,1569766,1590288,1683484,423323,664644,730289,725233,758450,761631,818850,431026,700357,763063,772906,811316,828657,864634
154,Developedregions,901,Croatia,191,422110,731823,903531,835668,816061,801367,1034044,212337,361199,433878,397448,381160,373159,492516,209773,370624,469653,438220,434901,428208,541528
155,Developedregions,901,Gibraltar,292,11920,10066,8384,9575,10123,11835,13299,5633,4855,4139,4704,5083,5711,6370,6287,5211,4245,4871,5040,6124,6929
156,Developedregions,901,Greece,300,890569,897871,898992,776341,685989,716897,959022,470860,469651,465722,406317,358686,372232,509555,419709,428220,433270,370024,327303,344665,449467
157,Developedregions,901,HolySee,336,10,26,41,110,175,310,174,5,17,28,54,76,115,71,5,9,13,56,99,195,103
158,Developedregions,901,Italy,380,2789415,2730318,2669434,2349333,2245407,2307185,2892654,1448019,1415685,1383469,1231144,1166407,1215461,1563491,1341396,1314633,1285965,1118189,1079000,1091724,1329163
159,Developedregions,901,Malta,470,110502,109612,104608,99934,98864,93042,102194,56397,55431,52206,49698,49216,46988,51404,54105,54181,52402,50236,49648,46054,50790
160,Developedregions,901,Montenegro,499,77143,144402,183218,147768,148469,133727,132681,38702,70401,85290,70212,67602,61182,61410,38441,74001,97928,77556,80867,72545,71271
161,Developedregions,901,NorthMacedonia,807,380767,399163,394339,317521,381107,419722,493887,191059,200684,200755,163548,192755,209610,250332,189708,198479,193584,153973,188352,210112,243555
162,Developedregions,901,Portugal,620,1475456,1567040,1679428,1461675,1693506,1718835,1815460,751116,796339,853321,749781,863362,878268,933800,724340,770701,826107,711894,830144,840567,881660
163,Developedregions,901,SanMarino,674,1376,2420,3459,2880,2215,3631,2348,536,1101,1663,1276,850,1255,971,840,1319,1796,1604,1365,2376,1377
164,Developedregions,901,Serbia,688,738976,910655,1128108,955728,928723,818863,995193,392273,479271,591007,488849,460464,402609,493180,346703,431384,537101,466879,468259,416254,502013
165,Developedregions,901,Slovenia,705,89464,106584,116585,117769,121570,135097,158662,39016,46523,51197,52002,53738,60439,72605,50448,60061,65388,65767,67832,74658,86057
166,Developedregions,901,Spain,724,917001,924686,932589,792018,785301,930823,1125354,425753,419535,411616,349644,337736,407778,511425,491248,505151,520973,442374,447565,523045,613929
167,Developedregions,901,Austria,40,471950,457072,443303,459981,484705,480879,559145,218340,211742,205329,210816,215758,217188,261537,253610,245330,237974,249165,268947,263691,297608
168,Developedregions,901,Belgium,56,338069,349143,371692,408930,451850,480547,536043,143609,148613,159229,188267,202007,226381,256024,194460,200530,212463,220663,249843,254166,280019
169,Developedregions,901,France,250,881133,978606,1133920,1263112,1431051,1537545,1720188,394850,447723,527376,591958,669474,721546,815753,486283,530883,606544,671154,761577,815999,904435
170,Developedregions,901,Germany,276,2488935,2616327,2801648,3000101,3250761,3183649,3294912,1123196,1201628,1307432,1413568,1503804,1495614,1563696,1365739,1414699,1494216,1586533,1746957,1688035,1731216
171,Developedregions,901,Liechtenstein,438,3250,2848,2522,2810,3490,3431,3602,1335,1196,1094,1227,1495,1491,1580,1915,1652,1428,1583,1995,1940,2022
172,Developedregions,901,Luxembourg,442,35779,37535,39402,52510,61741,69046,81400,18435,19128,19871,26213,28759,32582,40297,17344,18407,19531,26297,32982,36464,41103
173,Developedregions,901,Monaco,492,4200,4505,4829,18775,26473,28804,31977,2135,2251,2367,9377,12822,13619,15139,2065,2254,2462,9398,13651,15185,16838
174,Developedregions,901,Netherlands,528,660809,671693,689034,724297,772267,782015,869938,326551,333137,341428,362581,383965,390434,432807,334258,338556,347606,361716,388302,391581,437131
175,Developedregions,901,Switzerland,756,288203,304356,336902,469365,589263,608241,670292,125358,134111,151194,217785,271387,276422,304069,162845,170245,185708,251580,317876,331819,366223
176,Developedregions,901,Anguilla,660,540,850,1163,1038,802,1060,990,280,431,579,493,393,570,499,260,419,584,545,409,490,491
177,Developedregions,901,AntiguaandBarbuda,28,14561,19730,25064,28556,33320,39504,53847,6595,8949,11388,13014,15016,17502,23652,7966,10781,13676,15542,18304,22002,30195
178,Developedregions,901,Aruba,533,4639,5371,6183,7505,9426,12300,16799,2020,2344,2705,3323,4149,5436,7342,2619,3027,3478,4182,5277,6864,9457
179,Developedregions,901,Bahamas,44,23376,27859,32529,33096,34415,41330,52070,9741,11746,13869,14247,14606,17295,21455,13635,16113,18660,18849,19809,24035,30615
180,Developedregions,901,Barbados,52,79563,84445,90117,87936,91666,97205,94696,37394,39716,42423,41302,42712,44750,43280,42169,44729,47694,46634,48954,52455,51416
181,Developedregions,901,Bonaire,16,535,139,139,141,139,4182,4196,4624,64,62,63,60,1898,1902,2098,75,77,78,79,2284,2294
182,Developedregions,901,BritishVirginIslands,92,158,330,510,460,498,531,579,84,158,230,217,241,240,255,74,172,280,243,257,291,324
183,Developedregions,901,CaymanIslands,136,269,709,1192,1197,1299,1578,1777,141,317,511,538,597,720,785,128,392,681,659,702,858,992
184,Developedregions,901,Cuba,192,774534,870807,978742,1091808,1238510,1430858,1641670,368086,413194,464171,518138,578389,663119,759420,406448,457613,514571,573670,660121,767739,882250
185,Developedregions,901,CuraÃao,531,431,433,461,468,40135,898,1924,209,213,224,217,18307,407,906,222,220,237,251,21828,491,1018
186,Developedregions,901,Dominica,212,23814,25681,27791,43372,52897,51652,57393,11381,12162,13033,19500,22210,21345,23459,12433,13519,14758,23872,30687,30307,33934
187,Developedregions,901,DominicanRepublic,214,387566,581620,788298,905106,1067284,1338400,1462623,166342,246886,331680,382592,446520,559501,604651,221224,334734,456618,522514,620764,778899,857972
188,Developedregions,901,Grenada,308,23826,36126,49744,49862,53224,57964,50119,10793,16394,22691,22306,23233,25110,21480,13033,19732,27053,27556,29991,32854,28639
189,Developedregions,901,Guadeloupe,312,162,261,377,484,450,531,572,81,128,183,252,245,255,275,81,133,194,232,205,276,297
190,Developedregions,901,Haiti,332,294766,404546,517854,632251,728305,861484,901167,145320,200171,257062,311789,352146,414230,428918,149446,204375,260792,320462,376159,447254,472249
191,Developedregions,901,Jamaica,388,575132,701959,836736,880332,957357,996633,1080940,262462,317660,376780,392511,413488,425776,458946,312670,384299,459956,487821,543869,570857,621994
192,Developedregions,901,Martinique,474,316,308,327,445,530,681,735,158,157,158,242,305,316,341,158,151,169,203,225,365,394
193,Developedregions,901,Montserrat,500,5174,9316,13559,13060,14470,17082,21425,2413,4101,5828,5735,6406,7347,9108,2761,5215,7731,7325,8064,9735,12317
194,Developedregions,901,PuertoRico,630,1180927,1384732,1577177,1618727,1711247,1696361,1830053,565279,627685,677476,700406,727080,831464,894911,615648,757047,899701,918321,984167,864897,935142
195,Developedregions,901,SaintBarthelemy,652,0,0,0,0,0,0,0,0,0,0,0,0,0,0,0,0,0,0,0,0,0
196,Developedregions,901,SaintKittsandNevis,659,9886,14973,20202,21573,24349,28412,38142,4522,6836,9219,9697,10771,12592,16660,5364,8137,10983,11876,13578,15820,21482
197,Developedregions,901,SaintLucia,662,10108,17652,25476,33291,37372,44826,57756,4593,7897,11330,14318,15499,18367,23555,5515,9755,14146,18973,21873,26459,34201
198,Developedregions,901,SaintMartinFrenchpart,663,0,0,0,0,0,0,0,0,0,0,0,0,0,0,0,0,0,0,0,0,0
199,Developedregions,901,SaintVincentandtheGrenadines,670,18424,27298,36438,38201,40809,46862,38895,9419,13837,18378,18668,19312,21977,17551,9005,13461,18060,19533,21497,24885,21344
200,Developedregions,901,SintMaartenDutchpart,534,113,108,106,105,1605,136,246,55,52,51,49,738,58,112,58,56,55,56,867,78,134
201,Developedregions,901,TrinidadandTobago,780,182904,235924,291721,307069,334781,352492,314191,80657,102655,126014,132015,141192,147146,129930,102247,133269,165707,175054,193589,205346,184261
202,Developedregions,901,TurksandCaicosIslands,796,221,240,243,208,195,210,223,107,115,115,111,116,107,111,114,125,128,97,79,103,112
203,Developedregions,901,UnitedStatesVirginIslands,850,70,134,203,206,182,251,276,39,64,92,100,86,126,139,31,70,111,106,96,125,137
204,Developedregions,901,Belize,84,32183,37961,43978,47378,52228,57953,47121,13289,15850,18549,20149,21829,24040,19252,18894,22111,25429,27229,30399,33913,27869
205,Developedregions,901,CostaRica,188,48040,64578,81739,92420,105376,107418,115828,19481,26462,33771,38602,43448,43875,46839,28559,38116,47968,53818,61928,63543,68989
206,Developedregions,901,ElSalvador,222,507652,702225,900994,1068824,1274062,1442042,1514513,257214,356619,458635,547254,644348,723719,757838,250438,345606,442359,521570,629714,718323,756675
207,Developedregions,901,Guatemala,320,245297,381298,520683,671504,851238,1029221,1270712,123986,193174,264325,342412,428590,515325,629397,121311,188124,256358,329092,422648,513896,641315
208,Developedregions,901,Honduras,340,114335,206058,300452,401901,530960,663995,890248,48351,88408,129820,174526,224194,275678,357950,65984,117650,170632,227375,306766,388317,532298
209,Developedregions,901,Mexico,484,4350586,6900091,9508071,10759815,12349491,11847788,11095584,2337466,3723547,5146461,5848034,6634467,6318671,5900685,2013120,3176544,4361610,4911781,5715024,5529117,5194899
210,Developedregions,901,Nicaragua,558,179003,209847,241757,253796,282713,318125,317745,85610,100661,116348,122481,132374,146082,140353,93393,109186,125409,131315,150339,172043,177392
211,Developedregions,901,Panama,591,90144,102564,115732,115503,118946,127944,114130,44012,50400,57194,57283,58127,62052,54498,46132,52164,58538,58220,60819,65892,59632
212,Developedregions,901,Argentina,32,223308,250039,297623,528107,640361,625973,702541,101201,114616,138707,257535,311742,299929,334491,122107,135423,158916,270572,328619,326044,368050
213,Developedregions,901,BoliviaPlurinationalStateof,68,43272,58622,75114,188666,337691,280812,288562,21162,28575,36566,87198,148517,119658,121602,22110,30047,38548,101468,189174,161154,166960
214,Developedregions,901,Brazil,76,282969,514536,709978,936978,1212999,1182121,1541205,114297,213871,292990,382558,488060,469675,619816,168672,300665,416988,554420,724939,712446,921389
215,Developedregions,901,Chile,152,191694,212219,237163,278691,313446,320773,331410,89567,98512,109668,130913,146402,147606,152864,102127,113707,127495,147778,167044,173167,178546
216,Developedregions,901,Colombia,170,365140,512824,671538,1020893,1259741,1302665,1563951,157368,223547,294440,451151,553454,559866,670017,207772,289277,377098,569742,706287,742799,893934
217,Developedregions,901,Ecuador,218,165601,270382,381934,915709,1069045,1034431,1003860,81237,132057,186367,444224,514916,490417,470021,84364,138325,195567,471485,554129,544014,533839
218,Developedregions,901,FalklandIslandsMalvinas,238,237,740,1240,1068,1132,1318,1464,130,326,517,454,494,552,605,107,414,723,614,638,766,859
219,Developedregions,901,FrenchGuiana,254,61,57,64,74,80,298,319,29,27,31,39,45,146,156,32,30,33,35,35,152,163
220,Developedregions,901,Guyana,328,206865,263744,323780,346926,381949,419956,373536,97936,124819,153308,163288,176300,192585,168806,108929,138925,170472,183638,205649,227371,204730
221,Developedregions,901,Paraguay,600,14571,18843,23731,51880,129529,109727,146298,5946,7343,9025,19400,44833,34912,47727,8625,11500,14706,32480,84696,74815,98571
222,Developedregions,901,Peru,604,228073,358687,483173,663288,891312,937476,949620,101746,158701,211927,293152,371498,380884,385022,126327,199986,271246,370136,519814,556592,564598
223,Developedregions,901,Suriname,740,160380,172972,191475,222985,226616,224401,239470,77368,81842,88984,102884,101004,98472,104791,83012,91130,102491,120101,125612,125929,134679
224,Developedregions,901,Uruguay,858,56838,63267,74802,137051,174375,163169,172984,26639,29617,35327,66668,81308,74992,79604,30199,33650,39475,70383,93067,88177,93380
225,Developedregions,901,VenezuelaBolivarianRepublicof,862,114991,163586,230446,345552,450820,532867,996445,48599,68862,98641,149410,193707,224679,417149,66392,94724,131805,196142,257113,308188,579296
226,Developedregions,901,Bermuda,60,71550,42477,13970,14762,15126,16021,20892,34623,20641,6892,7304,7478,7883,10176,36927,21836,7078,7458,7648,8138,10716
227,Developedregions,901,Canada,124,938586,998760,1063916,1096259,1156083,1147665,1159147,336941,359887,385684,403165,419236,413594,423145,601645,638873,678232,693094,736847,734071,736002
228,Developedregions,901,Greenland,304,8997,10912,12876,14263,15018,16308,17415,3587,4379,5199,5873,6292,6941,7418,5410,6533,7677,8390,8726,9367,9997
229,Developedregions,901,SaintPierreandMiquelon,666,433,418,413,341,286,289,311,211,213,220,171,132,160,172,222,205,193,170,154,129,139
230,Developedregions,901,UnitedStatesofAmerica,840,889414,898169,924484,1021410,1104829,1144001,1287317,436579,440408,451299,494428,518019,546575,612089,452835,457761,473185,526982,586810,597426,675228
231,Developedregions,901,Australia,36,245256,285509,326737,360384,401231,430014,503239,109322,126661,145100,162525,188321,198451,232864,135934,158848,181637,197859,212910,231563,270375
232,Developedregions,901,NewZealand,554,371488,399163,470253,534542,638211,712552,777794,187589,200018,235109,269443,324163,360578,390598,183899,199145,235144,265099,314048,351974,387196
233,Developedregions,901,Fiji,242,85997,103292,129699,154152,180287,205009,230286,41697,49298,62143,73827,85799,97518,109003,44300,53994,67556,80325,94488,107491,121283
234,Developedregions,901,NewCaledonia,540,1268,1419,1471,1506,1771,2038,2288,536,606,638,676,831,926,1051,732,813,833,830,940,1112,1237
235,Developedregions,901,PapuaNewGuinea,598,1845,2810,2987,3235,3394,4155,3994,934,1388,1495,1585,1647,1911,1912,911,1422,1492,1650,1747,2244,2082
236,Developedregions,901,SolomonIslands,90,1115,1464,1747,1985,2302,2754,3118,530,679,795,882,1041,1263,1403,585,785,952,1103,1261,1491,1715
237,Developedregions,901,Vanuatu,548,1017,1222,1339,2055,2261,2487,2768,461,559,626,960,967,1114,1217,556,663,713,1095,1294,1373,1551
238,Developedregions,901,Guam,316,43,39,54,82,100,120,127,22,18,28,41,50,66,65,21,21,26,41,50,54,62
239,Developedregions,901,Kiribati,296,989,1267,1122,1466,1977,2427,3355,444,567,485,654,881,1089,1535,545,700,637,812,1096,1338,1820
240,Developedregions,901,MarshallIslands,584,1115,3770,6508,6220,6114,7247,10499,547,1872,3248,3121,3027,3576,5120,568,1898,3260,3099,3087,3671,5379
241,Developedregions,901,MicronesiaFedStatesof,583,2764,5013,7571,7101,6937,8230,11908,1352,2481,3781,3563,3437,4048,5790,1412,2532,3790,3538,3500,4182,6118
242,Developedregions,901,Nauru,520,465,497,513,593,653,745,819,217,233,248,304,356,364,395,248,264,265,289,297,381,424
243,Developedregions,901,NorthernMarianaIslands,580,274,280,277,164,49,50,48,136,138,134,78,20,21,21,138,142,143,86,29,29,27
244,Developedregions,901,Palau,585,12,16,21,109,212,199,204,6,6,7,83,169,158,162,6,10,14,26,43,41,42
245,Developedregions,901,AmericanSamoa,16,1027,1115,1164,680,164,164,41,505,553,561,330,82,89,22,522,562,603,350,82,75,19
246,Developedregions,901,CookIslands,184,17440,16958,19420,19524,20501,21503,21057,8358,8127,9470,9529,10043,10669,10431,9082,8831,9950,9995,10458,10834,10626
247,Developedregions,901,FrenchPolynesia,258,325,490,611,621,786,973,1058,137,218,271,273,361,445,495,188,272,340,348,425,528,563
248,Developedregions,901,Niue,570,5821,5500,5641,5219,5307,5304,5141,2812,2609,2728,2547,2582,2590,2521,3009,2891,2913,2672,2725,2714,2620
249,Developedregions,901,Samoa,882,59558,65165,76277,81830,88178,100223,119038,28658,31206,37261,40021,43073,49177,58306,30900,33959,39016,41809,45105,51046,60732
250,Developedregions,901,Tokelau,772,1523,1648,1899,1939,2036,2060,2008,755,819,937,962,1025,1042,1016,768,829,962,977,1011,1018,992
251,Developedregions,901,Tonga,776,29974,35557,43834,45638,48737,55423,70784,14745,17401,21499,22469,23951,27414,34691,15229,18156,22335,23169,24786,28009,36093
252,Developedregions,901,Tuvalu,798,1171,1584,1471,1806,2147,2318,2758,550,748,729,868,998,1097,1298,621,836,742,938,1149,1221,1460
253,Developedregions,901,WallisandFutunaIslands,876,884,451,26,14,5,4,4,743,373,9,5,3,0,2,141,78,17,9,2,4,2
254,Lessdevelopedregions,902,Developedregions,901,11229474,10387083,9763955,9904773,10178682,10466834,11367827,5263756,4889091,4608249,4746020,4940542,5068662,5423016,5965718,5497992,5155706,5158753,5238140,5398172,5944811
255,Lessdevelopedregions,902,Lessdevelopedregions,902,54545883,53785018,55462240,60633430,74866555,90073447,105150052,29620541,29208738,30286358,33659964,42807815,51725940,60518004,24925342,24576280,25175882,26973466,32058740,38347507,44632048
256,Lessdevelopedregions,902,Lessdevelopedregions,902,934,27020846,28540906,30884060,35191301,44845886,55341572,65740378,14596005,15424274,16771186,19469697,25850371,32179888,37981283,12424841,13116632,14112874,15721604,18995515,23161684
257,Lessdevelopedregions,902,Lessdevelopedregions,902,948,51670149,50700101,52196600,56855734,70439555,85127266,99963818,28092683,27611715,28639020,31820707,40729312,49420933,58187129,23577466,23088386,23557580,25035027,29710243,35706333
258,Lessdevelopedregions,902,Leastdevelopedcountries,941,27525037,25244112,24578180,25442129,30020669,34731875,39409674,15024536,13784464,13515172,14190267,16957444,19546052,22536721,12500501,11459648,11063008,11251862,13063225,15185823,16872953
259,Lessdevelopedregions,902,LandlockedDevelopingCountriesLLDC,1636,16493183,14644235,13478426,13673796,16074537,18840016,21329082,8682317,7634492,7105292,7267906,8402582,9877939,11211546,7810866,7009743,6373134,6405890,7671955,8962077,10117536
260,Lessdevelopedregions,902,SmallislanddevelopingStatesSIDS,1637,802903,967834,1166515,1242271,1329391,1590525,1983687,424313,506814,606123,648442,690084,858959,1075674,378590,461020,560392,593829,639307,731566,908013
261,Lessdevelopedregions,902,Highincomecountries,1503,5765226,5666154,5751473,6115044,6684345,7053860,7677283,2923847,2889417,2941454,3149479,3470262,3648527,3931252,2841379,2776737,2810019,2965565,3214083,3405333,3746031
262,Lessdevelopedregions,902,Middleincomecountries,1517,40418423,41493278,43822291,48980398,60443602,67115457,78276172,21414875,22053026,23419733,26629562,34326702,38693560,45184432,19003548,19440252,20402558,22350836,26116900,28421897,33091740
263,Lessdevelopedregions,902,Uppermiddleincomecountries,1502,14784707,15361775,16012834,17595918,20825444,21709923,27899920,7249501,7504208,7790769,8628806,10311364,10793188,13641953,7535206,7857567,8222065,8967112,10514080,10916735,14257967
264,Lessdevelopedregions,902,Lowermiddleincomecountries,1501,25633716,26131503,27809457,31384480,39618158,45405534,50376252,14165374,14548818,15628964,18000756,24015338,27900372,31542479,11468342,11582685,12180493,13383724,15602820,17505162,18833773
265,Lessdevelopedregions,902,Lowincomecountries,1500,19390046,16806376,15440917,15263933,17694610,26129808,30311860,10436580,9044910,8421222,8533112,9837778,14330148,16697058,8953466,7761466,7019695,6730821,7856832,11799660,13614802
266,Lessdevelopedregions,902,MiddleAfrica,911,1511810,1380606,1884310,2012130,2204097,2882061,3325645,751792,694249,948565,1038256,1110699,1474251,1706929,760018,686357,935745,973874,1093398,1407810,1618716
267,Lessdevelopedregions,902,WesternAsia,922,5001321,5679643,6222627,7165632,9005411,13418762,15320813,2575686,2940550,3274623,3868772,4968223,7539506,8581470,2425635,2739093,2948004,3296860,4037188,5879256,6739343
268,Lessdevelopedregions,902,EasternEurope,923,7068090,6298022,5581785,5467542,5405429,5527446,5872306,3145269,2798813,2468684,2464433,2478930,2524193,2635022,3922821,3499209,3113101,3003109,2926499,3003253,3237284
269,Lessdevelopedregions,902,CentralAmerica,916,1255796,683842,515297,567509,639437,696736,833093,609812,331361,252375,273602,302121,330040,405723,645984,352481,262922,293907,337316,366696,427370
270,Lessdevelopedregions,902,Melanesia,928,13255,13093,13128,14087,14263,13326,13567,6656,6691,6757,7339,7448,6791,6940,6599,6402,6371,6748,6815,6535,6627
271,Lessdevelopedregions,902,Micronesia,954,15798,18272,22968,24197,22988,22932,24038,7743,9141,11319,11990,11508,11547,12091,8055,9131,11649,12207,11480,11385,11947
272,Lessdevelopedregions,902,Polynesia,957,28837,32139,35428,32915,30734,35529,36373,15079,16627,18150,16785,15567,17900,18316,13758,15512,17278,16130,15167,17629,18057
273,Lessdevelopedregions,902,Burundi,108,332480,533250,748470,599757,255984,427415,513674,171494,273837,383549,376818,130426,212528,257447,160986,259413,364921,222939,125558,214887,256227
274,Lessdevelopedregions,902,Comoros,174,21133,31691,50251,65393,74098,83010,108259,12765,18421,27360,34572,37981,41831,53886,8368,13270,22891,30821,36117,41179,54373
275,Lessdevelopedregions,902,Djibouti,262,1842,3013,4578,3870,4619,5382,5346,1058,1866,2923,2410,2716,3102,3071,784,1147,1655,1460,1903,2280,2275
276,Lessdevelopedregions,902,Eritrea,232,145038,336524,459079,224889,229472,418076,491667,76711,178577,230404,115971,122001,218489,252206,68327,157947,228675,108918,107471,199587,239461
277,Lessdevelopedregions,902,Ethiopia,231,1573041,680615,290999,303073,381556,448679,492375,797661,343827,159524,170859,218202,261624,290409,775380,336788,131475,132214,163354,187055,201966
278,Lessdevelopedregions,902,Kenya,404,95707,95436,104289,113005,130963,136737,134957,44244,43758,48239,51774,60299,63179,63803,51463,51678,56050,61231,70664,73558,71154
279,Lessdevelopedregions,902,Madagascar,450,15915,20986,27257,31628,34751,36412,39289,7565,9965,12809,15110,16755,17564,18959,8350,11021,14448,16518,17996,18848,20330
280,Lessdevelopedregions,902,Malawi,454,131852,138259,172414,206073,243249,276741,287504,78438,82493,103332,121620,142588,162354,174177,53414,55766,69082,84453,100661,114387,113327
281,Lessdevelopedregions,902,Mauritius,480,9090,8400,8906,11232,13132,15344,16925,5289,4632,4607,5741,6449,7511,8896,3801,3768,4299,5491,6683,7833,8029
282,Lessdevelopedregions,902,Mayotte,175,1835,3937,6214,6468,6335,6545,6767,986,1948,2976,3137,3108,3199,3305,849,1989,3238,3331,3227,3346,3462
283,Lessdevelopedregions,902,Mozambique,508,2143397,732620,558586,576758,722844,511468,542775,1164254,447329,350742,369587,477330,309572,340811,979143,285291,207844,207171,245514,201896,201964
284,Lessdevelopedregions,902,Reunion,638,2962,2493,2185,2204,2260,2380,2465,1507,1202,967,904,839,832,894,1455,1291,1218,1300,1421,1548,1571
285,Lessdevelopedregions,902,Rwanda,646,539290,2048986,303335,261557,301619,465558,450549,272340,1015774,150691,129425,146840,229822,222202,266950,1033212,152644,132132,154779,235736,228347
286,Lessdevelopedregions,902,Seychelles,690,6643,9169,10776,14682,16701,17461,18353,3414,4716,5355,6667,7538,7908,8440,3229,4453,5421,8015,9163,9553,9913
287,Lessdevelopedregions,902,Somalia,706,780653,845323,823107,804119,1213344,1562964,1481977,413718,445073,425793,441941,659448,832107,803228,366935,400250,397314,362178,553896,730857,678749
288,Lessdevelopedregions,902,SouthSudan,728,514942,438043,342626,228535,402590,1047558,2560010,266794,233701,190325,124609,209891,536599,1262560,248148,204342,152301,103926,192699,510959,1297450
289,Lessdevelopedregions,902,Uganda,800,240462,284011,431821,487615,613913,641542,601341,121511,138828,212180,244813,293652,308676,290360,118951,145183,219641,242802,320261,332866,310981
290,Lessdevelopedregions,902,UnitedRepublicofTanzania,834,142010,162716,142756,151090,161093,167043,168655,75920,85705,72047,76448,80110,82997,85079,66090,77011,70709,74642,80983,84046,83576
291,Lessdevelopedregions,902,Zambia,894,59139,109482,122332,132588,123248,110669,109490,29634,52487,59085,63948,58927,53355,53763,29505,56995,63247,68640,64321,57314,55727
292,Lessdevelopedregions,902,Zimbabwe,716,163406,226287,266770,348372,521736,890249,912779,86106,118911,141684,184582,273349,475488,491412,77300,107376,125086,163790,248387,414761,421367
293,Lessdevelopedregions,902,Angola,24,657505,501659,699489,487082,447922,383305,394244,325062,254878,354683,241927,224027,197310,204827,332443,246781,344806,245155,223895,185995,189417
294,Lessdevelopedregions,902,Cameroon,120,65669,73683,83396,85892,101377,124608,162802,35408,39333,44345,44842,52998,67857,88260,30261,34350,39051,41050,48379,56751,74542
295,Lessdevelopedregions,902,CentralAfricanRepublic,140,37240,39514,44958,115129,228167,665714,793924,19568,20202,22355,53498,111649,338358,398654,17672,19312,22603,61631,116518,327356,395270
296,Lessdevelopedregions,902,Chad,148,333190,218937,201173,201802,192344,179338,208507,165970,110538,104671,108841,106510,97845,112053,167220,108399,96502,92961,85834,81493,96454
297,Lessdevelopedregions,902,Congo,178,34775,49786,64594,86119,81592,99038,106827,17804,25681,33750,43231,42213,50134,55751,16971,24105,30844,42888,39379,48904,51076
298,Lessdevelopedregions,902,DemocraticRepublicoftheCongo,180,340985,442926,725092,948876,1062432,1299767,1517078,166895,216817,356154,502003,527663,650424,768316,174090,226109,368938,446873,534769,649343,748762
299,Lessdevelopedregions,902,EquatorialGuinea,226,27732,36868,46102,53197,61665,96189,104413,13639,18111,22806,26556,31429,55011,59640,14093,18757,23296,26641,30236,41178,44773
300,Lessdevelopedregions,902,Gabon,266,6630,7189,7515,21229,14729,18296,20636,3470,3788,3964,11194,7589,9278,10478,3160,3401,3551,10035,7140,9018,10158
301,Lessdevelopedregions,902,SaoTomeandPrincipe,678,8084,10044,11991,12804,13869,15806,17214,3976,4901,5837,6164,6621,8034,8950,4108,5143,6154,6640,7248,7772,8264
302,Lessdevelopedregions,902,Algeria,12,54650,61380,63105,72328,77940,92527,94528,26540,29650,30417,35069,37676,45743,47139,28110,31730,32688,37259,40264,46784,47389
303,Lessdevelopedregions,902,Egypt,818,1052094,1174749,1341741,1380307,2092100,2571962,2953919,663108,765084,893015,927298,1449567,1701670,1957213,388986,409665,448726,453009,642533,870292,996706
304,Lessdevelopedregions,902,Libya,434,50917,49075,47279,44473,49662,65303,74467,25928,25083,24465,23184,25841,35853,41144,24989,23992,22814,21289,23821,29450,33323
305,Lessdevelopedregions,902,Morocco,504,180374,191618,193127,188478,191084,199558,198077,88522,92726,93210,91525,93712,97778,97375,91852,98892,99917,96953,97372,101780,100702
306,Lessdevelopedregions,902,Sudan,729,569852,741667,832166,1187878,1119313,1719673,1946014,326655,419894,471563,658681,646366,950934,1074333,243197,321773,360603,529197,472947,768739,871681
307,Lessdevelopedregions,902,Tunisia,788,49065,48879,47325,41614,39899,42592,43824,24216,24014,23460,21168,21315,22692,23534,24849,24865,23865,20446,18584,19900,20290
308,Lessdevelopedregions,902,WesternSahara,732,167905,166903,165911,131163,170126,184665,193604,92390,91693,90999,71941,89899,97512,102179,75515,75210,74912,59222,80227,87153,91425
309,Lessdevelopedregions,902,Botswana,72,23205,20041,22886,28601,39293,49042,56586,17717,13967,14194,17463,23628,29486,36430,5488,6074,8692,11138,15665,19556,20156
310,Lessdevelopedregions,902,Eswatini,748,34633,29244,32443,42566,66317,43031,46509,25322,19324,18345,23578,36518,21071,22682,9311,9920,14098,18988,29799,21960,23827
311,Lessdevelopedregions,902,Lesotho,426,190963,136066,119802,158011,241995,190083,200642,145731,93858,66877,85006,129462,85451,88883,45232,42208,52925,73005,112533,104632,111759
312,Lessdevelopedregions,902,Namibia,516,14773,26103,46312,61185,94454,43980,40293,8727,13940,23357,30150,46442,22031,20136,6046,12163,22955,31035,48012,21949,20157
313,Lessdevelopedregions,902,SouthAfrica,710,83816,88421,99863,102724,107315,110330,116029,43050,46276,52792,52594,52916,54709,58137,40766,42145,47071,50130,54399,55621,57892
314,Lessdevelopedregions,902,Benin,204,219476,259644,310752,479525,513072,602834,644567,118733,139716,165159,266575,282451,323532,344457,100743,119928,145593,212950,230621,279302,300110
315,Lessdevelopedregions,902,BurkinaFaso,854,1014945,1205710,1265812,1331730,1409073,1489919,1565410,569660,675387,707550,744953,786131,831530,873343,445285,530323,558262,586777,622942,658389,692067
316,Lessdevelopedregions,902,CaboVerde,132,11136,11909,12277,15319,17755,19230,20012,5959,6206,6300,7563,8728,9391,10077,5177,5703,5977,7756,9027,9839,9935
317,Lessdevelopedregions,902,CotedIvoire,384,317099,387108,463429,602864,781719,871857,924628,161258,197190,232803,296686,384935,431518,458151,155841,189918,230626,306178,396784,440339,466477
318,Lessdevelopedregions,902,Gambia,270,23624,19836,19505,18843,18901,19933,20137,12231,10184,9818,9880,9734,10161,10259,11393,9652,9687,8963,9167,9772,9878
319,Lessdevelopedregions,902,Ghana,288,243537,251015,267996,376340,399620,456918,484894,113606,116369,125725,191063,198937,222632,237032,129931,134646,142271,185277,200683,234286,247862
320,Lessdevelopedregions,902,Guinea,324,338051,345930,350538,346528,373240,393585,413028,192972,196116,196402,194607,208751,218568,231723,145079,149814,154136,151921,164489,175017,181305
321,Lessdevelopedregions,902,GuineaBissau,624,39300,43011,44560,47777,53819,56977,60088,17885,19688,22461,23668,26129,27574,29086,21415,23323,22099,24109,27690,29403,31002
322,Lessdevelopedregions,902,Liberia,430,498524,507598,196622,282906,127052,100490,106476,250569,249058,95789,136749,62618,50777,54031,247955,258540,100833,146157,64434,49713,52445
323,Lessdevelopedregions,902,Mali,466,596072,766443,715644,820859,892730,1114075,1167339,327160,416883,393547,455469,493753,620246,648876,268912,349560,322097,365390,398977,493829,518463
324,Lessdevelopedregions,902,Mauritania,478,121223,137298,91526,79556,82982,82887,95494,65836,75106,54322,46778,49156,49644,56767,55387,62192,37204,32778,33826,33243,38727
325,Lessdevelopedregions,902,Niger,562,146344,173183,200554,295995,326041,363366,385742,92706,109016,124051,179012,195976,214861,227878,53638,64167,76503,116983,130065,148505,157864
326,Lessdevelopedregions,902,Nigeria,566,298551,294585,293718,353099,412264,607022,733872,165880,165872,166695,198597,236730,326840,390291,132671,128713,127023,154502,175534,280182,343581
327,Lessdevelopedregions,902,SaintHelena,654,345,274,343,381,568,652,771,103,103,168,179,271,305,387,242,171,175,202,297,347,384
328,Lessdevelopedregions,902,Senegal,686,239616,216209,237434,240707,248020,265871,290150,136478,121747,134898,136926,143472,157441,171926,103138,94462,102536,103781,104548,108430,118224
329,Lessdevelopedregions,902,SierraLeone,694,42135,422931,458439,85896,51914,51793,55474,20893,210652,226343,41194,25927,27201,29257,21242,212279,232096,44702,25987,24592,26217
330,Lessdevelopedregions,902,Togo,768,174469,283473,234136,362780,366813,438679,478280,83968,133467,111293,174089,181335,215351,234252,90501,150006,122843,188691,185478,223328,244028
331,Lessdevelopedregions,902,Kazakhstan,398,137806,106623,93040,85302,78682,76417,78496,59003,46908,39977,37442,35279,34589,35525,78803,59715,53063,47860,43403,41828,42971
332,Lessdevelopedregions,902,Kyrgyzstan,417,39531,31837,28672,29955,31646,31133,33376,18129,15289,13642,14387,15472,15221,16384,21402,16548,15030,15568,16174,15912,16992
333,Lessdevelopedregions,902,Tajikistan,762,66466,95886,107011,102453,59946,49354,39544,35193,48231,52617,49852,32329,24741,20620,31273,47655,54394,52601,27617,24613,18924
334,Lessdevelopedregions,902,Turkmenistan,795,10792,10994,11358,13333,13431,12945,13250,4794,5285,5794,7099,7240,6961,7217,5998,5709,5564,6234,6191,5984,6033
335,Lessdevelopedregions,902,Uzbekistan,860,349417,338378,328027,373016,430852,459812,488804,164472,165243,160457,187782,223948,244049,261981,184945,173135,167570,185234,206904,215763,226823
336,Lessdevelopedregions,902,China,156,2771280,2961107,3117409,3546887,4085991,4550202,4764773,1475263,1535328,1573887,1720218,1897910,2090941,2103297,1296017,1425779,1543522,1826669,2188081,2459261,2661476
337,Lessdevelopedregions,902,China,156,344,32376,50237,72479,142161,238368,285757,306319,16159,24472,35261,76766,133792,164497,177130,16217,25765,37218,65395,104576,121260
338,Lessdevelopedregions,902,China,156,446,72078,73573,75752,88648,102641,110222,115142,36436,37223,38190,42273,46801,49569,50448,35642,36350,37562,46375,55840,60653
339,Lessdevelopedregions,902,China,156,158,0,0,0,0,0,0,0,0,0,0,0,0,0,0,0,0,0,0,0,0
340,Lessdevelopedregions,902,DemPeoplesRepublicofKorea,408,23671,38087,56723,61660,70554,77798,82099,11330,18521,27809,30940,35860,40324,42630,12341,19566,28914,30720,34694,37474,39469
341,Lessdevelopedregions,902,Japan,392,174245,167510,169774,168016,182924,201346,220995,94430,88823,87470,88105,95687,107712,112931,79815,78687,82304,79911,87237,93634,108064
342,Lessdevelopedregions,902,Mongolia,496,166,828,1749,9327,20513,24694,31426,87,412,882,5533,11993,14150,17650,79,416,867,3794,8520,10544,13776
343,Lessdevelopedregions,902,RepublicofKorea,410,130839,129197,124479,173795,227405,261385,281596,68479,68863,67530,99092,133587,157148,169920,62360,60334,56949,74703,93818,104237,111676
344,Lessdevelopedregions,902,BruneiDarussalam,96,19700,26862,35408,34193,32840,32176,30988,12264,16978,22384,21168,20221,19662,18851,7436,9884,13024,13025,12619,12514,12137
345,Lessdevelopedregions,902,Cambodia,116,118154,164556,188447,402852,658716,747442,787517,59976,83742,93618,190506,312139,353893,367145,58178,80814,94829,212346,346577,393549,420372
346,Lessdevelopedregions,902,Indonesia,360,1313100,1610879,2048838,2402536,3018543,3651935,4145901,797424,946446,1171715,1369015,1722441,2088008,2359949,515676,664433,877123,1033521,1296102,1563927,1785952
347,Lessdevelopedregions,902,LaoPeoplesDemocraticRepublic,418,231231,275642,357023,620813,921169,997129,1037580,110658,133082,170032,281540,415068,448181,445167,120573,142560,186991,339273,506101,548948,592413
348,Lessdevelopedregions,902,Malaysia,458,372136,645036,960397,1103257,1277510,1420573,1441966,183254,296767,423914,499731,586368,647874,610724,188882,348269,536483,603526,691142,772699,831242
349,Lessdevelopedregions,902,Myanmar,104,640610,857812,1162109,1651946,2371281,2639819,3476348,354269,468233,625745,918013,1332413,1492887,2207591,286341,389579,536364,733933,1038868,1146932,1268757
350,Lessdevelopedregions,902,Philippines,608,662857,761479,917668,1042495,1517208,1919409,2194066,319501,379009,463883,568900,921988,1144904,1295848,343356,382470,453785,473595,595220,774505,898218
351,Lessdevelopedregions,902,Singapore,702,65890,64297,72478,100751,127468,146019,152890,32530,31977,36120,52114,66581,77153,79798,33360,32320,36358,48637,60887,68866,73092
352,Lessdevelopedregions,902,Thailand,764,100905,130909,170668,172556,209630,262292,355182,50116,62524,79973,85125,110073,148943,210275,50789,68385,90695,87431,99557,113349,144907
353,Lessdevelopedregions,902,TimorLeste,626,747,71401,143762,80068,20543,22732,23899,485,35757,71811,42539,11523,12975,13614,262,35644,71951,37529,9020,9757,10285
354,Lessdevelopedregions,902,VietNam,704,420278,462305,488818,525174,574031,627123,691737,213201,233665,249999,290243,329231,366452,395641,207077,228640,238819,234931,244800,260671,296096
355,Lessdevelopedregions,902,Afghanistan,4,7560196,4176007,4527597,3808447,4905090,4860592,4959592,4063525,2273480,2482054,2103684,2658982,2585132,2695920,3496671,1902527,2045543,1704763,2246108,2275460,2263672
356,Lessdevelopedregions,902,Bangladesh,50,5289352,5176712,5106118,5038477,5722243,6114304,6549240,3069213,3018084,2997664,3009491,3767604,4104796,4499297,2220139,2158628,2108454,2028986,1954639,2009508,2049943
357,Lessdevelopedregions,902,Bhutan,64,27907,117314,119397,118174,86531,39078,37186,13568,59432,60927,60302,44156,19857,18713,14339,57882,58470,57872,42375,19221,18473
358,Lessdevelopedregions,902,India,356,5386477,5479401,5779997,6699114,9414992,11021563,12227966,3170820,3247954,3511206,4278810,6469853,7797920,8767345,2215657,2231447,2268791,2420304,2945139,3223643,3460621
359,Lessdevelopedregions,902,IranIslamicRepublicof,364,112759,133468,132572,104222,104075,128119,172460,59973,70787,65664,52793,53346,68753,89315,52786,62681,66908,51429,50729,59366,83145
360,Lessdevelopedregions,902,Maldives,462,1888,1268,660,1473,2584,2441,2416,1534,990,402,759,1234,1090,1084,354,278,258,714,1350,1351,1332
361,Lessdevelopedregions,902,Nepal,524,740876,839072,950466,1213862,1582019,2040401,2243062,384789,442451,507110,634903,800682,1117749,1275454,356087,396621,443356,578959,781337,922652,967608
362,Lessdevelopedregions,902,Pakistan,586,2893742,2727190,2617151,2764124,3536989,4273234,4644329,1708457,1638373,1605222,1745573,2422956,2896573,3222783,1185285,1088817,1011929,1018551,1114033,1376661,1421546
363,Lessdevelopedregions,902,SriLanka,144,623564,578351,544631,627355,822753,942580,1175252,309651,300258,296160,363736,494169,569048,725103,313913,278093,248471,263619,328584,373532,450149
364,Lessdevelopedregions,902,Armenia,51,245567,243057,231418,212614,197361,190049,184291,115710,108170,104178,103640,99351,97600,94802,129857,134887,127240,108974,98010,92449,89489
365,Lessdevelopedregions,902,Azerbaijan,31,577614,673191,639582,497643,253464,201831,209100,251694,292848,278761,217211,116602,95868,99210,325920,380343,360821,280432,136862,105963,109890
366,Lessdevelopedregions,902,Bahrain,48,11034,21683,40777,43508,43007,45418,45688,5113,10998,21039,22740,22849,23947,17251,5921,10685,19738,20768,20158,21471,28437
367,Lessdevelopedregions,902,Cyprus,196,10385,11048,12155,13145,14933,15812,20747,4904,5255,5781,6117,6813,7073,8984,5481,5793,6374,7028,8120,8739,11763
368,Lessdevelopedregions,902,Georgia,268,117728,134535,151910,129686,118530,127059,127402,54202,60927,66105,57330,54506,57992,57857,63526,73608,85805,72356,64024,69067,69545
369,Lessdevelopedregions,902,Iraq,368,497756,496609,459230,850339,1929520,868167,1002504,257301,259383,250221,459929,1004388,468335,444412,240455,237226,209009,390410,925132,399832,558092
370,Lessdevelopedregions,902,Israel,376,110253,109196,109496,94029,83191,83045,86830,49392,48975,49205,41748,38145,37624,39968,60861,60221,60291,52281,45046,45421,46862
371,Lessdevelopedregions,902,Jordan,400,243090,260183,280569,340189,486547,573598,653241,138231,152344,168125,211299,312175,366561,417960,104859,107839,112444,128890,174372,207037,235281
372,Lessdevelopedregions,902,Kuwait,414,65158,66708,68333,77246,119669,123341,133293,36717,39869,43046,48741,77810,80105,87362,28441,26839,25287,28505,41859,43236,45931
373,Lessdevelopedregions,902,Lebanon,422,137154,139064,142855,159925,210514,251415,292056,83139,84936,87787,102901,139771,166420,192914,54015,54128,55068,57024,70743,84995,99142
374,Lessdevelopedregions,902,Oman,512,11790,11767,12081,13699,14650,15274,16065,6015,6036,6229,7152,7715,7852,8589,5775,5731,5852,6547,6935,7422,7476
375,Lessdevelopedregions,902,Qatar,634,11271,11412,11690,12565,14702,15303,16039,5541,5708,5940,6404,7461,7587,8010,5730,5704,5750,6161,7241,7716,8029
376,Lessdevelopedregions,902,SaudiArabia,682,82140,94225,104501,101445,118626,116187,126340,45478,56218,65744,65126,74346,72228,79059,36662,38007,38757,36319,44280,43959,47281
377,Lessdevelopedregions,902,StateofPalestine,275,1777073,2236386,2726629,3211231,3486756,3702951,3924254,869218,1108807,1378041,1641016,1776185,1934072,2059753,907855,1127579,1348588,1570215,1710571,1768879,1864501
378,Lessdevelopedregions,902,SyrianArabRepublic,760,493932,508222,527129,604398,825813,5786557,6977726,278518,288217,300932,365371,515520,3276249,4000037,215414,220005,226197,239027,310293,2510308,2977689
379,Lessdevelopedregions,902,Turkey,792,91442,116724,124600,131074,158082,162737,173279,50028,64779,69822,74099,94021,95098,101100,41414,51945,54778,56975,64061,67639,72179
380,Lessdevelopedregions,902,UnitedArabEmirates,784,73899,84043,88472,92567,112885,119791,126221,41456,49602,53570,51945,60751,63477,66749,32443,34441,34902,40622,52134,56314,59472
381,Lessdevelopedregions,902,Yemen,887,444035,461590,491200,580329,817161,1020227,1205737,283029,297478,320097,386003,559814,681418,797453,161006,164112,171103,194326,257347,338809,408284
382,Lessdevelopedregions,902,Belarus,112,197308,161661,136229,135101,133168,135436,138238,90630,73466,61220,62025,62294,64275,65769,106678,88195,75009,73076,70874,71161,72469
383,Lessdevelopedregions,902,Bulgaria,100,490202,481503,474325,489427,505537,502071,690553,237264,230979,225079,226668,228090,181245,217189,252938,250524,249246,262759,277447,320826,473364
384,Lessdevelopedregions,902,Czechia,203,8666,8457,8566,7659,7241,7711,8737,3906,3751,3745,3419,3313,3586,4196,4760,4706,4821,4240,3928,4125,4541
385,Lessdevelopedregions,902,Hungary,348,26694,25515,23675,20768,19112,19169,19428,12203,11537,10706,9487,8782,8662,8793,14491,13978,12969,11281,10330,10507,10635
386,Lessdevelopedregions,902,Poland,616,162485,145676,128234,107602,89589,94653,97109,74586,65557,56685,47685,39631,41870,43783,87899,80119,71549,59917,49958,52783,53326
387,Lessdevelopedregions,902,RepublicofMoldova,498,58515,52586,42722,36375,30382,30910,32117,27133,23904,18881,15955,13154,13487,13553,31382,28682,23841,20420,17228,17423,18564
388,Lessdevelopedregions,902,Romania,642,151091,158401,158620,145814,135721,138734,144968,68670,70285,69452,63200,57767,58646,59640,82421,88116,89168,82614,77954,80088,85328
389,Lessdevelopedregions,902,RussianFederation,643,5095438,4507877,3966452,3875809,3829806,3926001,4052745,2237306,1981363,1737151,1740941,1762403,1836545,1898251,2858132,2526514,2229301,2134868,2067403,2089456,2154494
390,Lessdevelopedregions,902,Slovakia,703,530,591,720,861,1349,1445,1703,289,313,379,445,684,753,895,241,278,341,416,665,692,808
391,Lessdevelopedregions,902,Ukraine,804,877161,755755,642242,648126,653524,671316,686708,393282,337658,285386,294608,302812,315124,322953,483879,418097,356856,353518,350712,356192,363755
392,Lessdevelopedregions,902,ChannelIslands,830,101,81,100,71,126,126,148,35,29,35,25,42,43,54,66,52,65,46,84,83,94
393,Lessdevelopedregions,902,Denmark,208,7151,8324,10459,11047,12134,13005,15261,3549,4259,5351,5623,6088,6523,7668,3602,4065,5108,5424,6046,6482,7593
394,Lessdevelopedregions,902,Estonia,233,3692,3508,2920,2923,2922,2950,3065,1605,1537,1260,1259,1281,1316,1378,2087,1971,1660,1664,1641,1634,1687
395,Lessdevelopedregions,902,FaroeIslands,234,0,0,0,0,0,0,0,0,0,0,0,0,0,0,0,0,0,0,0,0,0
396,Lessdevelopedregions,902,Finland,246,3522,3926,4885,5141,5469,5716,6765,1368,1619,2148,2279,2325,2428,2880,2154,2307,2737,2862,3144,3288,3885
397,Lessdevelopedregions,902,Iceland,352,64,80,160,399,660,747,825,29,36,93,248,420,482,540,35,44,67,151,240,265,285
398,Lessdevelopedregions,902,Ireland,372,8149,7551,8639,10578,14541,17415,20094,3821,3691,4245,4974,6531,7742,9933,4328,3860,4394,5604,8010,9673,10161
399,Lessdevelopedregions,902,IsleofMan,833,0,0,0,1,2,3,2,0,0,0,1,2,3,2,0,0,0,0,0,0,0
400,Lessdevelopedregions,902,Latvia,428,14416,12725,11309,9126,7078,7287,7311,6517,5665,5050,4068,3150,3263,3314,7899,7060,6259,5058,3928,4024,3997
401,Lessdevelopedregions,902,Lithuania,440,30675,24417,20362,16322,13033,13272,13557,14023,10968,9084,7333,5765,5883,6054,16652,13449,11278,8989,7268,7389,7503
402,Lessdevelopedregions,902,Norway,578,8077,11926,17138,19376,21929,23181,24857,4389,6400,9066,10254,11538,12156,9620,3688,5526,8072,9122,10391,11025,15237
403,Lessdevelopedregions,902,Sweden,752,8821,10775,12906,12306,13158,13633,16487,4559,5389,6335,6198,6675,6953,8065,4262,5386,6571,6108,6483,6680,8422
404,Lessdevelopedregions,902,UnitedKingdom,826,326785,327645,394739,456985,435093,397396,433925,159803,168446,206005,237188,230981,214656,227313,166982,159199,188734,219797,204112,182740,206612
405,Lessdevelopedregions,902,Albania,8,2218,3396,4600,4503,5400,5636,7245,1226,1788,2371,2316,2675,2742,3354,992,1608,2229,2187,2725,2894,3891
406,Lessdevelopedregions,902,Andorra,20,3,2,1,7,847,1046,1222,2,1,1,7,451,557,653,1,1,0,0,396,489,569
407,Lessdevelopedregions,902,BosniaandHerzegovina,70,7411,7525,3339,2897,3159,3142,4155,4044,4076,1721,1467,1562,1519,1882,3367,3449,1618,1430,1597,1623,2273
408,Lessdevelopedregions,902,Croatia,191,3434,3390,3500,3416,4346,4875,5482,1772,1748,1805,1754,2311,2591,3017,1662,1642,1695,1662,2035,2284,2465
409,Lessdevelopedregions,902,Gibraltar,292,69,64,67,68,74,81,90,37,34,35,39,47,55,64,32,30,32,29,27,26,26
410,Lessdevelopedregions,902,Greece,300,131556,106330,83693,91278,103468,103222,129485,62553,50928,40444,43878,49633,48941,57486,69003,55402,43249,47400,53835,54281,71999
411,Lessdevelopedregions,902,HolySee,336,0,0,0,0,0,0,0,0,0,0,0,0,0,0,0,0,0,0,0,0,0
412,Lessdevelopedregions,902,Italy,380,561567,477410,398064,349153,313826,355476,366177,291369,248186,207392,182102,163795,185121,193511,270198,229224,190672,167051,150031,170355,172666
413,Lessdevelopedregions,902,Malta,470,236,227,261,311,430,512,599,93,93,105,121,180,209,280,143,134,156,190,250,303,319
414,Lessdevelopedregions,902,Montenegro,499,241,238,233,245,285,301,284,117,116,113,120,139,146,137,124,122,120,125,146,155,147
415,Lessdevelopedregions,902,NorthMacedonia,807,51303,92829,137793,141301,145044,143632,200009,25938,45150,66182,66359,66487,81668,107407,25365,47679,71611,74942,78557,61964,92602
416,Lessdevelopedregions,902,Portugal,620,396413,353825,314365,281334,233891,252820,265959,213062,190130,168403,149578,124014,132013,140298,183351,163695,145962,131756,109877,120807,125661
417,Lessdevelopedregions,902,SanMarino,674,37,36,35,27,51,57,59,32,31,30,22,14,14,15,5,5,5,5,37,43,44
418,Lessdevelopedregions,902,Serbia,688,3571,3457,3811,4893,7278,8028,8769,1594,1647,1889,2358,3370,3732,4384,1977,1810,1922,2535,3908,4296,4385
419,Lessdevelopedregions,902,Slovenia,705,1983,2027,2074,1630,1378,1441,1535,940,973,1008,800,698,734,782,1043,1054,1066,830,680,707,753
420,Lessdevelopedregions,902,Spain,724,522003,437723,358025,322447,301770,338460,364469,258052,215879,176827,160739,152121,170991,186408,263951,221844,181198,161708,149649,167469,178061
421,Lessdevelopedregions,902,Austria,40,33264,32973,34788,33368,32696,34355,41595,15979,16220,17605,16672,16013,16679,19786,17285,16753,17183,16696,16683,17676,21809
422,Lessdevelopedregions,902,Belgium,56,25901,25591,27172,28771,32182,35246,41420,12873,12763,13505,14383,16045,17575,20730,13028,12828,13667,14388,16137,17671,20690
423,Lessdevelopedregions,902,France,250,334704,374691,421471,462104,525767,581721,621720,177631,197670,221253,241235,273814,302175,323356,157073,177021,200218,220869,251953,279546,298364
424,Lessdevelopedregions,902,Germany,276,440513,429027,433599,442832,445877,446629,560356,217887,211716,213064,216063,215863,193712,220791,222626,217311,220535,226769,230014,252917,339565
425,Lessdevelopedregions,902,Liechtenstein,438,175,170,166,125,100,105,104,111,108,108,80,71,74,75,64,62,58,45,29,31,29
426,Lessdevelopedregions,902,Luxembourg,442,329,340,360,296,307,320,357,107,112,120,101,130,140,163,222,228,240,195,177,180,194
427,Lessdevelopedregions,902,Monaco,492,275,279,295,328,481,513,575,120,137,163,203,272,296,334,155,142,132,125,209,217,241
428,Lessdevelopedregions,902,Netherlands,528,55662,55163,58597,66257,82121,85078,100465,26843,28115,31032,35310,43612,45196,51932,28819,27048,27565,30947,38509,39882,48533
429,Lessdevelopedregions,902,Switzerland,756,37377,34893,33540,32924,35122,36614,43331,19842,18709,18172,17702,18713,19536,22530,17535,16184,15368,15222,16409,17078,20801
430,Lessdevelopedregions,902,Anguilla,660,1292,1316,1345,1387,1471,1493,1515,673,685,697,727,766,780,794,619,631,648,660,705,713,721
431,Lessdevelopedregions,902,AntiguaandBarbuda,28,6821,7235,7718,7842,8027,12685,12714,3061,3245,3468,3566,3652,6290,6296,3760,3990,4250,4276,4375,6395,6418
432,Lessdevelopedregions,902,Aruba,533,1248,1334,1479,1977,4098,4321,4657,586,622,690,907,1731,1821,1984,662,712,789,1070,2367,2500,2673
433,Lessdevelopedregions,902,Bahamas,44,1761,1735,1772,1619,1575,1635,1723,865,852,868,796,782,820,874,896,883,904,823,793,815,849
434,Lessdevelopedregions,902,Barbados,52,5203,5167,4881,5039,4527,4674,4915,2706,2707,2569,2649,2306,2402,2626,2497,2460,2312,2390,2221,2272,2289
435,Lessdevelopedregions,902,Bonaire,16,535,306,401,506,614,2883,3099,3524,162,212,263,318,1252,1345,1559,144,189,243,296,1631,1754
436,Lessdevelopedregions,902,BritishVirginIslands,92,2936,3038,3173,3548,4423,4587,4776,1256,1304,1373,1559,1932,2005,2088,1680,1734,1800,1989,2491,2582,2688
437,Lessdevelopedregions,902,CaymanIslands,136,87,85,86,93,105,131,131,46,46,48,52,61,76,78,41,39,38,41,44,55,53
438,Lessdevelopedregions,902,Cuba,192,60641,63361,69047,68501,76229,74969,115630,30947,32452,35419,35327,39667,39271,63286,29694,30909,33628,33174,36562,35698,52344
439,Lessdevelopedregions,902,CuraÃao,531,1673,2416,3318,4150,5113,5341,5687,816,1197,1661,2110,2622,2734,2894,857,1219,1657,2040,2491,2607,2793
440,Lessdevelopedregions,902,Dominica,212,16749,18529,20484,20665,20686,20933,20798,7195,8237,9351,9272,9075,9097,8997,9554,10292,11133,11393,11611,11836,11801
441,Lessdevelopedregions,902,DominicanRepublic,214,70455,85395,101153,108964,117133,116202,145944,29826,36973,44356,47984,50225,48979,59755,40629,48422,56797,60980,66908,67223,86189
442,Lessdevelopedregions,902,Grenada,308,19411,17949,14047,14784,10706,11091,12085,8806,8132,6192,6552,4672,4915,6092,10605,9817,7855,8232,6034,6176,5993
443,Lessdevelopedregions,902,Guadeloupe,312,5603,6487,7373,8427,10329,11462,11970,2477,2765,3052,3410,4148,4419,4678,3126,3722,4321,5017,6181,7043,7292
444,Lessdevelopedregions,902,Haiti,332,229945,256808,284364,335643,394885,605558,868504,147367,161677,176367,203865,235598,379119,535978,82578,95131,107997,131778,159287,226439,332526
445,Lessdevelopedregions,902,Jamaica,388,13318,16403,21129,24838,32433,34963,37991,5483,6741,8708,10316,13559,14571,16076,7835,9662,12421,14522,18874,20392,21915
446,Lessdevelopedregions,902,Martinique,474,10720,12193,13692,13895,14107,11994,12228,5449,5886,6340,6395,6451,5200,5282,5271,6307,7352,7500,7656,6794,6946
447,Lessdevelopedregions,902,Montserrat,500,2004,2270,2573,2750,2908,3054,3157,950,1092,1255,1355,1438,1516,1572,1054,1178,1318,1395,1470,1538,1585
448,Lessdevelopedregions,902,PuertoRico,630,19318,20887,22881,21288,20571,19456,20476,9300,9908,10695,10396,10592,10147,10771,10018,10979,12186,10892,9979,9309,9705
449,Lessdevelopedregions,902,SaintBarthelemy,652,0,0,0,0,0,0,0,0,0,0,0,0,0,0,0,0,0,0,0,0,0
450,Lessdevelopedregions,902,SaintKittsandNevis,659,8732,9689,10665,11744,11446,11799,12143,4180,4630,5090,5582,5349,5522,5699,4552,5059,5575,6162,6097,6277,6444
451,Lessdevelopedregions,902,SaintLucia,662,11891,13020,14080,13606,12946,13113,13471,5457,5925,6341,6175,5873,5834,6077,6434,7095,7739,7431,7073,7279,7394
452,Lessdevelopedregions,902,SaintMartinFrenchpart,663,0,0,0,0,0,0,0,0,0,0,0,0,0,0,0,0,0,0,0,0,0
453,Lessdevelopedregions,902,SaintVincentandtheGrenadines,670,18586,18371,17105,17410,14626,15430,16630,8470,8408,7837,7961,6638,7085,8217,10116,9963,9268,9449,7988,8345,8413
454,Lessdevelopedregions,902,SintMaartenDutchpart,534,594,806,1080,1141,1698,1793,1945,289,394,540,574,825,874,953,305,412,540,567,873,919,992
455,Lessdevelopedregions,902,TrinidadandTobago,780,14536,15218,16074,15837,15736,16141,16328,6914,7113,7394,7288,7242,7428,7447,7622,8105,8680,8549,8494,8713,8881
456,Lessdevelopedregions,902,TurksandCaicosIslands,796,2087,1293,497,982,2002,2244,2466,897,564,230,414,833,929,1025,1190,729,267,568,1169,1315,1441
457,Lessdevelopedregions,902,UnitedStatesVirginIslands,850,2239,2896,3611,3432,3529,3702,3632,1111,1587,2089,1975,1990,2080,2030,1128,1309,1522,1457,1539,1622,1602
458,Lessdevelopedregions,902,Belize,84,3918,3989,4233,4505,5143,5146,5635,1795,1790,1872,2107,2528,2575,2845,2123,2199,2361,2398,2615,2571,2790
459,Lessdevelopedregions,902,CostaRica,188,21243,20402,23488,25198,26941,30819,34413,9571,9164,10775,11981,13185,15241,17290,11672,11238,12713,13217,13756,15578,17123
460,Lessdevelopedregions,902,ElSalvador,222,734197,230878,48048,49969,63023,70853,84545,351259,106385,21549,21122,25853,29742,36330,382938,124493,26499,28847,37170,41111,48215
461,Lessdevelopedregions,902,Guatemala,320,102892,80593,62113,65211,73660,88894,97719,51828,41632,33529,32839,35031,42529,47245,51064,38961,28584,32372,38629,46365,50474
462,Lessdevelopedregions,902,Honduras,340,42044,40517,41651,46981,56543,65860,94829,18450,17905,18567,21216,25778,29989,43123,23594,22612,23084,25765,30765,35871,51706
463,Lessdevelopedregions,902,Mexico,484,44769,49185,54807,57995,65731,75446,90153,20645,23327,26529,29101,33930,39448,47188,24124,25858,28278,28894,31801,35998,42965
464,Lessdevelopedregions,902,Nicaragua,558,262485,227864,259760,301736,327498,337452,400409,133894,115740,128744,147201,155189,159023,198135,128591,112124,131016,154535,172309,178429,202274
465,Lessdevelopedregions,902,Panama,591,44248,30414,21197,15914,20898,22266,25390,22370,15418,10810,8035,10627,11493,13567,21878,14996,10387,7879,10271,10773,11823
466,Lessdevelopedregions,902,Argentina,32,206847,231929,257919,277184,298278,317870,373607,102379,115651,129680,140005,151436,162897,191400,104468,116278,128239,137179,146842,154973,182207
467,Lessdevelopedregions,902,BoliviaPlurinationalStateof,68,181421,224918,269588,355100,442270,543196,638682,94284,115891,138153,178691,220165,271199,313733,87137,109027,131435,176409,222105,271997,324949
468,Lessdevelopedregions,902,Brazil,76,208390,215955,230480,257597,282405,322110,355923,107097,109146,113778,129164,144182,167363,182106,101293,106809,116702,128433,138223,154747,173817
469,Lessdevelopedregions,902,Chile,152,301332,286988,274834,263054,258396,297242,312390,158864,147470,137203,129123,124865,143589,153340,142468,139518,137631,133931,133531,153653,159050
470,Lessdevelopedregions,902,Colombia,170,644008,703143,762402,863011,1294279,1396023,1460322,301271,332579,363810,408167,624399,674352,706425,342737,370564,398592,454844,669880,721671,753897
471,Lessdevelopedregions,902,Ecuador,218,48407,55848,64446,70890,83852,96343,124031,24409,27608,31367,34576,41407,47736,61485,23998,28240,33079,36314,42445,48607,62546
472,Lessdevelopedregions,902,FalklandIslandsMalvinas,238,18,20,22,27,42,52,54,9,10,11,13,21,26,31,9,10,11,14,21,26,23
473,Lessdevelopedregions,902,FrenchGuiana,254,2779,3164,3576,3726,3860,4219,4276,1221,1363,1517,1573,1621,1701,1748,1558,1801,2059,2153,2239,2518,2528
474,Lessdevelopedregions,902,Guyana,328,26453,31548,38377,45629,57284,61302,64877,12655,15021,18111,21766,27845,29800,32426,13798,16527,20266,23863,29439,31502,32451
475,Lessdevelopedregions,902,Paraguay,600,283171,317002,350944,493818,636282,735864,750186,125528,139683,153685,219032,284172,328193,337081,157643,177319,197259,274786,352110,407671,413105
476,Lessdevelopedregions,902,Peru,604,85136,146787,210971,305714,407783,472723,570015,47690,72732,99682,143991,192431,225069,280085,37446,74055,111289,161723,215352,247654,289930
477,Lessdevelopedregions,902,Suriname,740,17477,18563,19744,25797,32099,30211,33739,9242,9475,9754,12403,15113,14312,15992,8235,9088,9990,13394,16986,15899,17747
478,Lessdevelopedregions,902,Uruguay,858,180648,170726,160839,161935,164063,190056,194076,89860,84951,80091,79773,80001,92255,95197,90788,85775,80748,82162,84062,97801,98879
479,Lessdevelopedregions,902,VenezuelaBolivarianRepublicof,862,70501,78278,87307,91535,109708,176273,4418892,34210,38102,42575,44508,53248,86875,2188053,36291,40176,44732,47027,56460,89398,2230839
480,Lessdevelopedregions,902,Bermuda,60,131,110,109,145,187,204,215,68,64,70,87,110,124,136,63,46,39,58,77,80,79
481,Lessdevelopedregions,902,Canada,124,55668,65545,78725,88897,111974,115887,133182,27889,33924,41817,49417,63742,65569,75893,27779,31621,36908,39480,48232,50318,57289
482,Lessdevelopedregions,902,Greenland,304,507,449,512,355,373,403,451,184,173,213,165,192,213,240,323,276,299,190,181,190,211
483,Lessdevelopedregions,902,SaintPierreandMiquelon,666,50,59,71,85,104,111,122,27,33,40,48,57,62,70,23,26,31,37,47,49,52
484,Lessdevelopedregions,902,UnitedStatesofAmerica,840,836799,929262,1054843,1275589,1565823,1573760,1708906,425527,472862,537017,660948,813541,819258,892148,411272,456400,517826,614641,752282,754502,816758
485,Lessdevelopedregions,902,Australia,36,55757,55803,55099,68385,85718,88144,95526,29914,30603,30453,38529,48123,49674,54245,25843,25200,24646,29856,37595,38470,41281
486,Lessdevelopedregions,902,NewZealand,554,16529,17759,19571,20969,24105,25492,28365,8526,9427,10465,11429,13332,13993,16135,8003,8332,9106,9540,10773,11499,12230
487,Lessdevelopedregions,902,Fiji,242,4164,3196,2209,2893,3320,3559,3570,1929,1557,1165,1520,1640,1793,1813,2235,1639,1044,1373,1680,1766,1757
488,Lessdevelopedregions,902,NewCaledonia,540,2880,3181,3470,3713,3606,3546,3551,1391,1528,1636,1810,1833,1799,1804,1489,1653,1834,1903,1773,1747,1747
489,Lessdevelopedregions,902,PapuaNewGuinea,598,1262,1249,1565,1258,837,825,816,636,647,784,639,443,440,441,626,602,781,619,394,385,375
490,Lessdevelopedregions,902,SolomonIslands,90,1097,1078,981,1014,1069,1132,1152,604,602,551,574,604,650,669,493,476,430,440,465,482,483
491,Lessdevelopedregions,902,Vanuatu,548,3852,4389,4903,5209,5431,4264,4478,2096,2357,2621,2796,2928,2109,2213,1756,2032,2282,2413,2503,2155,2265
492,Lessdevelopedregions,902,Guam,316,1332,1575,2743,2453,2109,2012,2086,671,833,1359,1187,952,915,942,661,742,1384,1266,1157,1097,1144
493,Lessdevelopedregions,902,Kiribati,296,3064,2979,2869,2555,1588,1700,1748,1493,1466,1413,1286,858,928,960,1571,1513,1456,1269,730,772,788
494,Lessdevelopedregions,902,MarshallIslands,584,311,384,468,434,378,378,387,160,208,241,216,187,187,195,151,176,227,218,191,191,192
495,Lessdevelopedregions,902,MicronesiaFedStatesof,583,4949,7125,9343,11245,12467,12403,13037,2583,3669,4737,5664,6274,6264,6571,2366,3456,4606,5581,6193,6139,6466
496,Lessdevelopedregions,902,Nauru,520,954,1014,1080,1276,1477,1522,1635,410,465,521,629,738,764,819,544,549,559,647,739,758,816
497,Lessdevelopedregions,902,NorthernMarianaIslands,580,2243,2367,2488,2561,2562,2557,2693,1063,1136,1199,1268,1309,1318,1380,1180,1231,1289,1293,1253,1239,1313
498,Lessdevelopedregions,902,Palau,585,2945,2828,3977,3673,2407,2360,2452,1363,1364,1849,1740,1190,1171,1224,1582,1464,2128,1933,1217,1189,1228
499,Lessdevelopedregions,902,AmericanSamoa,16,1014,1523,2022,1908,1993,1797,1791,544,812,1068,997,1015,903,902,470,711,954,911,978,894,889
500,Lessdevelopedregions,902,CookIslands,184,45,51,58,56,55,52,49,19,22,21,21,22,22,22,26,29,37,35,33,30,27
501,Lessdevelopedregions,902,FrenchPolynesia,258,2807,3248,3689,2096,764,1005,1099,1446,1650,1854,1097,472,637,692,1361,1598,1835,999,292,368,407
502,Lessdevelopedregions,902,Niue,570,37,71,108,72,40,44,45,20,39,60,41,27,30,34,17,32,48,31,13,14,11
503,Lessdevelopedregions,902,Samoa,882,15303,16787,18264,17400,16642,16632,16694,7944,8635,9310,8818,8380,8332,8365,7359,8152,8954,8582,8262,8300,8329
504,Lessdevelopedregions,902,Tokelau,772,161,162,162,151,132,111,104,81,81,80,75,65,54,52,80,81,82,76,67,57,52
505,Lessdevelopedregions,902,Tonga,776,2691,2651,2610,2699,2784,3780,3766,1451,1414,1380,1428,1479,2062,2060,1240,1237,1230,1271,1305,1718,1706
506,Lessdevelopedregions,902,Tuvalu,798,1179,1154,1140,1111,864,885,912,653,632,625,614,477,496,518,526,522,515,497,387,389,394
507,Lessdevelopedregions,902,WallisandFutunaIslands,876,5600,6492,7375,7422,7460,11223,11913,2921,3342,3752,3694,3630,5364,5671,2679,3150,3623,3728,3830,5859,6242
508,Lessdevelopedregions,902,Lessdevelopedregions,902,900,59158726,56673106,59204627,64976460,79989053,94124050,107159937,31586436,30379836,31883994,35617824,45371137,53851671,61492223,27572290,26293270,27320633,29358636,34617916,40272379
509,Lessdevelopedregions,902,Lessdevelopedregions,902,947,4605987,5148523,5565555,6655048,7902145,9077407,9537042,2662740,2905009,3104487,3761150,4455781,5009732,5306816,1943247,2243514,2461068,2893898,3446364,4067675
510,Lessdevelopedregions,902,Lessdevelopedregions,902,1833,6817551,7653514,8370784,9397742,12092901,17100040,19534187,3664745,4152442,4622706,5293330,7017653,9911672,11310060,3152806,3501072,3748078,4104412,5075248,7188368
511,Lessdevelopedregions,902,Lessdevelopedregions,902,921,22689433,19008993,19497273,20136240,26008452,29109190,31916084,12855407,11038933,11474187,12207448,16706063,19083528,21349410,9834026,7970060,8023086,7928792,9302389,10025662
512,Lessdevelopedregions,902,Lessdevelopedregions,902,1832,6311388,7588543,9196493,11400899,14567577,16863043,18358006,3404103,3997231,4741697,5895668,7616217,8840195,9637678,2907285,3591312,4454796,5505231,6951360,8022848
513,Lessdevelopedregions,902,Lessdevelopedregions,902,1830,4028050,3736125,3869885,4469946,5473621,6311803,11448272,1997258,1845426,1903524,2181763,2666093,3118989,5709337,2030792,1890699,1966361,2288183,2807528,3192814
514,Lessdevelopedregions,902,Lessdevelopedregions,902,1835,53221,58890,67044,66967,63280,65864,67835,27222,30168,33996,33956,32083,33096,34090,25999,28722,33048,33011,31197,32768
515,Lessdevelopedregions,902,Lessdevelopedregions,902,927,70334,71459,72428,86922,107114,110919,121061,37360,38914,39754,48688,60011,62117,68754,32974,32545,32674,38234,47103,48802
516,Lessdevelopedregions,902,Lessdevelopedregions,902,1829,10861681,10008770,9369276,9483430,9711388,9970201,10839685,5064992,4685615,4398122,4518976,4688807,4799279,5161928,5796689,5323155,4971154,4964454,5022581,5170922
517,Lessdevelopedregions,902,Lessdevelopedregions,902,901,11096531,10237641,9600886,9726175,9987056,10267259,11166659,5191458,4807821,4519533,4649100,4836716,4960870,5338558,5905073,5429820,5081353,5077075,5150340,5306389
518,Lessdevelopedregions,902,Lessdevelopedregions,902,902,44341114,43037176,46407852,51971019,65939422,78341208,90655513,24522369,23885917,25798940,29291879,38405992,45897738,53239515,19818745,19151259,20608912,22679140,27533430,32443470
519,Lessdevelopedregions,902,Lessdevelopedregions,902,excludingleastdevelopedcountries,934,25142254,26278038,28410431,32464669,41871676,51925772,62366486,13710143,14384996,15616854,18179721,24430798,30532596,36502954,11432111,11893042,12793577,14284948,17440878
520,Lessdevelopedregions,902,Lessdevelopedregions,902,excludingChina,948,41711357,40176917,43346102,48410379,61749482,73638297,85712663,23124355,22408511,24262238,27569905,36452005,43722112,51001452,18587002,17768406,19083864,20840474,25297477
521,Lessdevelopedregions,902,Lessdevelopedregions,902,941,19198860,16759138,17997421,19506350,24067746,26415436,28289027,10812226,9500921,10182086,11112158,13975194,15365142,16736561,8386634,7258217,7815335,8394192,10092552,11050294
522,Lessdevelopedregions,902,Lessdevelopedregions,902,1636,12803428,10084906,11025256,11355062,13718077,15194648,15954191,6810690,5339847,5837260,6018674,7210577,8023310,8552716,5992738,4745059,5187996,5336388,6507500,7171338
523,Lessdevelopedregions,902,Lessdevelopedregions,902,1637,715289,865401,1051347,1113521,1181231,1427625,1815287,380810,455737,546625,583326,615908,776961,999536,334479,409664,504722,530195,565323,650664
524,Lessdevelopedregions,902,Lessdevelopedregions,902,1503,5610505,5483288,5544710,5884262,6425691,6778184,7398393,2840335,2790607,2829805,3025808,3332076,3501360,3815575,2770170,2692681,2714905,2858454,3093615,3276824
525,Lessdevelopedregions,902,Lessdevelopedregions,902,1517,37207346,37930318,39913558,45082776,56265436,62616868,73110566,19867716,20365926,21549892,24759233,32315988,36508954,42561345,17339630,17564392,18363666,20323543,23949448,26107914
526,Lessdevelopedregions,902,Lessdevelopedregions,902,1502,14279128,14799626,15399929,16907141,20084868,20937683,27125684,6980770,7205043,7463830,8260664,9917714,10379069,13349221,7298358,7594583,7936099,8646477,10167154,10558614
527,Lessdevelopedregions,902,Lessdevelopedregions,902,1501,22928218,23130692,24513629,28175635,36180568,41679185,45984882,12886946,13160883,14086062,16498569,22398274,26129885,29212124,10041272,9969809,10427567,11677066,13782294,15549300
528,Lessdevelopedregions,902,Lessdevelopedregions,902,1500,12419089,9655866,10339894,10552226,13040289,19002051,21093242,6897288,5427229,5827071,6062582,7495498,10741527,12089984,5521801,4228637,4512823,4489644,5544791,8260524
529,Lessdevelopedregions,902,Lessdevelopedregions,902,903,6442344,7153981,7754980,8930708,11044991,12831061,13831063,3763067,4134494,4474765,5209631,6535029,7420168,8072341,2679277,3019487,3280215,3721077,4509962,5410893
530,Lessdevelopedregions,902,Lessdevelopedregions,902,910,1488353,1608250,1759038,2038447,2775363,3321724,3395068,888124,935276,1010002,1188204,1594255,1841499,1921480,600229,672974,749036,850243,1181108,1480225
531,Lessdevelopedregions,902,Lessdevelopedregions,902,911,344496,416622,562190,640814,819253,1054558,1143000,174303,211492,287716,339207,431251,560667,612756,170193,205130,274474,301607,388002,493891
532,Lessdevelopedregions,902,Lessdevelopedregions,902,912,1836357,2005458,2189425,2275660,3142846,3753654,4294021,1100327,1229485,1370278,1448481,2079248,2410436,2765525,736030,775973,819147,827179,1063598,1343218
533,Lessdevelopedregions,902,Lessdevelopedregions,902,913,319561,265508,286113,349989,499817,384132,404360,226383,169993,157921,188010,265105,187365,198790,93178,95515,128192,161979,234712,196767
534,Lessdevelopedregions,902,Lessdevelopedregions,902,914,2453577,2858143,2958214,3625798,3807712,4316993,4594614,1373930,1588248,1648848,2045729,2165170,2420201,2573790,1079647,1269895,1309366,1580069,1642542,1896792
535,Lessdevelopedregions,902,Lessdevelopedregions,902,935,33982015,32245592,34875125,38659221,49526084,59318619,65514256,18823928,17959121,19468312,21947965,29260685,35424959,39531623,15158087,14286471,15406813,16711256,20265399,23893660
536,Lessdevelopedregions,902,Lessdevelopedregions,902,5500,561448,545149,533533,574177,587879,612047,646683,257568,259187,252972,279695,299194,317825,338671,303880,285962,280561,294482,288685,294222
537,Lessdevelopedregions,902,Lessdevelopedregions,902,906,2948517,3185257,3403075,3960353,4674529,5248982,5539720,1566785,1648195,1714129,1938494,2222151,2484675,2573993,1381732,1537062,1688946,2021859,2452378,2764307
538,Lessdevelopedregions,902,Lessdevelopedregions,902,920,3362871,4403286,5793418,7440546,9893048,11614061,12818286,1837318,2349036,3027568,3957174,5394066,6355520,7063685,1525553,2054250,2765850,3483372,4498982,5258541
539,Lessdevelopedregions,902,Lessdevelopedregions,902,5501,22127985,18463844,18963740,19562063,25420573,28497143,31269401,12597839,10779746,11221215,11927753,16406869,18765703,21010739,9530146,7684098,7742525,7634310,9013704,9731440
540,Lessdevelopedregions,902,Lessdevelopedregions,902,922,4981194,5648056,6181359,7122082,8950055,13346386,15240166,2564418,2922957,3252428,3844849,4938405,7501236,8544535,2416776,2725099,2928931,3277233,4011650,5845150
541,Lessdevelopedregions,902,Lessdevelopedregions,902,908,10008718,9055820,8279828,8167604,8087603,8337143,9053571,4632812,4201392,3843056,3835204,3840943,3945171,4213913,5375906,4854428,4436772,4332400,4246660,4391972
542,Lessdevelopedregions,902,Lessdevelopedregions,902,923,7066531,6296485,5580308,5466215,5404370,5526432,5871248,3144457,2797968,2467868,2463688,2478361,2523676,2634474,3922074,3498517,3112440,3002527,2926009,3002756
543,Lessdevelopedregions,902,Lessdevelopedregions,902,924,390084,379473,442711,498584,474846,441002,489606,188109,191055,226608,254619,247120,232643,259338,201975,188418,216103,243965,227726,208359
544,Lessdevelopedregions,902,Lessdevelopedregions,902,925,1669617,1474418,1294377,1187376,1101993,1198894,1335811,852886,751893,658668,602291,556462,619652,688286,816731,722525,635709,585085,545531,579242
545,Lessdevelopedregions,902,Lessdevelopedregions,902,926,882486,905444,962432,1015429,1106394,1170815,1356906,447360,460476,489912,514606,559000,569200,631815,435126,444968,472520,500823,547394,601615
546,Lessdevelopedregions,902,Lessdevelopedregions,902,904,4028050,3736125,3869885,4469946,5473621,6311803,11448272,1997258,1845426,1903524,2181763,2666093,3118989,5709337,2030792,1890699,1966361,2288183,2807528,3192814
547,Lessdevelopedregions,902,Lessdevelopedregions,902,915,522711,579109,639292,705264,785179,997705,1340417,282383,310579,340335,374904,414585,557688,755344,240328,268530,298957,330360,370594,440017
548,Lessdevelopedregions,902,Lessdevelopedregions,902,916,1255216,683292,514776,567015,638919,695766,832125,609575,331136,252162,273400,301909,329571,405252,645641,352156,262614,293615,337010,366195
549,Lessdevelopedregions,902,Lessdevelopedregions,902,931,2250123,2473724,2715817,3197667,4049523,4618332,9275730,1105300,1203711,1311027,1533459,1949599,2231730,4548741,1144823,1270013,1404790,1664208,2099924,2386602
550,Lessdevelopedregions,902,Lessdevelopedregions,902,905,852963,952950,1089448,1315826,1623785,1633058,1786114,432180,484223,555066,683772,847864,854108,948015,420783,468727,534382,632054,775921,778950
551,Lessdevelopedregions,902,Lessdevelopedregions,902,909,123555,130349,139472,153889,170394,176783,188896,64582,69082,73750,82644,92094,95213,102844,58973,61267,65722,71245,78300,81570
552,Lessdevelopedregions,902,Lessdevelopedregions,902,928,10990,10889,11031,12079,12272,11307,11524,5518,5543,5670,6282,6380,5703,5833,5472,5346,5361,5797,5892,5604
553,Lessdevelopedregions,902,Lessdevelopedregions,902,954,13816,16237,20920,22299,21194,21090,22098,6860,8199,10347,11063,10605,10615,11116,6956,8038,10573,11236,10589,10475
554,Lessdevelopedregions,902,Lessdevelopedregions,902,957,28415,31764,35093,32589,29814,33467,34213,14844,16426,17979,16611,15098,16778,17141,13571,15338,17114,15978,14716,16689
555,Lessdevelopedregions,902,Lessdevelopedregions,902,108,2876,2245,2628,6553,10450,16101,24099,1842,1446,1634,3200,4914,7663,12222,1034,799,994,3353,5536,8438
556,Lessdevelopedregions,902,Lessdevelopedregions,902,174,12584,23931,41621,55807,63496,70508,94677,7988,14049,22482,29134,31950,34657,46099,4596,9882,19139,26673,31546,35851
557,Lessdevelopedregions,902,Lessdevelopedregions,902,262,938,1112,1320,1481,1620,1662,1891,583,712,870,1048,1145,1201,1353,355,400,450,433,475,461
558,Lessdevelopedregions,902,Lessdevelopedregions,902,232,10567,11556,14273,16675,31504,37979,59557,6777,7629,9471,11170,21263,24746,36220,3790,3927,4802,5505,10241,13233
559,Lessdevelopedregions,902,Lessdevelopedregions,902,231,140091,153339,153858,180283,253848,341475,355598,83167,90336,90330,107987,152191,208136,221779,56924,63003,63528,72296,101657,133339
560,Lessdevelopedregions,902,Lessdevelopedregions,902,404,12776,12029,12769,18255,25619,28981,31516,6541,6002,6124,8929,11798,13113,15539,6235,6027,6645,9326,13821,15868
561,Lessdevelopedregions,902,Lessdevelopedregions,902,450,5105,10285,16662,21486,25062,26751,29676,2558,5036,7958,10422,12234,13020,14435,2547,5249,8704,11064,12828,13731
562,Lessdevelopedregions,902,Lessdevelopedregions,902,454,84237,86710,121238,138366,164583,199006,204526,51293,53415,75287,86554,103375,123567,132343,32944,33295,45951,51812,61208,75439
563,Lessdevelopedregions,902,Lessdevelopedregions,902,480,8977,8249,8745,11051,12945,15137,16742,5219,4538,4507,5628,6332,7396,8793,3758,3711,4238,5423,6613,7741
564,Lessdevelopedregions,902,Lessdevelopedregions,902,175,1835,3937,6214,6468,6335,6545,6767,986,1948,2976,3137,3108,3199,3305,849,1989,3238,3331,3227,3346
565,Lessdevelopedregions,902,Lessdevelopedregions,902,508,878044,607852,451439,482571,637242,446918,486590,542774,382565,295354,321054,433374,276558,311877,335270,225287,156085,161517,203868,170360
566,Lessdevelopedregions,902,Lessdevelopedregions,902,638,2005,1545,1247,1306,1403,1530,1620,1000,702,474,429,382,377,441,1005,843,773,877,1021,1153
567,Lessdevelopedregions,902,Lessdevelopedregions,902,646,6895,13835,18090,15756,29999,37667,37629,3438,7179,9388,8769,16112,19908,20190,3457,6656,8702,6987,13887,17759
568,Lessdevelopedregions,902,Lessdevelopedregions,902,690,217,338,532,690,793,961,1080,114,164,235,297,328,396,506,103,174,297,393,465,565
569,Lessdevelopedregions,902,Lessdevelopedregions,902,706,23232,234355,273785,340591,563125,715782,651866,12928,130407,155289,198334,313980,393425,364933,10304,103948,118496,142257,249145,322357
570,Lessdevelopedregions,902,Lessdevelopedregions,902,728,16334,64116,91195,73388,72897,123850,165035,9733,34995,48537,40617,40664,66079,87611,6601,29121,42658,32771,32233,57771
571,Lessdevelopedregions,902,Lessdevelopedregions,902,800,91154,139546,265674,325860,383894,388295,342872,45986,65236,126983,161707,174807,177462,157880,45168,74310,138691,164153,209087,210833
572,Lessdevelopedregions,902,Lessdevelopedregions,902,834,69317,77792,58376,50903,49523,52594,49315,37438,41664,30046,27179,25799,27697,27041,31879,36128,28330,23724,23724,24897
573,Lessdevelopedregions,902,Lessdevelopedregions,902,894,32885,44215,59451,72368,64240,58888,63820,18940,24578,32287,38376,34011,31338,34057,13945,19637,27164,33992,30229,27550
574,Lessdevelopedregions,902,Lessdevelopedregions,902,716,88284,111263,159921,218589,376785,751094,770192,48819,62675,89770,124233,206488,411561,424856,39465,48588,70151,94356,170297,339533
575,Lessdevelopedregions,902,Lessdevelopedregions,902,24,49397,62517,110212,92394,112014,132671,143049,28930,35342,60861,49910,60793,70495,78803,20467,27175,49351,42484,51221,62176
576,Lessdevelopedregions,902,Lessdevelopedregions,902,120,32289,37426,44461,56220,67634,89198,121886,17495,19888,23473,31042,37646,51498,69591,14794,17538,20988,25178,29988,37700
577,Lessdevelopedregions,902,Lessdevelopedregions,902,140,10800,11979,16356,29458,130594,304405,335926,5761,5800,7371,13279,66358,153587,169263,5039,6179,8985,16179,64236,150818
578,Lessdevelopedregions,902,Lessdevelopedregions,902,148,125029,118234,111901,107200,92472,86112,83291,61647,59492,57943,59452,52977,49382,47987,63382,58742,53958,47748,39495,36730
579,Lessdevelopedregions,902,Lessdevelopedregions,902,178,9607,13709,20078,26726,32556,42425,48033,4948,7319,11265,14434,17692,23742,28121,4659,6390,8813,12292,14864,18683
580,Lessdevelopedregions,902,Lessdevelopedregions,902,180,83775,128515,203848,266210,312360,301250,302543,39063,61977,99515,139771,159322,156317,157850,44712,66538,104333,126439,153038,144933
581,Lessdevelopedregions,902,Lessdevelopedregions,902,226,27377,36526,45770,52913,60749,84438,92962,13487,17966,22666,26433,30986,48257,53047,13890,18560,23104,26480,29763,36181
582,Lessdevelopedregions,902,Lessdevelopedregions,902,266,1357,1414,1828,2419,3721,4841,5095,655,664,835,1313,1946,2394,2536,702,750,993,1106,1775,2447
583,Lessdevelopedregions,902,Lessdevelopedregions,902,678,4865,6302,7736,7274,7153,9218,10215,2317,3044,3787,3573,3531,4995,5558,2548,3258,3949,3701,3622,4223
584,Lessdevelopedregions,902,Lessdevelopedregions,902,12,49028,55305,57237,64471,72027,78712,80496,24039,26923,27811,31484,34919,38199,39475,24989,28382,29426,32987,37108,40513
585,Lessdevelopedregions,902,Lessdevelopedregions,902,818,1021512,1143517,1309844,1346494,2060607,2544640,2920983,647013,748561,876350,909751,1433021,1687097,1939443,374499,394956,433494,436743,627586,857543
586,Lessdevelopedregions,902,Lessdevelopedregions,902,434,47160,45144,43215,40615,45613,60877,68997,23974,23033,22333,21239,23715,33493,38252,23186,22111,20882,19376,21898,27384
587,Lessdevelopedregions,902,Lessdevelopedregions,902,504,176663,187732,189571,184675,186341,193972,192208,86744,90859,91542,89683,91393,95010,94478,89919,96873,98029,94992,94948,98962
588,Lessdevelopedregions,902,Lessdevelopedregions,902,729,325245,358214,376565,466874,594406,676984,825341,202043,224514,237911,303349,398755,451594,544765,123202,133700,138654,163525,195651,225390
589,Lessdevelopedregions,902,Lessdevelopedregions,902,788,48844,48643,47082,41368,39727,41811,43044,24124,23902,23332,21034,21216,22255,23094,24720,24741,23750,20334,18511,19556
590,Lessdevelopedregions,902,Lessdevelopedregions,902,732,167905,166903,165911,131163,144125,156658,162952,92390,91693,90999,71941,76229,82788,86018,75515,75210,74912,59222,67896,73870
591,Lessdevelopedregions,902,Lessdevelopedregions,902,72,22553,19601,22557,28046,38133,47892,55087,17439,13759,14028,17205,23064,28917,35688,5114,5842,8529,10841,15069,18975
592,Lessdevelopedregions,902,Lessdevelopedregions,902,748,34531,29131,32333,42447,66195,42887,46362,25264,19256,18278,23504,36442,20984,22592,9267,9875,14055,18943,29753,21903
593,Lessdevelopedregions,902,Lessdevelopedregions,902,426,188009,132005,115088,151558,234654,182437,192639,144258,91824,64594,82177,126260,82136,85371,43751,40181,50494,69381,108394,100301
594,Lessdevelopedregions,902,Lessdevelopedregions,902,516,11693,24731,45224,59758,92475,41935,38049,7044,13179,22755,29385,45440,20994,18987,4649,11552,22469,30373,47035,20941
595,Lessdevelopedregions,902,Lessdevelopedregions,902,710,62775,60040,70911,68180,68360,68981,72223,32378,31975,38266,35739,33899,34334,36152,30397,28065,32645,32441,34461,34647
596,Lessdevelopedregions,902,Lessdevelopedregions,902,204,177743,210833,247605,400345,417668,502843,538297,97173,115087,134226,227553,237718,277088,295462,80570,95746,113379,172792,179950,225755
597,Lessdevelopedregions,902,Lessdevelopedregions,902,854,971783,1158830,1211286,1269913,1323117,1391019,1450984,546592,650059,677551,711716,739084,777256,810692,425191,508771,533735,558197,584033,613763
598,Lessdevelopedregions,902,Lessdevelopedregions,902,132,340,377,384,1030,1797,2045,2197,179,198,206,489,895,1003,1097,161,179,178,541,902,1042
599,Lessdevelopedregions,902,Lessdevelopedregions,902,384,8618,8352,9007,29841,57324,71147,81658,4771,4855,5004,14738,31183,38815,44600,3847,3497,4003,15103,26141,32332
600,Lessdevelopedregions,902,Lessdevelopedregions,902,270,10560,6214,6458,6741,8346,8950,9479,5555,3260,3382,3536,4389,4711,4998,5005,2954,3076,3205,3957,4239
601,Lessdevelopedregions,902,Lessdevelopedregions,902,288,184547,179659,192080,287097,297777,344188,368475,87923,86280,92461,149673,155288,174664,187608,96624,93379,99619,137424,142489,169524
602,Lessdevelopedregions,902,Lessdevelopedregions,902,324,137099,139261,145537,157380,163887,173260,180870,74828,75668,79111,85305,89044,94192,98376,62271,63593,66426,72075,74843,79068
603,Lessdevelopedregions,902,Lessdevelopedregions,902,624,1670,2061,2447,4933,7417,7932,8458,952,1193,1435,2858,4275,4571,4896,718,868,1012,2075,3142,3361
604,Lessdevelopedregions,902,Lessdevelopedregions,902,430,20791,45482,45487,96687,71780,83216,91080,11066,22409,22307,50071,36478,41601,45669,9725,23073,23180,46616,35302,41615
605,Lessdevelopedregions,902,Lessdevelopedregions,902,466,463815,521913,559033,650879,691720,766110,801376,260409,292518,314358,371253,395563,436725,456606,203406,229395,244675,279626,296157,329385
606,Lessdevelopedregions,902,Lessdevelopedregions,902,478,13422,13868,14787,14890,17030,18779,19527,10012,10329,10957,11136,12752,13966,14517,3410,3539,3830,3754,4278,4813
607,Lessdevelopedregions,902,Lessdevelopedregions,902,562,90410,99693,108522,169041,169876,195489,208757,60915,66875,72016,110166,110716,122172,129873,29495,32818,36506,58875,59160,73317
608,Lessdevelopedregions,902,Lessdevelopedregions,902,566,184275,178966,175654,208914,252582,352776,399180,108367,104765,102008,121882,152297,196268,221855,75908,74201,73646,87032,100285,156508
609,Lessdevelopedregions,902,Lessdevelopedregions,902,654,345,274,343,381,568,652,771,103,103,168,179,271,305,387,242,171,175,202,297,347
610,Lessdevelopedregions,902,Lessdevelopedregions,902,686,43462,47679,53892,63565,69278,88831,95317,31659,34683,39261,45050,51371,67721,72978,11803,12996,14631,18515,17907,21110
611,Lessdevelopedregions,902,Lessdevelopedregions,902,694,3096,4131,5402,8122,6950,8257,9057,1714,2305,2930,4611,3882,4484,4932,1382,1826,2472,3511,3068,3773
612,Lessdevelopedregions,902,Lessdevelopedregions,902,768,141601,240550,180290,256039,250595,301499,329131,71712,117661,91467,135513,139964,164659,179244,69889,122889,88823,120526,110631,136840
613,Lessdevelopedregions,902,Lessdevelopedregions,902,398,137806,106623,93040,85302,77194,74587,76350,59003,46908,39977,37442,34423,33537,34290,78803,59715,53063,47860,42771,41050
614,Lessdevelopedregions,902,Lessdevelopedregions,902,417,39531,31837,28672,29955,31646,31133,33376,18129,15289,13642,14387,15472,15221,16384,21402,16548,15030,15568,16174,15912
615,Lessdevelopedregions,902,Lessdevelopedregions,902,762,25929,59153,74082,73993,35955,34322,35122,12314,27498,34031,33788,18788,18376,18885,13615,31655,40051,40205,17167,15946
616,Lessdevelopedregions,902,Lessdevelopedregions,902,795,10792,10994,11358,13333,13431,12945,13250,4794,5285,5794,7099,7240,6961,7217,5998,5709,5564,6234,6191,5984
617,Lessdevelopedregions,902,Lessdevelopedregions,902,860,347390,336542,326381,371594,429653,459060,488585,163328,164207,159528,186979,223271,243730,261895,184062,172335,166853,184615,206382,215330
618,Lessdevelopedregions,902,Lessdevelopedregions,902,156,2525357,2736591,2913748,3330010,3849060,4307048,4521512,1345450,1415792,1463382,1603040,1773472,1961631,2010562,1179907,1320799,1450366,1726970,2075588,2345417
619,Lessdevelopedregions,902,Lessdevelopedregions,902,HongKongSAR,344,32322,50095,72250,141982,238239,285641,306196,16128,24391,35130,76661,133714,164426,177053,16194,25704,37120,65321,104525
620,Lessdevelopedregions,902,Lessdevelopedregions,902,MacaoSAR,446,72078,73573,75752,88648,102641,110222,115142,36436,37223,38190,42273,46801,49569,50448,35642,36350,37562,46375,55840
621,Lessdevelopedregions,902,Lessdevelopedregions,902,TaiwanProvinceofChina,158,0,0,0,0,0,0,0,0,0,0,0,0,0,0,0,0,0,0,0
622,Lessdevelopedregions,902,Lessdevelopedregions,902,408,23593,37980,56497,61460,68939,74626,78681,11270,18444,27650,30798,35087,38689,40888,12323,19536,28847,30662,33852,35937
623,Lessdevelopedregions,902,Lessdevelopedregions,902,392,164516,157412,159182,155823,168554,186139,205913,89106,83292,81657,81436,87898,99474,107876,75410,74120,77525,74387,80656,86665
624,Lessdevelopedregions,902,Lessdevelopedregions,902,496,166,828,1749,9327,20513,24694,31426,87,412,882,5533,11993,14150,17650,79,416,867,3794,8520,10544
625,Lessdevelopedregions,902,Lessdevelopedregions,902,410,130485,128778,123897,173103,226583,260612,280850,68308,68641,67238,98753,133186,156736,169516,62177,60137,56659,74350,93397,103876
626,Lessdevelopedregions,902,Lessdevelopedregions,902,96,19700,26862,35408,34193,32840,32176,30988,12264,16978,22384,21168,20221,19662,18851,7436,9884,13024,13025,12619,12514
627,Lessdevelopedregions,902,Lessdevelopedregions,902,116,103832,150004,173795,385718,637902,724363,764584,52300,75944,85755,181284,300930,341461,359243,51532,74060,88040,204434,336972,382902
628,Lessdevelopedregions,902,Lessdevelopedregions,902,360,1237854,1521720,1945736,2273250,2868927,3494722,3991709,757078,898629,1116425,1299603,1642071,2002959,2311181,480776,623091,829311,973647,1226856,1491763
629,Lessdevelopedregions,902,Lessdevelopedregions,902,418,172388,215770,296123,548535,837664,908714,950855,78881,100747,137140,242500,369961,400422,418299,93507,115023,158983,306035,467703,508292
630,Lessdevelopedregions,902,Lessdevelopedregions,902,458,279256,518286,799780,912270,1072152,1216666,1241998,133026,228220,337052,396506,475419,537710,548820,146230,290066,462728,515764,596733,678956
631,Lessdevelopedregions,902,Lessdevelopedregions,902,104,414315,629261,931313,1522901,2134632,2399527,2565802,247880,360779,517233,857334,1221068,1379734,1481342,166435,268482,414080,665567,913564,1019793
632,Lessdevelopedregions,902,Lessdevelopedregions,902,608,662039,760508,916542,1041384,1516130,1918738,2193399,319025,378471,463284,568297,921380,1144484,1295430,343014,382037,453258,473087,594750,774254
633,Lessdevelopedregions,902,Lessdevelopedregions,902,702,55212,55012,64588,92159,117270,135399,142313,26757,26947,31835,47453,61049,71390,76224,28455,28065,32753,44706,56221,64009
634,Lessdevelopedregions,902,Lessdevelopedregions,902,764,68829,79253,99609,114143,162236,217024,307577,33417,36479,44681,55295,84516,123806,186221,35412,42774,54928,58848,77720,93218
635,Lessdevelopedregions,902,Lessdevelopedregions,902,626,747,71401,143762,80068,20543,22732,23899,485,35757,71811,42539,11523,12975,13614,262,35644,71951,37529,9020,9757
636,Lessdevelopedregions,902,Lessdevelopedregions,902,704,348699,375209,386762,435925,492752,544000,605162,176205,190085,199968,245195,285928,320917,354460,172494,185124,186794,190730,206824,223083
637,Lessdevelopedregions,902,Lessdevelopedregions,902,4,7560196,4176007,4527597,3808447,4904705,4860116,4959038,4063525,2273480,2482054,2103684,2658683,2584761,2695487,3496671,1902527,2045543,1704763,2246022,2275355
638,Lessdevelopedregions,902,Lessdevelopedregions,902,50,5287306,5174392,5103951,5036573,5720619,6112799,6547715,3067926,3016650,2996337,3008359,3766521,4103774,4498248,2219380,2157742,2107614,2028214,1954098,2009025
639,Lessdevelopedregions,902,Lessdevelopedregions,902,64,11102,9650,8201,9787,11074,10335,9683,5503,4902,4298,5179,5562,5095,4694,5599,4748,3903,4608,5512,5240
640,Lessdevelopedregions,902,Lessdevelopedregions,902,356,4924007,4863039,5127599,6067704,8825512,10443528,11665396,3012537,3054049,3292130,4053129,6254442,7583794,8566401,1911470,1808990,1835469,2014575,2571070,2859734
641,Lessdevelopedregions,902,Lessdevelopedregions,902,364,112759,133468,132572,104222,104065,128112,172454,59973,70787,65664,52793,53340,68749,89311,52786,62681,66908,51429,50725,59363
642,Lessdevelopedregions,902,Lessdevelopedregions,902,462,1888,1268,660,1473,2584,2441,2416,1534,990,402,759,1234,1090,1084,354,278,258,714,1350,1351
643,Lessdevelopedregions,902,Lessdevelopedregions,902,524,730851,827264,936875,1188233,1547982,2000555,2203942,379336,436030,499719,621000,782227,1096187,1263132,351515,391234,437156,567233,765755,904368
644,Lessdevelopedregions,902,Lessdevelopedregions,902,586,2876427,2700579,2581855,2718445,3481404,3996805,4533628,1697922,1622662,1584550,1719195,2390762,2753280,3167354,1178505,1077917,997305,999250,1090642,1243525
645,Lessdevelopedregions,902,Lessdevelopedregions,902,144,623449,578177,544430,627179,822628,942452,1175129,309583,300196,296061,363655,494098,568973,725028,313866,277981,248369,263524,328530,373479
646,Lessdevelopedregions,902,Lessdevelopedregions,902,51,245567,243057,231418,212614,197361,190040,184284,115710,108170,104178,103640,99351,97591,94795,129857,134887,127240,108974,98010,92449
647,Lessdevelopedregions,902,Lessdevelopedregions,902,31,577614,673191,639582,497643,253464,201826,209097,251694,292848,278761,217211,116602,95863,99207,325920,380343,360821,280432,136862,105963
648,Lessdevelopedregions,902,Lessdevelopedregions,902,48,10945,11308,20116,18916,14536,15255,16113,5064,5395,9882,9460,7474,7658,8114,5881,5913,10234,9456,7062,7597
649,Lessdevelopedregions,902,Lessdevelopedregions,902,196,10380,11040,12144,13136,14924,15805,20741,4901,5251,5776,6114,6810,7070,8981,5479,5789,6368,7022,8114,8735
650,Lessdevelopedregions,902,Lessdevelopedregions,902,268,117728,134535,151910,129686,118530,127059,127402,54202,60927,66105,57330,54506,57992,57857,63526,73608,85805,72356,64024,69067
651,Lessdevelopedregions,902,Lessdevelopedregions,902,368,492736,491387,453757,843523,1918984,858254,992395,254525,256289,247277,456228,998767,463200,438639,238211,235098,206480,387295,920217,395054
652,Lessdevelopedregions,902,Lessdevelopedregions,902,376,110253,109196,109496,94029,82110,81704,85262,49392,48975,49205,41748,37567,36906,39126,60861,60221,60291,52281,44543,44798
653,Lessdevelopedregions,902,Lessdevelopedregions,902,400,243090,260183,280569,340189,486547,573596,653241,138231,152344,168125,211299,312175,366559,417960,104859,107839,112444,128890,174372,207037
654,Lessdevelopedregions,902,Lessdevelopedregions,902,414,65129,66678,68302,77214,119647,123310,133260,36708,39858,43032,48726,77798,80088,87343,28421,26820,25270,28488,41849,43222
655,Lessdevelopedregions,902,Lessdevelopedregions,902,422,129817,131800,135738,156279,207844,248419,289283,78741,80755,83957,100490,138005,164416,191063,51076,51045,51781,55789,69839,84003
656,Lessdevelopedregions,902,Lessdevelopedregions,902,512,11790,11767,12081,13699,14650,15274,16065,6015,6036,6229,7152,7715,7852,8589,5775,5731,5852,6547,6935,7422
657,Lessdevelopedregions,902,Lessdevelopedregions,902,634,11271,11412,11690,12565,14702,15303,16039,5541,5708,5940,6404,7461,7587,8010,5730,5704,5750,6161,7241,7716
658,Lessdevelopedregions,902,Lessdevelopedregions,902,682,80008,91918,102495,99660,115776,112973,122806,44440,55041,64709,64192,72967,70692,77374,35568,36877,37786,35468,42809,42281
659,Lessdevelopedregions,902,Lessdevelopedregions,902,275,1774376,2232889,2723687,3207689,3482852,3699033,3920253,867736,1106855,1376456,1639096,1774128,1932051,2057480,906640,1126034,1347231,1568593,1708724,1766982
660,Lessdevelopedregions,902,Lessdevelopedregions,902,760,491539,505737,524545,601661,822879,5782284,6973101,277205,286844,299539,363917,513985,3274003,3997377,214334,218893,225006,237744,308894,2508281
661,Lessdevelopedregions,902,Lessdevelopedregions,902,792,91436,116716,124590,131065,158073,162695,173154,50027,64778,69820,74097,94019,95072,101029,41409,51938,54770,56968,64054,67623
662,Lessdevelopedregions,902,Lessdevelopedregions,902,784,73837,83977,88404,92498,110374,116693,122593,41432,49572,53535,51909,59439,61859,64851,32405,34405,34869,40589,50935,54834
663,Lessdevelopedregions,902,Lessdevelopedregions,902,887,443678,461265,490835,580016,816802,1006863,1185077,282854,297311,319902,385836,559636,674777,786740,160824,163954,170933,194180,257166,332086
664,Lessdevelopedregions,902,Lessdevelopedregions,902,112,197308,161661,136229,135101,133168,135436,138238,90630,73466,61220,62025,62294,64275,65769,106678,88195,75009,73076,70874,71161
665,Lessdevelopedregions,902,Lessdevelopedregions,902,100,490202,481503,474325,489427,505537,502068,690552,237264,230979,225079,226668,228090,181243,217188,252938,250524,249246,262759,277447,320825
666,Lessdevelopedregions,902,Lessdevelopedregions,902,203,8666,8457,8566,7659,7241,7711,8737,3906,3751,3745,3419,3313,3586,4196,4760,4706,4821,4240,3928,4125
667,Lessdevelopedregions,902,Lessdevelopedregions,902,348,26684,25506,23666,20760,19104,19161,19421,12202,11536,10706,9487,8782,8662,8793,14482,13970,12960,11273,10322,10499
668,Lessdevelopedregions,902,Lessdevelopedregions,902,616,162485,145676,128234,107602,89589,94652,97109,74586,65557,56685,47685,39631,41870,43783,87899,80119,71549,59917,49958,52782
669,Lessdevelopedregions,902,Lessdevelopedregions,902,498,58515,52586,42722,36375,30382,30907,32116,27133,23904,18881,15955,13154,13485,13552,31382,28682,23841,20420,17228,17422
670,Lessdevelopedregions,902,Lessdevelopedregions,902,642,151091,158401,158620,145814,135721,138729,144965,68670,70285,69452,63200,57767,58642,59637,82421,88116,89168,82614,77954,80087
671,Lessdevelopedregions,902,Lessdevelopedregions,902,643,5093973,4506445,3965088,3874540,3828780,3925016,4051706,2236534,1980569,1736389,1740230,1761851,1836042,1897714,2857439,2525876,2228699,2134310,2066929,2088974
672,Lessdevelopedregions,902,Lessdevelopedregions,902,703,530,591,720,861,1349,1445,1703,289,313,379,445,684,753,895,241,278,341,416,665,692
673,Lessdevelopedregions,902,Lessdevelopedregions,902,804,877077,755659,642138,648076,653499,671307,686701,393243,337608,285332,294574,302795,315118,322947,483834,418051,356806,353502,350704,356189
674,Lessdevelopedregions,902,Lessdevelopedregions,902,830,101,81,100,71,126,126,148,35,29,35,25,42,43,54,66,52,65,46,84,83
675,Lessdevelopedregions,902,Lessdevelopedregions,902,208,6962,8140,10272,10860,11941,12745,15016,3443,4158,5254,5527,5989,6386,7535,3519,3982,5018,5333,5952,6359
676,Lessdevelopedregions,902,Lessdevelopedregions,902,233,3692,3508,2920,2923,2922,2950,3065,1605,1537,1260,1259,1281,1316,1378,2087,1971,1660,1664,1641,1634
677,Lessdevelopedregions,902,Lessdevelopedregions,902,234,0,0,0,0,0,0,0,0,0,0,0,0,0,0,0,0,0,0,0,0
678,Lessdevelopedregions,902,Lessdevelopedregions,902,246,3522,3926,4885,5141,5469,5710,6761,1368,1619,2148,2279,2325,2424,2876,2154,2307,2737,2862,3144,3286
679,Lessdevelopedregions,902,Lessdevelopedregions,902,352,64,80,160,399,660,747,825,29,36,93,248,420,482,540,35,44,67,151,240,265
680,Lessdevelopedregions,902,Lessdevelopedregions,902,372,8148,7542,8623,10565,14528,17405,20084,3821,3687,4238,4969,6526,7738,9928,4327,3855,4385,5596,8002,9667
681,Lessdevelopedregions,902,Lessdevelopedregions,902,833,0,0,0,1,2,3,2,0,0,0,1,2,3,2,0,0,0,0,0,0
682,Lessdevelopedregions,902,Lessdevelopedregions,902,428,14416,12725,11309,9126,7078,7264,7291,6517,5665,5050,4068,3150,3251,3303,7899,7060,6259,5058,3928,4013
683,Lessdevelopedregions,902,Lessdevelopedregions,902,440,30675,24417,20362,16322,13033,13272,13557,14023,10968,9084,7333,5765,5883,6054,16652,13449,11278,8989,7268,7389
684,Lessdevelopedregions,902,Lessdevelopedregions,902,578,3828,4896,7326,7700,8413,8861,10819,2090,2600,3763,3945,4236,4419,5279,1738,2296,3563,3755,4177,4442
685,Lessdevelopedregions,902,Lessdevelopedregions,902,752,7651,9626,11773,11760,12871,13312,16230,3931,4783,5753,5841,6530,6791,7929,3720,4843,6020,5919,6341,6521
686,Lessdevelopedregions,902,Lessdevelopedregions,902,826,311025,304532,364981,423716,397803,358607,395808,151247,155973,189930,219124,210854,193907,214460,159778,148559,175051,204592,186949,164700
687,Lessdevelopedregions,902,Lessdevelopedregions,902,8,2218,3396,4600,4503,4372,4361,5754,1226,1788,2371,2316,2214,2169,2681,992,1608,2229,2187,2158,2192
688,Lessdevelopedregions,902,Lessdevelopedregions,902,20,3,2,1,7,12,13,14,2,1,1,7,12,13,14,1,1,0,0,0,0
689,Lessdevelopedregions,902,Lessdevelopedregions,902,70,7411,7525,3339,2897,3159,3140,4155,4044,4076,1721,1467,1562,1517,1882,3367,3449,1618,1430,1597,1623
690,Lessdevelopedregions,902,Lessdevelopedregions,902,191,3434,3390,3500,3416,3554,3881,4323,1772,1748,1805,1754,1808,1959,2278,1662,1642,1695,1662,1746,1922
691,Lessdevelopedregions,902,Lessdevelopedregions,902,292,69,64,67,68,74,81,90,37,34,35,39,47,55,64,32,30,32,29,27,26
692,Lessdevelopedregions,902,Lessdevelopedregions,902,300,131516,106293,83656,91243,103432,103187,129453,62532,50909,40427,43862,49616,48925,57471,68984,55384,43229,47381,53816,54262
693,Lessdevelopedregions,902,Lessdevelopedregions,902,336,0,0,0,0,0,0,0,0,0,0,0,0,0,0,0,0,0,0,0,0
694,Lessdevelopedregions,902,Lessdevelopedregions,902,380,559166,475038,395671,346933,311620,353095,363844,289673,246544,205741,180550,162258,183473,191884,269493,228494,189930,166383,149362,169622
695,Lessdevelopedregions,902,Lessdevelopedregions,902,470,236,227,261,311,430,512,599,93,93,105,121,180,209,280,143,134,156,190,250,303
696,Lessdevelopedregions,902,Lessdevelopedregions,902,499,241,238,233,245,285,301,284,117,116,113,120,139,146,137,124,122,120,125,146,155
697,Lessdevelopedregions,902,Lessdevelopedregions,902,807,51303,92829,137793,141301,145044,143632,200009,25938,45150,66182,66359,66487,81668,107407,25365,47679,71611,74942,78557,61964
698,Lessdevelopedregions,902,Lessdevelopedregions,902,620,388219,343931,303034,269391,221941,241391,255130,207911,183962,161445,142966,117390,125670,134228,180308,159969,141589,126425,104551,115721
699,Lessdevelopedregions,902,Lessdevelopedregions,902,674,37,36,35,27,51,57,59,32,31,30,22,14,14,15,5,5,5,5,37,43
700,Lessdevelopedregions,902,Lessdevelopedregions,902,688,3571,3457,3811,4893,7278,8026,8769,1594,1647,1889,2358,3370,3731,4384,1977,1810,1922,2535,3908,4295
701,Lessdevelopedregions,902,Lessdevelopedregions,902,705,1968,1985,2008,1578,1328,1370,1466,932,950,971,771,671,693,742,1036,1035,1037,807,657,677
702,Lessdevelopedregions,902,Lessdevelopedregions,902,724,520225,436007,356368,320563,299413,335847,361862,256983,214844,175832,159579,150694,169410,184819,263242,221163,180536,160984,148719,166437
703,Lessdevelopedregions,902,Lessdevelopedregions,902,40,33074,32785,34604,33199,32520,34175,41409,15824,16067,17456,16534,15869,16530,19629,17250,16718,17148,16665,16651,17645
704,Lessdevelopedregions,902,Lessdevelopedregions,902,56,24928,24604,26399,28053,31468,34438,40502,12370,12238,13093,14004,15674,17162,20261,12558,12366,13306,14049,15794,17276
705,Lessdevelopedregions,902,Lessdevelopedregions,902,250,296163,333457,380075,415876,482801,537584,574411,157516,176152,199500,217145,251224,279031,298590,138647,157305,180575,198731,231577,258553
706,Lessdevelopedregions,902,Lessdevelopedregions,902,276,435737,425033,429717,439368,442375,442946,556688,215323,209551,210992,214110,213939,191778,218844,220414,215482,218725,225258,228436,251168
707,Lessdevelopedregions,902,Lessdevelopedregions,902,438,175,170,166,125,100,101,102,111,108,108,80,71,73,74,64,62,58,45,29,28
708,Lessdevelopedregions,902,Lessdevelopedregions,902,442,329,340,360,296,307,320,357,107,112,120,101,130,140,163,222,228,240,195,177,180
709,Lessdevelopedregions,902,Lessdevelopedregions,902,492,275,279,295,328,481,513,575,120,137,163,203,272,296,334,155,142,132,125,209,217
710,Lessdevelopedregions,902,Lessdevelopedregions,902,528,55114,54591,57993,65837,81780,84698,100117,26547,27809,30717,35072,43437,44996,51743,28567,26782,27276,30765,38343,39702
711,Lessdevelopedregions,902,Lessdevelopedregions,902,756,36691,34185,32823,32347,34562,36040,42745,19442,18302,17763,17357,18384,19194,22177,17249,15883,15060,14990,16178,16846
712,Lessdevelopedregions,902,Lessdevelopedregions,902,660,1292,1316,1345,1387,1471,1493,1515,673,685,697,727,766,780,794,619,631,648,660,705,713
713,Lessdevelopedregions,902,Lessdevelopedregions,902,28,6821,7235,7718,7842,8027,8233,8438,3061,3245,3468,3566,3652,3745,3843,3760,3990,4250,4276,4375,4488
714,Lessdevelopedregions,902,Lessdevelopedregions,902,533,1248,1334,1479,1977,4098,4321,4657,586,622,690,907,1731,1821,1984,662,712,789,1070,2367,2500
715,Lessdevelopedregions,902,Lessdevelopedregions,902,44,1761,1735,1772,1619,1575,1622,1712,865,852,868,796,782,814,868,896,883,904,823,793,808
716,Lessdevelopedregions,902,Lessdevelopedregions,902,52,5203,5167,4881,5039,4527,4663,4906,2706,2707,2569,2649,2306,2392,2617,2497,2460,2312,2390,2221,2271
717,Lessdevelopedregions,902,Lessdevelopedregions,902,SintEustatiusandSaba,535,306,401,506,614,2883,3099,3524,162,212,263,318,1252,1345,1559,144,189,243,296,1631
718,Lessdevelopedregions,902,Lessdevelopedregions,902,92,2936,3038,3173,3548,4016,4087,4191,1256,1304,1373,1559,1760,1794,1841,1680,1734,1800,1989,2256,2293
719,Lessdevelopedregions,902,Lessdevelopedregions,902,136,87,85,86,93,105,131,131,46,46,48,52,61,76,78,41,39,38,41,44,55
720,Lessdevelopedregions,902,Lessdevelopedregions,902,192,59148,61921,67770,66974,73148,72005,112689,30089,31623,34710,34462,37878,37540,61565,29059,30298,33060,32512,35270,34465
721,Lessdevelopedregions,902,Lessdevelopedregions,902,531,1673,2416,3318,4150,5113,5341,5687,816,1197,1661,2110,2622,2734,2894,857,1219,1657,2040,2491,2607
722,Lessdevelopedregions,902,Lessdevelopedregions,902,212,16749,18529,20484,20665,20686,20920,20787,7195,8237,9351,9272,9075,9093,8993,9554,10292,11133,11393,11611,11827
723,Lessdevelopedregions,902,Lessdevelopedregions,902,214,68049,83110,98983,106903,114969,113928,143567,28481,35695,43142,46831,49014,47706,58423,39568,47415,55841,60072,65955,66222
724,Lessdevelopedregions,902,Lessdevelopedregions,902,308,19411,17949,14047,14784,10406,10722,11654,8806,8132,6192,6552,4543,4756,5905,10605,9817,7855,8232,5863,5966
725,Lessdevelopedregions,902,Lessdevelopedregions,902,312,5603,6487,7373,8427,9569,10527,10874,2477,2765,3052,3410,3806,3998,4183,3126,3722,4321,5017,5763,6529
726,Lessdevelopedregions,902,Lessdevelopedregions,902,332,229945,256808,284364,335643,394885,605533,868482,147367,161677,176367,203865,235598,379106,535966,82578,95131,107997,131778,159287,226427
727,Lessdevelopedregions,902,Lessdevelopedregions,902,388,13318,16403,21129,24838,32433,34963,37991,5483,6741,8708,10316,13559,14571,16076,7835,9662,12421,14522,18874,20392
728,Lessdevelopedregions,902,Lessdevelopedregions,902,474,10720,12193,13692,13895,14107,11994,12228,5449,5886,6340,6395,6451,5200,5282,5271,6307,7352,7500,7656,6794
729,Lessdevelopedregions,902,Lessdevelopedregions,902,500,2004,2270,2573,2750,2908,3054,3157,950,1092,1255,1355,1438,1516,1572,1054,1178,1318,1395,1470,1538
730,Lessdevelopedregions,902,Lessdevelopedregions,902,630,17772,19419,21487,19964,19181,17997,18950,8597,9240,10060,9793,9959,9482,10075,9175,10179,11427,10171,9222,8515
731,Lessdevelopedregions,902,Lessdevelopedregions,902,652,0,0,0,0,0,0,0,0,0,0,0,0,0,0,0,0,0,0,0,0
732,Lessdevelopedregions,902,Lessdevelopedregions,902,659,8732,9689,10665,11744,11446,11799,12143,4180,4630,5090,5582,5349,5522,5699,4552,5059,5575,6162,6097,6277
733,Lessdevelopedregions,902,Lessdevelopedregions,902,662,11891,13020,14080,13606,12946,13113,13471,5457,5925,6341,6175,5873,5834,6077,6434,7095,7739,7431,7073,7279
734,Lessdevelopedregions,902,Lessdevelopedregions,902,663,0,0,0,0,0,0,0,0,0,0,0,0,0,0,0,0,0,0,0,0
735,Lessdevelopedregions,902,Lessdevelopedregions,902,670,18586,18371,17105,17410,14626,15400,16603,8470,8408,7837,7961,6638,7066,8199,10116,9963,9268,9449,7988,8334
736,Lessdevelopedregions,902,Lessdevelopedregions,902,534,594,806,1080,1141,1698,1793,1945,289,394,540,574,825,874,953,305,412,540,567,873,919
737,Lessdevelopedregions,902,Lessdevelopedregions,902,780,14536,15218,16074,15837,15736,16141,16328,6914,7113,7394,7288,7242,7428,7447,7622,8105,8680,8549,8494,8713
738,Lessdevelopedregions,902,Lessdevelopedregions,902,796,2087,1293,497,982,1466,1585,1695,897,564,230,414,597,639,685,1190,729,267,568,869,946
739,Lessdevelopedregions,902,Lessdevelopedregions,902,850,2239,2896,3611,3432,3154,3241,3092,1111,1587,2089,1975,1808,1856,1766,1128,1309,1522,1457,1346,1385
740,Lessdevelopedregions,902,Lessdevelopedregions,902,84,3918,3989,4233,4505,5143,5144,5635,1795,1790,1872,2107,2528,2573,2845,2123,2199,2361,2398,2615,2571
741,Lessdevelopedregions,902,Lessdevelopedregions,902,188,20969,20142,23242,24965,26697,30445,34034,9465,9063,10680,11891,13091,15069,17115,11504,11079,12562,13074,13606,15376
742,Lessdevelopedregions,902,Lessdevelopedregions,902,222,734197,230878,48048,49969,63023,70849,84543,351259,106385,21549,21122,25853,29740,36328,382938,124493,26499,28847,37170,41109
743,Lessdevelopedregions,902,Lessdevelopedregions,902,320,102892,80593,62113,65211,73660,88894,97719,51828,41632,33529,32839,35031,42529,47245,51064,38961,28584,32372,38629,46365
744,Lessdevelopedregions,902,Lessdevelopedregions,902,340,42044,40517,41651,46981,56543,65562,94544,18450,17905,18567,21216,25778,29823,42962,23594,22612,23084,25765,30765,35739
745,Lessdevelopedregions,902,Lessdevelopedregions,902,484,44463,48895,54532,57734,65457,75159,89854,20514,23203,26411,28989,33812,39324,47058,23949,25692,28121,28745,31645,35835
746,Lessdevelopedregions,902,Lessdevelopedregions,902,558,262485,227864,259760,301736,327498,337447,400406,133894,115740,128744,147201,155189,159020,198132,128591,112124,131016,154535,172309,178427
747,Lessdevelopedregions,902,Lessdevelopedregions,902,591,44248,30414,21197,15914,20898,22266,25390,22370,15418,10810,8035,10627,11493,13567,21878,14996,10387,7879,10271,10773
748,Lessdevelopedregions,902,Lessdevelopedregions,902,32,206321,231423,257434,276719,297815,317255,372975,102083,115364,129401,139737,151168,162539,191029,104238,116059,128033,136982,146647,154716
749,Lessdevelopedregions,902,Lessdevelopedregions,902,68,181421,224918,269588,355100,442270,543191,638679,94284,115891,138153,178691,220165,271197,313731,87137,109027,131435,176409,222105,271994
750,Lessdevelopedregions,902,Lessdevelopedregions,902,76,206759,209406,219216,244398,267308,306302,340376,106254,105628,107725,122061,136063,158834,177096,100505,103778,111491,122337,131245,147468
751,Lessdevelopedregions,902,Lessdevelopedregions,902,152,300999,286672,274534,262770,256856,295391,310263,158650,147267,137010,128940,123998,142550,152145,142349,139405,137524,133830,132858,152841
752,Lessdevelopedregions,902,Lessdevelopedregions,902,170,643180,702357,761656,862303,1293536,1392620,1456988,300850,332179,363430,407806,624020,672437,704545,342330,370178,398226,454497,669516,720183
753,Lessdevelopedregions,902,Lessdevelopedregions,902,218,48407,55848,64446,70890,83852,96341,124031,24409,27608,31367,34576,41407,47734,61485,23998,28240,33079,36314,42445,48607
754,Lessdevelopedregions,902,Lessdevelopedregions,902,238,18,20,22,27,42,52,54,9,10,11,13,21,26,31,9,10,11,14,21,26
755,Lessdevelopedregions,902,Lessdevelopedregions,902,254,2779,3164,3576,3726,3860,4219,4276,1221,1363,1517,1573,1621,1701,1748,1558,1801,2059,2153,2239,2518
756,Lessdevelopedregions,902,Lessdevelopedregions,902,328,26453,31548,38377,45629,57284,61302,64877,12655,15021,18111,21766,27845,29800,32426,13798,16527,20266,23863,29439,31502
757,Lessdevelopedregions,902,Lessdevelopedregions,902,600,283171,317002,350944,493818,636282,735864,750186,125528,139683,153685,219032,284172,328193,337081,157643,177319,197259,274786,352110,407671
758,Lessdevelopedregions,902,Lessdevelopedregions,902,604,84785,146454,210655,305414,407468,472393,569670,47482,72534,99494,143812,192243,224872,279878,37303,73920,111161,161602,215225,247521
759,Lessdevelopedregions,902,Lessdevelopedregions,902,740,17477,18563,19744,25797,32099,30211,33739,9242,9475,9754,12403,15113,14312,15992,8235,9088,9990,13394,16986,15899
760,Lessdevelopedregions,902,Lessdevelopedregions,902,858,180362,170455,160582,161691,163400,189287,193212,89748,84845,79990,79677,79708,91912,94808,90614,85610,80592,82014,83692,97375
761,Lessdevelopedregions,902,Lessdevelopedregions,902,862,67991,75894,85043,89385,107451,173904,4416404,32885,36843,41379,43372,52055,85623,2186746,35106,39051,43664,46013,55396,88281
762,Lessdevelopedregions,902,Lessdevelopedregions,902,60,131,110,109,145,187,204,215,68,64,70,87,110,124,136,63,46,39,58,77,80
763,Lessdevelopedregions,902,Lessdevelopedregions,902,124,53792,63468,76479,86930,110079,114046,131321,26913,32821,40639,48348,62735,64591,74900,26879,30647,35840,38582,47344,49455
764,Lessdevelopedregions,902,Lessdevelopedregions,902,304,507,449,512,355,373,403,451,184,173,213,165,192,213,240,323,276,299,190,181,190
765,Lessdevelopedregions,902,Lessdevelopedregions,902,666,50,59,71,85,104,111,122,27,33,40,48,57,62,70,23,26,31,37,47,49
766,Lessdevelopedregions,902,Lessdevelopedregions,902,840,798483,888864,1012277,1228311,1513042,1518294,1654005,404988,451132,514104,635124,784770,789118,872669,393495,437732,498173,593187,728272,729176
767,Lessdevelopedregions,902,Lessdevelopedregions,902,36,54292,54207,53379,66545,83643,85970,93242,29105,29761,29565,37579,47027,48424,52924,25187,24446,23814,28966,36616,37546
768,Lessdevelopedregions,902,Lessdevelopedregions,902,554,16042,17252,19049,20377,23471,24949,27819,8255,9153,10189,11109,12984,13693,15830,7787,8099,8860,9268,10487,11256
769,Lessdevelopedregions,902,Lessdevelopedregions,902,242,3443,2503,1537,2127,2457,2675,2648,1553,1191,811,1116,1181,1323,1320,1890,1312,726,1011,1276,1352
770,Lessdevelopedregions,902,Lessdevelopedregions,902,540,2588,2892,3202,3440,3328,3256,3257,1263,1382,1504,1673,1691,1651,1653,1325,1510,1698,1767,1637,1605
771,Lessdevelopedregions,902,Lessdevelopedregions,902,598,102,101,468,402,171,178,185,44,49,212,182,73,77,85,58,52,256,220,98,101
772,Lessdevelopedregions,902,Lessdevelopedregions,902,90,1014,1013,930,939,956,1000,1020,565,567,525,536,547,581,599,449,446,405,403,409,419
773,Lessdevelopedregions,902,Lessdevelopedregions,902,548,3843,4380,4894,5171,5360,4198,4414,2093,2354,2618,2775,2888,2071,2176,1750,2026,2276,2396,2472,2127
774,Lessdevelopedregions,902,Lessdevelopedregions,902,316,1332,1575,2743,2453,2109,2012,2086,671,833,1359,1187,952,915,942,661,742,1384,1266,1157,1097
775,Lessdevelopedregions,902,Lessdevelopedregions,902,296,2010,1938,1881,1912,1246,1371,1427,1010,981,955,980,684,759,800,1000,957,926,932,562,612
776,Lessdevelopedregions,902,Lessdevelopedregions,902,584,311,384,468,434,378,372,383,160,208,241,216,187,184,192,151,176,227,218,191,188
777,Lessdevelopedregions,902,Lessdevelopedregions,902,583,4949,7125,9343,11245,12467,12400,13036,2583,3669,4737,5664,6274,6263,6570,2366,3456,4606,5581,6193,6137
778,Lessdevelopedregions,902,Lessdevelopedregions,902,520,26,20,20,21,25,27,28,10,8,7,8,9,10,13,16,12,13,13,16,17
779,Lessdevelopedregions,902,Lessdevelopedregions,902,580,2243,2367,2488,2561,2562,2557,2693,1063,1136,1199,1268,1309,1318,1380,1180,1231,1289,1293,1253,1239
780,Lessdevelopedregions,902,Lessdevelopedregions,902,585,2945,2828,3977,3673,2407,2351,2445,1363,1364,1849,1740,1190,1166,1219,1582,1464,2128,1933,1217,1185
781,Lessdevelopedregions,902,Lessdevelopedregions,902,16,1014,1523,2022,1908,1671,1402,1329,544,812,1068,997,864,718,684,470,711,954,911,807,684
782,Lessdevelopedregions,902,Lessdevelopedregions,902,184,45,51,58,56,55,52,49,19,22,21,21,22,22,22,26,29,37,35,33,30
783,Lessdevelopedregions,902,Lessdevelopedregions,902,258,2807,3248,3689,2096,486,664,701,1446,1650,1854,1097,333,467,492,1361,1598,1835,999,153,197
784,Lessdevelopedregions,902,Lessdevelopedregions,902,570,37,71,108,72,40,44,45,20,39,60,41,27,30,34,17,32,48,31,13,14
785,Lessdevelopedregions,902,Lessdevelopedregions,902,882,15282,16776,18258,17396,16639,16601,16667,7926,8625,9305,8815,8378,8313,8347,7356,8151,8953,8581,8261,8288
786,Lessdevelopedregions,902,Lessdevelopedregions,902,772,161,162,162,151,132,111,104,81,81,80,75,65,54,52,80,81,82,76,67,57
787,Lessdevelopedregions,902,Lessdevelopedregions,902,776,2667,2626,2583,2672,2755,2778,2804,1437,1400,1366,1414,1464,1480,1498,1230,1226,1217,1258,1291,1298
788,Lessdevelopedregions,902,Lessdevelopedregions,902,798,802,815,838,816,576,592,601,450,455,473,457,315,330,341,352,360,365,359,261,262
789,Lessdevelopedregions,902,Lessdevelopedregions,902,876,5600,6492,7375,7422,7460,11223,11913,2921,3342,3752,3694,3630,5364,5671,2679,3150,3623,3728,3830,5859
790,Lessdevelopedregions,902,Lessdevelopedregions,902,900,67419066,65243958,65850628,71088981,86472612,103368940,118939005,35723792,34702148,35328824,38894021,48756636,58644164,67594504,31695274,30541810,30521804,32194960,37715976,44724776
791,Lessdevelopedregions,902,Lessdevelopedregions,902,947,13104484,13717879,12245652,12719230,14282561,17525848,20177223,6959645,7227424,6482046,6891971,7643148,9253308,10625898,6144839,6490455,5763606,5827259,6639413,8272540
792,Lessdevelopedregions,902,Lessdevelopedregions,902,1833,7126178,8113914,8913281,10211873,12745535,18295042,20825246,3823045,4388694,4901752,5697638,7332599,10491688,11924387,3303133,3725220,4011529,4514235,5412936,7803354
793,Lessdevelopedregions,902,Lessdevelopedregions,902,921,23213740,19780508,20309651,20936308,26743267,29999553,32609589,13048710,11315860,11779410,12524303,17002118,19459428,21608762,10165030,8464648,8530241,8412005,9741149,10540125
794,Lessdevelopedregions,902,Lessdevelopedregions,902,1832,4684115,5834008,7318716,9107263,12061284,14194529,16175946,2576736,3147709,3872850,4892445,6575525,7753529,8979320,2107379,2686299,3445866,4214818,5485759,6441000
795,Lessdevelopedregions,902,Lessdevelopedregions,902,1830,4036926,3739047,3863103,4452548,5453507,6289522,11421146,2001802,1846839,1899735,2170383,2650548,3100422,5684178,2035124,1892208,1963368,2282165,2802959,3189100
796,Lessdevelopedregions,902,Lessdevelopedregions,902,1835,57890,63504,71524,71199,67985,71787,73978,29478,32459,36226,36114,34523,36238,37347,28412,31045,35298,35085,33462,35549
797,Lessdevelopedregions,902,Lessdevelopedregions,902,927,64077,63968,63653,76741,95698,98563,108008,33558,34358,34435,42647,53331,55043,61460,30519,29610,29218,34094,42367,43520
798,Lessdevelopedregions,902,Lessdevelopedregions,902,1829,10939633,10089613,9452757,9572666,9804385,10062583,10928287,5104934,4726790,4440201,4563042,4733640,4842821,5182668,5834699,5362823,5012556,5009624,5070745,5219762
799,Lessdevelopedregions,902,Lessdevelopedregions,902,901,11167300,10308777,9672312,9801514,10065169,10343429,11237195,5227032,4843182,4554472,4685169,4873064,4995359,5346515,5940268,5465595,5117840,5116345,5192105,5348070
800,Lessdevelopedregions,902,Lessdevelopedregions,902,902,52059743,51093664,52566025,57346314,71189053,86193998,101082228,28350876,27876951,28892183,32133374,41152368,49997118,58757505,23708867,23216713,23673842,25212940,30036685,36196880
801,Lessdevelopedregions,902,Lessdevelopedregions,902,excludingleastdevelopedcountries,934,24541727,25857721,27997190,31914837,41180283,51474774,61685872,13329972,14096664,15381758,17948375,24200727,30457157,36227019,11211755,11761057,12615432,13966462,16979556
802,Lessdevelopedregions,902,Lessdevelopedregions,902,excludingChina,948,51088191,50047551,51472219,56035892,69532289,84140102,98930407,27861787,27355495,28356193,31481418,40343415,48987647,57739575,23226404,22692056,23116026,24554474,29188874
803,Lessdevelopedregions,902,Lessdevelopedregions,902,941,27518016,25235943,24568835,25431477,30008770,34719224,39396356,15020904,13780287,13510425,14184999,16951641,19539961,22530486,12497112,11455656,11058410,11246478,13057129,15179263
804,Lessdevelopedregions,902,Lessdevelopedregions,902,1636,16486929,14637255,13470720,13665383,16065396,18830674,21319341,8679042,7630859,7101301,7263752,8398255,9873669,11207273,7807887,7006396,6369419,6401631,7667141,8957005
805,Lessdevelopedregions,902,Lessdevelopedregions,902,1637,796284,960446,1158359,1233366,1319716,1580638,1973378,421051,503198,602153,644337,685834,854788,1071527,375233,457248,556206,589029,633882,725850
806,Lessdevelopedregions,902,Lessdevelopedregions,902,1503,5583400,5449414,5508073,5754736,6191293,6482400,7063457,2823814,2770150,2806372,2944250,3183404,3309301,3569076,2759586,2679264,2701701,2810486,3007889,3173099
807,Lessdevelopedregions,902,Lessdevelopedregions,902,1517,38051935,38940358,41077833,45950331,57145639,63684063,74691542,20208519,20794597,22106863,25247350,32890635,37230661,43709608,17843416,18145761,18970970,20702981,24255004,26453402
808,Lessdevelopedregions,902,Lessdevelopedregions,902,1502,12826383,13243578,13733859,15065386,18059543,18841010,24895061,6218812,6428659,6669978,7465933,9113149,9587595,12430009,6607571,6814919,7063881,7599453,8946394,9253415
809,Lessdevelopedregions,902,Lessdevelopedregions,902,1501,25225552,25696780,27343974,30884945,39086096,44843053,49796481,13989707,14365938,15436885,17781417,23777486,27643066,31279599,11235845,11330842,11907089,13103528,15308610,17199987
810,Lessdevelopedregions,902,Lessdevelopedregions,902,1500,19390046,16806376,15440917,15263933,17694610,26129808,30311860,10436580,9044910,8421222,8533112,9837778,14330148,16697058,8953466,7761466,7019695,6730821,7856832,11799660
811,Lessdevelopedregions,902,Lessdevelopedregions,902,903,15229341,16152150,14936306,15765471,18022685,22402128,25681656,8207004,8675568,8109175,8720837,10007524,12205490,13968815,7022337,7476582,6827131,7044634,8015161,10196638
812,Lessdevelopedregions,902,Lessdevelopedregions,902,910,6920837,6711241,4876751,4572908,5453507,7271233,8945157,3631409,3503050,2584592,2540936,2948449,3828737,4684908,3289428,3208191,2292159,2031972,2505058,3442496
813,Lessdevelopedregions,902,Lessdevelopedregions,902,911,1511810,1380606,1884310,2012130,2204097,2882061,3325645,751792,694249,948565,1038256,1110699,1474251,1706929,760018,686357,935745,973874,1093398,1407810
814,Lessdevelopedregions,902,Lessdevelopedregions,902,912,2124857,2434271,2690654,3046241,3740124,4876280,5504433,1247359,1448144,1627129,1828866,2364376,2952182,3342917,877498,986127,1063525,1217375,1375748,1924098
815,Lessdevelopedregions,902,Lessdevelopedregions,902,913,347390,299875,321306,393087,549374,436466,460059,240547,187365,175565,208791,288966,212748,226268,106843,112510,145741,184296,260408,223718
816,Lessdevelopedregions,902,Lessdevelopedregions,902,914,4324447,5326157,5163285,5741105,6075583,6936088,7446362,2335897,2842760,2773324,3103988,3295034,3737572,4007793,1988550,2483397,2389961,2637117,2780549,3198516
817,Lessdevelopedregions,902,Lessdevelopedregions,902,935,32899176,31294159,33850994,37209203,47809962,57612844,64106348,18201132,17404119,18926883,21285520,28545866,34752463,39169552,14698044,13890040,14924111,15923683,19264096,22860381
818,Lessdevelopedregions,902,Lessdevelopedregions,902,5500,604012,583718,568108,604059,614557,629661,653470,281591,280956,272487,296562,314268,325561,341727,322421,302762,295621,307497,300289,304100
819,Lessdevelopedregions,902,Lessdevelopedregions,902,906,1249131,1314876,1369562,1617507,2027650,2462074,2597969,635144,661192,677029,813267,1004932,1228658,1252883,613987,653684,692533,804240,1022718,1233416
820,Lessdevelopedregions,902,Lessdevelopedregions,902,920,3434984,4519132,5949154,7489756,10033634,11732455,13577977,1941592,2486517,3195821,4079178,5570593,6524871,7726437,1493392,2032615,2753333,3410578,4463041,5207584
821,Lessdevelopedregions,902,Lessdevelopedregions,902,5501,22609728,19196790,19741543,20332249,26128710,29369892,31956119,12767119,11034904,11506923,12227741,16687850,19133867,21267035,9842609,8161886,8234620,8104508,9440860,10236025
822,Lessdevelopedregions,902,Lessdevelopedregions,902,922,5001321,5679643,6222627,7165632,9005411,13418762,15320813,2575686,2940550,3274623,3868772,4968223,7539506,8581470,2425635,2739093,2948004,3296860,4037188,5879256
823,Lessdevelopedregions,902,Lessdevelopedregions,902,908,10067729,9125059,8358771,8251961,8173719,8425390,9141989,4663233,4237150,3883755,3878070,3884520,3989593,4247855,5404496,4887909,4475016,4373891,4289199,4435797
824,Lessdevelopedregions,902,Lessdevelopedregions,902,923,7067757,6297376,5580774,5466107,5403630,5525246,5869919,3145099,2798477,2468155,2463614,2477834,2522810,2633522,3922658,3498899,3112619,3002493,2925796,3002436
825,Lessdevelopedregions,902,Lessdevelopedregions,902,924,397951,395190,465575,523556,502899,469862,516076,191010,197957,237195,266425,260264,245961,260732,206941,197233,228380,257131,242635,223901
826,Lessdevelopedregions,902,Lessdevelopedregions,902,925,1677784,1483790,1307316,1200623,1118328,1215617,1352238,858526,758277,666808,609941,565792,629368,697931,819258,725513,640508,590682,552536,586249
827,Lessdevelopedregions,902,Lessdevelopedregions,902,926,924237,948703,1005106,1061675,1148862,1214665,1403756,468598,482439,511597,538090,580630,591454,655670,455639,466264,493509,523585,568232,623211
828,Lessdevelopedregions,902,Lessdevelopedregions,902,904,4036926,3739047,3863103,4452548,5453507,6289522,11421146,2001802,1846839,1899735,2170383,2650548,3100422,5684178,2035124,1892208,1963368,2282165,2802959,3189100
829,Lessdevelopedregions,902,Lessdevelopedregions,902,915,528156,584302,644133,710176,794192,1011870,1355040,285289,313354,342893,377525,419279,565259,763128,242867,270948,301240,332651,374913,446611
830,Lessdevelopedregions,902,Lessdevelopedregions,902,916,1255796,683842,515297,567509,639437,696736,833093,609812,331361,252375,273602,302121,330040,405723,645984,352481,262922,293907,337316,366696
831,Lessdevelopedregions,902,Lessdevelopedregions,902,931,2252974,2470903,2703673,3174863,4019878,4580916,9233013,1106701,1202124,1304467,1519256,1929148,2205123,4515327,1146273,1268779,1399206,1655607,2090730,2375793
832,Lessdevelopedregions,902,Lessdevelopedregions,902,905,871904,964554,1093986,1320705,1630666,1637193,1786298,441701,489640,556446,684972,849120,853228,934813,430203,474914,537540,635733,781546,783965
833,Lessdevelopedregions,902,Lessdevelopedregions,902,909,121967,127472,135177,147940,163683,170350,181986,63036,66817,70661,78761,87854,91281,98807,58931,60655,64516,69179,75829,79069
834,Lessdevelopedregions,902,Lessdevelopedregions,902,928,13255,13093,13128,14087,14263,13326,13567,6656,6691,6757,7339,7448,6791,6940,6599,6402,6371,6748,6815,6535
835,Lessdevelopedregions,902,Lessdevelopedregions,902,954,15798,18272,22968,24197,22988,22932,24038,7743,9141,11319,11990,11508,11547,12091,8055,9131,11649,12207,11480,11385
836,Lessdevelopedregions,902,Lessdevelopedregions,902,957,28837,32139,35428,32915,30734,35529,36373,15079,16627,18150,16785,15567,17900,18316,13758,15512,17278,16130,15167,17629
837,Lessdevelopedregions,902,Lessdevelopedregions,902,108,332480,533250,748470,599757,255984,427415,513674,171494,273837,383549,376818,130426,212528,257447,160986,259413,364921,222939,125558,214887
838,Lessdevelopedregions,902,Lessdevelopedregions,902,174,21133,31691,50251,65393,74098,83010,108259,12765,18421,27360,34572,37981,41831,53886,8368,13270,22891,30821,36117,41179
839,Lessdevelopedregions,902,Lessdevelopedregions,902,262,1842,3013,4578,3870,4619,5382,5346,1058,1866,2923,2410,2716,3102,3071,784,1147,1655,1460,1903,2280
840,Lessdevelopedregions,902,Lessdevelopedregions,902,232,145038,336524,459079,224889,229472,418076,491667,76711,178577,230404,115971,122001,218489,252206,68327,157947,228675,108918,107471,199587
841,Lessdevelopedregions,902,Lessdevelopedregions,902,231,1573041,680615,290999,303073,381556,448679,492375,797661,343827,159524,170859,218202,261624,290409,775380,336788,131475,132214,163354,187055
842,Lessdevelopedregions,902,Lessdevelopedregions,902,404,95707,95436,104289,113005,130963,136737,134957,44244,43758,48239,51774,60299,63179,63803,51463,51678,56050,61231,70664,73558
843,Lessdevelopedregions,902,Lessdevelopedregions,902,450,15915,20986,27257,31628,34751,36412,39289,7565,9965,12809,15110,16755,17564,18959,8350,11021,14448,16518,17996,18848
844,Lessdevelopedregions,902,Lessdevelopedregions,902,454,131852,138259,172414,206073,243249,276741,287504,78438,82493,103332,121620,142588,162354,174177,53414,55766,69082,84453,100661,114387
845,Lessdevelopedregions,902,Lessdevelopedregions,902,480,9090,8400,8906,11232,13132,15344,16925,5289,4632,4607,5741,6449,7511,8896,3801,3768,4299,5491,6683,7833
846,Lessdevelopedregions,902,Lessdevelopedregions,902,508,2143397,732620,558586,576758,722844,511468,542775,1164254,447329,350742,369587,477330,309572,340811,979143,285291,207844,207171,245514,201896
847,Lessdevelopedregions,902,Lessdevelopedregions,902,638,2962,2493,2185,2204,2260,2380,2465,1507,1202,967,904,839,832,894,1455,1291,1218,1300,1421,1548
848,Lessdevelopedregions,902,Lessdevelopedregions,902,646,539290,2048986,303335,261557,301619,465558,450549,272340,1015774,150691,129425,146840,229822,222202,266950,1033212,152644,132132,154779,235736
849,Lessdevelopedregions,902,Lessdevelopedregions,902,690,6643,9169,10776,14682,16701,17461,18353,3414,4716,5355,6667,7538,7908,8440,3229,4453,5421,8015,9163,9553
850,Lessdevelopedregions,902,Lessdevelopedregions,902,706,780653,845323,823107,804119,1213344,1562964,1481977,413718,445073,425793,441941,659448,832107,803228,366935,400250,397314,362178,553896,730857
851,Lessdevelopedregions,902,Lessdevelopedregions,902,728,514942,438043,342626,228535,402590,1047558,2560010,266794,233701,190325,124609,209891,536599,1262560,248148,204342,152301,103926,192699,510959
852,Lessdevelopedregions,902,Lessdevelopedregions,902,800,240462,284011,431821,487615,613913,641542,601341,121511,138828,212180,244813,293652,308676,290360,118951,145183,219641,242802,320261,332866
853,Lessdevelopedregions,902,Lessdevelopedregions,902,834,142010,162716,142756,151090,161093,167043,168655,75920,85705,72047,76448,80110,82997,85079,66090,77011,70709,74642,80983,84046
854,Lessdevelopedregions,902,Lessdevelopedregions,902,894,59139,109482,122332,132588,123248,110669,109490,29634,52487,59085,63948,58927,53355,53763,29505,56995,63247,68640,64321,57314
855,Lessdevelopedregions,902,Lessdevelopedregions,902,716,163406,226287,266770,348372,521736,890249,912779,86106,118911,141684,184582,273349,475488,491412,77300,107376,125086,163790,248387,414761
856,Lessdevelopedregions,902,Lessdevelopedregions,902,24,657505,501659,699489,487082,447922,383305,394244,325062,254878,354683,241927,224027,197310,204827,332443,246781,344806,245155,223895,185995
857,Lessdevelopedregions,902,Lessdevelopedregions,902,120,65669,73683,83396,85892,101377,124608,162802,35408,39333,44345,44842,52998,67857,88260,30261,34350,39051,41050,48379,56751
858,Lessdevelopedregions,902,Lessdevelopedregions,902,140,37240,39514,44958,115129,228167,665714,793924,19568,20202,22355,53498,111649,338358,398654,17672,19312,22603,61631,116518,327356
859,Lessdevelopedregions,902,Lessdevelopedregions,902,148,333190,218937,201173,201802,192344,179338,208507,165970,110538,104671,108841,106510,97845,112053,167220,108399,96502,92961,85834,81493
860,Lessdevelopedregions,902,Lessdevelopedregions,902,178,34775,49786,64594,86119,81592,99038,106827,17804,25681,33750,43231,42213,50134,55751,16971,24105,30844,42888,39379,48904
861,Lessdevelopedregions,902,Lessdevelopedregions,902,180,340985,442926,725092,948876,1062432,1299767,1517078,166895,216817,356154,502003,527663,650424,768316,174090,226109,368938,446873,534769,649343
862,Lessdevelopedregions,902,Lessdevelopedregions,902,226,27732,36868,46102,53197,61665,96189,104413,13639,18111,22806,26556,31429,55011,59640,14093,18757,23296,26641,30236,41178
863,Lessdevelopedregions,902,Lessdevelopedregions,902,266,6630,7189,7515,21229,14729,18296,20636,3470,3788,3964,11194,7589,9278,10478,3160,3401,3551,10035,7140,9018
864,Lessdevelopedregions,902,Lessdevelopedregions,902,678,8084,10044,11991,12804,13869,15806,17214,3976,4901,5837,6164,6621,8034,8950,4108,5143,6154,6640,7248,7772
865,Lessdevelopedregions,902,Lessdevelopedregions,902,12,54650,61380,63105,72328,77940,92527,94528,26540,29650,30417,35069,37676,45743,47139,28110,31730,32688,37259,40264,46784
866,Lessdevelopedregions,902,Lessdevelopedregions,902,818,1052094,1174749,1341741,1380307,2092100,2571962,2953919,663108,765084,893015,927298,1449567,1701670,1957213,388986,409665,448726,453009,642533,870292
867,Lessdevelopedregions,902,Lessdevelopedregions,902,434,50917,49075,47279,44473,49662,65303,74467,25928,25083,24465,23184,25841,35853,41144,24989,23992,22814,21289,23821,29450
868,Lessdevelopedregions,902,Lessdevelopedregions,902,504,180374,191618,193127,188478,191084,199558,198077,88522,92726,93210,91525,93712,97778,97375,91852,98892,99917,96953,97372,101780
869,Lessdevelopedregions,902,Lessdevelopedregions,902,729,569852,741667,832166,1187878,1119313,1719673,1946014,326655,419894,471563,658681,646366,950934,1074333,243197,321773,360603,529197,472947,768739
870,Lessdevelopedregions,902,Lessdevelopedregions,902,788,49065,48879,47325,41614,39899,42592,43824,24216,24014,23460,21168,21315,22692,23534,24849,24865,23865,20446,18584,19900
871,Lessdevelopedregions,902,Lessdevelopedregions,902,732,167905,166903,165911,131163,170126,184665,193604,92390,91693,90999,71941,89899,97512,102179,75515,75210,74912,59222,80227,87153
872,Lessdevelopedregions,902,Lessdevelopedregions,902,72,23205,20041,22886,28601,39293,49042,56586,17717,13967,14194,17463,23628,29486,36430,5488,6074,8692,11138,15665,19556
873,Lessdevelopedregions,902,Lessdevelopedregions,902,748,34633,29244,32443,42566,66317,43031,46509,25322,19324,18345,23578,36518,21071,22682,9311,9920,14098,18988,29799,21960
874,Lessdevelopedregions,902,Lessdevelopedregions,902,426,190963,136066,119802,158011,241995,190083,200642,145731,93858,66877,85006,129462,85451,88883,45232,42208,52925,73005,112533,104632
875,Lessdevelopedregions,902,Lessdevelopedregions,902,516,14773,26103,46312,61185,94454,43980,40293,8727,13940,23357,30150,46442,22031,20136,6046,12163,22955,31035,48012,21949
876,Lessdevelopedregions,902,Lessdevelopedregions,902,710,83816,88421,99863,102724,107315,110330,116029,43050,46276,52792,52594,52916,54709,58137,40766,42145,47071,50130,54399,55621
877,Lessdevelopedregions,902,Lessdevelopedregions,902,204,219476,259644,310752,479525,513072,602834,644567,118733,139716,165159,266575,282451,323532,344457,100743,119928,145593,212950,230621,279302
878,Lessdevelopedregions,902,Lessdevelopedregions,902,854,1014945,1205710,1265812,1331730,1409073,1489919,1565410,569660,675387,707550,744953,786131,831530,873343,445285,530323,558262,586777,622942,658389
879,Lessdevelopedregions,902,Lessdevelopedregions,902,132,11136,11909,12277,15319,17755,19230,20012,5959,6206,6300,7563,8728,9391,10077,5177,5703,5977,7756,9027,9839
880,Lessdevelopedregions,902,Lessdevelopedregions,902,384,317099,387108,463429,602864,781719,871857,924628,161258,197190,232803,296686,384935,431518,458151,155841,189918,230626,306178,396784,440339
881,Lessdevelopedregions,902,Lessdevelopedregions,902,270,23624,19836,19505,18843,18901,19933,20137,12231,10184,9818,9880,9734,10161,10259,11393,9652,9687,8963,9167,9772
882,Lessdevelopedregions,902,Lessdevelopedregions,902,288,243537,251015,267996,376340,399620,456918,484894,113606,116369,125725,191063,198937,222632,237032,129931,134646,142271,185277,200683,234286
883,Lessdevelopedregions,902,Lessdevelopedregions,902,324,338051,345930,350538,346528,373240,393585,413028,192972,196116,196402,194607,208751,218568,231723,145079,149814,154136,151921,164489,175017
884,Lessdevelopedregions,902,Lessdevelopedregions,902,624,39300,43011,44560,47777,53819,56977,60088,17885,19688,22461,23668,26129,27574,29086,21415,23323,22099,24109,27690,29403
885,Lessdevelopedregions,902,Lessdevelopedregions,902,430,498524,507598,196622,282906,127052,100490,106476,250569,249058,95789,136749,62618,50777,54031,247955,258540,100833,146157,64434,49713
886,Lessdevelopedregions,902,Lessdevelopedregions,902,466,596072,766443,715644,820859,892730,1114075,1167339,327160,416883,393547,455469,493753,620246,648876,268912,349560,322097,365390,398977,493829
887,Lessdevelopedregions,902,Lessdevelopedregions,902,478,121223,137298,91526,79556,82982,82887,95494,65836,75106,54322,46778,49156,49644,56767,55387,62192,37204,32778,33826,33243
888,Lessdevelopedregions,902,Lessdevelopedregions,902,562,146344,173183,200554,295995,326041,363366,385742,92706,109016,124051,179012,195976,214861,227878,53638,64167,76503,116983,130065,148505
889,Lessdevelopedregions,902,Lessdevelopedregions,902,566,298551,294585,293718,353099,412264,607022,733872,165880,165872,166695,198597,236730,326840,390291,132671,128713,127023,154502,175534,280182
890,Lessdevelopedregions,902,Lessdevelopedregions,902,686,239616,216209,237434,240707,248020,265871,290150,136478,121747,134898,136926,143472,157441,171926,103138,94462,102536,103781,104548,108430
891,Lessdevelopedregions,902,Lessdevelopedregions,902,694,42135,422931,458439,85896,51914,51793,55474,20893,210652,226343,41194,25927,27201,29257,21242,212279,232096,44702,25987,24592
892,Lessdevelopedregions,902,Lessdevelopedregions,902,768,174469,283473,234136,362780,366813,438679,478280,83968,133467,111293,174089,181335,215351,234252,90501,150006,122843,188691,185478,223328
893,Lessdevelopedregions,902,Lessdevelopedregions,902,398,137806,106623,93040,85302,78682,76417,78496,59003,46908,39977,37442,35279,34589,35525,78803,59715,53063,47860,43403,41828
894,Lessdevelopedregions,902,Lessdevelopedregions,902,762,66466,95886,107011,102453,59946,49354,39544,35193,48231,52617,49852,32329,24741,20620,31273,47655,54394,52601,27617,24613
895,Lessdevelopedregions,902,Lessdevelopedregions,902,860,349417,338378,328027,373016,430852,459812,488804,164472,165243,160457,187782,223948,244049,261981,184945,173135,167570,185234,206904,215763
896,Lessdevelopedregions,902,Lessdevelopedregions,902,156,939777,999450,1027090,1239388,1574746,1960303,2055759,474330,499745,505385,620275,773032,968610,975746,465447,499705,521705,619113,801714,991693
897,Lessdevelopedregions,902,Lessdevelopedregions,902,HongKongSAR,344,20018,36353,56854,57135,63307,72130,74252,9648,17205,26371,25864,28207,32025,33220,10370,19148,30483,31271,35100
898,Lessdevelopedregions,902,Lessdevelopedregions,902,MacaoSAR,446,11757,10310,9862,13899,18711,21463,21810,5111,4506,4234,5817,7714,8836,8964,6646,5804,5628,8082,10997
899,Lessdevelopedregions,902,Lessdevelopedregions,902,408,23671,38087,56723,61660,70554,77798,82099,11330,18521,27809,30940,35860,40324,42630,12341,19566,28914,30720,34694,37474
900,Lessdevelopedregions,902,Lessdevelopedregions,902,392,163590,155196,155902,152107,165086,182283,200900,88540,82034,79836,79480,86093,97495,102387,75050,73162,76066,72627,78993,84788
901,Lessdevelopedregions,902,Lessdevelopedregions,902,410,90152,74652,61382,83991,114733,123403,131723,46098,38769,32512,45358,62033,67218,72286,44054,35883,28870,38633,52700,56185
902,Lessdevelopedregions,902,Lessdevelopedregions,902,116,118154,164556,188447,402852,658716,747442,787517,59976,83742,93618,190506,312139,353893,367145,58178,80814,94829,212346,346577,393549
903,Lessdevelopedregions,902,Lessdevelopedregions,902,360,1217528,1501231,1925146,2263041,2863771,3488902,3974627,778973,925330,1147805,1345191,1698519,2064395,2339127,438555,575901,777341,917850,1165252,1424507
904,Lessdevelopedregions,902,Lessdevelopedregions,902,418,231231,275642,357023,620813,921169,997129,1037580,110658,133082,170032,281540,415068,448181,445167,120573,142560,186991,339273,506101,548948
905,Lessdevelopedregions,902,Lessdevelopedregions,902,458,361094,632242,945847,1086686,1259010,1400917,1421274,177531,290153,416404,491360,577148,638150,600753,183563,342089,529443,595326,681862,762767
906,Lessdevelopedregions,902,Lessdevelopedregions,902,104,640610,857812,1162109,1651946,2371281,2639819,3476348,354269,468233,625745,918013,1332413,1492887,2207591,286341,389579,536364,733933,1038868,1146932
907,Lessdevelopedregions,902,Lessdevelopedregions,902,608,574838,656670,791959,896708,1345313,1721183,1984180,307122,362807,441958,544083,892241,1103058,1250614,267716,293863,350001,352625,453072,618125
908,Lessdevelopedregions,902,Lessdevelopedregions,902,702,59271,56909,64322,91846,117793,136132,142581,29268,28361,32150,48009,62331,72982,75651,30003,28548,32172,43837,55462,63150
909,Lessdevelopedregions,902,Lessdevelopedregions,902,764,84645,111423,149041,147178,180768,230735,321747,46722,58182,74583,78738,102732,140645,201950,37923,53241,74458,68440,78036,90090
910,Lessdevelopedregions,902,Lessdevelopedregions,902,704,127166,164384,186090,214425,262430,315288,377236,64324,83892,99331,118031,146258,178043,205974,62842,80492,86759,96394,116172,137245
911,Lessdevelopedregions,902,Lessdevelopedregions,902,4,7560196,4176007,4527597,3808447,4905090,4860592,4959592,4063525,2273480,2482054,2103684,2658982,2585132,2695920,3496671,1902527,2045543,1704763,2246108,2275460
912,Lessdevelopedregions,902,Lessdevelopedregions,902,50,5288585,5175523,5104479,5036238,5719485,6110995,6545663,3068856,3017540,2996908,3008377,3766128,4102975,4497335,2219729,2157983,2107571,2027861,1953357,2008020
913,Lessdevelopedregions,902,Lessdevelopedregions,902,64,27907,117314,119397,118174,86531,39078,37186,13568,59432,60927,60302,44156,19857,18713,14339,57882,58470,57872,42375,19221
914,Lessdevelopedregions,902,Lessdevelopedregions,902,356,5373276,5463962,5762294,6678783,9392177,10997151,12202225,3163883,3239858,3501935,4268330,6458189,7785480,8754530,2209393,2224104,2260359,2410453,2933988,3211671
915,Lessdevelopedregions,902,Lessdevelopedregions,902,364,112759,133468,132572,104222,104075,128119,172460,59973,70787,65664,52793,53346,68753,89315,52786,62681,66908,51429,50729,59366
916,Lessdevelopedregions,902,Lessdevelopedregions,902,524,734622,832092,942760,1205449,1572878,2031059,2233321,381514,438818,503119,630749,796355,1113479,1271181,353108,393274,439641,574700,776523,917580
917,Lessdevelopedregions,902,Lessdevelopedregions,902,586,2888220,2720641,2609520,2755300,3527045,4262534,4633033,1705037,1634352,1600569,1740252,2416978,2890159,3216115,1183183,1086289,1008951,1015048,1110067,1372375
918,Lessdevelopedregions,902,Lessdevelopedregions,902,144,622275,576515,542264,624163,818845,937923,1170223,309229,299647,295345,362495,492482,566942,722842,313046,276868,246919,261668,326363,370981
919,Lessdevelopedregions,902,Lessdevelopedregions,902,51,245567,243057,231418,212614,197361,190049,184291,115710,108170,104178,103640,99351,97600,94802,129857,134887,127240,108974,98010,92449
920,Lessdevelopedregions,902,Lessdevelopedregions,902,31,577614,673191,639582,497643,253464,201831,209100,251694,292848,278761,217211,116602,95868,99210,325920,380343,360821,280432,136862,105963
921,Lessdevelopedregions,902,Lessdevelopedregions,902,48,11034,21683,40777,43508,43007,45418,45688,5113,10998,21039,22740,22849,23947,17251,5921,10685,19738,20768,20158,21471
922,Lessdevelopedregions,902,Lessdevelopedregions,902,196,10385,11048,12155,13145,14933,15812,20747,4904,5255,5781,6117,6813,7073,8984,5481,5793,6374,7028,8120,8739
923,Lessdevelopedregions,902,Lessdevelopedregions,902,368,497756,496609,459230,850339,1929520,868167,1002504,257301,259383,250221,459929,1004388,468335,444412,240455,237226,209009,390410,925132,399832
924,Lessdevelopedregions,902,Lessdevelopedregions,902,376,110253,109196,109496,94029,83191,83045,86830,49392,48975,49205,41748,38145,37624,39968,60861,60221,60291,52281,45046,45421
925,Lessdevelopedregions,902,Lessdevelopedregions,902,400,243090,260183,280569,340189,486547,573598,653241,138231,152344,168125,211299,312175,366561,417960,104859,107839,112444,128890,174372,207037
926,Lessdevelopedregions,902,Lessdevelopedregions,902,414,65158,66708,68333,77246,119669,123341,133293,36717,39869,43046,48741,77810,80105,87362,28441,26839,25287,28505,41859,43236
927,Lessdevelopedregions,902,Lessdevelopedregions,902,422,137154,139064,142855,159925,210514,251415,292056,83139,84936,87787,102901,139771,166420,192914,54015,54128,55068,57024,70743,84995
928,Lessdevelopedregions,902,Lessdevelopedregions,902,682,82140,94225,104501,101445,118626,116187,126340,45478,56218,65744,65126,74346,72228,79059,36662,38007,38757,36319,44280,43959
929,Lessdevelopedregions,902,Lessdevelopedregions,902,275,1777073,2236386,2726629,3211231,3486756,3702951,3924254,869218,1108807,1378041,1641016,1776185,1934072,2059753,907855,1127579,1348588,1570215,1710571,1768879
930,Lessdevelopedregions,902,Lessdevelopedregions,902,760,493932,508222,527129,604398,825813,5786557,6977726,278518,288217,300932,365371,515520,3276249,4000037,215414,220005,226197,239027,310293,2510308
931,Lessdevelopedregions,902,Lessdevelopedregions,902,792,91442,116724,124600,131074,158082,162737,173279,50028,64779,69822,74099,94021,95098,101100,41414,51945,54778,56975,64061,67639
932,Lessdevelopedregions,902,Lessdevelopedregions,902,784,73899,84043,88472,92567,112885,119791,126221,41456,49602,53570,51945,60751,63477,66749,32443,34441,34902,40622,52134,56314
933,Lessdevelopedregions,902,Lessdevelopedregions,902,887,444035,461590,491200,580329,817161,1020227,1205737,283029,297478,320097,386003,559814,681418,797453,161006,164112,171103,194326,257347,338809
934,Lessdevelopedregions,902,Lessdevelopedregions,902,100,490202,481503,474325,489427,505537,502071,690553,237264,230979,225079,226668,228090,181245,217189,252938,250524,249246,262759,277447,320826
935,Lessdevelopedregions,902,Lessdevelopedregions,902,348,26694,25515,23675,20768,19112,19169,19428,12203,11537,10706,9487,8782,8662,8793,14491,13978,12969,11281,10330,10507
936,Lessdevelopedregions,902,Lessdevelopedregions,902,616,162485,145676,128234,107602,89589,94653,97109,74586,65557,56685,47685,39631,41870,43783,87899,80119,71549,59917,49958,52783
937,Lessdevelopedregions,902,Lessdevelopedregions,902,498,58515,52586,42722,36375,30382,30910,32117,27133,23904,18881,15955,13154,13487,13553,31382,28682,23841,20420,17228,17423
938,Lessdevelopedregions,902,Lessdevelopedregions,902,642,151091,158401,158620,145814,135721,138734,144968,68670,70285,69452,63200,57767,58646,59640,82421,88116,89168,82614,77954,80088
939,Lessdevelopedregions,902,Lessdevelopedregions,902,643,5095105,4507231,3965441,3874374,3828007,3923801,4050358,2237136,1981027,1736622,1740122,1761307,1835162,1896751,2857969,2526204,2228819,2134252,2066700,2088639
940,Lessdevelopedregions,902,Lessdevelopedregions,902,804,877161,755755,642242,648126,653524,671316,686708,393282,337658,285386,294608,302812,315124,322953,483879,418097,356856,353518,350712,356192
941,Lessdevelopedregions,902,Lessdevelopedregions,902,208,7151,8324,10459,11047,12134,13005,15261,3549,4259,5351,5623,6088,6523,7668,3602,4065,5108,5424,6046,6482
942,Lessdevelopedregions,902,Lessdevelopedregions,902,246,3522,3926,4885,5141,5469,5716,6765,1368,1619,2148,2279,2325,2428,2880,2154,2307,2737,2862,3144,3288
943,Lessdevelopedregions,902,Lessdevelopedregions,902,372,7683,7031,8065,9951,13860,16720,19370,3539,3378,3901,4610,6147,7359,9545,4144,3653,4164,5341,7713,9361
944,Lessdevelopedregions,902,Lessdevelopedregions,902,428,14416,12725,11309,9126,7078,7287,7311,6517,5665,5050,4068,3150,3263,3314,7899,7060,6259,5058,3928,4024
945,Lessdevelopedregions,902,Lessdevelopedregions,902,578,8077,11926,17138,19376,21929,23181,24857,4389,6400,9066,10254,11538,12156,9620,3688,5526,8072,9122,10391,11025
946,Lessdevelopedregions,902,Lessdevelopedregions,902,752,8821,10775,12906,12306,13158,13633,16487,4559,5389,6335,6198,6675,6953,8065,4262,5386,6571,6108,6483,6680
947,Lessdevelopedregions,902,Lessdevelopedregions,902,826,313749,312397,377271,436893,412528,373222,408428,151397,158677,194872,224527,216831,199552,211612,162352,153720,182399,212366,195697,173670
948,Lessdevelopedregions,902,Lessdevelopedregions,902,8,2218,3396,4600,4503,5400,5636,7245,1226,1788,2371,2316,2675,2742,3354,992,1608,2229,2187,2725,2894
949,Lessdevelopedregions,902,Lessdevelopedregions,902,20,3,2,1,7,847,1046,1222,2,1,1,7,451,557,653,1,1,0,0,396,489
950,Lessdevelopedregions,902,Lessdevelopedregions,902,70,7411,7525,3339,2897,3159,3142,4155,4044,4076,1721,1467,1562,1519,1882,3367,3449,1618,1430,1597,1623
951,Lessdevelopedregions,902,Lessdevelopedregions,902,191,3434,3390,3500,3416,4346,4875,5482,1772,1748,1805,1754,2311,2591,3017,1662,1642,1695,1662,2035,2284
952,Lessdevelopedregions,902,Lessdevelopedregions,902,300,131556,106330,83693,91278,103468,103222,129485,62553,50928,40444,43878,49633,48941,57486,69003,55402,43249,47400,53835,54281
953,Lessdevelopedregions,902,Lessdevelopedregions,902,380,561137,476930,397534,348574,313197,354834,365508,291090,247876,207050,181739,163410,184736,193119,270047,229054,190484,166835,149787,170098
954,Lessdevelopedregions,902,Lessdevelopedregions,902,620,392851,349916,312681,279388,231994,250751,263745,211180,188096,167402,148406,122886,130923,139134,181671,161820,145279,130982,109108,119828
955,Lessdevelopedregions,902,Lessdevelopedregions,902,688,3571,3457,3811,4893,7278,8028,8769,1594,1647,1889,2358,3370,3732,4384,1977,1810,1922,2535,3908,4296
956,Lessdevelopedregions,902,Lessdevelopedregions,902,705,1983,2027,2074,1630,1378,1441,1535,940,973,1008,800,698,734,782,1043,1054,1066,830,680,707
957,Lessdevelopedregions,902,Lessdevelopedregions,902,724,521734,437423,357694,322085,301377,338059,364051,257908,215720,176652,160555,151929,170801,186217,263826,221703,181042,161530,149448,167258
958,Lessdevelopedregions,902,Lessdevelopedregions,902,40,33264,32973,34788,33368,32696,34355,41595,15979,16220,17605,16672,16013,16679,19786,17285,16753,17183,16696,16683,17676
959,Lessdevelopedregions,902,Lessdevelopedregions,902,56,25901,25591,27172,28771,32182,35246,41420,12873,12763,13505,14383,16045,17575,20730,13028,12828,13667,14388,16137,17671
960,Lessdevelopedregions,902,Lessdevelopedregions,902,250,333234,373050,419660,460126,523618,579525,619431,176633,196560,220031,239932,272428,300783,321933,156601,176490,199629,220194,251190,278742
961,Lessdevelopedregions,902,Lessdevelopedregions,902,276,439190,427551,431970,441054,443945,444655,558298,216897,210614,211850,214761,214469,192304,219343,222293,216937,220120,226293,229476,252351
962,Lessdevelopedregions,902,Lessdevelopedregions,902,438,175,170,166,125,100,105,104,111,108,108,80,71,74,75,64,62,58,45,29,31
963,Lessdevelopedregions,902,Lessdevelopedregions,902,528,54979,54400,57755,65338,81122,84058,99402,26386,27606,30472,34714,42977,44559,51281,28593,26794,27283,30624,38145,39499
964,Lessdevelopedregions,902,Lessdevelopedregions,902,756,36890,34349,32940,32269,34411,35888,42574,19492,18319,17743,17244,18225,19044,22025,17398,16030,15197,15025,16186,16844
965,Lessdevelopedregions,902,Lessdevelopedregions,902,28,6821,7235,7718,7842,8027,12685,12714,3061,3245,3468,3566,3652,6290,6296,3760,3990,4250,4276,4375,6395
966,Lessdevelopedregions,902,Lessdevelopedregions,902,44,1761,1735,1772,1619,1575,1635,1723,865,852,868,796,782,820,874,896,883,904,823,793,815
967,Lessdevelopedregions,902,Lessdevelopedregions,902,52,5203,5167,4881,5039,4527,4674,4915,2706,2707,2569,2649,2306,2402,2626,2497,2460,2312,2390,2221,2272
968,Lessdevelopedregions,902,Lessdevelopedregions,902,92,2936,3038,3173,3548,4423,4587,4776,1256,1304,1373,1559,1932,2005,2088,1680,1734,1800,1989,2491,2582
969,Lessdevelopedregions,902,Lessdevelopedregions,902,192,60641,63361,69047,68501,76229,74969,115630,30947,32452,35419,35327,39667,39271,63286,29694,30909,33628,33174,36562,35698
970,Lessdevelopedregions,902,Lessdevelopedregions,902,212,16749,18529,20484,20665,20686,20933,20798,7195,8237,9351,9272,9075,9097,8997,9554,10292,11133,11393,11611,11836
971,Lessdevelopedregions,902,Lessdevelopedregions,902,214,70455,85395,101153,108964,117133,116202,145944,29826,36973,44356,47984,50225,48979,59755,40629,48422,56797,60980,66908,67223
972,Lessdevelopedregions,902,Lessdevelopedregions,902,308,19411,17949,14047,14784,10706,11091,12085,8806,8132,6192,6552,4672,4915,6092,10605,9817,7855,8232,6034,6176
973,Lessdevelopedregions,902,Lessdevelopedregions,902,312,5603,6487,7373,8427,10329,11462,11970,2477,2765,3052,3410,4148,4419,4678,3126,3722,4321,5017,6181,7043
974,Lessdevelopedregions,902,Lessdevelopedregions,902,332,229945,256808,284364,335643,394885,605558,868504,147367,161677,176367,203865,235598,379119,535978,82578,95131,107997,131778,159287,226439
975,Lessdevelopedregions,902,Lessdevelopedregions,902,630,19318,20887,22881,21288,20571,19456,20476,9300,9908,10695,10396,10592,10147,10771,10018,10979,12186,10892,9979,9309
976,Lessdevelopedregions,902,Lessdevelopedregions,902,670,18586,18371,17105,17410,14626,15430,16630,8470,8408,7837,7961,6638,7085,8217,10116,9963,9268,9449,7988,8345
977,Lessdevelopedregions,902,Lessdevelopedregions,902,796,2087,1293,497,982,2002,2244,2466,897,564,230,414,833,929,1025,1190,729,267,568,1169,1315
978,Lessdevelopedregions,902,Lessdevelopedregions,902,850,2239,2896,3611,3432,3529,3702,3632,1111,1587,2089,1975,1990,2080,2030,1128,1309,1522,1457,1539,1622
979,Lessdevelopedregions,902,Lessdevelopedregions,902,84,3918,3989,4233,4505,5143,5146,5635,1795,1790,1872,2107,2528,2575,2845,2123,2199,2361,2398,2615,2571
980,Lessdevelopedregions,902,Lessdevelopedregions,902,188,21243,20402,23488,25198,26941,30819,34413,9571,9164,10775,11981,13185,15241,17290,11672,11238,12713,13217,13756,15578
981,Lessdevelopedregions,902,Lessdevelopedregions,902,222,734197,230878,48048,49969,63023,70853,84545,351259,106385,21549,21122,25853,29742,36330,382938,124493,26499,28847,37170,41111
982,Lessdevelopedregions,902,Lessdevelopedregions,902,340,42044,40517,41651,46981,56543,65860,94829,18450,17905,18567,21216,25778,29989,43123,23594,22612,23084,25765,30765,35871
983,Lessdevelopedregions,902,Lessdevelopedregions,902,484,44769,49185,54807,57995,65731,75446,90153,20645,23327,26529,29101,33930,39448,47188,24124,25858,28278,28894,31801,35998
984,Lessdevelopedregions,902,Lessdevelopedregions,902,558,262485,227864,259760,301736,327498,337452,400409,133894,115740,128744,147201,155189,159023,198135,128591,112124,131016,154535,172309,178429
985,Lessdevelopedregions,902,Lessdevelopedregions,902,32,206847,231929,257919,277184,298278,317870,373607,102379,115651,129680,140005,151436,162897,191400,104468,116278,128239,137179,146842,154973
986,Lessdevelopedregions,902,Lessdevelopedregions,902,68,181421,224918,269588,355100,442270,543196,638682,94284,115891,138153,178691,220165,271199,313733,87137,109027,131435,176409,222105,271997
987,Lessdevelopedregions,902,Lessdevelopedregions,902,76,205333,204136,206971,223611,239474,269154,298321,105390,102750,101124,109249,117302,133302,145056,99943,101386,105847,114362,122172,135852
988,Lessdevelopedregions,902,Lessdevelopedregions,902,152,301332,286988,274834,263054,258396,297242,312390,158864,147470,137203,129123,124865,143589,153340,142468,139518,137631,133931,133531,153653
989,Lessdevelopedregions,902,Lessdevelopedregions,902,170,644008,703143,762402,863011,1294279,1396023,1460322,301271,332579,363810,408167,624399,674352,706425,342737,370564,398592,454844,669880,721671
990,Lessdevelopedregions,902,Lessdevelopedregions,902,218,48407,55848,64446,70890,83852,96343,124031,24409,27608,31367,34576,41407,47736,61485,23998,28240,33079,36314,42445,48607
991,Lessdevelopedregions,902,Lessdevelopedregions,902,604,84579,144640,206704,299546,399991,463111,559560,47379,71570,97386,140377,187553,218886,273360,37200,73070,109318,159169,212438,244225
992,Lessdevelopedregions,902,Lessdevelopedregions,902,858,180648,170726,160839,161935,164063,190056,194076,89860,84951,80091,79773,80001,92255,95197,90788,85775,80748,82162,84062,97801
993,Lessdevelopedregions,902,Lessdevelopedregions,902,862,70501,78278,87307,91535,109708,176273,4418892,34210,38102,42575,44508,53248,86875,2188053,36291,40176,44732,47027,56460,89398
994,Lessdevelopedregions,902,Lessdevelopedregions,902,124,46304,51904,60721,70152,92630,95064,111193,22649,26268,31692,38725,52514,53501,63359,23655,25636,29029,31427,40116,41563
995,Lessdevelopedregions,902,Lessdevelopedregions,902,840,824912,912032,1032573,1249968,1537372,1541411,1674317,418773,463102,524431,645947,796247,799328,871008,406139,448930,508142,604021,741125,742083
996,Lessdevelopedregions,902,Lessdevelopedregions,902,36,49054,47890,45938,57798,73794,75320,81988,26042,26055,25208,32535,41399,42455,46761,23012,21835,20730,25263,32395,32865
997,Lessdevelopedregions,902,Lessdevelopedregions,902,554,15023,16078,17715,18943,21904,23243,26020,7516,8303,9227,10112,11932,12588,14699,7507,7775,8488,8831,9972,10655
998,Lessdevelopedregions,902,Lessdevelopedregions,902,242,4164,3196,2209,2893,3320,3559,3570,1929,1557,1165,1520,1640,1793,1813,2235,1639,1044,1373,1680,1766
999,Lessdevelopedregions,902,Lessdevelopedregions,902,540,2880,3181,3470,3713,3606,3546,3551,1391,1528,1636,1810,1833,1799,1804,1489,1653,1834,1903,1773,1747
1000,Lessdevelopedregions,902,Lessdevelopedregions,902,598,1262,1249,1565,1258,837,825,816,636,647,784,639,443,440,441,626,602,781,619,394,385
1001,Lessdevelopedregions,902,Lessdevelopedregions,902,90,1097,1078,981,1014,1069,1132,1152,604,602,551,574,604,650,669,493,476,430,440,465,482
1002,Lessdevelopedregions,902,Lessdevelopedregions,902,548,3852,4389,4903,5209,5431,4264,4478,2096,2357,2621,2796,2928,2109,2213,1756,2032,2282,2413,2503,2155
1003,Lessdevelopedregions,902,Lessdevelopedregions,902,296,3064,2979,2869,2555,1588,1700,1748,1493,1466,1413,1286,858,928,960,1571,1513,1456,1269,730,772
1004,Lessdevelopedregions,902,Lessdevelopedregions,902,584,311,384,468,434,378,378,387,160,208,241,216,187,187,195,151,176,227,218,191,191
1005,Lessdevelopedregions,902,Lessdevelopedregions,902,583,4949,7125,9343,11245,12467,12403,13037,2583,3669,4737,5664,6274,6264,6571,2366,3456,4606,5581,6193,6139
1006,Lessdevelopedregions,902,Lessdevelopedregions,902,520,954,1014,1080,1276,1477,1522,1635,410,465,521,629,738,764,819,544,549,559,647,739,758
1007,Lessdevelopedregions,902,Lessdevelopedregions,902,585,2945,2828,3977,3673,2407,2360,2452,1363,1364,1849,1740,1190,1171,1224,1582,1464,2128,1933,1217,1189
1008,Lessdevelopedregions,902,Lessdevelopedregions,902,16,1014,1523,2022,1908,1993,1797,1791,544,812,1068,997,1015,903,902,470,711,954,911,978,894
1009,Lessdevelopedregions,902,Lessdevelopedregions,902,258,2807,3248,3689,2096,764,1005,1099,1446,1650,1854,1097,472,637,692,1361,1598,1835,999,292,368
1010,Lessdevelopedregions,902,Lessdevelopedregions,902,882,15303,16787,18264,17400,16642,16632,16694,7944,8635,9310,8818,8380,8332,8365,7359,8152,8954,8582,8262,8300
1011,Lessdevelopedregions,902,Lessdevelopedregions,902,776,2691,2651,2610,2699,2784,3780,3766,1451,1414,1380,1428,1479,2062,2060,1240,1237,1230,1271,1305,1718
1012,Lessdevelopedregions,902,Lessdevelopedregions,902,798,1179,1154,1140,1111,864,885,912,653,632,625,614,477,496,518,526,522,515,497,387,389
1013,Leastdevelopedcountries,941,Developedregions,901,132943,149442,163069,178598,191626,199575,201168,72298,81270,88716,96920,103826,107792,84458,60645,68172,74353,81678,87800,91783,116710
1014,Leastdevelopedcountries,941,Lessdevelopedregions,902,10204769,10747842,9054388,8662411,8927133,11732239,14494539,5098172,5322821,4487418,4368085,4401823,5828202,7278489,5106597,5425021,4566970,4294326,4525310,5904037,7216050
1015,Leastdevelopedcountries,941,Lessdevelopedregions,902,934,1878592,2262868,2473629,2726632,2974210,3415800,3373892,885862,1039278,1154332,1289976,1419573,1647292,1478329,992730,1223590,1319297,1436656,1554637,1768508
1016,Leastdevelopedcountries,941,Lessdevelopedregions,902,948,9958792,10523184,8850498,8445355,8690073,11488969,14251155,4968328,5203204,4376782,4250802,4277307,5698821,7185677,4990464,5319980,4473716,4194553,4412766,5790148
1017,Leastdevelopedcountries,941,Leastdevelopedcountries,941,8326177,8484974,6580759,5935779,5952923,8316439,11120647,4212310,4283543,3333086,3078109,2982250,4180910,5800160,4113867,4201431,3247673,2857670,2970673,4135529,5320487
1018,Leastdevelopedcountries,941,LandlockedDevelopingCountriesLLDC,1636,3689755,4559329,2453170,2318734,2356460,3645368,5374891,1871627,2294645,1268032,1249232,1192005,1854629,2658830,1818128,2264684,1185138,1069502,1164455,1790739,2716061
1019,Leastdevelopedcountries,941,SmallislanddevelopingStatesSIDS,1637,87614,102433,115168,128750,148160,162900,168400,43503,51077,59498,65116,74176,81998,76138,44111,51356,55670,63634,73984,80902,92262
1020,Leastdevelopedcountries,941,Highincomecountries,1503,154721,182866,206763,230782,258654,275676,278890,83512,98810,111649,123671,138186,147167,115677,71209,84056,95114,107111,120468,128509,163213
1021,Leastdevelopedcountries,941,Middleincomecountries,1517,3211077,3562960,3908733,3897622,4178166,4498589,5165606,1547159,1687100,1869841,1870329,2010714,2184606,2623087,1663918,1875860,2038892,2027293,2167452,2313983,2542519
1022,Leastdevelopedcountries,941,Uppermiddleincomecountries,1502,505579,562149,612905,688777,740576,772240,774236,268731,299165,326939,368142,393650,414119,292732,236848,262984,285966,320635,346926,358121,481504
1023,Leastdevelopedcountries,941,Lowermiddleincomecountries,1501,2705498,3000811,3295828,3208845,3437590,3726349,4391370,1278428,1387935,1542902,1502187,1617064,1770487,2330355,1427070,1612876,1752926,1706658,1820526,1955862,2061015
1024,Leastdevelopedcountries,941,Lowincomecountries,1500,6970957,7150510,5101023,4711707,4654321,7127757,9218618,3539292,3617681,2594151,2470530,2342280,3588621,4607074,3431665,3532829,2506872,2241177,2312041,3539136,4611544
1025,Leastdevelopedcountries,941,MiddleAfrica,911,1167314,963984,1322120,1371316,1384844,1827503,2182645,577489,482757,660849,699049,679448,913584,1094173,589825,481227,661271,672267,705396,913919,1088472
1026,Leastdevelopedcountries,941,WesternAsia,922,20127,31587,41268,43550,55356,72376,80647,11268,17593,22195,23923,29818,38270,36935,8859,13994,19073,19627,25538,34106,43712
1027,Leastdevelopedcountries,941,EasternEurope,923,1559,1537,1477,1327,1059,1014,1058,812,845,816,745,569,517,548,747,692,661,582,490,497,510
1028,Leastdevelopedcountries,941,CentralAmerica,916,580,550,521,494,518,970,968,237,225,213,202,212,469,471,343,325,308,292,306,501,497
1029,Leastdevelopedcountries,941,Melanesia,928,2265,2204,2097,2008,1991,2019,2043,1138,1148,1087,1057,1068,1088,1107,1127,1056,1010,951,923,931,936
1030,Leastdevelopedcountries,941,Micronesia,954,1982,2035,2048,1898,1794,1842,1940,883,942,972,927,903,932,975,1099,1093,1076,971,891,910,965
1031,Leastdevelopedcountries,941,Polynesia,957,422,375,335,326,920,2062,2160,235,201,171,174,469,1122,1175,187,174,164,152,451,940,985
1032,Leastdevelopedcountries,941,Burundi,108,329604,531005,745842,593204,245534,411314,489575,169652,272391,381915,373618,125512,204865,245225,159952,258614,363927,219586,120022,206449,244350
1033,Leastdevelopedcountries,941,Comoros,174,8549,7760,8630,9586,10602,12502,13582,4777,4372,4878,5438,6031,7174,7787,3772,3388,3752,4148,4571,5328,5795
1034,Leastdevelopedcountries,941,Djibouti,262,904,1901,3258,2389,2999,3720,3455,475,1154,2053,1362,1571,1901,1718,429,747,1205,1027,1428,1819,1737
1035,Leastdevelopedcountries,941,Eritrea,232,134471,324968,444806,208214,197968,380097,432110,69934,170948,220933,104801,100738,193743,215986,64537,154020,223873,103413,97230,186354,216124
1036,Leastdevelopedcountries,941,Ethiopia,231,1432950,527276,137141,122790,127708,107204,136777,714494,253491,69194,62872,66011,53488,68630,718456,273785,67947,59918,61697,53716,68147
1037,Leastdevelopedcountries,941,Kenya,404,82931,83407,91520,94750,105344,107756,103441,37703,37756,42115,42845,48501,50066,48264,45228,45651,49405,51905,56843,57690,55177
1038,Leastdevelopedcountries,941,Madagascar,450,10810,10701,10595,10142,9689,9661,9613,5007,4929,4851,4688,4521,4544,4524,5803,5772,5744,5454,5168,5117,5089
1039,Leastdevelopedcountries,941,Malawi,454,47615,51549,51176,67707,78666,77735,82978,27145,29078,28045,35066,39213,38787,41834,20470,22471,23131,32641,39453,38948,41144
1040,Leastdevelopedcountries,941,Mauritius,480,113,151,161,181,187,207,183,70,94,100,113,117,115,103,43,57,61,68,70,92,80
1041,Leastdevelopedcountries,941,Mayotte,175,0,0,0,0,0,0,0,0,0,0,0,0,0,0,0,0,0,0,0,0,0
1042,Leastdevelopedcountries,941,Mozambique,508,1265353,124768,107147,94187,85602,64550,56185,621480,64764,55388,48533,43956,33014,28934,643873,60004,51759,45654,41646,31536,27251
1043,Leastdevelopedcountries,941,Reunion,638,957,948,938,898,857,850,845,507,500,493,475,457,455,453,450,448,445,423,400,395,392
1044,Leastdevelopedcountries,941,Rwanda,646,532395,2035151,285245,245801,271620,427891,412920,268902,1008595,141303,120656,130728,209914,202012,263493,1026556,143942,125145,140892,217977,210908
1045,Leastdevelopedcountries,941,Seychelles,690,6426,8831,10244,13992,15908,16500,17273,3300,4552,5120,6370,7210,7512,7934,3126,4279,5124,7622,8698,8988,9339
1046,Leastdevelopedcountries,941,Somalia,706,757421,610968,549322,463528,650219,847182,830111,400790,314666,270504,243607,345468,438682,438295,356631,296302,278818,219921,304751,408500,391816
1047,Leastdevelopedcountries,941,SouthSudan,728,498608,373927,251431,155147,329693,923708,2394975,257061,198706,141788,83992,169227,470520,1174949,241547,175221,109643,71155,160466,453188,1220026
1048,Leastdevelopedcountries,941,Uganda,800,149308,144465,166147,161755,230019,253247,258469,75525,73592,85197,83106,118845,131214,132480,73783,70873,80950,78649,111174,122033,125989
1049,Leastdevelopedcountries,941,UnitedRepublicofTanzania,834,72693,84924,84380,100187,111570,114449,119340,38482,44041,42001,49269,54311,55300,58038,34211,40883,42379,50918,57259,59149,61302
1050,Leastdevelopedcountries,941,Zambia,894,26254,65267,62881,60220,59008,51781,45670,10694,27909,26798,25572,24916,22017,19706,15560,37358,36083,34648,34092,29764,25964
1051,Leastdevelopedcountries,941,Zimbabwe,716,75122,115024,106849,129783,144951,139155,142587,37287,56236,51914,60349,66861,63927,66556,37835,58788,54935,69434,78090,75228,76031
1052,Leastdevelopedcountries,941,Angola,24,608108,439142,589277,394688,335908,250634,251195,296132,219536,293822,192017,163234,126815,126024,311976,219606,295455,202671,172674,123819,125171
1053,Leastdevelopedcountries,941,Cameroon,120,33380,36257,38935,29672,33743,35410,40916,17913,19445,20872,13800,15352,16359,18669,15467,16812,18063,15872,18391,19051,22247
1054,Leastdevelopedcountries,941,CentralAfricanRepublic,140,26440,27535,28602,85671,97573,361309,457998,13807,14402,14984,40219,45291,184771,229391,12633,13133,13618,45452,52282,176538,228607
1055,Leastdevelopedcountries,941,Chad,148,208161,100703,89272,94602,99872,93226,125216,104323,51046,46728,49389,53533,48463,64066,103838,49657,42544,45213,46339,44763,61150
1056,Leastdevelopedcountries,941,Congo,178,25168,36077,44516,59393,49036,56613,58794,12856,18362,22485,28797,24521,26392,27630,12312,17715,22031,30596,24515,30221,31164
1057,Leastdevelopedcountries,941,DemocraticRepublicoftheCongo,180,257210,314411,521244,682666,750072,998517,1214535,127832,154840,256639,362232,368341,494107,610466,129378,159571,264605,320434,381731,504410,604069
1058,Leastdevelopedcountries,941,EquatorialGuinea,226,355,342,332,284,916,11751,11451,152,145,140,123,443,6754,6593,203,197,192,161,473,4997,4858
1059,Leastdevelopedcountries,941,Gabon,266,5273,5775,5687,18810,11008,13455,15541,2815,3124,3129,9881,5643,6884,7942,2458,2651,2558,8929,5365,6571,7599
1060,Leastdevelopedcountries,941,SaoTomeandPrincipe,678,3219,3742,4255,5530,6716,6588,6999,1659,1857,2050,2591,3090,3039,3392,1560,1885,2205,2939,3626,3549,3607
1061,Leastdevelopedcountries,941,Algeria,12,5622,6075,5868,7857,5913,13815,14032,2501,2727,2606,3585,2757,7544,7664,3121,3348,3262,4272,3156,6271,6368
1062,Leastdevelopedcountries,941,Egypt,818,30582,31232,31897,33813,31493,27322,32936,16095,16523,16665,17547,16546,14573,17770,14487,14709,15232,16266,14947,12749,15166
1063,Leastdevelopedcountries,941,Libya,434,3757,3931,4064,3858,4049,4426,5470,1954,2050,2132,1945,2126,2360,2892,1803,1881,1932,1913,1923,2066,2578
1064,Leastdevelopedcountries,941,Morocco,504,3711,3886,3556,3803,4743,5586,5869,1778,1867,1668,1842,2319,2768,2897,1933,2019,1888,1961,2424,2818,2972
1065,Leastdevelopedcountries,941,Sudan,729,244607,383453,455601,721004,524907,1042689,1120673,124612,195380,233652,355332,247611,499340,529568,119995,188073,221949,365672,277296,543349,591105
1066,Leastdevelopedcountries,941,Tunisia,788,221,236,243,246,172,781,780,92,112,128,134,99,437,440,129,124,115,112,73,344,340
1067,Leastdevelopedcountries,941,WesternSahara,732,0,0,0,0,26001,28007,30652,0,0,0,0,13670,14724,16161,0,0,0,0,12331,13283,14491
1068,Leastdevelopedcountries,941,Botswana,72,652,440,329,555,1160,1150,1499,278,208,166,258,564,569,742,374,232,163,297,596,581,757
1069,Leastdevelopedcountries,941,Eswatini,748,102,113,110,119,122,144,147,58,68,67,74,76,87,90,44,45,43,45,46,57,57
1070,Leastdevelopedcountries,941,Lesotho,426,2954,4061,4714,6453,7341,7646,8003,1473,2034,2283,2829,3202,3315,3512,1481,2027,2431,3624,4139,4331,4491
1071,Leastdevelopedcountries,941,Namibia,516,3080,1372,1088,1427,1979,2045,2244,1683,761,602,765,1002,1037,1149,1397,611,486,662,977,1008,1095
1072,Leastdevelopedcountries,941,SouthAfrica,710,21041,28381,28952,34544,38955,41349,43806,10672,14301,14526,16855,19017,20375,21985,10369,14080,14426,17689,19938,20974,21821
1073,Leastdevelopedcountries,941,Benin,204,41733,48811,63147,79180,95404,99991,106270,21560,24629,30933,39022,44733,46444,48995,20173,24182,32214,40158,50671,53547,57275
1074,Leastdevelopedcountries,941,BurkinaFaso,854,43162,46880,54526,61817,85956,98900,114426,23068,25328,29999,33237,47047,54274,62651,20094,21552,24527,28580,38909,44626,51775
1075,Leastdevelopedcountries,941,CaboVerde,132,10796,11532,11893,14289,15958,17185,17815,5780,6008,6094,7074,7833,8388,8980,5016,5524,5799,7215,8125,8797,8835
1076,Leastdevelopedcountries,941,CotedIvoire,384,308481,378756,454422,573023,724395,800710,842970,156487,192335,227799,281948,353752,392703,413551,151994,186421,226623,291075,370643,408007,429419
1077,Leastdevelopedcountries,941,Gambia,270,13064,13622,13047,12102,10555,10983,10658,6676,6924,6436,6344,5345,5450,5261,6388,6698,6611,5758,5210,5533,5397
1078,Leastdevelopedcountries,941,Ghana,288,58990,71356,75916,89243,101843,112730,116419,25683,30089,33264,41390,43649,47968,49424,33307,41267,42652,47853,58194,64762,66995
1079,Leastdevelopedcountries,941,Guinea,324,200952,206669,205001,189148,209353,220325,232158,118144,120448,117291,109302,119707,124376,133347,82808,86221,87710,79846,89646,95949,98811
1080,Leastdevelopedcountries,941,GuineaBissau,624,37630,40950,42113,42844,46402,49045,51630,16933,18495,21026,20810,21854,23003,24190,20697,22455,21087,22034,24548,26042,27440
1081,Leastdevelopedcountries,941,Liberia,430,477733,462116,151135,186219,55272,17274,15396,239503,226649,73482,86678,26140,9176,8362,238230,235467,77653,99541,29132,8098,7034
1082,Leastdevelopedcountries,941,Mali,466,132257,244530,156611,169980,201010,347965,365963,66751,124365,79189,84216,98190,183521,192270,65506,120165,77422,85764,102820,164444,173693
1083,Leastdevelopedcountries,941,Mauritania,478,107801,123430,76739,64666,65952,64108,75967,55824,64777,43365,35642,36404,35678,42250,51977,58653,33374,29024,29548,28430,33717
1084,Leastdevelopedcountries,941,Niger,562,55934,73490,92032,126954,156165,167877,176985,31791,42141,52035,68846,85260,92689,98005,24143,31349,39997,58108,70905,75188,78980
1085,Leastdevelopedcountries,941,Nigeria,566,114276,115619,118064,144185,159682,254246,334692,57513,61107,64687,76715,84433,130572,168436,56763,54512,53377,67470,75249,123674,166256
1086,Leastdevelopedcountries,941,SaintHelena,654,0,0,0,0,0,0,0,0,0,0,0,0,0,0,0,0,0,0,0,0,0
1087,Leastdevelopedcountries,941,Senegal,686,196154,168530,183542,177142,178742,177040,194833,104819,87064,95637,91876,92101,89720,98948,91335,81466,87905,85266,86641,87320,95885
1088,Leastdevelopedcountries,941,SierraLeone,694,39039,418800,453037,77774,44964,43536,46417,19179,208347,223413,36583,22045,22717,24325,19860,210453,229624,41191,22919,20819,22092
1089,Leastdevelopedcountries,941,Togo,768,32868,42923,53846,106741,116218,137180,149149,12256,15806,19826,38576,41371,50692,55008,20612,27117,34020,68165,74847,86488,94141
1090,Leastdevelopedcountries,941,Kazakhstan,398,0,0,0,0,1488,1830,2146,0,0,0,0,856,1052,1235,0,0,0,0,632,778,911
1091,Leastdevelopedcountries,941,Kyrgyzstan,417,0,0,0,0,0,0,0,0,0,0,0,0,0,0,0,0,0,0,0,0,0
1092,Leastdevelopedcountries,941,Tajikistan,762,40537,36733,32929,28460,23991,15032,4422,22879,20733,18586,16064,13541,6365,1735,17658,16000,14343,12396,10450,8667,2687
1093,Leastdevelopedcountries,941,Turkmenistan,795,0,0,0,0,0,0,0,0,0,0,0,0,0,0,0,0,0,0,0,0,0
1094,Leastdevelopedcountries,941,Uzbekistan,860,2027,1836,1646,1422,1199,752,219,1144,1036,929,803,677,319,86,883,800,717,619,522,433,133
1095,Leastdevelopedcountries,941,China,156,245923,224516,203661,216877,236931,243154,243261,129813,119536,110505,117178,124438,129310,92735,116110,104980,93156,99699,112493,113844,150526
1096,Leastdevelopedcountries,941,China,156,344,54,142,229,179,129,116,123,31,81,131,105,78,71,77,23,61,98,74,51,45
1097,Leastdevelopedcountries,941,China,156,446,0,0,0,0,0,0,0,0,0,0,0,0,0,0,0,0,0,0,0,0
1098,Leastdevelopedcountries,941,China,156,158,0,0,0,0,0,0,0,0,0,0,0,0,0,0,0,0,0,0,0,0
1099,Leastdevelopedcountries,941,DemPeoplesRepublicofKorea,408,78,107,226,200,1615,3172,3418,60,77,159,142,773,1635,1742,18,30,67,58,842,1537,1676
1100,Leastdevelopedcountries,941,Japan,392,9729,10098,10592,12193,14370,15207,15082,5324,5531,5813,6669,7789,8238,5055,4405,4567,4779,5524,6581,6969,10027
1101,Leastdevelopedcountries,941,Mongolia,496,0,0,0,0,0,0,0,0,0,0,0,0,0,0,0,0,0,0,0,0,0
1102,Leastdevelopedcountries,941,RepublicofKorea,410,354,419,582,692,822,773,746,171,222,292,339,401,412,404,183,197,290,353,421,361,342
1103,Leastdevelopedcountries,941,BruneiDarussalam,96,0,0,0,0,0,0,0,0,0,0,0,0,0,0,0,0,0,0,0,0,0
1104,Leastdevelopedcountries,941,Cambodia,116,14322,14552,14652,17134,20814,23079,22933,7676,7798,7863,9222,11209,12432,7902,6646,6754,6789,7912,9605,10647,15031
1105,Leastdevelopedcountries,941,Indonesia,360,75246,89159,103102,129286,149616,157213,154192,40346,47817,55290,69412,80370,85049,48768,34900,41342,47812,59874,69246,72164,105424
1106,Leastdevelopedcountries,941,LaoPeoplesDemocraticRepublic,418,58843,59872,60900,72278,83505,88415,86725,31777,32335,32892,39040,45107,47759,26868,27066,27537,28008,33238,38398,40656,59857
1107,Leastdevelopedcountries,941,Malaysia,458,92880,126750,160617,190987,205358,203907,199968,50228,68547,86862,103225,110949,110164,61904,42652,58203,73755,87762,94409,93743,138064
1108,Leastdevelopedcountries,941,Myanmar,104,226295,228551,230796,129045,236649,240292,910546,106389,107454,108512,60679,111345,113153,726249,119906,121097,122284,68366,125304,127139,184297
1109,Leastdevelopedcountries,941,Philippines,608,818,971,1126,1111,1078,671,667,476,538,599,603,608,420,418,342,433,527,508,470,251,249
1110,Leastdevelopedcountries,941,Singapore,702,10678,9285,7890,8592,10198,10620,10577,5773,5030,4285,4661,5532,5763,3574,4905,4255,3605,3931,4666,4857,7003
1111,Leastdevelopedcountries,941,Thailand,764,32076,51656,71059,58413,47394,45268,47605,16699,26045,35292,29830,25557,25137,24054,15377,25611,35767,28583,21837,20131,23551
1112,Leastdevelopedcountries,941,TimorLeste,626,0,0,0,0,0,0,0,0,0,0,0,0,0,0,0,0,0,0,0,0,0
1113,Leastdevelopedcountries,941,VietNam,704,71579,87096,102056,89249,81279,83123,86575,36996,43580,50031,45048,43303,45535,41181,34583,43516,52025,44201,37976,37588,45394
1114,Leastdevelopedcountries,941,Afghanistan,4,0,0,0,0,385,476,554,0,0,0,0,299,371,433,0,0,0,0,86,105,121
1115,Leastdevelopedcountries,941,Bangladesh,50,2046,2320,2167,1904,1624,1505,1525,1287,1434,1327,1132,1083,1022,1049,759,886,840,772,541,483,476
1116,Leastdevelopedcountries,941,Bhutan,64,16805,107664,111196,108387,75457,28743,27503,8065,54530,56629,55123,38594,14762,14019,8740,53134,54567,53264,36863,13981,13484
1117,Leastdevelopedcountries,941,India,356,462470,616362,652398,631410,589480,578035,562570,158283,193905,219076,225681,215411,214126,200944,304187,422457,433322,405729,374069,363909,361626
1118,Leastdevelopedcountries,941,IranIslamicRepublicof,364,0,0,0,0,10,7,6,0,0,0,0,6,4,4,0,0,0,0,4,3,2
1119,Leastdevelopedcountries,941,Maldives,462,0,0,0,0,0,0,0,0,0,0,0,0,0,0,0,0,0,0,0,0,0
1120,Leastdevelopedcountries,941,Nepal,524,10025,11808,13591,25629,34037,39846,39120,5453,6421,7391,13903,18455,21562,12322,4572,5387,6200,11726,15582,18284,26798
1121,Leastdevelopedcountries,941,Pakistan,586,17315,26611,35296,45679,55585,276429,110701,10535,15711,20672,26378,32194,143293,55429,6780,10900,14624,19301,23391,133136,55272
1122,Leastdevelopedcountries,941,SriLanka,144,115,174,201,176,125,128,123,68,62,99,81,71,75,75,47,112,102,95,54,53,48
1123,Leastdevelopedcountries,941,Armenia,51,0,0,0,0,0,9,7,0,0,0,0,0,9,7,0,0,0,0,0,0,0
1124,Leastdevelopedcountries,941,Azerbaijan,31,0,0,0,0,0,5,3,0,0,0,0,0,5,3,0,0,0,0,0,0,0
1125,Leastdevelopedcountries,941,Bahrain,48,89,10375,20661,24592,28471,30163,29575,49,5603,11157,13280,15375,16289,9137,40,4772,9504,11312,13096,13874,20438
1126,Leastdevelopedcountries,941,Cyprus,196,5,8,11,9,9,7,6,3,4,5,3,3,3,3,2,4,6,6,6,4,3
1127,Leastdevelopedcountries,941,Georgia,268,0,0,0,0,0,0,0,0,0,0,0,0,0,0,0,0,0,0,0,0,0
1128,Leastdevelopedcountries,941,Iraq,368,5020,5222,5473,6816,10536,9913,10109,2776,3094,2944,3701,5621,5135,5773,2244,2128,2529,3115,4915,4778,4336
1129,Leastdevelopedcountries,941,Israel,376,0,0,0,0,1081,1341,1568,0,0,0,0,578,718,842,0,0,0,0,503,623,726
1130,Leastdevelopedcountries,941,Jordan,400,0,0,0,0,0,2,0,0,0,0,0,0,2,0,0,0,0,0,0,0,0
1131,Leastdevelopedcountries,941,Kuwait,414,29,30,31,32,22,31,33,9,11,14,15,12,17,19,20,19,17,17,10,14,14
1132,Leastdevelopedcountries,941,Lebanon,422,7337,7264,7117,3646,2670,2996,2773,4398,4181,3830,2411,1766,2004,1851,2939,3083,3287,1235,904,992,922
1133,Leastdevelopedcountries,941,Oman,512,0,0,0,0,0,0,0,0,0,0,0,0,0,0,0,0,0,0,0,0,0
1134,Leastdevelopedcountries,941,Qatar,634,0,0,0,0,0,0,0,0,0,0,0,0,0,0,0,0,0,0,0,0,0
1135,Leastdevelopedcountries,941,SaudiArabia,682,2132,2307,2006,1785,2850,3214,3534,1038,1177,1035,934,1379,1536,1685,1094,1130,971,851,1471,1678,1849
1136,Leastdevelopedcountries,941,StateofPalestine,275,2697,3497,2942,3542,3904,3918,4001,1482,1952,1585,1920,2057,2021,2273,1215,1545,1357,1622,1847,1897,1728
1137,Leastdevelopedcountries,941,SyrianArabRepublic,760,2393,2485,2584,2737,2934,4273,4625,1313,1373,1393,1454,1535,2246,2660,1080,1112,1191,1283,1399,2027,1965
1138,Leastdevelopedcountries,941,Turkey,792,6,8,10,9,9,42,125,1,1,2,2,2,26,71,5,7,8,7,7,16,54
1139,Leastdevelopedcountries,941,UnitedArabEmirates,784,62,66,68,69,2511,3098,3628,24,30,35,36,1312,1618,1898,38,36,33,33,1199,1480,1730
1140,Leastdevelopedcountries,941,Yemen,887,357,325,365,313,359,13364,20660,175,167,195,167,178,6641,10713,182,158,170,146,181,6723,9947
1141,Leastdevelopedcountries,941,Belarus,112,0,0,0,0,0,0,0,0,0,0,0,0,0,0,0,0,0,0,0,0,0
1142,Leastdevelopedcountries,941,Bulgaria,100,0,0,0,0,0,3,1,0,0,0,0,0,2,1,0,0,0,0,0,1,0
1143,Leastdevelopedcountries,941,Czechia,203,0,0,0,0,0,0,0,0,0,0,0,0,0,0,0,0,0,0,0,0,0
1144,Leastdevelopedcountries,941,Hungary,348,10,9,9,8,8,8,7,1,1,0,0,0,0,0,9,8,9,8,8,8,7
1145,Leastdevelopedcountries,941,Poland,616,0,0,0,0,0,1,0,0,0,0,0,0,0,0,0,0,0,0,0,1,0
1146,Leastdevelopedcountries,941,RepublicofMoldova,498,0,0,0,0,0,3,1,0,0,0,0,0,2,1,0,0,0,0,0,1,0
1147,Leastdevelopedcountries,941,Romania,642,0,0,0,0,0,5,3,0,0,0,0,0,4,3,0,0,0,0,0,1,0
1148,Leastdevelopedcountries,941,RussianFederation,643,1465,1432,1364,1269,1026,985,1039,772,794,762,711,552,503,537,693,638,602,558,474,482,502
1149,Leastdevelopedcountries,941,Slovakia,703,0,0,0,0,0,0,0,0,0,0,0,0,0,0,0,0,0,0,0,0,0
1150,Leastdevelopedcountries,941,Ukraine,804,84,96,104,50,25,9,7,39,50,54,34,17,6,6,45,46,50,16,8,3,1
1151,Leastdevelopedcountries,941,ChannelIslands,830,0,0,0,0,0,0,0,0,0,0,0,0,0,0,0,0,0,0,0,0,0
1152,Leastdevelopedcountries,941,Denmark,208,189,184,187,187,193,260,245,106,101,97,96,99,137,133,83,83,90,91,94,123,112
1153,Leastdevelopedcountries,941,Estonia,233,0,0,0,0,0,0,0,0,0,0,0,0,0,0,0,0,0,0,0,0,0
1154,Leastdevelopedcountries,941,FaroeIslands,234,0,0,0,0,0,0,0,0,0,0,0,0,0,0,0,0,0,0,0,0,0
1155,Leastdevelopedcountries,941,Finland,246,0,0,0,0,0,6,4,0,0,0,0,0,4,4,0,0,0,0,0,2,0
1156,Leastdevelopedcountries,941,Iceland,352,0,0,0,0,0,0,0,0,0,0,0,0,0,0,0,0,0,0,0,0,0
1157,Leastdevelopedcountries,941,Ireland,372,1,9,16,13,13,10,10,0,4,7,5,5,4,5,1,5,9,8,8,6,5
1158,Leastdevelopedcountries,941,IsleofMan,833,0,0,0,0,0,0,0,0,0,0,0,0,0,0,0,0,0,0,0,0,0
1159,Leastdevelopedcountries,941,Latvia,428,0,0,0,0,0,23,20,0,0,0,0,0,12,11,0,0,0,0,0,11,9
1160,Leastdevelopedcountries,941,Lithuania,440,0,0,0,0,0,0,0,0,0,0,0,0,0,0,0,0,0,0,0,0,0
1161,Leastdevelopedcountries,941,Norway,578,4249,7030,9812,11676,13516,14320,14038,2299,3800,5303,6309,7302,7737,4341,1950,3230,4509,5367,6214,6583,9697
1162,Leastdevelopedcountries,941,Sweden,752,1170,1149,1133,546,287,321,257,628,606,582,357,145,162,136,542,543,551,189,142,159,121
1163,Leastdevelopedcountries,941,UnitedKingdom,826,15760,23113,29758,33269,37290,38789,38117,8556,12473,16075,18064,20127,20749,12853,7204,10640,13683,15205,17163,18040,25264
1164,Leastdevelopedcountries,941,Albania,8,0,0,0,0,1028,1275,1491,0,0,0,0,461,573,673,0,0,0,0,567,702,818
1165,Leastdevelopedcountries,941,Andorra,20,0,0,0,0,835,1033,1208,0,0,0,0,439,544,639,0,0,0,0,396,489,569
1166,Leastdevelopedcountries,941,BosniaandHerzegovina,70,0,0,0,0,0,2,0,0,0,0,0,0,2,0,0,0,0,0,0,0,0
1167,Leastdevelopedcountries,941,Croatia,191,0,0,0,0,792,994,1159,0,0,0,0,503,632,739,0,0,0,0,289,362,420
1168,Leastdevelopedcountries,941,Gibraltar,292,0,0,0,0,0,0,0,0,0,0,0,0,0,0,0,0,0,0,0,0,0
1169,Leastdevelopedcountries,941,Greece,300,40,37,37,35,36,35,32,21,19,17,16,17,16,15,19,18,20,19,19,19,17
1170,Leastdevelopedcountries,941,HolySee,336,0,0,0,0,0,0,0,0,0,0,0,0,0,0,0,0,0,0,0,0,0
1171,Leastdevelopedcountries,941,Italy,380,2401,2372,2393,2220,2206,2381,2333,1696,1642,1651,1552,1537,1648,1627,705,730,742,668,669,733,706
1172,Leastdevelopedcountries,941,Malta,470,0,0,0,0,0,0,0,0,0,0,0,0,0,0,0,0,0,0,0,0,0
1173,Leastdevelopedcountries,941,Montenegro,499,0,0,0,0,0,0,0,0,0,0,0,0,0,0,0,0,0,0,0,0,0
1174,Leastdevelopedcountries,941,NorthMacedonia,807,0,0,0,0,0,0,0,0,0,0,0,0,0,0,0,0,0,0,0,0,0
1175,Leastdevelopedcountries,941,Portugal,620,8194,9894,11331,11943,11950,11429,10829,5151,6168,6958,6612,6624,6343,6070,3043,3726,4373,5331,5326,5086,4759
1176,Leastdevelopedcountries,941,SanMarino,674,0,0,0,0,0,0,0,0,0,0,0,0,0,0,0,0,0,0,0,0,0
1177,Leastdevelopedcountries,941,Serbia,688,0,0,0,0,0,2,0,0,0,0,0,0,1,0,0,0,0,0,0,1,0
1178,Leastdevelopedcountries,941,Slovenia,705,15,42,66,52,50,71,69,8,23,37,29,27,41,40,7,19,29,23,23,30,29
1179,Leastdevelopedcountries,941,Spain,724,1778,1716,1657,1884,2357,2613,2607,1069,1035,995,1160,1427,1581,1589,709,681,662,724,930,1032,1018
1180,Leastdevelopedcountries,941,Austria,40,190,188,184,169,176,180,186,155,153,149,138,144,149,157,35,35,35,31,32,31,29
1181,Leastdevelopedcountries,941,Belgium,56,973,987,773,718,714,808,918,503,525,412,379,371,413,469,470,462,361,339,343,395,449
1182,Leastdevelopedcountries,941,France,250,38541,41234,41396,46228,42966,44137,47309,20115,21518,21753,24090,22590,23144,24766,18426,19716,19643,22138,20376,20993,22543
1183,Leastdevelopedcountries,941,Germany,276,4776,3994,3882,3464,3502,3683,3668,2564,2165,2072,1953,1924,1934,1947,2212,1829,1810,1511,1578,1749,1721
1184,Leastdevelopedcountries,941,Liechtenstein,438,0,0,0,0,0,4,2,0,0,0,0,0,1,1,0,0,0,0,0,3,1
1185,Leastdevelopedcountries,941,Luxembourg,442,0,0,0,0,0,0,0,0,0,0,0,0,0,0,0,0,0,0,0,0,0
1186,Leastdevelopedcountries,941,Monaco,492,0,0,0,0,0,0,0,0,0,0,0,0,0,0,0,0,0,0,0,0,0
1187,Leastdevelopedcountries,941,Netherlands,528,548,572,604,420,341,380,348,296,306,315,238,175,200,189,252,266,289,182,166,180,159
1188,Leastdevelopedcountries,941,Switzerland,756,686,708,717,577,560,574,586,400,407,409,345,329,342,353,286,301,308,232,231,232,233
1189,Leastdevelopedcountries,941,Anguilla,660,0,0,0,0,0,0,0,0,0,0,0,0,0,0,0,0,0,0,0,0,0
1190,Leastdevelopedcountries,941,AntiguaandBarbuda,28,0,0,0,0,0,4452,4276,0,0,0,0,0,2545,2453,0,0,0,0,0,1907,1823
1191,Leastdevelopedcountries,941,Aruba,533,0,0,0,0,0,0,0,0,0,0,0,0,0,0,0,0,0,0,0,0,0
1192,Leastdevelopedcountries,941,Bahamas,44,0,0,0,0,0,13,11,0,0,0,0,0,6,6,0,0,0,0,0,7,5
1193,Leastdevelopedcountries,941,Barbados,52,0,0,0,0,0,11,9,0,0,0,0,0,10,9,0,0,0,0,0,1,0
1194,Leastdevelopedcountries,941,Bonaire,16,535,0,0,0,0,0,0,0,0,0,0,0,0,0,0,0,0,0,0,0,0
1195,Leastdevelopedcountries,941,BritishVirginIslands,92,0,0,0,0,407,500,585,0,0,0,0,172,211,247,0,0,0,0,235,289,338
1196,Leastdevelopedcountries,941,CaymanIslands,136,0,0,0,0,0,0,0,0,0,0,0,0,0,0,0,0,0,0,0,0,0
1197,Leastdevelopedcountries,941,Cuba,192,1493,1440,1277,1527,3081,2964,2941,858,829,709,865,1789,1731,1721,635,611,568,662,1292,1233,1220
1198,Leastdevelopedcountries,941,CuraÃao,531,0,0,0,0,0,0,0,0,0,0,0,0,0,0,0,0,0,0,0,0,0
1199,Leastdevelopedcountries,941,Dominica,212,0,0,0,0,0,13,11,0,0,0,0,0,4,4,0,0,0,0,0,9,7
1200,Leastdevelopedcountries,941,DominicanRepublic,214,2406,2285,2170,2061,2164,2274,2377,1345,1278,1214,1153,1211,1273,1332,1061,1007,956,908,953,1001,1045
1201,Leastdevelopedcountries,941,Grenada,308,0,0,0,0,300,369,431,0,0,0,0,129,159,187,0,0,0,0,171,210,244
1202,Leastdevelopedcountries,941,Guadeloupe,312,0,0,0,0,760,935,1096,0,0,0,0,342,421,495,0,0,0,0,418,514,601
1203,Leastdevelopedcountries,941,Haiti,332,0,0,0,0,0,25,22,0,0,0,0,0,13,12,0,0,0,0,0,12,10
1204,Leastdevelopedcountries,941,Jamaica,388,0,0,0,0,0,0,0,0,0,0,0,0,0,0,0,0,0,0,0,0,0
1205,Leastdevelopedcountries,941,Martinique,474,0,0,0,0,0,0,0,0,0,0,0,0,0,0,0,0,0,0,0,0,0
1206,Leastdevelopedcountries,941,Montserrat,500,0,0,0,0,0,0,0,0,0,0,0,0,0,0,0,0,0,0,0,0,0
1207,Leastdevelopedcountries,941,PuertoRico,630,1546,1468,1394,1324,1390,1459,1526,703,668,635,603,633,665,696,843,800,759,721,757,794,830
1208,Leastdevelopedcountries,941,SaintBarthelemy,652,0,0,0,0,0,0,0,0,0,0,0,0,0,0,0,0,0,0,0,0,0
1209,Leastdevelopedcountries,941,SaintKittsandNevis,659,0,0,0,0,0,0,0,0,0,0,0,0,0,0,0,0,0,0,0,0,0
1210,Leastdevelopedcountries,941,SaintLucia,662,0,0,0,0,0,0,0,0,0,0,0,0,0,0,0,0,0,0,0,0,0
1211,Leastdevelopedcountries,941,SaintMartinFrenchpart,663,0,0,0,0,0,0,0,0,0,0,0,0,0,0,0,0,0,0,0,0,0
1212,Leastdevelopedcountries,941,SaintVincentandtheGrenadines,670,0,0,0,0,0,30,27,0,0,0,0,0,19,18,0,0,0,0,0,11,9
1213,Leastdevelopedcountries,941,SintMaartenDutchpart,534,0,0,0,0,0,0,0,0,0,0,0,0,0,0,0,0,0,0,0,0,0
1214,Leastdevelopedcountries,941,TrinidadandTobago,780,0,0,0,0,0,0,0,0,0,0,0,0,0,0,0,0,0,0,0,0,0
1215,Leastdevelopedcountries,941,TurksandCaicosIslands,796,0,0,0,0,536,659,771,0,0,0,0,236,290,340,0,0,0,0,300,369,431
1216,Leastdevelopedcountries,941,UnitedStatesVirginIslands,850,0,0,0,0,375,461,540,0,0,0,0,182,224,264,0,0,0,0,193,237,276
1217,Leastdevelopedcountries,941,Belize,84,0,0,0,0,0,2,0,0,0,0,0,0,2,0,0,0,0,0,0,0,0
1218,Leastdevelopedcountries,941,CostaRica,188,274,260,246,233,244,374,379,106,101,95,90,94,172,175,168,159,151,143,150,202,204
1219,Leastdevelopedcountries,941,ElSalvador,222,0,0,0,0,0,4,2,0,0,0,0,0,2,2,0,0,0,0,0,2,0
1220,Leastdevelopedcountries,941,Guatemala,320,0,0,0,0,0,0,0,0,0,0,0,0,0,0,0,0,0,0,0,0,0
1221,Leastdevelopedcountries,941,Honduras,340,0,0,0,0,0,298,285,0,0,0,0,0,166,161,0,0,0,0,0,132,124
1222,Leastdevelopedcountries,941,Mexico,484,306,290,275,261,274,287,299,131,124,118,112,118,124,130,175,166,157,149,156,163,169
1223,Leastdevelopedcountries,941,Nicaragua,558,0,0,0,0,0,5,3,0,0,0,0,0,3,3,0,0,0,0,0,2,0
1224,Leastdevelopedcountries,941,Panama,591,0,0,0,0,0,0,0,0,0,0,0,0,0,0,0,0,0,0,0,0,0
1225,Leastdevelopedcountries,941,Argentina,32,526,506,485,465,463,615,632,296,287,279,268,268,358,371,230,219,206,197,195,257,261
1226,Leastdevelopedcountries,941,BoliviaPlurinationalStateof,68,0,0,0,0,0,5,3,0,0,0,0,0,2,2,0,0,0,0,0,3,1
1227,Leastdevelopedcountries,941,Brazil,76,1631,6549,11264,13199,15097,15808,15547,843,3518,6053,7103,8119,8529,5010,788,3031,5211,6096,6978,7279,10537
1228,Leastdevelopedcountries,941,Chile,152,333,316,300,284,1540,1851,2127,214,203,193,183,867,1039,1195,119,113,107,101,673,812,932
1229,Leastdevelopedcountries,941,Colombia,170,828,786,746,708,743,3403,3334,421,400,380,361,379,1915,1880,407,386,366,347,364,1488,1454
1230,Leastdevelopedcountries,941,Ecuador,218,0,0,0,0,0,2,0,0,0,0,0,0,2,0,0,0,0,0,0,0,0
1231,Leastdevelopedcountries,941,FalklandIslandsMalvinas,238,0,0,0,0,0,0,0,0,0,0,0,0,0,0,0,0,0,0,0,0,0
1232,Leastdevelopedcountries,941,FrenchGuiana,254,0,0,0,0,0,0,0,0,0,0,0,0,0,0,0,0,0,0,0,0,0
1233,Leastdevelopedcountries,941,Guyana,328,0,0,0,0,0,0,0,0,0,0,0,0,0,0,0,0,0,0,0,0,0
1234,Leastdevelopedcountries,941,Paraguay,600,0,0,0,0,0,0,0,0,0,0,0,0,0,0,0,0,0,0,0,0,0
1235,Leastdevelopedcountries,941,Peru,604,351,333,316,300,315,330,345,208,198,188,179,188,197,207,143,135,128,121,127,133,138
1236,Leastdevelopedcountries,941,Suriname,740,0,0,0,0,0,0,0,0,0,0,0,0,0,0,0,0,0,0,0,0,0
1237,Leastdevelopedcountries,941,Uruguay,858,286,271,257,244,663,769,864,112,106,101,96,293,343,389,174,165,156,148,370,426,475
1238,Leastdevelopedcountries,941,VenezuelaBolivarianRepublicof,862,2510,2384,2264,2150,2257,2369,2488,1325,1259,1196,1136,1193,1252,1307,1185,1125,1068,1014,1064,1117,1181
1239,Leastdevelopedcountries,941,Bermuda,60,0,0,0,0,0,0,0,0,0,0,0,0,0,0,0,0,0,0,0,0,0
1240,Leastdevelopedcountries,941,Canada,124,1876,2077,2246,1967,1895,1841,1861,976,1103,1178,1069,1007,978,993,900,974,1068,898,888,863,868
1241,Leastdevelopedcountries,941,Greenland,304,0,0,0,0,0,0,0,0,0,0,0,0,0,0,0,0,0,0,0,0,0
1242,Leastdevelopedcountries,941,SaintPierreandMiquelon,666,0,0,0,0,0,0,0,0,0,0,0,0,0,0,0,0,0,0,0,0,0
1243,Leastdevelopedcountries,941,UnitedStatesofAmerica,840,38316,40398,42566,47278,52781,55466,54901,20539,21730,22913,25824,28771,30140,19479,17777,18668,19653,21454,24010,25326,35422
1244,Leastdevelopedcountries,941,Australia,36,1465,1596,1720,1840,2075,2174,2284,809,842,888,950,1096,1250,1321,656,754,832,890,979,924,963
1245,Leastdevelopedcountries,941,NewZealand,554,487,507,522,592,634,543,546,271,274,276,320,348,300,305,216,233,246,272,286,243,241
1246,Leastdevelopedcountries,941,Fiji,242,721,693,672,766,863,884,922,376,366,354,404,459,470,493,345,327,318,362,404,414,429
1247,Leastdevelopedcountries,941,NewCaledonia,540,292,289,268,273,278,290,294,128,146,132,137,142,148,151,164,143,136,136,136,142,143
1248,Leastdevelopedcountries,941,PapuaNewGuinea,598,1160,1148,1097,856,666,647,631,592,598,572,457,370,363,356,568,550,525,399,296,284,275
1249,Leastdevelopedcountries,941,SolomonIslands,90,83,65,51,75,113,132,132,39,35,26,38,57,69,70,44,30,25,37,56,63,62
1250,Leastdevelopedcountries,941,Vanuatu,548,9,9,9,38,71,66,64,3,3,3,21,40,38,37,6,6,6,17,31,28,27
1251,Leastdevelopedcountries,941,Guam,316,0,0,0,0,0,0,0,0,0,0,0,0,0,0,0,0,0,0,0,0,0
1252,Leastdevelopedcountries,941,Kiribati,296,1054,1041,988,643,342,329,321,483,485,458,306,174,169,160,571,556,530,337,168,160,161
1253,Leastdevelopedcountries,941,MarshallIslands,584,0,0,0,0,0,6,4,0,0,0,0,0,3,3,0,0,0,0,0,3,1
1254,Leastdevelopedcountries,941,MicronesiaFedStatesof,583,0,0,0,0,0,3,1,0,0,0,0,0,1,1,0,0,0,0,0,2,0
1255,Leastdevelopedcountries,941,Nauru,520,928,994,1060,1255,1452,1495,1607,400,457,514,621,729,754,806,528,537,546,634,723,741,801
1256,Leastdevelopedcountries,941,NorthernMarianaIslands,580,0,0,0,0,0,0,0,0,0,0,0,0,0,0,0,0,0,0,0,0,0
1257,Leastdevelopedcountries,941,Palau,585,0,0,0,0,0,9,7,0,0,0,0,0,5,5,0,0,0,0,0,4,2
1258,Leastdevelopedcountries,941,AmericanSamoa,16,0,0,0,0,322,395,462,0,0,0,0,151,185,218,0,0,0,0,171,210,244
1259,Leastdevelopedcountries,941,CookIslands,184,0,0,0,0,0,0,0,0,0,0,0,0,0,0,0,0,0,0,0,0,0
1260,Leastdevelopedcountries,941,FrenchPolynesia,258,0,0,0,0,278,341,398,0,0,0,0,139,170,200,0,0,0,0,139,171,198
1261,Leastdevelopedcountries,941,Niue,570,0,0,0,0,0,0,0,0,0,0,0,0,0,0,0,0,0,0,0,0,0
1262,Leastdevelopedcountries,941,Samoa,882,21,11,6,4,3,31,27,18,10,5,3,2,19,18,3,1,1,1,1,12,9
1263,Leastdevelopedcountries,941,Tokelau,772,0,0,0,0,0,0,0,0,0,0,0,0,0,0,0,0,0,0,0,0,0
1264,Leastdevelopedcountries,941,Tonga,776,24,25,27,27,29,1002,962,14,14,14,14,15,582,562,10,11,13,13,14,420,400
1265,Leastdevelopedcountries,941,Tuvalu,798,377,339,302,295,288,293,311,203,177,152,157,162,166,177,174,162,150,138,126,127,134
1266,Leastdevelopedcountries,941,WallisandFutunaIslands,876,0,0,0,0,0,0,0,0,0,0,0,0,0,0,0,0,0,0,0,0,0
1267,LandlockedDevelopingCountriesLLDC,1636,Developedregions,901,6215934,5414526,4718563,4619610,4567234,4655635,4795579,2740896,2386152,2071064,2081343,2111628,2190345,2262760,3475038,3028374,2647499,2538267,2455606,2465290,2532819
1268,LandlockedDevelopingCountriesLLDC,1636,Lessdevelopedregions,902,7046943,6107149,6019679,6157336,6219200,8284402,9389885,3442542,2909217,2861275,2947239,3021918,4068692,4573743,3604401,3197932,3158404,3210097,3197282,4215710,4816142
1269,LandlockedDevelopingCountriesLLDC,1636,Lessdevelopedregions,902,934,2807534,3162522,3226758,3205848,3087765,3439156,3435514,1258607,1391486,1435590,1465713,1449370,1640473,1639654,1548927,1771036,1791168,1740135,1638395,1798683
1270,LandlockedDevelopingCountriesLLDC,1636,Lessdevelopedregions,902,948,7012970,6070271,5985680,6120899,6168154,8225481,9328454,3426008,2889754,2840999,2924984,2994042,4034728,4537734,3586962,3180517,3144681,3195915,3174112,4190753
1271,LandlockedDevelopingCountriesLLDC,1636,Leastdevelopedcountries,941,4239409,2944627,2792921,2951488,3131435,4845246,5954371,2183935,1517731,1425685,1481526,1572548,2428219,2934089,2055474,1426896,1367236,1469962,1558887,2417027,3020282
1272,LandlockedDevelopingCountriesLLDC,1636,LandlockedDevelopingCountriesLLDC,1636,2617287,2673089,2323951,2261602,2183738,2820558,3667638,1273877,1291096,1122461,1104846,1098808,1432720,1832218,1343410,1381993,1201490,1156756,1084930,1387838,1835420
1273,LandlockedDevelopingCountriesLLDC,1636,SmallislanddevelopingStatesSIDS,1637,1988,2429,2923,3619,7055,8417,9589,1139,1356,1577,1949,3393,4033,4609,849,1073,1346,1670,3662,4384,4980
1274,LandlockedDevelopingCountriesLLDC,1636,Highincomecountries,1503,217293,190121,169874,174167,179114,190160,203286,106828,94828,86563,89677,93367,99196,106442,110465,95293,83311,84490,85747,90964,96844
1275,LandlockedDevelopingCountriesLLDC,1636,Middleincomecountries,1517,9008463,8725127,8186466,7931602,7715284,8087499,8240771,3993492,3851417,3627478,3596635,3581329,3818487,3898161,5014971,4873710,4558988,4334967,4133955,4269012,4342610
1276,LandlockedDevelopingCountriesLLDC,1636,Uppermiddleincomecountries,1502,6526929,6017301,5439397,5167336,4854975,4913914,5061205,2895340,2667396,2406766,2345128,2264006,2332199,2410782,3631589,3349905,3032631,2822208,2590969,2581715,2650423
1277,LandlockedDevelopingCountriesLLDC,1636,Lowermiddleincomecountries,1501,2481534,2707826,2747069,2764266,2860309,3173585,3179566,1098152,1184021,1220712,1251507,1317323,1486288,1487379,1383382,1523805,1526357,1512759,1542986,1687297,1692187
1278,LandlockedDevelopingCountriesLLDC,1636,Lowincomecountries,1500,4037108,2606368,2381786,2671117,2891256,4661418,5740288,2083112,1349094,1218239,1342240,1458498,2340921,2831393,1953996,1257274,1163547,1328877,1432758,2320497,2908895
1279,LandlockedDevelopingCountriesLLDC,1636,MiddleAfrica,911,393874,472470,692962,736648,825591,1051277,1269379,198745,236624,346315,358927,403898,520189,626850,195129,235846,346647,377721,421693,531088,642529
1280,LandlockedDevelopingCountriesLLDC,1636,WesternAsia,922,925901,1035825,1001877,819258,558909,530671,527723,414335,454653,438437,368554,267810,259609,259441,511566,581172,563440,450704,291099,271062,268282
1281,LandlockedDevelopingCountriesLLDC,1636,EasternEurope,923,5999104,5198735,4499220,4395896,4345986,4427626,4558639,2639193,2285096,1967911,1975621,2007512,2082140,2149629,3359911,2913639,2531309,2420275,2338474,2345486,2409010
1282,LandlockedDevelopingCountriesLLDC,1636,CentralAmerica,916,12870,12907,12826,12094,11344,12907,14312,6409,6418,6356,5975,5587,6350,7043,6461,6489,6470,6119,5757,6557,7269
1283,LandlockedDevelopingCountriesLLDC,1636,Melanesia,928,2,4,4,4,2,4,2,2,2,1,1,1,2,1,0,2,3,3,1,2,1
1284,LandlockedDevelopingCountriesLLDC,1636,Micronesia,954,0,0,0,0,0,0,0,0,0,0,0,0,0,0,0,0,0,0,0,0,0
1285,LandlockedDevelopingCountriesLLDC,1636,Polynesia,957,0,42,82,42,601,738,861,0,21,41,20,290,355,418,0,21,41,22,311,383,443
1286,LandlockedDevelopingCountriesLLDC,1636,Burundi,108,75965,90049,78149,93801,94331,190977,199447,44999,52773,42684,50597,51072,97919,101637,30966,37276,35465,43204,43259,93058,97810
1287,LandlockedDevelopingCountriesLLDC,1636,Comoros,174,0,0,0,0,0,0,0,0,0,0,0,0,0,0,0,0,0,0,0,0,0
1288,LandlockedDevelopingCountriesLLDC,1636,Djibouti,262,904,1901,3258,2389,2999,3702,3439,475,1154,2053,1362,1571,1887,1704,429,747,1205,1027,1428,1815,1735
1289,LandlockedDevelopingCountriesLLDC,1636,Eritrea,232,69681,34950,6883,10844,54229,218389,209157,36625,18680,4333,6259,27470,110537,102853,33056,16270,2550,4585,26759,107852,106304
1290,LandlockedDevelopingCountriesLLDC,1636,Ethiopia,231,166,182,310,360,10437,15326,16149,83,91,158,183,5399,8051,8428,83,91,152,177,5038,7275,7721
1291,LandlockedDevelopingCountriesLLDC,1636,Kenya,404,33963,32824,40303,39994,52605,53045,49727,15228,14201,18300,17946,24876,25178,23675,18735,18623,22003,22048,27729,27867,26052
1292,LandlockedDevelopingCountriesLLDC,1636,Madagascar,450,102,165,243,364,488,531,565,61,96,140,210,282,307,329,41,69,103,154,206,224,236
1293,LandlockedDevelopingCountriesLLDC,1636,Malawi,454,87639,81698,101683,113411,118470,116059,123470,51153,47138,58335,65002,66760,64928,69614,36486,34560,43348,48409,51710,51131,53856
1294,LandlockedDevelopingCountriesLLDC,1636,Mauritius,480,292,471,700,1055,201,218,231,172,284,427,638,100,109,116,120,187,273,417,101,109,115
1295,LandlockedDevelopingCountriesLLDC,1636,Mayotte,175,0,0,0,0,0,0,0,0,0,0,0,0,0,0,0,0,0,0,0,0,0
1296,LandlockedDevelopingCountriesLLDC,1636,Mozambique,508,1646358,348918,270577,214122,185341,177293,175341,842561,196067,152022,119598,103250,97973,98059,803797,152851,118555,94524,82091,79320,77282
1297,LandlockedDevelopingCountriesLLDC,1636,Reunion,638,0,0,0,0,0,0,0,0,0,0,0,0,0,0,0,0,0,0,0,0,0
1298,LandlockedDevelopingCountriesLLDC,1636,Rwanda,646,438901,299741,147656,148075,140425,149878,158804,221833,150546,72623,72542,67858,71572,75362,217068,149195,75033,75533,72567,78306,83442
1299,LandlockedDevelopingCountriesLLDC,1636,Seychelles,690,45,67,95,147,11,10,9,45,48,55,84,11,10,9,0,19,40,63,0,0,0
1300,LandlockedDevelopingCountriesLLDC,1636,Somalia,706,617531,460811,390978,288267,364240,477944,449522,324610,231810,183115,139915,190048,243244,222262,292921,229001,207863,148352,174192,234700,227260
1301,LandlockedDevelopingCountriesLLDC,1636,SouthSudan,728,384266,235512,131405,96365,111051,657122,1434559,201974,129959,82820,55012,61433,340627,703401,182292,105553,48585,41353,49618,316495,731158
1302,LandlockedDevelopingCountriesLLDC,1636,Uganda,800,36874,51106,81482,95803,220041,239863,245512,19109,26319,42278,49719,113571,126131,127703,17765,24787,39204,46084,106470,113732,117809
1303,LandlockedDevelopingCountriesLLDC,1636,UnitedRepublicofTanzania,834,70051,81466,80594,95325,104880,107479,112134,37004,42080,39897,46773,50912,51758,54339,33047,39386,40697,48552,53968,55721,57795
1304,LandlockedDevelopingCountriesLLDC,1636,Zambia,894,26903,73887,77010,80693,77609,72292,68315,13572,34473,36432,38895,37034,34511,33566,13331,39414,40578,41798,40575,37781,34749
1305,LandlockedDevelopingCountriesLLDC,1636,Zimbabwe,716,43747,73052,60630,83792,109794,105388,108469,20972,34056,28218,43095,55835,54178,56597,22775,38996,32412,40697,53959,51210,51872
1306,LandlockedDevelopingCountriesLLDC,1636,Angola,24,124438,142110,239805,101174,39437,30274,34149,62414,71137,121518,50655,19846,15177,17380,62024,70973,118287,50519,19591,15097,16769
1307,LandlockedDevelopingCountriesLLDC,1636,Cameroon,120,31860,34635,37337,27961,31908,33124,38562,17200,18668,20095,12945,14404,15123,17396,14660,15967,17242,15016,17504,18001,21166
1308,LandlockedDevelopingCountriesLLDC,1636,CentralAfricanRepublic,140,8350,9060,9734,64661,81213,93423,107722,4501,4878,5237,29399,36938,44471,50612,3849,4182,4497,35262,44275,48952,57110
1309,LandlockedDevelopingCountriesLLDC,1636,Chad,148,11459,14250,15904,12585,18193,16559,18076,6294,7914,8900,7049,10135,9420,10200,5165,6336,7004,5536,8058,7139,7876
1310,LandlockedDevelopingCountriesLLDC,1636,Congo,178,5590,7020,10575,23507,19160,20086,24839,2938,3682,5729,11117,9811,10288,12855,2652,3338,4846,12390,9349,9798,11984
1311,LandlockedDevelopingCountriesLLDC,1636,DemocraticRepublicoftheCongo,180,207330,260301,374874,488903,625056,844771,1030745,102812,127627,182300,238457,307426,419160,510718,104518,132674,192574,250446,317630,425611,520027
1312,LandlockedDevelopingCountriesLLDC,1636,EquatorialGuinea,226,0,0,0,0,653,803,941,0,0,0,0,322,396,466,0,0,0,0,331,407,475
1313,LandlockedDevelopingCountriesLLDC,1636,Gabon,266,4759,4990,4622,17770,9885,12164,14268,2545,2668,2482,9263,4975,6120,7186,2214,2322,2140,8507,4910,6044,7082
1314,LandlockedDevelopingCountriesLLDC,1636,SaoTomeandPrincipe,678,88,104,111,87,86,73,77,41,50,54,42,41,34,37,47,54,57,45,45,39,40
1315,LandlockedDevelopingCountriesLLDC,1636,Algeria,12,910,1071,1140,2857,975,1066,1271,546,596,594,1372,574,640,769,364,475,546,1485,401,426,502
1316,LandlockedDevelopingCountriesLLDC,1636,Egypt,818,2354,2121,1886,1949,7872,8037,8355,1059,938,806,839,4136,4381,4563,1295,1183,1080,1110,3736,3656,3792
1317,LandlockedDevelopingCountriesLLDC,1636,Libya,434,1247,1364,1441,1048,2254,2691,3129,673,732,778,490,1191,1447,1680,574,632,663,558,1063,1244,1449
1318,LandlockedDevelopingCountriesLLDC,1636,Morocco,504,6,6,5,13,653,802,936,1,1,1,5,267,326,382,5,5,4,8,386,476,554
1319,LandlockedDevelopingCountriesLLDC,1636,Sudan,729,209933,348247,418675,682789,499050,1010398,1088068,106550,176166,214590,335714,234226,484685,513334,103383,172081,204085,347075,264824,525713,574734
1320,LandlockedDevelopingCountriesLLDC,1636,Tunisia,788,0,1,1,1,1,2,1,0,1,1,1,1,2,1,0,0,0,0,0,0,0
1321,LandlockedDevelopingCountriesLLDC,1636,WesternSahara,732,0,0,0,0,0,0,0,0,0,0,0,0,0,0,0,0,0,0,0,0,0
1322,LandlockedDevelopingCountriesLLDC,1636,Botswana,72,3678,3320,4308,4626,4783,4725,5232,1996,1837,2410,2555,2608,2553,2831,1682,1483,1898,2071,2175,2172,2401
1323,LandlockedDevelopingCountriesLLDC,1636,Eswatini,748,159,218,295,427,562,621,675,86,129,184,268,353,389,423,73,89,111,159,209,232,252
1324,LandlockedDevelopingCountriesLLDC,1636,Lesotho,426,804,931,1344,1995,439,482,500,431,492,690,1010,94,99,105,373,439,654,985,345,383,395
1325,LandlockedDevelopingCountriesLLDC,1636,Namibia,516,2651,939,792,1463,1487,1485,1768,1435,504,417,764,876,892,1048,1216,435,375,699,611,593,720
1326,LandlockedDevelopingCountriesLLDC,1636,SouthAfrica,710,48527,48196,56049,53955,50516,50965,53517,25168,25836,30701,28722,25054,25362,26951,23359,22360,25348,25233,25462,25603,26566
1327,LandlockedDevelopingCountriesLLDC,1636,Benin,204,11544,16081,20672,23063,22964,23682,29087,5163,6657,8181,9444,9288,9634,11475,6381,9424,12491,13619,13676,14048,17612
1328,LandlockedDevelopingCountriesLLDC,1636,BurkinaFaso,854,32620,34177,38587,41054,62200,72403,86974,17068,18038,20455,21660,33855,39345,47141,15552,16139,18132,19394,28345,33058,39833
1329,LandlockedDevelopingCountriesLLDC,1636,CaboVerde,132,0,1,2,56,110,129,141,0,0,0,19,39,45,50,0,1,2,37,71,84,91
1330,LandlockedDevelopingCountriesLLDC,1636,CotedIvoire,384,296829,365388,439785,538081,653599,708625,759254,150282,185125,220026,265466,318760,345509,370111,146547,180263,219759,272615,334839,363116,389143
1331,LandlockedDevelopingCountriesLLDC,1636,Gambia,270,624,648,570,2333,1006,1237,1451,352,364,310,1236,492,605,713,272,284,260,1097,514,632,738
1332,LandlockedDevelopingCountriesLLDC,1636,Ghana,288,31275,36143,33382,38974,36801,39183,41881,11850,13424,12465,15785,14019,15059,16219,19425,22719,20917,23189,22782,24124,25662
1333,LandlockedDevelopingCountriesLLDC,1636,Guinea,324,19168,17899,14660,16377,29062,35765,41969,9484,8858,7307,8123,15001,18444,21669,9684,9041,7353,8254,14061,17321,20300
1334,LandlockedDevelopingCountriesLLDC,1636,GuineaBissau,624,0,0,0,0,289,355,414,0,0,0,0,96,118,138,0,0,0,0,193,237,276
1335,LandlockedDevelopingCountriesLLDC,1636,Liberia,430,589,618,581,2333,952,1168,1358,297,312,294,1149,418,510,596,292,306,287,1184,534,658,762
1336,LandlockedDevelopingCountriesLLDC,1636,Mali,466,69289,141188,85971,81538,87192,139152,146647,33539,66829,39564,37304,39563,64319,66996,35750,74359,46407,44234,47629,74833,79651
1337,LandlockedDevelopingCountriesLLDC,1636,Mauritania,478,14981,20991,12423,6284,10601,13541,24198,6760,10536,7103,3226,5802,7413,13246,8221,10455,5320,3058,4799,6128,10952
1338,LandlockedDevelopingCountriesLLDC,1636,Niger,562,14498,17965,18984,17666,23975,27239,30205,7579,9337,9952,9114,12884,14715,16343,6919,8628,9032,8552,11091,12524,13862
1339,LandlockedDevelopingCountriesLLDC,1636,Nigeria,566,57663,49694,41690,32231,34533,113671,182910,25752,23792,21820,16453,17532,55933,88371,31911,25902,19870,15778,17001,57738,94539
1340,LandlockedDevelopingCountriesLLDC,1636,SaintHelena,654,0,0,0,0,0,0,0,0,0,0,0,0,0,0,0,0,0,0,0,0,0
1341,LandlockedDevelopingCountriesLLDC,1636,Senegal,686,15791,16110,14947,13259,21938,25988,30099,8183,8444,7976,7094,11298,13316,15431,7608,7666,6971,6165,10640,12672,14668
1342,LandlockedDevelopingCountriesLLDC,1636,SierraLeone,694,1227,1283,1177,4822,1715,2110,2473,629,658,607,2416,794,976,1145,598,625,570,2406,921,1134,1328
1343,LandlockedDevelopingCountriesLLDC,1636,Togo,768,12656,16025,20543,25987,27426,28942,32900,4395,5314,6974,9723,10042,10720,12013,8261,10711,13569,16264,17384,18222,20887
1344,LandlockedDevelopingCountriesLLDC,1636,Kazakhstan,398,126917,102312,81552,70432,61003,58046,57533,55088,45180,35067,30567,26773,25933,25952,71829,57132,46485,39865,34230,32113,31581
1345,LandlockedDevelopingCountriesLLDC,1636,Kyrgyzstan,417,34616,28867,25084,25271,25595,25491,25735,15878,13885,11868,12039,12417,12456,12574,18738,14982,13216,13232,13178,13035,13161
1346,LandlockedDevelopingCountriesLLDC,1636,Tajikistan,762,58430,88419,102266,98616,56972,46277,36322,31282,44480,50106,47759,30656,23012,18769,27148,43939,52160,50857,26316,23265,17553
1347,LandlockedDevelopingCountriesLLDC,1636,Turkmenistan,795,7865,7214,6921,6254,5702,5800,5734,3292,3200,3128,2886,2737,2800,2789,4573,4014,3793,3368,2965,3000,2945
1348,LandlockedDevelopingCountriesLLDC,1636,Uzbekistan,860,309873,293786,287730,330283,371571,385420,398169,145492,143455,139935,164719,187700,197541,204993,164381,150331,147795,165564,183871,187879,193176
1349,LandlockedDevelopingCountriesLLDC,1636,China,156,33973,36870,33984,36428,51044,58918,61429,16534,19458,20266,22249,27875,33963,36008,17439,17412,13718,14179,23169,24955,25421
1350,LandlockedDevelopingCountriesLLDC,1636,China,156,344,0,8,15,9,2,3,2,0,5,10,6,1,1,1,0,3,5,3,1,2
1351,LandlockedDevelopingCountriesLLDC,1636,China,156,446,0,0,0,0,0,0,0,0,0,0,0,0,0,0,0,0,0,0,0,0
1352,LandlockedDevelopingCountriesLLDC,1636,China,156,158,0,0,0,0,0,0,0,0,0,0,0,0,0,0,0,0,0,0,0,0
1353,LandlockedDevelopingCountriesLLDC,1636,DemPeoplesRepublicofKorea,408,21067,33943,46891,53801,62176,66071,69590,9909,16259,22637,26722,31479,33924,35733,11158,17684,24254,27079,30697,32147,33857
1354,LandlockedDevelopingCountriesLLDC,1636,Japan,392,4444,4307,4278,4217,4710,5088,5603,2415,2322,2291,2254,2486,2635,2906,2029,1985,1987,1963,2224,2453,2697
1355,LandlockedDevelopingCountriesLLDC,1636,Mongolia,496,348,236,160,111,84,71,68,148,96,62,41,32,27,27,200,140,98,70,52,44,41
1356,LandlockedDevelopingCountriesLLDC,1636,RepublicofKorea,410,48571,38278,28052,31473,34998,37242,39296,23352,18591,13828,15910,18084,19319,20399,25219,19687,14224,15563,16914,17923,18897
1357,LandlockedDevelopingCountriesLLDC,1636,BruneiDarussalam,96,38,31,27,25,24,23,21,18,16,14,12,12,12,12,20,15,13,13,12,11,9
1358,LandlockedDevelopingCountriesLLDC,1636,Cambodia,116,1398,1362,1197,1119,2273,3428,3667,697,675,597,573,1196,1820,1948,701,687,600,546,1077,1608,1719
1359,LandlockedDevelopingCountriesLLDC,1636,Indonesia,360,12,14,15,12,9,11,10,8,8,8,6,4,4,4,4,6,7,6,5,7,6
1360,LandlockedDevelopingCountriesLLDC,1636,LaoPeoplesDemocraticRepublic,418,4,12,20,10,1,1,0,3,8,12,6,1,1,0,1,4,8,4,0,0,0
1361,LandlockedDevelopingCountriesLLDC,1636,Malaysia,458,5,6,7,7,7,9,8,1,1,2,3,4,5,5,4,5,5,4,3,4,3
1362,LandlockedDevelopingCountriesLLDC,1636,Myanmar,104,421,380,304,272,1572,2869,3066,223,200,160,139,846,1551,1659,198,180,144,133,726,1318,1407
1363,LandlockedDevelopingCountriesLLDC,1636,Philippines,608,54,69,86,136,196,237,251,29,38,48,90,141,161,174,25,31,38,46,55,76,77
1364,LandlockedDevelopingCountriesLLDC,1636,Singapore,702,14,16,17,18,681,835,973,8,8,8,9,373,457,534,6,8,9,9,308,378,439
1365,LandlockedDevelopingCountriesLLDC,1636,Thailand,764,2307,2099,1696,1595,2845,3811,4116,1341,1222,1001,957,1956,2843,3060,966,877,695,638,889,968,1056
1366,LandlockedDevelopingCountriesLLDC,1636,TimorLeste,626,0,0,0,0,0,0,0,0,0,0,0,0,0,0,0,0,0,0,0,0,0
1367,LandlockedDevelopingCountriesLLDC,1636,VietNam,704,14236,13660,11806,10986,15184,19336,20682,7013,6739,5915,5637,8696,11703,12519,7223,6921,5891,5349,6488,7633,8163
1368,LandlockedDevelopingCountriesLLDC,1636,Afghanistan,4,9062,15682,19126,13658,13532,13285,13361,4060,7059,8771,6185,6297,6168,6224,5002,8623,10355,7473,7235,7117,7137
1369,LandlockedDevelopingCountriesLLDC,1636,Bangladesh,50,578,662,702,640,450,440,422,72,145,235,189,202,198,195,506,517,467,451,248,242,227
1370,LandlockedDevelopingCountriesLLDC,1636,Bhutan,64,16805,107664,111196,108387,75457,28740,27502,8065,54530,56629,55123,38594,14760,14018,8740,53134,54567,53264,36863,13980,13484
1371,LandlockedDevelopingCountriesLLDC,1636,India,356,400529,551394,585413,564798,521375,508376,493042,124588,158818,183321,189792,178403,176170,171095,275941,392576,402092,375006,342972,332206,321947
1372,LandlockedDevelopingCountriesLLDC,1636,IranIslamicRepublicof,364,16275,15780,16140,12202,10765,12829,12712,7313,7520,7764,6099,5506,6525,6513,8962,8260,8376,6103,5259,6304,6199
1373,LandlockedDevelopingCountriesLLDC,1636,Maldives,462,0,0,0,0,0,0,0,0,0,0,0,0,0,0,0,0,0,0,0,0,0
1374,LandlockedDevelopingCountriesLLDC,1636,Nepal,524,334,393,452,568,684,724,757,220,258,297,370,443,429,450,114,135,155,198,241,295,307
1375,LandlockedDevelopingCountriesLLDC,1636,Pakistan,586,11402,20815,30028,40649,50699,271567,105760,6031,11474,17031,22932,28832,139929,51993,5371,9341,12997,17717,21867,131638,53767
1376,LandlockedDevelopingCountriesLLDC,1636,SriLanka,144,491,599,726,1135,928,1008,1065,263,274,356,563,476,520,553,228,325,370,572,452,488,512
1377,LandlockedDevelopingCountriesLLDC,1636,Armenia,51,238287,236338,214723,195942,180649,173210,166773,112368,104957,95287,94780,90496,88615,85533,125919,131381,119436,101162,90153,84595,81240
1378,LandlockedDevelopingCountriesLLDC,1636,Azerbaijan,31,553762,643244,601794,455367,211593,160886,162719,240753,278500,261033,197314,97279,77166,78755,313009,364744,340761,258053,114314,83720,83964
1379,LandlockedDevelopingCountriesLLDC,1636,Bahrain,48,0,1,1,1,0,0,0,0,1,1,1,0,0,0,0,0,0,0,0,0,0
1380,LandlockedDevelopingCountriesLLDC,1636,Cyprus,196,14,14,13,11,11,10,8,7,6,5,3,3,3,3,7,8,8,8,8,7,5
1381,LandlockedDevelopingCountriesLLDC,1636,Georgia,268,89958,103523,119369,99020,87654,97054,94625,40708,46090,50671,42818,39736,43715,42821,49250,57433,68698,56202,47918,53339,51804
1382,LandlockedDevelopingCountriesLLDC,1636,Iraq,368,99,82,75,355,961,1106,1158,45,43,40,157,411,472,530,54,39,35,198,550,634,628
1383,LandlockedDevelopingCountriesLLDC,1636,Israel,376,387,338,321,266,1469,1913,2152,222,196,191,155,801,1045,1177,165,142,130,111,668,868,975
1384,LandlockedDevelopingCountriesLLDC,1636,Jordan,400,20,17,13,14,14,17,17,13,12,11,12,12,14,15,7,5,2,2,2,3,2
1385,LandlockedDevelopingCountriesLLDC,1636,Kuwait,414,2,4,5,5,4,6,5,1,2,3,3,3,4,4,1,2,2,2,1,2,1
1386,LandlockedDevelopingCountriesLLDC,1636,Lebanon,422,1193,1254,1358,908,754,891,888,488,536,593,416,361,426,431,705,718,765,492,393,465,457
1387,LandlockedDevelopingCountriesLLDC,1636,Oman,512,58,47,41,39,37,36,34,26,21,20,19,18,18,18,32,26,21,20,19,18,16
1388,LandlockedDevelopingCountriesLLDC,1636,Qatar,634,6,6,5,3,1,2,1,5,5,4,2,1,2,1,1,1,1,1,0,0,0
1389,LandlockedDevelopingCountriesLLDC,1636,SaudiArabia,682,12,9,6,9,1189,1462,1712,8,5,3,6,523,642,754,4,4,3,3,666,820,958
1390,LandlockedDevelopingCountriesLLDC,1636,StateofPalestine,275,0,0,0,6,11,14,14,0,0,0,4,8,10,11,0,0,0,2,3,4,3
1391,LandlockedDevelopingCountriesLLDC,1636,SyrianArabRepublic,760,3248,3434,3743,2478,2064,17541,17418,1311,1464,1645,1134,983,8354,8355,1937,1970,2098,1344,1081,9187,9063
1392,LandlockedDevelopingCountriesLLDC,1636,Turkey,792,38786,47423,60281,64739,69918,72169,74591,18343,22760,28848,31675,35829,36867,38141,20443,24663,31433,33064,34089,35302,36450
1393,LandlockedDevelopingCountriesLLDC,1636,UnitedArabEmirates,784,0,1,2,1,2463,3030,3555,0,1,2,1,1285,1580,1857,0,0,0,0,1178,1450,1698
1394,LandlockedDevelopingCountriesLLDC,1636,Yemen,887,69,90,127,94,117,1324,2053,37,54,80,54,61,676,1035,32,36,47,40,56,648,1018
1395,LandlockedDevelopingCountriesLLDC,1636,Belarus,112,158511,133237,107958,109517,110476,111240,114319,72076,60312,48147,50438,52415,53856,55507,86435,72925,59811,59079,58061,57384,58812
1396,LandlockedDevelopingCountriesLLDC,1636,Bulgaria,100,1555,1335,1167,1136,1146,1229,1229,720,601,514,496,501,534,536,835,734,653,640,645,695,693
1397,LandlockedDevelopingCountriesLLDC,1636,Czechia,203,710,483,313,256,272,309,308,360,240,152,121,129,145,147,350,243,161,135,143,164,161
1398,LandlockedDevelopingCountriesLLDC,1636,Hungary,348,832,596,433,333,268,240,235,407,283,199,151,122,108,108,425,313,234,182,146,132,127
1399,LandlockedDevelopingCountriesLLDC,1636,Poland,616,8781,7947,7020,6043,5048,4586,4588,3457,3209,2929,2522,2108,1918,1939,5324,4738,4091,3521,2940,2668,2649
1400,LandlockedDevelopingCountriesLLDC,1636,RepublicofMoldova,498,23672,19381,15084,15290,15452,15787,16330,11016,9017,7045,7290,7550,7843,8141,12656,10364,8039,8000,7902,7944,8189
1401,LandlockedDevelopingCountriesLLDC,1636,Romania,642,5936,4239,3063,2297,2279,2493,2449,2942,2052,1454,1069,1069,1175,1159,2994,2187,1609,1228,1210,1318,1290
1402,LandlockedDevelopingCountriesLLDC,1636,RussianFederation,643,4903318,4320033,3805777,3711965,3663178,3744383,3856720,2150325,1895271,1663164,1666069,1689020,1756984,1814540,2752993,2424762,2142613,2045896,1974158,1987399,2042180
1403,LandlockedDevelopingCountriesLLDC,1636,Slovakia,703,42,45,49,50,54,60,58,17,21,23,26,30,33,33,25,24,26,24,24,27,25
1404,LandlockedDevelopingCountriesLLDC,1636,Ukraine,804,895747,711439,558356,549009,547813,547299,562403,397873,314090,244284,247439,254568,259544,267519,497874,397349,314072,301570,293245,287755,294884
1405,LandlockedDevelopingCountriesLLDC,1636,ChannelIslands,830,0,0,0,0,0,0,0,0,0,0,0,0,0,0,0,0,0,0,0,0,0
1406,LandlockedDevelopingCountriesLLDC,1636,Denmark,208,511,498,518,611,716,756,773,261,274,280,323,374,392,404,250,224,238,288,342,364,369
1407,LandlockedDevelopingCountriesLLDC,1636,Estonia,233,2564,2478,2440,2341,2211,2179,2195,1095,1082,1066,1027,994,995,1006,1469,1396,1374,1314,1217,1184,1189
1408,LandlockedDevelopingCountriesLLDC,1636,FaroeIslands,234,0,0,0,0,0,0,0,0,0,0,0,0,0,0,0,0,0,0,0,0,0
1409,LandlockedDevelopingCountriesLLDC,1636,Finland,246,456,383,304,236,169,160,156,266,221,171,132,94,88,88,190,162,133,104,75,72,68
1410,LandlockedDevelopingCountriesLLDC,1636,Iceland,352,2,3,3,3,2,3,2,0,2,3,2,1,1,1,2,1,0,1,1,2,1
1411,LandlockedDevelopingCountriesLLDC,1636,Ireland,372,210,229,268,444,627,683,728,115,127,149,242,339,369,397,95,102,119,202,288,314,331
1412,LandlockedDevelopingCountriesLLDC,1636,IsleofMan,833,0,0,0,1,2,3,2,0,0,0,1,2,3,2,0,0,0,0,0,0,0
1413,LandlockedDevelopingCountriesLLDC,1636,Latvia,428,2884,2711,2476,2284,2070,2015,2047,1243,1193,1114,1049,973,963,985,1641,1518,1362,1235,1097,1052,1062
1414,LandlockedDevelopingCountriesLLDC,1636,Lithuania,440,10969,9524,7914,7555,7140,7045,7202,5255,4494,3657,3581,3475,3490,3588,5714,5030,4257,3974,3665,3555,3614
1415,LandlockedDevelopingCountriesLLDC,1636,Norway,578,217,165,126,276,428,472,504,120,93,75,155,235,259,277,97,72,51,121,193,213,227
1416,LandlockedDevelopingCountriesLLDC,1636,Sweden,752,379,356,343,514,691,764,819,210,202,200,298,401,443,475,169,154,143,216,290,321,344
1417,LandlockedDevelopingCountriesLLDC,1636,UnitedKingdom,826,27494,25483,29733,25499,18527,18477,19328,15428,14118,16362,14264,10499,10384,10941,12066,11365,13371,11235,8028,8093,8387
1418,LandlockedDevelopingCountriesLLDC,1636,Albania,8,45007,58012,69367,69783,71259,69065,69596,18759,24182,28917,29077,28711,28481,28706,26248,33830,40450,40706,42548,40584,40890
1419,LandlockedDevelopingCountriesLLDC,1636,Andorra,20,2,1,0,0,835,1027,1204,1,0,0,0,439,540,635,1,1,0,0,396,487,569
1420,LandlockedDevelopingCountriesLLDC,1636,BosniaandHerzegovina,70,4365,5989,7614,7833,8052,8724,8760,1820,2497,3175,3270,3364,3631,3647,2545,3492,4439,4563,4688,5093,5113
1421,LandlockedDevelopingCountriesLLDC,1636,Croatia,191,1437,1363,1308,1332,2148,2447,2621,599,569,557,564,1075,1239,1351,838,794,751,768,1073,1208,1270
1422,LandlockedDevelopingCountriesLLDC,1636,Gibraltar,292,0,1,2,1,0,0,0,0,0,1,0,0,0,0,0,1,1,1,0,0,0
1423,LandlockedDevelopingCountriesLLDC,1636,Greece,300,6208,3863,2463,1730,1673,1768,1750,2557,1603,1031,754,783,853,851,3651,2260,1432,976,890,915,899
1424,LandlockedDevelopingCountriesLLDC,1636,HolySee,336,0,0,0,0,0,0,0,0,0,0,0,0,0,0,0,0,0,0,0,0,0
1425,LandlockedDevelopingCountriesLLDC,1636,Italy,380,3118,2993,2992,3105,4766,6599,6781,1877,1840,1882,1950,2818,3763,3879,1241,1153,1110,1155,1948,2836,2902
1426,LandlockedDevelopingCountriesLLDC,1636,Malta,470,6,4,2,3,4,6,5,6,3,1,2,4,6,5,0,1,1,1,0,0,0
1427,LandlockedDevelopingCountriesLLDC,1636,Montenegro,499,9247,8606,8065,8293,8521,9232,9271,3855,3559,3362,3460,3557,3840,3856,5392,5047,4703,4833,4964,5392,5415
1428,LandlockedDevelopingCountriesLLDC,1636,NorthMacedonia,807,12,13,15,13,13,16,15,10,12,13,12,11,13,13,2,1,2,1,2,3,2
1429,LandlockedDevelopingCountriesLLDC,1636,Portugal,620,575,441,363,492,929,1295,1329,350,265,215,295,555,768,792,225,176,148,197,374,527,537
1430,LandlockedDevelopingCountriesLLDC,1636,SanMarino,674,0,0,0,0,0,0,0,0,0,0,0,0,0,0,0,0,0,0,0,0,0
1431,LandlockedDevelopingCountriesLLDC,1636,Serbia,688,17950,16803,15656,16106,16556,17952,18031,7482,7004,6526,6721,6916,7468,7503,10468,9799,9130,9385,9640,10484,10528
1432,LandlockedDevelopingCountriesLLDC,1636,Slovenia,705,273,287,299,291,295,309,308,116,126,136,131,131,137,137,157,161,163,160,164,172,171
1433,LandlockedDevelopingCountriesLLDC,1636,Spain,724,2817,2763,2694,7062,11421,13119,14572,1484,1453,1410,3757,6099,6999,7766,1333,1310,1284,3305,5322,6120,6806
1434,LandlockedDevelopingCountriesLLDC,1636,Austria,40,291,278,271,251,240,260,274,144,135,127,119,117,125,136,147,143,144,132,123,135,138
1435,LandlockedDevelopingCountriesLLDC,1636,Belgium,56,954,982,883,850,859,1021,1172,503,509,452,431,430,511,589,451,473,431,419,429,510,583
1436,LandlockedDevelopingCountriesLLDC,1636,France,250,15746,18549,19836,23774,18657,18538,20447,8262,9723,10405,12262,9793,9716,10662,7484,8826,9431,11512,8864,8822,9785
1437,LandlockedDevelopingCountriesLLDC,1636,Germany,276,45289,34435,23173,21024,18180,17939,18259,20495,15678,10660,9836,8621,8607,8827,24794,18757,12513,11188,9559,9332,9432
1438,LandlockedDevelopingCountriesLLDC,1636,Liechtenstein,438,2,2,1,1,0,0,0,1,1,1,1,0,0,0,1,1,0,0,0,0,0
1439,LandlockedDevelopingCountriesLLDC,1636,Luxembourg,442,2,5,8,7,5,7,6,2,2,3,4,4,5,5,0,3,5,3,1,2,1
1440,LandlockedDevelopingCountriesLLDC,1636,Monaco,492,2,1,0,0,0,0,0,0,0,0,0,0,0,0,2,1,0,0,0,0,0
1441,LandlockedDevelopingCountriesLLDC,1636,Netherlands,528,504,502,533,843,1177,1274,1341,278,268,280,454,644,699,742,226,234,253,389,533,575,599
1442,LandlockedDevelopingCountriesLLDC,1636,Switzerland,756,571,718,852,816,828,902,981,301,374,436,422,431,469,514,270,344,416,394,397,433,467
1443,LandlockedDevelopingCountriesLLDC,1636,Anguilla,660,0,0,0,0,0,0,0,0,0,0,0,0,0,0,0,0,0,0,0,0,0
1444,LandlockedDevelopingCountriesLLDC,1636,AntiguaandBarbuda,28,10,5,0,0,0,0,0,8,4,0,0,0,0,0,2,1,0,0,0,0,0
1445,LandlockedDevelopingCountriesLLDC,1636,Aruba,533,0,2,4,3,2,3,2,0,0,0,0,1,1,1,0,2,4,3,1,2,1
1446,LandlockedDevelopingCountriesLLDC,1636,Bahamas,44,9,5,0,0,0,0,0,7,4,0,0,0,0,0,2,1,0,0,0,0,0
1447,LandlockedDevelopingCountriesLLDC,1636,Barbados,52,7,4,0,0,0,0,0,5,3,0,0,0,0,0,2,1,0,0,0,0,0
1448,LandlockedDevelopingCountriesLLDC,1636,Bonaire,16,535,13,17,33,17,18,21,21,6,9,17,9,9,10,11,7,8,16,8,9,11
1449,LandlockedDevelopingCountriesLLDC,1636,BritishVirginIslands,92,0,0,0,0,407,500,585,0,0,0,0,172,211,247,0,0,0,0,235,289,338
1450,LandlockedDevelopingCountriesLLDC,1636,CaymanIslands,136,0,0,0,0,0,0,0,0,0,0,0,0,0,0,0,0,0,0,0,0,0
1451,LandlockedDevelopingCountriesLLDC,1636,Cuba,192,249,447,530,1034,1536,1787,1986,170,274,290,540,788,915,1017,79,173,240,494,748,872,969
1452,LandlockedDevelopingCountriesLLDC,1636,CuraÃao,531,110,138,275,138,152,168,185,56,71,140,70,78,85,95,54,67,135,68,74,83,90
1453,LandlockedDevelopingCountriesLLDC,1636,Dominica,212,6,3,0,2,3,4,3,5,2,0,1,2,2,2,1,1,0,1,1,2,1
1454,LandlockedDevelopingCountriesLLDC,1636,DominicanRepublic,214,44,22,0,50,100,117,128,17,8,0,27,54,62,69,27,14,0,23,46,55,59
1455,LandlockedDevelopingCountriesLLDC,1636,Grenada,308,1,2,2,1,300,369,431,1,2,2,1,129,159,187,0,0,0,0,171,210,244
1456,LandlockedDevelopingCountriesLLDC,1636,Guadeloupe,312,0,0,0,0,760,935,1096,0,0,0,0,342,421,495,0,0,0,0,418,514,601
1457,LandlockedDevelopingCountriesLLDC,1636,Haiti,332,6,7,7,10,13,16,16,5,4,2,5,9,10,11,1,3,5,5,4,6,5
1458,LandlockedDevelopingCountriesLLDC,1636,Jamaica,388,5,4,2,4,6,8,7,3,2,1,2,4,5,5,2,2,1,2,2,3,2
1459,LandlockedDevelopingCountriesLLDC,1636,Martinique,474,0,0,0,0,0,0,0,0,0,0,0,0,0,0,0,0,0,0,0,0,0
1460,LandlockedDevelopingCountriesLLDC,1636,Montserrat,500,0,0,0,0,0,0,0,0,0,0,0,0,0,0,0,0,0,0,0,0,0
1461,LandlockedDevelopingCountriesLLDC,1636,PuertoRico,630,33,37,41,37,33,39,41,20,22,24,20,17,19,21,13,15,17,17,16,20,20
1462,LandlockedDevelopingCountriesLLDC,1636,SaintBarthelemy,652,0,0,0,0,0,0,0,0,0,0,0,0,0,0,0,0,0,0,0,0,0
1463,LandlockedDevelopingCountriesLLDC,1636,SaintKittsandNevis,659,1,1,0,0,0,0,0,1,1,0,0,0,0,0,0,0,0,0,0,0,0
1464,LandlockedDevelopingCountriesLLDC,1636,SaintLucia,662,0,0,0,0,0,0,0,0,0,0,0,0,0,0,0,0,0,0,0,0,0
1465,LandlockedDevelopingCountriesLLDC,1636,SaintMartinFrenchpart,663,0,0,0,0,0,0,0,0,0,0,0,0,0,0,0,0,0,0,0,0,0
1466,LandlockedDevelopingCountriesLLDC,1636,SaintVincentandtheGrenadines,670,0,0,0,0,0,0,0,0,0,0,0,0,0,0,0,0,0,0,0,0,0
1467,LandlockedDevelopingCountriesLLDC,1636,SintMaartenDutchpart,534,32,39,79,39,43,49,53,17,19,40,20,21,25,28,15,20,39,19,22,24,25
1468,LandlockedDevelopingCountriesLLDC,1636,TrinidadandTobago,780,4,9,14,9,4,6,5,2,3,4,3,2,3,3,2,6,10,6,2,3,2
1469,LandlockedDevelopingCountriesLLDC,1636,TurksandCaicosIslands,796,0,0,0,0,536,659,771,0,0,0,0,236,290,340,0,0,0,0,300,369,431
1470,LandlockedDevelopingCountriesLLDC,1636,UnitedStatesVirginIslands,850,37,30,26,24,398,483,560,17,14,13,11,193,235,275,20,16,13,13,205,248,285
1471,LandlockedDevelopingCountriesLLDC,1636,Belize,84,991,962,922,850,777,906,1007,536,506,469,430,391,456,506,455,456,453,420,386,450,501
1472,LandlockedDevelopingCountriesLLDC,1636,CostaRica,188,102,122,141,133,125,147,162,53,61,68,66,64,75,84,49,61,73,67,61,72,78
1473,LandlockedDevelopingCountriesLLDC,1636,ElSalvador,222,57,82,107,108,109,128,140,23,38,53,50,48,56,62,34,44,54,58,61,72,78
1474,LandlockedDevelopingCountriesLLDC,1636,Guatemala,320,146,144,141,132,122,143,158,69,68,67,68,68,79,89,77,76,74,64,54,64,69
1475,LandlockedDevelopingCountriesLLDC,1636,Honduras,340,232,216,197,198,198,232,257,110,102,92,96,99,116,130,122,114,105,102,99,116,127
1476,LandlockedDevelopingCountriesLLDC,1636,Mexico,484,11184,11210,11136,10487,9824,11129,12344,5537,5560,5522,5177,4825,5461,6052,5647,5650,5614,5310,4999,5668,6292
1477,LandlockedDevelopingCountriesLLDC,1636,Nicaragua,558,66,76,85,90,95,112,123,29,34,39,40,42,49,55,37,42,46,50,53,63,68
1478,LandlockedDevelopingCountriesLLDC,1636,Panama,591,92,95,97,96,94,110,121,52,49,46,48,50,58,65,40,46,51,48,44,52,56
1479,LandlockedDevelopingCountriesLLDC,1636,Argentina,32,72370,82666,92499,93771,95127,99753,109434,35750,41344,46526,47349,48154,50489,55422,36620,41322,45973,46422,46973,49264,54012
1480,LandlockedDevelopingCountriesLLDC,1636,BoliviaPlurinationalStateof,68,809,976,1140,1086,1034,1009,1092,420,508,590,563,535,522,567,389,468,550,523,499,487,525
1481,LandlockedDevelopingCountriesLLDC,1636,Brazil,76,121913,110196,98009,97719,97589,99407,108509,64930,58384,51313,51184,51064,51962,56786,56983,51812,46696,46535,46525,47445,51723
1482,LandlockedDevelopingCountriesLLDC,1636,Chile,152,7267,7047,6770,6499,7466,8368,9343,3764,3737,3672,3535,4070,4543,5072,3503,3310,3098,2964,3396,3825,4271
1483,LandlockedDevelopingCountriesLLDC,1636,Colombia,170,651,1002,1342,1946,2546,2965,3301,272,480,682,1082,1480,1723,1918,379,522,660,864,1066,1242,1383
1484,LandlockedDevelopingCountriesLLDC,1636,Ecuador,218,299,521,738,800,861,1003,1115,138,251,362,419,476,554,615,161,270,376,381,385,449,500
1485,LandlockedDevelopingCountriesLLDC,1636,FalklandIslandsMalvinas,238,0,0,0,0,0,0,0,0,0,0,0,0,0,0,0,0,0,0,0,0,0
1486,LandlockedDevelopingCountriesLLDC,1636,FrenchGuiana,254,0,1,2,2,1,2,1,0,0,1,1,1,2,1,0,1,1,1,0,0,0
1487,LandlockedDevelopingCountriesLLDC,1636,Guyana,328,1,4,7,6,4,6,5,0,2,4,4,3,4,4,1,2,3,2,1,2,1
1488,LandlockedDevelopingCountriesLLDC,1636,Paraguay,600,1173,2216,3236,3462,3681,4286,4772,593,1142,1678,1788,1895,2206,2454,580,1074,1558,1674,1786,2080,2318
1489,LandlockedDevelopingCountriesLLDC,1636,Peru,604,7138,8306,9386,9549,9691,11284,12565,3932,4590,5197,5404,5600,6520,7251,3206,3716,4189,4145,4091,4764,5314
1490,LandlockedDevelopingCountriesLLDC,1636,Suriname,740,1,1,1,1,0,0,0,1,1,1,1,0,0,0,0,0,0,0,0,0,0
1491,LandlockedDevelopingCountriesLLDC,1636,Uruguay,858,3702,3739,3763,3594,3842,3936,4318,2055,2104,2135,2049,2158,2203,2418,1647,1635,1628,1545,1684,1733,1900
1492,LandlockedDevelopingCountriesLLDC,1636,VenezuelaBolivarianRepublicof,862,369,458,543,604,664,774,5707,174,217,259,309,358,417,3076,195,241,284,295,306,357,2631
1493,LandlockedDevelopingCountriesLLDC,1636,Bermuda,60,0,1,1,1,0,0,0,0,0,0,0,0,0,0,0,1,1,1,0,0,0
1494,LandlockedDevelopingCountriesLLDC,1636,Canada,124,3763,4382,5155,4894,4565,4696,5119,1863,2385,2973,2817,2605,2651,2893,1900,1997,2182,2077,1960,2045,2226
1495,LandlockedDevelopingCountriesLLDC,1636,Greenland,304,0,0,0,0,0,0,0,0,0,0,0,0,0,0,0,0,0,0,0,0,0
1496,LandlockedDevelopingCountriesLLDC,1636,SaintPierreandMiquelon,666,0,0,0,0,0,0,0,0,0,0,0,0,0,0,0,0,0,0,0,0,0
1497,LandlockedDevelopingCountriesLLDC,1636,UnitedStatesofAmerica,840,8019,8113,8794,10320,11583,12587,13991,4262,4463,4918,5575,6365,6786,7572,3757,3650,3876,4745,5218,5801,6419
1498,LandlockedDevelopingCountriesLLDC,1636,Australia,36,325,362,421,719,1179,1358,1524,172,186,210,378,657,756,856,153,176,211,341,522,602,668
1499,LandlockedDevelopingCountriesLLDC,1636,NewZealand,554,215,185,172,189,210,223,224,96,91,94,102,113,120,124,119,94,78,87,97,103,100
1500,LandlockedDevelopingCountriesLLDC,1636,Fiji,242,0,1,2,1,0,0,0,0,0,0,0,0,0,0,0,1,2,1,0,0,0
1501,LandlockedDevelopingCountriesLLDC,1636,NewCaledonia,540,0,1,1,1,0,0,0,0,1,1,1,0,0,0,0,0,0,0,0,0,0
1502,LandlockedDevelopingCountriesLLDC,1636,PapuaNewGuinea,598,0,1,1,1,1,2,1,0,0,0,0,1,2,1,0,1,1,1,0,0,0
1503,LandlockedDevelopingCountriesLLDC,1636,SolomonIslands,90,0,0,0,1,1,2,1,0,0,0,0,0,0,0,0,0,0,1,1,2,1
1504,LandlockedDevelopingCountriesLLDC,1636,Vanuatu,548,2,1,0,0,0,0,0,2,1,0,0,0,0,0,0,0,0,0,0,0,0
1505,LandlockedDevelopingCountriesLLDC,1636,Guam,316,0,0,0,0,0,0,0,0,0,0,0,0,0,0,0,0,0,0,0,0,0
1506,LandlockedDevelopingCountriesLLDC,1636,Kiribati,296,0,0,0,0,0,0,0,0,0,0,0,0,0,0,0,0,0,0,0,0,0
1507,LandlockedDevelopingCountriesLLDC,1636,MarshallIslands,584,0,0,0,0,0,0,0,0,0,0,0,0,0,0,0,0,0,0,0,0,0
1508,LandlockedDevelopingCountriesLLDC,1636,MicronesiaFedStatesof,583,0,0,0,0,0,0,0,0,0,0,0,0,0,0,0,0,0,0,0,0,0
1509,LandlockedDevelopingCountriesLLDC,1636,Nauru,520,0,0,0,0,0,0,0,0,0,0,0,0,0,0,0,0,0,0,0,0,0
1510,LandlockedDevelopingCountriesLLDC,1636,NorthernMarianaIslands,580,0,0,0,0,0,0,0,0,0,0,0,0,0,0,0,0,0,0,0,0,0
1511,LandlockedDevelopingCountriesLLDC,1636,Palau,585,0,0,0,0,0,0,0,0,0,0,0,0,0,0,0,0,0,0,0,0,0
1512,LandlockedDevelopingCountriesLLDC,1636,AmericanSamoa,16,0,0,0,0,322,395,462,0,0,0,0,151,185,218,0,0,0,0,171,210,244
1513,LandlockedDevelopingCountriesLLDC,1636,CookIslands,184,0,0,0,0,0,0,0,0,0,0,0,0,0,0,0,0,0,0,0,0,0
1514,LandlockedDevelopingCountriesLLDC,1636,FrenchPolynesia,258,0,0,0,0,278,341,398,0,0,0,0,139,170,200,0,0,0,0,139,171,198
1515,LandlockedDevelopingCountriesLLDC,1636,Niue,570,0,41,81,41,1,2,1,0,21,41,20,0,0,0,0,20,40,21,1,2,1
1516,LandlockedDevelopingCountriesLLDC,1636,Samoa,882,0,0,0,0,0,0,0,0,0,0,0,0,0,0,0,0,0,0,0,0,0
1517,LandlockedDevelopingCountriesLLDC,1636,Tokelau,772,0,0,0,0,0,0,0,0,0,0,0,0,0,0,0,0,0,0,0,0,0
1518,LandlockedDevelopingCountriesLLDC,1636,Tonga,776,0,1,1,1,0,0,0,0,0,0,0,0,0,0,0,1,1,1,0,0,0
1519,LandlockedDevelopingCountriesLLDC,1636,Tuvalu,798,0,0,0,0,0,0,0,0,0,0,0,0,0,0,0,0,0,0,0,0,0
1520,LandlockedDevelopingCountriesLLDC,1636,WallisandFutunaIslands,876,0,0,0,0,0,0,0,0,0,0,0,0,0,0,0,0,0,0,0,0,0
1521,SmallislanddevelopingStatesSIDS,1637,Developedregions,901,571072,598126,623030,630853,621650,615548,623316,295699,307700,318019,319411,312137,309030,314449,275373,290426,305011,311442,309513,306518,308867
1522,SmallislanddevelopingStatesSIDS,1637,Lessdevelopedregions,902,1365300,1862593,2420817,2968147,3677756,4202764,4590872,736510,961151,1203471,1503058,1903476,2211518,2458787,628790,901442,1217346,1465089,1774280,1991246,2132085
1523,SmallislanddevelopingStatesSIDS,1637,Lessdevelopedregions,902,934,1061009,1500946,2019730,2453164,3029889,3358052,3682792,540422,733199,952038,1181697,1491940,1654337,1852710,520587,767747,1067692,1271467,1537949,1703715
1524,SmallislanddevelopingStatesSIDS,1637,Lessdevelopedregions,902,948,1170334,1600763,2066763,2566660,3210333,3667538,4045782,644143,842427,1050533,1332786,1707356,1986645,2229868,526191,758336,1016230,1233874,1502977,1680893
1525,SmallislanddevelopingStatesSIDS,1637,Leastdevelopedcountries,941,304291,361647,401087,514983,647867,844712,908080,196088,227952,251433,321361,411536,557181,606077,108203,133695,149654,193622,236331,287531,302003
1526,SmallislanddevelopingStatesSIDS,1637,LandlockedDevelopingCountriesLLDC,1636,2890,3255,3637,4965,6912,7179,8827,1796,1998,2202,3121,4434,4692,5897,1094,1257,1435,1844,2478,2487,2930
1527,SmallislanddevelopingStatesSIDS,1637,SmallislanddevelopingStatesSIDS,1637,518175,581657,646102,715729,785794,956760,989110,282297,314272,346343,382794,418247,537878,559138,235878,267385,299759,332935,367547,418882,429972
1528,SmallislanddevelopingStatesSIDS,1637,Highincomecountries,1503,678267,728190,780420,796269,798366,805456,821029,347770,370656,393239,398066,395483,398470,408205,330497,357534,387181,398203,402883,406986,412824
1529,SmallislanddevelopingStatesSIDS,1637,Middleincomecountries,1517,982999,1425553,1923932,2403783,3027560,3363293,3707850,512822,709887,922987,1186270,1540609,1719076,1938856,470177,715666,1000945,1217513,1486951,1644217,1768994
1530,SmallislanddevelopingStatesSIDS,1637,Uppermiddleincomecountries,1502,687774,1029902,1440040,1660179,1951311,2181840,2336183,323992,460265,616863,712288,836515,933923,1004048,363782,569637,823177,947891,1114796,1247917,1332135
1531,SmallislanddevelopingStatesSIDS,1637,Lowermiddleincomecountries,1501,295225,395651,483892,743604,1076249,1181453,1371667,188830,249622,306124,473982,704094,785153,934808,106395,146029,177768,269622,372155,396300,436859
1532,SmallislanddevelopingStatesSIDS,1637,Lowincomecountries,1500,252573,280553,309108,366420,436581,607696,642263,160997,176172,191589,223704,263455,385204,407831,91576,104381,117519,142716,173126,222492,234432
1533,SmallislanddevelopingStatesSIDS,1637,MiddleAfrica,911,5228,6421,7621,5485,3470,3470,3622,2519,3235,3851,2743,1707,1712,1820,2709,3186,3770,2742,1763,1758,1802
1534,SmallislanddevelopingStatesSIDS,1637,WesternAsia,922,19706,22499,25347,36847,56112,60682,77862,13150,14745,16286,23702,36187,39938,52169,6556,7754,9061,13145,19925,20744,25693
1535,SmallislanddevelopingStatesSIDS,1637,EasternEurope,923,8746,7201,5676,4428,3500,3008,2734,3326,2595,1876,1569,1346,1236,1208,5420,4606,3800,2859,2154,1772,1526
1536,SmallislanddevelopingStatesSIDS,1637,CentralAmerica,916,41653,45355,49456,51669,53301,59937,64703,21204,22580,24163,25261,26128,29312,31726,20449,22775,25293,26408,27173,30625,32977
1537,SmallislanddevelopingStatesSIDS,1637,Melanesia,928,9737,10552,11127,11702,11980,11188,11479,5089,5512,5774,6147,6391,5806,5967,4648,5040,5353,5555,5589,5382,5512
1538,SmallislanddevelopingStatesSIDS,1637,Micronesia,954,15672,18146,20691,22304,21808,21672,22707,7670,9065,10288,11108,10958,10947,11445,8002,9081,10403,11196,10850,10725,11262
1539,SmallislanddevelopingStatesSIDS,1637,Polynesia,957,28655,31919,35178,32701,29890,33519,34276,14970,16501,18015,16674,15154,16823,17193,13685,15418,17163,16027,14736,16696,17083
1540,SmallislanddevelopingStatesSIDS,1637,Burundi,108,3,4,4,4,4,3,3,0,0,0,0,0,0,0,3,4,4,4,4,3,3
1541,SmallislanddevelopingStatesSIDS,1637,Comoros,174,0,0,0,0,0,0,0,0,0,0,0,0,0,0,0,0,0,0,0,0,0
1542,SmallislanddevelopingStatesSIDS,1637,Djibouti,262,0,0,0,0,0,0,0,0,0,0,0,0,0,0,0,0,0,0,0,0,0
1543,SmallislanddevelopingStatesSIDS,1637,Eritrea,232,508,558,610,926,1448,1569,2032,363,393,421,629,978,1079,1418,145,165,189,297,470,490,614
1544,SmallislanddevelopingStatesSIDS,1637,Ethiopia,231,360,432,508,648,914,987,1251,255,293,332,422,597,657,852,105,139,176,226,317,330,399
1545,SmallislanddevelopingStatesSIDS,1637,Kenya,404,128,290,458,475,496,542,549,54,102,153,164,175,206,212,74,188,305,311,321,336,337
1546,SmallislanddevelopingStatesSIDS,1637,Madagascar,450,10900,11222,11683,11998,12384,12729,12722,5033,5125,5300,5684,6129,6433,6440,5867,6097,6383,6314,6255,6296,6282
1547,SmallislanddevelopingStatesSIDS,1637,Malawi,454,0,0,0,0,0,0,0,0,0,0,0,0,0,0,0,0,0,0,0,0,0
1548,SmallislanddevelopingStatesSIDS,1637,Mauritius,480,258,383,509,502,495,554,564,126,225,324,342,359,410,418,132,158,185,160,136,144,146
1549,SmallislanddevelopingStatesSIDS,1637,Mayotte,175,0,0,0,0,0,0,0,0,0,0,0,0,0,0,0,0,0,0,0,0,0
1550,SmallislanddevelopingStatesSIDS,1637,Mozambique,508,294,292,289,218,156,142,128,238,227,214,164,122,106,96,56,65,75,54,34,36,32
1551,SmallislanddevelopingStatesSIDS,1637,Reunion,638,1454,1551,1648,1645,1640,1681,1668,701,731,763,714,664,657,651,753,820,885,931,976,1024,1017
1552,SmallislanddevelopingStatesSIDS,1637,Rwanda,646,0,0,0,0,0,0,0,0,0,0,0,0,0,0,0,0,0,0,0,0,0
1553,SmallislanddevelopingStatesSIDS,1637,Seychelles,690,43,39,58,80,108,124,124,12,14,18,25,36,46,47,31,25,40,55,72,78,77
1554,SmallislanddevelopingStatesSIDS,1637,Somalia,706,351,387,425,548,785,852,1083,252,274,295,373,527,583,753,99,113,130,175,258,269,330
1555,SmallislanddevelopingStatesSIDS,1637,SouthSudan,728,522,586,652,829,1190,1290,1671,326,368,407,524,757,839,1106,196,218,245,305,433,451,565
1556,SmallislanddevelopingStatesSIDS,1637,Uganda,800,5,5,6,21,36,40,38,5,3,1,8,14,17,17,0,2,5,13,22,23,21
1557,SmallislanddevelopingStatesSIDS,1637,UnitedRepublicofTanzania,834,205,208,203,201,189,188,186,101,101,96,100,92,94,96,104,107,107,101,97,94,90
1558,SmallislanddevelopingStatesSIDS,1637,Zambia,894,2,6,11,10,10,9,10,2,5,8,7,6,6,7,0,1,3,3,4,3,3
1559,SmallislanddevelopingStatesSIDS,1637,Zimbabwe,716,6,11,20,25,32,33,33,5,8,14,16,19,20,21,1,3,6,9,13,13,12
1560,SmallislanddevelopingStatesSIDS,1637,Angola,24,2274,2620,2969,1881,823,772,739,1125,1351,1474,910,359,336,325,1149,1269,1495,971,464,436,414
1561,SmallislanddevelopingStatesSIDS,1637,Cameroon,120,3,4,4,13,23,23,23,3,4,4,7,11,12,12,0,0,0,6,12,11,11
1562,SmallislanddevelopingStatesSIDS,1637,CentralAfricanRepublic,140,6,7,7,68,129,135,140,0,0,0,41,81,86,90,6,7,7,27,48,49,50
1563,SmallislanddevelopingStatesSIDS,1637,Chad,148,143,158,173,260,405,437,565,103,113,122,179,276,303,398,40,45,51,81,129,134,167
1564,SmallislanddevelopingStatesSIDS,1637,Congo,178,0,0,0,0,0,0,0,0,0,0,0,0,0,0,0,0,0,0,0,0,0
1565,SmallislanddevelopingStatesSIDS,1637,DemocraticRepublicoftheCongo,180,0,0,0,0,0,0,0,0,0,0,0,0,0,0,0,0,0,0,0,0,0
1566,SmallislanddevelopingStatesSIDS,1637,EquatorialGuinea,226,305,286,268,210,165,146,129,122,111,100,77,60,53,47,183,175,168,133,105,93,82
1567,SmallislanddevelopingStatesSIDS,1637,Gabon,266,22,235,453,355,276,245,217,15,165,319,250,194,172,154,7,70,134,105,82,73,63
1568,SmallislanddevelopingStatesSIDS,1637,SaoTomeandPrincipe,678,2475,3111,3747,2698,1649,1712,1809,1151,1491,1832,1279,726,750,794,1324,1620,1915,1419,923,962,1015
1569,SmallislanddevelopingStatesSIDS,1637,Algeria,12,1340,1503,1655,1729,1751,1538,1565,790,870,942,985,1002,845,860,550,633,713,744,749,693,705
1570,SmallislanddevelopingStatesSIDS,1637,Egypt,818,22013,23742,25542,41898,67480,73156,94730,13600,15113,16563,27311,44124,48810,64238,8413,8629,8979,14587,23356,24346,30492
1571,SmallislanddevelopingStatesSIDS,1637,Libya,434,0,0,0,0,0,0,0,0,0,0,0,0,0,0,0,0,0,0,0,0,0
1572,SmallislanddevelopingStatesSIDS,1637,Morocco,504,757,861,965,1140,1416,1306,1554,470,527,582,695,878,805,980,287,334,383,445,538,501,574
1573,SmallislanddevelopingStatesSIDS,1637,Sudan,729,4235,4760,5299,6869,9955,10792,13982,2646,2984,3308,4337,6329,7012,9244,1589,1776,1991,2532,3626,3780,4738
1574,SmallislanddevelopingStatesSIDS,1637,Tunisia,788,701,803,906,1048,1254,1102,1281,419,473,527,616,749,644,767,282,330,379,432,505,458,514
1575,SmallislanddevelopingStatesSIDS,1637,WesternSahara,732,0,0,0,0,0,0,0,0,0,0,0,0,0,0,0,0,0,0,0,0,0
1576,SmallislanddevelopingStatesSIDS,1637,Botswana,72,0,0,0,7,13,14,13,0,0,0,4,8,9,9,0,0,0,3,5,5,4
1577,SmallislanddevelopingStatesSIDS,1637,Eswatini,748,0,0,0,6,11,12,11,0,0,0,3,5,5,5,0,0,0,3,6,7,6
1578,SmallislanddevelopingStatesSIDS,1637,Lesotho,426,0,0,0,0,0,0,0,0,0,0,0,0,0,0,0,0,0,0,0,0,0
1579,SmallislanddevelopingStatesSIDS,1637,Namibia,516,0,0,0,0,0,0,0,0,0,0,0,0,0,0,0,0,0,0,0,0,0
1580,SmallislanddevelopingStatesSIDS,1637,SouthAfrica,710,597,856,1218,1178,1172,1306,1381,300,506,738,649,577,662,721,297,350,480,529,595,644,660
1581,SmallislanddevelopingStatesSIDS,1637,Benin,204,0,0,0,0,0,0,0,0,0,0,0,0,0,0,0,0,0,0,0,0,0
1582,SmallislanddevelopingStatesSIDS,1637,BurkinaFaso,854,0,0,0,0,0,0,0,0,0,0,0,0,0,0,0,0,0,0,0,0,0
1583,SmallislanddevelopingStatesSIDS,1637,CaboVerde,132,4608,3813,3068,2509,2063,1918,1626,2385,1833,1447,1166,946,870,747,2223,1980,1621,1343,1117,1048,879
1584,SmallislanddevelopingStatesSIDS,1637,CotedIvoire,384,9,12,15,11,7,7,6,4,5,7,5,4,4,4,5,7,8,6,3,3,2
1585,SmallislanddevelopingStatesSIDS,1637,Gambia,270,967,1257,1546,1481,1415,1500,1096,464,623,783,748,712,748,560,503,634,763,733,703,752,536
1586,SmallislanddevelopingStatesSIDS,1637,Ghana,288,115,181,241,203,161,164,159,59,95,128,115,100,101,102,56,86,113,88,61,63,57
1587,SmallislanddevelopingStatesSIDS,1637,Guinea,324,3230,4149,5067,5062,5055,5351,4048,1722,2279,2836,2701,2565,2692,2075,1508,1870,2231,2361,2490,2659,1973
1588,SmallislanddevelopingStatesSIDS,1637,GuineaBissau,624,539,839,1138,2984,4829,5015,5330,310,493,676,1680,2684,2780,2944,229,346,462,1304,2145,2235,2386
1589,SmallislanddevelopingStatesSIDS,1637,Liberia,430,3906,2407,908,878,847,898,634,2367,1469,572,554,536,565,409,1539,938,336,324,311,333,225
1590,SmallislanddevelopingStatesSIDS,1637,Mali,466,9,12,14,11,7,7,6,4,6,7,6,4,4,4,5,6,7,5,3,3,2
1591,SmallislanddevelopingStatesSIDS,1637,Mauritania,478,359,461,563,545,527,559,408,173,227,281,274,267,281,210,186,234,282,271,260,278,198
1592,SmallislanddevelopingStatesSIDS,1637,Niger,562,8,16,29,27,28,29,32,8,16,29,27,28,29,32,0,0,0,0,0,0,0
1593,SmallislanddevelopingStatesSIDS,1637,Nigeria,566,755,854,992,1758,2839,3022,3500,480,544,632,1037,1652,1789,2162,275,310,360,721,1187,1233,1338
1594,SmallislanddevelopingStatesSIDS,1637,SaintHelena,654,94,105,115,104,93,97,100,48,52,56,51,45,48,50,46,53,59,53,48,49,50
1595,SmallislanddevelopingStatesSIDS,1637,Senegal,686,5194,17019,8746,10290,11878,12565,10655,2149,7959,3947,4872,5664,5935,5150,3045,9060,4799,5418,6214,6630,5505
1596,SmallislanddevelopingStatesSIDS,1637,SierraLeone,694,106,550,992,886,780,827,599,67,276,485,441,397,418,310,39,274,507,445,383,409,289
1597,SmallislanddevelopingStatesSIDS,1637,Togo,768,0,0,0,0,0,0,0,0,0,0,0,0,0,0,0,0,0,0,0,0,0
1598,SmallislanddevelopingStatesSIDS,1637,Kazakhstan,398,3,4,4,7,11,10,10,3,4,4,4,5,5,5,0,0,0,3,6,5,5
1599,SmallislanddevelopingStatesSIDS,1637,Kyrgyzstan,417,0,0,0,0,0,0,0,0,0,0,0,0,0,0,0,0,0,0,0,0,0
1600,SmallislanddevelopingStatesSIDS,1637,Tajikistan,762,0,0,0,0,0,0,0,0,0,0,0,0,0,0,0,0,0,0,0,0,0
1601,SmallislanddevelopingStatesSIDS,1637,Turkmenistan,795,0,0,0,0,0,0,0,0,0,0,0,0,0,0,0,0,0,0,0,0,0
1602,SmallislanddevelopingStatesSIDS,1637,Uzbekistan,860,0,0,0,0,0,0,0,0,0,0,0,0,0,0,0,0,0,0,0,0,0
1603,SmallislanddevelopingStatesSIDS,1637,China,156,167976,219677,292643,334964,391985,448695,457139,80103,99453,125196,141001,163675,187704,191191,87873,120224,167447,193963,228310,260991,265948
1604,SmallislanddevelopingStatesSIDS,1637,China,156,344,15235,31844,51550,52626,56729,65069,66142,7154,14766,23509,23456,24733,28334,28765,8081,17078,28041,29170,31996,36735
1605,SmallislanddevelopingStatesSIDS,1637,China,156,446,11755,10309,9861,13897,18709,21462,21809,5110,4505,4233,5815,7712,8835,8963,6645,5804,5628,8082,10997,12627
1606,SmallislanddevelopingStatesSIDS,1637,China,156,158,0,0,0,0,0,0,0,0,0,0,0,0,0,0,0,0,0,0,0,0
1607,SmallislanddevelopingStatesSIDS,1637,DemPeoplesRepublicofKorea,408,0,0,0,0,0,0,0,0,0,0,0,0,0,0,0,0,0,0,0,0,0
1608,SmallislanddevelopingStatesSIDS,1637,Japan,392,5629,5969,6376,5403,4283,4260,4361,3011,3127,3273,2828,2236,2216,2271,2618,2842,3103,2575,2047,2044,2090
1609,SmallislanddevelopingStatesSIDS,1637,Mongolia,496,0,0,0,0,0,0,0,0,0,0,0,0,0,0,0,0,0,0,0,0,0
1610,SmallislanddevelopingStatesSIDS,1637,RepublicofKorea,410,7026,6432,6047,6004,5454,5330,5406,3579,3356,3181,3061,2731,2679,2725,3447,3076,2866,2943,2723,2651,2681
1611,SmallislanddevelopingStatesSIDS,1637,BruneiDarussalam,96,0,0,0,0,0,0,0,0,0,0,0,0,0,0,0,0,0,0,0,0,0
1612,SmallislanddevelopingStatesSIDS,1637,Cambodia,116,600,689,779,806,834,672,710,294,331,369,383,397,288,304,306,358,410,423,437,384,406
1613,SmallislanddevelopingStatesSIDS,1637,Indonesia,360,41193,55238,72839,122886,181517,202134,212411,19918,23728,27949,44408,64719,72313,76528,21275,31510,44890,78478,116798,129821,135883
1614,SmallislanddevelopingStatesSIDS,1637,LaoPeoplesDemocraticRepublic,418,515,597,679,723,768,590,625,247,282,316,339,362,242,256,268,315,363,384,406,348,369
1615,SmallislanddevelopingStatesSIDS,1637,Malaysia,458,195596,432409,711006,818918,972423,1115359,1133430,88318,183026,290991,346835,421351,482692,489767,107278,249383,420015,472083,551072,632667,643663
1616,SmallislanddevelopingStatesSIDS,1637,Myanmar,104,0,0,0,0,0,0,0,0,0,0,0,0,0,0,0,0,0,0,0,0,0
1617,SmallislanddevelopingStatesSIDS,1637,Philippines,608,52913,62486,71923,90796,110566,115074,131727,29490,33929,37915,49345,62261,65161,77179,23423,28557,34008,41451,48305,49913,54548
1618,SmallislanddevelopingStatesSIDS,1637,Singapore,702,170,183,175,189,192,209,211,104,106,100,112,124,150,157,66,77,75,77,68,59,54
1619,SmallislanddevelopingStatesSIDS,1637,Thailand,764,1974,3868,6065,11262,17249,19675,20294,658,1083,1542,2389,3414,3842,4105,1316,2785,4523,8873,13835,15833,16189
1620,SmallislanddevelopingStatesSIDS,1637,TimorLeste,626,11,14,17,13,8,8,7,6,8,10,8,5,5,5,5,6,7,5,3,3,2
1621,SmallislanddevelopingStatesSIDS,1637,VietNam,704,1138,1338,1542,1577,1590,1420,1431,520,611,713,743,767,683,688,618,727,829,834,823,737,743
1622,SmallislanddevelopingStatesSIDS,1637,Afghanistan,4,215,236,258,392,613,664,860,154,167,178,267,414,457,601,61,69,80,125,199,207,259
1623,SmallislanddevelopingStatesSIDS,1637,Bangladesh,50,32870,48991,66852,123896,188324,214783,245792,26285,36377,47835,85638,136927,161568,188888,6585,12614,19017,38258,51397,53215,56904
1624,SmallislanddevelopingStatesSIDS,1637,Bhutan,64,9,10,11,10,9,8,8,9,10,11,10,9,8,8,0,0,0,0,0,0,0
1625,SmallislanddevelopingStatesSIDS,1637,India,356,82353,119374,159756,270648,419768,461924,549627,60050,83708,109958,185072,288842,320545,389884,22303,35666,49798,85576,130926,141379,159743
1626,SmallislanddevelopingStatesSIDS,1637,IranIslamicRepublicof,364,72,84,96,67,71,411,397,66,76,85,57,52,304,300,6,8,11,10,19,107,97
1627,SmallislanddevelopingStatesSIDS,1637,Maldives,462,2,1,1,17,34,38,37,0,0,0,10,21,25,25,2,1,1,7,13,13,12
1628,SmallislanddevelopingStatesSIDS,1637,Nepal,524,411,474,552,1385,2392,2571,3243,305,348,399,980,1667,1819,2314,106,126,153,405,725,752,929
1629,SmallislanddevelopingStatesSIDS,1637,Pakistan,586,35124,53298,74061,122765,185949,208494,234484,25120,37166,50689,78903,117350,131685,152081,10004,16132,23372,43862,68599,76809,82403
1630,SmallislanddevelopingStatesSIDS,1637,SriLanka,144,16407,16955,17578,20929,26934,29017,32815,6819,7569,8845,10626,14598,16692,19152,9588,9386,8733,10303,12336,12325,13663
1631,SmallislanddevelopingStatesSIDS,1637,Armenia,51,0,0,0,0,0,0,0,0,0,0,0,0,0,0,0,0,0,0,0,0,0
1632,SmallislanddevelopingStatesSIDS,1637,Azerbaijan,31,0,0,0,0,0,0,0,0,0,0,0,0,0,0,0,0,0,0,0,0,0
1633,SmallislanddevelopingStatesSIDS,1637,Bahrain,48,21,24,26,23,21,21,21,18,20,22,19,17,18,18,3,4,4,4,4,3,3
1634,SmallislanddevelopingStatesSIDS,1637,Cyprus,196,0,0,0,0,0,0,0,0,0,0,0,0,0,0,0,0,0,0,0,0,0
1635,SmallislanddevelopingStatesSIDS,1637,Georgia,268,0,0,0,0,0,0,0,0,0,0,0,0,0,0,0,0,0,0,0,0,0
1636,SmallislanddevelopingStatesSIDS,1637,Iraq,368,6,7,7,17,27,27,27,6,7,7,13,18,19,19,0,0,0,4,9,8,8
1637,SmallislanddevelopingStatesSIDS,1637,Israel,376,290,328,364,254,133,131,103,200,216,232,156,70,73,60,90,112,132,98,63,58,43
1638,SmallislanddevelopingStatesSIDS,1637,Jordan,400,3617,4204,4805,7925,12743,13805,17807,2153,2556,2946,4983,8103,8972,11789,1464,1648,1859,2942,4640,4833,6018
1639,SmallislanddevelopingStatesSIDS,1637,Kuwait,414,1728,1913,2105,3223,5054,5479,7098,1231,1340,1447,2180,3397,3752,4934,497,573,658,1043,1657,1727,2164
1640,SmallislanddevelopingStatesSIDS,1637,Lebanon,422,1840,2014,2191,2914,4272,4571,5630,1186,1279,1371,1871,2797,3044,3823,654,735,820,1043,1475,1527,1807
1641,SmallislanddevelopingStatesSIDS,1637,Oman,512,0,0,0,0,0,0,0,0,0,0,0,0,0,0,0,0,0,0,0,0,0
1642,SmallislanddevelopingStatesSIDS,1637,Qatar,634,8,13,19,99,201,217,281,1,3,4,33,69,80,110,7,10,15,66,132,137,171
1643,SmallislanddevelopingStatesSIDS,1637,SaudiArabia,682,85,135,185,314,510,550,707,61,95,128,216,350,385,501,24,40,57,98,160,165,206
1644,SmallislanddevelopingStatesSIDS,1637,StateofPalestine,275,1719,1893,2073,2919,4383,4749,6147,1188,1286,1382,1959,2956,3263,4287,531,607,691,960,1427,1486,1860
1645,SmallislanddevelopingStatesSIDS,1637,SyrianArabRepublic,760,2198,2494,2797,3499,4801,5155,6419,1485,1645,1803,2252,3109,3387,4313,713,849,994,1247,1692,1768,2106
1646,SmallislanddevelopingStatesSIDS,1637,Turkey,792,1547,1651,1751,2120,2923,3163,4063,1107,1160,1201,1435,1968,2170,2832,440,491,550,685,955,993,1231
1647,SmallislanddevelopingStatesSIDS,1637,UnitedArabEmirates,784,771,1359,1952,3429,5663,6139,7954,313,590,859,1716,2955,3316,4416,458,769,1093,1713,2708,2823,3538
1648,SmallislanddevelopingStatesSIDS,1637,Yemen,887,5876,6464,7072,10111,15381,16675,21605,4201,4548,4884,6869,10378,11459,15067,1675,1916,2188,3242,5003,5216,6538
1649,SmallislanddevelopingStatesSIDS,1637,Belarus,112,0,0,0,0,0,0,0,0,0,0,0,0,0,0,0,0,0,0,0,0,0
1650,SmallislanddevelopingStatesSIDS,1637,Bulgaria,100,653,622,600,359,142,121,110,328,312,299,179,68,65,65,325,310,301,180,74,56,45
1651,SmallislanddevelopingStatesSIDS,1637,Czechia,203,418,322,234,158,109,73,53,183,134,88,59,41,29,23,235,188,146,99,68,44,30
1652,SmallislanddevelopingStatesSIDS,1637,Hungary,348,206,175,146,91,49,37,30,96,81,65,44,26,22,19,110,94,81,47,23,15,11
1653,SmallislanddevelopingStatesSIDS,1637,Poland,616,759,762,768,454,151,139,122,183,151,123,93,66,69,60,576,611,645,361,85,70,62
1654,SmallislanddevelopingStatesSIDS,1637,RepublicofMoldova,498,6,7,7,9,12,11,11,3,3,3,4,5,5,5,3,4,4,5,7,6,6
1655,SmallislanddevelopingStatesSIDS,1637,Romania,642,197,179,143,204,266,300,349,72,77,75,118,149,175,224,125,102,68,86,117,125,125
1656,SmallislanddevelopingStatesSIDS,1637,RussianFederation,643,4991,3926,2890,2507,2328,2000,1811,1938,1445,963,883,865,775,735,3053,2481,1927,1624,1463,1225,1076
1657,SmallislanddevelopingStatesSIDS,1637,Slovakia,703,0,0,0,0,0,0,0,0,0,0,0,0,0,0,0,0,0,0,0,0,0
1658,SmallislanddevelopingStatesSIDS,1637,Ukraine,804,1516,1208,888,646,443,327,248,523,392,260,189,126,96,77,993,816,628,457,317,231,171
1659,SmallislanddevelopingStatesSIDS,1637,ChannelIslands,830,4,8,15,14,15,15,16,3,4,7,7,7,8,8,1,4,8,7,8,7,8
1660,SmallislanddevelopingStatesSIDS,1637,Denmark,208,106,137,164,123,82,79,77,83,100,117,81,43,45,45,23,37,47,42,39,34,32
1661,SmallislanddevelopingStatesSIDS,1637,Estonia,233,0,0,0,8,15,16,15,0,0,0,3,6,6,6,0,0,0,5,9,10,9
1662,SmallislanddevelopingStatesSIDS,1637,FaroeIslands,234,0,0,0,0,0,0,0,0,0,0,0,0,0,0,0,0,0,0,0,0,0
1663,SmallislanddevelopingStatesSIDS,1637,Finland,246,47,56,66,51,37,36,37,32,37,42,29,14,15,16,15,19,24,22,23,21,21
1664,SmallislanddevelopingStatesSIDS,1637,Iceland,352,0,0,0,0,0,0,0,0,0,0,0,0,0,0,0,0,0,0,0,0,0
1665,SmallislanddevelopingStatesSIDS,1637,Ireland,372,379,452,544,595,671,716,833,217,254,294,316,332,356,440,162,198,250,279,339,360,393
1666,SmallislanddevelopingStatesSIDS,1637,IsleofMan,833,0,0,0,0,0,0,0,0,0,0,0,0,0,0,0,0,0,0,0,0,0
1667,SmallislanddevelopingStatesSIDS,1637,Latvia,428,0,0,0,0,0,0,0,0,0,0,0,0,0,0,0,0,0,0,0,0,0
1668,SmallislanddevelopingStatesSIDS,1637,Lithuania,440,0,0,0,0,0,0,0,0,0,0,0,0,0,0,0,0,0,0,0,0,0
1669,SmallislanddevelopingStatesSIDS,1637,Norway,578,80,86,92,78,64,66,67,54,57,60,47,34,35,37,26,29,32,31,30,31,30
1670,SmallislanddevelopingStatesSIDS,1637,Sweden,752,391,455,519,317,129,138,142,95,107,122,94,78,89,94,296,348,397,223,51,49,48
1671,SmallislanddevelopingStatesSIDS,1637,UnitedKingdom,826,29044,29503,29588,29470,29216,30431,31959,15038,15364,15063,15133,15140,15918,17076,14006,14139,14525,14337,14076,14513,14883
1672,SmallislanddevelopingStatesSIDS,1637,Albania,8,242,184,226,40,6,1,0,133,98,113,22,4,1,0,109,86,113,18,2,0,0
1673,SmallislanddevelopingStatesSIDS,1637,Andorra,20,0,0,0,0,0,0,0,0,0,0,0,0,0,0,0,0,0,0,0,0,0
1674,SmallislanddevelopingStatesSIDS,1637,BosniaandHerzegovina,70,6,7,7,6,6,5,5,6,7,7,6,6,5,5,0,0,0,0,0,0,0
1675,SmallislanddevelopingStatesSIDS,1637,Croatia,191,0,0,0,0,0,0,0,0,0,0,0,0,0,0,0,0,0,0,0,0,0
1676,SmallislanddevelopingStatesSIDS,1637,Gibraltar,292,0,0,0,0,0,0,0,0,0,0,0,0,0,0,0,0,0,0,0,0,0
1677,SmallislanddevelopingStatesSIDS,1637,Greece,300,266,269,257,206,150,158,163,167,170,165,125,99,106,113,99,99,92,81,51,52,50
1678,SmallislanddevelopingStatesSIDS,1637,HolySee,336,0,0,0,0,0,0,0,0,0,0,0,0,0,0,0,0,0,0,0,0,0
1679,SmallislanddevelopingStatesSIDS,1637,Italy,380,10519,11347,12210,9776,7436,8032,8251,7255,7744,8316,6627,4993,5537,5725,3264,3603,3894,3149,2443,2495,2526
1680,SmallislanddevelopingStatesSIDS,1637,Malta,470,33,37,40,32,25,25,25,13,14,14,13,13,14,14,20,23,26,19,12,11,11
1681,SmallislanddevelopingStatesSIDS,1637,Montenegro,499,0,0,0,0,0,0,0,0,0,0,0,0,0,0,0,0,0,0,0,0,0
1682,SmallislanddevelopingStatesSIDS,1637,NorthMacedonia,807,6,7,7,16,26,26,26,6,7,7,11,15,16,16,0,0,0,5,11,10,10
1683,SmallislanddevelopingStatesSIDS,1637,Portugal,620,4246,4534,4553,4630,5542,5679,5618,1597,1677,2366,2399,2825,2931,2879,2649,2857,2187,2231,2717,2748,2739
1684,SmallislanddevelopingStatesSIDS,1637,SanMarino,674,0,0,0,0,0,0,0,0,0,0,0,0,0,0,0,0,0,0,0,0,0
1685,SmallislanddevelopingStatesSIDS,1637,Serbia,688,180,200,220,145,70,72,75,110,120,131,81,31,32,34,70,80,89,64,39,40,41
1686,SmallislanddevelopingStatesSIDS,1637,Slovenia,705,0,0,0,0,0,0,0,0,0,0,0,0,0,0,0,0,0,0,0,0,0
1687,SmallislanddevelopingStatesSIDS,1637,Spain,724,24257,22091,20329,16213,12737,11597,12264,13341,12140,11124,9003,7156,6766,7135,10916,9951,9205,7210,5581,4831,5129
1688,SmallislanddevelopingStatesSIDS,1637,Austria,40,1247,1352,1460,968,502,530,552,1007,1095,1192,765,360,384,404,240,257,268,203,142,146,148
1689,SmallislanddevelopingStatesSIDS,1637,Belgium,56,890,1004,1143,1088,1122,1149,1158,519,569,636,604,611,621,632,371,435,507,484,511,528,526
1690,SmallislanddevelopingStatesSIDS,1637,France,250,104550,124290,143980,155140,164704,180153,182524,56571,65856,75053,78867,82010,88444,89591,47979,58434,68927,76273,82694,91709,92933
1691,SmallislanddevelopingStatesSIDS,1637,Germany,276,10544,10476,10377,7850,5506,5842,5729,5938,5918,5888,4472,3194,3389,3405,4606,4558,4489,3378,2312,2453,2324
1692,SmallislanddevelopingStatesSIDS,1637,Liechtenstein,438,0,0,0,0,0,0,0,0,0,0,0,0,0,0,0,0,0,0,0,0,0
1693,SmallislanddevelopingStatesSIDS,1637,Luxembourg,442,5,8,10,7,4,4,3,1,2,3,2,1,1,1,4,6,7,5,3,3,2
1694,SmallislanddevelopingStatesSIDS,1637,Monaco,492,0,0,0,0,0,0,0,0,0,0,0,0,0,0,0,0,0,0,0,0,0
1695,SmallislanddevelopingStatesSIDS,1637,Netherlands,528,4680,5953,7310,8544,18473,19755,21811,2523,3208,3938,4562,9582,10243,11402,2157,2745,3372,3982,8891,9512,10409
1696,SmallislanddevelopingStatesSIDS,1637,Switzerland,756,3130,3415,3712,2983,2306,2420,2501,2020,2165,2331,1849,1412,1495,1550,1110,1250,1381,1134,894,925,951
1697,SmallislanddevelopingStatesSIDS,1637,Anguilla,660,1292,1316,1345,1387,1471,1493,1515,673,685,697,727,766,780,794,619,631,648,660,705,713,721
1698,SmallislanddevelopingStatesSIDS,1637,AntiguaandBarbuda,28,6069,6527,7024,7236,7431,7644,7810,2753,2956,3182,3314,3402,3495,3575,3316,3571,3842,3922,4029,4149,4235
1699,SmallislanddevelopingStatesSIDS,1637,Aruba,533,779,873,967,1465,3537,3736,4094,381,422,462,683,1482,1564,1737,398,451,505,782,2055,2172,2357
1700,SmallislanddevelopingStatesSIDS,1637,Bahamas,44,1618,1604,1620,1442,1366,1402,1479,810,802,808,723,692,713,758,808,802,812,719,674,689,721
1701,SmallislanddevelopingStatesSIDS,1637,Barbados,52,4700,4843,4680,4877,4367,4504,4735,2476,2561,2478,2575,2233,2318,2531,2224,2282,2202,2302,2134,2186,2204
1702,SmallislanddevelopingStatesSIDS,1637,Bonaire,16,535,248,340,430,551,2817,3027,3456,134,182,226,287,1220,1311,1526,114,158,204,264,1597,1716
1703,SmallislanddevelopingStatesSIDS,1637,BritishVirginIslands,92,2895,2981,3093,3463,3924,3992,4065,1235,1276,1333,1518,1715,1747,1781,1660,1705,1760,1945,2209,2245,2284
1704,SmallislanddevelopingStatesSIDS,1637,CaymanIslands,136,11,11,13,22,32,33,31,4,6,9,15,21,22,22,7,5,4,7,11,11,9
1705,SmallislanddevelopingStatesSIDS,1637,Cuba,192,29884,30663,31611,27703,22027,22234,24227,15181,15463,15830,13683,10661,10797,11889,14703,15200,15781,14020,11366,11437,12338
1706,SmallislanddevelopingStatesSIDS,1637,CuraÃao,531,866,1563,2306,3299,4248,4424,4788,447,812,1206,1718,2205,2297,2467,419,751,1100,1581,2043,2127,2321
1707,SmallislanddevelopingStatesSIDS,1637,Dominica,212,16076,17964,19897,20033,20000,20410,20214,6947,8052,9180,9089,8878,8954,8833,9129,9912,10717,10944,11122,11456,11381
1708,SmallislanddevelopingStatesSIDS,1637,DominicanRepublic,214,48067,62098,76279,84396,90319,85933,77407,21325,28266,35276,38911,40151,37821,33552,26742,33832,41003,45485,50168,48112,43855
1709,SmallislanddevelopingStatesSIDS,1637,Grenada,308,18921,17586,13779,14534,10160,10482,11419,8653,8025,6118,6468,4444,4654,5803,10268,9561,7661,8066,5716,5828,5616
1710,SmallislanddevelopingStatesSIDS,1637,Guadeloupe,312,3503,4280,5058,6241,7513,8460,8542,1292,1563,1833,2268,2741,2938,2990,2211,2717,3225,3973,4772,5522,5552
1711,SmallislanddevelopingStatesSIDS,1637,Haiti,332,218192,243718,269631,318700,375419,542599,568019,140994,154870,168936,195798,226818,345550,361102,77198,88848,100695,122902,148601,197049,206917
1712,SmallislanddevelopingStatesSIDS,1637,Jamaica,388,11660,15287,20901,24872,32442,34872,37797,4737,6203,8577,10307,13544,14455,15870,6923,9084,12324,14565,18898,20417,21927
1713,SmallislanddevelopingStatesSIDS,1637,Martinique,474,6109,7383,8682,9170,9664,9293,9202,2960,3386,3828,4045,4259,3885,3807,3149,3997,4854,5125,5405,5408,5395
1714,SmallislanddevelopingStatesSIDS,1637,Montserrat,500,2001,2268,2570,2747,2903,3050,3153,949,1092,1254,1354,1437,1515,1571,1052,1176,1316,1393,1466,1535,1582
1715,SmallislanddevelopingStatesSIDS,1637,PuertoRico,630,15765,17000,18339,17501,16848,15688,16255,7521,7996,8488,8470,8563,8026,8327,8244,9004,9851,9031,8285,7662,7928
1716,SmallislanddevelopingStatesSIDS,1637,SaintBarthelemy,652,0,0,0,0,0,0,0,0,0,0,0,0,0,0,0,0,0,0,0,0,0
1717,SmallislanddevelopingStatesSIDS,1637,SaintKittsandNevis,659,8704,9671,10653,11728,11393,11737,12075,4165,4620,5083,5573,5310,5475,5646,4539,5051,5570,6155,6083,6262,6429
1718,SmallislanddevelopingStatesSIDS,1637,SaintLucia,662,10102,11414,12646,12262,11543,12151,12401,4503,5098,5634,5516,5213,5434,5626,5599,6316,7012,6746,6330,6717,6775
1719,SmallislanddevelopingStatesSIDS,1637,SaintMartinFrenchpart,663,0,0,0,0,0,0,0,0,0,0,0,0,0,0,0,0,0,0,0,0,0
1720,SmallislanddevelopingStatesSIDS,1637,SaintVincentandtheGrenadines,670,18465,18251,16984,17280,14458,15221,16412,8400,8339,7769,7888,6560,6986,8116,10065,9912,9215,9392,7898,8235,8296
1721,SmallislanddevelopingStatesSIDS,1637,SintMaartenDutchpart,534,336,543,783,872,1411,1488,1652,165,269,397,445,688,729,814,171,274,386,427,723,759,838
1722,SmallislanddevelopingStatesSIDS,1637,TrinidadandTobago,780,10713,11855,13236,13063,12760,13027,13327,5084,5503,6046,5976,5844,5981,6060,5629,6352,7190,7087,6916,7046,7267
1723,SmallislanddevelopingStatesSIDS,1637,TurksandCaicosIslands,796,2245,1429,593,1036,1470,1587,1696,970,627,274,440,599,641,686,1275,802,319,596,871,946,1010
1724,SmallislanddevelopingStatesSIDS,1637,UnitedStatesVirginIslands,850,2196,2862,3580,3404,3123,3212,3064,1091,1571,2074,1963,1794,1842,1751,1105,1291,1506,1441,1329,1370,1313
1725,SmallislanddevelopingStatesSIDS,1637,Belize,84,156,247,391,388,406,439,478,76,127,208,204,213,232,256,80,120,183,184,193,207,222
1726,SmallislanddevelopingStatesSIDS,1637,CostaRica,188,2506,2819,3175,2285,1359,1531,1811,1072,1202,1361,1018,658,740,875,1434,1617,1814,1267,701,791,936
1727,SmallislanddevelopingStatesSIDS,1637,ElSalvador,222,7711,7713,7717,8555,9270,10146,10634,4194,4074,3952,4359,4723,5173,5459,3517,3639,3765,4196,4547,4973,5175
1728,SmallislanddevelopingStatesSIDS,1637,Guatemala,320,14069,15830,17598,19479,21300,24756,27906,7272,7983,8695,9518,10355,11966,13487,6797,7847,8903,9961,10945,12790,14419
1729,SmallislanddevelopingStatesSIDS,1637,Honduras,340,4546,5885,7394,8559,9784,11499,13015,2382,2999,3700,4183,4699,5507,6243,2164,2886,3694,4376,5085,5992,6772
1730,SmallislanddevelopingStatesSIDS,1637,Mexico,484,7908,8067,8221,8414,8269,8328,8019,3972,3947,3923,4115,4136,4189,4082,3936,4120,4298,4299,4133,4139,3937
1731,SmallislanddevelopingStatesSIDS,1637,Nicaragua,558,1857,2027,2298,1786,1280,1271,1167,822,891,1010,779,546,547,499,1035,1136,1288,1007,734,724,668
1732,SmallislanddevelopingStatesSIDS,1637,Panama,591,2900,2767,2662,2203,1633,1967,1673,1414,1357,1314,1085,798,958,825,1486,1410,1348,1118,835,1009,848
1733,SmallislanddevelopingStatesSIDS,1637,Argentina,32,4731,4928,5127,4135,3035,2894,2591,2596,2679,2764,2193,1567,1509,1378,2135,2249,2363,1942,1468,1385,1213
1734,SmallislanddevelopingStatesSIDS,1637,BoliviaPlurinationalStateof,68,600,615,620,457,277,278,246,320,320,315,238,149,151,137,280,295,305,219,128,127,109
1735,SmallislanddevelopingStatesSIDS,1637,Brazil,76,4062,5062,6194,7091,7266,7659,8256,2099,2639,3245,3802,3931,4187,4548,1963,2423,2949,3289,3335,3472,3708
1736,SmallislanddevelopingStatesSIDS,1637,Chile,152,3550,3602,3641,2924,2108,1861,1542,2108,2138,2163,1656,1104,991,844,1442,1464,1478,1268,1004,870,698
1737,SmallislanddevelopingStatesSIDS,1637,Colombia,170,11226,14484,17780,18653,23317,22850,24732,5389,6739,8116,8234,9775,9443,10051,5837,7745,9664,10419,13542,13407,14681
1738,SmallislanddevelopingStatesSIDS,1637,Ecuador,218,1668,1844,2013,1895,1651,1528,1044,780,844,907,887,802,745,521,888,1000,1106,1008,849,783,523
1739,SmallislanddevelopingStatesSIDS,1637,FalklandIslandsMalvinas,238,0,0,0,0,0,0,0,0,0,0,0,0,0,0,0,0,0,0,0,0,0
1740,SmallislanddevelopingStatesSIDS,1637,FrenchGuiana,254,1972,2415,2878,2979,3066,3294,3257,810,964,1125,1148,1166,1171,1154,1162,1451,1753,1831,1900,2123,2103
1741,SmallislanddevelopingStatesSIDS,1637,Guyana,328,18447,22121,27351,33481,43820,46364,49821,8666,10394,12796,15892,21287,22623,25242,9781,11727,14555,17589,22533,23741,24579
1742,SmallislanddevelopingStatesSIDS,1637,Paraguay,600,61,68,75,50,25,25,25,41,45,49,31,13,14,14,20,23,26,19,12,11,11
1743,SmallislanddevelopingStatesSIDS,1637,Peru,604,3428,4199,4965,4402,3828,4067,5710,1939,2327,2715,2391,2055,2180,2949,1489,1872,2250,2011,1773,1887,2761
1744,SmallislanddevelopingStatesSIDS,1637,Suriname,740,1908,2863,3818,4873,6127,6509,7126,958,1400,1843,2366,2927,3112,3414,950,1463,1975,2507,3200,3397,3712
1745,SmallislanddevelopingStatesSIDS,1637,Uruguay,858,1913,2078,2244,1335,446,467,485,779,821,864,527,198,208,219,1134,1257,1380,808,248,259,266
1746,SmallislanddevelopingStatesSIDS,1637,VenezuelaBolivarianRepublicof,862,21517,24407,27593,22349,17986,17256,119160,11323,12730,14274,11393,8850,8471,52754,10194,11677,13319,10956,9136,8785,66406
1747,SmallislanddevelopingStatesSIDS,1637,Bermuda,60,65,66,74,105,127,132,132,42,43,50,64,74,80,81,23,23,24,41,53,52,51
1748,SmallislanddevelopingStatesSIDS,1637,Canada,124,13881,15747,17588,17617,18438,19530,20198,6680,7759,8652,8769,9348,9928,10459,7201,7988,8936,8848,9090,9602,9739
1749,SmallislanddevelopingStatesSIDS,1637,Greenland,304,195,148,220,25,3,0,0,88,63,86,7,0,0,0,107,85,134,18,3,0,0
1750,SmallislanddevelopingStatesSIDS,1637,SaintPierreandMiquelon,666,38,43,48,55,62,64,66,22,25,28,32,36,38,40,16,18,20,23,26,26,26
1751,SmallislanddevelopingStatesSIDS,1637,UnitedStatesofAmerica,840,317782,321191,326506,332090,311906,285512,285257,159045,159204,160011,162203,151562,138512,138851,158737,161987,166495,169887,160344,147000,146406
1752,SmallislanddevelopingStatesSIDS,1637,Australia,36,20590,21919,19650,22003,22835,24333,24697,11753,12784,11627,12944,13294,14243,14461,8837,9135,8023,9059,9541,10090,10236
1753,SmallislanddevelopingStatesSIDS,1637,NewZealand,554,9294,9971,10063,10827,11652,11764,12020,5003,5387,5427,5877,6275,6320,6450,4291,4584,4636,4950,5377,5444,5570
1754,SmallislanddevelopingStatesSIDS,1637,Fiji,242,1729,1864,1973,2262,2383,2673,2734,924,1005,1062,1208,1258,1438,1481,805,859,911,1054,1125,1235,1253
1755,SmallislanddevelopingStatesSIDS,1637,NewCaledonia,540,2037,2205,2317,2505,2513,2525,2530,958,1032,1057,1200,1285,1291,1295,1079,1173,1260,1305,1228,1234,1235
1756,SmallislanddevelopingStatesSIDS,1637,PapuaNewGuinea,598,1194,1200,1166,924,731,688,671,606,620,600,483,394,372,364,588,580,566,441,337,316,307
1757,SmallislanddevelopingStatesSIDS,1637,SolomonIslands,90,1097,1078,981,1013,1068,1118,1141,604,602,551,574,604,642,661,493,476,430,439,464,476,480
1758,SmallislanddevelopingStatesSIDS,1637,Vanuatu,548,3680,4205,4690,4998,5285,4184,4403,1997,2253,2504,2682,2850,2063,2166,1683,1952,2186,2316,2435,2121,2237
1759,SmallislanddevelopingStatesSIDS,1637,Guam,316,1269,1493,1683,1595,1111,999,1009,630,780,874,787,508,462,458,639,713,809,808,603,537,551
1760,SmallislanddevelopingStatesSIDS,1637,Kiribati,296,3064,2979,2869,2513,1502,1597,1639,1493,1466,1413,1259,804,862,889,1571,1513,1456,1254,698,735,750
1761,SmallislanddevelopingStatesSIDS,1637,MarshallIslands,584,311,384,468,434,378,372,383,160,208,241,216,187,184,192,151,176,227,218,191,188,191
1762,SmallislanddevelopingStatesSIDS,1637,MicronesiaFedStatesof,583,4940,7116,9334,11237,12463,12396,13032,2583,3669,4737,5664,6274,6263,6570,2357,3447,4597,5573,6189,6133,6462
1763,SmallislanddevelopingStatesSIDS,1637,Nauru,520,931,1000,1070,1264,1460,1483,1595,401,459,517,624,731,743,795,530,541,553,640,729,740,800
1764,SmallislanddevelopingStatesSIDS,1637,NorthernMarianaIslands,580,2215,2350,2476,2547,2542,2532,2664,1043,1123,1189,1256,1292,1296,1354,1172,1227,1287,1291,1250,1236,1310
1765,SmallislanddevelopingStatesSIDS,1637,Palau,585,2942,2824,2791,2714,2352,2293,2385,1360,1360,1317,1302,1162,1137,1187,1582,1464,1474,1412,1190,1156,1198
1766,SmallislanddevelopingStatesSIDS,1637,AmericanSamoa,16,1014,1523,2022,1908,1671,1402,1329,544,812,1068,997,864,718,684,470,711,954,911,807,684,645
1767,SmallislanddevelopingStatesSIDS,1637,CookIslands,184,45,51,58,56,55,52,49,19,22,21,21,22,22,22,26,29,37,35,33,30,27
1768,SmallislanddevelopingStatesSIDS,1637,FrenchPolynesia,258,2789,3225,3661,2064,467,649,691,1436,1638,1839,1081,323,459,487,1353,1587,1822,983,144,190,204
1769,SmallislanddevelopingStatesSIDS,1637,Niue,570,16,17,18,20,23,22,21,10,11,12,13,15,15,16,6,6,6,7,8,7,5
1770,SmallislanddevelopingStatesSIDS,1637,Samoa,882,15189,16673,18166,17302,16477,16417,16474,7873,8567,9262,8771,8305,8230,8261,7316,8106,8904,8531,8172,8187,8213
1771,SmallislanddevelopingStatesSIDS,1637,Tokelau,772,161,162,162,151,132,111,104,81,81,80,75,65,54,52,80,81,82,76,67,57,52
1772,SmallislanddevelopingStatesSIDS,1637,Tonga,776,2691,2650,2609,2698,2784,2808,2834,1451,1414,1380,1428,1479,1496,1514,1240,1236,1229,1270,1305,1312,1320
1773,SmallislanddevelopingStatesSIDS,1637,Tuvalu,798,1150,1126,1107,1080,821,835,861,635,614,601,594,451,465,486,515,512,506,486,370,370,375
1774,SmallislanddevelopingStatesSIDS,1637,WallisandFutunaIslands,876,5600,6492,7375,7422,7460,11223,11913,2921,3342,3752,3694,3630,5364,5671,2679,3150,3623,3728,3830,5859,6242
1775,Highincomecountries,1503,Developedregions,901,29572905,31711604,34286380,37107907,41534023,43040158,49284055,14093538,15041500,16192223,17561612,19489494,20199967,23449528,15479367,16670104,18094157,19546295,22044529,22840191,25834527
1776,Highincomecountries,1503,Lessdevelopedregions,902,42021535,52437997,63574683,77294323,96287330,110014482,125081808,22714543,28002482,33676825,41068361,52210367,59594034,67940904,19306992,24435515,29897858,36225962,44076963,50420448,57140904
1777,Highincomecountries,1503,Lessdevelopedregions,902,934,37589556,47235694,57520455,69548247,85915868,97045121,109144784,19956006,24799359,29976031,36314317,45615576,51441764,57881689,17633550,22436335,27544424,33233930,40300292,45603357
1778,Highincomecountries,1503,Lessdevelopedregions,902,948,37986125,47511904,57629274,69900461,87506957,99702155,114538851,20626917,25518474,30746227,37534725,48131042,54854496,63168842,17359208,21993430,26883047,32365736,39375915,44847659
1779,Highincomecountries,1503,Leastdevelopedcountries,941,4431979,5202303,6054228,7746076,10371462,12969361,15937024,2758537,3203123,3700794,4754044,6594791,8152270,10059215,1673442,1999180,2353434,2992032,3776671,4817091,5877809
1780,Highincomecountries,1503,LandlockedDevelopingCountriesLLDC,1636,2051016,2534312,3035364,4013660,5297803,6424431,8314937,1129716,1355817,1593385,2123285,2810346,3450040,4466746,921300,1178495,1441979,1890375,2487457,2974391,3848191
1781,Highincomecountries,1503,SmallislanddevelopingStatesSIDS,1637,4870121,5863081,6924516,7587271,8434455,9288224,10253178,2283633,2698996,3140910,3445521,3763832,4239922,4698002,2586488,3164085,3783606,4141750,4670623,5048302,5555176
1782,Highincomecountries,1503,Highincomecountries,1503,28771822,30355968,32591310,35181105,39553085,40965198,45839206,13748008,14445035,15406525,16705037,18664671,19460088,22050779,15023814,15910933,17184785,18476068,20888414,21505110,23788427
1783,Highincomecountries,1503,Middleincomecountries,1517,40194118,50674187,61605235,74521097,92224331,104191836,117946103,21547416,26819627,32384149,39263112,49570350,55850985,63263584,18646702,23854560,29221086,35257985,42653981,48340851,54682519
1784,Highincomecountries,1503,Uppermiddleincomecountries,1502,22857458,30116162,37343770,43448398,50617461,54365728,59946932,11676475,15174806,18669760,21555415,24773857,26295070,28820899,11180983,14941356,18674010,21892983,25843604,28070658,31126033
1785,Highincomecountries,1503,Lowermiddleincomecountries,1501,17336660,20558025,24261465,31072699,41606870,49826108,57999171,9870941,11644821,13714389,17707697,24796493,29555915,34442685,7465719,8913204,10547076,13365002,16810377,20270193,23556486
1786,Highincomecountries,1503,Lowincomecountries,1500,2586544,3071065,3605879,4640985,5974273,7817281,10493994,1491840,1756196,2050853,2633909,3432050,4445404,6035998,1094704,1314869,1555026,2007076,2542223,3371877,4457996
1787,Highincomecountries,1503,MiddleAfrica,911,421086,486852,563150,719051,809140,940982,1103589,210527,243783,281081,350410,388605,440339,521942,210559,243069,282069,368641,420535,500643,581647
1788,Highincomecountries,1503,WesternAsia,922,4975410,5544570,5955933,6237895,7367573,9011999,11208180,2778105,3077689,3327288,3502113,4209830,5054531,6328906,2197305,2466881,2628645,2735782,3157743,3957468,4879274
1789,Highincomecountries,1503,EasternEurope,923,6728213,7564119,8638562,11174637,13834338,14672136,17626463,3095786,3404609,3807968,5000261,6202763,6535659,7997321,3632427,4159510,4830594,6174376,7631575,8136477,9629142
1790,Highincomecountries,1503,CentralAmerica,916,5590653,8630101,11742187,13445463,15608208,15643964,15426093,2940355,4567051,6238556,7166779,8207702,8132817,7935645,2650298,4063050,5503631,6278684,7400506,7511147,7490448
1791,Highincomecountries,1503,Melanesia,928,96614,116250,143920,170059,197298,222668,248926,46988,55659,69109,81632,94154,105843,117821,49626,60591,74811,88427,103144,116825,131105
1792,Highincomecountries,1503,Micronesia,954,17514,25163,32853,34349,34240,37035,45886,8492,12387,16237,17055,17003,18341,22544,9022,12776,16616,17294,17237,18694,23342
1793,Highincomecountries,1503,Polynesia,957,125360,137345,160490,166041,175048,199115,233765,61277,66650,78650,81483,85770,98060,114656,64083,70695,81840,84558,89278,101055,119109
1794,Highincomecountries,1503,Burundi,108,4446,7139,10043,20009,27954,32420,37285,2313,3497,4804,9725,13199,15083,17347,2133,3642,5239,10284,14755,17337,19938
1795,Highincomecountries,1503,Comoros,174,18929,19584,20238,30700,34940,38651,42478,9287,9439,9589,15240,16164,17301,19072,9642,10145,10649,15460,18776,21350,23406
1796,Highincomecountries,1503,Djibouti,262,3466,3951,4477,8117,9178,11586,13018,1831,2036,2276,3880,4459,5554,6220,1635,1915,2201,4237,4719,6032,6798
1797,Highincomecountries,1503,Eritrea,232,33706,47435,62855,87109,123096,232563,343517,18380,24882,32413,45810,67409,125566,193203,15326,22553,30442,41299,55687,106997,150314
1798,Highincomecountries,1503,Ethiopia,231,224247,254897,283867,375656,494355,621897,713768,123733,140372,156570,206688,271945,332558,383688,100514,114525,127297,168968,222410,289339,330080
1799,Highincomecountries,1503,Kenya,404,154291,182060,213195,249065,311722,343989,400470,78631,91465,105895,121696,153568,163949,188867,75660,90595,107300,127369,158154,180040,211603
1800,Highincomecountries,1503,Madagascar,450,43448,46722,50793,118930,128687,142455,157277,17982,18768,19884,50223,49393,52494,57884,25466,27954,30909,68707,79294,89961,99393
1801,Highincomecountries,1503,Malawi,454,11574,12560,13812,15939,17262,20707,23525,5999,6374,6881,7758,8591,9955,11235,5575,6186,6931,8181,8671,10752,12290
1802,Highincomecountries,1503,Mauritius,480,101605,105813,110398,119786,135495,151020,166553,46169,47401,48884,54289,61439,67417,74272,55436,58412,61514,65497,74056,83603,92281
1803,Highincomecountries,1503,Mayotte,175,0,0,0,0,7,0,0,0,0,0,0,5,0,0,0,0,0,0,2,0,0
1804,Highincomecountries,1503,Mozambique,508,78843,79954,85730,86077,74841,85348,97246,37735,37872,40382,40604,35418,38436,45032,41108,42082,45348,45473,39423,46912,52214
1805,Highincomecountries,1503,Reunion,638,125,130,175,352,489,527,599,64,55,90,164,244,255,295,61,75,85,188,245,272,304
1806,Highincomecountries,1503,Rwanda,646,8250,11208,14708,27441,32578,38062,41896,4405,5608,7142,12970,14845,17305,18958,3845,5600,7566,14471,17733,20757,22938
1807,Highincomecountries,1503,Seychelles,690,29035,18671,8530,8891,9347,10153,11034,13820,8570,3412,3532,3672,3926,4236,15215,10101,5118,5359,5675,6227,6798
1808,Highincomecountries,1503,Somalia,706,72424,129080,189723,264207,395264,459653,567689,38505,66525,96619,131990,189654,218486,272047,33919,62555,93104,132217,205610,241167,295642
1809,Highincomecountries,1503,SouthSudan,728,5082,6434,7992,8737,17216,33093,37798,3222,4205,5284,5723,11697,20359,22938,1860,2229,2708,3014,5519,12734,14860
1810,Highincomecountries,1503,Uganda,800,71038,77875,85883,98935,117826,144656,180066,36313,39005,42237,47034,55769,67256,82356,34725,38870,43646,51901,62057,77400,97710
1811,Highincomecountries,1503,UnitedRepublicofTanzania,834,60797,66242,72565,83716,101020,126985,159138,31131,33614,36488,42091,51320,62242,77313,29666,32628,36077,41625,49700,64743,81825
1812,Highincomecountries,1503,Zambia,894,25735,31113,37631,48589,59139,73304,90817,12800,15065,17859,22777,26922,32501,39549,12935,16048,19772,25812,32217,40803,51268
1813,Highincomecountries,1503,Zimbabwe,716,40766,61539,85087,152427,233132,277012,330728,19551,29045,39901,71325,108884,126703,149826,21215,32494,45186,81102,124248,150309,180902
1814,Highincomecountries,1503,Angola,24,166858,186448,213309,229222,202954,234464,273298,80144,89615,102922,111190,97930,108204,129144,86714,96833,110387,118032,105024,126260,144154
1815,Highincomecountries,1503,Cameroon,120,49441,64646,80434,134961,177244,224073,279742,24295,32171,40382,65546,83093,103766,131879,25146,32475,40052,69415,94151,120307,147863
1816,Highincomecountries,1503,CentralAfricanRepublic,140,8987,9565,10336,16181,17691,20432,22668,4572,4769,5073,7958,8536,9667,10782,4415,4796,5263,8223,9155,10765,11886
1817,Highincomecountries,1503,Chad,148,16003,15458,14064,14515,16620,18934,21488,6585,7633,8477,8371,10368,11410,13069,9418,7825,5587,6144,6252,7524,8419
1818,Highincomecountries,1503,Congo,178,61093,65458,70292,86023,95941,105201,116336,33461,34870,36551,43045,48562,51714,57257,27632,30588,33741,42978,47379,53487,59079
1819,Highincomecountries,1503,DemocraticRepublicoftheCongo,180,95695,117133,137250,182453,236815,273099,315656,50394,61597,70535,90062,113342,128130,148160,45301,55536,66715,92391,123473,144969,167496
1820,Highincomecountries,1503,EquatorialGuinea,226,8414,9511,13791,18522,22623,20654,24259,4055,4345,6078,7214,8614,7881,9046,4359,5166,7713,11308,14009,12773,15213
1821,Highincomecountries,1503,Gabon,266,8714,9416,10520,20119,22193,24769,27748,4261,4533,5019,9274,10472,11355,12724,4453,4883,5501,10845,11721,13414,15024
1822,Highincomecountries,1503,SaoTomeandPrincipe,678,5881,9217,13154,17055,17059,19356,22394,2760,4250,6044,7750,7688,8212,9881,3121,4967,7110,9305,9371,11144,12513
1823,Highincomecountries,1503,Algeria,12,886318,943670,1005016,1564474,1621916,1789725,1972164,503956,532325,563736,817822,896658,960680,1058665,382362,411345,441280,746652,725258,829045,913499
1824,Highincomecountries,1503,Egypt,818,989864,1071390,1200680,1501957,2278043,2891352,3328376,600768,667703,763142,976187,1525509,1889711,2173041,389096,403687,437538,525770,752534,1001641,1155335
1825,Highincomecountries,1503,Libya,434,44118,47556,51450,73098,93932,103917,127152,23256,24752,26881,37982,48501,53211,67129,20862,22804,24569,35116,45431,50706,60023
1826,Highincomecountries,1503,Morocco,504,1726512,1861441,2054527,2448036,2837401,2946208,3234599,973953,1029285,1123238,1355919,1568084,1561568,1692704,752559,832156,931289,1092117,1269317,1384640,1541895
1827,Highincomecountries,1503,Sudan,729,267295,299661,342651,432747,609887,721026,880199,170053,192722,221662,280203,400682,466980,566630,97242,106939,120989,152544,209205,254046,313569
1828,Highincomecountries,1503,Tunisia,788,459271,470178,479279,570972,606612,764142,890900,278232,278396,277998,324863,356232,428736,495899,181039,191782,201281,246109,250380,335406,395001
1829,Highincomecountries,1503,WesternSahara,732,222,126,30,50,39,1189,1299,211,112,15,30,27,613,665,11,14,15,20,12,576,634
1830,Highincomecountries,1503,Botswana,72,2644,3071,3597,4564,4924,6222,6942,1417,1611,1837,2292,2471,2983,3289,1227,1460,1760,2272,2453,3239,3653
1831,Highincomecountries,1503,Eswatini,748,545,1094,1671,2298,2721,3215,3540,267,523,782,1068,1289,1500,1662,278,571,889,1230,1432,1715,1878
1832,Highincomecountries,1503,Lesotho,426,365,527,763,1060,1133,1374,1522,179,244,334,456,493,627,684,186,283,429,604,640,747,838
1833,Highincomecountries,1503,Namibia,516,1198,2022,2954,4312,5027,6306,7351,581,980,1417,1982,2343,2939,3401,617,1042,1537,2330,2684,3367,3950
1834,Highincomecountries,1503,SouthAfrica,710,234130,309307,415026,514406,655097,694482,817771,111774,147884,199272,249126,323030,333035,402072,122356,161423,215754,265280,332067,361447,415699
1835,Highincomecountries,1503,Benin,204,14521,15722,16963,24416,27965,31978,37147,8363,8886,9426,13980,15664,17528,20800,6158,6836,7537,10436,12301,14450,16347
1836,Highincomecountries,1503,BurkinaFaso,854,5858,9382,13004,20034,25008,28193,33481,3375,5710,8107,12392,15640,17109,20792,2483,3672,4897,7642,9368,11084,12689
1837,Highincomecountries,1503,CaboVerde,132,80173,94992,112495,126613,135056,152148,167498,36694,44142,52998,59021,61415,67269,74926,43479,50850,59497,67592,73641,84879,92572
1838,Highincomecountries,1503,CotedIvoire,384,49123,62288,75717,128997,157963,184401,224547,24315,31330,38496,64519,78677,89303,112976,24808,30958,37221,64478,79286,95098,111571
1839,Highincomecountries,1503,Gambia,270,12654,18544,25917,42358,58529,77022,119064,8576,11961,16417,27076,38126,50308,83151,4078,6583,9500,15282,20403,26714,35913
1840,Highincomecountries,1503,Ghana,288,127381,176838,227752,289219,362193,435134,519220,73652,99309,125751,163897,205610,243353,292210,53729,77529,102001,125322,156583,191781,227010
1841,Highincomecountries,1503,Guinea,324,14279,19530,26124,57863,82416,99613,137551,8344,11402,15203,34024,47557,54307,80172,5935,8128,10921,23839,34859,45306,57379
1842,Highincomecountries,1503,GuineaBissau,624,15763,23828,32837,34867,37594,41039,51570,9375,14273,19836,21522,22987,23877,31452,6388,9555,13001,13345,14607,17162,20118
1843,Highincomecountries,1503,Liberia,430,18353,34695,51787,71882,92082,105246,127082,10069,18531,27504,37249,46432,52165,62200,8284,16164,24283,34633,45650,53081,64882
1844,Highincomecountries,1503,Mali,466,51158,53954,57090,74398,102030,114391,136098,33285,34796,36597,49384,69532,76001,93114,17873,19158,20493,25014,32498,38390,42984
1845,Highincomecountries,1503,Mauritania,478,13254,14410,16079,23548,31207,31741,34730,9330,10153,11381,17017,22625,21709,23290,3924,4257,4698,6531,8582,10032,11440
1846,Highincomecountries,1503,Niger,562,3408,3873,4690,8096,9862,11632,13975,2071,2360,2929,4768,5828,6759,8447,1337,1513,1761,3328,4034,4873,5528
1847,Highincomecountries,1503,Nigeria,566,150527,232750,320249,472696,604373,725001,964929,91121,138250,188529,247676,312127,373378,506893,59406,94500,131720,225020,292246,351623,458036
1848,Highincomecountries,1503,SaintHelena,654,539,1933,3372,2887,3039,3633,4114,283,784,1300,1140,1239,1426,1594,256,1149,2072,1747,1800,2207,2520
1849,Highincomecountries,1503,Senegal,686,130520,142747,157074,229714,299403,328559,403536,94287,99736,106904,149692,200914,210629,258460,36233,43011,50170,80022,98489,117930,145076
1850,Highincomecountries,1503,SierraLeone,694,19719,34898,50661,65992,74818,87504,97012,11075,19591,28455,35492,37042,42075,46886,8644,15307,22206,30500,37776,45429,50126
1851,Highincomecountries,1503,Togo,768,19358,26143,33028,43023,50365,56700,67126,11271,15413,19617,24871,28826,31811,37270,8087,10730,13411,18152,21539,24889,29856
1852,Highincomecountries,1503,Kazakhstan,398,58635,309831,564264,765560,923084,965595,1280006,28726,135057,242979,358643,450946,467907,590990,29909,174774,321285,406917,472138,497688,689016
1853,Highincomecountries,1503,Kyrgyzstan,417,7117,24456,42143,66125,86613,91643,122000,3318,10582,18035,30438,41163,43026,52011,3799,13874,24108,35687,45450,48617,69989
1854,Highincomecountries,1503,Tajikistan,762,9539,13154,17321,26198,33654,35911,47270,4790,6294,8139,12681,16473,17433,24662,4749,6860,9182,13517,17181,18478,22608
1855,Highincomecountries,1503,Turkmenistan,795,46250,25690,8225,10777,12947,13887,17278,25019,13691,3633,4811,5741,6047,7408,21231,11999,4592,5966,7206,7840,9870
1856,Highincomecountries,1503,Uzbekistan,860,65631,81837,99427,115887,148255,199381,230427,32529,39794,48130,57503,78491,105610,122511,33102,42043,51297,58384,69764,93771,107916
1857,Highincomecountries,1503,China,156,3407855,4228164,5176482,6615317,7970950,9438196,9625821,1777729,2140634,2552772,3153805,3688710,4321499,4336790,1630126,2087530,2623710,3461512,4282240,5116697,5289031
1858,Highincomecountries,1503,China,156,344,544196,612327,679985,680111,699926,758229,790863,268287,300786,333860,333622,341553,367688,381565,275909,311541,346125,346489,358373,390541
1859,Highincomecountries,1503,China,156,446,83359,85602,88942,98434,109497,115902,126273,41610,42588,43966,46209,49062,50351,53707,41749,43014,44976,52225,60435,65551
1860,Highincomecountries,1503,China,156,158,0,0,0,0,0,0,0,0,0,0,0,0,0,0,0,0,0,0,0,0
1861,Highincomecountries,1503,DemPeoplesRepublicofKorea,408,5923,6396,7123,15510,15425,15418,17597,2925,2943,3127,6504,6331,6385,7311,2998,3453,3996,9006,9094,9033,10286
1862,Highincomecountries,1503,Japan,392,447557,508313,570226,580435,608462,597420,627759,213862,241106,266520,265332,270267,258319,264228,233695,267207,303706,315103,338195,339101,363531
1863,Highincomecountries,1503,Mongolia,496,2803,4435,6546,19443,36112,43783,60315,1158,1775,2642,9248,17786,21271,29603,1645,2660,3904,10195,18326,22512,30712
1864,Highincomecountries,1503,RepublicofKorea,410,1389813,1572277,1758239,1807546,2030869,1896958,1929039,681892,780563,854667,873894,966639,907832,920618,707921,791714,903572,933652,1064230,989126,1008421
1865,Highincomecountries,1503,BruneiDarussalam,96,6624,8192,9836,11123,11703,12935,14352,3341,4057,4802,5417,5826,6337,6973,3283,4135,5034,5706,5877,6598,7379
1866,Highincomecountries,1503,Cambodia,116,237526,254037,271696,276670,305799,368605,372334,114894,122297,130385,131817,144166,172404,172110,122632,131740,141311,144853,161633,196201,200224
1867,Highincomecountries,1503,Indonesia,360,1263495,1379025,1519391,1716742,2214561,2642386,3102137,723694,778074,837979,919938,1185838,1408645,1671662,539801,600951,681412,796804,1028723,1233741,1430475
1868,Highincomecountries,1503,LaoPeoplesDemocraticRepublic,418,252193,272658,292877,276820,278344,291519,258977,126852,137364,147796,140181,138993,144188,126177,125341,135294,145081,136639,139351,147331,132800
1869,Highincomecountries,1503,Malaysia,458,433387,701922,1008954,1154103,1355334,1538572,1619828,207138,316297,437804,510281,607170,684394,720349,226249,385625,571150,643822,748164,854178,899479
1870,Highincomecountries,1503,Myanmar,104,133938,155844,167952,215669,291827,434689,529638,81299,94706,101878,132885,181372,258966,315295,52639,61138,66074,82784,110455,175723,214343
1871,Highincomecountries,1503,Philippines,608,1881907,2323919,2840441,3536316,4581457,5307773,5889761,760101,962327,1195593,1532912,2092083,2444726,2708158,1121806,1361592,1644848,2003404,2489374,2863047,3181603
1872,Highincomecountries,1503,Singapore,702,98628,112625,130024,145303,166156,190060,207566,46089,52235,59841,66111,74713,85510,92137,52539,60390,70183,79192,91443,104550,115429
1873,Highincomecountries,1503,Thailand,764,234663,319382,408423,523034,657303,809324,967684,83670,110261,139160,174494,222468,286073,359593,150993,209121,269263,348540,434835,523251,608091
1874,Highincomecountries,1503,TimorLeste,626,10514,7649,4577,14893,14494,14593,15689,5436,4077,2625,7715,7500,7610,8182,5078,3572,1952,7178,6994,6983,7507
1875,Highincomecountries,1503,VietNam,704,1046332,1353314,1658817,1875085,2133438,2392294,2862788,536987,689694,842757,949568,1066149,1152802,1372953,509345,663620,816060,925517,1067289,1239492,1489835
1876,Highincomecountries,1503,Afghanistan,4,269913,329595,391058,519570,647610,926903,1380793,172415,204679,238120,322414,406613,583994,862968,97498,124916,152938,197156,240997,342909,517825
1877,Highincomecountries,1503,Bangladesh,50,1038977,1242287,1478681,1942031,3030045,3687524,4401976,807041,944820,1107318,1456592,2365239,2854737,3401970,231936,297467,371363,485439,664806,832787,1000006
1878,Highincomecountries,1503,Bhutan,64,553,646,773,2125,5376,12292,14789,352,415,480,1201,2808,6349,7568,201,231,293,924,2568,5943,7221
1879,Highincomecountries,1503,India,356,3225478,4024205,4973124,6732965,10431756,13320655,15419860,2058982,2555088,3151261,4363893,7077429,8985765,10390037,1166496,1469117,1821863,2369072,3354327,4334890,5029823
1880,Highincomecountries,1503,IranIslamicRepublicof,364,560748,659425,745861,832641,929269,1076880,1200353,322311,370452,412707,462294,499097,571235,641681,238437,288973,333154,370347,430172,505645,558672
1881,Highincomecountries,1503,Maldives,462,170,295,447,677,946,1157,1293,96,155,225,332,480,602,668,74,140,222,345,466,555,625
1882,Highincomecountries,1503,Nepal,524,198223,215156,233701,359895,546802,878601,1225895,149083,161256,174550,259624,393647,623754,854265,49140,53900,59151,100271,153155,254847,371630
1883,Highincomecountries,1503,Pakistan,586,1366231,1640100,1969780,2539891,3685277,4486373,5240510,913623,1092741,1307964,1677301,2550199,3058591,3584294,452608,547359,661816,862590,1135078,1427782,1656216
1884,Highincomecountries,1503,SriLanka,144,571106,649739,741845,906593,1187825,1415948,1727976,307278,358362,414975,515357,694696,819543,1016512,263828,291377,326870,391236,493129,596405,711464
1885,Highincomecountries,1503,Armenia,51,76125,90854,106065,128832,149072,173750,192367,38976,45778,52741,64094,72239,82801,91435,37149,45076,53324,64738,76833,90949,100932
1886,Highincomecountries,1503,Azerbaijan,31,33507,43507,53540,63466,69095,76556,101449,17252,21998,26902,31674,34220,37307,49866,16255,21509,26638,31792,34875,39249,51583
1887,Highincomecountries,1503,Bahrain,48,2389,5480,8678,10405,12912,16180,17980,1161,2666,4210,5229,6639,8137,9019,1228,2814,4468,5176,6273,8043,8961
1888,Highincomecountries,1503,Cyprus,196,163382,151501,140637,139885,147436,149001,150096,85526,77830,70198,69755,74411,71120,72770,77856,73671,70439,70130,73025,77881,77326
1889,Highincomecountries,1503,Georgia,268,84433,108604,133169,164624,196451,201838,233027,44203,53655,63063,74494,85632,83948,101278,40230,54949,70106,90130,110819,117890,131749
1890,Highincomecountries,1503,Iraq,368,261116,366137,455925,566629,697767,884934,1158384,143808,207060,261693,322965,395556,479230,635037,117308,159077,194232,243664,302211,405704,523347
1891,Highincomecountries,1503,Israel,376,162026,174146,187745,216265,243847,241037,264445,85316,91637,98939,115577,130275,128571,141457,76710,82509,88806,100688,113572,112466,122988
1892,Highincomecountries,1503,Jordan,400,221382,245842,275836,332239,486115,590056,693982,139567,156786,177440,217423,324762,387322,452980,81815,89056,98396,114816,161353,202734,241002
1893,Highincomecountries,1503,Kuwait,414,37260,56153,75860,86906,128573,146244,160917,22794,33708,45106,51582,80918,90220,99378,14466,22445,30754,35324,47655,56024,61539
1894,Highincomecountries,1503,Lebanon,422,442031,467716,496377,552108,642405,697278,792258,254878,266287,279764,317943,379302,410965,467522,187153,201429,216613,234165,263103,286313,324736
1895,Highincomecountries,1503,Oman,512,669,2048,3530,5122,6114,7526,9035,396,1173,1993,2843,3454,4114,4979,273,875,1537,2279,2660,3412,4056
1896,Highincomecountries,1503,Qatar,634,935,2065,3325,5698,8788,11903,13710,448,1004,1624,2920,4384,5708,6716,487,1061,1701,2778,4404,6195,6994
1897,Highincomecountries,1503,SaudiArabia,682,39971,56498,71103,88795,106277,177933,185429,21464,31348,39826,48022,58385,89904,94853,18507,25150,31277,40773,47892,88029,90576
1898,Highincomecountries,1503,StateofPalestine,275,62302,67582,75398,85073,127554,149277,184463,36346,40334,45965,51426,80771,90932,110104,25956,27248,29433,33647,46783,58345,74359
1899,Highincomecountries,1503,SyrianArabRepublic,760,460490,498230,541035,650321,823627,1395922,2405274,265221,287139,312653,381111,498749,828174,1422160,195269,211091,228382,269210,324878,567748,983114
1900,Highincomecountries,1503,Turkey,792,2444602,2679843,2747196,2468908,2592746,2952249,3277712,1314491,1420781,1470218,1313541,1365370,1518031,1689964,1130111,1259062,1276978,1155367,1227376,1434218,1587748
1901,Highincomecountries,1503,UnitedArabEmirates,784,52766,70104,81849,75593,88669,113474,139648,31153,43211,51231,41893,49028,60806,74792,21613,26893,30618,33700,39641,52668,64856
1902,Highincomecountries,1503,Yemen,887,430024,458260,498665,597026,840125,1026841,1228004,275105,295294,323722,389621,565735,677241,804596,154919,162966,174943,207405,274390,349600,423408
1903,Highincomecountries,1503,Belarus,112,377855,372844,362730,362603,356066,345125,351332,165486,159136,150769,150518,145067,140067,143013,212369,213708,211961,212085,210999,205058,208319
1904,Highincomecountries,1503,Bulgaria,100,129107,175814,223383,428798,613756,690177,1004826,65049,83853,103119,202345,287185,318558,478608,64058,91961,120264,226453,326571,371619,526218
1905,Highincomecountries,1503,Czechia,203,541672,596778,699721,730738,760109,799488,1004335,261447,278643,313331,326383,326617,343531,425614,280225,318135,386390,404355,433492,455957,578721
1906,Highincomecountries,1503,Hungary,348,360887,373333,391100,438999,485181,574909,687763,182126,186854,196341,215522,235071,280151,339797,178761,186479,194759,223477,250110,294758,347966
1907,Highincomecountries,1503,Poland,616,1574180,1688197,1968871,2813734,3651996,4008549,4752175,716664,752024,846672,1276048,1703601,1852699,2264805,857516,936173,1122199,1537686,1948395,2155850,2487370
1908,Highincomecountries,1503,RepublicofMoldova,498,113697,120959,127511,245476,360914,456698,681579,51264,53818,56250,103344,148666,192804,314509,62433,67141,71261,142132,212248,263894,367070
1909,Highincomecountries,1503,Romania,642,781524,939631,1095685,2063105,3319475,3377733,3935724,362932,443950,525274,970228,1564067,1551826,1855963,418592,495681,570411,1092877,1755408,1825907,2079761
1910,Highincomecountries,1503,RussianFederation,643,1694748,1991310,2298762,2366011,2390887,2361044,2754982,761849,856359,956045,1002759,991841,994044,1114676,932899,1134951,1342717,1363252,1399046,1367000,1640306
1911,Highincomecountries,1503,Slovakia,703,126601,183751,242338,264918,253411,339992,412138,62794,91395,120791,125210,115763,153509,191916,63807,92356,121547,139708,137648,186483,220222
1912,Highincomecountries,1503,Ukraine,804,1027942,1121502,1228461,1460255,1642543,1718421,2041609,466175,498577,539376,627904,684885,708470,868420,561767,622925,689085,832351,957658,1009951,1173189
1913,Highincomecountries,1503,ChannelIslands,830,18629,15553,12740,14758,15588,16358,17026,8723,7452,6288,7149,7709,8257,8790,9906,8101,6452,7609,7879,8101,8236
1914,Highincomecountries,1503,Denmark,208,192881,197939,205938,213436,222836,225174,242738,87111,89509,94098,100441,105797,105713,114596,105770,108430,111840,112995,117039,119461,128142
1915,Highincomecountries,1503,Estonia,233,33716,45664,56780,70253,79764,113921,131200,15804,20268,24342,30181,34396,49387,56578,17912,25396,32438,40072,45368,64534,74622
1916,Highincomecountries,1503,FaroeIslands,234,7518,10003,12410,12484,12364,13407,12927,2989,4113,5236,5200,5189,5736,5511,4529,5890,7174,7284,7175,7671,7416
1917,Highincomecountries,1503,Finland,246,244814,281802,307450,291894,283009,272860,301445,99087,112945,121864,117222,111485,104520,119055,145727,168857,185586,174672,171524,168340,182390
1918,Highincomecountries,1503,Iceland,352,17486,21275,25906,28139,31645,36231,42386,8559,10354,12609,13835,15648,17845,20604,8927,10921,13297,14304,15997,18386,21782
1919,Highincomecountries,1503,Ireland,372,909564,856781,813061,760630,716556,720633,715562,409642,382051,357830,338023,322209,327672,332250,499922,474730,455231,422607,394347,392961,383312
1920,Highincomecountries,1503,IsleofMan,833,10735,9003,7377,8483,9031,10575,12012,5098,4363,3675,4166,4532,5182,5802,5637,4640,3702,4317,4499,5393,6210
1921,Highincomecountries,1503,Latvia,428,83164,92428,100105,141055,157792,246519,256966,36998,40496,43351,61280,67485,109319,116384,46166,51932,56754,79775,90307,137200,140582
1922,Highincomecountries,1503,Lithuania,440,197367,199948,207188,281831,397779,433997,535223,85202,84050,85494,119944,171637,190627,234023,112165,115898,121694,161887,226142,243370,301200
1923,Highincomecountries,1503,Norway,578,129094,137913,145429,153637,157353,161547,165391,54825,58266,61324,66537,68439,69690,72588,74269,79647,84105,87100,88914,91857,92803
1924,Highincomecountries,1503,Sweden,752,197873,214833,243260,255194,278314,288151,310267,83065,91429,105743,112309,122403,128548,138899,114808,123404,137517,142885,155911,159603,171368
1925,Highincomecountries,1503,UnitedKingdom,826,3542251,3465511,3556683,3789217,4132044,4119838,4444656,1756035,1721753,1773991,1906081,2072540,2086850,2266017,1786216,1743758,1782692,1883136,2059504,2032988,2178639
1926,Highincomecountries,1503,Albania,8,131868,438091,748663,890085,1038850,1065230,1170546,88900,255284,422653,485247,548562,543831,609235,42968,182807,326010,404838,490288,521399,561311
1927,Highincomecountries,1503,Andorra,20,3737,4140,5574,5719,7061,7694,9910,1735,1938,2646,2733,3396,3643,4649,2002,2202,2928,2986,3665,4051,5261
1928,Highincomecountries,1503,BosniaandHerzegovina,70,806966,1091315,1104543,1138028,1183143,1212988,1299470,401145,538744,548475,564266,589266,597124,651157,405821,552571,556068,573762,593877,615864,648313
1929,Highincomecountries,1503,Croatia,191,363584,447260,543295,519758,497364,488191,716177,184228,222448,267668,253167,238038,233085,350269,179356,224812,275627,266591,259326,255106,365908
1930,Highincomecountries,1503,Gibraltar,292,11919,10065,8382,9572,10118,11831,13291,5633,4856,4140,4706,5084,5711,6369,6286,5209,4242,4866,5034,6120,6922
1931,Highincomecountries,1503,Greece,300,853947,859691,859559,749157,674216,701655,944663,455651,453764,449336,394127,354599,366185,503743,398296,405927,410223,355030,319617,335470,440920
1932,Highincomecountries,1503,HolySee,336,10,26,41,110,175,309,174,5,17,28,54,76,114,71,5,9,13,56,99,195,103
1933,Highincomecountries,1503,Italy,380,2802684,2741696,2677757,2355317,2252620,2315726,2895232,1453246,1421235,1388419,1234192,1170185,1220252,1564893,1349438,1320461,1289338,1121125,1082435,1095474,1330339
1934,Highincomecountries,1503,Malta,470,109928,108958,103915,99529,98759,92903,101956,56116,55117,51880,49506,49165,46920,51277,53812,53841,52035,50023,49594,45983,50679
1935,Highincomecountries,1503,Montenegro,499,54113,70150,80848,60565,62376,48589,46406,28246,36854,42691,31555,29524,23668,23379,25867,33296,38157,29010,32852,24921,23027
1936,Highincomecountries,1503,NorthMacedonia,807,369854,353477,336017,263205,324291,363416,434698,186079,181315,176881,140540,169668,186764,225545,183775,172162,159136,122665,154623,176652,209153
1937,Highincomecountries,1503,Portugal,620,1480136,1571811,1681800,1464248,1696548,1721618,1818481,753292,798728,854677,751276,865036,879690,935363,726844,773083,827123,712972,831512,841928,883118
1938,Highincomecountries,1503,SanMarino,674,1344,2382,3416,2834,2165,3579,2300,521,1085,1647,1260,833,1238,955,823,1297,1769,1574,1332,2341,1345
1939,Highincomecountries,1503,Serbia,688,704131,872035,1085711,925401,885074,781519,958074,376561,461658,571496,475214,441020,386388,476940,327570,410377,514215,450187,444054,395131,481134
1940,Highincomecountries,1503,Slovenia,705,84925,94598,101275,103772,106377,119913,143351,37136,41290,44601,45849,47248,53974,66072,47789,53308,56674,57923,59129,65939,77279
1941,Highincomecountries,1503,Spain,724,971003,972253,973690,827483,817651,966344,1167370,452506,442523,431278,366832,353599,425790,532921,518497,529730,542412,460651,464052,540554,634449
1942,Highincomecountries,1503,Austria,40,473466,453988,438046,454748,479411,475201,552108,218982,209993,202528,208086,213055,214274,257897,254484,243995,235518,246662,266356,260927,294211
1943,Highincomecountries,1503,Belgium,56,341022,352538,375364,413368,457335,485329,539413,144921,150045,160745,190160,204410,228448,257347,196101,202493,214619,223208,252925,256881,282066
1944,Highincomecountries,1503,France,250,941729,1051676,1216656,1362127,1555835,1679450,1866174,428314,487519,572243,645321,737412,798830,895239,513415,564157,644413,716806,818423,880620,970935
1945,Highincomecountries,1503,Germany,276,2378678,2502087,2681169,2874646,3132677,3066561,3161734,1068219,1143488,1245292,1349687,1444892,1437670,1496858,1310459,1358599,1435877,1524959,1687785,1628891,1664876
1946,Highincomecountries,1503,Liechtenstein,438,3249,2846,2520,2807,3487,3429,3601,1334,1194,1092,1225,1493,1490,1580,1915,1652,1428,1582,1994,1939,2021
1947,Highincomecountries,1503,Luxembourg,442,35677,37375,39220,52355,61519,68765,81076,18383,19036,19763,26118,28643,32443,40128,17294,18339,19457,26237,32876,36322,40948
1948,Highincomecountries,1503,Monaco,492,4007,4285,4589,18630,26424,28751,31922,2041,2152,2266,9318,12805,13601,15118,1966,2133,2323,9312,13619,15150,16804
1949,Highincomecountries,1503,Netherlands,528,671605,683130,701237,737140,796378,807830,897315,331375,338631,347650,369101,396519,404011,447374,340230,344499,353587,368039,399859,403819,449941
1950,Highincomecountries,1503,Switzerland,756,291018,305780,337895,470805,591128,610138,671915,126734,134694,151559,218339,272172,277217,304729,164284,171086,186336,252466,318956,332921,367186
1951,Highincomecountries,1503,Anguilla,660,1356,1665,1991,2096,2135,2418,2373,703,844,989,1028,1065,1256,1196,653,821,1002,1068,1070,1162,1177
1952,Highincomecountries,1503,AntiguaandBarbuda,28,19760,25281,31011,34715,39731,46059,60557,8909,11415,14029,15779,17909,20454,26676,10851,13866,16982,18936,21822,25605,33881
1953,Highincomecountries,1503,Aruba,533,5062,5843,6704,8633,12734,15795,20650,2219,2566,2949,3836,5509,6870,8946,2843,3277,3755,4797,7225,8925,11704
1954,Highincomecountries,1503,Bahamas,44,24352,28703,33271,33708,35002,41966,52774,10240,12182,14258,14563,14903,17618,21817,14112,16521,19013,19145,20099,24348,30957
1955,Highincomecountries,1503,Barbados,52,83036,87728,92866,90897,94266,99937,97661,39220,41463,43899,42888,44030,46147,44894,43816,46265,48967,48009,50236,53790,52767
1956,Highincomecountries,1503,Bonaire,16,535,212,297,382,497,6801,7022,7878,102,144,189,243,3011,3104,3515,110,153,193,254,3790,3918
1957,Highincomecountries,1503,BritishVirginIslands,92,2979,3210,3476,3738,4175,4283,4403,1276,1374,1487,1627,1816,1856,1907,1703,1836,1989,2111,2359,2427,2496
1958,Highincomecountries,1503,CaymanIslands,136,278,717,1200,1210,1318,1598,1797,144,320,516,546,608,731,798,134,397,684,664,710,867,999
1959,Highincomecountries,1503,Cuba,192,795495,892193,1000971,1114177,1259588,1449045,1682817,378436,423535,474688,528761,588450,671615,781068,417059,468658,526283,585416,671138,777430,901749
1960,Highincomecountries,1503,CuraÃao,531,1174,1895,2651,3594,44173,5118,6518,576,951,1337,1832,20408,2603,3276,598,944,1314,1762,23765,2515,3242
1961,Highincomecountries,1503,Dominica,212,33389,37013,40913,57274,67449,66730,72317,15847,17391,19043,25920,28942,28300,30338,17542,19622,21870,31354,38507,38430,41979
1962,Highincomecountries,1503,DominicanRepublic,214,430726,641928,866114,991493,1161015,1429046,1581799,184779,273486,366552,421358,487122,598225,653742,245947,368442,499562,570135,673893,830821,928057
1963,Highincomecountries,1503,Grenada,308,41929,52831,62663,63476,62488,67554,60640,19053,23999,28399,28329,27237,29328,26838,22876,28832,34264,35147,35251,38226,33802
1964,Highincomecountries,1503,Guadeloupe,312,208,315,439,1535,2577,2752,2925,103,154,213,744,1236,1289,1373,105,161,226,791,1341,1463,1552
1965,Highincomecountries,1503,Haiti,332,309067,425462,545832,664911,771036,950601,1192019,153752,211981,272464,329681,375331,464080,607488,155315,213481,273368,335230,395705,486521,584531
1966,Highincomecountries,1503,Jamaica,388,585295,715437,854991,902365,986931,1028584,1115779,266323,322858,383947,401328,425536,438742,473305,318972,392579,471044,501037,561395,589842,642474
1967,Highincomecountries,1503,Martinique,474,321,313,331,486,637,792,852,160,159,160,262,354,368,398,161,154,171,224,283,424,454
1968,Highincomecountries,1503,Montserrat,500,6961,11307,15789,15410,16926,19645,24081,3226,5017,6867,6838,7562,8555,10363,3735,6290,8922,8572,9364,11090,13718
1969,Highincomecountries,1503,PuertoRico,630,1186348,1390590,1583573,1626979,1721468,1706690,1840837,568000,630640,680679,704545,732252,836709,900424,618348,759950,902894,922434,989216,869981,940413
1970,Highincomecountries,1503,SaintBarthelemy,652,0,0,0,0,0,0,0,0,0,0,0,0,0,0,0,0,0,0,0,0,0
1971,Highincomecountries,1503,SaintKittsandNevis,659,17751,23678,29759,32072,34411,38742,48769,8206,10894,13656,14546,15300,17238,21445,9545,12784,16103,17526,19111,21504,27324
1972,Highincomecountries,1503,SaintLucia,662,18003,26352,34907,42189,45466,53187,66370,8039,11709,15450,18276,19145,22132,27513,9964,14643,19457,23913,26321,31055,38857
1973,Highincomecountries,1503,SaintMartinFrenchpart,663,0,0,0,0,0,0,0,0,0,0,0,0,0,0,0,0,0,0,0,0,0
1974,Highincomecountries,1503,SaintVincentandtheGrenadines,670,36013,44513,52200,54167,54006,60807,53999,17382,21706,25632,25997,25344,28425,25135,18631,22807,26568,28170,28662,32382,28864
1975,Highincomecountries,1503,SintMaartenDutchpart,534,329,528,729,816,2854,1458,1730,167,271,377,422,1352,707,840,162,257,352,394,1502,751,890
1976,Highincomecountries,1503,TrinidadandTobago,780,188601,241929,298116,313070,340588,358565,320404,83258,105422,128986,134790,143872,149954,132826,105343,136507,169130,178280,196716,208611,187578
1977,Highincomecountries,1503,TurksandCaicosIslands,796,2304,1527,734,1168,1624,1758,1882,1000,673,339,513,696,729,780,1304,854,395,655,928,1029,1102
1978,Highincomecountries,1503,UnitedStatesVirginIslands,850,1566,1863,2215,2156,1984,2106,2014,745,885,1051,1033,942,1008,969,821,978,1164,1123,1042,1098,1045
1979,Highincomecountries,1503,Belize,84,32396,38272,44446,47828,52698,58469,47695,13396,16013,18799,20391,22085,24325,19574,19000,22259,25647,27437,30613,34144,28121
1980,Highincomecountries,1503,CostaRica,188,52508,69433,87286,98360,112693,116010,126235,21444,28672,36361,41391,46949,47972,51978,31064,40761,50925,56969,65744,68038,74257
1981,Highincomecountries,1503,ElSalvador,222,510574,704881,903524,1072005,1278215,1446187,1518864,258745,357987,459905,548828,646408,725786,760128,251829,346894,443619,523177,631807,720401,758736
1982,Highincomecountries,1503,Guatemala,320,246166,382292,521835,672977,853147,1031239,1273000,124409,193662,264894,343173,429618,516421,630684,121757,188630,256941,329804,423529,514818,642316
1983,Highincomecountries,1503,Honduras,340,116166,207913,302547,404413,534148,667790,894669,49213,89284,130810,175638,225549,277299,359888,66953,118629,171737,228775,308599,390491,534781
1984,Highincomecountries,1503,Mexico,484,4356648,6907710,9517296,10771149,12363196,11863522,11116875,2340244,3727111,5150823,5853598,6641387,6326754,5911200,2016404,3180599,4366473,4917551,5721809,5536768,5205675
1985,Highincomecountries,1503,Nicaragua,558,184199,215348,247969,262000,294384,331708,333843,88015,103125,119038,125900,137215,151697,147329,96184,112223,128931,136100,157169,180011,186514
1986,Highincomecountries,1503,Panama,591,91996,104252,117284,116731,119727,129039,114912,44889,51197,57926,57860,58491,62563,54864,47107,53055,59358,58871,61236,66476,60048
1987,Highincomecountries,1503,Argentina,32,297265,337988,398272,641858,764243,752793,856620,135961,156164,186826,312226,371564,362087,408729,161304,181824,211446,329632,392679,390706,447891
1988,Highincomecountries,1503,BoliviaPlurinationalStateof,68,50481,67487,85657,206664,363187,334475,417815,24586,32649,41365,95593,160538,145898,179022,25895,34838,44292,111071,202649,188577,238793
1989,Highincomecountries,1503,Brazil,76,303979,538240,736000,967027,1245064,1220281,1585506,126341,225883,304163,395624,502146,486912,639046,177638,312357,431837,571403,742918,733369,946460
1990,Highincomecountries,1503,Chile,152,196770,217650,242897,285015,320537,328002,338812,91991,101081,112375,133913,149788,151061,156483,104779,116569,130522,151102,170749,176941,182329
1991,Highincomecountries,1503,Colombia,170,386859,542211,709646,1076505,1342965,1453324,1811584,167630,237283,312121,476163,590484,629035,781724,219229,304928,397525,600342,752481,824289,1029860
1992,Highincomecountries,1503,Ecuador,218,169426,277871,393200,931734,1090092,1059894,1049458,83241,135632,191594,451647,524704,502632,492126,86185,142239,201606,480087,565388,557262,557332
1993,Highincomecountries,1503,FalklandIslandsMalvinas,238,237,740,1240,1068,1132,1318,1464,130,326,517,454,494,552,605,107,414,723,614,638,766,859
1994,Highincomecountries,1503,FrenchGuiana,254,65,61,68,79,85,303,323,31,29,33,42,48,149,159,34,32,35,37,37,154,164
1995,Highincomecountries,1503,Guyana,328,218128,277129,340453,367386,410645,450261,406007,102837,130688,160627,172440,189712,206823,184912,115291,146441,179826,194946,220933,243438,221095
1996,Highincomecountries,1503,Paraguay,600,16389,20881,26001,54738,132996,114477,153682,7230,8535,9928,20607,46345,37111,50470,9159,12346,16073,34131,86651,77366,103212
1997,Highincomecountries,1503,Peru,604,238213,384150,524251,749838,1023883,1097114,1201032,106979,169261,228639,328619,426061,448793,503453,131234,214889,295612,421219,597822,648321,697579
1998,Highincomecountries,1503,Suriname,740,161111,173994,192787,224595,230200,228223,243783,77751,82350,89619,103638,102606,100183,106735,83360,91644,103168,120957,127594,128040,137048
1999,Highincomecountries,1503,Uruguay,858,62194,69694,82052,146183,185548,176949,185599,29250,32727,38839,71163,86872,82041,86047,32944,36967,43213,75020,98676,94908,99552
2000,Highincomecountries,1503,VenezuelaBolivarianRepublicof,862,122662,173341,242658,363629,477026,607887,1713354,52307,73590,104558,158221,206471,262573,776469,70355,99751,138100,205408,270555,345314,936885
2001,Highincomecountries,1503,Bermuda,60,71603,42530,14028,14849,15233,16135,21008,34655,20673,6929,7354,7537,7948,10244,36948,21857,7099,7495,7696,8187,10764
2002,Highincomecountries,1503,Canada,124,955759,1022599,1094977,1133085,1203398,1194069,1214650,345410,371967,401784,423710,446909,440406,454833,610349,650632,693193,709375,756489,753663,759817
2003,Highincomecountries,1503,Greenland,304,8996,10910,12874,14260,15015,16306,17414,3586,4377,5197,5870,6289,6939,7417,5410,6533,7677,8390,8726,9367,9997
2004,Highincomecountries,1503,SaintPierreandMiquelon,666,444,433,435,369,326,335,366,216,220,231,185,151,183,201,228,213,204,184,175,152,165
2005,Highincomecountries,1503,UnitedStatesofAmerica,840,1252688,1279471,1330438,1444882,1526880,1577938,1738860,620142,631122,653635,710902,736205,779142,857607,632546,648349,676803,733980,790675,798796,881253
2006,Highincomecountries,1503,Australia,36,257570,299831,343774,382132,429172,458730,534605,116065,134396,154232,174490,204125,213974,250513,141505,165435,189542,207642,225047,244756,284092
2007,Highincomecountries,1503,NewZealand,554,374383,403092,475557,540838,646142,720919,787774,189375,202373,238228,273261,329079,365690,396959,185008,200719,237329,267577,317063,355229,390815
2008,Highincomecountries,1503,Fiji,242,86246,103526,129920,154362,180378,205131,230422,41841,49432,62269,73947,85849,97588,109086,44405,54094,67651,80415,94529,107543,121336
2009,Highincomecountries,1503,NewCaledonia,540,3013,3335,3520,3738,4006,4273,4524,1366,1492,1563,1739,1974,2069,2195,1647,1843,1957,1999,2032,2204,2329
2010,Highincomecountries,1503,PapuaNewGuinea,598,1844,2808,2985,3232,3391,4153,3993,933,1386,1493,1582,1644,1909,1911,911,1422,1492,1650,1747,2244,2082
2011,Highincomecountries,1503,SolomonIslands,90,1154,1500,1780,2016,2343,2818,3191,558,704,817,903,1068,1306,1454,596,796,963,1113,1275,1512,1737
2012,Highincomecountries,1503,Vanuatu,548,4357,5081,5715,6711,7180,6293,6796,2290,2645,2967,3461,3619,2971,3175,2067,2436,2748,3250,3561,3322,3621
2013,Highincomecountries,1503,Guam,316,1257,1483,1692,1636,1172,1081,1099,620,766,876,805,536,506,501,637,717,816,831,636,575,598
2014,Highincomecountries,1503,Kiribati,296,2172,2360,2125,2411,2104,2632,3593,1000,1082,957,1101,941,1191,1660,1172,1278,1168,1310,1163,1441,1933
2015,Highincomecountries,1503,MarshallIslands,584,1300,4040,6870,6555,6397,7526,10790,635,2007,3429,3282,3161,3708,5260,665,2033,3441,3273,3236,3818,5530
2016,Highincomecountries,1503,MicronesiaFedStatesof,583,7612,12017,16766,18160,19172,20384,24694,3875,6080,8435,9125,9581,10173,12221,3737,5937,8331,9035,9591,10211,12473
2017,Highincomecountries,1503,Nauru,520,465,496,512,591,651,743,818,217,232,247,302,354,362,394,248,264,265,289,297,381,424
2018,Highincomecountries,1503,NorthernMarianaIslands,580,2132,2269,2394,2469,2465,2457,2589,995,1070,1142,1212,1249,1254,1311,1137,1199,1252,1257,1216,1203,1278
2019,Highincomecountries,1503,Palau,585,2576,2498,2494,2527,2279,2212,2303,1150,1150,1151,1228,1181,1147,1197,1426,1348,1343,1299,1098,1065,1106
2020,Highincomecountries,1503,AmericanSamoa,16,68,103,135,139,121,121,0,34,60,63,67,60,67,0,34,43,72,72,61,54,0
2021,Highincomecountries,1503,CookIslands,184,17440,16958,19420,19524,20501,21503,21057,8358,8127,9470,9529,10043,10669,10431,9082,8831,9950,9995,10458,10834,10626
2022,Highincomecountries,1503,FrenchPolynesia,258,3051,3649,4204,2595,1141,1505,1621,1541,1822,2075,1319,648,868,943,1510,1827,2129,1276,493,637,678
2023,Highincomecountries,1503,Niue,570,5821,5500,5641,5219,5307,5304,5141,2812,2609,2728,2547,2582,2590,2521,3009,2891,2913,2672,2725,2714,2620
2024,Highincomecountries,1503,Samoa,882,59557,65163,76274,81825,88172,100218,119033,28658,31206,37261,40020,43072,49176,58305,30899,33957,39013,41805,45100,51042,60728
2025,Highincomecountries,1503,Tokelau,772,1523,1648,1899,1938,2035,2060,2008,755,819,937,962,1025,1042,1016,768,829,962,976,1010,1018,992
2026,Highincomecountries,1503,Tonga,776,29974,35556,43833,45636,48735,55422,70784,14745,17400,21498,22468,23950,27414,34691,15229,18156,22335,23168,24785,28008,36093
2027,Highincomecountries,1503,Tuvalu,798,1454,1839,1698,1742,1583,1767,2215,716,899,864,878,762,875,1081,738,940,834,864,821,892,1134
2028,Highincomecountries,1503,WallisandFutunaIslands,876,6472,6929,7386,7423,7453,11215,11906,3658,3708,3754,3693,3628,5359,5668,2814,3221,3632,3730,3825,5856,6238
2029,Middleincomecountries,1517,Developedregions,901,21703542,20768329,19664331,18932075,18531567,19044147,19989655,9987215,9551359,9003755,8701195,8527863,8757202,9124456,11716327,11216970,10660576,10230880,10003704,10286945,10865199
2030,Middleincomecountries,1517,Lessdevelopedregions,902,42556857,40655557,41990378,43365853,47444345,54742035,61373678,22082296,21063901,21912823,22790146,24912929,28919972,32582067,20474561,19591656,20077555,20575707,22531416,25822063,28791611
2031,Middleincomecountries,1517,Lessdevelopedregions,902,934,23980957,24142633,24599410,25463187,27093553,33187885,38673953,12049146,12199227,12583821,13132980,14078025,17545566,20285480,11931811,11943406,12015589,12330207,13015528,15642319
2032,Middleincomecountries,1517,Lessdevelopedregions,902,948,41750539,39869481,41296496,42591394,46559079,53761644,60343197,21672278,20658004,21548363,22363628,24419879,28359442,32026363,20078261,19211477,19748133,20227766,22139200,25402202
2033,Middleincomecountries,1517,Leastdevelopedcountries,941,18575900,16512924,17390968,17902666,20350792,21554150,22699725,10033150,8864674,9329002,9657166,10834904,11374406,12296587,8542750,7648250,8061966,8245500,9515888,10179744,10403138
2034,Middleincomecountries,1517,LandlockedDevelopingCountriesLLDC,1636,19858430,18031096,18628554,18783619,20561178,21865101,22260387,10141544,9203862,9628488,9737799,10475049,11104498,11353509,9716886,8827234,9000066,9045820,10086129,10760603,10906878
2035,Middleincomecountries,1517,SmallislanddevelopingStatesSIDS,1637,461546,569667,703822,719106,744451,939378,1032284,258326,314452,385327,400809,416650,551520,591664,203220,255215,318495,318297,327801,387858,440620
2036,Middleincomecountries,1517,Highincomecountries,1503,5041012,5087414,5158454,5403719,5777755,6054437,6616973,2538217,2571220,2601430,2754346,2957925,3081741,3329405,2502795,2516194,2557024,2649373,2819830,2972696,3287568
2037,Middleincomecountries,1517,Middleincomecountries,1517,46609443,46053899,45824987,46391985,48291599,50202388,55810379,22688048,22446518,22451401,22796360,23902480,24990029,27862903,23921395,23607381,23373586,23595625,24389119,25212359,27947476
2038,Middleincomecountries,1517,Uppermiddleincomecountries,1502,22913814,22521279,21861498,21556593,22037481,22580673,27051049,10603739,10502966,10277866,10250474,10559374,10889555,12871899,12310075,12018313,11583632,11306119,11478107,11691118,14179150
2039,Middleincomecountries,1517,Lowermiddleincomecountries,1501,23695629,23532620,23963489,24835392,26254118,27621715,28759330,12084309,11943552,12173535,12545886,13343106,14100474,14991004,11611320,11589068,11789954,12289506,12911012,13521241,13768326
2040,Middleincomecountries,1517,Lowincomecountries,1500,12436995,10111059,10500918,10366885,11732461,17340438,18737963,6748304,5503475,5770502,5866603,6488548,9505832,10409819,5688691,4607584,4730416,4500282,5243913,7834606,8328144
2041,Middleincomecountries,1517,MiddleAfrica,911,538525,646866,1017528,1025575,1013381,1287491,1430229,273648,327859,518013,558100,525810,673840,764116,264877,319007,499515,467475,487571,613651,666113
2042,Middleincomecountries,1517,WesternAsia,922,5834744,6359328,6632109,6864472,7062368,11875672,13229507,2834829,3196969,3462395,3634804,3739550,6482687,7194994,2999915,3162359,3169714,3229668,3322818,5392985,6034513
2043,Middleincomecountries,1517,EasternEurope,923,17679351,16303794,14925695,14137359,13501785,13912543,14329066,7969812,7323308,6656622,6320328,6040370,6228671,6369772,9709539,8980486,8269073,7817031,7461415,7683872,7959294
2044,Middleincomecountries,1517,CentralAmerica,916,1231803,657813,485995,532693,595725,646288,771913,598629,319206,238709,257362,281584,306196,376419,633174,338607,247286,275331,314141,340092,395494
2045,Middleincomecountries,1517,Melanesia,928,6776,5786,4968,5389,5553,5440,5398,3254,2916,2596,2852,2882,2833,2833,3522,2870,2372,2537,2671,2607,2565
2046,Middleincomecountries,1517,Micronesia,954,3946,3991,6181,5583,4790,4876,5083,1975,2069,3013,2779,2445,2504,2613,1971,1922,3168,2804,2345,2372,2470
2047,Middleincomecountries,1517,Polynesia,957,20845,22861,24852,23677,22455,22131,22148,10855,11800,12728,12065,11392,11179,11211,9990,11061,12124,11612,11063,10952,10937
2048,Middleincomecountries,1517,Burundi,108,235260,313329,633193,471753,125089,196426,253378,116219,156567,322577,309492,63692,97960,129378,119041,156762,310616,162261,61397,98466,124000
2049,Middleincomecountries,1517,Comoros,174,2215,3298,4409,4985,5487,5752,6350,1841,2671,3548,4111,4521,4764,5293,374,627,861,874,966,988,1057
2050,Middleincomecountries,1517,Djibouti,262,938,1112,1320,1481,1620,1663,1892,584,714,872,1051,1148,1204,1355,354,398,448,430,472,459,537
2051,Middleincomecountries,1517,Eritrea,232,2426,2854,3845,3988,7302,12097,27195,1304,1583,2107,2451,4309,7094,13692,1122,1271,1738,1537,2993,5003,13503
2052,Middleincomecountries,1517,Ethiopia,231,46149,45190,35901,35695,69449,125071,108162,23978,23980,18473,19283,36022,71111,63506,22171,21210,17428,16412,33427,53960,44656
2053,Middleincomecountries,1517,Kenya,404,47243,44334,43325,47671,54043,56697,56445,21428,19985,19366,21712,24137,25229,26410,25815,24349,23959,25959,29906,31468,30035
2054,Middleincomecountries,1517,Madagascar,450,11542,11323,11196,10902,10692,10790,10861,5309,5229,5177,5103,5042,5114,5195,6233,6094,6019,5799,5650,5676,5666
2055,Middleincomecountries,1517,Malawi,454,108589,106263,135312,155126,185117,216350,224191,65683,64881,83434,96360,113838,132478,142542,42906,41382,51878,58766,71279,83872,81649
2056,Middleincomecountries,1517,Mauritius,480,8094,6079,5150,6569,7798,9775,11167,4754,3469,2771,3446,3810,4747,6037,3340,2610,2379,3123,3988,5028,5130
2057,Middleincomecountries,1517,Mayotte,175,0,0,0,0,0,0,0,0,0,0,0,0,0,0,0,0,0,0,0,0,0
2058,Middleincomecountries,1517,Mozambique,508,1064338,669454,499192,520155,667202,463231,501776,635253,414321,319819,340196,448479,284828,319577,429085,255133,179373,179959,218723,178403,182199
2059,Middleincomecountries,1517,Reunion,638,2100,1509,1079,1083,1126,1196,1246,1125,783,510,489,468,467,513,975,726,569,594,658,729,733
2060,Middleincomecountries,1517,Rwanda,646,75727,617360,73807,36822,43930,46337,48934,38565,303669,37093,19500,22798,24343,26128,37162,313691,36714,17322,21132,21994,22806
2061,Middleincomecountries,1517,Seychelles,690,386,582,775,949,1032,1204,1283,230,321,399,477,501,603,674,156,261,376,472,531,601,609
2062,Middleincomecountries,1517,Somalia,706,119693,315435,353525,411462,633743,791734,732960,63853,172805,196833,237957,349522,432182,406143,55840,142630,156692,173505,284221,359552,326817
2063,Middleincomecountries,1517,SouthSudan,728,11253,57683,83205,64653,55707,103877,143097,6511,30790,43254,34896,28978,52943,73217,4742,26893,39951,29757,26729,50934,69880
2064,Middleincomecountries,1517,Uganda,800,111485,155694,278532,335883,391451,393775,348041,56641,73706,133710,166994,178755,180376,160641,54844,81988,144822,168889,212696,213399,187400
2065,Middleincomecountries,1517,UnitedRepublicofTanzania,834,76762,84419,63078,56307,55729,57657,56300,41574,45369,32502,29998,28956,30088,30425,35188,39050,30576,26309,26773,27569,25875
2066,Middleincomecountries,1517,Zambia,894,51558,59196,73470,84786,75182,68223,72263,27525,31503,38780,44241,39140,36049,38313,24033,27693,34690,40545,36042,32174,33950
2067,Middleincomecountries,1517,Zimbabwe,716,123869,135863,169864,231827,394663,765021,787701,66083,74629,94755,130835,214772,417765,432899,57786,61234,75109,100992,179891,347256,354802
2068,Middleincomecountries,1517,Angola,24,174912,205506,350540,193210,151417,162661,176431,91898,107026,182729,100542,80907,85835,96099,83014,98480,167811,92668,70510,76826,80332
2069,Middleincomecountries,1517,Cameroon,120,34211,39294,46122,57906,69380,91111,122134,18364,20815,24376,31973,38575,52518,69692,15847,18479,21746,25933,30805,38593,52442
2070,Middleincomecountries,1517,CentralAfricanRepublic,140,10927,12108,16481,29571,130688,305151,336725,5823,5866,7438,13344,66418,153982,169685,5104,6242,9043,16227,64270,151169,167040
2071,Middleincomecountries,1517,Chad,148,112836,107197,103036,102132,86774,80160,78584,57300,54428,52464,56401,48914,45274,44577,55536,52769,50572,45731,37860,34886,34007
2072,Middleincomecountries,1517,Congo,178,26035,37617,49114,59120,69781,80283,86514,13273,19434,25977,29739,36222,42667,47493,12762,18183,23137,29381,33559,37616,39021
2073,Middleincomecountries,1517,DemocraticRepublicoftheCongo,180,142468,196658,391949,514897,426520,462606,514178,68741,96492,195283,291834,214926,234613,271793,73727,100166,196666,223063,211594,227993,242385
2074,Middleincomecountries,1517,EquatorialGuinea,226,27711,36845,46075,53193,61016,84688,93193,13623,18092,22781,26551,31112,48377,53161,14088,18753,23294,26642,29904,36311,40032
2075,Middleincomecountries,1517,Gabon,266,1448,1722,2354,2855,4059,5172,5403,700,865,1193,1607,2175,2615,2743,748,857,1161,1248,1884,2557,2660
2076,Middleincomecountries,1517,SaoTomeandPrincipe,678,7977,9919,11857,12691,13746,15659,17067,3926,4841,5772,6109,6561,7959,8873,4051,5078,6085,6582,7185,7700,8194
2077,Middleincomecountries,1517,Algeria,12,34186,34601,31481,31944,31976,37976,41401,16677,17147,15812,16438,16440,19615,21688,17509,17454,15669,15506,15536,18361,19713
2078,Middleincomecountries,1517,Egypt,818,301906,389736,476024,272511,277427,232764,249594,206148,266612,325879,190857,205826,137560,151347,95758,123124,150145,81654,71601,95204,98247
2079,Middleincomecountries,1517,Libya,434,28488,26043,24636,23430,29515,44339,53046,14926,14039,13709,13393,16517,26147,31194,13562,12004,10927,10037,12998,18192,21852
2080,Middleincomecountries,1517,Morocco,504,21604,22483,22483,22620,22669,24452,26395,10646,11090,11070,11871,11937,13164,14157,10958,11393,11413,10749,10732,11288,12238
2081,Middleincomecountries,1517,Sudan,729,73033,92213,87317,123659,99861,78684,103806,41461,51700,47397,72969,58900,47561,59378,31572,40513,39920,50690,40961,31123,44428
2082,Middleincomecountries,1517,Tunisia,788,6278,6755,7685,8037,9120,9701,10858,3219,3576,4151,4613,5202,5559,6219,3059,3179,3534,3424,3918,4142,4639
2083,Middleincomecountries,1517,WesternSahara,732,168016,167020,166030,131238,170156,184696,193633,92444,91750,91057,71974,89905,97519,102186,75572,75270,74973,59264,80251,87177,91447
2084,Middleincomecountries,1517,Botswana,72,23404,20244,23086,28717,39325,49022,56573,17816,14073,14303,17523,23639,29464,36413,5588,6171,8783,11194,15686,19558,20160
2085,Middleincomecountries,1517,Eswatini,748,34634,29246,32445,42563,66309,43016,46496,25322,19324,18345,23575,36513,21062,22674,9312,9922,14100,18988,29796,21954,23822
2086,Middleincomecountries,1517,Lesotho,426,188088,132111,115201,151692,234794,182586,192771,144311,91896,64670,82270,126358,82210,85437,43777,40215,50531,69422,108436,100376,107334
2087,Middleincomecountries,1517,Namibia,516,14879,26198,46394,61286,94572,44101,40418,8779,13994,23412,30213,46511,22101,20210,6100,12204,22982,31073,48061,22000,20208
2088,Middleincomecountries,1517,SouthAfrica,710,64868,56846,65386,62386,61167,63621,68746,33724,30785,35986,33505,31152,32450,35428,31144,26061,29400,28881,30015,31171,33318
2089,Middleincomecountries,1517,Benin,204,181535,214807,251297,404149,421558,507126,542752,99079,117106,136066,229517,239804,279386,297856,82456,97701,115231,174632,181754,227740,244896
2090,Middleincomecountries,1517,BurkinaFaso,854,975818,1164233,1218038,1278928,1334315,1403479,1464360,548918,653202,681502,716805,745284,784233,818201,426900,511031,536536,562123,589031,619246,646159
2091,Middleincomecountries,1517,CaboVerde,132,8213,7920,7647,9247,10945,12121,12680,4382,4028,3829,4514,5315,5826,6322,3831,3892,3818,4733,5630,6295,6358
2092,Middleincomecountries,1517,CotedIvoire,384,14070,14980,16466,47234,86404,112949,132215,7598,8330,8906,23006,44721,58916,69955,6472,6650,7560,24228,41683,54033,62260
2093,Middleincomecountries,1517,Gambia,270,14825,10676,10492,11084,13205,14344,15110,7414,5190,5019,5389,6583,7156,7548,7411,5486,5473,5695,6622,7188,7562
2094,Middleincomecountries,1517,Ghana,288,189161,184888,197767,297075,312115,361739,387356,90754,89457,95847,154749,162085,182935,196517,98407,95431,101920,142326,150030,178804,190839
2095,Middleincomecountries,1517,Guinea,324,182486,186720,188739,203547,214129,236587,255051,102407,104589,105055,113587,120785,132012,144366,80079,82131,83684,89960,93344,104575,110685
2096,Middleincomecountries,1517,GuineaBissau,624,26382,27846,26689,30553,35236,37854,39404,11229,11925,13553,14898,16836,18040,18791,15153,15921,13136,15655,18400,19814,20613
2097,Middleincomecountries,1517,Liberia,430,20792,45704,45926,97354,72377,83660,91534,11067,22507,22501,50370,36787,41831,45904,9725,23197,23425,46984,35590,41829,45630
2098,Middleincomecountries,1517,Mali,466,499239,593513,593989,688718,731507,908002,954575,277846,331102,332931,391857,417931,517591,544053,221393,262411,261058,296861,313576,390411,410522
2099,Middleincomecountries,1517,Mauritania,478,103003,112405,74400,68225,66652,63596,65339,56578,61549,43571,39752,39123,37859,38900,46425,50856,30829,28473,27529,25737,26439
2100,Middleincomecountries,1517,Niger,562,118651,138080,156840,230655,239994,269888,288765,77530,89695,100899,145230,149396,163310,174180,41121,48385,55941,85425,90598,106578,114585
2101,Middleincomecountries,1517,Nigeria,566,198539,198708,200213,251017,301717,409515,459452,116755,116502,116641,143299,173333,220230,247144,81784,82206,83572,107718,128384,189285,212308
2102,Middleincomecountries,1517,SaintHelena,654,314,242,210,228,273,329,369,85,84,89,91,104,124,160,229,158,121,137,169,205,209
2103,Middleincomecountries,1517,Senegal,686,136917,83409,90780,100608,94684,104918,113034,81845,52807,59884,66383,66771,77285,83547,55072,30602,30896,34225,27913,27633,29487
2104,Middleincomecountries,1517,SierraLeone,694,15408,17005,17038,20643,20955,23219,24510,7403,8210,8975,10776,10558,11613,12276,8005,8795,8063,9867,10397,11606,12234
2105,Middleincomecountries,1517,Togo,768,160053,265473,211483,335181,338059,408762,444531,78443,126821,102908,163192,170357,203958,221645,81610,138652,108575,171989,167702,204804,222886
2106,Middleincomecountries,1517,Kazakhstan,398,2911898,2984375,2989331,2951232,2872101,2917312,2920907,1398271,1421687,1409524,1377268,1326083,1340679,1342082,1513627,1562688,1579807,1573964,1546018,1576633,1578825
2107,Middleincomecountries,1517,Kyrgyzstan,417,495415,510274,512228,575225,628436,639897,641026,240519,247952,248918,279612,305756,309961,310475,254896,262322,263310,295613,322680,329936,330551
2108,Middleincomecountries,1517,Tajikistan,762,487623,505539,490933,531577,527002,534117,535159,236756,262682,272394,298998,306560,310398,310996,250867,242857,218539,232579,220442,223719,224163
2109,Middleincomecountries,1517,Turkmenistan,795,212671,217089,215700,220706,221234,224198,224830,101934,105480,106139,107592,106652,107562,107970,110737,111609,109561,113114,114582,116636,116860
2110,Middleincomecountries,1517,Uzbekistan,860,1341474,1419229,1466908,1605227,1731819,1768352,1789614,643826,699458,734373,818125,894858,914061,925160,697648,719771,732535,787102,836961,854291,864454
2111,Middleincomecountries,1517,China,156,798385,776773,682485,692465,709169,764101,794803,405708,400639,357929,377549,387736,427321,410385,392677,376134,324556,314916,321433,336780,384418
2112,Middleincomecountries,1517,China,156,344,4832,4808,5822,72237,161995,198896,216759,2558,2691,3303,43466,97483,123197,134429,2274,2117,2519,28771,64512,75699
2113,Middleincomecountries,1517,China,156,446,3101,4495,5575,9757,14102,17394,18919,1752,2567,3228,5503,7831,10012,10890,1349,1928,2347,4254,6271,7382
2114,Middleincomecountries,1517,China,156,158,0,0,0,0,0,0,0,0,0,0,0,0,0,0,0,0,0,0,0,0
2115,Middleincomecountries,1517,DemPeoplesRepublicofKorea,408,33164,47154,64920,70960,79308,85195,89251,15978,23382,32653,37378,43104,46843,49042,17186,23772,32267,33582,36204,38352,40209
2116,Middleincomecountries,1517,Japan,392,156743,144497,138118,137442,147199,165703,179679,84956,78078,73945,75107,81717,92267,97952,71787,66419,64173,62335,65482,73436,81727
2117,Middleincomecountries,1517,Mongolia,496,21663,23259,24102,22911,21293,21702,21783,10604,11097,11228,10509,9607,9728,9763,11059,12162,12874,12402,11686,11974,12020
2118,Middleincomecountries,1517,RepublicofKorea,410,117264,116530,112296,161794,215940,249632,269487,61747,62592,61576,93605,128676,152125,164826,55517,53938,50720,68189,87264,97507,104661
2119,Middleincomecountries,1517,BruneiDarussalam,96,19661,26829,35379,34166,32814,32152,30967,12246,16962,22370,21157,20210,19651,18840,7415,9867,13009,13009,12604,12501,12127
2120,Middleincomecountries,1517,Cambodia,116,117902,164176,187925,397766,647260,705958,732478,59855,83581,93409,187861,306219,333309,340889,58047,80595,94516,209905,341041,372649,391589
2121,Middleincomecountries,1517,Indonesia,360,357919,557304,894723,1063421,1200118,1421295,1497788,224392,325006,506054,624001,717378,863221,888736,133527,232298,388669,439420,482740,558074,609052
2122,Middleincomecountries,1517,LaoPeoplesDemocraticRepublic,418,229895,274218,355510,619334,919722,995810,1036119,109970,132384,169323,280869,414433,447638,444560,119925,141834,186187,338465,505289,548172,591559
2123,Middleincomecountries,1517,Malaysia,458,126839,159148,192032,225038,243549,242269,240011,68149,84798,101768,120936,132100,131668,84704,58690,74350,90264,104102,111449,110601,155307
2124,Middleincomecountries,1517,Myanmar,104,551370,755601,1056358,1520921,2200447,2407803,3182113,294809,399902,554793,827559,1211541,1334460,2008604,256561,355699,501565,693362,988906,1073343,1173509
2125,Middleincomecountries,1517,Philippines,608,129476,156600,220453,145998,108582,187531,201555,66229,79145,111397,75306,56613,87208,95650,63247,77455,109056,70692,51969,100323,105905
2126,Middleincomecountries,1517,Singapore,702,57816,55475,62906,90380,115602,133764,139943,28460,27559,31352,47183,61108,71658,74170,29356,27916,31554,43197,54494,62106,65773
2127,Middleincomecountries,1517,Thailand,764,72029,92196,122237,108204,111079,111305,118157,37321,45410,57893,55338,59631,61565,63389,34708,46786,64344,52866,51448,49740,54768
2128,Middleincomecountries,1517,TimorLeste,626,747,71401,143762,80068,20543,22732,23899,485,35757,71811,42539,11523,12975,13614,262,35644,71951,37529,9020,9757,10285
2129,Middleincomecountries,1517,VietNam,704,457834,488306,499024,500457,496593,516426,528454,232893,249491,259162,280175,291948,311383,313465,224941,238815,239862,220282,204645,205043,214989
2130,Middleincomecountries,1517,Afghanistan,4,7401184,4005114,4342329,3583904,4606312,4459657,4458915,3957091,2162311,2364728,1954555,2453611,2312219,2356767,3444093,1842803,1977601,1629349,2152701,2147438,2102148
2131,Middleincomecountries,1517,Bangladesh,50,4411343,4181109,3962185,3550199,3289555,3143479,2999517,2355382,2216913,2085625,1806541,1739567,1650856,1569883,2055961,1964196,1876560,1743658,1549988,1492623,1429634
2132,Middleincomecountries,1517,Bhutan,64,27908,117321,119410,118194,86558,39096,37208,13569,59436,60934,60313,44171,19867,18726,14339,57885,58476,57881,42387,19229,18482
2133,Middleincomecountries,1517,India,356,3384537,3118458,2941608,2841934,2775349,2549785,2434259,1742236,1552344,1465232,1431862,1414382,1361674,1332957,1642301,1566114,1476376,1410072,1360967,1188111,1101302
2134,Middleincomecountries,1517,IranIslamicRepublicof,364,68635,85841,84077,55640,55194,77533,123554,39044,48558,43244,30145,30496,45141,66546,29591,37283,40833,25495,24698,32392,57008
2135,Middleincomecountries,1517,Maldives,462,2022,1392,769,1535,2597,2449,2422,1601,1060,473,794,1232,1083,1077,421,332,296,741,1365,1366,1345
2136,Middleincomecountries,1517,Nepal,524,549830,640872,743695,929734,1165895,1391540,1373784,240209,292262,350290,416814,479966,615381,607413,309621,348610,393405,512920,685929,776159,766371
2137,Middleincomecountries,1517,Pakistan,586,1965766,1681683,1408657,1198704,1055027,1040731,982605,1050479,890217,736445,604899,557709,545637,511066,915287,791466,672212,593805,497318,495094,471539
2138,Middleincomecountries,1517,SriLanka,144,312458,273665,237116,244824,266328,240150,231895,151116,129617,110044,120996,129199,117976,111674,161342,144048,127072,123828,137129,122174,120221
2139,Middleincomecountries,1517,Armenia,51,823296,810784,770876,771617,767773,770567,765623,397723,410494,417164,423471,421532,424258,421919,425573,400290,353712,348146,346241,346309,343704
2140,Middleincomecountries,1517,Azerbaijan,31,1600393,1668498,1576869,1391541,1091596,1053618,1062302,750539,820979,819954,724960,584107,569354,573466,849854,847519,756915,666581,507489,484264,488836
2141,Middleincomecountries,1517,Bahrain,48,10428,20534,39058,41430,39323,40538,40289,4957,10587,20372,21862,21088,21683,14751,5471,9947,18686,19568,18235,18855,25538
2142,Middleincomecountries,1517,Cyprus,196,10983,11766,12913,14079,16026,17577,23108,5200,5640,6208,6626,7395,7986,10241,5783,6126,6705,7453,8631,9591,12867
2143,Middleincomecountries,1517,Georgia,268,834133,843923,833150,720221,608412,626429,627386,401913,426790,439189,379032,319526,327041,327174,432220,417133,393961,341189,288886,299388,300212
2144,Middleincomecountries,1517,Iraq,368,372952,378213,365203,429389,736014,585612,706542,194602,199686,203914,246769,398033,326329,296403,178350,178527,161289,182620,337981,259283,410139
2145,Middleincomecountries,1517,Israel,376,117599,116219,116115,100744,89040,88948,92678,52949,52576,52802,45298,41114,40610,42914,64650,63643,63313,55446,47926,48338,49764
2146,Middleincomecountries,1517,Jordan,400,92239,93184,92463,108549,115984,116774,120927,47619,48789,48698,59850,60408,61741,63974,44620,44395,43765,48699,55576,55033,56953
2147,Middleincomecountries,1517,Kuwait,414,44323,40856,37555,42099,49243,48790,51354,22425,21778,21218,24518,27926,28058,30236,21898,19078,16337,17581,21317,20732,21118
2148,Middleincomecountries,1517,Lebanon,422,59250,57461,56173,53923,55504,57899,62820,32972,32576,32382,32587,33547,35388,38243,26278,24885,23791,21336,21957,22511,24577
2149,Middleincomecountries,1517,Oman,512,11778,11750,12053,13664,14601,15235,16030,6009,6034,6226,7141,7693,7835,8577,5769,5716,5827,6523,6908,7400,7453
2150,Middleincomecountries,1517,Qatar,634,11240,11237,11355,11433,11886,11671,11995,5570,5686,5865,5995,6329,6194,6429,5670,5551,5490,5438,5557,5477,5566
2151,Middleincomecountries,1517,SaudiArabia,682,66392,73627,81988,89699,107763,103494,112113,35871,42412,49709,57280,67004,63756,69568,30521,31215,32279,32419,40759,39738,42545
2152,Middleincomecountries,1517,StateofPalestine,275,1503102,1914190,2303940,2726656,2912777,3047518,3238145,725116,941236,1156138,1387512,1470956,1588172,1704762,777986,972954,1147802,1339144,1441821,1459346,1533383
2153,Middleincomecountries,1517,SyrianArabRepublic,760,157342,160437,163255,160058,230423,5047523,6047479,88007,90600,93106,101658,146936,2833612,3445323,69335,69837,70149,58400,83487,2213911,2602156
2154,Middleincomecountries,1517,Turkey,792,67161,90925,99306,107596,115385,120467,132881,34667,49379,54437,60228,66952,68938,75620,32494,41546,44869,47368,48433,51529,57261
2155,Middleincomecountries,1517,UnitedArabEmirates,784,26733,27824,29233,50025,64477,61820,60011,13518,14204,14995,27669,33571,32014,30806,13215,13620,14238,22356,30906,29806,29205
2156,Middleincomecountries,1517,Yemen,887,25400,27900,30604,31749,36141,61192,57824,15172,17523,20018,22348,25433,39718,34588,10228,10377,10586,9401,10708,21474,23236
2157,Middleincomecountries,1517,Belarus,112,1388852,1362878,1322196,1217863,1107944,1124077,1131614,649668,620766,584799,532401,477255,483325,486728,739184,742112,737397,685462,630689,640752,644886
2158,Middleincomecountries,1517,Bulgaria,100,483853,473616,465299,479023,492727,489445,678247,235301,229104,223385,224454,224995,178160,214247,248552,244512,241914,254569,267732,311285,464000
2159,Middleincomecountries,1517,Czechia,203,23074,23508,23612,21320,19329,20288,21773,10978,11196,11275,10207,9296,9755,10614,12096,12312,12337,11113,10033,10533,11159
2160,Middleincomecountries,1517,Hungary,348,30686,30799,29850,27523,26010,25970,26650,14432,14541,14242,13215,12522,12372,12698,16254,16258,15608,14308,13488,13598,13952
2161,Middleincomecountries,1517,Poland,616,99188,87530,78714,70884,64304,68451,72886,46227,40313,35548,32304,29524,31399,34171,52961,47217,43166,38580,34780,37052,38715
2162,Middleincomecountries,1517,RepublicofMoldova,498,509912,497682,474429,469217,465694,472271,477075,238440,243502,242699,238619,234887,237776,239525,271472,254180,231730,230598,230807,234495,237550
2163,Middleincomecountries,1517,Romania,642,30329,37101,43140,42801,43886,42976,51366,13858,15537,17198,16696,16701,15979,18049,16471,21564,25942,26105,27185,26997,33317
2164,Middleincomecountries,1517,RussianFederation,643,10593580,9300806,8112586,7696974,7488568,7583761,7765626,4591083,4001267,3444441,3320558,3279128,3356019,3440641,6002497,5299539,4668145,4376416,4209440,4227742,4324985
2165,Middleincomecountries,1517,Slovakia,703,6376,7859,9195,6910,7245,7393,7513,3121,3801,4447,3309,3517,3594,3648,3255,4058,4748,3601,3728,3799,3865
2166,Middleincomecountries,1517,Ukraine,804,4513501,4482015,4366674,4104844,3786078,4077911,4096316,2166704,2143281,2078588,1928565,1752545,1900292,1909451,2346797,2338734,2288086,2176279,2033533,2177619,2186865
2167,Middleincomecountries,1517,ChannelIslands,830,97,73,85,57,111,111,132,32,25,28,18,35,35,46,65,48,57,39,76,76,86
2168,Middleincomecountries,1517,Denmark,208,8263,9444,11521,10735,10405,11306,13951,4215,4973,6083,5729,5525,5986,7317,4048,4471,5438,5006,4880,5320,6634
2169,Middleincomecountries,1517,Estonia,233,80144,83922,85041,79848,73869,75188,75431,38490,40253,40715,37643,34256,34726,34859,41654,43669,44326,42205,39613,40462,40572
2170,Middleincomecountries,1517,FaroeIslands,234,0,0,0,0,0,0,0,0,0,0,0,0,0,0,0,0,0,0,0,0,0
2171,Middleincomecountries,1517,Finland,246,5796,6853,8411,8668,8874,9357,10440,2746,3204,3904,4057,4076,4270,4739,3050,3649,4507,4611,4798,5087,5701
2172,Middleincomecountries,1517,Iceland,352,111,158,267,530,809,775,865,54,80,155,325,512,503,569,57,78,112,205,297,272,296
2173,Middleincomecountries,1517,Ireland,372,7536,6751,7580,9299,12897,15996,18745,3481,3278,3725,4378,5796,7108,9352,4055,3473,3855,4921,7101,8888,9393
2174,Middleincomecountries,1517,IsleofMan,833,0,0,0,1,2,5,20,0,0,0,1,2,3,14,0,0,0,0,0,2,6
2175,Middleincomecountries,1517,Latvia,428,131906,136530,138536,129927,120376,122696,123024,62919,64884,65610,60593,55184,55984,56200,68987,71646,72926,69334,65192,66712,66824
2176,Middleincomecountries,1517,Lithuania,440,143606,142441,141376,130540,119967,122295,122834,67366,66712,66084,59788,53489,54277,54629,76240,75729,75292,70752,66478,68018,68205
2177,Middleincomecountries,1517,Norway,578,9186,13120,18397,20419,22611,24022,25995,4938,6996,9700,10784,11889,12569,10195,4248,6124,8697,9635,10722,11453,15800
2178,Middleincomecountries,1517,Sweden,752,6910,9686,12231,12231,13325,13959,17079,3718,5013,6186,6279,6959,7283,8516,3192,4673,6045,5952,6366,6676,8563
2179,Middleincomecountries,1517,UnitedKingdom,826,241380,236697,296722,350229,295150,253785,282193,114276,118964,151674,179029,152827,133744,139724,127104,117733,145048,171200,142323,120041,142469
2180,Middleincomecountries,1517,Albania,8,48336,62975,75779,75947,78062,76339,78414,20514,26682,32120,32122,31889,31816,32718,27822,36293,43659,43825,46173,44523,45696
2181,Middleincomecountries,1517,Andorra,20,3,2,1,8,13,13,14,2,1,1,8,13,13,14,1,1,0,0,0,0,0
2182,Middleincomecountries,1517,BosniaandHerzegovina,70,54794,281211,392148,363008,389782,380440,388169,26222,129976,183535,162434,170746,166024,169575,28572,151235,208613,200574,219036,214416,218594
2183,Middleincomecountries,1517,Croatia,191,61960,287953,363736,319326,322251,317057,322190,29881,140499,168015,146035,144930,142033,144525,32079,147454,195721,173291,177321,175024,177665
2184,Middleincomecountries,1517,Gibraltar,292,70,65,69,71,79,85,98,37,33,34,37,46,55,65,33,32,35,34,33,30,33
2185,Middleincomecountries,1517,Greece,300,168138,144473,123089,118427,115205,118429,143812,77741,66796,56813,56052,53703,54972,63283,90397,77677,66276,62375,61502,63457,80529
2186,Middleincomecountries,1517,HolySee,336,0,0,0,0,0,1,0,0,0,0,0,0,1,0,0,0,0,0,0,0,0
2187,Middleincomecountries,1517,Italy,380,546032,463829,387476,341077,304478,344623,361259,284538,241121,200909,177631,158587,178781,190537,261494,222708,186567,163446,145891,165842,170722
2188,Middleincomecountries,1517,Malta,470,810,881,954,716,535,651,837,374,407,431,313,231,277,407,436,474,523,403,304,374,430
2189,Middleincomecountries,1517,Montenegro,499,23271,74490,102603,87448,86378,85439,86559,10573,33663,42712,38777,38217,37660,38168,12698,40827,59891,48671,48161,47779,48391
2190,Middleincomecountries,1517,NorthMacedonia,807,62216,138515,196115,195617,201860,199938,259198,30918,64519,90056,89367,89574,104514,132194,31298,73996,106059,106250,112286,95424,127004
2191,Middleincomecountries,1517,Portugal,620,389115,345561,307892,273708,225301,244438,257350,209258,185535,164490,144928,118933,127216,135309,179857,160026,143402,128780,106368,117222,122041
2192,Middleincomecountries,1517,SanMarino,674,69,74,78,73,101,109,107,47,47,46,38,31,31,31,22,27,32,35,70,78,76
2193,Middleincomecountries,1517,Serbia,688,38416,42077,46208,35220,50927,45370,45888,17306,19260,21400,15993,22814,19952,20624,21110,22817,24808,19227,28113,25418,25264
2194,Middleincomecountries,1517,Slovenia,705,6507,13971,17318,15575,16521,16554,16777,2812,6183,7567,6924,7161,7158,7275,3695,7788,9751,8651,9360,9396,9502
2195,Middleincomecountries,1517,Spain,724,466300,388522,315351,285183,267122,300410,319936,230268,191901,156220,142443,134869,151452,163381,236032,196621,159131,142740,132253,148958,156555
2196,Middleincomecountries,1517,Austria,40,31460,35790,39792,38366,37749,39790,48385,15138,17781,20225,19234,18542,19415,23240,16322,18009,19567,19132,19207,20375,25145
2197,Middleincomecountries,1517,Belgium,56,21712,20823,22216,23040,25323,28952,36415,10925,10623,11343,11838,12948,14760,18598,10787,10200,10873,11202,12375,14192,17817
2198,Middleincomecountries,1517,France,250,131543,124914,125649,129676,161061,190564,215290,68250,65153,66002,68479,84590,101651,115126,63293,59761,59647,61197,76471,88913,100164
2199,Middleincomecountries,1517,Germany,276,547331,540745,551586,566353,562111,561764,691619,271047,268497,273882,278841,273783,250619,286600,276284,272248,277704,287512,288328,311145,405019
2200,Middleincomecountries,1517,Liechtenstein,438,176,172,168,128,103,103,103,112,110,110,82,73,74,74,64,62,58,46,30,29,29
2201,Middleincomecountries,1517,Luxembourg,442,431,500,542,451,529,601,681,159,204,228,196,246,279,332,272,296,314,255,283,322,349
2202,Middleincomecountries,1517,Monaco,492,468,499,535,473,530,566,630,214,236,264,262,289,314,355,254,263,271,211,241,252,275
2203,Middleincomecountries,1517,Netherlands,528,43935,42703,45265,52338,56881,58127,71992,21542,22115,24266,28264,30535,31104,36869,22393,20588,20999,24074,26346,27023,35123
2204,Middleincomecountries,1517,Switzerland,756,33717,32589,31640,30690,32452,33909,40893,17996,17639,17310,16705,17490,18301,21422,15721,14950,14330,13985,14962,15608,19471
2205,Middleincomecountries,1517,Anguilla,660,476,501,517,329,138,135,132,250,272,287,192,94,94,97,226,229,230,137,44,41,35
2206,Middleincomecountries,1517,AntiguaandBarbuda,28,1450,1546,1667,1576,1506,1563,1612,665,713,778,750,707,738,763,785,833,889,826,799,825,849
2207,Middleincomecountries,1517,Aruba,533,825,862,958,849,790,826,806,387,400,446,394,371,387,380,438,462,512,455,419,439,426
2208,Middleincomecountries,1517,Bahamas,44,785,891,1030,1007,988,986,1008,366,416,479,480,485,491,506,419,475,551,527,503,495,502
2209,Middleincomecountries,1517,Barbados,52,1730,1884,2132,2078,1927,1931,1941,880,960,1093,1063,988,995,1003,850,924,1039,1015,939,936,938
2210,Middleincomecountries,1517,Bonaire,16,535,233,243,265,256,264,273,270,124,130,137,135,139,143,142,109,113,128,121,125,130
2211,Middleincomecountries,1517,BritishVirginIslands,92,115,158,207,270,339,335,367,64,88,116,149,185,178,189,51,70,91,121,154,157,178
2212,Middleincomecountries,1517,CaymanIslands,136,78,77,78,80,86,111,111,43,43,43,44,50,65,65,35,34,35,36,36,46,46
2213,Middleincomecountries,1517,Cuba,192,38272,40627,45642,44712,52180,53847,71569,19780,21326,24240,23889,27868,29061,39934,18492,19301,21402,20823,24312,24786,31635
2214,Middleincomecountries,1517,CuraÃao,531,930,954,1128,1024,1075,1121,1093,449,459,548,495,521,538,524,481,495,580,529,554,583,569
2215,Middleincomecountries,1517,Dominica,212,575,490,548,612,647,635,626,270,244,272,304,318,315,311,305,246,276,308,329,320,315
2216,Middleincomecountries,1517,DominicanRepublic,214,21088,19790,18944,18553,19558,21576,22671,8160,7697,7358,7205,7617,8187,8528,12928,12093,11586,11348,11941,13389,14143
2217,Middleincomecountries,1517,Grenada,308,1308,1244,1128,1170,1142,1132,1133,546,527,484,529,539,538,547,762,717,644,641,603,594,586
2218,Middleincomecountries,1517,Guadeloupe,312,141,179,219,191,163,166,180,84,102,119,94,69,71,77,57,77,100,97,94,95,103
2219,Middleincomecountries,1517,Haiti,332,192902,212904,233152,275276,319973,480670,539607,126402,137719,149201,172782,197794,313439,340687,66500,75185,83951,102494,122179,167231,198920
2220,Middleincomecountries,1517,Jamaica,388,2935,2642,2528,2407,2426,2548,2669,1494,1381,1345,1273,1264,1340,1441,1441,1261,1183,1134,1162,1208,1228
2221,Middleincomecountries,1517,Martinique,474,342,432,550,533,498,507,494,180,231,298,297,287,296,293,162,201,252,236,211,211,201
2222,Middleincomecountries,1517,Montserrat,500,82,105,130,155,186,206,205,42,54,67,80,95,107,108,40,51,63,75,91,99,97
2223,Middleincomecountries,1517,PuertoRico,630,12351,13561,15091,11712,8960,7668,8166,5876,6285,6857,5654,4787,4237,4562,6475,7276,8234,6058,4173,3431,3604
2224,Middleincomecountries,1517,SaintBarthelemy,652,0,0,0,0,0,0,0,0,0,0,0,0,0,0,0,0,0,0,0,0,0
2225,Middleincomecountries,1517,SaintKittsandNevis,659,265,294,329,361,428,448,455,140,154,172,184,224,237,248,125,140,157,177,204,211,207
2226,Middleincomecountries,1517,SaintLucia,662,1012,1091,1175,1169,1248,1311,1342,507,542,582,581,595,622,640,505,549,593,588,653,689,702
2227,Middleincomecountries,1517,SaintMartinFrenchpart,663,0,0,0,0,0,0,0,0,0,0,0,0,0,0,0,0,0,0,0,0,0
2228,Middleincomecountries,1517,SaintVincentandtheGrenadines,670,952,1121,1317,1416,1401,1426,1471,477,515,565,613,587,598,595,475,606,752,803,814,828,876
2229,Middleincomecountries,1517,SintMaartenDutchpart,534,378,386,457,430,449,471,461,177,175,214,201,211,225,225,201,211,243,229,238,246,236
2230,Middleincomecountries,1517,TrinidadandTobago,780,8773,9161,9640,9796,9887,10025,10073,4274,4315,4399,4489,4536,4593,4524,4499,4846,5241,5307,5351,5432,5549
2231,Middleincomecountries,1517,TurksandCaicosIslands,796,4,6,6,22,37,37,36,4,6,6,12,17,17,16,0,0,0,10,20,20,20
2232,Middleincomecountries,1517,UnitedStatesVirginIslands,850,514,890,1271,1110,950,958,912,317,664,1012,909,807,819,775,197,226,259,201,143,139,137
2233,Middleincomecountries,1517,Belize,84,3705,3678,3765,4055,4673,4628,5061,1688,1627,1622,1865,2272,2288,2523,2017,2051,2143,2190,2401,2340,2538
2234,Middleincomecountries,1517,CostaRica,188,16501,15287,17695,19025,19380,21853,23627,7502,6853,8090,9102,9590,10972,11976,8999,8434,9605,9923,9790,10881,11651
2235,Middleincomecountries,1517,ElSalvador,222,731275,228222,45518,46788,58870,66704,80192,349728,105017,20279,19548,23793,27673,34038,381547,123205,25239,27240,35077,39031,46154
2236,Middleincomecountries,1517,Guatemala,320,102023,79599,60961,63738,71751,86876,95431,51405,41144,32960,32078,34003,41433,45958,50618,38455,28001,31660,37748,45443,49473
2237,Middleincomecountries,1517,Honduras,340,40213,38662,39556,44469,53355,61767,90123,17588,17029,17577,20104,24423,28202,41024,22625,21633,21979,24365,28932,33565,49099
2238,Middleincomecountries,1517,Mexico,484,38401,41276,45307,46400,51752,59425,68563,17736,19639,22049,23425,26892,31241,36543,20665,21637,23258,22975,24860,28184,32020
2239,Middleincomecountries,1517,Nicaragua,558,257289,222363,253548,293532,315827,323864,384308,131489,113276,126054,143782,150348,153405,191156,125800,109087,127494,149750,165479,170459,193152
2240,Middleincomecountries,1517,Panama,591,42396,28726,19645,14686,20117,21171,24608,21493,14621,10078,7458,10263,10982,13201,20903,14105,9567,7228,9854,10189,11407
2241,Middleincomecountries,1517,Argentina,32,132397,143502,156812,162980,173955,190475,218936,67341,73829,81297,85054,91363,100410,116820,65056,69673,75515,77926,82592,90065,102116
2242,Middleincomecountries,1517,BoliviaPlurinationalStateof,68,174212,216053,259045,337102,416774,489528,509426,90860,111817,133354,170296,208144,244957,256311,83352,104236,125691,166806,208630,244571,253115
2243,Middleincomecountries,1517,Brazil,76,180398,183724,194509,213135,231446,258091,282868,91327,92762,97677,108840,120508,135954,147098,89071,90962,96832,104295,110938,122137,135770
2244,Middleincomecountries,1517,Chile,152,295880,281199,268735,256315,249584,287964,302616,156201,144673,134264,125864,120509,138984,148388,139679,136526,134471,130451,129075,148980,154228
2245,Middleincomecountries,1517,Colombia,170,621461,672970,723548,806691,1210312,1241961,1209355,290588,318443,345749,382794,586990,603268,592838,330873,354527,377799,423897,623322,638693,616517
2246,Middleincomecountries,1517,Ecuador,218,44582,48359,53180,54865,62805,70878,78433,22405,24033,26140,27153,31619,35519,39380,22177,24326,27040,27712,31186,35359,39053
2247,Middleincomecountries,1517,FalklandIslandsMalvinas,238,18,20,22,27,42,52,54,9,10,11,13,21,26,31,9,10,11,14,21,26,23
2248,Middleincomecountries,1517,FrenchGuiana,254,942,931,946,962,963,1090,1176,458,464,481,500,512,586,648,484,467,465,462,451,504,528
2249,Middleincomecountries,1517,Guyana,328,12352,15082,18380,21594,24776,26679,27637,6209,7533,9100,10852,12608,13524,14072,6143,7549,9280,10742,12168,13155,13565
2250,Middleincomecountries,1517,Paraguay,600,281353,314964,348674,490960,632815,731114,742802,124244,138491,152782,217825,282660,325994,334338,157109,176473,195892,273135,350155,405120,408464
2251,Middleincomecountries,1517,Peru,604,74249,120440,168871,218064,274004,311649,317069,42040,61697,82436,107952,137239,156403,160843,32209,58743,86435,110112,136765,155246,156226
2252,Middleincomecountries,1517,Suriname,740,1454,2146,2936,3670,2978,3170,3329,697,1057,1461,1844,1559,1666,1761,757,1089,1475,1826,1419,1504,1568
2253,Middleincomecountries,1517,Uruguay,858,175006,164028,153332,152559,152227,175507,180597,87137,81735,76478,75182,74144,84863,88365,87869,82293,76854,77377,78083,90644,92232
2254,Middleincomecountries,1517,VenezuelaBolivarianRepublicof,862,60320,66139,72831,71308,81245,98884,3699495,29177,32115,35462,34561,39291,47729,1827426,31143,34024,37369,36747,41954,51155,1872069
2255,Middleincomecountries,1517,Bermuda,60,78,57,51,58,80,90,99,36,32,33,37,51,59,68,42,25,18,21,29,31,31
2256,Middleincomecountries,1517,Canada,124,36401,39374,45103,49696,62258,67129,75354,18406,20685,24449,27669,34874,37601,43058,17995,18689,20654,22027,27384,29528,32296
2257,Middleincomecountries,1517,Greenland,304,508,451,514,358,376,405,452,185,175,215,168,195,215,241,323,276,299,190,181,190,211
2258,Middleincomecountries,1517,SaintPierreandMiquelon,666,39,44,49,57,64,65,67,22,26,29,34,38,39,41,17,18,20,23,26,26,26
2259,Middleincomecountries,1517,UnitedStatesofAmerica,840,464539,538778,639143,843611,1135684,1131533,1248987,237354,277365,329604,439721,590878,582152,641996,227185,261413,309539,403890,544806,549381,606991
2260,Middleincomecountries,1517,Australia,36,43198,41208,37748,46186,57158,58722,63407,23022,22709,21138,26316,31984,33761,36175,20176,18499,16610,19870,25174,24961,27232
2261,Middleincomecountries,1517,NewZealand,554,10940,11117,11533,11905,13213,14190,15219,5313,5618,5877,6188,6966,7477,8271,5627,5499,5656,5717,6247,6713,6948
2262,Middleincomecountries,1517,Fiji,242,3813,2849,1863,2529,3050,2914,2867,1730,1363,973,1330,1517,1448,1432,2083,1486,890,1199,1533,1466,1435
2263,Middleincomecountries,1517,NewCaledonia,540,292,290,269,274,278,290,294,128,147,133,138,142,148,151,164,143,136,136,136,142,143
2264,Middleincomecountries,1517,PapuaNewGuinea,598,1253,1240,1556,1247,823,794,785,632,643,780,636,440,424,424,621,597,776,611,383,370,361
2265,Middleincomecountries,1517,SolomonIslands,90,1058,1042,948,983,1028,1056,1069,576,577,529,553,577,599,610,482,465,419,430,451,457,459
2266,Middleincomecountries,1517,Vanuatu,548,360,365,332,356,374,386,383,188,186,181,195,206,214,216,172,179,151,161,168,172,167
2267,Middleincomecountries,1517,Guam,316,118,131,1105,899,1037,1051,1114,73,85,511,423,466,475,506,45,46,594,476,571,576,608
2268,Middleincomecountries,1517,Kiribati,296,1881,1886,1866,1610,1461,1492,1509,937,951,941,839,798,823,834,944,935,925,771,663,669,675
2269,Middleincomecountries,1517,MarshallIslands,584,126,114,106,99,95,93,92,72,73,60,55,53,52,52,54,41,46,44,42,41,40
2270,Middleincomecountries,1517,MicronesiaFedStatesof,583,101,121,148,186,232,246,250,60,70,83,102,130,138,139,41,51,65,84,102,108,111
2271,Middleincomecountries,1517,Nauru,520,954,1015,1081,1278,1479,1506,1620,410,466,522,631,740,754,808,544,549,559,647,739,752,812
2272,Middleincomecountries,1517,NorthernMarianaIslands,580,385,378,371,256,146,150,152,204,204,191,134,80,85,90,181,174,180,122,66,65,62
2273,Middleincomecountries,1517,Palau,585,381,346,1504,1255,340,338,346,219,220,705,595,178,177,184,162,126,799,660,162,161,162
2274,Middleincomecountries,1517,AmericanSamoa,16,1973,2535,3051,2449,1714,1445,1370,1015,1305,1566,1260,886,740,706,958,1230,1485,1189,828,705,664
2275,Middleincomecountries,1517,CookIslands,184,45,51,58,56,55,52,49,19,22,21,21,22,22,22,26,29,37,35,33,30,27
2276,Middleincomecountries,1517,FrenchPolynesia,258,0,0,0,0,0,0,0,0,0,0,0,0,0,0,0,0,0,0,0,0,0
2277,Middleincomecountries,1517,Niue,570,28,61,98,59,24,28,28,13,31,52,31,15,18,21,15,30,46,28,9,10,7
2278,Middleincomecountries,1517,Samoa,882,15148,16643,18148,17282,16428,16368,16426,7853,8552,9254,8762,8279,8204,8235,7295,8091,8894,8520,8149,8164,8191
2279,Middleincomecountries,1517,Tokelau,772,161,162,162,152,133,111,104,81,81,80,75,65,54,52,80,81,82,77,68,57,52
2280,Middleincomecountries,1517,Tonga,776,2643,2573,2505,2589,2737,2761,2787,1422,1370,1325,1370,1454,1470,1488,1221,1203,1180,1219,1283,1291,1299
2281,Middleincomecountries,1517,Tuvalu,798,835,822,815,1077,1352,1354,1373,446,432,423,540,666,666,682,389,390,392,537,686,688,691
2282,Middleincomecountries,1517,WallisandFutunaIslands,876,12,14,15,13,12,12,11,6,7,7,6,5,5,5,6,7,8,7,7,7,6
2283,Uppermiddleincomecountries,1502,Developedregions,901,13166671,13364831,13229930,13048426,12937382,13505357,14374719,6288148,6381996,6289953,6191528,6118625,6358350,6715111,6878523,6982835,6939977,6856898,6818757,7147007,7659608
2284,Uppermiddleincomecountries,1502,Lessdevelopedregions,902,20660526,20484053,21632390,24199062,27984748,35095374,40962838,10720879,10655103,11356079,12793772,14909149,18877130,21984003,9939647,9828950,10276311,11405290,13075599,16218244,18978835
2285,Uppermiddleincomecountries,1502,Lessdevelopedregions,902,934,15137113,15896778,16888112,17882973,19663589,25772378,31198486,7532733,8037027,8690041,9288460,10274615,13705505,16542797,7604380,7859751,8198071,8594513,9388974,12066873
2286,Uppermiddleincomecountries,1502,Lessdevelopedregions,902,948,20181789,20103387,21334683,23824101,27488861,34523450,40341528,10485856,10463735,11201439,12581437,14623088,18535640,21611470,9695933,9639652,10133244,11242664,12865773,15987810
2287,Uppermiddleincomecountries,1502,Leastdevelopedcountries,941,5523413,4587275,4744278,6316089,8321159,9322996,9764352,3188146,2618076,2666038,3505312,4634534,5171625,5441206,2335267,1969199,2078240,2810777,3686625,4151371,4323146
2288,Uppermiddleincomecountries,1502,LandlockedDevelopingCountriesLLDC,1636,12458408,11548693,11278793,12214030,13270341,14406169,14739614,6394485,5896267,5786889,6242500,6786985,7387919,7571116,6063923,5652426,5491904,5971530,6483356,7018250,7168498
2289,Uppermiddleincomecountries,1502,SmallislanddevelopingStatesSIDS,1637,374332,475561,592253,596613,615519,805086,895819,215992,268588,328641,338985,352381,484791,532490,158340,206973,263612,257628,263138,320295,363329
2290,Uppermiddleincomecountries,1502,Highincomecountries,1503,4289693,4344883,4360190,4564430,4861165,5120602,5656006,2161736,2193373,2193339,2316544,2484757,2599702,2866101,2127957,2151510,2166851,2247886,2376408,2520900,2789905
2291,Uppermiddleincomecountries,1502,Middleincomecountries,1517,24210955,25443867,26911162,28737944,31477521,33812153,38866884,11844584,12535933,13373557,14367496,15843903,17123871,19613525,12366371,12907934,13537605,14370448,15633618,16688282,19253359
2292,Uppermiddleincomecountries,1502,Uppermiddleincomecountries,1502,14002288,14507412,14702672,14887250,15664201,16219629,20596985,6699908,7000364,7161283,7308408,7725940,8043536,10106210,7302380,7507048,7541389,7578842,7938261,8176093,10490775
2293,Uppermiddleincomecountries,1502,Lowermiddleincomecountries,1501,10208667,10936455,12208490,13850694,15813320,17592524,18269899,5144676,5535569,6212274,7059088,8117963,9080335,9507315,5063991,5400886,5996216,6791606,7695357,8512189,8762584
2294,Uppermiddleincomecountries,1502,Lowincomecountries,1500,5322475,4056530,3587583,3941896,4580350,9664597,10811121,3000668,2305969,2077442,2299674,2697641,5510314,6217736,2321807,1750561,1510141,1642222,1882709,4154283,4593385
2295,Uppermiddleincomecountries,1502,MiddleAfrica,911,113303,137418,192658,210050,257736,370648,383173,61669,74431,105613,110237,136607,207804,221358,51634,62987,87045,99813,121129,162844,161815
2296,Uppermiddleincomecountries,1502,WesternAsia,922,5132933,5648960,5882259,6065128,6259459,10988269,12256067,2499191,2841823,3072349,3207859,3319792,6011379,6694323,2633742,2807137,2809910,2857269,2939667,4976890,5561744
2297,Uppermiddleincomecountries,1502,EasternEurope,923,9592159,9336890,8963285,8748046,8459677,8948087,9312943,4501768,4381859,4188904,4073245,3921162,4131678,4250517,5090391,4955031,4774381,4674801,4538515,4816409,5062426
2298,Uppermiddleincomecountries,1502,CentralAmerica,916,895249,460377,411741,452344,511080,549706,671416,430683,221482,203231,218762,240691,259311,327666,464566,238895,208510,233582,270389,290395,343750
2299,Uppermiddleincomecountries,1502,Melanesia,928,1625,1732,1883,2061,2255,2202,2191,857,920,1005,1094,1200,1180,1189,768,812,878,967,1055,1022,1002
2300,Uppermiddleincomecountries,1502,Micronesia,954,1311,1343,1395,1415,1540,1613,1643,686,711,732,751,834,885,907,625,632,663,664,706,728,736
2301,Uppermiddleincomecountries,1502,Polynesia,957,20367,22376,24372,23230,22052,21718,21721,10597,11547,12486,11829,11169,10950,10969,9770,10829,11886,11401,10883,10768,10752
2302,Uppermiddleincomecountries,1502,Burundi,108,2897,2098,2307,4288,5939,7507,8643,1826,1352,1476,2059,2720,3402,4447,1071,746,831,2229,3219,4105,4196
2303,Uppermiddleincomecountries,1502,Comoros,174,1441,2313,3258,3643,4068,4571,4904,1254,1952,2715,3127,3483,3911,4218,187,361,543,516,585,660,686
2304,Uppermiddleincomecountries,1502,Djibouti,262,695,865,1049,1158,1272,1424,1521,433,564,711,851,938,1047,1127,262,301,338,307,334,377,394
2305,Uppermiddleincomecountries,1502,Eritrea,232,2068,2428,2495,2829,4057,6134,7112,1124,1370,1436,1849,2686,4119,4839,944,1058,1059,980,1371,2015,2273
2306,Uppermiddleincomecountries,1502,Ethiopia,231,5426,4171,3468,3986,22177,69431,47067,2516,2093,1958,2371,13393,42342,33199,2910,2078,1510,1615,8784,27089,13868
2307,Uppermiddleincomecountries,1502,Kenya,404,4795,6508,9413,11559,16484,20462,23482,2745,3411,4599,5430,7560,9242,11954,2050,3097,4814,6129,8924,11220,11528
2308,Uppermiddleincomecountries,1502,Madagascar,450,682,580,566,719,960,1107,1212,253,262,298,380,482,547,635,429,318,268,339,478,560,577
2309,Uppermiddleincomecountries,1502,Malawi,454,14606,18747,28226,36135,60889,94755,96023,11140,14640,22241,28415,44050,64648,70502,3466,4107,5985,7720,16839,30107,25521
2310,Uppermiddleincomecountries,1502,Mauritius,480,5434,4473,4627,6006,7212,9212,10651,3387,2656,2530,3183,3541,4506,5821,2047,1817,2097,2823,3671,4706,4830
2311,Uppermiddleincomecountries,1502,Mayotte,175,0,0,0,0,0,0,0,0,0,0,0,0,0,0,0,0,0,0,0,0,0
2312,Uppermiddleincomecountries,1502,Mozambique,508,347999,322499,239955,325349,508092,318110,353228,247716,219680,174260,231153,359443,203662,235762,100283,102819,65695,94196,148649,114448,117466
2313,Uppermiddleincomecountries,1502,Reunion,638,1143,561,141,185,269,346,401,618,283,17,14,11,12,60,525,278,124,171,258,334,341
2314,Uppermiddleincomecountries,1502,Rwanda,646,2867,2275,2047,3208,4362,5510,6339,1228,1098,1114,1389,1770,2219,2971,1639,1177,933,1819,2592,3291,3368
2315,Uppermiddleincomecountries,1502,Seychelles,690,157,280,450,574,632,792,908,92,138,201,251,261,323,428,65,142,249,323,371,469,480
2316,Uppermiddleincomecountries,1502,Somalia,706,7818,43800,84194,96526,125367,187889,177850,3970,28251,55133,67191,84852,118580,115479,3848,15549,29061,29335,40515,69309,62371
2317,Uppermiddleincomecountries,1502,SouthSudan,728,5452,3687,2049,2107,2489,2350,2531,3179,2206,1360,1537,1818,1693,1834,2273,1481,689,570,671,657,697
2318,Uppermiddleincomecountries,1502,Uganda,800,5738,4075,3289,4176,4825,5982,6859,2919,2208,1925,2393,2751,3409,4224,2819,1867,1364,1783,2074,2573,2635
2319,Uppermiddleincomecountries,1502,UnitedRepublicofTanzania,834,2888,4695,7084,8760,10286,12597,14434,1623,2823,4385,5353,6402,7855,9545,1265,1872,2699,3407,3884,4742,4889
2320,Uppermiddleincomecountries,1502,Zambia,894,13174,20725,32472,41576,32529,27153,31022,7387,11297,17019,20821,16436,13956,15857,5787,9428,15453,20755,16093,13197,15165
2321,Uppermiddleincomecountries,1502,Zimbabwe,716,88436,111396,160014,218526,376525,750871,769964,48886,62747,89836,124224,206385,411474,424762,39550,48649,70178,94302,170140,339397,345202
2322,Uppermiddleincomecountries,1502,Angola,24,37384,41872,74597,71161,78784,88794,98992,23151,25471,44021,39914,43095,48038,56389,14233,16401,30576,31247,35689,40756,42603
2323,Uppermiddleincomecountries,1502,Cameroon,120,19111,23474,28208,31069,36416,50372,55614,9912,12061,14546,16173,19293,29735,32938,9199,11413,13662,14896,17123,20637,22676
2324,Uppermiddleincomecountries,1502,CentralAfricanRepublic,140,260,216,190,252,331,365,388,153,125,111,157,218,244,268,107,91,79,95,113,121,120
2325,Uppermiddleincomecountries,1502,Chad,148,2438,2777,3121,3410,3929,5171,5643,1497,1721,1960,2200,2562,3553,3881,941,1056,1161,1210,1367,1618,1762
2326,Uppermiddleincomecountries,1502,Congo,178,8674,12749,18533,22334,28677,37558,42459,4428,6841,10273,12118,15570,21308,25308,4246,5908,8260,10216,13107,16250,17151
2327,Uppermiddleincomecountries,1502,DemocraticRepublicoftheCongo,180,15750,16858,18754,27788,46623,100654,83361,7939,8819,10321,12614,23732,54298,46789,7811,8039,8433,15174,22891,46356,36572
2328,Uppermiddleincomecountries,1502,EquatorialGuinea,226,26921,35999,45021,49106,56973,79603,87583,13241,17693,22288,24565,29044,46022,50581,13680,18306,22733,24541,27929,33581,37002
2329,Uppermiddleincomecountries,1502,Gabon,266,375,282,245,354,499,625,727,182,147,138,202,288,361,440,193,135,107,152,211,264,287
2330,Uppermiddleincomecountries,1502,SaoTomeandPrincipe,678,2390,3191,3989,4576,5504,7506,8406,1166,1553,1955,2294,2805,4245,4764,1224,1638,2034,2282,2699,3261,3642
2331,Uppermiddleincomecountries,1502,Algeria,12,4928,5636,6412,6490,7201,7372,8206,2266,2863,3528,3902,4312,4413,5000,2662,2773,2884,2588,2889,2959,3206
2332,Uppermiddleincomecountries,1502,Egypt,818,281577,369986,456272,252751,254142,207864,223984,196887,257666,316968,181908,193406,123856,137024,84690,112320,139304,70843,60736,84008,86960
2333,Uppermiddleincomecountries,1502,Libya,434,16006,13181,10244,8592,8504,21993,27857,7888,6834,5713,5020,5037,13802,17361,8118,6347,4531,3572,3467,8191,10496
2334,Uppermiddleincomecountries,1502,Morocco,504,7985,8713,9551,9749,11331,11746,12751,3647,4009,4447,5234,6077,6433,7059,4338,4704,5104,4515,5254,5313,5692
2335,Uppermiddleincomecountries,1502,Sudan,729,47873,33779,19929,20962,24920,28412,32155,27538,20369,13313,15139,17858,19114,21637,20335,13410,6616,5823,7062,9298,10518
2336,Uppermiddleincomecountries,1502,Tunisia,788,2932,3535,4112,4298,4885,5044,5617,1565,2004,2425,2790,3165,3258,3627,1367,1531,1687,1508,1720,1786,1990
2337,Uppermiddleincomecountries,1502,WesternSahara,732,111,117,119,75,30,31,29,54,57,58,33,6,7,7,57,60,61,42,24,24,22
2338,Uppermiddleincomecountries,1502,Botswana,72,19646,16816,18662,23959,34406,44156,51216,15766,12162,11814,14877,20937,26812,33493,3880,4654,6848,9082,13469,17344,17723
2339,Uppermiddleincomecountries,1502,Eswatini,748,34532,29133,32335,42444,66187,42877,46352,25264,19256,18278,23501,36437,20979,22587,9268,9877,14057,18943,29750,21898,23765
2340,Uppermiddleincomecountries,1502,Lesotho,426,187710,131890,114956,151390,234456,182216,192416,144076,91763,64561,82147,126236,82113,85347,43634,40127,50395,69243,108220,100103,107069
2341,Uppermiddleincomecountries,1502,Namibia,516,11301,24437,45049,59566,92275,41819,37849,6906,13081,22715,29331,45390,20958,18936,4395,11356,22334,30235,46885,20861,18913
2342,Uppermiddleincomecountries,1502,SouthAfrica,710,20056,23225,27125,20282,17149,17786,19343,10939,13109,15792,11613,9289,9695,10583,9117,10116,11333,8669,7860,8091,8760
2343,Uppermiddleincomecountries,1502,Benin,204,16883,22256,27623,29931,34564,48183,53004,8522,11222,14023,15359,18063,28363,31189,8361,11034,13600,14572,16501,19820,21815
2344,Uppermiddleincomecountries,1502,BurkinaFaso,854,2820,3589,4332,4573,5122,6952,7595,1613,2063,2507,2677,3054,4521,4950,1207,1526,1825,1896,2068,2431,2645
2345,Uppermiddleincomecountries,1502,CaboVerde,132,108,107,104,686,1265,1475,1591,47,48,49,309,567,656,729,61,59,55,377,698,819,862
2346,Uppermiddleincomecountries,1502,CotedIvoire,384,3059,2827,2814,3360,4196,5477,6057,1963,1846,1873,2278,2861,3867,4336,1096,981,941,1082,1335,1610,1721
2347,Uppermiddleincomecountries,1502,Gambia,270,141,139,133,115,123,125,131,67,67,63,57,65,69,74,74,72,70,58,58,56,57
2348,Uppermiddleincomecountries,1502,Ghana,288,9699,7873,7226,8494,10899,14166,18366,6385,5615,5530,6449,8140,10732,14074,3314,2258,1696,2045,2759,3434,4292
2349,Uppermiddleincomecountries,1502,Guinea,324,2130,2584,3036,3220,3635,4958,5428,1440,1817,2195,2358,2699,3845,4218,690,767,841,862,936,1113,1210
2350,Uppermiddleincomecountries,1502,GuineaBissau,624,573,541,510,939,1370,1578,1693,367,389,412,706,999,1145,1242,206,152,98,233,371,433,451
2351,Uppermiddleincomecountries,1502,Liberia,430,309,194,258,419,645,826,954,95,71,132,156,233,297,413,214,123,126,263,412,529,541
2352,Uppermiddleincomecountries,1502,Mali,466,18043,23503,28955,31520,36499,50915,56001,11614,15089,18634,20409,23871,35727,39284,6429,8414,10321,11111,12628,15188,16717
2353,Uppermiddleincomecountries,1502,Mauritania,478,678,616,521,557,657,612,652,518,453,362,423,508,477,508,160,163,159,134,149,135,144
2354,Uppermiddleincomecountries,1502,Niger,562,332,311,299,332,380,424,449,294,256,224,266,311,346,370,38,55,75,66,69,78,79
2355,Uppermiddleincomecountries,1502,Nigeria,566,28447,25119,24711,28216,48387,77685,72272,21106,18596,18366,21236,33632,54766,55276,7341,6523,6345,6980,14755,22919,16996
2356,Uppermiddleincomecountries,1502,SaintHelena,654,314,242,210,228,273,329,369,85,84,89,91,104,124,160,229,158,121,137,169,205,209
2357,Uppermiddleincomecountries,1502,Senegal,686,13417,15462,17998,19853,23553,37286,41691,10901,12453,14468,16054,19185,31483,35287,2516,3009,3530,3799,4368,5803,6404
2358,Uppermiddleincomecountries,1502,SierraLeone,694,743,614,557,638,781,917,1024,411,347,332,390,484,574,672,332,267,225,248,297,343,352
2359,Uppermiddleincomecountries,1502,Togo,768,7116,9517,11905,12971,15047,21037,23145,3526,4712,5938,6535,7726,12230,13442,3590,4805,5967,6436,7321,8807,9703
2360,Uppermiddleincomecountries,1502,Kazakhstan,398,2490388,2620644,2677614,2673037,2615345,2663647,2663989,1217755,1264385,1272725,1254386,1211590,1227225,1227115,1272633,1356259,1404889,1418651,1403755,1436422,1436874
2361,Uppermiddleincomecountries,1502,Kyrgyzstan,417,452582,471267,476515,542046,596648,608228,608929,221809,230634,232765,264528,291219,295419,295719,230773,240633,243750,277518,305429,312809,313210
2362,Uppermiddleincomecountries,1502,Tajikistan,762,441703,449857,415322,456249,483161,490963,491618,216796,236867,237011,264380,284526,288618,288999,224907,212990,178311,191869,198635,202345,202619
2363,Uppermiddleincomecountries,1502,Turkmenistan,795,178178,185736,187182,194741,196734,199801,200075,87094,91468,92818,95423,95137,96075,96309,91084,94268,94364,99318,101597,103726,103766
2364,Uppermiddleincomecountries,1502,Uzbekistan,860,1186952,1208997,1198710,1361450,1501283,1538572,1556375,577294,600708,602307,697910,780970,800352,809702,609658,608289,596403,663540,720313,738220,746673
2365,Uppermiddleincomecountries,1502,China,156,471075,371793,286837,293394,320199,356038,386057,230880,186373,148393,163601,180967,208498,227446,240195,185420,138444,129793,139232,147540,158611
2366,Uppermiddleincomecountries,1502,China,156,344,4561,4378,5295,71810,161586,198492,216334,2391,2428,3019,43231,97263,122980,134197,2170,1950,2276,28579,64323,75512
2367,Uppermiddleincomecountries,1502,China,156,446,3101,4495,5575,9757,14102,17394,18919,1752,2567,3228,5503,7831,10012,10890,1349,1928,2347,4254,6271,7382
2368,Uppermiddleincomecountries,1502,China,156,158,0,0,0,0,0,0,0,0,0,0,0,0,0,0,0,0,0,0,0,0
2369,Uppermiddleincomecountries,1502,DemPeoplesRepublicofKorea,408,30629,43778,56686,63077,69670,75348,78920,14680,21656,28486,33290,38188,41811,43740,15949,22122,28200,29787,31482,33537,35180
2370,Uppermiddleincomecountries,1502,Japan,392,139871,126357,117191,114559,112416,129805,142496,75373,67644,62338,62400,62458,72366,80455,64498,58713,54853,52159,49958,57439,62041
2371,Uppermiddleincomecountries,1502,Mongolia,496,21314,23017,23931,22787,21195,21621,21701,10455,10996,11157,10457,9563,9692,9723,10859,12021,12774,12330,11632,11929,11978
2372,Uppermiddleincomecountries,1502,RepublicofKorea,410,113492,112837,107797,156727,204056,236976,255988,59783,60573,59115,90778,122165,145369,157595,53709,52264,48682,65949,81891,91607,98393
2373,Uppermiddleincomecountries,1502,BruneiDarussalam,96,3270,2993,3467,4698,5669,6867,7284,1644,1615,1994,2776,3394,4160,4496,1626,1378,1473,1922,2275,2707,2788
2374,Uppermiddleincomecountries,1502,Cambodia,116,74902,105094,157142,378125,624480,681859,708469,36883,51799,76226,177142,293866,320288,332364,38019,53295,80916,200983,330614,361571,376105
2375,Uppermiddleincomecountries,1502,Indonesia,360,265139,448708,769493,909121,1021315,1234027,1311859,173673,265594,438077,540698,620647,761550,822176,91466,183114,331416,368423,400668,472477,489683
2376,Uppermiddleincomecountries,1502,LaoPeoplesDemocraticRepublic,418,165694,206630,290064,541675,829863,900151,941756,75529,96210,134017,238858,365933,395766,413353,90165,110420,156047,302817,463930,504385,528403
2377,Uppermiddleincomecountries,1502,Malaysia,458,17168,14595,12531,14564,17307,19258,20761,9975,9041,8402,10019,11725,13067,14181,7193,5554,4129,4545,5582,6191,6580
2378,Uppermiddleincomecountries,1502,Myanmar,104,234743,447481,753867,1317235,1885961,2092334,2199867,141412,251042,408683,727939,1060771,1183768,1246853,93331,196439,345184,589296,825190,908566,953014
2379,Uppermiddleincomecountries,1502,Philippines,608,125698,152578,216663,141853,104597,184196,197798,64120,76899,109315,72910,54323,85112,93426,61578,75679,107348,68943,50274,99084,104372
2380,Uppermiddleincomecountries,1502,Singapore,702,37250,38010,48252,72668,94226,112439,119131,18433,19018,24095,38274,50588,61194,66143,18817,18992,24157,34394,43638,51245,52988
2381,Uppermiddleincomecountries,1502,Thailand,764,37583,36419,43049,40466,52857,53667,57205,19082,16890,17737,19721,27476,29015,31269,18501,19529,25312,20745,25381,24652,25936
2382,Uppermiddleincomecountries,1502,TimorLeste,626,729,71378,142028,78666,20396,22583,23743,476,35745,71014,41882,11455,12906,13540,253,35633,71014,36784,8941,9677,10203
2383,Uppermiddleincomecountries,1502,VietNam,704,350607,360223,381324,396350,400711,418706,427126,179076,186471,200200,226643,240421,257600,263931,171531,173752,181124,169707,160290,161106,163195
2384,Uppermiddleincomecountries,1502,Afghanistan,4,4009209,2690604,2256139,2398762,2593395,2726067,2838005,2224364,1489262,1249011,1320507,1425017,1489044,1538745,1784845,1201342,1007128,1078255,1168378,1237023,1299260
2385,Uppermiddleincomecountries,1502,Bangladesh,50,33761,50835,78665,244276,425107,472552,500183,28850,34251,46603,143229,259619,295101,322151,4911,16584,32062,101047,165488,177451,178032
2386,Uppermiddleincomecountries,1502,Bhutan,64,13,19,27,33,41,33,35,12,15,20,22,27,23,25,1,4,7,11,14,10,10
2387,Uppermiddleincomecountries,1502,India,356,63704,100403,157168,188727,227565,247454,258003,27319,54098,91960,111303,137041,149911,159822,36385,46305,65208,77424,90524,97543,98181
2388,Uppermiddleincomecountries,1502,IranIslamicRepublicof,364,58508,77255,75447,47664,47310,69882,116080,32935,43292,38138,25391,25833,40609,62054,25573,33963,37309,22273,21477,29273,54026
2389,Uppermiddleincomecountries,1502,Maldives,462,191,160,135,112,104,116,122,96,90,87,66,49,57,66,95,70,48,46,55,59,56
2390,Uppermiddleincomecountries,1502,Nepal,524,21409,37422,64442,137144,287599,564492,598091,11096,19349,33161,75479,163307,325256,352040,10313,18073,31281,61665,124292,239236,246051
2391,Uppermiddleincomecountries,1502,Pakistan,586,35046,34782,45625,61380,90833,141482,140624,19624,20277,27621,37137,54568,84350,86027,15422,14505,18004,24243,36265,57132,54597
2392,Uppermiddleincomecountries,1502,SriLanka,144,29263,36785,45792,41258,52940,41385,45866,7139,9848,13986,17630,22590,20539,22066,22124,26937,31806,23628,30350,20846,23800
2393,Uppermiddleincomecountries,1502,Armenia,51,771351,751860,704587,711302,711342,714766,709079,374860,380532,379888,389424,389497,392445,389674,396491,371328,324699,321878,321845,322321,319405
2394,Uppermiddleincomecountries,1502,Azerbaijan,31,1477423,1544005,1449677,1274835,981972,945520,953114,695179,759132,750951,661413,524060,509894,513354,782244,784873,698726,613422,457912,435626,439760
2395,Uppermiddleincomecountries,1502,Bahrain,48,1583,1597,1653,1559,2041,1699,1892,676,835,1020,1054,1431,1154,1304,907,762,633,505,610,545,588
2396,Uppermiddleincomecountries,1502,Cyprus,196,10874,11652,12787,13880,15696,17268,22769,5142,5572,6132,6522,7223,7824,10063,5732,6080,6655,7358,8473,9444,12706
2397,Uppermiddleincomecountries,1502,Georgia,268,743620,758499,751755,646859,539709,558150,558131,362529,385495,395428,339540,282468,290151,289746,381091,373004,356327,307319,257241,267999,268385
2398,Uppermiddleincomecountries,1502,Iraq,368,367324,367008,347369,411790,716426,562118,675386,192106,194336,195184,237865,388393,314565,282050,175218,172672,152185,173925,328033,247553,393336
2399,Uppermiddleincomecountries,1502,Israel,376,13067,14418,16442,16643,19690,20414,23744,7122,8189,9587,9627,11386,11268,13391,5945,6229,6855,7016,8304,9146,10353
2400,Uppermiddleincomecountries,1502,Jordan,400,26515,28705,29146,36752,43615,46892,49570,14957,16850,17538,24687,29189,31997,33718,11558,11855,11608,12065,14426,14895,15852
2401,Uppermiddleincomecountries,1502,Kuwait,414,7140,8692,10270,10831,12354,12659,13816,4090,5732,7443,8358,9552,9720,10642,3050,2960,2827,2473,2802,2939,3174
2402,Uppermiddleincomecountries,1502,Lebanon,422,47970,46445,44966,42420,42752,45091,48460,26402,26164,25981,25995,26381,27932,30142,21568,20281,18985,16425,16371,17159,18318
2403,Uppermiddleincomecountries,1502,Oman,512,2135,2280,2451,2315,3024,2482,2738,1253,1371,1513,1632,2076,1739,1914,882,909,938,683,948,743,824
2404,Uppermiddleincomecountries,1502,Qatar,634,1047,1238,1445,1451,1749,1671,1857,586,804,1040,1116,1356,1278,1427,461,434,405,335,393,393,430
2405,Uppermiddleincomecountries,1502,SaudiArabia,682,29758,36523,43623,44573,52588,51099,56607,16854,22949,29378,32152,38089,36416,40069,12904,13574,14245,12421,14499,14683,16538
2406,Uppermiddleincomecountries,1502,StateofPalestine,275,1411027,1824707,2202762,2581511,2766632,2918297,3068599,676800,893447,1101641,1302682,1387969,1509602,1607087,734227,931260,1101121,1278829,1378663,1408695,1461512
2407,Uppermiddleincomecountries,1502,SyrianArabRepublic,760,136837,140599,143381,138894,208623,4922859,5898677,75510,78531,81083,88973,134151,2764538,3370059,61327,62068,62298,49921,74472,2158321,2528618
2408,Uppermiddleincomecountries,1502,Turkey,792,62563,86616,94582,103002,110347,115565,127530,31507,46439,51340,57216,63723,65798,72186,31056,40177,43242,45786,46624,49767,55344
2409,Uppermiddleincomecountries,1502,UnitedArabEmirates,784,5520,4246,2967,3254,3829,4019,4517,3074,2465,1847,2212,2596,2702,3045,2446,1781,1120,1042,1233,1317,1472
2410,Uppermiddleincomecountries,1502,Yemen,887,17179,19870,22396,23257,27070,47700,39581,10544,12980,15355,17391,20252,32356,24452,6635,6890,7041,5866,6818,15344,15129
2411,Uppermiddleincomecountries,1502,Belarus,112,905250,956007,988302,913372,821151,839763,843599,442043,449060,447672,406682,358237,364920,366769,463207,506947,540630,506690,462914,474843,476830
2412,Uppermiddleincomecountries,1502,Bulgaria,100,481120,471133,462976,476926,490722,487450,676203,233594,227526,221882,223091,223692,176855,212914,247526,243607,241094,253835,267030,310595,463289
2413,Uppermiddleincomecountries,1502,Czechia,203,22168,22884,23198,20936,18917,19902,21316,10527,10894,11083,10029,9109,9567,10401,11641,11990,12115,10907,9808,10335,10915
2414,Uppermiddleincomecountries,1502,Hungary,348,29820,30179,29275,27053,25459,25489,26111,14002,14244,13936,12964,12192,12065,12364,15818,15935,15339,14089,13267,13424,13747
2415,Uppermiddleincomecountries,1502,Poland,616,87091,76590,68898,62249,56710,61395,65699,41352,35814,31415,28648,26316,28396,31103,45739,40776,37483,33601,30394,32999,34596
2416,Uppermiddleincomecountries,1502,RepublicofMoldova,498,321769,316442,298138,308669,313362,319817,322169,157810,163279,162021,165032,164966,167699,168308,163959,153163,136117,143637,148396,152118,153861
2417,Uppermiddleincomecountries,1502,Romania,642,24189,32688,39767,40190,41367,40314,48660,10805,13400,15600,15476,15528,14716,16772,13384,19288,24167,24714,25839,25598,31888
2418,Uppermiddleincomecountries,1502,RussianFederation,643,3710170,3328651,2971106,3038360,3115032,3263638,3398000,1643796,1486318,1325824,1386374,1449342,1539919,1604347,2066374,1842333,1645282,1651986,1665690,1723719,1793653
2419,Uppermiddleincomecountries,1502,Slovakia,703,6301,7793,9133,6838,7166,7329,7429,3089,3772,4420,3273,3477,3557,3604,3212,4021,4713,3565,3689,3772,3825
2420,Uppermiddleincomecountries,1502,Ukraine,804,4004281,4094523,4072492,3853453,3569791,3882990,3903757,1944750,1977552,1955051,1821676,1658303,1813984,1823935,2059531,2116971,2117441,2031777,1911488,2069006,2079822
2421,Uppermiddleincomecountries,1502,ChannelIslands,830,97,73,85,57,111,111,132,32,25,28,18,35,35,46,65,48,57,39,76,76,86
2422,Uppermiddleincomecountries,1502,Denmark,208,7708,8840,10298,9622,9508,10472,12972,3897,4625,5496,5179,5089,5571,6837,3811,4215,4802,4443,4419,4901,6135
2423,Uppermiddleincomecountries,1502,Estonia,233,68001,71529,72298,68294,63000,64369,64451,33291,34537,34434,31935,28871,29354,29402,34710,36992,37864,36359,34129,35015,35049
2424,Uppermiddleincomecountries,1502,FaroeIslands,234,0,0,0,0,0,0,0,0,0,0,0,0,0,0,0,0,0,0,0,0,0
2425,Uppermiddleincomecountries,1502,Finland,246,5142,6274,7481,7838,8300,8864,9857,2401,2900,3406,3618,3801,4019,4456,2741,3374,4075,4220,4499,4845,5401
2426,Uppermiddleincomecountries,1502,Iceland,352,109,155,206,481,754,719,808,54,78,106,286,469,460,523,55,77,100,195,285,259,285
2427,Uppermiddleincomecountries,1502,Ireland,372,7262,6480,7158,8894,12233,15341,18025,3340,3134,3499,4157,5431,6737,8947,3922,3346,3659,4737,6802,8604,9078
2428,Uppermiddleincomecountries,1502,IsleofMan,833,0,0,0,0,0,2,18,0,0,0,0,0,0,12,0,0,0,0,0,2,6
2429,Uppermiddleincomecountries,1502,Latvia,428,109195,113299,114588,108209,99920,102297,102326,53201,54151,53770,49834,45023,45830,45893,55994,59148,60818,58375,54897,56467,56433
2430,Uppermiddleincomecountries,1502,Lithuania,440,111702,110265,108768,101151,92614,95218,95422,53727,51963,50151,45396,40051,40940,41115,57975,58302,58617,55755,52563,54278,54307
2431,Uppermiddleincomecountries,1502,Norway,578,4647,5810,7300,7594,8147,8765,10926,2467,3022,3724,3870,4106,4355,5327,2180,2788,3576,3724,4041,4410,5599
2432,Uppermiddleincomecountries,1502,Sweden,752,6102,8931,11550,11448,11910,12581,15505,3277,4589,5802,5833,6104,6431,7557,2825,4342,5748,5615,5806,6150,7948
2433,Uppermiddleincomecountries,1502,UnitedKingdom,826,188662,175881,196504,251735,221187,178704,205732,85356,85921,99366,126685,113561,94113,106996,103306,89960,97138,125050,107626,84591,98736
2434,Uppermiddleincomecountries,1502,Albania,8,47798,62310,75109,75370,77834,76144,78172,20231,26345,31781,31820,31765,31709,32583,27567,35965,43328,43550,46069,44435,45589
2435,Uppermiddleincomecountries,1502,Andorra,20,1,1,1,8,13,13,14,1,1,1,8,13,13,14,0,0,0,0,0,0,0
2436,Uppermiddleincomecountries,1502,BosniaandHerzegovina,70,54771,281178,392102,362948,389714,380389,388098,26210,129959,183512,162401,170709,165993,169534,28561,151219,208590,200547,219005,214396,218564
2437,Uppermiddleincomecountries,1502,Croatia,191,61836,287829,363605,319192,322121,316952,322047,29773,140401,167922,145938,144835,141957,144420,32063,147428,195683,173254,177286,174995,177627
2438,Uppermiddleincomecountries,1502,Gibraltar,292,63,57,60,62,70,79,90,33,29,29,32,40,50,58,30,28,31,30,30,29,32
2439,Uppermiddleincomecountries,1502,Greece,300,166491,143141,121740,116768,113339,116694,141587,76972,66189,56192,55227,52797,54019,62161,89519,76952,65548,61541,60542,62675,79426
2440,Uppermiddleincomecountries,1502,HolySee,336,0,0,0,0,0,1,0,0,0,0,0,0,1,0,0,0,0,0,0,0,0
2441,Uppermiddleincomecountries,1502,Italy,380,531765,451369,375590,326929,284676,323063,337462,276674,234189,194442,170083,148243,167515,178153,255091,217180,181148,156846,136433,155548,159309
2442,Uppermiddleincomecountries,1502,Malta,470,804,877,952,713,531,645,832,368,404,430,311,227,271,402,436,473,522,402,304,374,430
2443,Uppermiddleincomecountries,1502,Montenegro,499,23271,74490,102603,87447,86376,85436,86557,10573,33663,42712,38776,38215,37657,38166,12698,40827,59891,48671,48161,47779,48391
2444,Uppermiddleincomecountries,1502,NorthMacedonia,807,62057,138389,196012,195499,201734,199845,259064,30819,64440,89992,89291,89496,104451,132108,31238,73949,106020,106208,112238,95394,126956
2445,Uppermiddleincomecountries,1502,Portugal,620,380798,336651,298165,264315,215212,234227,247679,204329,180280,158794,140149,113783,121944,130340,176469,156371,139371,124166,101429,112283,117339
2446,Uppermiddleincomecountries,1502,SanMarino,674,69,74,78,73,101,109,107,47,47,46,38,31,31,31,22,27,32,35,70,78,76
2447,Uppermiddleincomecountries,1502,Serbia,688,38416,42077,46208,35211,50909,45348,45866,17306,19260,21400,15986,22800,19936,20607,21110,22817,24808,19225,28109,25412,25259
2448,Uppermiddleincomecountries,1502,Slovenia,705,6507,13967,17310,15567,16513,16544,16768,2812,6181,7562,6919,7156,7152,7269,3695,7786,9748,8648,9357,9392,9499
2449,Uppermiddleincomecountries,1502,Spain,724,459258,381981,309195,274352,250319,280849,298311,226515,188467,153025,136753,126161,141279,152092,232743,193514,156170,137599,124158,139570,146219
2450,Uppermiddleincomecountries,1502,Austria,40,30407,34881,37475,36294,36490,38673,47005,14623,17342,19015,18139,17924,18829,22551,15784,17539,18460,18155,18566,19844,24454
2451,Uppermiddleincomecountries,1502,Belgium,56,19501,18789,19470,20349,22718,26111,33159,9731,9532,9963,10467,11640,13301,16923,9770,9257,9507,9882,11078,12810,16236
2452,Uppermiddleincomecountries,1502,France,250,66948,67463,72130,80856,91755,107626,125857,34894,35643,38463,43137,48807,59199,68955,32054,31820,33667,37719,42948,48427,56902
2453,Uppermiddleincomecountries,1502,Germany,276,479154,489419,516484,532324,526578,527966,654471,237925,243832,257249,262109,255708,233189,267547,241229,245587,259235,270215,270870,294777,386924
2454,Uppermiddleincomecountries,1502,Liechtenstein,438,174,170,167,127,103,103,103,111,109,109,81,73,74,74,63,61,58,46,30,29,29
2455,Uppermiddleincomecountries,1502,Luxembourg,442,424,487,524,437,520,590,672,156,200,222,190,241,273,326,268,287,302,247,279,317,346
2456,Uppermiddleincomecountries,1502,Monaco,492,404,439,475,402,453,513,548,185,208,235,226,251,284,313,219,231,240,176,202,229,235
2457,Uppermiddleincomecountries,1502,Netherlands,528,42310,41250,43721,50293,54436,55798,69171,20653,21326,23457,27165,29237,29805,35348,21657,19924,20264,23128,25199,25993,33823
2458,Uppermiddleincomecountries,1502,Switzerland,756,30995,30101,29310,28116,28954,30640,36969,16468,16236,16020,15266,15513,16380,19184,14527,13865,13290,12850,13441,14260,17785
2459,Uppermiddleincomecountries,1502,Anguilla,660,476,501,517,329,138,135,132,250,272,287,192,94,94,97,226,229,230,137,44,41,35
2460,Uppermiddleincomecountries,1502,AntiguaandBarbuda,28,1391,1500,1589,1457,1379,1433,1474,632,689,740,693,646,674,694,759,811,849,764,733,759,780
2461,Uppermiddleincomecountries,1502,Aruba,533,816,848,887,792,726,760,739,381,392,408,363,336,351,342,435,456,479,429,390,409,397
2462,Uppermiddleincomecountries,1502,Bahamas,44,742,856,974,921,896,892,908,346,400,454,441,443,445,458,396,456,520,480,453,447,450
2463,Uppermiddleincomecountries,1502,Barbados,52,1659,1830,2097,2041,1889,1891,1901,844,933,1076,1045,969,975,983,815,897,1021,996,920,916,918
2464,Uppermiddleincomecountries,1502,Bonaire,16,535,220,226,232,239,246,252,249,118,121,120,126,130,133,131,102,105,112,113,116,119
2465,Uppermiddleincomecountries,1502,BritishVirginIslands,92,115,158,207,270,339,335,367,64,88,116,149,185,178,189,51,70,91,121,154,157,178
2466,Uppermiddleincomecountries,1502,CaymanIslands,136,10,9,11,14,22,21,20,7,8,9,10,17,18,17,3,1,2,4,5,3,3
2467,Uppermiddleincomecountries,1502,Cuba,192,36405,38689,43358,41954,48633,49745,67214,18702,20240,22987,22334,25964,26866,37600,17703,18449,20371,19620,22669,22879,29614
2468,Uppermiddleincomecountries,1502,CuraÃao,531,820,816,853,886,923,953,908,393,388,408,425,443,453,429,427,428,445,461,480,500,479
2469,Uppermiddleincomecountries,1502,Dominica,212,569,487,548,610,644,631,623,265,242,272,303,316,313,309,304,245,276,307,328,318,314
2470,Uppermiddleincomecountries,1502,DominicanRepublic,214,20838,19573,18745,18288,19229,21183,22263,8027,7579,7245,7056,7431,7963,8293,12811,11994,11500,11232,11798,13220,13970
2471,Uppermiddleincomecountries,1502,Grenada,308,1307,1242,1126,1169,1142,1132,1133,545,525,482,528,539,538,547,762,717,644,641,603,594,586
2472,Uppermiddleincomecountries,1502,Guadeloupe,312,141,179,219,191,163,166,180,84,102,119,94,69,71,77,57,77,100,97,94,95,103
2473,Uppermiddleincomecountries,1502,Haiti,332,192837,212840,233084,275195,319869,480551,539489,126349,137668,149153,172732,197730,313363,340609,66488,75172,83931,102463,122139,167188,198880
2474,Uppermiddleincomecountries,1502,Jamaica,388,2855,2574,2473,2355,2372,2483,2606,1443,1338,1308,1237,1225,1292,1393,1412,1236,1165,1118,1147,1191,1213
2475,Uppermiddleincomecountries,1502,Martinique,474,342,432,550,533,498,507,494,180,231,298,297,287,296,293,162,201,252,236,211,211,201
2476,Uppermiddleincomecountries,1502,Montserrat,500,82,105,130,155,186,206,205,42,54,67,80,95,107,108,40,51,63,75,91,99,97
2477,Uppermiddleincomecountries,1502,PuertoRico,630,12049,13290,14796,11428,8671,7329,7820,5709,6133,6696,5498,4628,4048,4366,6340,7157,8100,5930,4043,3281,3454
2478,Uppermiddleincomecountries,1502,SaintBarthelemy,652,0,0,0,0,0,0,0,0,0,0,0,0,0,0,0,0,0,0,0,0,0
2479,Uppermiddleincomecountries,1502,SaintKittsandNevis,659,264,293,329,361,428,448,455,139,153,172,184,224,237,248,125,140,157,177,204,211,207
2480,Uppermiddleincomecountries,1502,SaintLucia,662,1012,1091,1175,1169,1248,1311,1342,507,542,582,581,595,622,640,505,549,593,588,653,689,702
2481,Uppermiddleincomecountries,1502,SaintMartinFrenchpart,663,0,0,0,0,0,0,0,0,0,0,0,0,0,0,0,0,0,0,0,0,0
2482,Uppermiddleincomecountries,1502,SaintVincentandtheGrenadines,670,952,1121,1317,1416,1401,1426,1471,477,515,565,613,587,598,595,475,606,752,803,814,828,876
2483,Uppermiddleincomecountries,1502,SintMaartenDutchpart,534,346,347,378,391,406,422,408,160,156,174,181,190,200,197,186,191,204,210,216,222,211
2484,Uppermiddleincomecountries,1502,TrinidadandTobago,780,8769,9152,9626,9787,9883,10019,10068,4272,4312,4395,4486,4534,4590,4521,4497,4840,5231,5301,5349,5429,5547
2485,Uppermiddleincomecountries,1502,TurksandCaicosIslands,796,4,6,6,22,37,37,36,4,6,6,12,17,17,16,0,0,0,10,20,20,20
2486,Uppermiddleincomecountries,1502,UnitedStatesVirginIslands,850,494,860,1232,1056,882,887,839,307,648,991,881,772,782,736,187,212,241,175,110,105,103
2487,Uppermiddleincomecountries,1502,Belize,84,2197,2195,2320,2645,3288,2994,3314,890,861,894,1158,1578,1464,1640,1307,1334,1426,1487,1710,1530,1674
2488,Uppermiddleincomecountries,1502,CostaRica,188,8267,8605,9120,8071,7775,9158,10376,3453,3591,3819,3603,3721,4518,5241,4814,5014,5301,4468,4054,4640,5135
2489,Uppermiddleincomecountries,1502,ElSalvador,222,603805,165161,36580,37935,49991,55142,68212,287919,74544,16051,15339,19515,22113,28287,315886,90617,20529,22596,30476,33029,39925
2490,Uppermiddleincomecountries,1502,Guatemala,320,89242,67976,49705,51128,58151,71439,79640,45295,35605,27601,26013,27409,33902,38247,43947,32371,22104,25115,30742,37537,41393
2491,Uppermiddleincomecountries,1502,Honduras,340,14102,16323,19817,23164,30425,37420,64878,5620,6870,8651,10536,14155,17240,29679,8482,9453,11166,12628,16270,20180,35199
2492,Uppermiddleincomecountries,1502,Mexico,484,25993,28741,32498,34078,39820,45584,53510,11762,13578,15833,17459,21127,24531,29254,14231,15163,16665,16619,18693,21053,24256
2493,Uppermiddleincomecountries,1502,Nicaragua,558,110528,143795,243150,281769,302700,308162,368286,54890,72380,120859,137783,143544,145281,182865,55638,71415,122291,143986,159156,162881,185421
2494,Uppermiddleincomecountries,1502,Panama,591,41115,27581,18551,13554,18930,19807,23200,20854,14053,9523,6871,9642,10262,12453,20261,13528,9028,6683,9288,9545,10747
2495,Uppermiddleincomecountries,1502,Argentina,32,109470,117501,127305,129178,136259,146722,170162,56080,60901,66431,67841,72041,77986,91873,53390,56600,60874,61337,64218,68736,78289
2496,Uppermiddleincomecountries,1502,BoliviaPlurinationalStateof,68,173872,215700,258314,336460,416524,489229,509122,90638,111594,132946,169932,207985,244763,256111,83234,104106,125368,166528,208539,244466,253011
2497,Uppermiddleincomecountries,1502,Brazil,76,167467,163774,163782,177444,193296,215458,237495,84667,82397,81741,90193,100461,113512,126641,82800,81377,82041,87251,92835,101946,110854
2498,Uppermiddleincomecountries,1502,Chile,152,290246,275884,263671,251424,244845,282458,296548,153383,141973,131656,123331,118040,136113,145224,136863,133911,132015,128093,126805,146345,151324
2499,Uppermiddleincomecountries,1502,Colombia,170,619496,670568,720791,803171,1206002,1236942,1203928,289635,317238,344309,380858,584535,600408,589738,329861,353330,376482,422313,621467,636534,614190
2500,Uppermiddleincomecountries,1502,Ecuador,218,43568,47139,51427,53125,60931,68713,76111,21843,23370,25210,26198,30577,34298,38071,21725,23769,26217,26927,30354,34415,38040
2501,Uppermiddleincomecountries,1502,FalklandIslandsMalvinas,238,18,20,22,27,42,52,54,9,10,11,13,21,26,31,9,10,11,14,21,26,23
2502,Uppermiddleincomecountries,1502,FrenchGuiana,254,942,930,944,960,962,1088,1175,458,464,480,499,511,584,647,484,466,464,461,451,504,528
2503,Uppermiddleincomecountries,1502,Guyana,328,12351,15078,18373,21588,24772,26673,27632,6209,7531,9096,10848,12605,13520,14068,6142,7547,9277,10740,12167,13153,13564
2504,Uppermiddleincomecountries,1502,Paraguay,600,280117,312695,345397,487459,629098,726782,737984,123617,137320,151081,216015,280743,323759,331855,156500,175375,194316,271444,348355,403023,406129
2505,Uppermiddleincomecountries,1502,Peru,604,66343,111449,158327,207420,263490,299405,303519,37670,56718,76623,101951,131171,149334,153026,28673,54731,81704,105469,132319,150071,150493
2506,Uppermiddleincomecountries,1502,Suriname,740,1425,2108,2804,3563,2855,3045,3198,681,1036,1394,1788,1499,1604,1694,744,1072,1410,1775,1356,1441,1504
2507,Uppermiddleincomecountries,1502,Uruguay,858,174415,163438,152734,151958,151633,174817,179851,86809,81405,76143,74838,73793,84454,87923,87606,82033,76591,77120,77840,90363,91928
2508,Uppermiddleincomecountries,1502,VenezuelaBolivarianRepublicof,862,59446,65247,71886,70256,80096,97585,3693243,28777,31704,35018,34042,38705,47060,1824089,30669,33543,36868,36214,41391,50525,1869154
2509,Uppermiddleincomecountries,1502,Bermuda,60,78,56,50,57,80,90,99,36,32,33,37,51,59,68,42,24,17,20,29,31,31
2510,Uppermiddleincomecountries,1502,Canada,124,25189,30192,37092,39810,46598,51207,58771,12946,16089,20201,22220,26451,29044,34175,12243,14103,16891,17590,20147,22163,24596
2511,Uppermiddleincomecountries,1502,Greenland,304,508,451,514,358,376,405,452,185,175,215,168,195,215,241,323,276,299,190,181,190,211
2512,Uppermiddleincomecountries,1502,SaintPierreandMiquelon,666,39,44,49,57,64,65,67,22,26,29,34,38,39,41,17,18,20,23,26,26,26
2513,Uppermiddleincomecountries,1502,UnitedStatesofAmerica,840,365295,436781,526796,709742,972556,964763,1078683,184121,222122,270402,366726,505444,494961,563570,181174,214659,256394,343016,467112,469802,515113
2514,Uppermiddleincomecountries,1502,Australia,36,23040,21420,21408,27854,36288,37907,42239,11783,11153,11200,15028,19595,21265,23469,11257,10267,10208,12826,16693,16642,18770
2515,Uppermiddleincomecountries,1502,NewZealand,554,7643,7713,8823,8968,10174,11227,12186,3462,3668,4276,4347,5025,5566,6305,4181,4045,4547,4621,5149,5661,5881
2516,Uppermiddleincomecountries,1502,Fiji,242,693,807,941,1120,1257,1167,1139,361,428,503,598,672,628,619,332,379,438,522,585,539,520
2517,Uppermiddleincomecountries,1502,NewCaledonia,540,0,0,0,0,0,0,0,0,0,0,0,0,0,0,0,0,0,0,0,0,0
2518,Uppermiddleincomecountries,1502,PapuaNewGuinea,598,84,79,85,89,97,101,105,31,33,37,38,42,44,51,53,46,48,51,55,57,54
2519,Uppermiddleincomecountries,1502,SolomonIslands,90,651,646,650,650,696,713,726,348,340,341,340,369,383,392,303,306,309,310,327,330,334
2520,Uppermiddleincomecountries,1502,Vanuatu,548,197,200,207,202,205,221,221,117,119,124,118,117,125,127,80,81,83,84,88,96,94
2521,Uppermiddleincomecountries,1502,Guam,316,5,4,4,4,6,5,6,3,2,2,2,2,2,3,2,2,2,2,4,3,3
2522,Uppermiddleincomecountries,1502,Kiribati,296,890,906,932,1020,1178,1227,1251,467,485,496,546,639,673,687,423,421,436,474,539,554,564
2523,Uppermiddleincomecountries,1502,MarshallIslands,584,0,0,0,1,1,1,0,0,0,0,1,1,1,0,0,0,0,0,0,0,0
2524,Uppermiddleincomecountries,1502,MicronesiaFedStatesof,583,101,121,148,186,232,246,250,60,70,83,102,130,138,139,41,51,65,84,102,108,111
2525,Uppermiddleincomecountries,1502,Nauru,520,33,27,26,28,33,35,34,11,10,9,11,13,14,16,22,17,17,17,20,21,18
2526,Uppermiddleincomecountries,1502,NorthernMarianaIslands,580,282,285,285,176,69,75,77,145,144,142,89,37,43,47,137,141,143,87,32,32,30
2527,Uppermiddleincomecountries,1502,Palau,585,0,0,0,0,21,24,25,0,0,0,0,12,14,15,0,0,0,0,9,10,10
2528,Uppermiddleincomecountries,1502,AmericanSamoa,16,1954,2518,3036,2430,1693,1422,1348,1004,1294,1557,1249,874,728,694,950,1224,1479,1181,819,694,654
2529,Uppermiddleincomecountries,1502,CookIslands,184,45,51,58,56,55,52,49,19,22,21,21,22,22,22,26,29,37,35,33,30,27
2530,Uppermiddleincomecountries,1502,FrenchPolynesia,258,0,0,0,0,0,0,0,0,0,0,0,0,0,0,0,0,0,0,0,0,0
2531,Uppermiddleincomecountries,1502,Niue,570,28,20,17,18,23,26,27,13,10,11,11,15,18,21,15,10,6,7,8,8,6
2532,Uppermiddleincomecountries,1502,Samoa,882,15137,16629,18132,17265,16406,16347,16406,7848,8545,9245,8754,8269,8194,8225,7289,8084,8887,8511,8137,8153,8181
2533,Uppermiddleincomecountries,1502,Tokelau,772,161,162,162,152,133,111,104,81,81,80,75,65,54,52,80,81,82,77,68,57,52
2534,Uppermiddleincomecountries,1502,Tonga,776,2572,2499,2439,2514,2666,2686,2714,1383,1333,1294,1330,1415,1428,1445,1189,1166,1145,1184,1251,1258,1269
2535,Uppermiddleincomecountries,1502,Tuvalu,798,458,483,513,782,1064,1062,1062,243,255,271,383,504,501,505,215,228,242,399,560,561,557
2536,Uppermiddleincomecountries,1502,WallisandFutunaIslands,876,12,14,15,13,12,12,11,6,7,7,6,5,5,5,6,7,8,7,7,7,6
2537,Lowermiddleincomecountries,1501,Developedregions,901,8536871,7403498,6434401,5883649,5594185,5538790,5614936,3699067,3169363,2713802,2509667,2409238,2398852,2409345,4837804,4234135,3720599,3373982,3184947,3139938,3205591
2538,Lowermiddleincomecountries,1501,Lessdevelopedregions,902,21896331,20171504,20357988,19166791,19459597,19646661,20410840,11361417,10408798,10556744,9996374,10003780,10042842,10598064,10534914,9762706,9801244,9170417,9455817,9603819,9812776
2539,Lowermiddleincomecountries,1501,Lessdevelopedregions,902,934,8843844,8245855,7711298,7580214,7429964,7415507,7475467,4516413,4162200,3893780,3844520,3803410,3840061,3742683,4327431,4083655,3817518,3735694,3626554,3575446
2540,Lowermiddleincomecountries,1501,Lessdevelopedregions,902,948,21568750,19766094,19961813,18767293,19070218,19238194,20001669,11186422,10194269,10346924,9782191,9796791,9823802,10414893,10382328,9571825,9614889,8985102,9273427,9414392
2541,Lowermiddleincomecountries,1501,Leastdevelopedcountries,941,13052487,11925649,12646690,11586577,12029633,12231154,12935373,6845004,6246598,6662964,6151854,6200370,6202781,6855381,6207483,5679051,5983726,5434723,5829263,6028373,6079992
2542,Lowermiddleincomecountries,1501,LandlockedDevelopingCountriesLLDC,1636,7400022,6482403,7349761,6569589,7290837,7458932,7520773,3747059,3307595,3841599,3495299,3688064,3716579,3782393,3652963,3174808,3508162,3074290,3602773,3742353,3738380
2543,Lowermiddleincomecountries,1501,SmallislanddevelopingStatesSIDS,1637,87214,94106,111569,122493,128932,134292,136465,42334,45864,56686,61824,64269,66729,59174,44880,48242,54883,60669,64663,67563,77291
2544,Lowermiddleincomecountries,1501,Highincomecountries,1503,751319,742531,798264,839289,916590,933835,960967,376481,377847,408091,437802,473168,482039,463304,374838,364684,390173,401487,443422,451796,497663
2545,Lowermiddleincomecountries,1501,Middleincomecountries,1517,22398488,20610032,18913825,17654041,16814078,16390235,16943495,10843464,9910585,9077844,8428864,8058577,7866158,8249378,11555024,10699447,9835981,9225177,8755501,8524077,8694117
2546,Lowermiddleincomecountries,1501,Uppermiddleincomecountries,1502,8911526,8013867,7158826,6669343,6373280,6361044,6454064,3903831,3502602,3116583,2942066,2833434,2846019,2765689,5007695,4511265,4042243,3727277,3539846,3515025,3688375
2547,Lowermiddleincomecountries,1501,Lowermiddleincomecountries,1501,13486962,12596165,11754999,10984698,10440798,10029191,10489431,6939633,6407983,5961261,5486798,5225143,5020139,5483689,6547329,6188182,5793738,5497900,5215655,5009052,5005742
2548,Lowermiddleincomecountries,1501,Lowincomecountries,1500,7114520,6054529,6913335,6424989,7152111,7675841,7926842,3747636,3197506,3693060,3566929,3790907,3995518,4192083,3366884,2857023,3220275,2858060,3361204,3680323,3734759
2549,Lowermiddleincomecountries,1501,MiddleAfrica,911,425222,509448,824870,815525,755645,916843,1047056,211979,253428,412400,447863,389203,466036,542758,213243,256020,412470,367662,366442,450807,504298
2550,Lowermiddleincomecountries,1501,WesternAsia,922,701811,710368,749850,799344,802909,887403,973440,335638,355146,390046,426945,419758,471308,500671,366173,355222,359804,372399,383151,416095,472769
2551,Lowermiddleincomecountries,1501,EasternEurope,923,8087192,6966904,5962410,5389313,5042108,4964456,5016123,3468044,2941449,2467718,2247083,2119208,2096993,2119255,4619148,4025455,3494692,3142230,2922900,2867463,2896868
2552,Lowermiddleincomecountries,1501,CentralAmerica,916,336554,197436,74254,80349,84645,96582,100497,167946,97724,35478,38600,40893,46885,48753,168608,99712,38776,41749,43752,49697,51744
2553,Lowermiddleincomecountries,1501,Melanesia,928,5151,4054,3085,3328,3298,3238,3207,2397,1996,1591,1758,1682,1653,1644,2754,2058,1494,1570,1616,1585,1563
2554,Lowermiddleincomecountries,1501,Micronesia,954,2635,2648,4786,4168,3250,3263,3440,1289,1358,2281,2028,1611,1619,1706,1346,1290,2505,2140,1639,1644,1734
2555,Lowermiddleincomecountries,1501,Polynesia,957,478,485,480,447,403,413,427,258,253,242,236,223,229,242,220,232,238,211,180,184,185
2556,Lowermiddleincomecountries,1501,Burundi,108,232363,311231,630886,467465,119150,188919,244735,114393,155215,321101,307433,60972,94558,124931,117970,156016,309785,160032,58178,94361,119804
2557,Lowermiddleincomecountries,1501,Comoros,174,774,985,1151,1342,1419,1181,1446,587,719,833,984,1038,853,1075,187,266,318,358,381,328,371
2558,Lowermiddleincomecountries,1501,Djibouti,262,243,247,271,323,348,239,371,151,150,161,200,210,157,228,92,97,110,123,138,82,143
2559,Lowermiddleincomecountries,1501,Eritrea,232,358,426,1350,1159,3245,5963,20083,180,213,671,602,1623,2975,8853,178,213,679,557,1622,2988,11230
2560,Lowermiddleincomecountries,1501,Ethiopia,231,40723,41019,32433,31709,47272,55640,61095,21462,21887,16515,16912,22629,28769,30307,19261,19132,15918,14797,24643,26871,30788
2561,Lowermiddleincomecountries,1501,Kenya,404,42448,37826,33912,36112,37559,36235,32963,18683,16574,14767,16282,16577,15987,14456,23765,21252,19145,19830,20982,20248,18507
2562,Lowermiddleincomecountries,1501,Madagascar,450,10860,10743,10630,10183,9732,9683,9649,5056,4967,4879,4723,4560,4567,4560,5804,5776,5751,5460,5172,5116,5089
2563,Lowermiddleincomecountries,1501,Malawi,454,93983,87516,107086,118991,124228,121595,128168,54543,50241,61193,67945,69788,67830,72040,39440,37275,45893,51046,54440,53765,56128
2564,Lowermiddleincomecountries,1501,Mauritius,480,2660,1606,523,563,586,563,516,1367,813,241,263,269,241,216,1293,793,282,300,317,322,300
2565,Lowermiddleincomecountries,1501,Mayotte,175,0,0,0,0,0,0,0,0,0,0,0,0,0,0,0,0,0,0,0,0,0
2566,Lowermiddleincomecountries,1501,Mozambique,508,716339,346955,259237,194806,159110,145121,148548,387537,194641,145559,109043,89036,81166,83815,328802,152314,113678,85763,70074,63955,64733
2567,Lowermiddleincomecountries,1501,Reunion,638,957,948,938,898,857,850,845,507,500,493,475,457,455,453,450,448,445,423,400,395,392
2568,Lowermiddleincomecountries,1501,Rwanda,646,72860,615085,71760,33614,39568,40827,42595,37337,302571,35979,18111,21028,22124,23157,35523,312514,35781,15503,18540,18703,19438
2569,Lowermiddleincomecountries,1501,Seychelles,690,229,302,325,375,400,412,375,138,183,198,226,240,280,246,91,119,127,149,160,132,129
2570,Lowermiddleincomecountries,1501,Somalia,706,111875,271635,269331,314936,508376,603845,555110,59883,144554,141700,170766,264670,313602,290664,51992,127081,127631,144170,243706,290243,264446
2571,Lowermiddleincomecountries,1501,SouthSudan,728,5801,53996,81156,62546,53218,101527,140566,3332,28584,41894,33359,27160,51250,71383,2469,25412,39262,29187,26058,50277,69183
2572,Lowermiddleincomecountries,1501,Uganda,800,105747,151619,275243,331707,386626,387793,341182,53722,71498,131785,164601,176004,176967,156417,52025,80121,143458,167106,210622,210826,184765
2573,Lowermiddleincomecountries,1501,UnitedRepublicofTanzania,834,73874,79724,55994,47547,45443,45060,41866,39951,42546,28117,24645,22554,22233,20880,33923,37178,27877,22902,22889,22827,20986
2574,Lowermiddleincomecountries,1501,Zambia,894,38384,38471,40998,43210,42653,41070,41241,20138,20206,21761,23420,22704,22093,22456,18246,18265,19237,19790,19949,18977,18785
2575,Lowermiddleincomecountries,1501,Zimbabwe,716,35433,24467,9850,13301,18138,14150,17737,17197,11882,4919,6611,8387,6291,8137,18236,12585,4931,6690,9751,7859,9600
2576,Lowermiddleincomecountries,1501,Angola,24,137528,163634,275943,122049,72633,73867,77439,68747,81555,138708,60628,37812,37797,39710,68781,82079,137235,61421,34821,36070,37729
2577,Lowermiddleincomecountries,1501,Cameroon,120,15100,15820,17914,26837,32964,40739,66520,8452,8754,9830,15800,19282,22783,36754,6648,7066,8084,11037,13682,17956,29766
2578,Lowermiddleincomecountries,1501,CentralAfricanRepublic,140,10667,11892,16291,29319,130357,304786,336337,5670,5741,7327,13187,66200,153738,169417,4997,6151,8964,16132,64157,151048,166920
2579,Lowermiddleincomecountries,1501,Chad,148,110398,104420,99915,98722,82845,74989,72941,55803,52707,50504,54201,46352,41721,40696,54595,51713,49411,44521,36493,33268,32245
2580,Lowermiddleincomecountries,1501,Congo,178,17361,24868,30581,36786,41104,42725,44055,8845,12593,15704,17621,20652,21359,22185,8516,12275,14877,19165,20452,21366,21870
2581,Lowermiddleincomecountries,1501,DemocraticRepublicoftheCongo,180,126718,179800,373195,487109,379897,361952,430817,60802,87673,184962,279220,191194,180315,225004,65916,92127,188233,207889,188703,181637,205813
2582,Lowermiddleincomecountries,1501,EquatorialGuinea,226,790,846,1054,4087,4043,5085,5610,382,399,493,1986,2068,2355,2580,408,447,561,2101,1975,2730,3030
2583,Lowermiddleincomecountries,1501,Gabon,266,1073,1440,2109,2501,3560,4547,4676,518,718,1055,1405,1887,2254,2303,555,722,1054,1096,1673,2293,2373
2584,Lowermiddleincomecountries,1501,SaoTomeandPrincipe,678,5587,6728,7868,8115,8242,8153,8661,2760,3288,3817,3815,3756,3714,4109,2827,3440,4051,4300,4486,4439,4552
2585,Lowermiddleincomecountries,1501,Algeria,12,29258,28965,25069,25454,24775,30604,33195,14411,14284,12284,12536,12128,15202,16688,14847,14681,12785,12918,12647,15402,16507
2586,Lowermiddleincomecountries,1501,Egypt,818,20329,19750,19752,19760,23285,24900,25610,9261,8946,8911,8949,12420,13704,14323,11068,10804,10841,10811,10865,11196,11287
2587,Lowermiddleincomecountries,1501,Libya,434,12482,12862,14392,14838,21011,22346,25189,7038,7205,7996,8373,11480,12345,13833,5444,5657,6396,6465,9531,10001,11356
2588,Lowermiddleincomecountries,1501,Morocco,504,13619,13770,12932,12871,11338,12706,13644,6999,7081,6623,6637,5860,6731,7098,6620,6689,6309,6234,5478,5975,6546
2589,Lowermiddleincomecountries,1501,Sudan,729,25160,58434,67388,102697,74941,50272,71651,13923,31331,34084,57830,41042,28447,37741,11237,27103,33304,44867,33899,21825,33910
2590,Lowermiddleincomecountries,1501,Tunisia,788,3346,3220,3573,3739,4235,4657,5241,1654,1572,1726,1823,2037,2301,2592,1692,1648,1847,1916,2198,2356,2649
2591,Lowermiddleincomecountries,1501,WesternSahara,732,167905,166903,165911,131163,170126,184665,193604,92390,91693,90999,71941,89899,97512,102179,75515,75210,74912,59222,80227,87153,91425
2592,Lowermiddleincomecountries,1501,Botswana,72,3758,3428,4424,4758,4919,4866,5357,2050,1911,2489,2646,2702,2652,2920,1708,1517,1935,2112,2217,2214,2437
2593,Lowermiddleincomecountries,1501,Eswatini,748,102,113,110,119,122,139,144,58,68,67,74,76,83,87,44,45,43,45,46,56,57
2594,Lowermiddleincomecountries,1501,Lesotho,426,378,221,245,302,338,370,355,235,133,109,123,122,97,90,143,88,136,179,216,273,265
2595,Lowermiddleincomecountries,1501,Namibia,516,3578,1761,1345,1720,2297,2282,2569,1873,913,697,882,1121,1143,1274,1705,848,648,838,1176,1139,1295
2596,Lowermiddleincomecountries,1501,SouthAfrica,710,44812,33621,38261,42104,44018,45835,49403,22785,17676,20194,21892,21863,22755,24845,22027,15945,18067,20212,22155,23080,24558
2597,Lowermiddleincomecountries,1501,Benin,204,164652,192551,223674,374218,386994,458943,489748,90557,105884,122043,214158,221741,251023,266667,74095,86667,101631,160060,165253,207920,223081
2598,Lowermiddleincomecountries,1501,BurkinaFaso,854,972998,1160644,1213706,1274355,1329193,1396527,1456765,547305,651139,678995,714128,742230,779712,813251,425693,509505,534711,560227,586963,616815,643514
2599,Lowermiddleincomecountries,1501,CaboVerde,132,8105,7813,7543,8561,9680,10646,11089,4335,3980,3780,4205,4748,5170,5593,3770,3833,3763,4356,4932,5476,5496
2600,Lowermiddleincomecountries,1501,CotedIvoire,384,11011,12153,13652,43874,82208,107472,126158,5635,6484,7033,20728,41860,55049,65619,5376,5669,6619,23146,40348,52423,60539
2601,Lowermiddleincomecountries,1501,Gambia,270,14684,10537,10359,10969,13082,14219,14979,7347,5123,4956,5332,6518,7087,7474,7337,5414,5403,5637,6564,7132,7505
2602,Lowermiddleincomecountries,1501,Ghana,288,179462,177015,190541,288581,301216,347573,368990,84369,83842,90317,148300,153945,172203,182443,95093,93173,100224,140281,147271,175370,186547
2603,Lowermiddleincomecountries,1501,Guinea,324,180356,184136,185703,200327,210494,231629,249623,100967,102772,102860,111229,118086,128167,140148,79389,81364,82843,89098,92408,103462,109475
2604,Lowermiddleincomecountries,1501,GuineaBissau,624,25809,27305,26179,29614,33866,36276,37711,10862,11536,13141,14192,15837,16895,17549,14947,15769,13038,15422,18029,19381,20162
2605,Lowermiddleincomecountries,1501,Liberia,430,20483,45510,45668,96935,71732,82834,90580,10972,22436,22369,50214,36554,41534,45491,9511,23074,23299,46721,35178,41300,45089
2606,Lowermiddleincomecountries,1501,Mali,466,481196,570010,565034,657198,695008,857087,898574,266232,316013,314297,371448,394060,481864,504769,214964,253997,250737,285750,300948,375223,393805
2607,Lowermiddleincomecountries,1501,Mauritania,478,102325,111789,73879,67668,65995,62984,64687,56060,61096,43209,39329,38615,37382,38392,46265,50693,30670,28339,27380,25602,26295
2608,Lowermiddleincomecountries,1501,Niger,562,118319,137769,156541,230323,239614,269464,288316,77236,89439,100675,144964,149085,162964,173810,41083,48330,55866,85359,90529,106500,114506
2609,Lowermiddleincomecountries,1501,Nigeria,566,170092,173589,175502,222801,253330,331830,387180,95649,97906,98275,122063,139701,165464,191868,74443,75683,77227,100738,113629,166366,195312
2610,Lowermiddleincomecountries,1501,SaintHelena,654,0,0,0,0,0,0,0,0,0,0,0,0,0,0,0,0,0,0,0,0,0
2611,Lowermiddleincomecountries,1501,Senegal,686,123500,67947,72782,80755,71131,67632,71343,70944,40354,45416,50329,47586,45802,48260,52556,27593,27366,30426,23545,21830,23083
2612,Lowermiddleincomecountries,1501,SierraLeone,694,14665,16391,16481,20005,20174,22302,23486,6992,7863,8643,10386,10074,11039,11604,7673,8528,7838,9619,10100,11263,11882
2613,Lowermiddleincomecountries,1501,Togo,768,152937,255956,199578,322210,323012,387725,421386,74917,122109,96970,156657,162631,191728,208203,78020,133847,102608,165553,160381,195997,213183
2614,Lowermiddleincomecountries,1501,Kazakhstan,398,421510,363731,311717,278195,256756,253665,256918,180516,157302,136799,122882,114493,113454,114967,240994,206429,174918,155313,142263,140211,141951
2615,Lowermiddleincomecountries,1501,Kyrgyzstan,417,42833,39007,35713,33179,31788,31669,32097,18710,17318,16153,15084,14537,14542,14756,24123,21689,19560,18095,17251,17127,17341
2616,Lowermiddleincomecountries,1501,Tajikistan,762,45920,55682,75611,75328,43841,43154,43541,19960,25815,35383,34618,22034,21780,21997,25960,29867,40228,40710,21807,21374,21544
2617,Lowermiddleincomecountries,1501,Turkmenistan,795,34493,31353,28518,25965,24500,24397,24755,14840,14012,13321,12169,11515,11487,11661,19653,17341,15197,13796,12985,12910,13094
2618,Lowermiddleincomecountries,1501,Uzbekistan,860,154522,210232,268198,243777,230536,229780,233239,66532,98750,132066,120215,113888,113709,115458,87990,111482,136132,123562,116648,116071,117781
2619,Lowermiddleincomecountries,1501,China,156,327310,404980,395648,399071,388970,408063,408746,174828,214266,209536,213948,206769,218823,182939,152482,190714,186112,185123,182201,189240,225807
2620,Lowermiddleincomecountries,1501,China,156,344,271,430,527,427,409,404,425,167,263,284,235,220,217,232,104,167,243,192,189,187
2621,Lowermiddleincomecountries,1501,China,156,446,0,0,0,0,0,0,0,0,0,0,0,0,0,0,0,0,0,0,0,0
2622,Lowermiddleincomecountries,1501,China,156,158,0,0,0,0,0,0,0,0,0,0,0,0,0,0,0,0,0,0,0,0
2623,Lowermiddleincomecountries,1501,DemPeoplesRepublicofKorea,408,2535,3376,8234,7883,9638,9847,10331,1298,1726,4167,4088,4916,5032,5302,1237,1650,4067,3795,4722,4815,5029
2624,Lowermiddleincomecountries,1501,Japan,392,16872,18140,20927,22883,34783,35898,37183,9583,10434,11607,12707,19259,19901,17497,7289,7706,9320,10176,15524,15997,19686
2625,Lowermiddleincomecountries,1501,Mongolia,496,349,242,171,124,98,81,82,149,101,71,52,44,36,40,200,141,100,72,54,45,42
2626,Lowermiddleincomecountries,1501,RepublicofKorea,410,3772,3693,4499,5067,11884,12656,13499,1964,2019,2461,2827,6511,6756,7231,1808,1674,2038,2240,5373,5900,6268
2627,Lowermiddleincomecountries,1501,BruneiDarussalam,96,16391,23836,31912,29468,27145,25285,23683,10602,15347,20376,18381,16816,15491,14344,5789,8489,11536,11087,10329,9794,9339
2628,Lowermiddleincomecountries,1501,Cambodia,116,43000,59082,30783,19641,22780,24099,24009,22972,31782,17183,10719,12353,13021,8525,20028,27300,13600,8922,10427,11078,15484
2629,Lowermiddleincomecountries,1501,Indonesia,360,92780,108596,125230,154300,178803,187268,185929,50719,59412,67977,83303,96731,101671,66560,42061,49184,57253,70997,82072,85597,119369
2630,Lowermiddleincomecountries,1501,LaoPeoplesDemocraticRepublic,418,64201,67588,65446,77659,89859,95659,94363,34441,36174,35306,42011,48500,51872,31207,29760,31414,30140,35648,41359,43787,63156
2631,Lowermiddleincomecountries,1501,Malaysia,458,109671,144553,179501,210474,226242,223011,219250,58174,75757,93366,110917,120375,118601,70523,51497,68796,86135,99557,105867,104410,148727
2632,Lowermiddleincomecountries,1501,Myanmar,104,316627,308120,302491,203686,314486,315469,982246,153397,148860,146110,99620,150770,150692,761751,163230,159260,156381,104066,163716,164777,220495
2633,Lowermiddleincomecountries,1501,Philippines,608,3778,4022,3790,4145,3985,3335,3757,2109,2246,2082,2396,2290,2096,2224,1669,1776,1708,1749,1695,1239,1533
2634,Lowermiddleincomecountries,1501,Singapore,702,20566,17465,14654,17712,21376,21325,20812,10027,8541,7257,8909,10520,10464,8027,10539,8924,7397,8803,10856,10861,12785
2635,Lowermiddleincomecountries,1501,Thailand,764,34446,55777,79188,67738,58222,57638,60952,18239,28520,40156,35617,32155,32550,32120,16207,27257,39032,32121,26067,25088,28832
2636,Lowermiddleincomecountries,1501,TimorLeste,626,18,23,1734,1402,147,149,156,9,12,797,657,68,69,74,9,11,937,745,79,80,82
2637,Lowermiddleincomecountries,1501,VietNam,704,107227,128083,117700,104107,95882,97720,101328,53817,63020,58962,53532,51527,53783,49534,53410,65063,58738,50575,44355,43937,51794
2638,Lowermiddleincomecountries,1501,Afghanistan,4,3391975,1314510,2086190,1185142,2012917,1733590,1620910,1732727,673049,1115717,634048,1028594,823175,818022,1659248,641461,970473,551094,984323,910415,802888
2639,Lowermiddleincomecountries,1501,Bangladesh,50,4377582,4130274,3883520,3305923,2864448,2670927,2499334,2326532,2182662,2039022,1663312,1479948,1355755,1247732,2051050,1947612,1844498,1642611,1384500,1315172,1251602
2640,Lowermiddleincomecountries,1501,Bhutan,64,27895,117302,119383,118161,86517,39063,37173,13557,59421,60914,60291,44144,19844,18701,14338,57881,58469,57870,42373,19219,18472
2641,Lowermiddleincomecountries,1501,India,356,3320833,3018055,2784440,2653207,2547784,2302331,2176256,1714917,1498246,1373272,1320559,1277341,1211763,1173135,1605916,1519809,1411168,1332648,1270443,1090568,1003121
2642,Lowermiddleincomecountries,1501,IranIslamicRepublicof,364,10127,8586,8630,7976,7884,7651,7474,6109,5266,5106,4754,4663,4532,4492,4018,3320,3524,3222,3221,3119,2982
2643,Lowermiddleincomecountries,1501,Maldives,462,1831,1232,634,1423,2493,2333,2300,1505,970,386,728,1183,1026,1011,326,262,248,695,1310,1307,1289
2644,Lowermiddleincomecountries,1501,Nepal,524,528421,603450,679253,792590,878296,827048,775693,229113,272913,317129,341335,316659,290125,255373,299308,330537,362124,451255,561637,536923,520320
2645,Lowermiddleincomecountries,1501,Pakistan,586,1930720,1646901,1363032,1137324,964194,899249,841981,1030855,869940,708824,567762,503141,461287,425039,899865,776961,654208,569562,461053,437962,416942
2646,Lowermiddleincomecountries,1501,SriLanka,144,283195,236880,191324,203566,213388,198765,186029,143977,119769,96058,103366,106609,97437,89608,139218,117111,95266,100200,106779,101328,96421
2647,Lowermiddleincomecountries,1501,Armenia,51,51945,58924,66289,60315,56431,55801,56544,22863,29962,37276,34047,32035,31813,32245,29082,28962,29013,26268,24396,23988,24299
2648,Lowermiddleincomecountries,1501,Azerbaijan,31,122970,124493,127192,116706,109624,108098,109188,55360,61847,69003,63547,60047,59460,60112,67610,62646,58189,53159,49577,48638,49076
2649,Lowermiddleincomecountries,1501,Bahrain,48,8845,18937,37405,39871,37282,38839,38397,4281,9752,19352,20808,19657,20529,13447,4564,9185,18053,19063,17625,18310,24950
2650,Lowermiddleincomecountries,1501,Cyprus,196,109,114,126,199,330,309,339,58,68,76,104,172,162,178,51,46,50,95,158,147,161
2651,Lowermiddleincomecountries,1501,Georgia,268,90513,85424,81395,73362,68703,68279,69255,39384,41295,43761,39492,37058,36890,37428,51129,44129,37634,33870,31645,31389,31827
2652,Lowermiddleincomecountries,1501,Iraq,368,5628,11205,17834,17599,19588,23494,31156,2496,5350,8730,8904,9640,11764,14353,3132,5855,9104,8695,9948,11730,16803
2653,Lowermiddleincomecountries,1501,Israel,376,104532,101801,99673,84101,69350,68534,68934,45827,44387,43215,35671,29728,29342,29523,58705,57414,56458,48430,39622,39192,39411
2654,Lowermiddleincomecountries,1501,Jordan,400,65724,64479,63317,71797,72369,69882,71357,32662,31939,31160,35163,31219,29744,30256,33062,32540,32157,36634,41150,40138,41101
2655,Lowermiddleincomecountries,1501,Kuwait,414,37183,32164,27285,31268,36889,36131,37538,18335,16046,13775,16160,18374,18338,19594,18848,16118,13510,15108,18515,17793,17944
2656,Lowermiddleincomecountries,1501,Lebanon,422,11280,11016,11207,11503,12752,12808,14360,6570,6412,6401,6592,7166,7456,8101,4710,4604,4806,4911,5586,5352,6259
2657,Lowermiddleincomecountries,1501,Oman,512,9643,9470,9602,11349,11577,12753,13292,4756,4663,4713,5509,5617,6096,6663,4887,4807,4889,5840,5960,6657,6629
2658,Lowermiddleincomecountries,1501,Qatar,634,10193,9999,9910,9982,10137,10000,10138,4984,4882,4825,4879,4973,4916,5002,5209,5117,5085,5103,5164,5084,5136
2659,Lowermiddleincomecountries,1501,SaudiArabia,682,36634,37104,38365,45126,55175,52395,55506,19017,19463,20331,25128,28915,27340,29499,17617,17641,18034,19998,26260,25055,26007
2660,Lowermiddleincomecountries,1501,StateofPalestine,275,92075,89483,101178,145145,146145,129221,169546,48316,47789,54497,84830,82987,78570,97675,43759,41694,46681,60315,63158,50651,71871
2661,Lowermiddleincomecountries,1501,SyrianArabRepublic,760,20505,19838,19874,21164,21800,124664,148802,12497,12069,12023,12685,12785,69074,75264,8008,7769,7851,8479,9015,55590,73538
2662,Lowermiddleincomecountries,1501,Turkey,792,4598,4309,4724,4594,5038,4902,5351,3160,2940,3097,3012,3229,3140,3434,1438,1369,1627,1582,1809,1762,1917
2663,Lowermiddleincomecountries,1501,UnitedArabEmirates,784,21213,23578,26266,46771,60648,57801,55494,10444,11739,13148,25457,30975,29312,27761,10769,11839,13118,21314,29673,28489,27733
2664,Lowermiddleincomecountries,1501,Yemen,887,8221,8030,8208,8492,9071,13492,18243,4628,4543,4663,4957,5181,7362,10136,3593,3487,3545,3535,3890,6130,8107
2665,Lowermiddleincomecountries,1501,Belarus,112,483602,406871,333894,304491,286793,284314,288015,207625,171706,137127,125719,119018,118405,119959,275977,235165,196767,178772,167775,165909,168056
2666,Lowermiddleincomecountries,1501,Bulgaria,100,2733,2483,2323,2097,2005,1995,2044,1707,1578,1503,1363,1303,1305,1333,1026,905,820,734,702,690,711
2667,Lowermiddleincomecountries,1501,Czechia,203,906,624,414,384,412,386,457,451,302,192,178,187,188,213,455,322,222,206,225,198,244
2668,Lowermiddleincomecountries,1501,Hungary,348,866,620,575,470,551,481,539,430,297,306,251,330,307,334,436,323,269,219,221,174,205
2669,Lowermiddleincomecountries,1501,Poland,616,12097,10940,9816,8635,7594,7056,7187,4875,4499,4133,3656,3208,3003,3068,7222,6441,5683,4979,4386,4053,4119
2670,Lowermiddleincomecountries,1501,RepublicofMoldova,498,188143,181240,176291,160548,152332,152454,154906,80630,80223,80678,73587,69921,70077,71217,107513,101017,95613,86961,82411,82377,83689
2671,Lowermiddleincomecountries,1501,Romania,642,6140,4413,3373,2611,2519,2662,2706,3053,2137,1598,1220,1173,1263,1277,3087,2276,1775,1391,1346,1399,1429
2672,Lowermiddleincomecountries,1501,RussianFederation,643,6883410,5972155,5141480,4658614,4373536,4320123,4367626,2947287,2514949,2118617,1934184,1829786,1816100,1836294,3936123,3457206,3022863,2724430,2543750,2504023,2531332
2673,Lowermiddleincomecountries,1501,Slovakia,703,75,66,62,72,79,64,84,32,29,27,36,40,37,44,43,37,35,36,39,27,40
2674,Lowermiddleincomecountries,1501,Ukraine,804,509220,387492,294182,251391,216287,194921,192559,221954,165729,123537,106889,94242,86308,85516,287266,221763,170645,144502,122045,108613,107043
2675,Lowermiddleincomecountries,1501,ChannelIslands,830,0,0,0,0,0,0,0,0,0,0,0,0,0,0,0,0,0,0,0,0,0
2676,Lowermiddleincomecountries,1501,Denmark,208,555,604,1223,1113,897,834,979,318,348,587,550,436,415,480,237,256,636,563,461,419,499
2677,Lowermiddleincomecountries,1501,Estonia,233,12143,12393,12743,11554,10869,10819,10980,5199,5716,6281,5708,5385,5372,5457,6944,6677,6462,5846,5484,5447,5523
2678,Lowermiddleincomecountries,1501,FaroeIslands,234,0,0,0,0,0,0,0,0,0,0,0,0,0,0,0,0,0,0,0,0,0
2679,Lowermiddleincomecountries,1501,Finland,246,654,579,930,830,574,493,583,345,304,498,439,275,251,283,309,275,432,391,299,242,300
2680,Lowermiddleincomecountries,1501,Iceland,352,2,3,61,49,55,56,57,0,2,49,39,43,43,46,2,1,12,10,12,13,11
2681,Lowermiddleincomecountries,1501,Ireland,372,274,271,422,405,664,655,720,141,144,226,221,365,371,405,133,127,196,184,299,284,315
2682,Lowermiddleincomecountries,1501,IsleofMan,833,0,0,0,1,2,3,2,0,0,0,1,2,3,2,0,0,0,0,0,0,0
2683,Lowermiddleincomecountries,1501,Latvia,428,22711,23231,23948,21718,20456,20399,20698,9718,10733,11840,10759,10161,10154,10307,12993,12498,12108,10959,10295,10245,10391
2684,Lowermiddleincomecountries,1501,Lithuania,440,31904,32176,32608,29389,27353,27077,27412,13639,14749,15933,14392,13438,13337,13514,18265,17427,16675,14997,13915,13740,13898
2685,Lowermiddleincomecountries,1501,Norway,578,4539,7310,11097,12825,14464,15257,15069,2471,3974,5976,6914,7783,8214,4868,2068,3336,5121,5911,6681,7043,10201
2686,Lowermiddleincomecountries,1501,Sweden,752,808,755,681,783,1415,1378,1574,441,424,384,446,855,852,959,367,331,297,337,560,526,615
2687,Lowermiddleincomecountries,1501,UnitedKingdom,826,52718,60816,100218,98494,73963,75081,76461,28920,33043,52308,52344,39266,39631,32728,23798,27773,47910,46150,34697,35450,43733
2688,Lowermiddleincomecountries,1501,Albania,8,538,665,670,577,228,195,242,283,337,339,302,124,107,135,255,328,331,275,104,88,107
2689,Lowermiddleincomecountries,1501,Andorra,20,2,1,0,0,0,0,0,1,0,0,0,0,0,0,1,1,0,0,0,0,0
2690,Lowermiddleincomecountries,1501,BosniaandHerzegovina,70,23,33,46,60,68,51,71,12,17,23,33,37,31,41,11,16,23,27,31,20,30
2691,Lowermiddleincomecountries,1501,Croatia,191,124,124,131,134,130,105,143,108,98,93,97,95,76,105,16,26,38,37,35,29,38
2692,Lowermiddleincomecountries,1501,Gibraltar,292,7,8,9,9,9,6,8,4,4,5,5,6,5,7,3,4,4,4,3,1,1
2693,Lowermiddleincomecountries,1501,Greece,300,1647,1332,1349,1659,1866,1735,2225,769,607,621,825,906,953,1122,878,725,728,834,960,782,1103
2694,Lowermiddleincomecountries,1501,HolySee,336,0,0,0,0,0,0,0,0,0,0,0,0,0,0,0,0,0,0,0,0,0
2695,Lowermiddleincomecountries,1501,Italy,380,14267,12460,11886,14148,19802,21560,23797,7864,6932,6467,7548,10344,11266,12384,6403,5528,5419,6600,9458,10294,11413
2696,Lowermiddleincomecountries,1501,Malta,470,6,4,2,3,4,6,5,6,3,1,2,4,6,5,0,1,1,1,0,0,0
2697,Lowermiddleincomecountries,1501,Montenegro,499,0,0,0,1,2,3,2,0,0,0,1,2,3,2,0,0,0,0,0,0,0
2698,Lowermiddleincomecountries,1501,NorthMacedonia,807,159,126,103,118,126,93,134,99,79,64,76,78,63,86,60,47,39,42,48,30,48
2699,Lowermiddleincomecountries,1501,Portugal,620,8317,8910,9727,9393,10089,10211,9671,4929,5255,5696,4779,5150,5272,4969,3388,3655,4031,4614,4939,4939,4702
2700,Lowermiddleincomecountries,1501,SanMarino,674,0,0,0,0,0,0,0,0,0,0,0,0,0,0,0,0,0,0,0,0,0
2701,Lowermiddleincomecountries,1501,Serbia,688,0,0,0,9,18,22,22,0,0,0,7,14,16,17,0,0,0,2,4,6,5
2702,Lowermiddleincomecountries,1501,Slovenia,705,0,4,8,8,8,10,9,0,2,5,5,5,6,6,0,2,3,3,3,4,3
2703,Lowermiddleincomecountries,1501,Spain,724,7042,6541,6156,10831,16803,19561,21625,3753,3434,3195,5690,8708,10173,11289,3289,3107,2961,5141,8095,9388,10336
2704,Lowermiddleincomecountries,1501,Austria,40,1053,909,2317,2072,1259,1117,1380,515,439,1210,1095,618,586,689,538,470,1107,977,641,531,691
2705,Lowermiddleincomecountries,1501,Belgium,56,2211,2034,2746,2691,2605,2841,3256,1194,1091,1380,1371,1308,1459,1675,1017,943,1366,1320,1297,1382,1581
2706,Lowermiddleincomecountries,1501,France,250,64595,57451,53519,48820,69306,82938,89433,33356,29510,27539,25342,35783,42452,46171,31239,27941,25980,23478,33523,40486,43262
2707,Lowermiddleincomecountries,1501,Germany,276,68177,51326,35102,34029,35533,33798,37148,33122,24665,16633,16732,18075,17430,19053,35055,26661,18469,17297,17458,16368,18095
2708,Lowermiddleincomecountries,1501,Liechtenstein,438,2,2,1,1,0,0,0,1,1,1,1,0,0,0,1,1,0,0,0,0,0
2709,Lowermiddleincomecountries,1501,Luxembourg,442,7,13,18,14,9,11,9,3,4,6,6,5,6,6,4,9,12,8,4,5,3
2710,Lowermiddleincomecountries,1501,Monaco,492,64,60,60,71,77,53,82,29,28,29,36,38,30,42,35,32,31,35,39,23,40
2711,Lowermiddleincomecountries,1501,Netherlands,528,1625,1453,1544,2045,2445,2329,2821,889,789,809,1099,1298,1299,1521,736,664,735,946,1147,1030,1300
2712,Lowermiddleincomecountries,1501,Switzerland,756,2722,2488,2330,2574,3498,3269,3924,1528,1403,1290,1439,1977,1921,2238,1194,1085,1040,1135,1521,1348,1686
2713,Lowermiddleincomecountries,1501,Anguilla,660,0,0,0,0,0,0,0,0,0,0,0,0,0,0,0,0,0,0,0,0,0
2714,Lowermiddleincomecountries,1501,AntiguaandBarbuda,28,59,46,78,119,127,130,138,33,24,38,57,61,64,69,26,22,40,62,66,66,69
2715,Lowermiddleincomecountries,1501,Aruba,533,9,14,71,57,64,66,67,6,8,38,31,35,36,38,3,6,33,26,29,30,29
2716,Lowermiddleincomecountries,1501,Bahamas,44,43,35,56,86,92,94,100,20,16,25,39,42,46,48,23,19,31,47,50,48,52
2717,Lowermiddleincomecountries,1501,Barbados,52,71,54,35,37,38,40,40,36,27,17,18,19,20,20,35,27,18,19,19,20,20
2718,Lowermiddleincomecountries,1501,Bonaire,16,535,13,17,33,17,18,21,21,6,9,17,9,9,10,11,7,8,16,8,9,11
2719,Lowermiddleincomecountries,1501,BritishVirginIslands,92,0,0,0,0,0,0,0,0,0,0,0,0,0,0,0,0,0,0,0,0,0
2720,Lowermiddleincomecountries,1501,CaymanIslands,136,68,68,67,66,64,90,91,36,35,34,34,33,47,48,32,33,33,32,31,43,43
2721,Lowermiddleincomecountries,1501,Cuba,192,1867,1938,2284,2758,3547,4102,4355,1078,1086,1253,1555,1904,2195,2334,789,852,1031,1203,1643,1907,2021
2722,Lowermiddleincomecountries,1501,CuraÃao,531,110,138,275,138,152,168,185,56,71,140,70,78,85,95,54,67,135,68,74,83,90
2723,Lowermiddleincomecountries,1501,Dominica,212,6,3,0,2,3,4,3,5,2,0,1,2,2,2,1,1,0,1,1,2,1
2724,Lowermiddleincomecountries,1501,DominicanRepublic,214,250,217,199,265,329,393,408,133,118,113,149,186,224,235,117,99,86,116,143,169,173
2725,Lowermiddleincomecountries,1501,Grenada,308,1,2,2,1,0,0,0,1,2,2,1,0,0,0,0,0,0,0,0,0,0
2726,Lowermiddleincomecountries,1501,Guadeloupe,312,0,0,0,0,0,0,0,0,0,0,0,0,0,0,0,0,0,0,0,0,0
2727,Lowermiddleincomecountries,1501,Haiti,332,65,64,68,81,104,119,118,53,51,48,50,64,76,78,12,13,20,31,40,43,40
2728,Lowermiddleincomecountries,1501,Jamaica,388,80,68,55,52,54,65,63,51,43,37,36,39,48,48,29,25,18,16,15,17,15
2729,Lowermiddleincomecountries,1501,Martinique,474,0,0,0,0,0,0,0,0,0,0,0,0,0,0,0,0,0,0,0,0,0
2730,Lowermiddleincomecountries,1501,Montserrat,500,0,0,0,0,0,0,0,0,0,0,0,0,0,0,0,0,0,0,0,0,0
2731,Lowermiddleincomecountries,1501,PuertoRico,630,302,271,295,284,289,339,346,167,152,161,156,159,189,196,135,119,134,128,130,150,150
2732,Lowermiddleincomecountries,1501,SaintBarthelemy,652,0,0,0,0,0,0,0,0,0,0,0,0,0,0,0,0,0,0,0,0,0
2733,Lowermiddleincomecountries,1501,SaintKittsandNevis,659,1,1,0,0,0,0,0,1,1,0,0,0,0,0,0,0,0,0,0,0,0
2734,Lowermiddleincomecountries,1501,SaintLucia,662,0,0,0,0,0,0,0,0,0,0,0,0,0,0,0,0,0,0,0,0,0
2735,Lowermiddleincomecountries,1501,SaintMartinFrenchpart,663,0,0,0,0,0,0,0,0,0,0,0,0,0,0,0,0,0,0,0,0,0
2736,Lowermiddleincomecountries,1501,SaintVincentandtheGrenadines,670,0,0,0,0,0,0,0,0,0,0,0,0,0,0,0,0,0,0,0,0,0
2737,Lowermiddleincomecountries,1501,SintMaartenDutchpart,534,32,39,79,39,43,49,53,17,19,40,20,21,25,28,15,20,39,19,22,24,25
2738,Lowermiddleincomecountries,1501,TrinidadandTobago,780,4,9,14,9,4,6,5,2,3,4,3,2,3,3,2,6,10,6,2,3,2
2739,Lowermiddleincomecountries,1501,TurksandCaicosIslands,796,0,0,0,0,0,0,0,0,0,0,0,0,0,0,0,0,0,0,0,0,0
2740,Lowermiddleincomecountries,1501,UnitedStatesVirginIslands,850,20,30,39,54,68,71,73,10,16,21,28,35,37,39,10,14,18,26,33,34,34
2741,Lowermiddleincomecountries,1501,Belize,84,1508,1483,1445,1410,1385,1634,1747,798,766,728,707,694,824,883,710,717,717,703,691,810,864
2742,Lowermiddleincomecountries,1501,CostaRica,188,8234,6682,8575,10954,11605,12695,13251,4049,3262,4271,5499,5869,6454,6735,4185,3420,4304,5455,5736,6241,6516
2743,Lowermiddleincomecountries,1501,ElSalvador,222,127470,63061,8938,8853,8879,11562,11980,61809,30473,4228,4209,4278,5560,5751,65661,32588,4710,4644,4601,6002,6229
2744,Lowermiddleincomecountries,1501,Guatemala,320,12781,11623,11256,12610,13600,15437,15791,6110,5539,5359,6065,6594,7531,7711,6671,6084,5897,6545,7006,7906,8080
2745,Lowermiddleincomecountries,1501,Honduras,340,26111,22339,19739,21305,22930,24347,25245,11968,10159,8926,9568,10268,10962,11345,14143,12180,10813,11737,12662,13385,13900
2746,Lowermiddleincomecountries,1501,Mexico,484,12408,12535,12809,12322,11932,13841,15053,5974,6061,6216,5966,5765,6710,7289,6434,6474,6593,6356,6167,7131,7764
2747,Lowermiddleincomecountries,1501,Nicaragua,558,146761,78568,10398,11763,13127,15702,16022,76599,40896,5195,5999,6804,8124,8291,70162,37672,5203,5764,6323,7578,7731
2748,Lowermiddleincomecountries,1501,Panama,591,1281,1145,1094,1132,1187,1364,1408,639,568,555,587,621,720,748,642,577,539,545,566,644,660
2749,Lowermiddleincomecountries,1501,Argentina,32,22927,26001,29507,33802,37696,43753,48774,11261,12928,14866,17213,19322,22424,24947,11666,13073,14641,16589,18374,21329,23827
2750,Lowermiddleincomecountries,1501,BoliviaPlurinationalStateof,68,340,353,731,642,250,299,304,222,223,408,364,159,194,200,118,130,323,278,91,105,104
2751,Lowermiddleincomecountries,1501,Brazil,76,12931,19950,30727,35691,38150,42633,45373,6660,10365,15936,18647,20047,22442,20457,6271,9585,14791,17044,18103,20191,24916
2752,Lowermiddleincomecountries,1501,Chile,152,5634,5315,5064,4891,4739,5506,6068,2818,2700,2608,2533,2469,2871,3164,2816,2615,2456,2358,2270,2635,2904
2753,Lowermiddleincomecountries,1501,Colombia,170,1965,2402,2757,3520,4310,5019,5427,953,1205,1440,1936,2455,2860,3100,1012,1197,1317,1584,1855,2159,2327
2754,Lowermiddleincomecountries,1501,Ecuador,218,1014,1220,1753,1740,1874,2165,2322,562,663,930,955,1042,1221,1309,452,557,823,785,832,944,1013
2755,Lowermiddleincomecountries,1501,FalklandIslandsMalvinas,238,0,0,0,0,0,0,0,0,0,0,0,0,0,0,0,0,0,0,0,0,0
2756,Lowermiddleincomecountries,1501,FrenchGuiana,254,0,1,2,2,1,2,1,0,0,1,1,1,2,1,0,1,1,1,0,0,0
2757,Lowermiddleincomecountries,1501,Guyana,328,1,4,7,6,4,6,5,0,2,4,4,3,4,4,1,2,3,2,1,2,1
2758,Lowermiddleincomecountries,1501,Paraguay,600,1236,2269,3277,3501,3717,4332,4818,627,1171,1701,1810,1917,2235,2483,609,1098,1576,1691,1800,2097,2335
2759,Lowermiddleincomecountries,1501,Peru,604,7906,8991,10544,10644,10514,12244,13550,4370,4979,5813,6001,6068,7069,7817,3536,4012,4731,4643,4446,5175,5733
2760,Lowermiddleincomecountries,1501,Suriname,740,29,38,132,107,123,125,131,16,21,67,56,60,62,67,13,17,65,51,63,63,64
2761,Lowermiddleincomecountries,1501,Uruguay,858,591,590,598,601,594,690,746,328,330,335,344,351,409,442,263,260,263,257,243,281,304
2762,Lowermiddleincomecountries,1501,VenezuelaBolivarianRepublicof,862,874,892,945,1052,1149,1299,6252,400,411,444,519,586,669,3337,474,481,501,533,563,630,2915
2763,Lowermiddleincomecountries,1501,Bermuda,60,0,1,1,1,0,0,0,0,0,0,0,0,0,0,0,1,1,1,0,0,0
2764,Lowermiddleincomecountries,1501,Canada,124,11212,9182,8011,9886,15660,15922,16583,5460,4596,4248,5449,8423,8557,8883,5752,4586,3763,4437,7237,7365,7700
2765,Lowermiddleincomecountries,1501,Greenland,304,0,0,0,0,0,0,0,0,0,0,0,0,0,0,0,0,0,0,0,0,0
2766,Lowermiddleincomecountries,1501,SaintPierreandMiquelon,666,0,0,0,0,0,0,0,0,0,0,0,0,0,0,0,0,0,0,0,0,0
2767,Lowermiddleincomecountries,1501,UnitedStatesofAmerica,840,99244,101997,112347,133869,163128,166770,170304,53233,55243,59202,72995,85434,87191,78426,46011,46754,53145,60874,77694,79579,91878
2768,Lowermiddleincomecountries,1501,Australia,36,20158,19788,16340,18332,20870,20815,21168,11239,11556,9938,11288,12389,12496,12706,8919,8232,6402,7044,8481,8319,8462
2769,Lowermiddleincomecountries,1501,NewZealand,554,3297,3404,2710,2937,3039,2963,3033,1851,1950,1601,1841,1941,1911,1966,1446,1454,1109,1096,1098,1052,1067
2770,Lowermiddleincomecountries,1501,Fiji,242,3120,2042,922,1409,1793,1747,1728,1369,935,470,732,845,820,813,1751,1107,452,677,948,927,915
2771,Lowermiddleincomecountries,1501,NewCaledonia,540,292,290,269,274,278,290,294,128,147,133,138,142,148,151,164,143,136,136,136,142,143
2772,Lowermiddleincomecountries,1501,PapuaNewGuinea,598,1169,1161,1471,1158,726,693,680,601,610,743,598,398,380,373,568,551,728,560,328,313,307
2773,Lowermiddleincomecountries,1501,SolomonIslands,90,407,396,298,333,332,343,343,228,237,188,213,208,216,218,179,159,110,120,124,127,125
2774,Lowermiddleincomecountries,1501,Vanuatu,548,163,165,125,154,169,165,162,71,67,57,77,89,89,89,92,98,68,77,80,76,73
2775,Lowermiddleincomecountries,1501,Guam,316,113,127,1101,895,1031,1046,1108,70,83,509,421,464,473,503,43,44,592,474,567,573,605
2776,Lowermiddleincomecountries,1501,Kiribati,296,991,980,934,590,283,265,258,470,466,445,293,159,150,147,521,514,489,297,124,115,111
2777,Lowermiddleincomecountries,1501,MarshallIslands,584,126,114,106,98,94,92,92,72,73,60,54,52,51,52,54,41,46,44,42,41,40
2778,Lowermiddleincomecountries,1501,MicronesiaFedStatesof,583,0,0,0,0,0,0,0,0,0,0,0,0,0,0,0,0,0,0,0,0,0
2779,Lowermiddleincomecountries,1501,Nauru,520,921,988,1055,1250,1446,1471,1586,399,456,513,620,727,740,792,522,532,542,630,719,731,794
2780,Lowermiddleincomecountries,1501,NorthernMarianaIslands,580,103,93,86,80,77,75,75,59,60,49,45,43,42,43,44,33,37,35,34,33,32
2781,Lowermiddleincomecountries,1501,Palau,585,381,346,1504,1255,319,314,321,219,220,705,595,166,163,169,162,126,799,660,153,151,152
2782,Lowermiddleincomecountries,1501,AmericanSamoa,16,19,17,15,19,21,23,22,11,11,9,11,12,12,12,8,6,6,8,9,11,10
2783,Lowermiddleincomecountries,1501,CookIslands,184,0,0,0,0,0,0,0,0,0,0,0,0,0,0,0,0,0,0,0,0,0
2784,Lowermiddleincomecountries,1501,FrenchPolynesia,258,0,0,0,0,0,0,0,0,0,0,0,0,0,0,0,0,0,0,0,0,0
2785,Lowermiddleincomecountries,1501,Niue,570,0,41,81,41,1,2,1,0,21,41,20,0,0,0,0,20,40,21,1,2,1
2786,Lowermiddleincomecountries,1501,Samoa,882,11,14,16,17,22,21,20,5,7,9,8,10,10,10,6,7,7,9,12,11,10
2787,Lowermiddleincomecountries,1501,Tokelau,772,0,0,0,0,0,0,0,0,0,0,0,0,0,0,0,0,0,0,0,0,0
2788,Lowermiddleincomecountries,1501,Tonga,776,71,74,66,75,71,75,73,39,37,31,40,39,42,43,32,37,35,35,32,33,30
2789,Lowermiddleincomecountries,1501,Tuvalu,798,377,339,302,295,288,292,311,203,177,152,157,162,165,177,174,162,150,138,126,127,134
2790,Lowermiddleincomecountries,1501,WallisandFutunaIslands,876,0,0,0,0,0,0,0,0,0,0,0,0,0,0,0,0,0,0,0,0,0
2791,Lowincomecountries,1500,Developedregions,901,426343,357243,314825,301643,298769,296472,300233,192788,160503,142908,136077,135093,133205,135402,233555,196740,171917,165566,163676,163267,164831
2792,Lowincomecountries,1500,Lessdevelopedregions,902,7835868,7596522,5983743,6221335,7690045,9435710,11398965,3963775,3838968,3020266,3110054,3850858,4725801,5646372,3872093,3757554,2963477,3111281,3839187,4709909,5752593
2793,Lowincomecountries,1500,Lessdevelopedregions,902,934,1061803,1251601,1446625,2022897,3031905,2605964,2589406,535605,631321,731381,1015014,1520775,1296924,1272051,526198,620280,715244,1007883,1511130,1309040
2794,Lowincomecountries,1500,Lessdevelopedregions,902,948,7811415,7572340,5959264,6193159,7656550,9398667,11360073,3950143,3825649,3006948,3094974,3833089,4706106,5625780,3861272,3746691,2952316,3098185,3823461,4692561
2795,Lowincomecountries,1500,Leastdevelopedcountries,941,6774065,6344921,4537118,4198438,4658140,6829746,8809559,3428170,3207647,2288885,2095040,2330083,3428877,4374321,3345895,3137274,2248233,2103398,2328057,3400869,4435238
2796,Lowincomecountries,1500,LandlockedDevelopingCountriesLLDC,1636,3175455,3308244,1469424,1489655,1880804,3045534,4701100,1606769,1662324,759020,747505,941304,1534452,2326468,1568686,1645920,710404,742150,939500,1511082,2374632
2797,Lowincomecountries,1500,SmallislanddevelopingStatesSIDS,1637,35637,40039,45161,50417,60604,70390,74737,18899,21195,23437,25570,30499,35923,38290,16738,18844,21724,24847,30105,34467,36447
2798,Lowincomecountries,1500,Highincomecountries,1503,69680,73656,75969,80046,87769,96854,102128,37441,39892,40862,42931,46590,51453,54445,32239,33764,35107,37115,41179,45401,47683
2799,Lowincomecountries,1500,Middleincomecountries,1517,2102186,2136622,2366651,2893997,3944485,3453305,3474543,1026421,1051333,1168870,1421838,1946705,1697557,1690601,1075765,1085289,1197781,1472159,1997780,1755748,1783942
2800,Lowincomecountries,1500,Uppermiddleincomecountries,1502,440527,380704,338231,679393,1461181,564849,579030,200065,171911,153444,326947,725408,268859,274080,240462,208793,184787,352446,735773,295990,304950
2801,Lowincomecountries,1500,Lowermiddleincomecountries,1501,1661659,1755918,2028420,2214604,2483304,2888456,2895513,826356,879422,1015426,1094891,1221297,1428698,1416521,835303,876496,1012994,1119713,1262007,1459758,1478992
2802,Lowincomecountries,1500,Lowincomecountries,1500,6090345,5743487,3855948,3548935,3955800,6181088,8121431,3092701,2908246,1953442,1781362,1992314,3109575,4036233,2997644,2835241,1902506,1767573,1963486,3071513,4085198
2803,Lowincomecountries,1500,MiddleAfrica,911,962632,723884,858682,981930,1185022,1588517,1886844,474552,362062,425753,477672,581207,796582,937508,488080,361822,432929,504258,603815,791935,949336
2804,Lowincomecountries,1500,WesternAsia,922,268101,312697,406488,798395,1631962,802947,842835,137930,158734,207724,408718,832041,408974,419833,130171,153963,198764,389677,799921,393973,423002
2805,Lowincomecountries,1500,EasternEurope,923,372109,300675,256402,242790,242019,237936,238823,163132,129321,110813,103088,103273,100536,101036,208977,171354,145589,139702,138746,137400,137787
2806,Lowincomecountries,1500,CentralAmerica,916,580,550,521,494,518,970,968,237,225,213,202,212,469,471,343,325,308,292,306,501,497
2807,Lowincomecountries,1500,Melanesia,928,0,0,0,0,0,31,25,0,0,0,0,0,22,21,0,0,0,0,0,9,4
2808,Lowincomecountries,1500,Micronesia,954,0,0,0,0,0,39,29,0,0,0,0,0,24,22,0,0,0,0,0,15,7
2809,Lowincomecountries,1500,Polynesia,957,0,0,0,0,600,1737,1817,0,0,0,0,290,939,980,0,0,0,0,310,798,837
2810,Lowincomecountries,1500,Burundi,108,97394,220090,115437,128154,131035,231133,260442,55360,117360,61064,67428,66845,114683,128188,42034,102730,54373,60726,64190,116450,132254
2811,Lowincomecountries,1500,Comoros,174,8206,7302,8143,9035,10035,11906,13049,4571,4096,4585,5106,5689,6814,7465,3635,3206,3558,3929,4346,5092,5584
2812,Lowincomecountries,1500,Djibouti,262,904,1901,3258,2389,2999,3720,3455,475,1154,2053,1362,1571,1901,1718,429,747,1205,1027,1428,1819,1737
2813,Lowincomecountries,1500,Eritrea,232,134471,324968,444806,208214,197968,380097,432110,69934,170948,220933,104801,100738,193743,215986,64537,154020,223873,103413,97230,186354,216124
2814,Lowincomecountries,1500,Ethiopia,231,1419545,516333,126118,112687,116486,95528,124199,708583,248662,64322,58040,61076,48303,63068,710962,267671,61796,54647,55410,47225,61131
2815,Lowincomecountries,1500,Kenya,404,48798,51253,60914,65295,76867,79961,78433,22985,23900,28947,30161,36274,38039,37482,25813,27353,31967,35134,40593,41922,40951
2816,Lowincomecountries,1500,Madagascar,450,0,0,0,0,0,10,8,0,0,0,0,0,5,5,0,0,0,0,0,5,3
2817,Lowincomecountries,1500,Malawi,454,23273,32002,37105,50958,58152,60414,63336,12760,17617,19902,25268,28762,29889,31649,10513,14385,17203,25690,29390,30525,31687
2818,Lowincomecountries,1500,Mauritius,480,0,0,0,0,0,15,13,0,0,0,0,0,11,11,0,0,0,0,0,4,2
2819,Lowincomecountries,1500,Mayotte,175,0,0,0,0,0,0,0,0,0,0,0,0,0,0,0,0,0,0,0,0,0
2820,Lowincomecountries,1500,Mozambique,508,1079173,63277,59499,56719,55765,48370,41138,529058,33070,30989,29470,28939,24836,21331,550115,30207,28510,27249,26826,23534,19807
2821,Lowincomecountries,1500,Reunion,638,0,0,0,0,0,0,0,0,0,0,0,0,0,0,0,0,0,0,0,0,0
2822,Lowincomecountries,1500,Rwanda,646,463740,1431795,229683,224837,257736,419268,401659,233862,712197,113691,109986,124070,205507,196101,229878,719598,115992,114851,133666,213761,205558
2823,Lowincomecountries,1500,Seychelles,690,6212,8545,9939,13647,15553,16126,16941,3171,4380,4936,6162,6996,7254,7714,3041,4165,5003,7485,8557,8872,9227
2824,Lowincomecountries,1500,Somalia,706,655938,524441,462880,385284,566321,757103,733572,346493,268488,224238,198923,300629,390317,386596,309445,255953,238642,186361,265692,366786,346976
2825,Lowincomecountries,1500,SouthSudan,728,498608,373927,251431,155147,329693,923708,2394975,257061,198706,141788,83992,169227,470520,1174949,241547,175221,109643,71155,160466,453188,1220026
2826,Lowincomecountries,1500,Uganda,800,129068,128400,153361,151784,222491,247798,253333,64911,65167,78517,77853,114916,128319,129738,64157,63233,74844,73931,107575,119479,123595
2827,Lowincomecountries,1500,UnitedRepublicofTanzania,834,65484,78490,79817,94895,105423,109460,112425,34467,40459,39663,46555,51233,52992,54737,31017,38031,40154,48340,54190,56468,57688
2828,Lowincomecountries,1500,Zambia,894,7908,50586,49100,48124,48445,42844,37620,2273,21168,20490,19958,20090,17615,15759,5635,29418,28610,28166,28355,25229,21861
2829,Lowincomecountries,1500,Zimbabwe,716,39728,90593,97034,116519,126848,125031,124885,20121,44380,47019,53765,58501,57656,58447,19607,46213,50015,62754,68347,67375,66438
2830,Lowincomecountries,1500,Angola,24,483116,296627,349357,294334,297012,221163,218337,233423,148122,172225,141727,143525,111887,109143,249693,148505,177132,152607,153487,109276,109194
2831,Lowincomecountries,1500,Cameroon,120,32183,34996,37740,28365,32274,33790,39139,17399,18889,20341,13180,14662,15586,17808,14784,16107,17399,15185,17612,18204,21331
2832,Lowincomecountries,1500,CentralAfricanRepublic,140,26440,27532,28599,85658,97554,360641,457275,13807,14400,14982,40213,45281,184427,229019,12633,13132,13617,45445,52273,176214,228256
2833,Lowincomecountries,1500,Chad,148,207959,100441,88952,94014,99029,92175,122231,104216,50905,46553,49046,53026,47809,62248,103743,49536,42399,44968,46003,44366,59983
2834,Lowincomecountries,1500,Congo,178,9242,12602,15829,27467,12389,19345,20917,4781,6507,8034,13841,6421,7905,8703,4461,6095,7795,13626,5968,11440,12214
2835,Lowincomecountries,1500,DemocraticRepublicoftheCongo,180,198350,246033,332840,433522,635209,836517,1002235,98075,120220,160740,209974,312431,415526,496226,100275,125813,172100,223548,322778,420991,506009
2836,Lowincomecountries,1500,EquatorialGuinea,226,50,56,64,74,751,11605,11322,30,34,40,46,383,6701,6546,20,22,24,28,368,4904,4776
2837,Lowincomecountries,1500,Gabon,266,5185,5472,5167,18383,10681,13134,15241,2771,2925,2773,9590,5418,6666,7738,2414,2547,2394,8793,5263,6468,7503
2838,Lowincomecountries,1500,SaoTomeandPrincipe,678,107,125,134,113,123,147,147,50,60,65,55,60,75,77,57,65,69,58,63,72,70
2839,Lowincomecountries,1500,Algeria,12,906,1064,1130,2850,972,8106,8034,543,591,587,1367,572,4943,4914,363,473,543,1483,400,3163,3120
2840,Lowincomecountries,1500,Egypt,818,30145,30878,31592,33473,31173,26953,32491,15872,16337,16496,17354,16350,14352,17498,14273,14541,15096,16119,14823,12601,14993
2841,Lowincomecountries,1500,Libya,434,3633,3799,3928,3720,3952,4288,5320,1899,1984,2057,1867,2068,2279,2803,1734,1815,1871,1853,1884,2009,2517
2842,Lowincomecountries,1500,Morocco,504,0,0,0,0,632,1110,1228,0,0,0,0,257,520,567,0,0,0,0,375,590,661
2843,Lowincomecountries,1500,Sudan,729,244607,383501,455692,721226,525445,1042892,1120882,124612,195404,233698,355445,247885,499447,529676,119995,188097,221994,365781,277560,543445,591206
2844,Lowincomecountries,1500,Tunisia,788,0,0,0,0,0,533,510,0,0,0,0,0,297,286,0,0,0,0,0,236,224
2845,Lowincomecountries,1500,WesternSahara,732,0,0,0,0,0,0,0,0,0,0,0,0,0,0,0,0,0,0,0,0,0
2846,Lowincomecountries,1500,Botswana,72,0,0,0,0,0,50,46,0,0,0,0,0,30,28,0,0,0,0,0,20,18
2847,Lowincomecountries,1500,Eswatini,748,0,0,0,0,0,5,3,0,0,0,0,0,4,3,0,0,0,0,0,1,0
2848,Lowincomecountries,1500,Lesotho,426,2875,3955,4601,6319,7201,7497,7871,1420,1962,2207,2736,3104,3241,3446,1455,1993,2394,3583,4097,4256,4425
2849,Lowincomecountries,1500,Namibia,516,0,0,0,0,0,3,1,0,0,0,0,0,2,1,0,0,0,0,0,1,0
2850,Lowincomecountries,1500,SouthAfrica,710,9090,19814,21168,24982,27499,28385,28308,4624,9941,10541,12027,13308,13916,14086,4466,9873,10627,12955,14191,14469,14222
2851,Lowincomecountries,1500,Benin,204,38258,45167,59786,75600,91629,95819,101928,19810,22777,29263,37183,42726,44223,46682,18448,22390,30523,38417,48903,51596,55246
2852,Lowincomecountries,1500,BurkinaFaso,854,39655,42050,48372,53330,75205,86896,101506,21002,22458,26324,28388,41045,47499,55346,18653,19592,22048,24942,34160,39397,46160
2853,Lowincomecountries,1500,CaboVerde,132,2977,4042,4681,6124,6862,7160,7380,1605,2207,2501,3080,3444,3595,3784,1372,1835,2180,3044,3418,3565,3596
2854,Lowincomecountries,1500,CotedIvoire,384,303143,372230,447051,555731,695428,759030,792536,153716,188920,223959,273754,340299,372692,388288,149427,183310,223092,281977,355129,386338,404248
2855,Lowincomecountries,1500,Gambia,270,8801,9164,9018,7767,5706,5597,5036,4818,4996,4801,4495,3156,3008,2715,3983,4168,4217,3272,2550,2589,2321
2856,Lowincomecountries,1500,Ghana,288,54615,66325,70368,79437,87694,95380,97748,22969,27029,29982,36459,37028,39878,40705,31646,39296,40386,42978,50666,55502,57043
2857,Lowincomecountries,1500,Guinea,324,155503,159062,161550,142550,158493,156257,157190,90478,91414,91198,80765,87601,86104,86875,65025,67648,70352,61785,70892,70153,70315
2858,Lowincomecountries,1500,GuineaBissau,624,12738,14894,17498,16669,17842,18251,19764,6620,7707,8826,8585,9003,9174,9913,6118,7187,8672,8084,8839,9077,9851
2859,Lowincomecountries,1500,Liberia,430,477733,461896,150699,185556,54680,16835,14948,239503,226552,73290,86381,25834,8950,8131,238230,235344,77409,99175,28846,7885,6817
2860,Lowincomecountries,1500,Mali,466,96835,172882,121550,131964,160971,205778,212449,49290,85748,60569,63517,75677,102479,104634,47545,87134,60981,68447,85294,103299,107815
2861,Lowincomecountries,1500,Mauritania,478,17939,24582,16783,10926,15862,18751,29591,9049,13324,10493,6718,9675,11369,17431,8890,11258,6290,4208,6187,7382,12160
2862,Lowincomecountries,1500,Niger,562,27718,35114,43706,65335,86041,93473,96967,15185,19322,23138,33775,46576,51546,53689,12533,15792,20568,31560,39465,41927,43278
2863,Lowincomecountries,1500,Nigeria,566,97687,93077,89668,93679,90824,172010,246074,47481,47402,47390,49594,49628,89099,123650,50206,45675,42278,44085,41196,82911,122424
2864,Lowincomecountries,1500,SaintHelena,654,0,0,0,0,0,0,0,0,0,0,0,0,0,0,0,0,0,0,0,0,0
2865,Lowincomecountries,1500,Senegal,686,101901,131899,145646,138875,151894,159285,175364,54197,68446,74459,69856,75880,79190,87368,47704,63453,71187,69019,76014,80095,87996
2866,Lowincomecountries,1500,SierraLeone,694,26726,405924,441399,65251,30957,28573,30964,13489,202440,217366,30416,15367,15587,16981,13237,203484,224033,34835,15590,12986,13983
2867,Lowincomecountries,1500,Togo,768,14416,18000,22653,27599,28754,29918,33752,5525,6646,8385,10897,10978,11393,12607,8891,11354,14268,16702,17776,18525,21145
2868,Lowincomecountries,1500,Kazakhstan,398,1101,951,889,857,2342,2669,2986,484,450,426,410,1266,1452,1636,617,501,463,447,1076,1217,1350
2869,Lowincomecountries,1500,Kyrgyzstan,417,20042,15292,11944,11502,11495,11301,11351,8800,7509,6081,5875,5905,5767,5780,11242,7783,5863,5627,5590,5534,5571
2870,Lowincomecountries,1500,Tajikistan,762,40537,36733,32929,28460,23991,15032,4422,22879,20733,18586,16064,13541,6365,1735,17658,16000,14343,12396,10450,8667,2687
2871,Lowincomecountries,1500,Turkmenistan,795,1084,744,473,456,454,446,446,476,347,227,222,222,217,218,608,397,246,234,232,229,228
2872,Lowincomecountries,1500,Uzbekistan,860,20875,14665,9630,9110,8868,8291,7782,9420,6953,4732,4529,4410,3962,3745,11455,7712,4898,4581,4458,4329,4037
2873,Lowincomecountries,1500,China,156,24356,24080,24373,28048,33346,36879,38726,13581,13261,13253,14997,17669,19585,20480,10775,10819,11120,13051,15677,17294,18246
2874,Lowincomecountries,1500,China,156,344,97,102,106,128,149,164,166,51,58,65,83,100,110,112,46,44,41,45,49,54
2875,Lowincomecountries,1500,China,156,446,0,0,0,0,0,0,0,0,0,0,0,0,0,0,0,0,0,0,0,0
2876,Lowincomecountries,1500,China,156,158,0,0,0,0,0,0,0,0,0,0,0,0,0,0,0,0,0,0,0,0
2877,Lowincomecountries,1500,DemPeoplesRepublicofKorea,408,296,247,307,293,1726,3285,3529,153,155,206,197,839,1702,1809,143,92,101,96,887,1583,1720
2878,Lowincomecountries,1500,Japan,392,503,483,589,589,1131,1285,1387,281,271,338,345,616,695,750,222,212,251,244,515,590,637
2879,Lowincomecountries,1500,Mongolia,496,0,0,0,0,0,0,0,0,0,0,0,0,0,0,0,0,0,0,0,0,0
2880,Lowincomecountries,1500,RepublicofKorea,410,6085,5429,4873,5173,5512,5942,6028,3094,2773,2470,2589,2731,3000,3047,2991,2656,2403,2584,2781,2942,2981
2881,Lowincomecountries,1500,BruneiDarussalam,96,38,31,27,25,24,23,21,18,16,14,12,12,12,12,20,15,13,13,12,11,9
2882,Lowincomecountries,1500,Cambodia,116,0,0,0,0,0,9,7,0,0,0,0,0,5,5,0,0,0,0,0,4,2
2883,Lowincomecountries,1500,Indonesia,360,845,904,963,1124,1284,1414,1444,172,207,243,285,326,365,372,673,697,720,839,958,1049,1072
2884,Lowincomecountries,1500,LaoPeoplesDemocraticRepublic,418,0,0,0,0,0,0,0,0,0,0,0,0,0,0,0,0,0,0,0,0,0
2885,Lowincomecountries,1500,Malaysia,458,127,138,149,164,178,197,198,65,70,76,84,92,103,104,62,68,73,80,86,94,94
2886,Lowincomecountries,1500,Myanmar,104,0,0,0,0,0,2,0,0,0,0,0,0,2,0,0,0,0,0,0,0,0
2887,Lowincomecountries,1500,Philippines,608,1116,1444,1771,2214,2656,2928,2991,304,462,619,819,1018,1135,1159,812,982,1152,1395,1638,1793,1832
2888,Lowincomecountries,1500,Singapore,702,0,0,0,0,663,815,955,0,0,0,0,363,446,524,0,0,0,0,300,369,431
2889,Lowincomecountries,1500,Thailand,764,232,300,368,440,875,1061,1144,80,114,148,181,354,440,474,152,186,220,259,521,621,670
2890,Lowincomecountries,1500,TimorLeste,626,0,0,0,0,0,0,0,0,0,0,0,0,0,0,0,0,0,0,0,0,0
2891,Lowincomecountries,1500,VietNam,704,1422,700,691,683,711,771,783,839,411,397,383,390,425,433,583,289,294,300,321,346,350
2892,Lowincomecountries,1500,Afghanistan,4,8485,12340,17290,13265,15596,14356,14130,3726,5564,7932,6008,7330,6700,6584,4759,6776,9358,7257,8266,7656,7546
2893,Lowincomecountries,1500,Bangladesh,50,123,132,228,244,271,279,270,31,35,56,64,77,79,77,92,97,172,180,194,200,193
2894,Lowincomecountries,1500,Bhutan,64,0,0,0,0,0,3,1,0,0,0,0,0,2,1,0,0,0,0,0,1,0
2895,Lowincomecountries,1500,India,356,9336,10669,13186,13471,14665,15033,15192,5189,6200,7711,8028,8810,9055,8970,4147,4469,5475,5443,5855,5978,6222
2896,Lowincomecountries,1500,IranIslamicRepublicof,364,1813,1473,1267,1221,1228,1204,1206,796,753,662,644,651,634,637,1017,720,605,577,577,570,569
2897,Lowincomecountries,1500,Maldives,462,0,0,0,0,0,0,0,0,0,0,0,0,0,0,0,0,0,0,0,0,0
2898,Lowincomecountries,1500,Nepal,524,0,0,0,0,0,25,22,0,0,0,0,0,19,18,0,0,0,0,0,6,4
2899,Lowincomecountries,1500,Pakistan,586,9089,18374,27997,39235,50280,271106,105285,5212,10477,15985,22328,28558,139635,51711,3877,7897,12012,16907,21722,131471,53574
2900,Lowincomecountries,1500,SriLanka,144,120,126,132,136,139,155,154,24,28,33,39,45,52,51,96,98,99,97,94,103,103
2901,Lowincomecountries,1500,Armenia,51,257,221,207,199,198,203,200,114,87,82,77,77,84,83,143,134,125,122,121,119,117
2902,Lowincomecountries,1500,Azerbaijan,31,257,209,180,173,172,174,171,114,81,70,65,65,69,68,143,128,110,108,107,105,103
2903,Lowincomecountries,1500,Bahrain,48,0,0,0,0,0,3,1,0,0,0,0,0,2,1,0,0,0,0,0,1,0
2904,Lowincomecountries,1500,Cyprus,196,5,8,11,9,9,7,6,3,4,5,3,3,3,3,2,4,6,6,6,4,3
2905,Lowincomecountries,1500,Georgia,268,872,753,703,678,676,664,664,384,385,365,353,349,341,342,488,368,338,325,327,323,322
2906,Lowincomecountries,1500,Iraq,368,8865,8254,7286,344581,1121148,205067,213050,4718,4622,3858,176482,572030,104663,106570,4147,3632,3428,168099,549118,100404,106480
2907,Lowincomecountries,1500,Israel,376,0,0,0,0,1081,1341,1568,0,0,0,0,578,718,842,0,0,0,0,503,623,726
2908,Lowincomecountries,1500,Jordan,400,0,0,0,0,0,2,0,0,0,0,0,0,2,0,0,0,0,0,0,0,0
2909,Lowincomecountries,1500,Kuwait,414,0,0,0,0,0,0,0,0,0,0,0,0,0,0,0,0,0,0,0,0,0
2910,Lowincomecountries,1500,Lebanon,422,6320,6199,6139,2601,1550,1772,1505,3770,3518,3232,1757,1041,1216,1035,2550,2681,2907,844,509,556,470
2911,Lowincomecountries,1500,Oman,512,57,46,40,38,37,36,34,26,21,19,18,18,18,18,31,25,21,20,19,18,16
2912,Lowincomecountries,1500,Qatar,634,0,0,0,0,0,0,0,0,0,0,0,0,0,0,0,0,0,0,0,0,0
2913,Lowincomecountries,1500,SaudiArabia,682,682,786,523,250,1298,1479,1726,349,444,296,163,593,652,762,333,342,227,87,705,827,964
2914,Lowincomecountries,1500,StateofPalestine,275,247269,292817,387993,446373,499577,577193,600183,126634,147709,197955,227939,254033,293461,297388,120635,145108,190038,218434,245544,283732,302795
2915,Lowincomecountries,1500,SyrianArabRepublic,760,2268,2352,2447,2598,2837,3951,4019,1265,1314,1324,1381,1481,2057,2304,1003,1038,1123,1217,1356,1894,1715
2916,Lowincomecountries,1500,Turkey,792,1181,963,832,801,799,818,815,517,496,438,426,427,441,442,664,467,394,375,372,377,373
2917,Lowincomecountries,1500,UnitedArabEmirates,784,0,0,0,0,2463,3030,3555,0,0,0,0,1285,1580,1857,0,0,0,0,1178,1450,1698
2918,Lowincomecountries,1500,Yemen,887,68,89,127,94,117,7207,15338,36,53,80,54,61,3667,8118,32,36,47,40,56,3540,7220
2919,Lowincomecountries,1500,Belarus,112,893,771,720,694,692,680,680,393,317,298,283,284,277,277,500,454,422,411,408,403,403
2920,Lowincomecountries,1500,Bulgaria,100,0,0,0,0,0,3,1,0,0,0,0,0,2,1,0,0,0,0,0,1,0
2921,Lowincomecountries,1500,Czechia,203,0,0,0,0,0,0,0,0,0,0,0,0,0,0,0,0,0,0,0,0,0
2922,Lowincomecountries,1500,Hungary,348,10,9,9,8,8,8,7,1,1,0,0,0,0,0,9,8,9,8,8,8,7
2923,Lowincomecountries,1500,Poland,616,58,47,41,39,38,38,35,26,22,20,19,19,19,19,32,25,21,20,19,19,16
2924,Lowincomecountries,1500,RepublicofMoldova,498,2071,1389,833,803,801,790,789,905,548,318,290,292,286,286,1166,841,515,513,509,504,503
2925,Lowincomecountries,1500,Romania,642,0,0,0,0,0,5,3,0,0,0,0,0,4,3,0,0,0,0,0,1,0
2926,Lowincomecountries,1500,RussianFederation,643,365003,295843,253416,239963,239225,235194,236089,160016,127073,109397,101710,101908,99205,99704,204987,168770,144019,138253,137317,135989,136385
2927,Lowincomecountries,1500,Slovakia,703,0,0,0,0,0,0,0,0,0,0,0,0,0,0,0,0,0,0,0,0,0
2928,Lowincomecountries,1500,Ukraine,804,4074,2616,1383,1283,1255,1218,1219,1791,1360,780,786,770,743,746,2283,1256,603,497,485,475,473
2929,Lowincomecountries,1500,ChannelIslands,830,0,0,0,0,0,0,0,0,0,0,0,0,0,0,0,0,0,0,0,0,0
2930,Lowincomecountries,1500,Denmark,208,370,324,302,291,290,352,336,182,179,164,157,156,191,187,188,145,138,134,134,161,149
2931,Lowincomecountries,1500,Estonia,233,0,0,0,0,0,0,0,0,0,0,0,0,0,0,0,0,0,0,0,0,0
2932,Lowincomecountries,1500,FaroeIslands,234,0,0,0,0,0,0,0,0,0,0,0,0,0,0,0,0,0,0,0,0,0
2933,Lowincomecountries,1500,Finland,246,0,0,0,0,0,6,4,0,0,0,0,0,4,4,0,0,0,0,0,2,0
2934,Lowincomecountries,1500,Iceland,352,0,0,0,0,0,0,0,0,0,0,0,0,0,0,0,0,0,0,0,0,0
2935,Lowincomecountries,1500,Ireland,372,1,9,16,13,13,10,10,0,4,7,5,5,4,5,1,5,9,8,8,6,5
2936,Lowincomecountries,1500,IsleofMan,833,0,0,0,0,0,0,0,0,0,0,0,0,0,0,0,0,0,0,0,0,0
2937,Lowincomecountries,1500,Latvia,428,0,0,0,0,0,23,20,0,0,0,0,0,12,11,0,0,0,0,0,11,9
2938,Lowincomecountries,1500,Lithuania,440,0,0,0,0,0,0,0,0,0,0,0,0,0,0,0,0,0,0,0,0,0
2939,Lowincomecountries,1500,Norway,578,9,8,8,7,7,9,6,9,8,8,7,7,9,6,0,0,0,0,0,0,0
2940,Lowincomecountries,1500,Sweden,752,1159,1136,1119,528,265,298,235,622,598,574,347,133,149,123,537,538,545,181,132,149,112
2941,Lowincomecountries,1500,UnitedKingdom,826,4259,4962,4950,3993,3647,3456,3098,2232,2643,2657,2249,1988,1873,1703,2027,2319,2293,1744,1659,1583,1395
2942,Lowincomecountries,1500,Albania,8,0,0,0,0,1028,1275,1491,0,0,0,0,461,573,673,0,0,0,0,567,702,818
2943,Lowincomecountries,1500,Andorra,20,0,0,0,0,835,1033,1208,0,0,0,0,439,544,639,0,0,0,0,396,489,569
2944,Lowincomecountries,1500,BosniaandHerzegovina,70,0,0,0,0,0,2,0,0,0,0,0,0,2,0,0,0,0,0,0,0,0
2945,Lowincomecountries,1500,Croatia,191,0,0,0,0,792,994,1159,0,0,0,0,503,632,739,0,0,0,0,289,362,420
2946,Lowincomecountries,1500,Gibraltar,292,0,0,0,0,0,0,0,0,0,0,0,0,0,0,0,0,0,0,0,0,0
2947,Lowincomecountries,1500,Greece,300,40,37,37,35,36,35,32,21,19,17,16,17,16,15,19,18,20,19,19,19,17
2948,Lowincomecountries,1500,HolySee,336,0,0,0,0,0,0,0,0,0,0,0,0,0,0,0,0,0,0,0,0,0
2949,Lowincomecountries,1500,Italy,380,1978,1836,1819,1596,1589,1724,1738,1459,1337,1321,1192,1179,1265,1278,519,499,498,404,410,459,460
2950,Lowincomecountries,1500,Malta,470,0,0,0,0,0,0,0,0,0,0,0,0,0,0,0,0,0,0,0,0,0
2951,Lowincomecountries,1500,Montenegro,499,0,0,0,0,0,0,0,0,0,0,0,0,0,0,0,0,0,0,0,0,0
2952,Lowincomecountries,1500,NorthMacedonia,807,0,0,0,0,0,0,0,0,0,0,0,0,0,0,0,0,0,0,0,0,0
2953,Lowincomecountries,1500,Portugal,620,2432,3245,3791,4673,5098,5168,5162,1538,2089,2413,2981,3202,3190,3245,894,1156,1378,1692,1896,1978,1917
2954,Lowincomecountries,1500,SanMarino,674,0,0,0,0,0,0,0,0,0,0,0,0,0,0,0,0,0,0,0,0,0
2955,Lowincomecountries,1500,Serbia,688,0,0,0,0,0,2,0,0,0,0,0,0,1,0,0,0,0,0,0,1,0
2956,Lowincomecountries,1500,Slovenia,705,15,42,66,52,50,71,69,8,23,37,29,27,41,40,7,19,29,23,23,30,29
2957,Lowincomecountries,1500,Spain,724,1701,1634,1573,1799,2298,2529,2517,1031,990,945,1108,1389,1527,1531,670,644,628,691,909,1002,986
2958,Lowincomecountries,1500,Austria,40,288,267,253,235,241,243,247,199,188,181,168,174,178,186,89,79,72,67,67,65,61
2959,Lowincomecountries,1500,Belgium,56,917,928,713,657,672,748,854,478,496,379,345,346,377,430,439,432,334,312,326,371,424
2960,Lowincomecountries,1500,France,250,25724,27555,28532,32274,27378,27533,30108,13827,14834,15292,17129,14789,14829,16163,11897,12721,13240,15145,12589,12704,13945
2961,Lowincomecountries,1500,Germany,276,3314,2355,2283,1678,1547,1663,1628,1757,1278,1219,983,854,913,907,1557,1077,1064,695,693,750,721
2962,Lowincomecountries,1500,Liechtenstein,438,0,0,0,0,0,4,2,0,0,0,0,0,1,1,0,0,0,0,0,3,1
2963,Lowincomecountries,1500,Luxembourg,442,0,0,0,0,0,0,0,0,0,0,0,0,0,0,0,0,0,0,0,0,0
2964,Lowincomecountries,1500,Monaco,492,0,0,0,0,0,0,0,0,0,0,0,0,0,0,0,0,0,0,0,0,0
2965,Lowincomecountries,1500,Netherlands,528,603,587,587,410,340,380,347,316,297,288,215,158,184,172,287,290,299,195,182,196,175
2966,Lowincomecountries,1500,Switzerland,756,756,761,759,612,590,602,612,427,431,428,359,340,352,362,329,330,331,253,250,250,250
2967,Lowincomecountries,1500,Anguilla,660,0,0,0,0,0,0,0,0,0,0,0,0,0,0,0,0,0,0,0,0,0
2968,Lowincomecountries,1500,AntiguaandBarbuda,28,0,0,0,0,0,4452,4276,0,0,0,0,0,2545,2453,0,0,0,0,0,1907,1823
2969,Lowincomecountries,1500,Aruba,533,0,0,0,0,0,0,0,0,0,0,0,0,0,0,0,0,0,0,0,0,0
2970,Lowincomecountries,1500,Bahamas,44,0,0,0,0,0,13,11,0,0,0,0,0,6,6,0,0,0,0,0,7,5
2971,Lowincomecountries,1500,Barbados,52,0,0,0,0,0,11,9,0,0,0,0,0,10,9,0,0,0,0,0,1,0
2972,Lowincomecountries,1500,Bonaire,16,535,0,0,0,0,0,0,0,0,0,0,0,0,0,0,0,0,0,0,0,0
2973,Lowincomecountries,1500,BritishVirginIslands,92,0,0,0,0,407,500,585,0,0,0,0,172,211,247,0,0,0,0,235,289,338
2974,Lowincomecountries,1500,CaymanIslands,136,0,0,0,0,0,0,0,0,0,0,0,0,0,0,0,0,0,0,0,0,0
2975,Lowincomecountries,1500,Cuba,192,1408,1348,1176,1420,2971,2935,2914,817,785,662,815,1738,1714,1704,591,563,514,605,1233,1221,1210
2976,Lowincomecountries,1500,CuraÃao,531,0,0,0,0,0,0,0,0,0,0,0,0,0,0,0,0,0,0,0,0,0
2977,Lowincomecountries,1500,Dominica,212,0,0,0,0,0,13,11,0,0,0,0,0,4,4,0,0,0,0,0,9,7
2978,Lowincomecountries,1500,DominicanRepublic,214,2406,2285,2170,2061,2164,2274,2377,1345,1278,1214,1153,1211,1273,1332,1061,1007,956,908,953,1001,1045
2979,Lowincomecountries,1500,Grenada,308,0,0,0,0,300,369,431,0,0,0,0,129,159,187,0,0,0,0,171,210,244
2980,Lowincomecountries,1500,Guadeloupe,312,0,0,0,0,760,935,1096,0,0,0,0,342,421,495,0,0,0,0,418,514,601
2981,Lowincomecountries,1500,Haiti,332,0,0,0,0,0,25,22,0,0,0,0,0,13,12,0,0,0,0,0,12,10
2982,Lowincomecountries,1500,Jamaica,388,0,0,0,0,0,0,0,0,0,0,0,0,0,0,0,0,0,0,0,0,0
2983,Lowincomecountries,1500,Martinique,474,0,0,0,0,0,0,0,0,0,0,0,0,0,0,0,0,0,0,0,0,0
2984,Lowincomecountries,1500,Montserrat,500,0,0,0,0,0,0,0,0,0,0,0,0,0,0,0,0,0,0,0,0,0
2985,Lowincomecountries,1500,PuertoRico,630,1546,1468,1394,1324,1390,1459,1526,703,668,635,603,633,665,696,843,800,759,721,757,794,830
2986,Lowincomecountries,1500,SaintBarthelemy,652,0,0,0,0,0,0,0,0,0,0,0,0,0,0,0,0,0,0,0,0,0
2987,Lowincomecountries,1500,SaintKittsandNevis,659,0,0,0,0,0,0,0,0,0,0,0,0,0,0,0,0,0,0,0,0,0
2988,Lowincomecountries,1500,SaintLucia,662,0,0,0,0,0,0,0,0,0,0,0,0,0,0,0,0,0,0,0,0,0
2989,Lowincomecountries,1500,SaintMartinFrenchpart,663,0,0,0,0,0,0,0,0,0,0,0,0,0,0,0,0,0,0,0,0,0
2990,Lowincomecountries,1500,SaintVincentandtheGrenadines,670,0,0,0,0,0,30,27,0,0,0,0,0,19,18,0,0,0,0,0,11,9
2991,Lowincomecountries,1500,SintMaartenDutchpart,534,0,0,0,0,0,0,0,0,0,0,0,0,0,0,0,0,0,0,0,0,0
2992,Lowincomecountries,1500,TrinidadandTobago,780,0,0,0,0,0,0,0,0,0,0,0,0,0,0,0,0,0,0,0,0,0
2993,Lowincomecountries,1500,TurksandCaicosIslands,796,0,0,0,0,536,659,771,0,0,0,0,236,290,340,0,0,0,0,300,369,431
2994,Lowincomecountries,1500,UnitedStatesVirginIslands,850,37,30,26,24,398,483,560,17,14,13,11,193,235,275,20,16,13,13,205,248,285
2995,Lowincomecountries,1500,Belize,84,0,0,0,0,0,2,0,0,0,0,0,0,2,0,0,0,0,0,0,0,0
2996,Lowincomecountries,1500,CostaRica,188,274,260,246,233,244,374,379,106,101,95,90,94,172,175,168,159,151,143,150,202,204
2997,Lowincomecountries,1500,ElSalvador,222,0,0,0,0,0,4,2,0,0,0,0,0,2,2,0,0,0,0,0,2,0
2998,Lowincomecountries,1500,Guatemala,320,0,0,0,0,0,0,0,0,0,0,0,0,0,0,0,0,0,0,0,0,0
2999,Lowincomecountries,1500,Honduras,340,0,0,0,0,0,298,285,0,0,0,0,0,166,161,0,0,0,0,0,132,124
3000,Lowincomecountries,1500,Mexico,484,306,290,275,261,274,287,299,131,124,118,112,118,124,130,175,166,157,149,156,163,169
3001,Lowincomecountries,1500,Nicaragua,558,0,0,0,0,0,5,3,0,0,0,0,0,3,3,0,0,0,0,0,2,0
3002,Lowincomecountries,1500,Panama,591,0,0,0,0,0,0,0,0,0,0,0,0,0,0,0,0,0,0,0,0,0
3003,Lowincomecountries,1500,Argentina,32,466,442,419,398,417,549,561,267,253,240,228,239,316,325,199,189,179,170,178,233,236
3004,Lowincomecountries,1500,BoliviaPlurinationalStateof,68,0,0,0,0,0,5,3,0,0,0,0,0,2,2,0,0,0,0,0,3,1
3005,Lowincomecountries,1500,Brazil,76,727,1425,2000,2302,2622,2794,2853,397,747,1006,1169,1332,1407,1439,330,678,994,1133,1290,1387,1414
3006,Lowincomecountries,1500,Chile,152,333,316,300,284,1540,1851,2127,214,203,193,183,867,1039,1195,119,113,107,101,673,812,932
3007,Lowincomecountries,1500,Colombia,170,828,786,746,708,743,3403,3334,421,400,380,361,379,1915,1880,407,386,366,347,364,1488,1454
3008,Lowincomecountries,1500,Ecuador,218,0,0,0,0,0,2,0,0,0,0,0,0,2,0,0,0,0,0,0,0,0
3009,Lowincomecountries,1500,FalklandIslandsMalvinas,238,0,0,0,0,0,0,0,0,0,0,0,0,0,0,0,0,0,0,0,0,0
3010,Lowincomecountries,1500,FrenchGuiana,254,0,0,0,0,0,0,0,0,0,0,0,0,0,0,0,0,0,0,0,0,0
3011,Lowincomecountries,1500,Guyana,328,0,0,0,0,0,0,0,0,0,0,0,0,0,0,0,0,0,0,0,0,0
3012,Lowincomecountries,1500,Paraguay,600,0,0,0,0,0,0,0,0,0,0,0,0,0,0,0,0,0,0,0,0,0
3013,Lowincomecountries,1500,Peru,604,438,540,643,701,789,852,878,252,299,347,377,425,460,477,186,241,296,324,364,392,401
3014,Lowincomecountries,1500,Suriname,740,0,0,0,0,0,0,0,0,0,0,0,0,0,0,0,0,0,0,0,0,0
3015,Lowincomecountries,1500,Uruguay,858,286,271,257,244,663,769,864,112,106,101,96,293,343,389,174,165,156,148,370,426,475
3016,Lowincomecountries,1500,VenezuelaBolivarianRepublicof,862,2510,2384,2264,2150,2257,2369,2488,1325,1259,1196,1136,1193,1252,1307,1185,1125,1068,1014,1064,1117,1181
3017,Lowincomecountries,1500,Bermuda,60,0,0,0,0,0,0,0,0,0,0,0,0,0,0,0,0,0,0,0,0,0
3018,Lowincomecountries,1500,Canada,124,1608,1774,1947,1675,1647,1622,1605,833,939,1018,906,874,855,853,775,835,929,769,773,767,752
3019,Lowincomecountries,1500,Greenland,304,0,0,0,0,0,0,0,0,0,0,0,0,0,0,0,0,0,0,0,0,0
3020,Lowincomecountries,1500,SaintPierreandMiquelon,666,0,0,0,0,0,0,0,0,0,0,0,0,0,0,0,0,0,0,0,0,0
3021,Lowincomecountries,1500,UnitedStatesofAmerica,840,8286,8365,8819,7456,6949,7136,7206,4300,4425,4677,4306,4006,4077,4167,3986,3940,4142,3150,2943,3059,3039
3022,Lowincomecountries,1500,Australia,36,105,125,143,168,196,222,222,62,70,76,89,104,121,124,43,55,67,79,92,101,98
3023,Lowincomecountries,1500,NewZealand,554,166,135,117,112,111,111,107,74,63,56,53,53,54,52,92,72,61,59,58,57,55
3024,Lowincomecountries,1500,Fiji,242,0,0,0,0,0,3,1,0,0,0,0,0,2,1,0,0,0,0,0,1,0
3025,Lowincomecountries,1500,NewCaledonia,540,0,0,0,0,0,0,0,0,0,0,0,0,0,0,0,0,0,0,0,0,0
3026,Lowincomecountries,1500,PapuaNewGuinea,598,0,0,0,0,0,16,14,0,0,0,0,0,12,12,0,0,0,0,0,4,2
3027,Lowincomecountries,1500,SolomonIslands,90,0,0,0,0,0,12,10,0,0,0,0,0,8,8,0,0,0,0,0,4,2
3028,Lowincomecountries,1500,Vanuatu,548,0,0,0,0,0,0,0,0,0,0,0,0,0,0,0,0,0,0,0,0,0
3029,Lowincomecountries,1500,Guam,316,0,0,0,0,0,0,0,0,0,0,0,0,0,0,0,0,0,0,0,0,0
3030,Lowincomecountries,1500,Kiribati,296,0,0,0,0,0,3,1,0,0,0,0,0,3,1,0,0,0,0,0,0,0
3031,Lowincomecountries,1500,MarshallIslands,584,0,0,0,0,0,6,4,0,0,0,0,0,3,3,0,0,0,0,0,3,1
3032,Lowincomecountries,1500,MicronesiaFedStatesof,583,0,0,0,0,0,3,1,0,0,0,0,0,1,1,0,0,0,0,0,2,0
3033,Lowincomecountries,1500,Nauru,520,0,0,0,0,0,18,16,0,0,0,0,0,12,12,0,0,0,0,0,6,4
3034,Lowincomecountries,1500,NorthernMarianaIslands,580,0,0,0,0,0,0,0,0,0,0,0,0,0,0,0,0,0,0,0,0,0
3035,Lowincomecountries,1500,Palau,585,0,0,0,0,0,9,7,0,0,0,0,0,5,5,0,0,0,0,0,4,2
3036,Lowincomecountries,1500,AmericanSamoa,16,0,0,0,0,322,395,462,0,0,0,0,151,185,218,0,0,0,0,171,210,244
3037,Lowincomecountries,1500,CookIslands,184,0,0,0,0,0,0,0,0,0,0,0,0,0,0,0,0,0,0,0,0,0
3038,Lowincomecountries,1500,FrenchPolynesia,258,0,0,0,0,278,341,398,0,0,0,0,139,170,200,0,0,0,0,139,171,198
3039,Lowincomecountries,1500,Niue,570,0,0,0,0,0,0,0,0,0,0,0,0,0,0,0,0,0,0,0,0,0
3040,Lowincomecountries,1500,Samoa,882,0,0,0,0,0,28,25,0,0,0,0,0,17,16,0,0,0,0,0,11,9
3041,Lowincomecountries,1500,Tokelau,772,0,0,0,0,0,0,0,0,0,0,0,0,0,0,0,0,0,0,0,0,0
3042,Lowincomecountries,1500,Tonga,776,0,0,0,0,0,972,932,0,0,0,0,0,566,546,0,0,0,0,0,406,386
3043,Lowincomecountries,1500,Tuvalu,798,0,0,0,0,0,1,0,0,0,0,0,0,1,0,0,0,0,0,0,0,0
3044,Lowincomecountries,1500,WallisandFutunaIslands,876,0,0,0,0,0,0,0,0,0,0,0,0,0,0,0,0,0,0,0,0,0
